284 333 148 62 0.9540687799453735 4 -1 -1 
638 447 168 99 0.9522894024848938 4 -1 -1 
1056 57 30 34 0.9492464065551758 7 -1 -1 
459 363 151 66 0.9474807381629944 4 -1 -1 
484 283 123 70 0.9457419514656067 4 -1 -1 
250 256 122 60 0.9445925354957581 4 -1 -1 
868 109 59 50 0.9401103854179382 4 -1 -1 
630 352 132 78 0.938624918460846 4 -1 -1 
1019 596 221 129 0.9369625449180603 4 -1 -1 
593 133 15 36 0.912523627281189 1 -1 -1 
140 14 56 36 0.9105831384658813 4 -1 -1 
810 88 62 57 0.8937667608261108 4 -1 -1 
232 203 110 54 0.8844772577285767 4 -1 -1 
1063 403 25 47 0.8837054967880249 1 -1 -1 
268 91 90 45 0.8474348783493042 4 -1 -1 
989 19 43 35 0.8337544798851013 4 -1 -1 
1224 582 133 120 0.8107303380966187 4 -1 -1 
1040 394 25 50 0.8080373406410217 1 -1 -1 
1031 383 31 45 0.7868725061416626 1 -1 -1 
96 0 81 37 0.7823842167854309 6 -1 -1 
917 72 50 46 0.7372618317604065 4 -1 -1 
251 38 73 44 0.7322997450828552 4 -1 -1 
959 46 42 36 0.7313095927238464 4 -1 -1 
665 246 24 36 0.7276736497879028 10 -1 -1 
403 218 32 23 0.6464437246322632 3 -1 -1 
1068 56 13 21 0.6409733295440674 2 -1 -1 
916 17 12 29 0.6378859281539917 1 -1 -1 
1016 0 38 26 0.6207625865936279 4 -1 -1 
671 235 19 38 0.6073628664016724 2 -1 -1 
1070 57 15 21 0.46438145637512207 2 -1 -1 
667 245 23 36 0.4231605529785156 2 -1 -1 
1146 117 84 46 0.36945950984954834 4 -1 -1 
1066 58 12 19 0.32485854625701904 2 -1 -1 
406 212 24 24 0.3192054331302643 3 -1 -1 
677 247 13 33 0.31876516342163086 2 -1 -1 
671 235 19 38 0.3030778467655182 1 -1 -1 
1063 55 22 24 0.2999880015850067 2 -1 -1 
676 247 13 33 0.27818113565444946 1 -1 -1 
1045 397 26 51 0.2714526355266571 1 -1 -1 
917 65 51 53 0.2666158080101013 5 -1 -1 
1057 56 29 34 0.25255441665649414 2 -1 -1 
1065 61 9 16 0.25130003690719604 2 -1 -1 
1117 119 115 64 0.24607741832733154 4 -1 -1 
675 246 16 34 0.23526345193386078 10 -1 -1 
1056 57 30 34 0.23156686127185822 8 -1 -1 
95 0 65 37 0.22497329115867615 5 -1 -1 
1056 57 30 34 0.21292592585086823 4 -1 -1 
1056 57 30 34 0.21203146874904633 6 -1 -1 
0 151 21 42 0.21163417398929596 4 -1 -1 
1068 56 15 20 0.21008259057998657 1 -1 -1 
410 208 16 26 0.20904728770256042 2 -1 -1 
270 90 89 46 0.2076292783021927 5 -1 -1 
1044 387 21 42 0.20520278811454773 1 -1 -1 
1016 0 37 25 0.2034696787595749 5 -1 -1 
1056 57 30 34 0.2005588263273239 3 -1 -1 
669 235 21 41 0.19103054702281952 10 -1 -1 
1165 123 65 53 0.19069994986057281 4 -1 -1 
1056 57 30 34 0.18495267629623413 9 -1 -1 
810 88 62 56 0.18083080649375916 5 -1 -1 
95 0 54 36 0.16884039342403412 4 -1 -1 
459 363 151 66 0.16349074244499207 1 -1 -1 
959 46 42 36 0.16069088876247406 5 -1 -1 
587 0 126 91 0.1605837494134903 5 -1 -1 
284 333 148 62 0.15854382514953613 1 -1 -1 
675 241 13 30 0.15530015528202057 2 -1 -1 
1062 403 26 46 0.1532498151063919 4 -1 -1 
919 16 9 24 0.1507975161075592 1 -1 -1 
1224 582 132 119 0.15055592358112335 5 -1 -1 
1146 119 84 48 0.15005461871623993 5 -1 -1 
1163 120 67 49 0.14852765202522278 8 -1 -1 
593 133 15 36 0.1477096825838089 4 -1 -1 
1077 59 9 18 0.14701519906520844 2 -1 -1 
1048 383 16 38 0.14535045623779297 2 -1 -1 
918 78 26 39 0.14381766319274902 4 -1 -1 
917 65 51 53 0.13971848785877228 6 -1 -1 
1016 0 38 25 0.13759872317314148 6 -1 -1 
284 333 148 62 0.13556376099586487 9 -1 -1 
251 39 74 44 0.1355421394109726 5 -1 -1 
673 236 15 28 0.13123728334903717 1 -1 -1 
667 249 14 30 0.13063651323318481 2 -1 -1 
580 0 131 91 0.1304636001586914 6 -1 -1 
638 447 168 99 0.13013991713523865 1 -1 -1 
1019 596 221 129 0.12858904898166656 10 -1 -1 
405 214 29 22 0.12734343111515045 10 -1 -1 
630 352 133 78 0.12723536789417267 1 -1 -1 
401 223 23 18 0.12713785469532013 3 -1 -1 
249 21 97 64 0.12603406608104706 4 -1 -1 
1057 56 30 34 0.12544740736484528 1 -1 -1 
484 283 123 70 0.1242993175983429 7 -1 -1 
1121 119 109 64 0.12320386618375778 5 -1 -1 
639 447 167 99 0.12255086749792099 9 -1 -1 
1056 57 30 34 0.1223619133234024 10 -1 -1 
250 255 122 61 0.11954245716333389 9 -1 -1 
1058 236 15 29 0.11937526613473892 1 -1 -1 
913 17 12 25 0.11927933990955353 1 -1 -1 
915 122 12 26 0.1177990511059761 1 -1 -1 
484 284 124 68 0.11676090955734253 9 -1 -1 
118 0 77 39 0.11646991968154907 6 -1 -1 
869 109 58 50 0.11570680141448975 1 -1 -1 
1041 394 24 50 0.11503437161445618 4 -1 -1 
666 239 21 38 0.11450918763875961 1 -1 -1 
1172 115 63 45 0.11436072736978531 4 -1 -1 
98 0 82 36 0.11366467922925949 4 -1 -1 
484 283 123 70 0.11298840492963791 10 -1 -1 
629 352 133 78 0.1123911589384079 5 -1 -1 
406 212 24 24 0.11188531666994095 2 -1 -1 
1224 582 132 119 0.11152856796979904 1 -1 -1 
413 209 14 25 0.11102277040481567 3 -1 -1 
1067 61 15 21 0.11087928712368011 2 -1 -1 
672 248 13 30 0.11074314266443253 2 -1 -1 
284 333 148 62 0.11072093993425369 7 -1 -1 
242 22 48 55 0.11071774363517761 4 -1 -1 
1065 56 21 27 0.10924791544675827 1 -1 -1 
1069 54 14 17 0.10905194282531738 2 -1 -1 
1073 59 12 19 0.1085575670003891 1 -1 -1 
484 283 123 70 0.10706999897956848 1 -1 -1 
1063 54 22 27 0.10695672035217285 7 -1 -1 
250 256 122 60 0.10689438879489899 1 -1 -1 
677 244 12 23 0.10653337836265564 2 -1 -1 
459 363 151 66 0.10617557913064957 9 -1 -1 
1162 118 68 47 0.10600340366363525 7 -1 -1 
665 245 22 37 0.1054564043879509 3 -1 -1 
1020 596 220 129 0.1038530096411705 5 -1 -1 
666 246 23 36 0.10358574241399765 4 -1 -1 
105 2 81 37 0.10266132652759552 5 -1 -1 
250 255 121 61 0.10241173952817917 7 -1 -1 
401 227 16 15 0.10169956088066101 3 -1 -1 
250 255 121 61 0.10055631399154663 10 -1 -1 
1037 382 26 45 0.09999381750822067 2 -1 -1 
250 255 122 61 0.09893056005239487 5 -1 -1 
667 234 20 30 0.09891293942928314 2 -1 -1 
232 204 110 53 0.0974108949303627 5 -1 -1 
1063 57 12 18 0.09726208448410034 2 -1 -1 
232 204 110 53 0.09690466523170471 9 -1 -1 
284 333 148 62 0.09636564552783966 10 -1 -1 
251 39 74 44 0.09571573138237 1 -1 -1 
1027 388 34 58 0.09570951014757156 1 -1 -1 
251 48 57 34 0.09566165506839752 4 -1 -1 
520 298 16 23 0.09554940462112427 2 -1 -1 
1032 383 31 45 0.09537503123283386 4 -1 -1 
1040 382 30 56 0.09421855211257935 1 -1 -1 
1053 394 13 43 0.09369958192110062 1 -1 -1 
1019 597 222 128 0.09358491003513336 9 -1 -1 
868 109 59 50 0.09286818653345108 5 -1 -1 
587 0 126 90 0.09282459318637848 4 -1 -1 
630 352 133 78 0.09222716838121414 9 -1 -1 
296 271 19 23 0.09218229353427887 2 -1 -1 
484 283 123 70 0.09144053608179092 6 -1 -1 
140 14 56 36 0.09106814116239548 1 -1 -1 
0 151 21 42 0.09052064269781113 5 -1 -1 
669 252 15 29 0.09043481200933456 10 -1 -1 
1070 58 17 29 0.09039429575204849 1 -1 -1 
139 14 57 37 0.089232437312603 5 -1 -1 
638 447 169 99 0.08920048922300339 10 -1 -1 
1066 58 12 19 0.08895699679851532 1 -1 -1 
410 208 16 26 0.08873496949672699 1 -1 -1 
639 447 167 99 0.08828610181808472 5 -1 -1 
484 283 124 70 0.08818672597408295 5 -1 -1 
1153 120 77 48 0.0879102274775505 10 -1 -1 
232 203 110 54 0.08751289546489716 1 -1 -1 
1019 596 221 129 0.08734392374753952 1 -1 -1 
1063 403 25 47 0.08707468211650848 10 -1 -1 
989 19 43 36 0.08675792813301086 1 -1 -1 
869 109 59 50 0.08644243329763412 9 -1 -1 
923 63 52 51 0.08555527031421661 4 -1 -1 
638 447 168 99 0.08550585061311722 7 -1 -1 
989 19 42 36 0.08521471917629242 5 -1 -1 
668 235 21 42 0.08483158051967621 3 -1 -1 
370 190 15 35 0.0845973938703537 1 -1 -1 
415 216 21 19 0.08448731154203415 3 -1 -1 
1019 596 221 129 0.08404380828142166 7 -1 -1 
1104 442 21 39 0.08397623151540756 1 -1 -1 
459 363 151 66 0.08395904302597046 10 -1 -1 
630 352 132 78 0.08390337973833084 10 -1 -1 
1096 444 28 38 0.08382506668567657 3 -1 -1 
810 88 62 56 0.08369116485118866 1 -1 -1 
669 245 14 28 0.08357912302017212 2 -1 -1 
268 91 90 45 0.08282294124364853 1 -1 -1 
284 333 149 62 0.08274805545806885 6 -1 -1 
916 17 12 29 0.0825803130865097 2 -1 -1 
283 333 150 62 0.08254143595695496 5 -1 -1 
403 216 31 24 0.08241239190101624 7 -1 -1 
1062 62 10 15 0.0822070762515068 2 -1 -1 
1154 119 75 49 0.08195582032203674 6 -1 -1 
459 363 151 66 0.08178578317165375 7 -1 -1 
630 352 132 78 0.08109213411808014 7 -1 -1 
587 0 126 90 0.08084713667631149 9 -1 -1 
1039 381 23 39 0.08067265152931213 1 -1 -1 
959 46 42 36 0.08056508749723434 1 -1 -1 
459 363 151 66 0.07851540297269821 5 -1 -1 
1059 402 19 46 0.0781935378909111 1 -1 -1 
520 298 16 23 0.07817432284355164 1 -1 -1 
1070 58 17 29 0.07812318950891495 2 -1 -1 
665 246 24 36 0.07804093509912491 7 -1 -1 
296 271 19 23 0.07739785313606262 1 -1 -1 
913 19 18 33 0.0765819326043129 1 -1 -1 
1063 403 25 47 0.07480825483798981 2 -1 -1 
638 447 168 99 0.07425630837678909 6 -1 -1 
268 23 73 46 0.07411997020244598 4 -1 -1 
250 255 121 61 0.0740770772099495 6 -1 -1 
1069 62 14 19 0.07287678122520447 1 -1 -1 
669 247 13 27 0.07206381857395172 10 -1 -1 
594 133 13 36 0.07140050828456879 2 -1 -1 
1019 596 221 129 0.07128853350877762 6 -1 -1 
1033 394 23 45 0.07069014012813568 1 -1 -1 
403 216 31 24 0.06883388012647629 2 -1 -1 
1173 126 56 31 0.06826286762952805 4 -1 -1 
672 234 15 22 0.06813409179449081 2 -1 -1 
1054 395 19 47 0.0676533654332161 1 -1 -1 
1121 122 111 66 0.06763897836208344 9 -1 -1 
403 216 31 24 0.06691675633192062 8 -1 -1 
680 246 10 26 0.06582902371883392 2 -1 -1 
919 16 9 21 0.0658167153596878 2 -1 -1 
673 244 14 30 0.0653117373585701 1 -1 -1 
232 204 110 53 0.06525889784097672 10 -1 -1 
1065 61 9 16 0.06524955481290817 1 -1 -1 
241 236 118 68 0.06482122093439102 4 -1 -1 
1107 436 22 38 0.06442426145076752 1 -1 -1 
1071 55 14 18 0.06431271135807037 1 -1 -1 
1077 58 9 17 0.06426125019788742 1 -1 -1 
484 283 123 70 0.06322001665830612 8 -1 -1 
1072 63 12 21 0.06265433132648468 2 -1 -1 
484 283 123 70 0.06187057122588158 3 -1 -1 
1044 381 20 29 0.0618637390434742 2 -1 -1 
1098 443 27 39 0.061495304107666016 10 -1 -1 
1097 445 33 38 0.06138382852077484 1 -1 -1 
918 78 26 39 0.0612180121243 5 -1 -1 
667 253 14 29 0.060246024280786514 3 -1 -1 
238 6 90 68 0.060153618454933167 4 -1 -1 
1040 393 25 50 0.059161391109228134 2 -1 -1 
250 256 122 60 0.05899035558104515 8 -1 -1 
959 46 42 37 0.0588432215154171 6 -1 -1 
1121 119 109 64 0.058541882783174515 6 -1 -1 
1063 403 25 47 0.05826444923877716 3 -1 -1 
415 210 14 24 0.058180972933769226 2 -1 -1 
1016 0 38 26 0.058005910366773605 1 -1 -1 
1040 402 17 43 0.0579989030957222 1 -1 -1 
572 113 7 15 0.057195618748664856 3 -1 -1 
400 211 24 26 0.05711650103330612 3 -1 -1 
989 19 42 36 0.056821007281541824 10 -1 -1 
919 81 47 37 0.056792810559272766 9 -1 -1 
1060 253 10 14 0.05673931911587715 1 -1 -1 
1113 111 117 57 0.05663570761680603 9 -1 -1 
1041 394 25 50 0.056274913251399994 3 -1 -1 
401 223 23 18 0.05624298006296158 10 -1 -1 
1065 402 22 32 0.05562463402748108 2 -1 -1 
1094 450 19 30 0.05546451732516289 3 -1 -1 
406 212 24 24 0.05545856058597565 7 -1 -1 
1069 402 20 34 0.05460759997367859 1 -1 -1 
665 246 13 27 0.053882695734500885 2 -1 -1 
412 219 24 16 0.053347133100032806 10 -1 -1 
513 290 23 27 0.05325804278254509 2 -1 -1 
1095 459 28 24 0.053234413266181946 3 -1 -1 
232 204 110 53 0.051975004374980927 6 -1 -1 
