320 280 73 70 0.9972774386405945 6 -1 -1 
135 404 135 100 0.9961515069007874 6 -1 -1 
971 314 102 98 0.9845101237297058 6 -1 -1 
874 489 84 79 0.9450868368148804 4 -1 -1 
512 261 43 35 0.9341028332710266 5 -1 -1 
688 406 41 54 0.9285011887550354 7 -1 -1 
308 458 19 45 0.9091273546218872 1 -1 -1 
480 378 12 25 0.9025760889053345 3 -1 -1 
656 299 34 31 0.9021310210227966 4 -1 -1 
696 597 89 112 0.898186445236206 4 -1 -1 
688 272 17 22 0.8736668825149536 7 -1 -1 
685 242 30 22 0.8726902604103088 4 -1 -1 
1143 392 117 50 0.8672699332237244 4 -1 -1 
747 320 8 31 0.848406970500946 1 -1 -1 
769 336 42 36 0.8310797214508057 4 -1 -1 
646 225 21 18 0.8277559280395508 4 -1 -1 
312 203 42 15 0.8219479918479919 4 -1 -1 
792 353 13 33 0.8196872472763062 1 -1 -1 
720 254 25 20 0.8175938129425049 4 -1 -1 
758 314 38 30 0.7994353175163269 4 -1 -1 
596 287 30 31 0.7988214492797852 4 -1 -1 
679 198 16 12 0.7921146154403687 4 -1 -1 
211 303 83 31 0.7848284840583801 4 -1 -1 
1166 310 36 26 0.7843425869941711 7 -1 -1 
579 257 26 26 0.7783120274543762 4 -1 -1 
764 347 12 33 0.7741447687149048 1 -1 -1 
635 179 14 12 0.7602996230125427 4 -1 -1 
632 161 10 10 0.759139895439148 4 -1 -1 
167 333 98 35 0.7473116517066956 4 -1 -1 
594 209 37 17 0.739035964012146 4 -1 -1 
549 205 24 17 0.7338264584541321 4 -1 -1 
364 183 18 14 0.7330196499824524 4 -1 -1 
206 322 90 33 0.7326626777648926 4 -1 -1 
435 241 7 19 0.7311143279075623 1 -1 -1 
75 350 103 36 0.7307908535003662 4 -1 -1 
730 281 41 25 0.727875292301178 4 -1 -1 
716 276 10 24 0.7244632244110107 1 -1 -1 
269 213 48 18 0.7220092415809631 4 -1 -1 
696 215 22 20 0.7182697653770447 4 -1 -1 
394 196 17 13 0.7167177796363831 4 -1 -1 
607 143 10 8 0.7099727988243103 4 -1 -1 
598 223 24 24 0.7088274955749512 4 -1 -1 
278 266 37 30 0.7069345116615295 4 -1 -1 
668 178 13 11 0.706809937953949 4 -1 -1 
674 184 14 13 0.7066865563392639 4 -1 -1 
637 241 24 22 0.7055028676986694 4 -1 -1 
639 257 28 25 0.7014268040657043 4 -1 -1 
480 369 12 26 0.6940566897392273 2 -1 -1 
364 233 6 17 0.6925489902496338 1 -1 -1 
603 154 11 10 0.6916351914405823 4 -1 -1 
726 313 12 26 0.6901360750198364 2 -1 -1 
443 240 8 19 0.6852104663848877 1 -1 -1 
695 406 19 27 0.6845344305038452 2 -1 -1 
678 192 15 12 0.6792967319488525 4 -1 -1 
389 185 18 14 0.6724509596824646 4 -1 -1 
369 231 7 18 0.6722317934036255 1 -1 -1 
688 267 14 21 0.6706036329269409 7 -1 -1 
751 248 31 29 0.6648309230804443 6 -1 -1 
791 409 19 36 0.6627180576324463 2 -1 -1 
222 230 62 25 0.6557620763778687 5 -1 -1 
749 292 9 24 0.653006911277771 1 -1 -1 
452 164 18 16 0.6454021334648132 5 -1 -1 
737 355 14 28 0.6416283249855042 2 -1 -1 
466 217 6 14 0.6370115280151367 1 -1 -1 
121 370 43 24 0.6363644003868103 10 -1 -1 
790 420 20 31 0.6341838836669922 10 -1 -1 
231 290 43 24 0.6318873167037964 4 -1 -1 
546 270 8 22 0.6317502856254578 1 -1 -1 
297 252 36 28 0.6288061738014221 4 -1 -1 
640 272 26 31 0.6269543170928955 5 -1 -1 
656 157 10 13 0.6223398447036743 5 -1 -1 
421 208 40 16 0.6163120269775391 4 -1 -1 
661 165 11 10 0.6036249399185181 4 -1 -1 
543 291 10 20 0.6022610068321228 2 -1 -1 
368 203 6 15 0.592062771320343 1 -1 -1 
390 305 12 31 0.591069221496582 1 -1 -1 
629 152 9 9 0.5864959955215454 4 -1 -1 
599 159 11 10 0.5859999060630798 4 -1 -1 
539 232 26 25 0.581411600112915 4 -1 -1 
738 365 13 26 0.5661574006080627 10 -1 -1 
955 243 9 20 0.5604541301727295 1 -1 -1 
542 297 11 20 0.5586279034614563 3 -1 -1 
671 245 22 24 0.5571134090423584 8 -1 -1 
726 323 12 21 0.557000458240509 3 -1 -1 
665 171 11 11 0.5495433211326599 4 -1 -1 
671 245 22 24 0.548492431640625 7 -1 -1 
400 212 45 18 0.542515754699707 4 -1 -1 
358 231 7 19 0.5326718688011169 1 -1 -1 
1004 248 10 25 0.5278375744819641 1 -1 -1 
1170 309 32 28 0.5210678577423096 10 -1 -1 
299 224 8 18 0.5197351574897766 1 -1 -1 
350 229 8 19 0.5176439881324768 1 -1 -1 
395 193 22 15 0.5168893337249756 4 -1 -1 
600 157 12 10 0.5118968486785889 4 -1 -1 
726 322 12 22 0.510764479637146 10 -1 -1 
666 174 12 11 0.5040867924690247 4 -1 -1 
972 259 7 14 0.5036824941635132 1 -1 -1 
542 296 11 21 0.4976515769958496 10 -1 -1 
177 245 12 24 0.4932151436805725 1 -1 -1 
306 220 8 20 0.4887714385986328 1 -1 -1 
225 292 64 32 0.48332661390304565 4 -1 -1 
752 231 32 45 0.4822922348976135 6 -1 -1 
765 361 20 21 0.4797367751598358 3 -1 -1 
688 265 11 16 0.47407984733581543 2 -1 -1 
429 203 38 16 0.46097543835639954 4 -1 -1 
366 232 8 19 0.459441602230072 1 -1 -1 
363 203 5 16 0.45586109161376953 1 -1 -1 
592 132 9 10 0.45537030696868896 4 -1 -1 
1104 441 49 56 0.45443132519721985 8 -1 -1 
709 237 18 19 0.44722115993499756 4 -1 -1 
646 142 9 10 0.4464077055454254 5 -1 -1 
361 232 8 18 0.4434961974620819 1 -1 -1 
677 193 19 17 0.4387094974517822 5 -1 -1 
774 352 12 29 0.4383818209171295 1 -1 -1 
763 288 8 21 0.43658336997032166 1 -1 -1 
773 360 12 22 0.43085548281669617 3 -1 -1 
358 206 5 12 0.4300750195980072 1 -1 -1 
177 245 12 23 0.42966336011886597 2 -1 -1 
144 365 14 22 0.42899975180625916 2 -1 -1 
640 272 25 31 0.4282981753349304 4 -1 -1 
1110 402 36 21 0.4253517985343933 3 -1 -1 
690 405 30 37 0.4217374622821808 7 -1 -1 
337 238 23 25 0.4202214181423187 8 -1 -1 
432 158 13 10 0.4194237291812897 4 -1 -1 
122 293 12 25 0.41864192485809326 2 -1 -1 
366 203 6 15 0.4151356518268585 1 -1 -1 
140 367 20 24 0.4147738516330719 2 -1 -1 
105 302 29 23 0.41262155771255493 10 -1 -1 
659 163 11 9 0.4102066457271576 4 -1 -1 
654 173 5 11 0.40636110305786133 1 -1 -1 
402 305 13 30 0.40629109740257263 1 -1 -1 
544 226 20 17 0.405987948179245 4 -1 -1 
544 274 8 21 0.4058563709259033 1 -1 -1 
114 297 19 25 0.4036434590816498 10 -1 -1 
401 212 45 18 0.4033724367618561 5 -1 -1 
916 246 24 28 0.40326452255249023 6 -1 -1 
655 157 12 13 0.4024907648563385 4 -1 -1 
676 188 14 12 0.40236589312553406 4 -1 -1 
314 225 7 17 0.4012761116027832 1 -1 -1 
718 275 8 19 0.400508850812912 2 -1 -1 
304 224 9 18 0.39976271986961365 1 -1 -1 
308 225 9 16 0.399070680141449 1 -1 -1 
758 318 12 32 0.3980463445186615 1 -1 -1 
670 179 13 12 0.3957170844078064 4 -1 -1 
646 142 9 10 0.39169254899024963 4 -1 -1 
117 293 16 25 0.38989558815956116 2 -1 -1 
709 237 19 20 0.38952022790908813 5 -1 -1 
1046 280 11 28 0.38923799991607666 1 -1 -1 
668 205 11 15 0.3876492381095886 7 -1 -1 
664 167 11 11 0.3865988850593567 4 -1 -1 
268 267 38 30 0.38396555185317993 4 -1 -1 
679 194 16 13 0.37611016631126404 4 -1 -1 
645 140 8 7 0.37587395310401917 4 -1 -1 
654 174 5 10 0.3752470016479492 10 -1 -1 
228 247 21 17 0.3726505637168884 10 -1 -1 
187 241 30 19 0.37190431356430054 10 -1 -1 
592 132 9 9 0.37014755606651306 5 -1 -1 
757 212 98 64 0.35824310779571533 6 -1 -1 
320 280 73 70 0.3532122075557709 4 -1 -1 
320 280 73 70 0.352296382188797 10 -1 -1 
135 404 135 100 0.3476529121398926 7 -1 -1 
186 325 88 33 0.3467831313610077 4 -1 -1 
135 405 134 99 0.33985620737075806 4 -1 -1 
1098 441 57 64 0.33126959204673767 7 -1 -1 
412 210 43 17 0.3245082497596741 4 -1 -1 
135 404 135 100 0.310083270072937 10 -1 -1 
320 280 72 70 0.30780643224716187 5 -1 -1 
320 280 73 70 0.2991587817668915 7 -1 -1 
538 229 27 29 0.297680526971817 5 -1 -1 
1075 435 78 53 0.2437143176794052 7 -1 -1 
1026 314 92 42 0.23772630095481873 4 -1 -1 
513 261 42 35 0.23716124892234802 4 -1 -1 
1142 392 119 50 0.23584987223148346 5 -1 -1 
102 295 32 30 0.23300457000732422 7 -1 -1 
320 280 73 70 0.23283299803733826 2 -1 -1 
135 405 134 99 0.2319263219833374 5 -1 -1 
412 210 43 17 0.22766894102096558 5 -1 -1 
320 280 73 70 0.21677352488040924 8 -1 -1 
789 418 22 33 0.2131383717060089 2 -1 -1 
320 280 72 71 0.2074519842863083 9 -1 -1 
109 291 26 32 0.20664829015731812 10 -1 -1 
167 333 98 35 0.20619527995586395 5 -1 -1 
35 427 30 30 0.2041371762752533 10 -1 -1 
212 303 81 32 0.20004811882972717 5 -1 -1 
135 404 135 100 0.1974964439868927 8 -1 -1 
420 208 42 17 0.1912042498588562 5 -1 -1 
971 314 102 98 0.19059418141841888 4 -1 -1 
211 312 84 36 0.1901678591966629 5 -1 -1 
791 409 19 38 0.1889326423406601 1 -1 -1 
1052 338 167 86 0.18577231466770172 6 -1 -1 
730 281 41 25 0.18481957912445068 5 -1 -1 
1043 438 110 59 0.18077097833156586 6 -1 -1 
320 280 73 70 0.17878097295761108 3 -1 -1 
1097 441 58 66 0.17863018810749054 6 -1 -1 
206 322 90 33 0.17651277780532837 5 -1 -1 
973 314 101 99 0.17538189888000488 5 -1 -1 
1030 310 120 40 0.17016485333442688 4 -1 -1 
776 207 79 53 0.16984692215919495 6 -1 -1 
320 280 72 70 0.1663983166217804 1 -1 -1 
308 458 18 45 0.16210603713989258 4 -1 -1 
1098 441 57 64 0.1581248939037323 4 -1 -1 
135 404 135 100 0.15758614242076874 3 -1 -1 
403 283 65 73 0.1571466624736786 4 -1 -1 
105 297 29 28 0.15572641789913177 3 -1 -1 
751 213 64 65 0.15349306166172028 6 -1 -1 
402 283 64 72 0.14212605357170105 5 -1 -1 
763 345 19 36 0.1416727900505066 1 -1 -1 
135 404 133 100 0.13874803483486176 2 -1 -1 
426 204 40 17 0.13818475604057312 5 -1 -1 
1069 353 122 69 0.1366167962551117 6 -1 -1 
89 298 43 28 0.13405506312847137 10 -1 -1 
1071 304 81 40 0.13317184150218964 5 -1 -1 
420 176 38 19 0.13239167630672455 4 -1 -1 
758 315 38 30 0.1317518800497055 5 -1 -1 
338 238 28 26 0.13122349977493286 7 -1 -1 
71 300 31 27 0.13093696534633636 7 -1 -1 
135 404 133 100 0.1306786984205246 9 -1 -1 
1097 441 58 66 0.1286482810974121 5 -1 -1 
1071 304 81 40 0.12738926708698273 4 -1 -1 
75 350 102 36 0.12599466741085052 6 -1 -1 
596 222 27 27 0.1259312927722931 5 -1 -1 
1071 304 81 40 0.1255832314491272 6 -1 -1 
1026 315 124 56 0.12540434300899506 4 -1 -1 
71 300 31 27 0.12481725215911865 10 -1 -1 
638 257 29 26 0.12433236092329025 5 -1 -1 
186 325 88 33 0.12386433780193329 5 -1 -1 
400 212 45 18 0.12348818778991699 6 -1 -1 
424 199 41 17 0.1232866644859314 4 -1 -1 
1014 313 86 53 0.12285169959068298 4 -1 -1 
536 223 29 30 0.12227675318717957 4 -1 -1 
72 349 104 40 0.12220405042171478 5 -1 -1 
1102 443 63 88 0.1209021508693695 6 -1 -1 
269 213 48 18 0.12057771533727646 5 -1 -1 
988 311 182 106 0.11966152489185333 6 -1 -1 
971 314 102 98 0.11868540197610855 7 -1 -1 
768 335 43 37 0.11863171309232712 5 -1 -1 
71 299 31 28 0.11818088591098785 3 -1 -1 
1053 305 98 39 0.11779923737049103 9 -1 -1 
1064 439 89 58 0.1174364760518074 4 -1 -1 
1062 442 92 81 0.11556130647659302 6 -1 -1 
1053 422 100 60 0.11450626701116562 7 -1 -1 
539 228 26 30 0.11376859247684479 6 -1 -1 
771 211 85 62 0.11303597688674927 9 -1 -1 
593 208 39 17 0.11291597038507462 5 -1 -1 
77 300 38 28 0.11116781830787659 7 -1 -1 
55 348 93 44 0.10984449833631516 4 -1 -1 
135 404 133 100 0.10904694348573685 1 -1 -1 
89 298 43 28 0.10883083194494247 7 -1 -1 
640 272 26 31 0.10810952633619308 6 -1 -1 
778 348 31 37 0.10537128150463104 1 -1 -1 
769 223 92 71 0.10491883754730225 6 -1 -1 
1060 309 99 50 0.10469125956296921 4 -1 -1 
77 299 36 29 0.10448504984378815 10 -1 -1 
1093 304 67 49 0.10446561127901077 4 -1 -1 
998 313 96 77 0.1043916791677475 4 -1 -1 
1047 369 151 75 0.10336360335350037 6 -1 -1 
1095 326 74 45 0.10309547930955887 4 -1 -1 
1143 392 117 50 0.1027466207742691 1 -1 -1 
874 489 83 78 0.10173387080430984 1 -1 -1 
973 312 95 62 0.09895933419466019 6 -1 -1 
37 427 26 32 0.09796730428934097 2 -1 -1 
1027 312 122 48 0.09750130027532578 5 -1 -1 
930 320 142 107 0.09267979860305786 6 -1 -1 
1021 432 139 93 0.08727648109197617 6 -1 -1 
1060 364 181 67 0.07077409327030182 6 -1 -1 
1027 383 142 84 0.0704464465379715 6 -1 -1 
976 322 155 112 0.05649736896157265 6 -1 -1 
1007 397 155 87 0.05454549193382263 6 -1 -1 
