690 232 32 57 0.8842220306396484 1 -1 -1 
181 168 26 50 0.8820700645446777 1 -1 -1 
536 219 31 52 0.8734421133995056 1 -1 -1 
76 190 28 56 0.8613747954368591 1 -1 -1 
659 440 44 80 0.8594107627868652 1 -1 -1 
575 248 22 61 0.8590701818466187 1 -1 -1 
92 156 22 47 0.8583388924598694 1 -1 -1 
742 189 20 40 0.8579911589622498 1 -1 -1 
371 187 20 58 0.848315417766571 1 -1 -1 
778 125 20 39 0.8424596190452576 1 -1 -1 
501 197 18 51 0.8321553468704224 1 -1 -1 
164 158 19 46 0.8218289017677307 1 -1 -1 
657 73 11 28 0.8049957752227783 1 -1 -1 
758 188 18 41 0.8034588694572449 1 -1 -1 
62 148 21 46 0.7989413142204285 1 -1 -1 
185 233 21 59 0.7974964380264282 1 -1 -1 
648 225 33 54 0.7961916327476501 1 -1 -1 
328 156 22 33 0.7950230836868286 3 -1 -1 
721 185 22 39 0.7873550057411194 1 -1 -1 
550 274 30 71 0.7855436205863953 1 -1 -1 
239 112 11 34 0.7846870422363281 1 -1 -1 
365 50 9 21 0.7812008857727051 1 -1 -1 
499 71 11 25 0.7748587727546692 1 -1 -1 
205 235 18 52 0.7704246640205383 1 -1 -1 
19 164 22 42 0.7658403515815735 1 -1 -1 
515 52 8 20 0.7569611072540283 1 -1 -1 
631 54 9 24 0.7552734017372131 1 -1 -1 
457 57 9 24 0.7522907853126526 1 -1 -1 
525 107 9 26 0.7443429231643677 1 -1 -1 
693 127 11 24 0.7439995408058167 1 -1 -1 
644 158 11 24 0.7388196587562561 1 -1 -1 
166 59 10 22 0.7366042733192444 1 -1 -1 
509 144 11 27 0.7337543964385986 1 -1 -1 
42 80 12 31 0.7256528735160828 1 -1 -1 
235 55 9 22 0.7209696173667908 1 -1 -1 
558 204 20 47 0.7195334434509277 1 -1 -1 
249 111 12 37 0.7153021097183228 1 -1 -1 
35 170 24 44 0.7056875228881836 1 -1 -1 
768 66 10 24 0.6985180974006653 1 -1 -1 
652 157 11 30 0.6977162957191467 1 -1 -1 
259 113 14 39 0.6852858662605286 1 -1 -1 
696 65 8 22 0.6840662956237793 1 -1 -1 
180 31 6 16 0.6832057237625122 1 -1 -1 
238 34 9 17 0.6809171438217163 1 -1 -1 
463 99 9 34 0.6718286275863647 1 -1 -1 
213 43 7 18 0.6588414907455444 1 -1 -1 
370 42 8 21 0.6583896279335022 1 -1 -1 
479 55 8 20 0.6568001508712769 1 -1 -1 
337 109 16 38 0.6557918190956116 1 -1 -1 
276 225 21 34 0.6435872316360474 2 -1 -1 
70 39 10 24 0.6347588300704956 1 -1 -1 
667 163 15 21 0.6338256597518921 2 -1 -1 
190 42 8 19 0.6324968934059143 1 -1 -1 
50 44 9 21 0.6324318051338196 1 -1 -1 
57 178 23 34 0.6308376789093018 1 -1 -1 
785 89 8 21 0.6225281357765198 1 -1 -1 
217 27 6 15 0.619731605052948 1 -1 -1 
847 257 33 30 0.6162722706794739 2 -1 -1 
361 172 19 43 0.6135923862457275 1 -1 -1 
37 41 8 20 0.6065405607223511 1 -1 -1 
430 122 18 41 0.6034612059593201 1 -1 -1 
579 220 20 53 0.5891954898834229 1 -1 -1 
308 111 11 35 0.5879773497581482 1 -1 -1 
419 71 9 22 0.5875368714332581 1 -1 -1 
145 96 14 38 0.5770550966262817 1 -1 -1 
313 111 12 37 0.5711645483970642 1 -1 -1 
550 26 8 20 0.568181574344635 1 -1 -1 
321 198 21 32 0.5676954984664917 2 -1 -1 
262 235 23 30 0.5667368173599243 2 -1 -1 
212 163 24 23 0.5638436079025269 2 -1 -1 
258 96 12 34 0.5631182193756104 1 -1 -1 
171 30 6 17 0.5628074407577515 1 -1 -1 
270 229 25 34 0.5624282360076904 2 -1 -1 
0 88 21 35 0.55382239818573 1 -1 -1 
366 172 20 46 0.5518176555633545 1 -1 -1 
151 33 9 17 0.5490143895149231 1 -1 -1 
307 155 41 34 0.5466176867485046 3 -1 -1 
218 38 8 16 0.5426605939865112 1 -1 -1 
754 61 10 25 0.536287784576416 1 -1 -1 
27 44 9 20 0.5294942259788513 1 -1 -1 
254 42 7 17 0.5269815325737 1 -1 -1 
51 169 26 43 0.5249790549278259 1 -1 -1 
661 154 12 27 0.5212041139602661 2 -1 -1 
356 175 21 37 0.5134614109992981 1 -1 -1 
185 32 8 16 0.5129274725914001 1 -1 -1 
196 236 24 56 0.5113072991371155 1 -1 -1 
209 34 6 14 0.5050949454307556 1 -1 -1 
411 148 18 28 0.5030041933059692 2 -1 -1 
185 55 9 19 0.501696765422821 1 -1 -1 
130 28 7 18 0.49301981925964355 1 -1 -1 
95 31 7 20 0.49044936895370483 1 -1 -1 
784 62 10 23 0.49011531472206116 1 -1 -1 
191 55 8 19 0.4899228513240814 1 -1 -1 
277 13 7 13 0.4842655062675476 1 -1 -1 
142 35 6 16 0.47887474298477173 1 -1 -1 
388 158 16 21 0.4744997024536133 2 -1 -1 
606 29 9 20 0.47225266695022583 1 -1 -1 
102 41 8 23 0.4707370102405548 1 -1 -1 
3 113 15 32 0.4682371914386749 1 -1 -1 
341 56 10 18 0.4666249454021454 2 -1 -1 
220 163 19 24 0.4638476073741913 2 -1 -1 
427 140 16 24 0.4637179672718048 2 -1 -1 
192 15 7 12 0.4635807275772095 2 -1 -1 
106 32 8 19 0.46016666293144226 1 -1 -1 
303 147 17 34 0.4551723599433899 2 -1 -1 
428 114 18 45 0.45482897758483887 1 -1 -1 
302 147 16 33 0.45400428771972656 1 -1 -1 
243 112 15 36 0.4498804807662964 1 -1 -1 
456 25 6 16 0.449757844209671 1 -1 -1 
38 169 30 43 0.44725966453552246 1 -1 -1 
347 57 10 18 0.447144091129303 2 -1 -1 
306 202 35 30 0.4465971887111664 2 -1 -1 
26 170 24 44 0.4464174509048462 1 -1 -1 
927 158 22 32 0.4426790177822113 2 -1 -1 
517 160 13 30 0.44215551018714905 1 -1 -1 
349 179 21 29 0.43924859166145325 1 -1 -1 
429 110 14 36 0.43888089060783386 1 -1 -1 
182 53 11 21 0.4345608651638031 1 -1 -1 
608 139 17 43 0.4339877963066101 1 -1 -1 
744 62 11 26 0.4290158152580261 1 -1 -1 
249 16 5 14 0.42594507336616516 1 -1 -1 
241 55 7 20 0.42465826869010925 1 -1 -1 
348 179 21 29 0.42093223333358765 2 -1 -1 
136 30 6 17 0.4182649552822113 1 -1 -1 
670 156 13 26 0.41307979822158813 2 -1 -1 
708 59 10 21 0.4130264222621918 1 -1 -1 
662 32 8 15 0.40711209177970886 1 -1 -1 
182 32 7 16 0.3996349573135376 1 -1 -1 
710 60 10 23 0.39797213673591614 1 -1 -1 
698 62 13 24 0.39367344975471497 1 -1 -1 
307 155 41 34 0.3919648826122284 7 -1 -1 
315 110 12 33 0.3906969428062439 1 -1 -1 
673 154 11 27 0.38878777623176575 1 -1 -1 
374 174 14 39 0.382647842168808 1 -1 -1 
180 21 6 14 0.3773966431617737 1 -1 -1 
756 59 9 23 0.3773145377635956 1 -1 -1 
639 4 69 27 0.3769368827342987 6 -1 -1 
309 105 13 39 0.37642359733581543 1 -1 -1 
425 143 15 23 0.37422382831573486 2 -1 -1 
712 64 10 23 0.37276691198349 1 -1 -1 
0 179 12 26 0.3711986243724823 1 -1 -1 
238 55 10 23 0.3709813356399536 1 -1 -1 
663 157 15 26 0.36808550357818604 2 -1 -1 
216 40 9 19 0.36536386609077454 1 -1 -1 
731 62 9 25 0.3653348386287689 1 -1 -1 
277 225 20 34 0.3405076563358307 1 -1 -1 
927 158 22 32 0.29802221059799194 1 -1 -1 
211 160 25 26 0.29794394969940186 1 -1 -1 
208 155 26 30 0.2969563603401184 2 -1 -1 
300 209 37 25 0.29120299220085144 2 -1 -1 
509 160 20 37 0.280658096075058 1 -1 -1 
307 155 41 34 0.2518765926361084 8 -1 -1 
55 18 35 26 0.25076824426651 8 -1 -1 
746 188 23 41 0.2404710054397583 1 -1 -1 
319 153 31 29 0.2299472987651825 3 -1 -1 
721 185 22 39 0.22757185995578766 2 -1 -1 
509 160 21 36 0.22130632400512695 2 -1 -1 
409 145 28 28 0.2151404768228531 2 -1 -1 
916 156 29 34 0.2081843763589859 1 -1 -1 
270 229 25 34 0.2068161517381668 1 -1 -1 
55 18 35 26 0.18973754346370697 7 -1 -1 
0 87 20 37 0.18668432533740997 2 -1 -1 
69 25 35 20 0.18643611669540405 6 -1 -1 
251 234 34 26 0.18628211319446564 2 -1 -1 
303 105 17 40 0.18470904231071472 1 -1 -1 
648 156 19 32 0.1841479241847992 1 -1 -1 
409 148 22 29 0.1773577779531479 1 -1 -1 
844 6 83 38 0.17717653512954712 6 -1 -1 
913 156 27 34 0.17648063600063324 2 -1 -1 
56 22 38 23 0.1724856197834015 6 -1 -1 
263 235 23 30 0.16934189200401306 1 -1 -1 
256 225 37 33 0.16910339891910553 2 -1 -1 
251 240 30 26 0.1671387106180191 2 -1 -1 
69 25 35 20 0.16460014879703522 7 -1 -1 
321 198 21 32 0.16325226426124573 1 -1 -1 
636 3 102 32 0.16157561540603638 6 -1 -1 
412 143 33 24 0.16083768010139465 2 -1 -1 
912 158 26 38 0.15890519320964813 1 -1 -1 
255 97 17 43 0.15791283547878265 1 -1 -1 
301 147 23 39 0.1545470654964447 1 -1 -1 
652 155 28 31 0.1534115970134735 1 -1 -1 
663 153 21 31 0.14794030785560608 1 -1 -1 
432 123 17 40 0.14752733707427979 2 -1 -1 
573 218 36 62 0.14683638513088226 1 -1 -1 
302 149 42 40 0.14524920284748077 2 -1 -1 
313 107 18 40 0.1433715522289276 1 -1 -1 
727 188 22 40 0.1421528160572052 1 -1 -1 
663 153 21 31 0.14203783869743347 2 -1 -1 
94 28 47 21 0.14203700423240662 7 -1 -1 
1 105 19 38 0.13528840243816376 1 -1 -1 
412 143 33 24 0.13292329013347626 10 -1 -1 
758 188 18 41 0.13142506778240204 2 -1 -1 
249 100 20 43 0.13108903169631958 1 -1 -1 
306 202 35 30 0.13100308179855347 1 -1 -1 
834 10 91 50 0.13018573820590973 6 -1 -1 
429 109 22 36 0.12880003452301025 1 -1 -1 
753 31 123 39 0.12843996286392212 6 -1 -1 
54 14 36 28 0.1284002661705017 6 -1 -1 
0 112 18 34 0.12749972939491272 2 -1 -1 
69 29 15 37 0.1272701472043991 1 -1 -1 
909 154 33 26 0.12559062242507935 2 -1 -1 
928 163 24 36 0.12549109756946564 2 -1 -1 
761 12 108 36 0.12373874336481094 6 -1 -1 
917 153 32 26 0.1233985498547554 2 -1 -1 
304 154 44 35 0.12247354537248611 10 -1 -1 
533 209 44 62 0.12238764762878418 1 -1 -1 
422 121 21 41 0.12235388904809952 1 -1 -1 
67 24 36 21 0.1222427561879158 8 -1 -1 
507 165 19 35 0.12105835229158401 2 -1 -1 
304 146 29 37 0.1205735132098198 2 -1 -1 
298 211 30 25 0.11985166370868683 2 -1 -1 
742 189 20 41 0.11941779404878616 2 -1 -1 
758 22 120 37 0.11934741586446762 6 -1 -1 
928 163 24 36 0.11701864749193192 1 -1 -1 
763 186 17 39 0.11557349562644958 1 -1 -1 
302 142 24 35 0.11540917307138443 2 -1 -1 
316 196 26 26 0.11163108050823212 2 -1 -1 
316 209 26 27 0.10897759348154068 2 -1 -1 
300 209 37 25 0.10868732631206512 1 -1 -1 
55 18 35 26 0.10711630433797836 5 -1 -1 
324 156 26 34 0.10664738714694977 7 -1 -1 
410 147 24 30 0.10641772300004959 10 -1 -1 
908 155 29 29 0.1037348136305809 1 -1 -1 
729 16 133 41 0.10370879620313644 6 -1 -1 
666 227 47 63 0.10356573015451431 1 -1 -1 
610 0 98 33 0.10082614421844482 6 -1 -1 
296 203 32 28 0.10033122450113297 2 -1 -1 
252 235 32 27 0.10023180395364761 1 -1 -1 
575 241 35 67 0.09979009628295898 1 -1 -1 
778 125 19 39 0.09837324917316437 2 -1 -1 
836 22 99 49 0.09629952162504196 6 -1 -1 
652 155 28 31 0.09585978090763092 2 -1 -1 
309 150 35 35 0.09476704150438309 1 -1 -1 
917 162 28 37 0.09459828585386276 2 -1 -1 
179 230 35 64 0.09381207823753357 1 -1 -1 
206 156 25 29 0.09326905757188797 1 -1 -1 
514 162 18 37 0.09097997099161148 1 -1 -1 
71 17 39 28 0.09091725200414658 6 -1 -1 
49 13 35 29 0.09060671180486679 8 -1 -1 
508 145 20 37 0.08966272324323654 1 -1 -1 
547 250 49 68 0.08916366845369339 1 -1 -1 
810 8 103 45 0.08907949924468994 6 -1 -1 
640 152 25 34 0.0882878303527832 1 -1 -1 
537 222 46 70 0.08800797909498215 1 -1 -1 
418 135 27 31 0.08777177333831787 1 -1 -1 
769 40 113 44 0.08728380501270294 6 -1 -1 
296 144 21 35 0.08692829310894012 2 -1 -1 
306 145 27 36 0.08655104786157608 1 -1 -1 
742 189 20 40 0.08654298633337021 4 -1 -1 
410 153 24 26 0.08653473854064941 2 -1 -1 
329 150 23 32 0.08641993254423141 3 -1 -1 
313 149 35 33 0.08353928476572037 2 -1 -1 
736 14 122 36 0.08190450817346573 9 -1 -1 
809 27 109 44 0.08150192350149155 6 -1 -1 
55 18 35 26 0.08007239550352097 4 -1 -1 
754 18 162 68 0.05529426038265228 6 -1 -1 
