804 23 129 118 0.9935823082923889 6 -1 -1 
388 105 66 73 0.9813199043273926 6 -1 -1 
464 41 61 59 0.9366933703422546 4 -1 -1 
131 697 71 63 0.9348766803741455 4 -1 -1 
342 237 48 66 0.9331411123275757 4 -1 -1 
865 121 60 58 0.9316837787628174 4 -1 -1 
300 96 54 71 0.9281618595123291 4 -1 -1 
339 63 55 68 0.924309492111206 4 -1 -1 
802 39 55 57 0.924038290977478 4 -1 -1 
223 127 56 66 0.9175288081169128 4 -1 -1 
963 340 67 47 0.9119635224342346 4 -1 -1 
479 108 61 48 0.8810380101203918 4 -1 -1 
387 29 51 55 0.8798951506614685 4 -1 -1 
180 141 56 65 0.8795293569564819 4 -1 -1 
996 308 67 29 0.8565981984138489 4 -1 -1 
115 183 67 57 0.8465349674224854 4 -1 -1 
1138 695 70 34 0.8381938338279724 4 -1 -1 
269 123 55 63 0.836332380771637 4 -1 -1 
759 0 65 41 0.8358251452445984 4 -1 -1 
43 82 40 65 0.8271046876907349 4 -1 -1 
912 141 51 62 0.824721097946167 4 -1 -1 
416 9 43 33 0.7947357296943665 7 -1 -1 
390 105 64 64 0.7756414413452148 4 -1 -1 
937 169 55 67 0.7551794648170471 5 -1 -1 
454 126 17 19 0.7121776342391968 10 -1 -1 
145 688 23 18 0.6944130063056946 10 -1 -1 
1250 701 54 42 0.6841973662376404 4 -1 -1 
416 8 43 34 0.670569896697998 8 -1 -1 
305 224 18 22 0.662131130695343 10 -1 -1 
820 198 10 11 0.6599964499473572 1 -1 -1 
1321 720 37 34 0.6544854044914246 4 -1 -1 
531 62 8 13 0.6289017796516418 1 -1 -1 
328 21 18 27 0.6120877861976624 10 -1 -1 
284 49 22 24 0.6113818883895874 10 -1 -1 
340 14 16 23 0.607232928276062 10 -1 -1 
996 338 35 17 0.607217013835907 10 -1 -1 
520 55 10 20 0.590991199016571 1 -1 -1 
1125 263 15 20 0.5895838141441345 10 -1 -1 
1048 191 32 58 0.5860458612442017 5 -1 -1 
1082 427 24 13 0.581622838973999 10 -1 -1 
164 729 59 35 0.5700740814208984 4 -1 -1 
929 743 67 21 0.5637286305427551 4 -1 -1 
544 62 22 19 0.5534944534301758 10 -1 -1 
27 463 20 40 0.540818989276886 7 -1 -1 
545 64 15 15 0.5346949696540833 2 -1 -1 
279 52 18 24 0.51655113697052 10 -1 -1 
323 42 15 30 0.49263694882392883 3 -1 -1 
1007 341 24 14 0.48009809851646423 10 -1 -1 
25 462 21 41 0.47687017917633057 10 -1 -1 
305 225 15 18 0.4745008647441864 2 -1 -1 
938 168 55 67 0.4744623303413391 4 -1 -1 
872 714 16 14 0.47255024313926697 1 -1 -1 
162 665 19 17 0.4695659577846527 1 -1 -1 
321 42 16 32 0.4532177746295929 10 -1 -1 
448 126 23 24 0.432489275932312 10 -1 -1 
261 63 20 24 0.42784368991851807 10 -1 -1 
305 228 11 14 0.4229723811149597 2 -1 -1 
547 62 18 17 0.4199257493019104 2 -1 -1 
1092 427 13 12 0.41287004947662354 2 -1 -1 
993 336 27 18 0.39811378717422485 10 -1 -1 
369 239 21 62 0.39694130420684814 4 -1 -1 
1106 705 25 39 0.3961726129055023 8 -1 -1 
26 462 21 41 0.38802799582481384 8 -1 -1 
1124 263 16 20 0.38459885120391846 1 -1 -1 
257 66 18 22 0.3649129271507263 10 -1 -1 
279 48 21 24 0.3586767017841339 10 -1 -1 
266 60 18 25 0.34451109170913696 10 -1 -1 
249 27 26 23 0.3435730040073395 10 -1 -1 
75 103 40 69 0.3309134244918823 4 -1 -1 
554 62 11 14 0.32887986302375793 2 -1 -1 
544 66 12 14 0.32363075017929077 2 -1 -1 
25 462 21 41 0.32095393538475037 3 -1 -1 
768 737 15 16 0.31982535123825073 2 -1 -1 
545 64 15 16 0.319807767868042 10 -1 -1 
265 61 17 23 0.3138393461704254 3 -1 -1 
951 64 17 27 0.31305384635925293 1 -1 -1 
1069 151 13 24 0.3013988137245178 10 -1 -1 
305 227 14 17 0.29980963468551636 10 -1 -1 
417 10 14 16 0.2964903712272644 2 -1 -1 
952 62 20 21 0.2957432270050049 1 -1 -1 
1106 706 24 38 0.29496774077415466 10 -1 -1 
1125 263 15 20 0.2938687801361084 3 -1 -1 
254 138 25 54 0.28745782375335693 4 -1 -1 
304 231 10 15 0.287078320980072 2 -1 -1 
336 18 16 19 0.28576284646987915 10 -1 -1 
995 340 28 18 0.27814096212387085 10 -1 -1 
274 55 20 23 0.2781020700931549 10 -1 -1 
321 52 15 24 0.27689334750175476 10 -1 -1 
332 22 18 22 0.2755904495716095 10 -1 -1 
1088 697 32 21 0.27508997917175293 10 -1 -1 
859 23 73 70 0.27408674359321594 6 -1 -1 
804 23 129 118 0.2713249623775482 4 -1 -1 
1124 263 16 20 0.27116358280181885 2 -1 -1 
804 23 129 118 0.2706955373287201 9 -1 -1 
1250 701 53 41 0.26555684208869934 5 -1 -1 
1071 151 11 18 0.2566840648651123 1 -1 -1 
1088 699 21 16 0.256186842918396 1 -1 -1 
270 122 25 73 0.2561239004135132 4 -1 -1 
146 688 23 17 0.2534579932689667 1 -1 -1 
320 49 16 27 0.2534043788909912 3 -1 -1 
1139 695 69 34 0.2506563365459442 5 -1 -1 
1124 270 11 14 0.24853043258190155 1 -1 -1 
1083 426 22 14 0.24708060920238495 2 -1 -1 
75 103 40 69 0.24648357927799225 5 -1 -1 
256 66 19 22 0.24484851956367493 3 -1 -1 
1134 218 21 43 0.23914006352424622 8 -1 -1 
1130 263 10 10 0.23877526819705963 1 -1 -1 
551 187 55 27 0.23870404064655304 4 -1 -1 
162 665 20 17 0.23845043778419495 3 -1 -1 
47 583 54 32 0.2377210110425949 10 -1 -1 
873 714 15 14 0.2375238984823227 2 -1 -1 
1135 242 12 19 0.2368147075176239 3 -1 -1 
952 74 13 21 0.2364615499973297 1 -1 -1 
1128 263 12 13 0.23453083634376526 2 -1 -1 
1134 218 21 43 0.23395071923732758 7 -1 -1 
912 140 51 63 0.23203322291374207 5 -1 -1 
270 123 54 63 0.23151816427707672 5 -1 -1 
340 16 15 19 0.23060859739780426 1 -1 -1 
804 23 129 118 0.22935441136360168 7 -1 -1 
115 183 68 57 0.22829394042491913 5 -1 -1 
993 336 16 16 0.22828872501850128 1 -1 -1 
518 49 11 24 0.22752511501312256 1 -1 -1 
145 689 24 17 0.22592033445835114 3 -1 -1 
360 20 14 21 0.22588354349136353 3 -1 -1 
328 21 15 19 0.2254636287689209 10 -1 -1 
954 82 10 14 0.22427967190742493 1 -1 -1 
29 478 17 25 0.22415436804294586 3 -1 -1 
261 63 18 24 0.22205671668052673 3 -1 -1 
804 23 129 118 0.2208814173936844 10 -1 -1 
531 61 8 14 0.2200751006603241 2 -1 -1 
1070 151 12 20 0.21996158361434937 2 -1 -1 
522 59 9 18 0.21869578957557678 1 -1 -1 
1107 707 23 37 0.2186458855867386 7 -1 -1 
557 61 9 12 0.21672020852565765 2 -1 -1 
1048 190 33 57 0.21608909964561462 4 -1 -1 
26 463 20 28 0.2156989425420761 2 -1 -1 
1082 427 23 14 0.21218591928482056 3 -1 -1 
79 102 60 68 0.21198037266731262 4 -1 -1 
29 475 18 29 0.21159496903419495 2 -1 -1 
872 713 17 14 0.21008765697479248 3 -1 -1 
308 223 11 15 0.20987558364868164 2 -1 -1 
1088 698 20 17 0.20927667617797852 2 -1 -1 
1088 698 22 17 0.20866553485393524 10 -1 -1 
1106 726 14 16 0.20677021145820618 10 -1 -1 
159 668 21 21 0.204844132065773 3 -1 -1 
323 41 16 13 0.2047421783208847 3 -1 -1 
678 408 69 34 0.20447416603565216 4 -1 -1 
1101 714 24 32 0.2025858610868454 10 -1 -1 
275 51 18 26 0.202328622341156 3 -1 -1 
1138 190 15 28 0.20213042199611664 10 -1 -1 
1138 190 15 28 0.2018953114748001 3 -1 -1 
150 686 20 17 0.20123055577278137 10 -1 -1 
990 338 21 21 0.2009049504995346 1 -1 -1 
29 475 18 29 0.20064911246299744 10 -1 -1 
24 459 13 23 0.2000904679298401 2 -1 -1 
1069 155 12 20 0.19974099099636078 1 -1 -1 
1007 340 24 15 0.19934673607349396 3 -1 -1 
327 31 17 19 0.19933591783046722 10 -1 -1 
1134 218 22 42 0.19873259961605072 6 -1 -1 
951 66 17 28 0.19805525243282318 3 -1 -1 
1106 726 14 16 0.19559231400489807 2 -1 -1 
388 105 66 73 0.195242241024971 7 -1 -1 
23 460 22 30 0.19519920647144318 7 -1 -1 
342 12 13 19 0.19448240101337433 10 -1 -1 
1095 714 19 14 0.1942967027425766 10 -1 -1 
872 713 16 14 0.19414392113685608 10 -1 -1 
762 736 21 17 0.19300776720046997 10 -1 -1 
351 1 20 23 0.19196873903274536 10 -1 -1 
871 713 15 10 0.18818974494934082 1 -1 -1 
415 8 35 25 0.18733276426792145 7 -1 -1 
1047 191 34 62 0.18636883795261383 8 -1 -1 
256 32 21 15 0.18567253649234772 10 -1 -1 
336 18 16 19 0.1852055788040161 1 -1 -1 
769 737 15 16 0.18464407324790955 1 -1 -1 
993 337 36 18 0.18463020026683807 3 -1 -1 
952 74 13 21 0.1823289692401886 3 -1 -1 
242 21 33 25 0.18117889761924744 10 -1 -1 
803 23 130 118 0.18033777177333832 5 -1 -1 
766 734 18 14 0.18008171021938324 2 -1 -1 
364 2 17 20 0.1771724969148636 10 -1 -1 
153 687 15 15 0.17677007615566254 2 -1 -1 
43 81 41 65 0.17292675375938416 5 -1 -1 
1097 702 33 35 0.16228929162025452 10 -1 -1 
79 103 59 67 0.16206474602222443 5 -1 -1 
1092 702 37 21 0.16120244562625885 10 -1 -1 
142 711 75 51 0.15801534056663513 4 -1 -1 
268 57 21 32 0.15313810110092163 10 -1 -1 
547 168 64 45 0.15197592973709106 4 -1 -1 
388 105 66 73 0.15194807946681976 5 -1 -1 
265 54 21 32 0.15146946907043457 3 -1 -1 
464 41 62 59 0.1497637927532196 9 -1 -1 
804 23 129 118 0.1412990242242813 8 -1 -1 
1047 191 34 62 0.14087475836277008 6 -1 -1 
679 404 69 67 0.14035432040691376 4 -1 -1 
345 4 27 24 0.133586585521698 10 -1 -1 
802 38 55 58 0.13321153819561005 9 -1 -1 
1067 146 18 33 0.13139790296554565 10 -1 -1 
1094 709 25 35 0.13091817498207092 10 -1 -1 
226 43 28 22 0.12811939418315887 10 -1 -1 
1047 191 34 62 0.12610889971256256 9 -1 -1 
832 25 98 83 0.12299489229917526 6 -1 -1 
865 120 60 59 0.12176861613988876 9 -1 -1 
963 340 68 47 0.12054935097694397 7 -1 -1 
804 23 129 118 0.11720414459705353 3 -1 -1 
179 141 57 65 0.11703698337078094 10 -1 -1 
1088 697 27 25 0.1150776743888855 1 -1 -1 
1098 708 26 36 0.113826684653759 8 -1 -1 
464 41 62 59 0.11377681791782379 10 -1 -1 
938 168 55 67 0.11308643966913223 9 -1 -1 
679 380 71 64 0.11302269995212555 4 -1 -1 
342 9 31 27 0.11290813982486725 10 -1 -1 
256 124 37 66 0.1119493693113327 4 -1 -1 
342 237 48 66 0.11094612628221512 9 -1 -1 
249 28 26 23 0.11068259179592133 3 -1 -1 
339 63 55 68 0.11028824001550674 9 -1 -1 
180 141 57 65 0.1100371852517128 5 -1 -1 
1090 703 30 34 0.10912009328603745 10 -1 -1 
865 120 60 58 0.10893823951482773 10 -1 -1 
802 39 55 57 0.10842393338680267 10 -1 -1 
409 293 75 39 0.10832972824573517 4 -1 -1 
46 582 59 35 0.10695278644561768 8 -1 -1 
464 42 62 58 0.10452912747859955 5 -1 -1 
339 63 54 68 0.1040729507803917 10 -1 -1 
300 96 54 71 0.10299555212259293 10 -1 -1 
925 153 47 63 0.10287921130657196 4 -1 -1 
356 13 21 28 0.10280150175094604 10 -1 -1 
269 48 26 28 0.10263296216726303 10 -1 -1 
237 25 37 27 0.10241515934467316 10 -1 -1 
1047 191 34 62 0.10237477719783783 7 -1 -1 
804 23 129 118 0.10192188620567322 2 -1 -1 
44 581 60 36 0.1008831337094307 7 -1 -1 
300 96 53 71 0.09989959001541138 9 -1 -1 
964 339 67 47 0.09989336133003235 6 -1 -1 
963 340 68 47 0.09969322383403778 9 -1 -1 
263 49 26 32 0.09905017167329788 3 -1 -1 
387 29 51 56 0.0988934114575386 9 -1 -1 
342 238 48 65 0.09830527007579803 10 -1 -1 
387 29 51 55 0.09790750592947006 10 -1 -1 
245 33 28 26 0.09734437614679337 10 -1 -1 
1134 222 17 42 0.09682680666446686 3 -1 -1 
223 127 56 66 0.09662806242704391 9 -1 -1 
1096 702 35 26 0.09625610709190369 8 -1 -1 
1098 708 26 36 0.09498226642608643 7 -1 -1 
964 340 66 47 0.09484776854515076 10 -1 -1 
337 15 21 32 0.09442135691642761 10 -1 -1 
412 7 50 38 0.09415396302938461 6 -1 -1 
63 96 47 57 0.09414831548929214 4 -1 -1 
131 697 71 63 0.09384724497795105 10 -1 -1 
479 108 61 48 0.0936315730214119 5 -1 -1 
395 289 86 54 0.09318042546510696 4 -1 -1 
912 141 50 63 0.09312934428453445 9 -1 -1 
387 29 51 55 0.09138765186071396 5 -1 -1 
1134 225 15 39 0.09112417697906494 7 -1 -1 
802 39 56 57 0.09107744693756104 1 -1 -1 
1329 94 25 22 0.08997298032045364 10 -1 -1 
263 49 26 32 0.08987604826688766 10 -1 -1 
1135 218 17 43 0.08971177786588669 10 -1 -1 
352 3 26 28 0.08953725546598434 10 -1 -1 
300 96 54 71 0.08877868205308914 1 -1 -1 
479 108 61 48 0.08856120705604553 10 -1 -1 
1107 706 24 38 0.08796317875385284 3 -1 -1 
346 15 27 26 0.08789656311273575 10 -1 -1 
223 126 56 67 0.08770263195037842 10 -1 -1 
802 39 56 57 0.0873018130660057 5 -1 -1 
388 105 66 73 0.08704701066017151 10 -1 -1 
865 120 60 59 0.0868963748216629 1 -1 -1 
131 697 71 63 0.08651285618543625 6 -1 -1 
759 0 65 41 0.08636850118637085 5 -1 -1 
342 237 48 66 0.08601970225572586 1 -1 -1 
131 697 71 63 0.08447529375553131 5 -1 -1 
300 96 53 71 0.08391311019659042 5 -1 -1 
964 339 67 47 0.08389007300138474 5 -1 -1 
131 697 71 63 0.0838344469666481 9 -1 -1 
223 127 56 66 0.08307603746652603 5 -1 -1 
179 141 57 65 0.0814761146903038 9 -1 -1 
865 121 60 57 0.08145754784345627 7 -1 -1 
464 41 62 59 0.08121006935834885 7 -1 -1 
131 698 72 62 0.08113519102334976 1 -1 -1 
339 63 55 68 0.0811125710606575 1 -1 -1 
342 237 48 66 0.08092503994703293 7 -1 -1 
339 62 55 69 0.08057194203138351 5 -1 -1 
269 123 55 63 0.07972139865159988 10 -1 -1 
804 23 129 118 0.0789140984416008 1 -1 -1 
464 41 62 59 0.07398620247840881 1 -1 -1 
464 41 62 59 0.06027044355869293 6 -1 -1 
