425 427 62 65 0.9404923915863037 4 -1 -1 
1102 464 112 51 0.9383039474487305 4 -1 -1 
594 441 62 65 0.9300674796104431 4 -1 -1 
1282 639 26 40 0.9286078810691833 1 -1 -1 
497 618 60 102 0.9258360862731934 4 -1 -1 
509 315 42 40 0.920892596244812 4 -1 -1 
651 652 61 95 0.9200409650802612 4 -1 -1 
923 678 67 86 0.9169984459877014 4 -1 -1 
512 431 55 58 0.9134482145309448 4 -1 -1 
1162 622 23 38 0.9092797636985779 1 -1 -1 
580 205 61 26 0.9075643420219421 4 -1 -1 
655 450 52 64 0.9059290885925293 4 -1 -1 
831 541 54 85 0.9043764472007751 4 -1 -1 
714 533 54 80 0.9017143249511719 4 -1 -1 
27 523 100 77 0.8980574011802673 4 -1 -1 
749 326 35 42 0.8942462801933289 4 -1 -1 
302 609 107 103 0.8923648595809937 4 -1 -1 
715 461 46 60 0.8877955675125122 4 -1 -1 
77 633 24 43 0.8751832842826843 1 -1 -1 
827 360 17 32 0.8743820190429688 1 -1 -1 
490 312 11 29 0.8732104301452637 1 -1 -1 
955 334 38 50 0.8724027872085571 4 -1 -1 
664 218 8 22 0.8611359000205994 1 -1 -1 
593 315 41 40 0.8602511286735535 4 -1 -1 
779 462 44 64 0.8529242277145386 4 -1 -1 
661 198 10 23 0.844896137714386 1 -1 -1 
800 399 14 29 0.8428223133087158 1 -1 -1 
828 685 70 79 0.8418684005737305 4 -1 -1 
926 327 17 30 0.8377183079719543 1 -1 -1 
882 337 38 43 0.8327304720878601 4 -1 -1 
808 330 36 43 0.8299473524093628 4 -1 -1 
432 205 21 17 0.8137676119804382 10 -1 -1 
495 149 50 23 0.809337854385376 4 -1 -1 
119 394 32 24 0.7965731024742126 10 -1 -1 
729 677 63 86 0.7918025255203247 4 -1 -1 
795 387 12 29 0.7894630432128906 1 -1 -1 
1232 498 28 42 0.7892397046089172 7 -1 -1 
1048 714 74 50 0.7627367973327637 4 -1 -1 
509 144 49 21 0.7603560090065002 4 -1 -1 
584 191 67 25 0.7559496760368347 4 -1 -1 
221 335 18 24 0.7430570721626282 3 -1 -1 
635 350 89 44 0.7398402690887451 4 -1 -1 
796 222 10 24 0.7360692024230957 1 -1 -1 
223 363 24 25 0.7282148599624634 10 -1 -1 
560 349 13 21 0.7259553670883179 2 -1 -1 
198 360 20 24 0.7239298224449158 10 -1 -1 
1137 441 32 22 0.7201458811759949 10 -1 -1 
1295 662 15 23 0.7132501006126404 1 -1 -1 
511 134 52 19 0.7089882493019104 4 -1 -1 
611 170 62 24 0.7035694718360901 4 -1 -1 
560 354 14 24 0.6993857622146606 10 -1 -1 
1130 329 30 20 0.6808409690856934 10 -1 -1 
1018 179 9 22 0.6808273196220398 1 -1 -1 
925 479 49 66 0.6549674868583679 4 -1 -1 
281 327 16 20 0.6488146781921387 2 -1 -1 
597 177 57 24 0.645908772945404 4 -1 -1 
802 228 9 21 0.6439858078956604 1 -1 -1 
524 293 14 17 0.6313840746879578 2 -1 -1 
301 231 9 19 0.6282057166099548 10 -1 -1 
818 399 18 29 0.6211628317832947 1 -1 -1 
318 237 10 19 0.597034752368927 10 -1 -1 
1025 181 8 23 0.5919548869132996 1 -1 -1 
631 147 10 17 0.5813475251197815 2 -1 -1 
25 671 30 35 0.5702150464057922 2 -1 -1 
61 647 19 30 0.5683706998825073 1 -1 -1 
384 240 16 12 0.56184983253479 10 -1 -1 
755 121 8 19 0.5532517433166504 1 -1 -1 
1212 729 76 35 0.5300517082214355 4 -1 -1 
1027 259 11 21 0.5150023102760315 3 -1 -1 
253 333 9 22 0.5061188340187073 1 -1 -1 
1041 252 13 25 0.5031782984733582 10 -1 -1 
583 198 64 28 0.5006458163261414 4 -1 -1 
384 239 16 13 0.48542994260787964 3 -1 -1 
733 115 8 19 0.47874194383621216 1 -1 -1 
586 123 10 18 0.4774327576160431 10 -1 -1 
796 87 9 23 0.4747742712497711 1 -1 -1 
447 186 23 18 0.4630641043186188 10 -1 -1 
61 645 19 32 0.46001049876213074 2 -1 -1 
264 268 10 16 0.45245030522346497 10 -1 -1 
1027 259 12 21 0.4502667486667633 10 -1 -1 
924 479 50 66 0.4412643313407898 5 -1 -1 
1041 252 12 25 0.43970492482185364 3 -1 -1 
1021 180 9 23 0.4392439126968384 1 -1 -1 
722 116 7 17 0.4315835237503052 1 -1 -1 
587 184 66 24 0.4148765504360199 4 -1 -1 
799 225 11 23 0.41473838686943054 1 -1 -1 
246 334 8 20 0.3873082399368286 1 -1 -1 
1137 441 32 22 0.38326069712638855 3 -1 -1 
25 670 30 35 0.34689903259277344 1 -1 -1 
821 400 18 27 0.34673193097114563 2 -1 -1 
726 113 6 17 0.3404330611228943 1 -1 -1 
288 262 15 17 0.33735600113868713 2 -1 -1 
264 237 17 21 0.33539193868637085 10 -1 -1 
281 327 16 20 0.3335586190223694 1 -1 -1 
793 92 8 19 0.31867676973342896 1 -1 -1 
336 235 16 14 0.3151165544986725 10 -1 -1 
286 261 11 18 0.31157582998275757 2 -1 -1 
524 293 14 18 0.310825377702713 1 -1 -1 
220 335 19 24 0.3094850480556488 10 -1 -1 
827 410 20 18 0.30451700091362 10 -1 -1 
597 177 58 24 0.30423057079315186 5 -1 -1 
801 229 10 21 0.30415624380111694 3 -1 -1 
242 333 11 21 0.2972462773323059 1 -1 -1 
264 266 9 15 0.29506680369377136 2 -1 -1 
236 331 13 21 0.2939959168434143 2 -1 -1 
376 230 10 19 0.28654545545578003 1 -1 -1 
752 123 8 17 0.28521645069122314 1 -1 -1 
636 350 87 44 0.2848169505596161 5 -1 -1 
560 349 14 22 0.2806088924407959 10 -1 -1 
1179 311 20 16 0.2803080379962921 10 -1 -1 
630 151 13 14 0.2788841724395752 2 -1 -1 
334 236 16 12 0.278775155544281 3 -1 -1 
793 91 9 20 0.27450793981552124 8 -1 -1 
793 86 8 19 0.2743072211742401 1 -1 -1 
114 530 40 40 0.2741087079048157 8 -1 -1 
1026 179 10 24 0.26580241322517395 1 -1 -1 
28 730 32 34 0.26049134135246277 10 -1 -1 
26 670 29 21 0.2576977014541626 2 -1 -1 
796 87 9 22 0.2555699944496155 2 -1 -1 
261 258 9 10 0.25500035285949707 10 -1 -1 
0 543 26 74 0.2529935836791992 4 -1 -1 
721 116 7 17 0.2519933581352234 2 -1 -1 
663 216 8 15 0.2507072389125824 1 -1 -1 
248 332 9 21 0.24868258833885193 1 -1 -1 
447 186 13 17 0.2481417953968048 10 -1 -1 
221 335 18 24 0.2455601841211319 7 -1 -1 
699 330 15 23 0.2434343695640564 2 -1 -1 
560 349 14 20 0.24208076298236847 1 -1 -1 
238 334 12 21 0.2391853779554367 1 -1 -1 
68 545 70 64 0.23867638409137726 8 -1 -1 
283 262 12 20 0.2385922372341156 2 -1 -1 
699 330 15 23 0.23345071077346802 1 -1 -1 
615 144 9 19 0.23001161217689514 1 -1 -1 
107 531 46 42 0.22811642289161682 7 -1 -1 
369 215 30 24 0.21244047582149506 6 -1 -1 
1283 639 26 40 0.20332454144954681 4 -1 -1 
817 402 28 27 0.19573438167572021 1 -1 -1 
1162 622 23 38 0.18658342957496643 4 -1 -1 
1137 441 32 22 0.18461191654205322 7 -1 -1 
74 634 22 42 0.1823165863752365 2 -1 -1 
88 530 65 53 0.17964088916778564 4 -1 -1 
730 676 62 86 0.1761201024055481 5 -1 -1 
62 636 23 40 0.1731247752904892 1 -1 -1 
119 394 32 24 0.15648888051509857 4 -1 -1 
142 385 34 21 0.1514570116996765 4 -1 -1 
829 685 68 78 0.150334894657135 5 -1 -1 
1048 714 74 50 0.1463002860546112 5 -1 -1 
69 634 20 42 0.1422453075647354 1 -1 -1 
277 263 23 32 0.14140331745147705 7 -1 -1 
818 407 29 23 0.14105573296546936 10 -1 -1 
1137 441 32 22 0.13909456133842468 4 -1 -1 
714 532 54 82 0.137538880109787 5 -1 -1 
923 678 66 85 0.13753366470336914 10 -1 -1 
828 685 70 79 0.12819010019302368 10 -1 -1 
68 545 70 64 0.12764467298984528 5 -1 -1 
1212 729 76 35 0.12728218734264374 5 -1 -1 
29 724 101 40 0.12661665678024292 4 -1 -1 
831 541 54 85 0.12384949624538422 5 -1 -1 
87 533 66 58 0.1237882673740387 8 -1 -1 
72 636 23 42 0.12150392681360245 1 -1 -1 
730 676 62 87 0.12069427967071533 10 -1 -1 
791 384 20 32 0.11724193394184113 1 -1 -1 
1036 250 20 30 0.11677461117506027 3 -1 -1 
1289 661 23 29 0.11649217456579208 1 -1 -1 
77 633 24 43 0.11491203308105469 4 -1 -1 
302 609 108 103 0.11438287794589996 5 -1 -1 
369 215 30 24 0.11338275671005249 5 -1 -1 
370 217 30 23 0.11306262016296387 8 -1 -1 
127 386 47 20 0.11262344568967819 4 -1 -1 
26 522 101 77 0.10774116218090057 5 -1 -1 
1103 464 111 51 0.10750553756952286 9 -1 -1 
513 431 53 58 0.10577374696731567 5 -1 -1 
75 537 73 64 0.10552828758955002 7 -1 -1 
651 652 61 95 0.10506585240364075 5 -1 -1 
582 191 70 30 0.10505791753530502 5 -1 -1 
497 617 60 103 0.10479584336280823 5 -1 -1 
75 537 73 64 0.1045873686671257 4 -1 -1 
277 262 23 32 0.10405553877353668 8 -1 -1 
817 402 28 27 0.10367810726165771 2 -1 -1 
779 463 44 63 0.1033630296587944 5 -1 -1 
1130 329 30 20 0.10294634848833084 4 -1 -1 
61 645 19 32 0.10258891433477402 10 -1 -1 
1026 250 25 30 0.10218281298875809 3 -1 -1 
69 634 20 42 0.10199322551488876 2 -1 -1 
1102 464 112 51 0.10058434307575226 5 -1 -1 
425 428 62 64 0.09959407150745392 9 -1 -1 
424 427 63 66 0.09841173887252808 5 -1 -1 
37 548 94 61 0.09816820919513702 4 -1 -1 
1048 714 74 49 0.09810275584459305 1 -1 -1 
594 441 63 65 0.09773147851228714 5 -1 -1 
118 394 33 24 0.09684805572032928 3 -1 -1 
638 339 85 34 0.09441361576318741 4 -1 -1 
1039 250 20 30 0.09149981290102005 10 -1 -1 
655 450 52 64 0.09097962826490402 5 -1 -1 
1103 464 111 51 0.09058268368244171 1 -1 -1 
118 394 33 24 0.08994899690151215 7 -1 -1 
97 529 58 48 0.08797059953212738 8 -1 -1 
370 217 30 23 0.08777782320976257 4 -1 -1 
1049 714 74 49 0.0877307578921318 10 -1 -1 
424 427 63 66 0.08742385357618332 10 -1 -1 
730 677 62 86 0.08630640059709549 1 -1 -1 
513 431 54 58 0.08499203622341156 1 -1 -1 
828 685 69 79 0.08454829454421997 1 -1 -1 
54 527 88 70 0.08384517580270767 4 -1 -1 
302 609 108 103 0.08327676355838776 10 -1 -1 
651 652 62 95 0.08324400335550308 10 -1 -1 
923 678 67 85 0.0832081288099289 1 -1 -1 
425 428 62 64 0.08293649554252625 1 -1 -1 
302 610 107 103 0.08271678537130356 1 -1 -1 
1129 329 31 20 0.08229758590459824 3 -1 -1 
650 652 62 96 0.08229639381170273 1 -1 -1 
425 428 62 64 0.08206035196781158 7 -1 -1 
27 523 100 76 0.08095338195562363 1 -1 -1 
77 633 23 42 0.08077900111675262 10 -1 -1 
714 533 54 80 0.08037720620632172 10 -1 -1 
594 441 62 65 0.08000415563583374 9 -1 -1 
27 725 81 39 0.07950170338153839 10 -1 -1 
138 385 37 21 0.07869510352611542 7 -1 -1 
513 431 53 58 0.07788779586553574 9 -1 -1 
509 315 42 40 0.07780244201421738 5 -1 -1 
497 618 60 102 0.07771850377321243 10 -1 -1 
424 427 63 66 0.07767579704523087 6 -1 -1 
95 530 59 46 0.07737243920564651 10 -1 -1 
