66 24 228 174 0.9552772045135498 4 -1 -1 
97 341 215 173 0.674185037612915 4 -1 -1 
198 408 118 110 0.4651133120059967 4 -1 -1 
163 364 151 151 0.4231923222541809 4 -1 -1 
97 341 215 173 0.375667005777359 10 -1 -1 
544 0 100 54 0.3511377274990082 4 -1 -1 
112 336 143 124 0.2934097647666931 4 -1 -1 
541 2 101 51 0.23255555331707 1 -1 -1 
95 337 160 159 0.22032688558101654 9 -1 -1 
99 337 183 169 0.21933497488498688 7 -1 -1 
38 285 327 293 0.21005409955978394 9 -1 -1 
96 338 163 161 0.1976817548274994 6 -1 -1 
195 391 62 36 0.19325470924377441 4 -1 -1 
112 337 212 172 0.18405532836914062 9 -1 -1 
96 338 163 161 0.1782100945711136 3 -1 -1 
93 333 93 98 0.17721790075302124 2 -1 -1 
51 288 330 302 0.1731756329536438 5 -1 -1 
66 26 227 173 0.16995111107826233 9 -1 -1 
96 338 163 161 0.16379758715629578 5 -1 -1 
92 339 173 162 0.16152533888816833 2 -1 -1 
66 25 226 173 0.15961936116218567 1 -1 -1 
94 333 118 121 0.15877880156040192 4 -1 -1 
181 399 134 118 0.15775573253631592 1 -1 -1 
122 363 137 126 0.15657684206962585 4 -1 -1 
174 348 29 20 0.1422366201877594 10 -1 -1 
578 0 63 51 0.1385221630334854 4 -1 -1 
99 337 183 169 0.13788571953773499 8 -1 -1 
131 349 182 165 0.13310381770133972 2 -1 -1 
103 309 201 148 0.12890028953552246 9 -1 -1 
100 111 14 31 0.12886874377727509 1 -1 -1 
252 371 12 22 0.12466923892498016 1 -1 -1 
94 334 112 106 0.12209314852952957 1 -1 -1 
180 396 135 120 0.11882925778627396 5 -1 -1 
163 364 151 151 0.11475057899951935 10 -1 -1 
118 385 142 107 0.10840539634227753 7 -1 -1 
541 1 102 53 0.10425399988889694 10 -1 -1 
66 25 226 173 0.10109425336122513 10 -1 -1 
66 24 228 174 0.09257274866104126 5 -1 -1 
174 348 29 20 0.08792227506637573 3 -1 -1 
70 312 22 20 0.08786538988351822 1 -1 -1 
66 24 228 174 0.08655081689357758 7 -1 -1 
261 410 44 34 0.08503489196300507 3 -1 -1 
116 345 198 169 0.08314776420593262 5 -1 -1 
518 0 120 53 0.08292007446289062 9 -1 -1 
116 345 198 169 0.08240581303834915 3 -1 -1 
543 0 102 53 0.08206683397293091 5 -1 -1 
192 458 28 22 0.08153525739908218 1 -1 -1 
51 288 330 302 0.07911817729473114 4 -1 -1 
92 339 173 162 0.07610741257667542 1 -1 -1 
123 389 140 108 0.0759185403585434 2 -1 -1 
131 349 182 165 0.07455527037382126 1 -1 -1 
117 352 130 135 0.07402447611093521 8 -1 -1 
195 409 124 109 0.07332365959882736 2 -1 -1 
119 379 138 109 0.07278206944465637 6 -1 -1 
169 389 122 104 0.07250884175300598 4 -1 -1 
116 345 198 169 0.07235972583293915 6 -1 -1 
543 0 102 54 0.07186279445886612 2 -1 -1 
102 337 122 119 0.07130203396081924 5 -1 -1 
184 395 70 45 0.07019903510808945 4 -1 -1 
486 0 154 56 0.06778790056705475 1 -1 -1 
266 410 64 46 0.06754682958126068 3 -1 -1 
92 307 106 114 0.06505433470010757 9 -1 -1 
166 401 153 113 0.06325250118970871 9 -1 -1 
66 24 228 174 0.06307358294725418 6 -1 -1 
115 344 129 117 0.06272616237401962 6 -1 -1 
66 24 228 174 0.06119270250201225 8 -1 -1 
541 1 102 53 0.060735251754522324 3 -1 -1 
95 338 115 133 0.05912280082702637 2 -1 -1 
575 0 113 52 0.05826864019036293 4 -1 -1 
92 329 165 117 0.058265164494514465 2 -1 -1 
66 25 226 173 0.05778561905026436 3 -1 -1 
163 305 176 183 0.057205263525247574 9 -1 -1 
215 431 14 19 0.05582522973418236 1 -1 -1 
493 1 140 52 0.05453159287571907 4 -1 -1 
192 458 28 22 0.054444946348667145 2 -1 -1 
177 391 9 15 0.053313035517930984 1 -1 -1 
917 73 41 43 0.05263083800673485 1 -1 -1 
61 306 34 37 0.051961276680231094 1 -1 -1 
194 486 15 9 0.05190076678991318 1 -1 -1 
184 391 72 39 0.051885515451431274 6 -1 -1 
144 360 117 76 0.05161403492093086 4 -1 -1 
890 69 69 73 0.05100978910923004 4 -1 -1 
0 395 11 19 0.050983160734176636 1 -1 -1 
93 308 113 113 0.050825364887714386 2 -1 -1 
65 324 291 236 0.05031841620802879 8 -1 -1 
