611 59 22 26 0.9711753726005554 5 -1 -1 
35 559 110 108 0.9628913998603821 4 -1 -1 
736 608 92 127 0.9544886946678162 4 -1 -1 
185 353 67 72 0.9074286222457886 4 -1 -1 
361 86 29 30 0.9060899615287781 4 -1 -1 
494 128 28 31 0.8972139954566956 4 -1 -1 
495 92 27 28 0.8948096632957458 4 -1 -1 
806 22 24 19 0.8887578248977661 4 -1 -1 
529 156 33 36 0.8715590834617615 4 -1 -1 
503 42 22 22 0.800967276096344 4 -1 -1 
354 83 8 21 0.7960163950920105 1 -1 -1 
836 25 24 18 0.7939133644104004 4 -1 -1 
571 1 17 15 0.793282151222229 4 -1 -1 
106 423 38 31 0.7880035042762756 10 -1 -1 
344 82 9 22 0.7878614068031311 1 -1 -1 
813 14 27 17 0.7735381126403809 4 -1 -1 
632 283 47 48 0.759688138961792 4 -1 -1 
712 20 7 15 0.7045609951019287 1 -1 -1 
217 195 74 36 0.7031909823417664 4 -1 -1 
24 389 43 27 0.6957672238349915 10 -1 -1 
188 287 39 25 0.6792830228805542 10 -1 -1 
705 17 6 17 0.6600238680839539 1 -1 -1 
487 43 7 12 0.6541458368301392 10 -1 -1 
488 37 6 12 0.6478135585784912 2 -1 -1 
74 484 15 39 0.6216520667076111 1 -1 -1 
841 0 23 11 0.6204848885536194 4 -1 -1 
374 719 36 45 0.5766243934631348 1 -1 -1 
619 15 6 10 0.5710888504981995 10 -1 -1 
619 11 6 10 0.5490787029266357 2 -1 -1 
267 126 30 23 0.5432328581809998 4 -1 -1 
491 21 6 11 0.5337197780609131 2 -1 -1 
715 42 6 15 0.5312876105308533 1 -1 -1 
491 25 6 11 0.5308405160903931 10 -1 -1 
375 719 34 45 0.49875298142433167 2 -1 -1 
887 113 80 52 0.4644679129123688 6 -1 -1 
8 447 17 42 0.45658111572265625 1 -1 -1 
191 283 39 22 0.44635650515556335 10 -1 -1 
911 99 9 20 0.4231261909008026 1 -1 -1 
632 283 46 48 0.40668025612831116 5 -1 -1 
218 729 12 23 0.38460320234298706 1 -1 -1 
487 40 7 14 0.3720332980155945 2 -1 -1 
713 38 7 17 0.3698965311050415 1 -1 -1 
712 37 7 16 0.36632558703422546 1 -1 -1 
712 37 6 14 0.3595433533191681 2 -1 -1 
93 443 34 19 0.3570111393928528 10 -1 -1 
217 727 20 27 0.35305023193359375 1 -1 -1 
266 121 29 28 0.3310531973838806 5 -1 -1 
32 378 35 26 0.32016828656196594 10 -1 -1 
200 280 31 19 0.3114221394062042 10 -1 -1 
264 114 31 35 0.306756854057312 4 -1 -1 
705 23 5 13 0.3009238839149475 1 -1 -1 
221 733 11 19 0.29365846514701843 1 -1 -1 
186 294 37 20 0.29156219959259033 10 -1 -1 
107 249 11 11 0.2854568362236023 2 -1 -1 
319 0 6 12 0.2853645980358124 1 -1 -1 
31 378 36 27 0.28151583671569824 3 -1 -1 
8 446 18 33 0.2791918218135834 2 -1 -1 
181 204 9 22 0.2787264883518219 1 -1 -1 
783 0 11 8 0.2757081091403961 4 -1 -1 
487 43 7 12 0.2645219564437866 3 -1 -1 
865 106 16 14 0.2633925676345825 4 -1 -1 
705 23 5 13 0.25295084714889526 10 -1 -1 
705 18 6 16 0.2517930567264557 2 -1 -1 
818 0 21 9 0.24530497193336487 4 -1 -1 
91 246 28 16 0.2399751842021942 10 -1 -1 
93 443 34 19 0.23874768614768982 3 -1 -1 
374 719 35 45 0.23856504261493683 10 -1 -1 
619 13 6 12 0.23373757302761078 2 -1 -1 
239 139 7 13 0.23251037299633026 3 -1 -1 
776 0 18 9 0.22931799292564392 4 -1 -1 
491 21 6 12 0.21913568675518036 10 -1 -1 
265 115 30 34 0.2182493358850479 6 -1 -1 
218 726 21 27 0.21788828074932098 2 -1 -1 
488 37 6 13 0.21582454442977905 1 -1 -1 
911 99 9 20 0.21475623548030853 10 -1 -1 
911 99 8 16 0.2129904329776764 2 -1 -1 
705 23 5 13 0.2070314586162567 3 -1 -1 
197 284 34 21 0.20649869740009308 3 -1 -1 
798 0 19 9 0.20587991178035736 4 -1 -1 
215 195 76 36 0.20465292036533356 5 -1 -1 
721 19 6 20 0.20313744246959686 1 -1 -1 
232 139 14 14 0.20232149958610535 3 -1 -1 
222 738 8 16 0.20231182873249054 1 -1 -1 
266 114 30 34 0.19835534691810608 9 -1 -1 
25 377 27 28 0.19571346044540405 3 -1 -1 
190 201 96 32 0.19503456354141235 4 -1 -1 
491 21 6 12 0.19412052631378174 1 -1 -1 
862 0 18 10 0.19374869763851166 4 -1 -1 
712 37 6 16 0.19224748015403748 10 -1 -1 
224 727 14 23 0.18615488708019257 1 -1 -1 
22 380 33 28 0.18553279340267181 10 -1 -1 
721 26 5 15 0.184631809592247 1 -1 -1 
617 13 7 12 0.18413031101226807 10 -1 -1 
182 295 35 25 0.18303604423999786 10 -1 -1 
712 43 8 14 0.18222489953041077 1 -1 -1 
10 446 23 37 0.18107734620571136 1 -1 -1 
24 387 43 28 0.1807698905467987 3 -1 -1 
620 10 6 10 0.1790497899055481 2 -1 -1 
6 445 28 53 0.1786404252052307 1 -1 -1 
35 559 110 108 0.176573246717453 9 -1 -1 
106 249 12 11 0.17585788667201996 10 -1 -1 
220 726 22 28 0.17505581676959991 4 -1 -1 
203 280 28 19 0.17481358349323273 3 -1 -1 
714 41 6 15 0.1748034954071045 10 -1 -1 
374 719 35 45 0.17374330759048462 3 -1 -1 
619 8 5 8 0.17359837889671326 2 -1 -1 
218 727 23 27 0.17299680411815643 10 -1 -1 
619 15 6 10 0.1720658838748932 3 -1 -1 
619 11 6 10 0.17198479175567627 1 -1 -1 
906 101 13 18 0.17109331488609314 10 -1 -1 
713 39 7 16 0.1710185706615448 2 -1 -1 
386 718 24 42 0.16784420609474182 1 -1 -1 
904 103 10 15 0.16764944791793823 1 -1 -1 
611 59 22 26 0.16745375096797943 6 -1 -1 
185 353 67 72 0.16560877859592438 5 -1 -1 
487 40 7 13 0.16494929790496826 1 -1 -1 
611 59 22 26 0.16294147074222565 4 -1 -1 
311 132 15 31 0.16220839321613312 1 -1 -1 
72 494 11 30 0.15993036329746246 1 -1 -1 
491 25 6 11 0.1589416116476059 3 -1 -1 
270 118 33 30 0.1585058569908142 4 -1 -1 
184 289 25 28 0.1571309119462967 10 -1 -1 
715 19 6 16 0.15699650347232819 1 -1 -1 
494 129 28 30 0.15648110210895538 5 -1 -1 
841 0 23 10 0.15524137020111084 5 -1 -1 
712 39 7 16 0.1550232172012329 3 -1 -1 
712 14 6 16 0.1531338393688202 1 -1 -1 
715 38 6 14 0.1517210155725479 1 -1 -1 
106 423 38 31 0.15152473747730255 4 -1 -1 
308 195 57 40 0.15149244666099548 4 -1 -1 
488 37 6 13 0.15101400017738342 10 -1 -1 
35 559 110 108 0.14947400987148285 1 -1 -1 
714 40 7 16 0.1487208902835846 3 -1 -1 
857 106 23 15 0.14765287935733795 4 -1 -1 
705 18 6 16 0.14762946963310242 10 -1 -1 
703 17 7 15 0.14655527472496033 1 -1 -1 
806 22 24 20 0.1461329609155655 5 -1 -1 
373 735 28 29 0.14594924449920654 1 -1 -1 
488 36 7 9 0.1455349177122116 2 -1 -1 
24 389 43 27 0.14429810643196106 4 -1 -1 
712 37 6 11 0.142784982919693 1 -1 -1 
611 59 22 26 0.14245282113552094 9 -1 -1 
414 57 13 22 0.1404714435338974 7 -1 -1 
735 608 92 127 0.13864706456661224 9 -1 -1 
911 99 9 19 0.1373571902513504 3 -1 -1 
904 103 10 15 0.13734206557273865 10 -1 -1 
262 110 28 39 0.13675381243228912 5 -1 -1 
77 498 11 26 0.13644497096538544 1 -1 -1 
611 59 22 26 0.13531434535980225 8 -1 -1 
220 726 22 28 0.13457021117210388 7 -1 -1 
261 122 27 27 0.13266633450984955 4 -1 -1 
812 14 28 17 0.13262194395065308 5 -1 -1 
91 246 28 16 0.13214944303035736 3 -1 -1 
70 282 19 23 0.12656529247760773 1 -1 -1 
736 608 92 127 0.12379443645477295 1 -1 -1 
273 128 31 21 0.12322355061769485 4 -1 -1 
35 559 110 108 0.120501309633255 6 -1 -1 
194 207 71 33 0.11841695755720139 4 -1 -1 
297 132 26 23 0.11735625565052032 4 -1 -1 
299 133 28 23 0.11257096379995346 1 -1 -1 
836 24 24 19 0.1124601811170578 5 -1 -1 
180 280 49 30 0.11221393942832947 10 -1 -1 
189 200 95 33 0.10712657123804092 6 -1 -1 
269 109 30 40 0.10693584382534027 5 -1 -1 
495 92 27 28 0.10555878281593323 5 -1 -1 
82 239 22 22 0.10541833192110062 3 -1 -1 
35 559 110 108 0.10506226122379303 7 -1 -1 
611 59 22 26 0.10447743535041809 10 -1 -1 
4 444 32 53 0.10275117307901382 2 -1 -1 
219 721 25 29 0.10261411964893341 2 -1 -1 
269 127 31 22 0.10240092128515244 5 -1 -1 
85 235 30 25 0.10232584178447723 3 -1 -1 
504 42 21 22 0.10224587470293045 5 -1 -1 
298 126 28 29 0.1018260046839714 6 -1 -1 
218 727 23 27 0.09984137862920761 8 -1 -1 
217 726 14 27 0.09830030798912048 2 -1 -1 
401 41 21 21 0.09771709889173508 4 -1 -1 
813 14 27 17 0.09714023768901825 1 -1 -1 
267 125 32 24 0.09664443880319595 6 -1 -1 
89 238 29 22 0.0960761159658432 10 -1 -1 
731 44 24 21 0.09606000036001205 4 -1 -1 
360 86 30 30 0.0956411063671112 5 -1 -1 
215 723 14 29 0.09536704421043396 1 -1 -1 
735 608 92 127 0.09480558335781097 10 -1 -1 
70 470 22 54 0.09358199685811996 1 -1 -1 
190 201 96 32 0.09277646243572235 5 -1 -1 
34 559 111 108 0.09058631956577301 10 -1 -1 
185 353 67 72 0.09056901186704636 1 -1 -1 
223 725 27 32 0.08997616171836853 4 -1 -1 
297 126 27 29 0.08963243663311005 5 -1 -1 
216 177 76 38 0.08953622728586197 4 -1 -1 
83 238 27 24 0.0892137736082077 10 -1 -1 
217 195 74 36 0.08893564343452454 1 -1 -1 
736 608 92 127 0.08859509974718094 7 -1 -1 
34 559 111 109 0.08707284927368164 5 -1 -1 
805 22 25 20 0.08691692352294922 6 -1 -1 
188 185 104 51 0.08616885542869568 4 -1 -1 
611 59 22 26 0.08597645908594131 2 -1 -1 
344 79 18 26 0.08578871935606003 1 -1 -1 
185 353 67 72 0.08463909476995468 9 -1 -1 
361 86 29 30 0.08394302427768707 1 -1 -1 
735 608 92 127 0.08324165642261505 5 -1 -1 
74 484 15 39 0.08321346342563629 2 -1 -1 
413 55 14 25 0.08315557986497879 9 -1 -1 
495 92 27 28 0.0793735533952713 1 -1 -1 
494 128 28 31 0.07851135730743408 1 -1 -1 
297 133 26 22 0.07811243832111359 8 -1 -1 
233 183 59 43 0.07786055654287338 4 -1 -1 
503 42 22 22 0.07782512903213501 1 -1 -1 
264 118 48 33 0.07781688868999481 9 -1 -1 
731 44 39 22 0.07699061930179596 4 -1 -1 
274 118 29 30 0.07640375196933746 5 -1 -1 
266 113 44 37 0.0763653963804245 4 -1 -1 
736 608 92 127 0.076067715883255 6 -1 -1 
215 195 76 36 0.07589313387870789 6 -1 -1 
70 281 19 23 0.07562638074159622 2 -1 -1 
264 118 48 33 0.07454659789800644 5 -1 -1 
29 378 51 38 0.07322860509157181 10 -1 -1 
77 479 15 42 0.07307035475969315 1 -1 -1 
264 118 48 33 0.0730498805642128 6 -1 -1 
297 133 26 22 0.07300207763910294 7 -1 -1 
611 59 22 26 0.07220283895730972 7 -1 -1 
732 25 25 26 0.07215035706758499 4 -1 -1 
768 0 28 12 0.07208486646413803 4 -1 -1 
805 22 25 20 0.07116015255451202 1 -1 -1 
189 191 103 46 0.056090325117111206 9 -1 -1 
257 105 40 45 0.0540689118206501 9 -1 -1 
