200 424 98 106 0.9214711785316467 4 -1 -1 
551 220 16 23 0.8549737334251404 7 -1 -1 
561 345 18 35 0.7580880522727966 10 -1 -1 
444 152 12 15 0.73714679479599 8 -1 -1 
575 205 30 25 0.7097451090812683 4 -1 -1 
641 202 31 32 0.6901795864105225 4 -1 -1 
562 339 17 30 0.667238712310791 2 -1 -1 
552 473 25 46 0.6611670851707458 2 -1 -1 
474 118 9 9 0.6575350761413574 4 -1 -1 
526 158 9 14 0.6517888903617859 7 -1 -1 
139 246 57 45 0.6510017514228821 4 -1 -1 
360 171 22 19 0.6450793743133545 4 -1 -1 
350 236 10 18 0.644475519657135 2 -1 -1 
485 157 18 16 0.6115554571151733 4 -1 -1 
213 274 13 15 0.607448399066925 2 -1 -1 
518 161 7 15 0.6030615568161011 10 -1 -1 
309 236 11 19 0.5991370677947998 2 -1 -1 
539 158 5 9 0.5960258841514587 2 -1 -1 
537 162 7 10 0.5952048897743225 10 -1 -1 
307 243 14 19 0.5941138863563538 10 -1 -1 
512 213 7 14 0.5931388735771179 2 -1 -1 
511 215 8 20 0.5848546028137207 10 -1 -1 
349 243 12 20 0.5788763165473938 10 -1 -1 
529 184 8 12 0.5736497044563293 10 -1 -1 
550 483 26 55 0.5686804056167603 3 -1 -1 
519 161 6 11 0.5666021108627319 2 -1 -1 
263 257 28 38 0.565377414226532 8 -1 -1 
462 127 10 9 0.5643863081932068 4 -1 -1 
530 180 7 11 0.5589882135391235 2 -1 -1 
547 146 15 18 0.5384844541549683 4 -1 -1 
313 224 9 18 0.5353903770446777 2 -1 -1 
510 138 11 16 0.5243193507194519 7 -1 -1 
464 136 12 15 0.5214483141899109 4 -1 -1 
526 122 4 9 0.5188562870025635 1 -1 -1 
531 128 5 11 0.513146162033081 1 -1 -1 
263 271 28 31 0.4993381202220917 10 -1 -1 
252 211 5 15 0.491393506526947 1 -1 -1 
553 216 8 11 0.48703891038894653 2 -1 -1 
464 136 12 15 0.4808521568775177 6 -1 -1 
510 137 11 17 0.4750681519508362 8 -1 -1 
201 285 25 31 0.46906813979148865 10 -1 -1 
530 171 6 11 0.465284138917923 2 -1 -1 
262 257 29 46 0.4577834904193878 7 -1 -1 
577 227 10 19 0.4536541700363159 1 -1 -1 
550 483 26 55 0.4524349868297577 10 -1 -1 
462 127 10 9 0.44380295276641846 5 -1 -1 
530 172 6 12 0.4417130947113037 10 -1 -1 
212 273 15 23 0.42580902576446533 2 -1 -1 
550 219 17 24 0.4244641065597534 8 -1 -1 
490 141 12 16 0.41561615467071533 5 -1 -1 
577 227 10 19 0.41102614998817444 2 -1 -1 
526 156 6 8 0.405621737241745 2 -1 -1 
513 93 5 6 0.40492504835128784 4 -1 -1 
526 158 9 14 0.3977261781692505 8 -1 -1 
417 144 6 12 0.3924157917499542 10 -1 -1 
201 285 26 30 0.390964537858963 8 -1 -1 
345 189 8 13 0.38724377751350403 10 -1 -1 
312 230 10 16 0.386360228061676 10 -1 -1 
521 120 4 9 0.38187888264656067 1 -1 -1 
538 160 6 11 0.37957122921943665 2 -1 -1 
444 152 12 15 0.37877267599105835 7 -1 -1 
345 189 7 13 0.3768736720085144 2 -1 -1 
490 142 12 15 0.3768137991428375 4 -1 -1 
515 116 4 9 0.37622469663619995 1 -1 -1 
547 145 16 18 0.3749352693557739 7 -1 -1 
490 142 12 15 0.37307900190353394 6 -1 -1 
569 166 8 12 0.37249451875686646 10 -1 -1 
574 209 6 17 0.3649575710296631 1 -1 -1 
264 258 27 39 0.36005669832229614 10 -1 -1 
263 260 25 37 0.3451381027698517 2 -1 -1 
575 205 17 24 0.34483781456947327 4 -1 -1 
530 181 7 11 0.3397456407546997 10 -1 -1 
349 186 7 14 0.33855584263801575 2 -1 -1 
576 227 11 19 0.3326946794986725 10 -1 -1 
349 239 11 23 0.33072397112846375 2 -1 -1 
464 136 12 14 0.3269665539264679 5 -1 -1 
265 270 13 25 0.3256279230117798 2 -1 -1 
574 256 11 15 0.3231229782104492 10 -1 -1 
576 232 12 15 0.32303252816200256 3 -1 -1 
347 190 9 12 0.3227996528148651 10 -1 -1 
521 117 4 10 0.3204938769340515 1 -1 -1 
313 225 9 18 0.3188738524913788 1 -1 -1 
263 273 17 30 0.3185848891735077 10 -1 -1 
347 188 8 13 0.31766775250434875 2 -1 -1 
575 255 10 15 0.3098525404930115 2 -1 -1 
467 109 7 6 0.30627235770225525 4 -1 -1 
139 247 57 44 0.30463075637817383 5 -1 -1 
271 257 20 38 0.299254447221756 2 -1 -1 
532 130 4 10 0.29911378026008606 10 -1 -1 
577 223 9 14 0.2957017421722412 2 -1 -1 
470 112 9 9 0.2922450006008148 8 -1 -1 
481 111 3 7 0.291187584400177 1 -1 -1 
344 193 10 10 0.2901834547519684 10 -1 -1 
349 187 7 14 0.28848132491111755 1 -1 -1 
532 132 4 8 0.28796419501304626 3 -1 -1 
515 117 4 9 0.2846014201641083 10 -1 -1 
417 143 6 11 0.2840487062931061 2 -1 -1 
345 189 7 13 0.2805350720882416 1 -1 -1 
521 121 4 9 0.27827808260917664 10 -1 -1 
455 107 10 13 0.27797672152519226 5 -1 -1 
425 121 14 8 0.27745428681373596 4 -1 -1 
574 258 11 14 0.2773471772670746 3 -1 -1 
349 187 6 13 0.2757761776447296 10 -1 -1 
526 158 9 14 0.27564504742622375 10 -1 -1 
371 174 8 22 0.27463582158088684 1 -1 -1 
526 157 7 9 0.2743150293827057 7 -1 -1 
814 429 82 80 0.26695382595062256 4 -1 -1 
490 141 12 16 0.26541852951049805 8 -1 -1 
445 124 4 8 0.2652246952056885 10 -1 -1 
569 166 8 12 0.2651219367980957 2 -1 -1 
576 256 9 15 0.26263195276260376 1 -1 -1 
372 181 7 15 0.2619466185569763 1 -1 -1 
263 268 22 34 0.2617994546890259 7 -1 -1 
526 122 4 9 0.26064634323120117 10 -1 -1 
482 102 7 9 0.25911256670951843 7 -1 -1 
521 116 5 10 0.2575012147426605 2 -1 -1 
521 116 5 8 0.25732168555259705 1 -1 -1 
308 235 14 25 0.2571229934692383 10 -1 -1 
412 143 11 13 0.2547127604484558 10 -1 -1 
201 284 26 31 0.2527938187122345 2 -1 -1 
530 175 6 11 0.25092020630836487 10 -1 -1 
263 272 27 31 0.25058096647262573 3 -1 -1 
345 185 7 13 0.25016915798187256 2 -1 -1 
536 123 4 8 0.25007063150405884 1 -1 -1 
531 126 5 11 0.24771128594875336 2 -1 -1 
574 255 9 12 0.2472233921289444 2 -1 -1 
551 472 26 48 0.24575750529766083 1 -1 -1 
277 258 14 36 0.24411523342132568 1 -1 -1 
562 339 17 30 0.24123582243919373 1 -1 -1 
576 224 9 20 0.24093575775623322 1 -1 -1 
482 103 7 8 0.23928634822368622 6 -1 -1 
490 142 12 15 0.23740285634994507 9 -1 -1 
511 217 8 17 0.23685234785079956 2 -1 -1 
531 125 4 9 0.2365548014640808 1 -1 -1 
547 146 15 17 0.23548492789268494 8 -1 -1 
468 110 8 8 0.23455463349819183 4 -1 -1 
526 123 4 8 0.23289790749549866 2 -1 -1 
511 213 8 15 0.2322922945022583 1 -1 -1 
531 128 5 11 0.23207104206085205 3 -1 -1 
526 156 7 11 0.23101568222045898 10 -1 -1 
263 271 17 31 0.23076853156089783 2 -1 -1 
378 147 24 28 0.2297663390636444 8 -1 -1 
513 93 5 6 0.22936572134494781 5 -1 -1 
206 274 20 32 0.22875194251537323 2 -1 -1 
470 113 6 8 0.22704868018627167 8 -1 -1 
344 192 7 11 0.2266700714826584 10 -1 -1 
482 102 7 9 0.22613036632537842 8 -1 -1 
502 100 6 8 0.22607968747615814 8 -1 -1 
494 118 16 25 0.22144851088523865 5 -1 -1 
378 145 26 28 0.2174755334854126 6 -1 -1 
550 481 27 56 0.21694950759410858 2 -1 -1 
263 273 17 30 0.21558676660060883 3 -1 -1 
201 284 26 31 0.20882046222686768 7 -1 -1 
575 205 30 25 0.202738955616951 5 -1 -1 
378 146 26 28 0.1889980286359787 7 -1 -1 
550 219 17 24 0.18724705278873444 6 -1 -1 
360 172 23 17 0.18244613707065582 7 -1 -1 
574 205 31 25 0.18218868970870972 8 -1 -1 
310 224 13 24 0.18179327249526978 2 -1 -1 
575 205 17 24 0.18010446429252625 5 -1 -1 
574 205 31 25 0.1775168478488922 6 -1 -1 
264 266 18 31 0.17488877475261688 10 -1 -1 
359 172 24 19 0.17199093103408813 8 -1 -1 
383 144 30 23 0.17054174840450287 6 -1 -1 
264 270 14 30 0.16892124712467194 1 -1 -1 
203 276 24 35 0.16817376017570496 10 -1 -1 
263 257 28 38 0.16660413146018982 1 -1 -1 
279 259 13 34 0.16543221473693848 2 -1 -1 
574 205 31 25 0.1645568311214447 7 -1 -1 
509 131 12 23 0.16307146847248077 6 -1 -1 
139 246 57 45 0.1629522293806076 6 -1 -1 
485 156 18 18 0.16217398643493652 5 -1 -1 
264 271 27 32 0.16204631328582764 2 -1 -1 
257 253 35 41 0.16191574931144714 2 -1 -1 
562 346 17 34 0.16112637519836426 3 -1 -1 
393 141 21 23 0.15984801948070526 6 -1 -1 
264 258 27 39 0.15869256854057312 3 -1 -1 
272 267 19 30 0.1579420417547226 10 -1 -1 
212 274 15 24 0.15320739150047302 1 -1 -1 
494 118 16 25 0.15289488434791565 4 -1 -1 
546 144 17 20 0.15054677426815033 6 -1 -1 
307 240 14 23 0.1504019796848297 2 -1 -1 
551 472 26 48 0.15017586946487427 10 -1 -1 
249 198 12 28 0.14322030544281006 1 -1 -1 
263 263 19 35 0.14285460114479065 8 -1 -1 
831 423 82 82 0.14159852266311646 4 -1 -1 
377 148 24 27 0.14135050773620605 4 -1 -1 
310 224 13 24 0.1403459906578064 1 -1 -1 
575 125 38 41 0.1386469453573227 4 -1 -1 
562 340 17 30 0.13778235018253326 10 -1 -1 
201 424 97 105 0.1371401995420456 5 -1 -1 
201 285 25 31 0.13438963890075684 1 -1 -1 
787 404 103 99 0.1324261873960495 4 -1 -1 
398 138 18 23 0.13220740854740143 6 -1 -1 
551 220 16 23 0.13181012868881226 10 -1 -1 
546 144 17 20 0.13048943877220154 5 -1 -1 
575 136 45 36 0.13041311502456665 4 -1 -1 
308 236 13 23 0.13014841079711914 1 -1 -1 
349 239 12 25 0.1295291930437088 3 -1 -1 
263 263 17 31 0.12913689017295837 2 -1 -1 
201 285 25 31 0.128739595413208 4 -1 -1 
551 472 26 48 0.12613017857074738 3 -1 -1 
377 148 24 27 0.12293484807014465 5 -1 -1 
509 132 13 23 0.12240473181009293 7 -1 -1 
380 147 30 21 0.12201301753520966 7 -1 -1 
360 171 22 19 0.12134253978729248 5 -1 -1 
575 205 17 24 0.12097688764333725 8 -1 -1 
550 219 17 24 0.12025585770606995 3 -1 -1 
272 267 19 30 0.11888403445482254 3 -1 -1 
348 233 15 23 0.11879094690084457 2 -1 -1 
665 219 66 35 0.11728660017251968 4 -1 -1 
309 230 13 25 0.11675852537155151 2 -1 -1 
447 105 21 16 0.11630390584468842 5 -1 -1 
360 171 22 19 0.11376705020666122 1 -1 -1 
263 263 19 35 0.11341895908117294 3 -1 -1 
272 267 19 30 0.11251264810562134 1 -1 -1 
262 275 13 28 0.11129637062549591 1 -1 -1 
572 252 16 20 0.11066703498363495 10 -1 -1 
447 105 21 16 0.10993638634681702 4 -1 -1 
307 241 15 22 0.10927671939134598 3 -1 -1 
348 236 12 26 0.10898671299219131 10 -1 -1 
550 219 17 24 0.10886221379041672 2 -1 -1 
153 242 54 45 0.10876649618148804 4 -1 -1 
349 236 12 26 0.10778111219406128 1 -1 -1 
309 229 13 24 0.1066199392080307 10 -1 -1 
638 199 36 36 0.10613201558589935 5 -1 -1 
561 345 18 35 0.10350065678358078 4 -1 -1 
641 196 45 38 0.10333255678415298 4 -1 -1 
203 276 24 35 0.10234938561916351 1 -1 -1 
632 126 67 47 0.10086961090564728 6 -1 -1 
360 172 23 17 0.10042151808738708 10 -1 -1 
658 129 42 52 0.0995032787322998 6 -1 -1 
261 257 30 46 0.06396245211362839 6 -1 -1 
198 271 33 42 0.06323082000017166 2 -1 -1 
572 201 40 32 0.05836912989616394 4 -1 -1 
573 201 39 33 0.05711105465888977 6 -1 -1 
200 277 30 40 0.055012281984090805 9 -1 -1 
376 141 40 36 0.054213251918554306 6 -1 -1 
609 123 93 56 0.05151231959462166 4 -1 -1 
261 257 30 45 0.05064927786588669 4 -1 -1 
261 257 30 46 0.05043817684054375 9 -1 -1 
