509 539 51 65 0.9566380381584167 8 -1 -1 
568 173 33 32 0.9202102422714233 4 -1 -1 
310 618 20 54 0.9163082838058472 1 -1 -1 
408 169 33 39 0.9072722792625427 4 -1 -1 
468 141 33 30 0.9024322628974915 4 -1 -1 
414 102 27 37 0.8992195725440979 5 -1 -1 
968 508 90 66 0.8962239623069763 8 -1 -1 
422 229 40 46 0.8939717411994934 4 -1 -1 
419 517 67 115 0.8813791275024414 4 -1 -1 
325 335 51 48 0.8806811571121216 7 -1 -1 
946 346 45 67 0.872233510017395 5 -1 -1 
324 265 50 62 0.8637771606445312 4 -1 -1 
90 333 25 30 0.852927029132843 10 -1 -1 
582 508 67 94 0.8404038548469543 4 -1 -1 
354 35 22 21 0.8329908847808838 4 -1 -1 
889 434 116 67 0.8307580947875977 4 -1 -1 
588 221 12 29 0.8301540613174438 1 -1 -1 
730 398 19 39 0.829447865486145 1 -1 -1 
14 357 24 30 0.8215625286102295 10 -1 -1 
454 72 27 26 0.817972719669342 4 -1 -1 
186 122 48 26 0.8112568259239197 4 -1 -1 
685 418 37 28 0.8028166890144348 10 -1 -1 
352 368 11 36 0.801097571849823 1 -1 -1 
91 309 41 28 0.8008522987365723 10 -1 -1 
794 168 23 17 0.7941287755966187 10 -1 -1 
190 364 34 22 0.7875145077705383 3 -1 -1 
115 286 38 26 0.7855736017227173 10 -1 -1 
811 186 25 18 0.7808851599693298 10 -1 -1 
756 399 14 36 0.774182915687561 1 -1 -1 
104 276 28 24 0.7740787863731384 3 -1 -1 
1034 418 118 64 0.7731214761734009 5 -1 -1 
67 373 32 29 0.7718662619590759 10 -1 -1 
738 123 45 41 0.7664428353309631 4 -1 -1 
623 40 25 20 0.7656501531600952 4 -1 -1 
357 21 20 21 0.7570247650146484 4 -1 -1 
732 283 85 47 0.7415487170219421 5 -1 -1 
9 389 45 33 0.7360172271728516 10 -1 -1 
524 194 20 19 0.7213028073310852 10 -1 -1 
635 276 15 28 0.7165530920028687 1 -1 -1 
193 89 9 22 0.7160689234733582 1 -1 -1 
746 405 13 35 0.7145177721977234 1 -1 -1 
485 34 24 22 0.7117933630943298 4 -1 -1 
219 106 19 17 0.707382321357727 10 -1 -1 
259 29 8 19 0.6962067484855652 1 -1 -1 
179 138 22 17 0.6828808188438416 10 -1 -1 
74 490 49 36 0.6826297640800476 10 -1 -1 
835 663 28 47 0.6816938519477844 1 -1 -1 
67 341 22 27 0.6785655617713928 10 -1 -1 
598 19 43 20 0.6737273931503296 4 -1 -1 
359 72 25 25 0.6636329293251038 4 -1 -1 
528 187 12 21 0.6635338068008423 2 -1 -1 
817 196 23 16 0.6574510931968689 10 -1 -1 
775 313 68 100 0.6538547873497009 6 -1 -1 
129 337 18 29 0.6478598713874817 10 -1 -1 
213 237 27 20 0.6472992897033691 10 -1 -1 
821 667 34 43 0.6437259316444397 3 -1 -1 
133 333 13 22 0.6433992385864258 2 -1 -1 
782 715 25 34 0.6433043479919434 2 -1 -1 
210 529 23 33 0.6299842596054077 2 -1 -1 
83 482 25 43 0.628656804561615 2 -1 -1 
254 8 24 23 0.6038157343864441 4 -1 -1 
695 410 20 34 0.5942155718803406 2 -1 -1 
196 159 67 28 0.5871107578277588 4 -1 -1 
471 0 17 9 0.5658653974533081 4 -1 -1 
63 317 27 29 0.5525748133659363 10 -1 -1 
207 529 29 46 0.548584520816803 10 -1 -1 
67 365 18 31 0.5445619821548462 2 -1 -1 
540 64 47 21 0.5429757833480835 4 -1 -1 
10 336 26 25 0.5403721928596497 10 -1 -1 
245 23 8 14 0.5289708375930786 2 -1 -1 
202 542 20 37 0.5229591727256775 2 -1 -1 
230 14 5 14 0.5213509798049927 1 -1 -1 
640 284 12 25 0.5085899829864502 1 -1 -1 
175 93 10 18 0.5070623755455017 2 -1 -1 
231 8 7 19 0.506346583366394 1 -1 -1 
125 142 25 15 0.5014405846595764 3 -1 -1 
244 63 8 19 0.48749208450317383 1 -1 -1 
717 379 35 45 0.4846074879169464 7 -1 -1 
234 51 19 13 0.48376762866973877 10 -1 -1 
64 225 104 57 0.4778710603713989 4 -1 -1 
438 0 18 10 0.47444823384284973 4 -1 -1 
333 82 19 21 0.47221803665161133 8 -1 -1 
0 347 11 19 0.46492674946784973 10 -1 -1 
782 716 25 45 0.464895099401474 10 -1 -1 
-1 520 33 24 0.46345481276512146 10 -1 -1 
644 289 11 21 0.4603673815727234 1 -1 -1 
752 402 14 33 0.45709842443466187 1 -1 -1 
243 28 10 12 0.4547227919101715 10 -1 -1 
333 83 20 20 0.4526791274547577 4 -1 -1 
184 93 7 18 0.4340035915374756 1 -1 -1 
1032 419 129 63 0.42816999554634094 4 -1 -1 
205 535 27 40 0.42414426803588867 2 -1 -1 
11 338 25 23 0.4201129972934723 3 -1 -1 
244 63 8 17 0.4169982075691223 2 -1 -1 
820 666 36 44 0.4148261547088623 10 -1 -1 
81 483 29 43 0.4046720564365387 10 -1 -1 
76 484 43 42 0.4015824794769287 2 -1 -1 
188 88 7 19 0.39977186918258667 1 -1 -1 
360 55 10 16 0.39386677742004395 10 -1 -1 
186 90 8 19 0.3778914511203766 1 -1 -1 
202 539 28 39 0.37102675437927246 10 -1 -1 
189 88 8 21 0.36987239122390747 1 -1 -1 
627 78 36 43 0.3692243695259094 4 -1 -1 
236 47 20 15 0.36785563826560974 10 -1 -1 
820 665 35 45 0.3663236200809479 1 -1 -1 
1 512 20 27 0.36469414830207825 2 -1 -1 
360 53 9 17 0.35633885860443115 2 -1 -1 
741 401 14 36 0.352548211812973 1 -1 -1 
627 78 36 43 0.3525100648403168 5 -1 -1 
68 364 15 31 0.350922167301178 1 -1 -1 
360 54 10 17 0.3382369875907898 1 -1 -1 
191 363 34 22 0.3271479308605194 10 -1 -1 
172 95 9 16 0.3259413242340088 2 -1 -1 
712 361 33 19 0.32167181372642517 3 -1 -1 
644 290 11 20 0.3196222484111786 2 -1 -1 
781 716 25 46 0.31958526372909546 3 -1 -1 
67 369 30 32 0.31930506229400635 2 -1 -1 
333 83 20 20 0.3186161518096924 7 -1 -1 
688 413 33 33 0.31747862696647644 2 -1 -1 
722 378 29 30 0.31687653064727783 7 -1 -1 
178 92 8 19 0.3157840371131897 1 -1 -1 
244 69 9 14 0.3156357407569885 3 -1 -1 
205 104 22 15 0.30479541420936584 10 -1 -1 
822 158 19 20 0.30056285858154297 3 -1 -1 
0 515 25 27 0.29766127467155457 10 -1 -1 
234 44 11 19 0.29705673456192017 2 -1 -1 
234 43 11 21 0.29654282331466675 1 -1 -1 
212 528 17 26 0.2964937686920166 2 -1 -1 
245 23 8 15 0.29503437876701355 1 -1 -1 
693 410 23 35 0.294902503490448 10 -1 -1 
598 19 43 20 0.29300644993782043 5 -1 -1 
68 365 18 32 0.2917839288711548 10 -1 -1 
239 98 23 14 0.2883915305137634 8 -1 -1 
509 539 51 65 0.28531306982040405 7 -1 -1 
643 277 47 30 0.2822256088256836 7 -1 -1 
730 283 92 48 0.275757372379303 4 -1 -1 
582 509 67 92 0.2736056447029114 5 -1 -1 
888 435 117 66 0.27273932099342346 5 -1 -1 
946 349 45 64 0.26648470759391785 4 -1 -1 
325 335 51 48 0.263607382774353 8 -1 -1 
65 225 104 57 0.24589717388153076 7 -1 -1 
715 381 56 45 0.2446666657924652 7 -1 -1 
715 278 88 47 0.2405274361371994 5 -1 -1 
723 265 74 37 0.23310349881649017 5 -1 -1 
65 225 104 57 0.2310214787721634 8 -1 -1 
775 316 69 97 0.2245979607105255 7 -1 -1 
509 539 51 65 0.2166004478931427 2 -1 -1 
723 265 74 37 0.21289703249931335 4 -1 -1 
729 272 81 50 0.20517376065254211 4 -1 -1 
775 313 68 100 0.20276814699172974 8 -1 -1 
196 149 94 40 0.19823293387889862 4 -1 -1 
186 122 48 26 0.19498562812805176 5 -1 -1 
509 539 51 65 0.19440911710262299 3 -1 -1 
967 508 91 66 0.19060373306274414 7 -1 -1 
509 539 51 65 0.1824263036251068 5 -1 -1 
643 264 71 41 0.17824730277061462 4 -1 -1 
773 346 63 71 0.1767379194498062 6 -1 -1 
968 508 90 66 0.17591790854930878 5 -1 -1 
774 308 70 106 0.1725679636001587 5 -1 -1 
325 265 50 61 0.16843914985656738 5 -1 -1 
327 79 25 24 0.166696235537529 5 -1 -1 
14 357 24 29 0.16633737087249756 4 -1 -1 
65 225 104 58 0.1602727323770523 6 -1 -1 
186 122 48 26 0.15929172933101654 6 -1 -1 
359 72 25 26 0.15273790061473846 5 -1 -1 
211 102 28 22 0.15065976977348328 10 -1 -1 
509 539 51 65 0.14960236847400665 4 -1 -1 
509 539 51 65 0.14335939288139343 1 -1 -1 
419 516 68 117 0.1425991952419281 5 -1 -1 
484 34 26 23 0.14108829200267792 5 -1 -1 
642 262 71 43 0.137470543384552 5 -1 -1 
65 225 104 58 0.1366012990474701 5 -1 -1 
715 379 45 46 0.13637675344944 8 -1 -1 
65 225 104 58 0.1353345811367035 9 -1 -1 
325 335 51 49 0.13525524735450745 2 -1 -1 
325 335 51 49 0.13508647680282593 4 -1 -1 
325 335 51 49 0.13275720179080963 6 -1 -1 
327 79 25 24 0.13248023390769958 6 -1 -1 
703 278 94 47 0.13043493032455444 4 -1 -1 
327 77 24 26 0.12917743623256683 4 -1 -1 
715 381 49 46 0.12683358788490295 6 -1 -1 
11 341 26 28 0.12192636728286743 10 -1 -1 
946 346 45 67 0.12170561403036118 6 -1 -1 
325 335 51 49 0.11739879846572876 1 -1 -1 
968 508 90 66 0.11707321554422379 4 -1 -1 
325 335 51 48 0.11626574397087097 3 -1 -1 
238 88 30 21 0.11467625200748444 7 -1 -1 
1250 542 106 91 0.11415768414735794 4 -1 -1 
1076 418 112 54 0.11184963583946228 4 -1 -1 
327 77 24 26 0.11034871637821198 8 -1 -1 
207 102 32 21 0.11027216166257858 7 -1 -1 
774 308 70 106 0.10718982666730881 4 -1 -1 
207 102 32 21 0.10718093067407608 8 -1 -1 
196 157 70 30 0.10665528476238251 5 -1 -1 
729 262 87 49 0.10621074587106705 5 -1 -1 
712 363 41 56 0.10579992085695267 7 -1 -1 
327 78 25 25 0.10549572110176086 9 -1 -1 
238 88 30 21 0.1045965924859047 8 -1 -1 
1033 419 121 62 0.10178118199110031 6 -1 -1 
419 516 68 117 0.0970626026391983 6 -1 -1 
129 333 17 33 0.096294105052948 2 -1 -1 
776 309 73 104 0.09604290872812271 9 -1 -1 
68 488 57 39 0.09465526789426804 3 -1 -1 
509 539 51 66 0.09391835331916809 10 -1 -1 
1006 512 52 62 0.09252473711967468 8 -1 -1 
325 335 51 49 0.09222010523080826 9 -1 -1 
697 269 93 42 0.09199681878089905 4 -1 -1 
1033 418 132 65 0.09176179766654968 9 -1 -1 
719 266 125 64 0.08753039687871933 5 -1 -1 
417 516 71 117 0.08310708403587341 9 -1 -1 
887 433 121 69 0.08205065876245499 9 -1 -1 
773 285 94 129 0.07529284805059433 6 -1 -1 
417 516 71 117 0.07231821864843369 1 -1 -1 
707 267 131 63 0.06127206236124039 4 -1 -1 
886 434 121 68 0.059152692556381226 6 -1 -1 
768 272 104 139 0.05559275671839714 9 -1 -1 
