52 137 120 57 0.9977827668190002 9 -1 -1 
789 320 71 64 0.9850448966026306 5 -1 -1 
743 167 34 45 0.978156566619873 5 -1 -1 
157 415 115 59 0.9669277667999268 5 -1 -1 
788 159 29 44 0.9607310891151428 5 -1 -1 
28 627 179 83 0.933769941329956 4 -1 -1 
317 444 132 53 0.9111589789390564 4 -1 -1 
475 454 67 87 0.9089033603668213 4 -1 -1 
747 245 54 42 0.8864195346832275 8 -1 -1 
541 181 26 45 0.8820298910140991 7 -1 -1 
163 460 110 57 0.8785035610198975 4 -1 -1 
8 555 160 71 0.8748719096183777 4 -1 -1 
285 90 24 28 0.8558564186096191 8 -1 -1 
1116 90 37 23 0.8548086881637573 4 -1 -1 
117 505 157 65 0.8434188961982727 4 -1 -1 
855 287 13 30 0.8391951322555542 1 -1 -1 
386 0 49 21 0.8390369415283203 6 -1 -1 
563 574 72 141 0.8389676213264465 4 -1 -1 
671 20 18 17 0.8389649987220764 4 -1 -1 
771 272 76 50 0.8374817371368408 4 -1 -1 
786 76 29 15 0.8337230682373047 7 -1 -1 
718 47 21 19 0.8268414735794067 4 -1 -1 
567 110 9 26 0.8248165845870972 1 -1 -1 
351 411 107 49 0.8245194554328918 4 -1 -1 
716 18 8 16 0.8142179846763611 1 -1 -1 
726 298 44 53 0.805719792842865 4 -1 -1 
568 148 9 27 0.7847002148628235 1 -1 -1 
426 297 93 43 0.7703564167022705 4 -1 -1 
364 390 109 43 0.7616004943847656 4 -1 -1 
902 271 31 27 0.7376022934913635 10 -1 -1 
589 44 24 25 0.7372782826423645 4 -1 -1 
177 97 31 22 0.7302651405334473 10 -1 -1 
710 27 7 18 0.7219938039779663 1 -1 -1 
189 386 116 59 0.7082014679908752 4 -1 -1 
356 38 36 23 0.7042979598045349 4 -1 -1 
915 305 14 18 0.7040369510650635 2 -1 -1 
594 224 13 24 0.6979990005493164 2 -1 -1 
808 242 13 30 0.6920467019081116 1 -1 -1 
594 231 13 27 0.6895939707756042 10 -1 -1 
310 50 43 24 0.6877384185791016 7 -1 -1 
1148 706 177 58 0.6782483458518982 4 -1 -1 
835 68 17 13 0.6732009649276733 10 -1 -1 
302 479 134 65 0.6712032556533813 4 -1 -1 
612 188 12 23 0.6659262776374817 2 -1 -1 
667 66 23 24 0.6648901700973511 5 -1 -1 
163 260 34 42 0.6625088453292847 8 -1 -1 
884 299 27 25 0.6525593996047974 10 -1 -1 
741 98 33 16 0.6402909159660339 7 -1 -1 
583 108 7 21 0.633611798286438 1 -1 -1 
852 463 16 44 0.6307592988014221 1 -1 -1 
813 93 8 21 0.6233754754066467 1 -1 -1 
1021 471 27 46 0.6199091076850891 10 -1 -1 
612 196 11 23 0.6161126494407654 10 -1 -1 
131 132 69 30 0.6143332719802856 4 -1 -1 
220 85 57 37 0.6137572526931763 6 -1 -1 
1095 71 28 24 0.6128398180007935 4 -1 -1 
575 102 8 22 0.5879709720611572 1 -1 -1 
266 65 29 29 0.5718777179718018 8 -1 -1 
314 50 40 24 0.5587573647499084 8 -1 -1 
926 356 35 22 0.5330248475074768 3 -1 -1 
531 175 13 22 0.5301730632781982 2 -1 -1 
560 141 19 22 0.5181254148483276 7 -1 -1 
862 264 34 21 0.5100581645965576 3 -1 -1 
192 82 42 27 0.5040627121925354 8 -1 -1 
467 429 17 40 0.4998200535774231 2 -1 -1 
220 90 47 32 0.497001975774765 7 -1 -1 
1144 104 35 22 0.49160799384117126 4 -1 -1 
1088 99 15 21 0.4911094307899475 8 -1 -1 
285 90 23 27 0.48700982332229614 6 -1 -1 
220 88 51 34 0.4806451201438904 8 -1 -1 
53 137 120 56 0.4741605818271637 5 -1 -1 
266 65 29 29 0.46583542227745056 6 -1 -1 
163 261 34 41 0.45751693844795227 7 -1 -1 
555 79 35 24 0.4500667154788971 10 -1 -1 
756 222 18 16 0.4421154856681824 10 -1 -1 
17 161 16 27 0.4340529441833496 2 -1 -1 
834 267 20 29 0.43175482749938965 10 -1 -1 
819 268 27 26 0.4290406107902527 10 -1 -1 
926 360 45 27 0.4288038909435272 7 -1 -1 
744 204 42 28 0.42473655939102173 4 -1 -1 
467 430 17 37 0.42141830921173096 1 -1 -1 
668 66 22 24 0.4188779294490814 4 -1 -1 
462 442 22 35 0.4142298400402069 3 -1 -1 
302 479 134 65 0.4108739197254181 5 -1 -1 
578 111 7 19 0.40354275703430176 10 -1 -1 
812 93 10 21 0.4008081257343292 10 -1 -1 
811 130 70 41 0.3978639543056488 4 -1 -1 
756 89 8 19 0.3896368145942688 1 -1 -1 
924 356 38 25 0.3879534900188446 10 -1 -1 
52 137 120 57 0.3803027272224426 4 -1 -1 
573 144 8 18 0.3793875575065613 1 -1 -1 
756 88 8 18 0.3767116069793701 2 -1 -1 
862 261 37 24 0.37519797682762146 10 -1 -1 
580 109 8 21 0.3726317882537842 1 -1 -1 
879 263 30 21 0.36844009160995483 10 -1 -1 
841 236 23 23 0.36710456013679504 10 -1 -1 
809 132 66 39 0.36616867780685425 5 -1 -1 
841 267 13 28 0.36528685688972473 1 -1 -1 
559 124 10 21 0.3627341091632843 2 -1 -1 
978 376 27 54 0.35913407802581787 10 -1 -1 
462 442 22 35 0.3588794767856598 10 -1 -1 
924 357 38 24 0.35722312331199646 7 -1 -1 
850 237 18 22 0.35522353649139404 10 -1 -1 
775 73 31 17 0.35383522510528564 7 -1 -1 
747 245 54 42 0.3531288504600525 5 -1 -1 
754 218 25 19 0.34678977727890015 10 -1 -1 
813 92 10 19 0.3466431200504303 2 -1 -1 
581 109 8 21 0.34611836075782776 10 -1 -1 
791 417 18 25 0.3433130383491516 1 -1 -1 
836 239 24 23 0.33906111121177673 10 -1 -1 
741 99 32 15 0.3387134373188019 8 -1 -1 
220 104 38 19 0.3376239240169525 7 -1 -1 
285 90 24 28 0.335206001996994 7 -1 -1 
867 228 20 33 0.3351213335990906 10 -1 -1 
1021 471 27 46 0.3332062363624573 3 -1 -1 
827 272 21 24 0.33317407965660095 10 -1 -1 
163 261 34 41 0.33214321732521057 10 -1 -1 
738 81 38 26 0.3321131765842438 7 -1 -1 
842 266 12 26 0.3318561315536499 2 -1 -1 
95 132 102 33 0.3301374912261963 4 -1 -1 
812 263 18 24 0.32789674401283264 1 -1 -1 
17 162 16 24 0.3260086476802826 1 -1 -1 
576 106 8 22 0.3248903453350067 1 -1 -1 
52 137 120 56 0.32359036803245544 10 -1 -1 
559 124 10 21 0.3191341161727905 1 -1 -1 
583 108 7 21 0.31858280301094055 2 -1 -1 
743 92 24 21 0.31636232137680054 7 -1 -1 
832 243 25 23 0.31400686502456665 10 -1 -1 
841 249 15 22 0.3135327398777008 3 -1 -1 
833 247 22 21 0.31303974986076355 3 -1 -1 
170 79 20 18 0.31184127926826477 10 -1 -1 
813 264 27 27 0.3103945255279541 10 -1 -1 
190 386 113 60 0.3090720474720001 5 -1 -1 
753 220 17 17 0.30706584453582764 10 -1 -1 
558 72 33 27 0.30638387799263 10 -1 -1 
386 0 49 21 0.3063732087612152 5 -1 -1 
530 175 13 21 0.3049962520599365 1 -1 -1 
916 304 13 19 0.30487295985221863 1 -1 -1 
925 360 31 23 0.3047475218772888 3 -1 -1 
266 65 29 29 0.30342745780944824 5 -1 -1 
52 137 120 56 0.2950160801410675 3 -1 -1 
977 375 30 55 0.28856414556503296 8 -1 -1 
573 145 8 18 0.2881520986557007 10 -1 -1 
578 111 7 19 0.28807589411735535 1 -1 -1 
977 375 30 55 0.2862361669540405 7 -1 -1 
361 401 107 46 0.2855532169342041 4 -1 -1 
865 214 26 19 0.28555288910865784 10 -1 -1 
407 300 106 52 0.28473713994026184 4 -1 -1 
861 235 21 24 0.2842681407928467 10 -1 -1 
775 220 8 18 0.283681720495224 1 -1 -1 
747 208 35 27 0.2833690643310547 10 -1 -1 
928 361 40 25 0.2831333577632904 3 -1 -1 
791 236 13 24 0.28264498710632324 1 -1 -1 
540 180 27 47 0.28176262974739075 10 -1 -1 
838 229 32 29 0.2781481444835663 10 -1 -1 
786 76 29 15 0.2780202627182007 8 -1 -1 
355 38 37 23 0.2770746648311615 5 -1 -1 
833 230 35 28 0.27667176723480225 7 -1 -1 
813 262 19 22 0.2759646773338318 2 -1 -1 
809 133 66 38 0.2756628394126892 6 -1 -1 
853 463 23 47 0.2752454876899719 1 -1 -1 
464 441 20 36 0.2747080326080322 1 -1 -1 
172 403 105 56 0.2745209038257599 5 -1 -1 
898 266 32 25 0.27320030331611633 10 -1 -1 
566 84 21 19 0.2722129225730896 2 -1 -1 
530 118 20 27 0.271581768989563 8 -1 -1 
52 137 120 56 0.2703966796398163 7 -1 -1 
555 79 35 25 0.2701822519302368 7 -1 -1 
460 441 24 34 0.2680094540119171 7 -1 -1 
880 261 29 22 0.26797476410865784 7 -1 -1 
52 137 120 57 0.2631523311138153 8 -1 -1 
349 32 39 23 0.2555392384529114 4 -1 -1 
789 320 71 64 0.2511446177959442 4 -1 -1 
736 73 43 29 0.2486676722764969 8 -1 -1 
789 320 71 64 0.24597036838531494 8 -1 -1 
408 324 84 40 0.24455197155475616 4 -1 -1 
52 137 120 56 0.24298138916492462 2 -1 -1 
540 180 27 47 0.22934894263744354 8 -1 -1 
892 261 38 23 0.2225176841020584 10 -1 -1 
157 415 115 59 0.21403063833713531 4 -1 -1 
736 72 31 33 0.21360795199871063 7 -1 -1 
766 81 36 21 0.21033340692520142 7 -1 -1 
52 137 119 56 0.2097930610179901 6 -1 -1 
744 81 50 21 0.20923173427581787 7 -1 -1 
738 72 54 29 0.20574066042900085 6 -1 -1 
52 137 120 57 0.20474249124526978 1 -1 -1 
298 148 77 74 0.19785906374454498 4 -1 -1 
770 272 77 50 0.19310063123703003 5 -1 -1 
735 90 36 24 0.18833118677139282 7 -1 -1 
564 574 74 142 0.18824423849582672 1 -1 -1 
346 28 35 19 0.18764734268188477 4 -1 -1 
878 257 35 23 0.17845897376537323 10 -1 -1 
738 81 38 26 0.17821884155273438 8 -1 -1 
771 76 41 21 0.1756841391324997 7 -1 -1 
529 161 34 37 0.17426800727844238 7 -1 -1 
1144 104 35 22 0.17412154376506805 5 -1 -1 
789 320 71 64 0.16923992335796356 10 -1 -1 
734 84 27 28 0.16803239285945892 7 -1 -1 
564 574 74 142 0.16611938178539276 9 -1 -1 
417 314 94 46 0.1646478921175003 4 -1 -1 
533 170 33 35 0.1631832718849182 7 -1 -1 
351 411 108 49 0.16262315213680267 5 -1 -1 
172 403 105 56 0.15741713345050812 4 -1 -1 
789 320 71 64 0.1526406854391098 7 -1 -1 
740 71 66 27 0.1508401334285736 7 -1 -1 
529 161 34 37 0.14848466217517853 8 -1 -1 
882 265 34 23 0.14649097621440887 10 -1 -1 
523 119 27 30 0.14608201384544373 7 -1 -1 
557 134 25 30 0.14601466059684753 7 -1 -1 
297 172 66 54 0.1457120031118393 4 -1 -1 
208 375 119 57 0.13990816473960876 4 -1 -1 
221 352 113 57 0.13815893232822418 4 -1 -1 
355 396 114 48 0.13779717683792114 5 -1 -1 
163 460 111 57 0.13696613907814026 5 -1 -1 
540 181 27 46 0.13695713877677917 3 -1 -1 
298 163 81 59 0.1367560178041458 5 -1 -1 
345 28 35 19 0.13608087599277496 7 -1 -1 
541 181 26 45 0.13257427513599396 2 -1 -1 
740 66 61 27 0.1321721374988556 6 -1 -1 
222 60 73 36 0.13141757249832153 6 -1 -1 
117 506 157 65 0.13125772774219513 5 -1 -1 
1146 707 178 57 0.13051432371139526 5 -1 -1 
789 320 71 64 0.12834584712982178 2 -1 -1 
564 574 74 142 0.12654973566532135 5 -1 -1 
156 415 116 59 0.12627705931663513 6 -1 -1 
344 28 36 18 0.12611697614192963 8 -1 -1 
520 120 29 32 0.12593048810958862 10 -1 -1 
740 77 55 25 0.12429874390363693 8 -1 -1 
883 299 29 26 0.12388771772384644 3 -1 -1 
349 32 39 23 0.1230940893292427 5 -1 -1 
740 97 35 17 0.12186885625123978 10 -1 -1 
789 320 71 64 0.12107960134744644 9 -1 -1 
884 254 42 26 0.12099485099315643 10 -1 -1 
556 75 35 29 0.1200791597366333 8 -1 -1 
902 271 31 26 0.11851507425308228 4 -1 -1 
117 506 157 65 0.11849237233400345 9 -1 -1 
789 320 71 64 0.118079774081707 6 -1 -1 
744 81 50 21 0.11790716648101807 6 -1 -1 
558 70 34 30 0.1170777902007103 7 -1 -1 
195 68 72 38 0.11661558598279953 6 -1 -1 
736 72 31 33 0.11629710346460342 10 -1 -1 
202 367 109 46 0.11391468346118927 4 -1 -1 
204 74 70 40 0.11385294049978256 6 -1 -1 
223 334 107 63 0.11347608268260956 4 -1 -1 
427 297 91 43 0.11294645071029663 5 -1 -1 
588 43 25 27 0.11179797351360321 5 -1 -1 
299 179 95 52 0.11131233721971512 4 -1 -1 
740 71 66 27 0.10987665504217148 8 -1 -1 
317 444 132 53 0.10885719954967499 1 -1 -1 
117 506 157 65 0.10811153054237366 10 -1 -1 
28 626 179 83 0.1068975031375885 1 -1 -1 
130 484 147 74 0.09412166476249695 4 -1 -1 
150 425 126 82 0.0844101533293724 5 -1 -1 
1146 706 180 58 0.08095939457416534 1 -1 -1 
1145 707 181 57 0.07953276485204697 9 -1 -1 
117 506 157 65 0.07724245637655258 1 -1 -1 
1146 707 178 57 0.07589499652385712 6 -1 -1 
150 425 126 82 0.07192588597536087 4 -1 -1 
300 478 137 70 0.070688396692276 9 -1 -1 
117 506 157 65 0.057833872735500336 6 -1 -1 
