0 89 52 75 0.9957504272460938 6 -1 -1 
180 8 54 55 0.9941972494125366 9 -1 -1 
1041 94 62 34 0.9601696133613586 5 -1 -1 
547 431 77 102 0.9354729056358337 4 -1 -1 
666 369 67 93 0.9354177117347717 4 -1 -1 
1054 157 77 37 0.9035934209823608 4 -1 -1 
896 185 77 43 0.8932686448097229 4 -1 -1 
640 286 86 73 0.8931032419204712 4 -1 -1 
1036 66 43 33 0.889732301235199 8 -1 -1 
271 112 44 38 0.8782004714012146 4 -1 -1 
595 122 10 31 0.8578494787216187 1 -1 -1 
685 196 83 54 0.8521469831466675 5 -1 -1 
319 83 37 31 0.8513853549957275 4 -1 -1 
961 680 171 83 0.850525438785553 4 -1 -1 
205 51 36 28 0.835548996925354 4 -1 -1 
210 121 40 37 0.8264665007591248 4 -1 -1 
519 74 35 27 0.8108426928520203 4 -1 -1 
862 540 70 71 0.8083556294441223 3 -1 -1 
354 222 109 59 0.8052794337272644 4 -1 -1 
837 95 9 25 0.8004872798919678 1 -1 -1 
226 69 36 32 0.8004416823387146 4 -1 -1 
1267 128 62 28 0.795131266117096 4 -1 -1 
1215 198 68 38 0.793759822845459 4 -1 -1 
732 101 75 29 0.7800513505935669 4 -1 -1 
179 72 35 30 0.7786669135093689 4 -1 -1 
252 88 40 35 0.7759473323822021 4 -1 -1 
189 92 35 34 0.7659299969673157 4 -1 -1 
1114 87 64 30 0.7592235803604126 4 -1 -1 
573 77 60 31 0.7559893727302551 4 -1 -1 
503 322 50 35 0.7352490425109863 10 -1 -1 
539 8 28 20 0.7281293869018555 4 -1 -1 
137 223 37 25 0.7236778736114502 10 -1 -1 
461 143 12 32 0.7230771780014038 1 -1 -1 
134 14 24 23 0.7147452235221863 4 -1 -1 
433 139 13 32 0.7004847526550293 1 -1 -1 
604 127 10 27 0.6977778077125549 1 -1 -1 
471 143 11 32 0.6775329113006592 1 -1 -1 
861 541 71 71 0.6748182773590088 7 -1 -1 
536 114 11 28 0.671843945980072 1 -1 -1 
641 90 40 30 0.6588189005851746 4 -1 -1 
861 541 71 71 0.6583425998687744 8 -1 -1 
872 540 31 59 0.6580502986907959 2 -1 -1 
549 128 13 31 0.6512710452079773 1 -1 -1 
307 620 27 54 0.6393916606903076 3 -1 -1 
5 27 30 28 0.6247034668922424 4 -1 -1 
921 93 22 16 0.6244439482688904 10 -1 -1 
977 198 10 26 0.6239600777626038 1 -1 -1 
567 5 33 24 0.6230685114860535 4 -1 -1 
955 101 62 25 0.6170670390129089 7 -1 -1 
743 73 9 21 0.6157471537590027 1 -1 -1 
796 119 10 29 0.6124701499938965 1 -1 -1 
1130 60 20 17 0.5966993570327759 10 -1 -1 
868 61 9 21 0.5901084542274475 1 -1 -1 
61 116 12 29 0.587924599647522 1 -1 -1 
804 118 10 31 0.5877363681793213 1 -1 -1 
941 106 12 25 0.5867745280265808 2 -1 -1 
859 52 9 21 0.5832154154777527 1 -1 -1 
307 595 26 56 0.5812831521034241 2 -1 -1 
882 94 23 16 0.5641393661499023 10 -1 -1 
490 64 30 24 0.5593326091766357 4 -1 -1 
515 318 21 33 0.553853452205658 2 -1 -1 
861 91 9 24 0.5484438538551331 1 -1 -1 
850 101 8 19 0.5355251431465149 1 -1 -1 
148 212 18 31 0.5330307483673096 2 -1 -1 
225 0 28 20 0.5292568206787109 4 -1 -1 
1118 59 22 16 0.5274462699890137 10 -1 -1 
882 93 23 17 0.522732138633728 3 -1 -1 
505 325 49 33 0.5200652480125427 3 -1 -1 
522 64 11 15 0.5175968408584595 2 -1 -1 
1122 76 16 15 0.5075994729995728 10 -1 -1 
134 181 15 37 0.49844926595687866 1 -1 -1 
632 77 44 24 0.47277823090553284 4 -1 -1 
685 196 83 54 0.4719502031803131 4 -1 -1 
454 42 25 25 0.464015930891037 4 -1 -1 
142 214 30 32 0.460286945104599 2 -1 -1 
1193 151 11 21 0.45110026001930237 2 -1 -1 
506 320 36 34 0.4485466480255127 2 -1 -1 
993 68 10 23 0.4459698796272278 1 -1 -1 
1278 102 13 23 0.4306373596191406 1 -1 -1 
846 93 10 20 0.42347654700279236 1 -1 -1 
640 90 40 29 0.40919047594070435 5 -1 -1 
1035 67 44 32 0.4009495973587036 7 -1 -1 
951 107 9 22 0.40088045597076416 2 -1 -1 
861 92 10 23 0.39563584327697754 2 -1 -1 
910 105 26 18 0.3941289782524109 10 -1 -1 
1121 76 17 15 0.39223772287368774 3 -1 -1 
307 594 28 77 0.3918725848197937 1 -1 -1 
870 74 9 20 0.3913007378578186 1 -1 -1 
138 214 31 32 0.3826127052307129 10 -1 -1 
766 57 11 21 0.38243868947029114 10 -1 -1 
164 0 24 30 0.38056281208992004 8 -1 -1 
847 92 10 20 0.37620672583580017 2 -1 -1 
1278 102 13 23 0.36821800470352173 2 -1 -1 
1079 58 14 26 0.36583536863327026 10 -1 -1 
906 68 27 14 0.3635384440422058 3 -1 -1 
744 73 9 21 0.3577158451080322 2 -1 -1 
845 54 9 23 0.35764288902282715 3 -1 -1 
1185 113 19 31 0.3553468585014343 2 -1 -1 
961 73 20 31 0.35471343994140625 8 -1 -1 
1014 49 16 31 0.3545050621032715 3 -1 -1 
610 58 9 21 0.3497736155986786 1 -1 -1 
850 101 9 19 0.3479633927345276 2 -1 -1 
704 98 29 25 0.3464079797267914 7 -1 -1 
815 88 12 18 0.34617945551872253 10 -1 -1 
869 61 8 20 0.3460385203361511 2 -1 -1 
821 85 8 17 0.34573593735694885 1 -1 -1 
1058 46 11 20 0.34452247619628906 1 -1 -1 
869 39 9 23 0.343055784702301 1 -1 -1 
759 79 9 19 0.34220483899116516 10 -1 -1 
1183 113 24 32 0.34132319688796997 10 -1 -1 
550 140 30 28 0.3403065502643585 10 -1 -1 
600 124 11 29 0.33931124210357666 1 -1 -1 
990 66 10 25 0.3391338586807251 1 -1 -1 
833 96 9 23 0.33690330386161804 1 -1 -1 
707 99 26 25 0.3328464925289154 8 -1 -1 
514 319 27 33 0.33271700143814087 10 -1 -1 
565 142 15 23 0.33077189326286316 10 -1 -1 
520 67 14 16 0.33029961585998535 10 -1 -1 
157 214 15 27 0.3300541639328003 2 -1 -1 
1058 48 25 21 0.3275405764579773 10 -1 -1 
632 54 37 21 0.3238087594509125 4 -1 -1 
868 99 20 17 0.32369914650917053 3 -1 -1 
535 113 9 24 0.32327866554260254 1 -1 -1 
1058 46 11 19 0.32321178913116455 2 -1 -1 
758 82 9 22 0.3167211413383484 3 -1 -1 
551 141 27 26 0.31519314646720886 3 -1 -1 
845 54 9 23 0.31089431047439575 1 -1 -1 
1142 104 16 26 0.3108844757080078 1 -1 -1 
1019 49 14 31 0.3094499409198761 3 -1 -1 
5 27 30 28 0.30811384320259094 5 -1 -1 
553 50 12 21 0.30665215849876404 1 -1 -1 
821 100 16 19 0.3063185214996338 10 -1 -1 
1103 45 15 18 0.3058033883571625 3 -1 -1 
550 74 18 18 0.3057604432106018 10 -1 -1 
872 540 31 59 0.30575627088546753 1 -1 -1 
814 98 11 22 0.3043932318687439 3 -1 -1 
567 5 33 24 0.30429819226264954 5 -1 -1 
614 57 10 21 0.3024124801158905 1 -1 -1 
179 9 54 52 0.3013215661048889 4 -1 -1 
465 143 15 32 0.2953455150127411 1 -1 -1 
758 82 9 22 0.29435670375823975 10 -1 -1 
820 84 8 20 0.29407042264938354 2 -1 -1 
911 105 28 18 0.29258260130882263 3 -1 -1 
922 90 25 16 0.29198628664016724 10 -1 -1 
933 51 11 19 0.2918633818626404 2 -1 -1 
849 94 8 21 0.2918255031108856 1 -1 -1 
767 66 11 23 0.290793240070343 10 -1 -1 
711 76 7 16 0.2904420793056488 1 -1 -1 
1098 43 16 20 0.29043835401535034 3 -1 -1 
766 57 11 21 0.2903302013874054 3 -1 -1 
814 92 10 21 0.2897675335407257 3 -1 -1 
716 79 21 20 0.28934672474861145 3 -1 -1 
836 74 11 16 0.2863982021808624 10 -1 -1 
634 83 43 28 0.28612300753593445 4 -1 -1 
0 89 52 75 0.28574246168136597 5 -1 -1 
990 66 10 25 0.28519898653030396 2 -1 -1 
678 88 31 22 0.28505778312683105 7 -1 -1 
744 92 8 14 0.28480708599090576 1 -1 -1 
759 78 9 19 0.28417909145355225 2 -1 -1 
993 65 11 26 0.28291448950767517 2 -1 -1 
716 79 21 20 0.2798665761947632 10 -1 -1 
816 101 12 19 0.27926021814346313 3 -1 -1 
0 89 52 75 0.2758499085903168 10 -1 -1 
490 64 30 24 0.2689165472984314 5 -1 -1 
354 222 108 59 0.26865047216415405 5 -1 -1 
954 101 62 25 0.25922462344169617 8 -1 -1 
0 89 52 75 0.2558318078517914 4 -1 -1 
864 539 63 71 0.2516288757324219 2 -1 -1 
1017 49 26 30 0.2465510368347168 3 -1 -1 
0 89 52 75 0.24650423228740692 9 -1 -1 
1041 94 62 34 0.2426145076751709 4 -1 -1 
453 42 28 26 0.23816795647144318 6 -1 -1 
863 540 45 69 0.23586413264274597 1 -1 -1 
0 89 52 75 0.2339448183774948 2 -1 -1 
1041 93 62 35 0.2298395335674286 6 -1 -1 
1183 114 26 31 0.2254120409488678 3 -1 -1 
0 89 52 74 0.22277522087097168 7 -1 -1 
1036 66 43 33 0.2167339324951172 4 -1 -1 
1036 66 43 33 0.2158021330833435 5 -1 -1 
180 8 54 55 0.21352779865264893 6 -1 -1 
137 223 37 25 0.2125370055437088 2 -1 -1 
453 42 28 26 0.21227382123470306 5 -1 -1 
0 89 52 74 0.20962761342525482 8 -1 -1 
953 70 27 31 0.20904941856861115 8 -1 -1 
180 8 54 55 0.20563533902168274 5 -1 -1 
921 89 38 20 0.20242322981357574 10 -1 -1 
640 286 86 72 0.20210525393486023 5 -1 -1 
140 211 28 29 0.20133119821548462 2 -1 -1 
1059 49 31 31 0.20123012363910675 10 -1 -1 
180 9 54 54 0.1958603411912918 1 -1 -1 
146 212 24 31 0.1909792721271515 1 -1 -1 
453 41 28 27 0.18205423653125763 8 -1 -1 
1020 53 33 26 0.17957477271556854 3 -1 -1 
0 89 52 74 0.17879295349121094 1 -1 -1 
180 8 54 55 0.17717155814170837 2 -1 -1 
138 223 36 25 0.17612998187541962 3 -1 -1 
1183 112 24 32 0.17555250227451324 1 -1 -1 
862 541 44 70 0.17477497458457947 9 -1 -1 
306 594 28 76 0.1734180748462677 3 -1 -1 
955 101 62 25 0.17314770817756653 6 -1 -1 
959 72 22 33 0.17207615077495575 7 -1 -1 
180 8 54 55 0.16876080632209778 10 -1 -1 
453 41 28 27 0.16588981449604034 7 -1 -1 
1065 55 28 30 0.16409830749034882 10 -1 -1 
139 220 34 27 0.1614179164171219 1 -1 -1 
151 212 24 30 0.16090592741966248 2 -1 -1 
1041 93 62 34 0.15659792721271515 8 -1 -1 
1 0 24 28 0.15597045421600342 4 -1 -1 
306 594 29 76 0.15264780819416046 10 -1 -1 
520 74 34 26 0.15168166160583496 5 -1 -1 
537 23 65 47 0.14902804791927338 6 -1 -1 
954 70 27 32 0.1487807035446167 6 -1 -1 
0 89 52 75 0.1470068097114563 3 -1 -1 
1011 47 21 33 0.14571337401866913 10 -1 -1 
914 93 30 27 0.14173348248004913 10 -1 -1 
1010 45 26 30 0.1412562131881714 3 -1 -1 
952 70 28 28 0.1407826691865921 7 -1 -1 
138 229 35 26 0.1396861970424652 10 -1 -1 
2 0 24 28 0.13857777416706085 5 -1 -1 
896 185 78 42 0.13801449537277222 5 -1 -1 
1215 198 68 38 0.1368752121925354 5 -1 -1 
446 35 32 31 0.1366237848997116 4 -1 -1 
960 679 174 84 0.1360994279384613 5 -1 -1 
180 8 54 55 0.1349816918373108 7 -1 -1 
431 135 19 37 0.1347316950559616 1 -1 -1 
795 115 16 34 0.13175426423549652 1 -1 -1 
139 220 34 27 0.1314973682165146 7 -1 -1 
958 68 32 24 0.13086313009262085 8 -1 -1 
1016 48 27 31 0.13085046410560608 10 -1 -1 
1041 48 44 27 0.12898460030555725 10 -1 -1 
138 214 31 32 0.12773384153842926 3 -1 -1 
1055 57 33 29 0.12553106248378754 10 -1 -1 
958 68 32 24 0.12426919490098953 7 -1 -1 
1036 47 34 25 0.12421322613954544 10 -1 -1 
1029 49 33 28 0.12404747307300568 3 -1 -1 
1053 48 35 24 0.12387785315513611 7 -1 -1 
147 213 25 31 0.12357671558856964 10 -1 -1 
138 229 35 26 0.12348145246505737 3 -1 -1 
958 68 32 24 0.12257646769285202 6 -1 -1 
180 8 54 56 0.122325599193573 8 -1 -1 
874 90 31 21 0.12195432931184769 10 -1 -1 
928 109 31 22 0.12024436891078949 10 -1 -1 
1035 67 44 32 0.11928117275238037 3 -1 -1 
180 8 54 55 0.11867101490497589 3 -1 -1 
1054 157 77 37 0.11739585548639297 5 -1 -1 
131 184 20 44 0.1168915405869484 1 -1 -1 
685 196 83 54 0.11671983450651169 8 -1 -1 
977 103 43 24 0.11524295806884766 7 -1 -1 
133 213 30 32 0.11403723061084747 2 -1 -1 
547 431 77 102 0.11370468884706497 1 -1 -1 
708 94 95 33 0.11314403265714645 4 -1 -1 
1072 49 23 34 0.1112489178776741 10 -1 -1 
666 369 68 93 0.11124119907617569 5 -1 -1 
921 88 39 21 0.1110127717256546 3 -1 -1 
5 27 30 28 0.11084716022014618 6 -1 -1 
1035 48 35 25 0.11021158844232559 3 -1 -1 
928 98 87 29 0.07955004274845123 6 -1 -1 
1039 92 64 37 0.06564348936080933 9 -1 -1 
1036 80 66 43 0.059217873960733414 5 -1 -1 
927 98 89 29 0.055016692727804184 7 -1 -1 
