957 129 73 93 0.9739633202552795 5 -1 -1 
566 247 111 142 0.9272858500480652 4 -1 -1 
1057 104 148 58 0.9256525635719299 4 -1 -1 
665 44 63 70 0.924527645111084 4 -1 -1 
638 123 77 108 0.9166239500045776 4 -1 -1 
1131 270 36 71 0.9116882681846619 1 -1 -1 
142 366 39 80 0.8909193277359009 1 -1 -1 
78 505 54 99 0.8157128095626831 1 -1 -1 
987 2 85 44 0.7613566517829895 4 -1 -1 
1065 156 143 69 0.7462817430496216 4 -1 -1 
-2 581 161 182 0.7282684445381165 5 -1 -1 
388 106 26 39 0.6611198782920837 2 -1 -1 
1020 71 128 47 0.5849871635437012 4 -1 -1 
1117 157 91 51 0.5576948523521423 4 -1 -1 
141 334 41 101 0.5373656153678894 1 -1 -1 
1258 379 100 112 0.5243415236473083 4 -1 -1 
1064 158 92 70 0.4646275043487549 4 -1 -1 
1015 43 151 74 0.44726499915122986 5 -1 -1 
397 111 18 34 0.39344337582588196 2 -1 -1 
952 0 76 21 0.37679168581962585 4 -1 -1 
388 106 26 39 0.3683321177959442 1 -1 -1 
1017 43 151 76 0.35815364122390747 4 -1 -1 
1016 69 138 48 0.31640493869781494 5 -1 -1 
-2 582 161 181 0.28554654121398926 4 -1 -1 
140 334 42 88 0.27759724855422974 2 -1 -1 
1174 99 22 30 0.26476481556892395 1 -1 -1 
388 106 19 29 0.25961729884147644 2 -1 -1 
139 335 33 79 0.25961363315582275 1 -1 -1 
1029 34 157 85 0.23799867928028107 6 -1 -1 
1003 21 168 78 0.2355000525712967 9 -1 -1 
397 111 18 34 0.23085181415081024 1 -1 -1 
638 124 78 107 0.21873290836811066 5 -1 -1 
1285 257 74 97 0.21863168478012085 6 -1 -1 
236 118 150 94 0.2170426845550537 6 -1 -1 
140 336 24 54 0.21554771065711975 1 -1 -1 
1005 24 145 77 0.20943038165569305 5 -1 -1 
957 129 73 93 0.20527562499046326 4 -1 -1 
1005 24 145 77 0.19851118326187134 4 -1 -1 
979 1 75 36 0.1874503195285797 4 -1 -1 
140 336 26 57 0.1786978542804718 2 -1 -1 
962 0 87 27 0.16933384537696838 4 -1 -1 
1078 156 131 67 0.16686202585697174 5 -1 -1 
957 129 73 93 0.16598182916641235 9 -1 -1 
78 504 53 101 0.16477492451667786 4 -1 -1 
1018 36 156 83 0.16359934210777283 9 -1 -1 
1007 48 112 43 0.16157370805740356 4 -1 -1 
388 106 19 29 0.15982241928577423 1 -1 -1 
952 0 76 21 0.1594737023115158 5 -1 -1 
1154 160 54 49 0.15085865557193756 4 -1 -1 
1296 48 31 31 0.149783656001091 4 -1 -1 
1003 21 168 78 0.14970090985298157 6 -1 -1 
533 16 30 24 0.14715418219566345 3 -1 -1 
1174 99 22 29 0.14527453482151031 2 -1 -1 
1119 155 89 55 0.14473089575767517 5 -1 -1 
986 2 82 43 0.1447252482175827 5 -1 -1 
957 129 73 93 0.14447520673274994 8 -1 -1 
1131 269 37 72 0.1432102918624878 4 -1 -1 
1018 58 146 61 0.14116568863391876 6 -1 -1 
1057 104 148 58 0.13235051929950714 1 -1 -1 
1259 380 98 112 0.13100408017635345 5 -1 -1 
1100 62 12 30 0.12765586376190186 1 -1 -1 
533 10 30 29 0.12616051733493805 10 -1 -1 
1286 267 69 86 0.12583613395690918 5 -1 -1 
1173 119 31 36 0.12473184615373611 4 -1 -1 
987 2 85 44 0.1227065697312355 1 -1 -1 
957 129 73 93 0.12097396701574326 6 -1 -1 
547 20 18 19 0.1208692342042923 3 -1 -1 
280 726 133 41 0.12078843265771866 4 -1 -1 
1136 161 72 63 0.1192290410399437 4 -1 -1 
1004 21 83 58 0.1185348629951477 4 -1 -1 
-3 581 162 181 0.1175776943564415 6 -1 -1 
1295 48 33 32 0.11715702712535858 5 -1 -1 
566 248 112 141 0.11693698167800903 1 -1 -1 
250 167 121 44 0.11533624678850174 6 -1 -1 
143 366 29 50 0.11518322676420212 2 -1 -1 
139 338 34 83 0.11236882954835892 9 -1 -1 
140 335 47 113 0.11154890805482864 9 -1 -1 
1295 48 33 32 0.11129400879144669 6 -1 -1 
153 373 25 73 0.11059880256652832 1 -1 -1 
666 44 62 70 0.11059290170669556 1 -1 -1 
1058 105 147 58 0.10984525829553604 5 -1 -1 
665 44 63 69 0.10805180668830872 5 -1 -1 
1173 119 31 36 0.10781192779541016 5 -1 -1 
541 11 26 27 0.10625781118869781 3 -1 -1 
1065 155 143 69 0.10367985814809799 1 -1 -1 
550 16 14 22 0.10307648032903671 2 -1 -1 
957 129 72 93 0.10143507272005081 10 -1 -1 
566 247 112 142 0.1009666845202446 5 -1 -1 
-1 582 159 182 0.10077733546495438 9 -1 -1 
1286 267 69 86 0.100667305290699 4 -1 -1 
142 366 39 80 0.09998057782649994 4 -1 -1 
1018 58 146 61 0.09958042204380035 1 -1 -1 
142 366 39 80 0.09947021305561066 2 -1 -1 
232 139 19 41 0.09687639027833939 10 -1 -1 
1087 25 10 27 0.09560014307498932 1 -1 -1 
1177 99 25 24 0.0950043797492981 1 -1 -1 
533 10 30 29 0.09470883011817932 7 -1 -1 
997 13 83 49 0.09424316883087158 4 -1 -1 
1019 69 134 49 0.09367939829826355 9 -1 -1 
1117 157 91 51 0.09360230714082718 1 -1 -1 
957 129 73 93 0.09284745901823044 7 -1 -1 
1209 142 148 187 0.09251682460308075 6 -1 -1 
232 139 18 42 0.09234241396188736 1 -1 -1 
1094 61 17 32 0.09146838635206223 1 -1 -1 
1044 50 80 39 0.09115837514400482 5 -1 -1 
33 501 76 95 0.09003228694200516 1 -1 -1 
142 346 40 99 0.09002514183521271 3 -1 -1 
56 497 80 95 0.08788381516933441 1 -1 -1 
1174 102 25 30 0.08736050873994827 3 -1 -1 
143 366 29 58 0.08662882447242737 1 -1 -1 
565 247 112 143 0.08563005924224854 10 -1 -1 
1137 266 34 59 0.08555629104375839 1 -1 -1 
550 16 14 22 0.08491787314414978 1 -1 -1 
1038 56 121 54 0.08454856276512146 4 -1 -1 
141 336 39 59 0.08439245820045471 1 -1 -1 
77 503 56 102 0.08355063945055008 2 -1 -1 
1063 185 16 39 0.08227773755788803 1 -1 -1 
1039 49 116 51 0.08190491795539856 8 -1 -1 
238 120 150 92 0.08152919262647629 8 -1 -1 
232 139 18 43 0.08131323754787445 2 -1 -1 
1182 171 24 40 0.08128807693719864 1 -1 -1 
566 248 112 141 0.08118320256471634 9 -1 -1 
546 10 19 27 0.08090909570455551 2 -1 -1 
1171 101 29 24 0.08081711083650589 10 -1 -1 
232 138 18 41 0.08076392114162445 3 -1 -1 
1065 157 95 70 0.07985641062259674 5 -1 -1 
962 0 87 27 0.07883071154356003 5 -1 -1 
1005 34 105 51 0.07879815250635147 4 -1 -1 
237 115 151 96 0.07843511551618576 9 -1 -1 
665 44 63 70 0.07728996127843857 9 -1 -1 
957 129 73 93 0.0772637128829956 2 -1 -1 
138 334 23 46 0.07669422030448914 2 -1 -1 
1116 165 95 75 0.07612717896699905 4 -1 -1 
388 110 26 36 0.07571948319673538 10 -1 -1 
1131 270 36 71 0.07550691813230515 2 -1 -1 
532 0 57 40 0.07539918273687363 8 -1 -1 
535 8 31 30 0.07520657032728195 2 -1 -1 
1014 60 108 54 0.07462427020072937 4 -1 -1 
546 10 19 27 0.07381534576416016 1 -1 -1 
534 9 30 29 0.07279670983552933 8 -1 -1 
140 334 40 95 0.07277919352054596 10 -1 -1 
1044 68 149 56 0.07200588285923004 6 -1 -1 
1058 24 132 79 0.07192085683345795 6 -1 -1 
234 121 147 91 0.0715319886803627 5 -1 -1 
138 346 36 95 0.07152270525693893 2 -1 -1 
229 151 142 65 0.07134094834327698 6 -1 -1 
638 124 77 106 0.07063648104667664 9 -1 -1 
238 120 150 92 0.07035123556852341 7 -1 -1 
665 44 63 70 0.0695808008313179 10 -1 -1 
1255 400 103 159 0.06954831629991531 5 -1 -1 
549 17 16 21 0.06951107084751129 10 -1 -1 
251 167 120 43 0.06835000962018967 4 -1 -1 
1018 36 156 83 0.06777512282133102 8 -1 -1 
1173 119 31 36 0.06673800200223923 9 -1 -1 
1258 379 99 111 0.06658732146024704 1 -1 -1 
135 366 34 80 0.06641791015863419 1 -1 -1 
1004 21 105 72 0.06628704816102982 9 -1 -1 
278 726 134 40 0.06620300561189651 5 -1 -1 
1097 59 14 30 0.0659184604883194 2 -1 -1 
141 338 29 56 0.06586694717407227 9 -1 -1 
1066 156 142 65 0.06524787098169327 6 -1 -1 
1057 104 148 58 0.06504122167825699 6 -1 -1 
1044 50 80 39 0.064775250852108 4 -1 -1 
1007 48 112 43 0.06477499008178711 6 -1 -1 
301 168 33 17 0.06470836699008942 4 -1 -1 
142 366 39 80 0.06461848318576813 10 -1 -1 
547 13 18 25 0.06397196650505066 7 -1 -1 
1007 48 112 43 0.06376181542873383 5 -1 -1 
638 124 77 107 0.06318017840385437 1 -1 -1 
1057 104 148 58 0.0629887729883194 9 -1 -1 
249 164 114 41 0.06282215565443039 5 -1 -1 
1005 8 144 69 0.0626295655965805 9 -1 -1 
982 1 61 38 0.06261643767356873 5 -1 -1 
1177 97 25 26 0.062442295253276825 2 -1 -1 
981 0 88 24 0.062419965863227844 4 -1 -1 
154 365 37 81 0.06234380975365639 1 -1 -1 
565 247 112 143 0.06210263818502426 7 -1 -1 
638 124 77 107 0.062101006507873535 10 -1 -1 
1105 149 97 46 0.06190304830670357 4 -1 -1 
388 110 26 36 0.061604999005794525 3 -1 -1 
390 100 34 46 0.061367977410554886 1 -1 -1 
1065 158 92 69 0.06136684492230415 1 -1 -1 
1179 101 23 34 0.06071824952960014 1 -1 -1 
1136 161 72 63 0.06065690889954567 5 -1 -1 
529 1 56 40 0.06035532429814339 7 -1 -1 
1007 48 112 43 0.060118772089481354 9 -1 -1 
1076 38 133 79 0.05963897332549095 6 -1 -1 
1046 35 161 87 0.059374406933784485 4 -1 -1 
536 8 34 29 0.059358689934015274 1 -1 -1 
1054 48 106 53 0.05912676081061363 9 -1 -1 
162 432 18 15 0.05907939746975899 1 -1 -1 
1057 104 148 58 0.05890372768044472 7 -1 -1 
1054 54 82 44 0.05796404182910919 5 -1 -1 
1003 21 168 78 0.05796095356345177 8 -1 -1 
1250 423 107 129 0.05776497721672058 4 -1 -1 
953 0 92 22 0.057527899742126465 6 -1 -1 
-3 490 163 251 0.05717930942773819 6 -1 -1 
957 129 72 93 0.057173751294612885 1 -1 -1 
1268 181 90 135 0.057172250002622604 6 -1 -1 
138 334 22 42 0.05707757920026779 1 -1 -1 
1046 35 161 87 0.0566442646086216 5 -1 -1 
1149 267 20 53 0.056555140763521194 1 -1 -1 
1063 185 16 39 0.05609579756855965 2 -1 -1 
534 20 30 20 0.055859483778476715 9 -1 -1 
74 503 41 72 0.055793337523937225 2 -1 -1 
1054 48 106 53 0.05576399341225624 6 -1 -1 
665 44 63 70 0.055750563740730286 7 -1 -1 
1131 269 37 72 0.0551811121404171 10 -1 -1 
547 13 18 25 0.05510452762246132 8 -1 -1 
1154 160 54 49 0.054954227060079575 5 -1 -1 
1003 5 67 25 0.05494020879268646 4 -1 -1 
233 68 165 145 0.0543728806078434 6 -1 -1 
78 505 54 99 0.05414554849267006 10 -1 -1 
1131 269 37 72 0.05381234362721443 3 -1 -1 
1286 266 68 86 0.053660374134778976 9 -1 -1 
1296 244 60 83 0.05344809964299202 6 -1 -1 
548 22 16 17 0.05319676548242569 9 -1 -1 
1008 28 160 85 0.05305444449186325 1 -1 -1 
270 724 146 39 0.052808977663517 9 -1 -1 
1038 56 121 54 0.052543118596076965 7 -1 -1 
952 0 76 21 0.05232829228043556 9 -1 -1 
1022 19 66 44 0.05227043479681015 4 -1 -1 
952 0 44 23 0.05223369225859642 4 -1 -1 
1329 324 16 28 0.052066173404455185 1 -1 -1 
24 499 77 85 0.05191921442747116 9 -1 -1 
1102 58 14 32 0.05191097408533096 1 -1 -1 
542 9 24 28 0.05142955854535103 10 -1 -1 
231 136 27 48 0.05135078355669975 1 -1 -1 
1302 47 28 22 0.05117366462945938 4 -1 -1 
142 365 24 35 0.05113976448774338 2 -1 -1 
638 123 77 108 0.05108794942498207 7 -1 -1 
979 0 46 27 0.051077261567115784 4 -1 -1 
536 8 41 29 0.05092056840658188 3 -1 -1 
250 167 121 44 0.05075792595744133 7 -1 -1 
1054 28 154 79 0.050707317888736725 9 -1 -1 
957 1 72 34 0.05011654645204544 4 -1 -1 
1174 101 23 26 0.050051212310791016 9 -1 -1 
