42 182 64 28 0.9427065253257751 4 -1 -1 
272 196 36 46 0.9226417541503906 4 -1 -1 
328 62 23 25 0.9112142324447632 4 -1 -1 
466 251 33 51 0.9082564115524292 4 -1 -1 
458 76 20 23 0.9074929356575012 4 -1 -1 
729 61 41 21 0.905230700969696 4 -1 -1 
0 160 66 28 0.8940072655677795 4 -1 -1 
682 369 17 28 0.8877070546150208 1 -1 -1 
459 489 51 50 0.8750342130661011 4 -1 -1 
463 120 23 32 0.8697234392166138 4 -1 -1 
383 153 33 33 0.869692862033844 4 -1 -1 
434 147 26 35 0.8631839156150818 4 -1 -1 
84 105 51 23 0.854763388633728 4 -1 -1 
801 54 28 22 0.8536925315856934 4 -1 -1 
152 86 50 22 0.8530314564704895 4 -1 -1 
335 138 29 39 0.8429367542266846 4 -1 -1 
358 65 24 29 0.8045055866241455 4 -1 -1 
103 153 42 23 0.7925459742546082 7 -1 -1 
660 67 34 20 0.7256030440330505 4 -1 -1 
453 41 19 20 0.7189178466796875 4 -1 -1 
585 425 15 30 0.6794239282608032 3 -1 -1 
770 89 29 26 0.6777710318565369 4 -1 -1 
406 274 11 17 0.6590136885643005 2 -1 -1 
260 303 52 76 0.6439638733863831 4 -1 -1 
562 186 9 23 0.602611243724823 1 -1 -1 
405 273 14 27 0.6022689342498779 10 -1 -1 
586 419 13 21 0.6018313765525818 2 -1 -1 
828 93 49 34 0.516517698764801 6 -1 -1 
614 527 9 10 0.46088936924934387 8 -1 -1 
594 247 17 10 0.4526670277118683 10 -1 -1 
260 303 51 76 0.4312679171562195 5 -1 -1 
770 89 29 26 0.4085202217102051 5 -1 -1 
787 136 17 14 0.4032316505908966 10 -1 -1 
782 131 22 20 0.4017568826675415 10 -1 -1 
801 66 28 10 0.39396485686302185 4 -1 -1 
879 118 14 21 0.3814513385295868 8 -1 -1 
892 148 17 14 0.36822888255119324 10 -1 -1 
292 516 44 22 0.3592623174190521 4 -1 -1 
614 527 9 10 0.3492422103881836 7 -1 -1 
564 193 8 18 0.34915679693222046 3 -1 -1 
759 382 16 33 0.34690600633621216 3 -1 -1 
407 273 11 14 0.3467252850532532 2 -1 -1 
213 23 6 14 0.3435211479663849 1 -1 -1 
104 154 40 22 0.335257887840271 8 -1 -1 
676 52 20 22 0.3219033479690552 4 -1 -1 
489 70 6 16 0.31763994693756104 1 -1 -1 
828 93 49 34 0.31407204270362854 8 -1 -1 
719 89 36 34 0.302386999130249 4 -1 -1 
879 118 14 21 0.30052468180656433 7 -1 -1 
676 52 20 22 0.2982866168022156 8 -1 -1 
762 123 19 15 0.2979812026023865 10 -1 -1 
866 86 8 14 0.29480597376823425 1 -1 -1 
595 247 16 10 0.2898309528827667 3 -1 -1 
253 29 8 20 0.28699567914009094 10 -1 -1 
897 154 24 17 0.2775340676307678 10 -1 -1 
587 193 6 14 0.27258995175361633 1 -1 -1 
828 93 50 34 0.27137184143066406 9 -1 -1 
885 141 8 13 0.2685316503047943 1 -1 -1 
208 24 9 15 0.267405241727829 10 -1 -1 
637 334 15 13 0.26471590995788574 2 -1 -1 
412 272 7 13 0.2633339464664459 2 -1 -1 
207 30 7 9 0.26145249605178833 10 -1 -1 
211 22 7 13 0.2578265070915222 1 -1 -1 
123 153 9 18 0.2574152946472168 2 -1 -1 
764 392 11 23 0.2565247714519501 3 -1 -1 
406 273 8 13 0.254961758852005 2 -1 -1 
788 438 13 17 0.24815526604652405 10 -1 -1 
405 276 12 23 0.2471582442522049 2 -1 -1 
500 31 11 15 0.244319885969162 10 -1 -1 
585 423 15 31 0.2408452183008194 10 -1 -1 
830 94 47 34 0.23710958659648895 5 -1 -1 
125 153 10 20 0.23552528023719788 2 -1 -1 
562 186 9 23 0.23275986313819885 2 -1 -1 
636 333 16 14 0.2320968508720398 1 -1 -1 
866 86 8 13 0.22938701510429382 2 -1 -1 
253 27 8 21 0.22742873430252075 3 -1 -1 
779 161 29 22 0.22602678835391998 10 -1 -1 
676 52 21 21 0.22478163242340088 7 -1 -1 
884 141 9 13 0.22198356688022614 2 -1 -1 
584 419 15 29 0.22147183120250702 3 -1 -1 
893 150 24 18 0.2200039029121399 10 -1 -1 
129 153 9 19 0.21979586780071259 2 -1 -1 
768 120 15 17 0.21974904835224152 10 -1 -1 
676 53 20 22 0.2145393341779709 6 -1 -1 
797 94 78 39 0.21381966769695282 6 -1 -1 
586 431 19 27 0.2118905931711197 3 -1 -1 
880 141 13 14 0.21140156686306 10 -1 -1 
790 153 13 9 0.21040163934230804 2 -1 -1 
358 65 24 30 0.19996905326843262 5 -1 -1 
120 152 10 15 0.199754536151886 2 -1 -1 
676 53 20 22 0.198944091796875 5 -1 -1 
790 153 12 9 0.1981651484966278 1 -1 -1 
780 126 23 21 0.19653820991516113 10 -1 -1 
583 52 62 27 0.19389386475086212 4 -1 -1 
586 418 14 25 0.1925373673439026 1 -1 -1 
676 51 22 13 0.19149309396743774 4 -1 -1 
563 188 9 23 0.19144044816493988 10 -1 -1 
215 27 4 11 0.19023846089839935 1 -1 -1 
675 53 15 17 0.18885664641857147 1 -1 -1 
564 193 8 18 0.18674540519714355 1 -1 -1 
587 419 15 29 0.18279096484184265 2 -1 -1 
842 75 40 22 0.18066084384918213 8 -1 -1 
212 23 7 14 0.17755508422851562 2 -1 -1 
842 75 23 15 0.17737282812595367 3 -1 -1 
254 30 8 19 0.1762915551662445 1 -1 -1 
894 153 17 13 0.1736651211977005 10 -1 -1 
774 118 9 18 0.17310366034507751 10 -1 -1 
762 117 22 20 0.17305676639080048 10 -1 -1 
787 125 20 20 0.17260129749774933 10 -1 -1 
406 274 11 17 0.1725144386291504 1 -1 -1 
207 30 7 9 0.17107804119586945 2 -1 -1 
103 152 40 23 0.1679639220237732 10 -1 -1 
103 150 35 20 0.16536463797092438 7 -1 -1 
782 139 21 12 0.1643873155117035 10 -1 -1 
821 93 54 49 0.16434983909130096 6 -1 -1 
552 123 14 26 0.1642950475215912 1 -1 -1 
216 24 7 14 0.16407354176044464 1 -1 -1 
896 155 16 13 0.16078755259513855 10 -1 -1 
208 29 8 10 0.15767882764339447 10 -1 -1 
801 100 11 23 0.15683425962924957 1 -1 -1 
801 66 28 10 0.15593813359737396 5 -1 -1 
780 122 24 19 0.15457265079021454 10 -1 -1 
212 27 7 11 0.1540074348449707 1 -1 -1 
405 282 12 19 0.1539774090051651 10 -1 -1 
213 24 6 14 0.15348520874977112 10 -1 -1 
562 187 9 23 0.15303167700767517 3 -1 -1 
251 30 8 17 0.15272194147109985 3 -1 -1 
489 70 7 17 0.15067215263843536 10 -1 -1 
765 116 8 12 0.14934559166431427 2 -1 -1 
214 25 5 13 0.1491391658782959 2 -1 -1 
208 24 7 14 0.1487795114517212 2 -1 -1 
779 162 29 22 0.1482190191745758 3 -1 -1 
757 380 16 24 0.14770619571208954 3 -1 -1 
682 369 17 28 0.14568458497524261 4 -1 -1 
210 23 8 15 0.1452682465314865 3 -1 -1 
879 118 14 21 0.14469102025032043 10 -1 -1 
102 152 42 23 0.1425129920244217 3 -1 -1 
434 147 26 35 0.1415724754333496 5 -1 -1 
759 382 13 17 0.14156869053840637 10 -1 -1 
787 153 14 13 0.14141947031021118 1 -1 -1 
676 52 20 12 0.1400456726551056 7 -1 -1 
789 128 14 15 0.139316126704216 10 -1 -1 
208 25 8 14 0.1387469470500946 1 -1 -1 
32 174 36 14 0.13830438256263733 4 -1 -1 
576 51 69 28 0.13808901607990265 6 -1 -1 
660 67 34 20 0.13776469230651855 5 -1 -1 
890 148 22 19 0.1377427577972412 10 -1 -1 
466 251 33 52 0.13736724853515625 5 -1 -1 
867 86 9 18 0.1373334676027298 1 -1 -1 
459 489 52 51 0.1372685432434082 10 -1 -1 
773 118 28 20 0.1369715929031372 10 -1 -1 
767 397 7 19 0.13695128262043 3 -1 -1 
758 381 17 33 0.1351305991411209 10 -1 -1 
216 24 7 14 0.13467103242874146 10 -1 -1 
719 89 37 42 0.13272802531719208 5 -1 -1 
769 117 19 21 0.13027457892894745 10 -1 -1 
585 418 15 25 0.12673865258693695 10 -1 -1 
896 154 24 17 0.1254069060087204 3 -1 -1 
761 120 22 18 0.12518881261348724 7 -1 -1 
405 273 13 27 0.1226111575961113 7 -1 -1 
42 182 64 28 0.12259887158870697 1 -1 -1 
863 76 22 24 0.12014652043581009 10 -1 -1 
760 115 24 15 0.11913824826478958 10 -1 -1 
403 269 16 25 0.11747705936431885 2 -1 -1 
783 154 22 25 0.11685167998075485 10 -1 -1 
842 75 23 15 0.11586380749940872 10 -1 -1 
113 155 32 20 0.11253376305103302 2 -1 -1 
0 160 66 27 0.11233706772327423 5 -1 -1 
113 156 32 19 0.1120864599943161 10 -1 -1 
775 125 25 17 0.1113443449139595 10 -1 -1 
583 53 62 27 0.11132916063070297 5 -1 -1 
777 134 24 19 0.11073636263608932 10 -1 -1 
842 75 25 20 0.10637282580137253 8 -1 -1 
459 489 52 50 0.1054338663816452 5 -1 -1 
842 75 33 20 0.10534977167844772 7 -1 -1 
109 58 25 18 0.10488247871398926 4 -1 -1 
891 149 24 18 0.10357601195573807 3 -1 -1 
788 127 30 21 0.10261286050081253 10 -1 -1 
105 149 33 17 0.10255441069602966 10 -1 -1 
358 65 24 29 0.10123191773891449 6 -1 -1 
757 116 22 20 0.10098818689584732 10 -1 -1 
786 134 23 18 0.100777268409729 10 -1 -1 
-1 160 67 27 0.10068893432617188 1 -1 -1 
896 153 24 17 0.09968695789575577 7 -1 -1 
260 303 52 77 0.09886176139116287 6 -1 -1 
883 147 26 16 0.09865623712539673 10 -1 -1 
152 86 51 22 0.09786920994520187 5 -1 -1 
463 120 23 32 0.09785708039999008 5 -1 -1 
829 94 49 34 0.0975952297449112 7 -1 -1 
253 22 11 27 0.09757998585700989 10 -1 -1 
252 21 12 28 0.09734880179166794 3 -1 -1 
862 84 15 25 0.09660761803388596 1 -1 -1 
842 75 24 16 0.0961010754108429 7 -1 -1 
18 418 16 21 0.09577833116054535 1 -1 -1 
829 94 48 33 0.09541412442922592 1 -1 -1 
719 90 36 42 0.09468264877796173 6 -1 -1 
557 185 14 26 0.09443636983633041 1 -1 -1 
763 386 15 30 0.0938890278339386 3 -1 -1 
797 94 78 39 0.092938631772995 4 -1 -1 
797 94 78 39 0.09272698312997818 5 -1 -1 
83 105 52 23 0.09240701794624329 9 -1 -1 
618 45 81 32 0.09168827533721924 6 -1 -1 
783 152 21 21 0.09148198366165161 1 -1 -1 
42 182 64 28 0.09139738976955414 9 -1 -1 
116 158 29 18 0.09083081781864166 7 -1 -1 
585 423 16 31 0.09001775830984116 7 -1 -1 
830 94 61 61 0.08980613946914673 6 -1 -1 
758 114 25 16 0.08977238833904266 7 -1 -1 
405 273 14 26 0.08877070993185043 1 -1 -1 
103 154 40 22 0.08821868896484375 6 -1 -1 
334 137 31 40 0.08772775530815125 5 -1 -1 
798 94 76 48 0.08735308051109314 9 -1 -1 
729 61 41 21 0.0872175469994545 1 -1 -1 
0 160 66 28 0.08678579330444336 6 -1 -1 
272 196 36 46 0.08580303937196732 9 -1 -1 
152 87 50 23 0.08522956818342209 9 -1 -1 
260 303 52 77 0.08443958312273026 9 -1 -1 
828 93 49 34 0.08388859033584595 4 -1 -1 
828 93 50 34 0.08385224640369415 3 -1 -1 
770 89 29 26 0.08382748067378998 1 -1 -1 
585 423 15 31 0.08263848721981049 4 -1 -1 
585 423 16 31 0.08232348412275314 1 -1 -1 
459 489 52 50 0.08208739757537842 1 -1 -1 
42 182 64 28 0.08164490759372711 5 -1 -1 
801 54 28 22 0.08123388886451721 5 -1 -1 
828 93 49 34 0.08108717948198318 2 -1 -1 
832 81 50 35 0.07098709791898727 8 -1 -1 
821 93 54 49 0.06880204379558563 5 -1 -1 
770 95 70 40 0.06866484880447388 6 -1 -1 
797 94 78 39 0.06576145440340042 8 -1 -1 
824 110 54 43 0.06119828298687935 6 -1 -1 
727 60 45 23 0.060695305466651917 9 -1 -1 
770 95 70 40 0.0606810599565506 4 -1 -1 
821 93 54 49 0.05947181582450867 8 -1 -1 
797 94 78 39 0.056470684707164764 7 -1 -1 
101 151 44 24 0.053190115839242935 9 -1 -1 
