1008 254 25 16 0.9631417393684387 3 -1 -1 
785 432 81 70 0.954181969165802 4 -1 -1 
876 288 51 37 0.8903353810310364 4 -1 -1 
968 230 48 33 0.8721823692321777 4 -1 -1 
691 182 12 19 0.8671428561210632 7 -1 -1 
580 93 11 9 0.8625900745391846 4 -1 -1 
452 241 37 33 0.8531490564346313 4 -1 -1 
927 255 63 32 0.8518330454826355 4 -1 -1 
643 126 16 13 0.8295646905899048 4 -1 -1 
827 236 41 32 0.8146337270736694 4 -1 -1 
968 423 149 74 0.8139240145683289 4 -1 -1 
612 260 10 29 0.8066931962966919 1 -1 -1 
546 124 15 13 0.8026729822158813 4 -1 -1 
467 192 57 22 0.8002365827560425 4 -1 -1 
1000 326 10 25 0.7928935885429382 1 -1 -1 
433 263 37 36 0.784644365310669 4 -1 -1 
473 212 31 28 0.7805866599082947 4 -1 -1 
600 171 35 26 0.7756676077842712 8 -1 -1 
624 269 15 28 0.7692736983299255 1 -1 -1 
953 358 45 29 0.7691811323165894 10 -1 -1 
851 256 44 43 0.7658050656318665 4 -1 -1 
511 167 24 20 0.7649332880973816 4 -1 -1 
816 209 66 26 0.7632503509521484 4 -1 -1 
405 269 55 57 0.7458902597427368 5 -1 -1 
1013 273 16 34 0.7441843748092651 1 -1 -1 
983 382 38 27 0.7343183159828186 10 -1 -1 
1218 350 19 39 0.7334648370742798 1 -1 -1 
526 143 21 18 0.7333640456199646 4 -1 -1 
600 171 35 26 0.7332006692886353 5 -1 -1 
501 174 28 23 0.7301413416862488 4 -1 -1 
990 312 34 24 0.7253569960594177 3 -1 -1 
406 270 53 56 0.7241125106811523 6 -1 -1 
984 264 11 34 0.7219385504722595 1 -1 -1 
460 225 33 30 0.7096105217933655 4 -1 -1 
519 153 23 23 0.7072523236274719 4 -1 -1 
373 414 22 41 0.7063493132591248 10 -1 -1 
350 502 29 46 0.699659526348114 10 -1 -1 
350 479 29 55 0.6842039823532104 2 -1 -1 
1044 326 11 28 0.678822934627533 1 -1 -1 
630 70 10 16 0.6729105114936829 5 -1 -1 
683 231 11 20 0.668229341506958 2 -1 -1 
683 238 11 19 0.6586652398109436 10 -1 -1 
599 80 9 9 0.6577047109603882 4 -1 -1 
534 131 17 14 0.6522749662399292 4 -1 -1 
374 404 21 38 0.6423484086990356 2 -1 -1 
756 153 26 28 0.6416348218917847 5 -1 -1 
1259 526 22 42 0.6369693875312805 1 -1 -1 
904 230 50 24 0.630703866481781 4 -1 -1 
923 137 23 13 0.6257554888725281 4 -1 -1 
271 237 31 23 0.6058968901634216 10 -1 -1 
621 82 9 7 0.596053421497345 4 -1 -1 
564 98 13 11 0.5860190391540527 4 -1 -1 
616 75 10 8 0.5856825113296509 4 -1 -1 
1025 271 15 25 0.5848984718322754 2 -1 -1 
551 115 14 12 0.5828306674957275 4 -1 -1 
457 134 22 19 0.5812786817550659 4 -1 -1 
522 146 22 20 0.5762965679168701 4 -1 -1 
926 125 20 14 0.575747549533844 4 -1 -1 
530 140 20 17 0.5746212005615234 4 -1 -1 
797 198 25 22 0.57206791639328 4 -1 -1 
926 323 56 48 0.5678094029426575 4 -1 -1 
557 107 12 12 0.5625436305999756 4 -1 -1 
568 91 11 9 0.5504182577133179 4 -1 -1 
925 134 22 11 0.540891170501709 4 -1 -1 
550 108 15 15 0.538638174533844 5 -1 -1 
548 185 15 16 0.5357494950294495 7 -1 -1 
560 101 12 12 0.5328329801559448 4 -1 -1 
924 132 22 9 0.5249696969985962 4 -1 -1 
548 185 15 16 0.5226774215698242 10 -1 -1 
635 278 16 23 0.5091739296913147 10 -1 -1 
43 362 45 28 0.5040407180786133 10 -1 -1 
1011 311 14 25 0.49701493978500366 3 -1 -1 
1258 526 24 42 0.4969252943992615 2 -1 -1 
1049 435 66 60 0.49305495619773865 4 -1 -1 
934 291 30 21 0.49182242155075073 10 -1 -1 
693 179 7 13 0.4877307415008545 2 -1 -1 
934 292 30 21 0.4778765141963959 7 -1 -1 
904 125 21 14 0.47615379095077515 4 -1 -1 
692 179 10 17 0.4735275208950043 7 -1 -1 
1046 268 10 21 0.4716036319732666 2 -1 -1 
174 221 79 63 0.471407413482666 4 -1 -1 
550 181 10 16 0.4694516360759735 2 -1 -1 
566 95 12 11 0.46923160552978516 4 -1 -1 
576 78 11 9 0.46822845935821533 4 -1 -1 
896 147 60 38 0.46738648414611816 6 -1 -1 
1047 272 12 19 0.46723806858062744 2 -1 -1 
619 79 9 8 0.4660837948322296 4 -1 -1 
955 296 28 21 0.45814383029937744 3 -1 -1 
551 114 14 13 0.44921979308128357 5 -1 -1 
777 239 29 35 0.4491623044013977 7 -1 -1 
603 69 9 8 0.44907915592193604 4 -1 -1 
1047 272 13 30 0.43509766459465027 1 -1 -1 
953 301 25 22 0.4319615960121155 3 -1 -1 
777 239 29 35 0.4279290735721588 8 -1 -1 
1285 569 39 53 0.4273824989795685 2 -1 -1 
532 133 18 17 0.4243462085723877 4 -1 -1 
797 173 34 20 0.42097893357276917 4 -1 -1 
558 103 13 13 0.4128260016441345 4 -1 -1 
630 70 10 16 0.411760538816452 9 -1 -1 
900 125 26 14 0.4098295569419861 5 -1 -1 
551 108 15 13 0.405187726020813 4 -1 -1 
956 294 29 21 0.398571640253067 10 -1 -1 
597 78 9 7 0.3978024125099182 4 -1 -1 
1291 563 33 33 0.3949544429779053 2 -1 -1 
1104 418 18 31 0.39160096645355225 2 -1 -1 
983 382 38 26 0.3910102844238281 3 -1 -1 
554 107 15 13 0.3908843398094177 5 -1 -1 
600 171 35 26 0.3844992518424988 4 -1 -1 
1216 512 22 54 0.3843529522418976 1 -1 -1 
1231 360 18 37 0.38181954622268677 1 -1 -1 
1025 271 15 25 0.3809427320957184 1 -1 -1 
781 164 39 23 0.3748752176761627 4 -1 -1 
790 168 40 23 0.37271931767463684 4 -1 -1 
1060 271 22 19 0.37269413471221924 10 -1 -1 
350 153 52 31 0.3724711835384369 5 -1 -1 
953 358 45 29 0.37118789553642273 7 -1 -1 
462 225 31 32 0.37003952264785767 5 -1 -1 
951 301 26 22 0.363125741481781 10 -1 -1 
961 294 24 19 0.3602326214313507 3 -1 -1 
990 319 19 25 0.3591056168079376 3 -1 -1 
0 418 35 45 0.3554731011390686 4 -1 -1 
635 279 14 22 0.3553290069103241 1 -1 -1 
1271 576 32 44 0.35348328948020935 2 -1 -1 
550 182 11 17 0.3532191812992096 7 -1 -1 
991 312 33 23 0.3511289656162262 10 -1 -1 
1130 417 14 33 0.35103484988212585 2 -1 -1 
568 92 11 9 0.35068756341934204 5 -1 -1 
354 152 48 29 0.3501001298427582 4 -1 -1 
350 502 29 46 0.35003066062927246 3 -1 -1 
851 256 43 42 0.3497156500816345 5 -1 -1 
1026 312 25 16 0.347173810005188 3 -1 -1 
577 76 9 9 0.34464505314826965 4 -1 -1 
941 292 42 22 0.3431253731250763 7 -1 -1 
288 231 34 24 0.34221211075782776 10 -1 -1 
569 90 10 8 0.34165751934051514 4 -1 -1 
567 94 11 11 0.34032538533210754 5 -1 -1 
934 297 31 22 0.3390085995197296 7 -1 -1 
1111 420 15 31 0.3368769586086273 2 -1 -1 
568 94 11 10 0.3363223373889923 4 -1 -1 
911 126 18 13 0.3343692421913147 4 -1 -1 
1012 311 24 25 0.33341023325920105 3 -1 -1 
635 279 13 21 0.3305879235267639 2 -1 -1 
1291 570 33 55 0.3286038935184479 1 -1 -1 
564 97 13 10 0.3256189525127411 5 -1 -1 
1330 574 21 47 0.32394513487815857 1 -1 -1 
1222 512 27 49 0.3223487436771393 1 -1 -1 
330 181 56 28 0.32172513008117676 4 -1 -1 
576 78 10 10 0.32154473662376404 5 -1 -1 
1211 488 75 76 0.3207547962665558 7 -1 -1 
0 409 53 58 0.31867724657058716 4 -1 -1 
356 151 7 17 0.31832239031791687 1 -1 -1 
1282 563 41 43 0.3154655992984772 2 -1 -1 
927 323 55 48 0.3004838228225708 5 -1 -1 
1166 414 24 31 0.2979497015476227 3 -1 -1 
32 275 122 86 0.2699044346809387 6 -1 -1 
292 209 69 39 0.26678040623664856 4 -1 -1 
1224 359 21 37 0.2647574841976166 1 -1 -1 
1270 563 50 58 0.24410520493984222 2 -1 -1 
111 289 53 64 0.24067683517932892 8 -1 -1 
1272 564 52 58 0.2395860254764557 1 -1 -1 
374 404 22 39 0.23909690976142883 1 -1 -1 
1026 306 30 23 0.23768211901187897 3 -1 -1 
283 175 77 35 0.22474978864192963 6 -1 -1 
990 312 34 23 0.22149915993213654 7 -1 -1 
1062 271 31 28 0.21884161233901978 10 -1 -1 
326 168 68 41 0.21879775822162628 4 -1 -1 
374 404 21 38 0.21662752330303192 10 -1 -1 
195 229 66 56 0.2146022468805313 4 -1 -1 
1210 476 79 84 0.20912480354309082 8 -1 -1 
174 221 79 63 0.20830927789211273 5 -1 -1 
41 352 58 44 0.2068282663822174 10 -1 -1 
1049 435 66 60 0.20459620654582977 5 -1 -1 
285 176 76 34 0.20404323935508728 4 -1 -1 
1207 463 132 104 0.2017499953508377 6 -1 -1 
373 414 22 41 0.20141373574733734 3 -1 -1 
1017 304 27 29 0.1891905963420868 3 -1 -1 
1206 480 109 111 0.1877100020647049 6 -1 -1 
1165 532 38 74 0.18662837147712708 1 -1 -1 
631 271 20 31 0.1857711672782898 10 -1 -1 
788 140 82 45 0.1857459992170334 6 -1 -1 
129 213 129 76 0.18523456156253815 4 -1 -1 
40 353 59 40 0.18087562918663025 7 -1 -1 
78 288 80 73 0.18035750091075897 8 -1 -1 
1281 571 52 56 0.1772691309452057 1 -1 -1 
1164 532 39 69 0.1769489198923111 2 -1 -1 
1208 500 44 66 0.17612090706825256 1 -1 -1 
0 409 53 58 0.17417459189891815 7 -1 -1 
966 423 111 50 0.17028890550136566 4 -1 -1 
626 269 20 31 0.16719749569892883 1 -1 -1 
968 422 149 75 0.1671859622001648 6 -1 -1 
1049 435 66 60 0.1659369021654129 8 -1 -1 
1219 350 18 38 0.16526146233081818 2 -1 -1 
1049 435 67 61 0.16451360285282135 7 -1 -1 
1044 267 18 37 0.1631304770708084 1 -1 -1 
105 287 58 65 0.16309979557991028 5 -1 -1 
1272 570 56 55 0.1628914624452591 10 -1 -1 
332 159 71 43 0.16211409866809845 4 -1 -1 
108 275 57 54 0.16202348470687866 4 -1 -1 
71 286 83 73 0.16176332533359528 6 -1 -1 
619 263 20 34 0.16108830273151398 1 -1 -1 
1024 310 26 25 0.15989598631858826 3 -1 -1 
0 409 53 58 0.15932811796665192 6 -1 -1 
1166 408 23 36 0.1526005119085312 1 -1 -1 
968 422 149 75 0.1523798406124115 5 -1 -1 
48 232 112 121 0.15174180269241333 6 -1 -1 
1212 487 81 77 0.15171852707862854 6 -1 -1 
291 208 71 41 0.15028899908065796 5 -1 -1 
406 269 55 57 0.15021802484989166 4 -1 -1 
1021 299 25 29 0.14985647797584534 3 -1 -1 
632 269 20 32 0.1491277813911438 1 -1 -1 
1065 273 31 28 0.14884056150913239 3 -1 -1 
1024 293 35 33 0.14750850200653076 3 -1 -1 
1167 408 23 35 0.14742742478847504 2 -1 -1 
91 262 72 59 0.1468411684036255 4 -1 -1 
1207 467 107 113 0.14628282189369202 7 -1 -1 
1207 490 31 67 0.1462140828371048 1 -1 -1 
332 159 71 43 0.14602243900299072 5 -1 -1 
78 284 81 73 0.14494061470031738 5 -1 -1 
1217 505 90 60 0.14440742135047913 7 -1 -1 
975 242 41 21 0.14321060478687286 4 -1 -1 
102 289 61 67 0.14284497499465942 7 -1 -1 
52 293 96 71 0.141358882188797 4 -1 -1 
76 313 76 52 0.13792391121387482 7 -1 -1 
1264 583 64 46 0.1368391513824463 3 -1 -1 
277 213 80 46 0.13601158559322357 4 -1 -1 
633 271 19 32 0.13558411598205566 2 -1 -1 
0 409 53 58 0.1338324099779129 5 -1 -1 
0 409 53 58 0.13352584838867188 8 -1 -1 
790 142 74 48 0.1334766447544098 9 -1 -1 
786 195 34 26 0.1330406367778778 4 -1 -1 
67 220 114 102 0.1319212168455124 6 -1 -1 
1288 415 25 38 0.13158777356147766 10 -1 -1 
1211 502 72 65 0.13123337924480438 8 -1 -1 
1208 493 68 70 0.12924590706825256 1 -1 -1 
611 258 22 34 0.12848524749279022 1 -1 -1 
858 144 81 39 0.12785549461841583 6 -1 -1 
30 311 81 54 0.12740983068943024 4 -1 -1 
63 293 87 71 0.12718768417835236 7 -1 -1 
76 313 76 52 0.12545748054981232 4 -1 -1 
1045 270 16 35 0.12481707334518433 2 -1 -1 
1027 311 34 25 0.12412488460540771 3 -1 -1 
1210 476 79 84 0.12344580888748169 4 -1 -1 
53 307 94 60 0.12335944175720215 6 -1 -1 
105 287 58 65 0.12245994061231613 4 -1 -1 
1232 360 17 38 0.12236247956752777 2 -1 -1 
785 432 81 70 0.12089303135871887 9 -1 -1 
1209 470 81 87 0.12087298184633255 5 -1 -1 
55 222 80 37 0.12047722935676575 6 -1 -1 
786 432 80 70 0.11949687451124191 1 -1 -1 
935 426 72 74 0.11949419230222702 4 -1 -1 
1207 467 107 113 0.1190824806690216 8 -1 -1 
1049 435 66 60 0.11889627575874329 6 -1 -1 
40 353 59 40 0.11805970966815948 8 -1 -1 
993 384 68 42 0.11742082983255386 7 -1 -1 
1273 581 61 47 0.11721561849117279 2 -1 -1 
1210 500 45 66 0.11683227866888046 2 -1 -1 
52 293 96 71 0.11653610318899155 5 -1 -1 
39 333 62 41 0.11572540551424026 10 -1 -1 
39 337 62 47 0.11534025520086288 7 -1 -1 
328 173 69 36 0.11458203941583633 5 -1 -1 
1206 476 42 78 0.11452687531709671 1 -1 -1 
1219 350 18 38 0.11330683529376984 10 -1 -1 
39 279 119 91 0.11267467588186264 8 -1 -1 
1207 465 77 88 0.11232076585292816 6 -1 -1 
1291 572 47 58 0.11111452430486679 2 -1 -1 
208 236 64 52 0.11100892722606659 4 -1 -1 
78 284 81 73 0.11020570993423462 4 -1 -1 
108 275 57 54 0.10987310856580734 5 -1 -1 
285 141 81 41 0.10986115038394928 6 -1 -1 
1279 581 59 49 0.10969378799200058 10 -1 -1 
39 279 119 91 0.10929136723279953 7 -1 -1 
975 242 41 20 0.10912083089351654 5 -1 -1 
64 308 85 58 0.1084546148777008 8 -1 -1 
332 153 71 35 0.10840562731027603 4 -1 -1 
1060 271 29 26 0.10818277299404144 3 -1 -1 
816 208 69 27 0.10813522338867188 5 -1 -1 
79 269 80 74 0.10761070996522903 6 -1 -1 
609 256 16 34 0.10641876608133316 1 -1 -1 
1039 274 21 36 0.10598521679639816 1 -1 -1 
1279 567 47 57 0.10595135390758514 7 -1 -1 
1025 293 38 34 0.1053420677781105 8 -1 -1 
330 165 68 41 0.10449838638305664 6 -1 -1 
276 203 81 31 0.1040741577744484 4 -1 -1 
993 384 68 42 0.10375052690505981 10 -1 -1 
102 289 61 67 0.10272499918937683 6 -1 -1 
348 478 33 64 0.10192130506038666 1 -1 -1 
1291 566 41 61 0.10029477626085281 10 -1 -1 
406 270 54 56 0.09920574724674225 9 -1 -1 
1210 506 58 64 0.09900639206171036 7 -1 -1 
277 213 80 46 0.0989578366279602 5 -1 -1 
1046 272 15 43 0.09805004298686981 1 -1 -1 
374 412 21 43 0.09724437445402145 2 -1 -1 
322 152 79 36 0.09680572897195816 6 -1 -1 
1034 318 24 35 0.09647303074598312 1 -1 -1 
626 269 20 31 0.0963415876030922 2 -1 -1 
79 220 161 85 0.09477034211158752 6 -1 -1 
45 282 122 108 0.09312263876199722 6 -1 -1 
34 267 119 93 0.09138745814561844 5 -1 -1 
98 222 154 80 0.08569375425577164 4 -1 -1 
1207 456 112 106 0.08501321077346802 5 -1 -1 
31 280 118 88 0.08224408328533173 9 -1 -1 
33 270 119 90 0.08132563531398773 4 -1 -1 
13 246 135 111 0.07837623357772827 9 -1 -1 
1207 463 132 104 0.0772518515586853 4 -1 -1 
107 212 146 76 0.07454003393650055 9 -1 -1 
67 220 114 102 0.07221008837223053 9 -1 -1 
107 212 146 76 0.0717891976237297 6 -1 -1 
135 210 121 78 0.07052670419216156 5 -1 -1 
48 232 112 121 0.06810255348682404 5 -1 -1 
968 423 149 74 0.0666942149400711 7 -1 -1 
968 423 149 74 0.06552369892597198 9 -1 -1 
67 220 114 102 0.06459622085094452 4 -1 -1 
1208 478 137 114 0.06335429847240448 9 -1 -1 
1208 480 121 109 0.062362756580114365 5 -1 -1 
1206 480 109 111 0.060249704867601395 4 -1 -1 
1208 449 137 108 0.06004933640360832 9 -1 -1 
52 260 111 105 0.06001056358218193 9 -1 -1 
67 220 114 102 0.058895766735076904 5 -1 -1 
968 422 149 75 0.058846473693847656 1 -1 -1 
958 439 150 75 0.056257642805576324 4 -1 -1 
1195 460 103 112 0.05616113916039467 6 -1 -1 
36 245 117 111 0.053301986306905746 8 -1 -1 
94 222 159 77 0.052938930690288544 5 -1 -1 
944 424 126 84 0.052880898118019104 4 -1 -1 
162 199 106 88 0.05253081023693085 4 -1 -1 
79 220 161 85 0.052457693964242935 9 -1 -1 
48 232 112 121 0.05082126334309578 4 -1 -1 
74 242 138 111 0.050694260746240616 6 -1 -1 
