498 141 61 109 0.6325362920761108 7 -1 -1 
504 184 58 151 0.6196854710578918 1 -1 -1 
500 132 55 109 0.5157497525215149 2 -1 -1 
531 140 43 87 0.4541099965572357 1 -1 -1 
498 135 65 169 0.39271584153175354 1 -1 -1 
523 134 52 96 0.3265993893146515 2 -1 -1 
498 141 60 109 0.30051571130752563 4 -1 -1 
852 584 15 28 0.2979529798030853 1 -1 -1 
856 608 13 33 0.29523560404777527 1 -1 -1 
834 222 69 37 0.28555190563201904 4 -1 -1 
498 134 59 116 0.25030651688575745 10 -1 -1 
504 133 61 105 0.23503178358078003 1 -1 -1 
402 14 25 35 0.23489424586296082 3 -1 -1 
983 349 33 33 0.23466449975967407 1 -1 -1 
1165 693 35 44 0.2257535457611084 1 -1 -1 
982 359 26 25 0.2198132425546646 1 -1 -1 
513 145 60 99 0.2181553989648819 7 -1 -1 
525 11 14 10 0.19548285007476807 1 -1 -1 
511 130 49 89 0.1945151686668396 2 -1 -1 
521 195 37 140 0.1889720857143402 1 -1 -1 
534 157 41 70 0.17922456562519073 2 -1 -1 
850 606 20 38 0.17872178554534912 1 -1 -1 
976 362 29 31 0.17523735761642456 1 -1 -1 
840 579 10 23 0.1619519740343094 1 -1 -1 
1165 692 35 44 0.15873850882053375 10 -1 -1 
953 495 23 46 0.15834659337997437 1 -1 -1 
498 141 61 109 0.1567259579896927 8 -1 -1 
861 600 20 38 0.15077996253967285 1 -1 -1 
494 130 68 120 0.14875508844852448 9 -1 -1 
855 581 12 25 0.1484355628490448 1 -1 -1 
1162 678 43 64 0.1480284184217453 1 -1 -1 
846 610 19 36 0.1414865255355835 1 -1 -1 
701 570 20 40 0.13897499442100525 10 -1 -1 
1236 465 14 27 0.1384662240743637 1 -1 -1 
844 576 24 38 0.1371627151966095 1 -1 -1 
1284 511 22 30 0.13357318937778473 1 -1 -1 
1284 344 52 37 0.13104571402072906 4 -1 -1 
847 616 11 25 0.13025839626789093 1 -1 -1 
1157 588 33 33 0.13024379312992096 1 -1 -1 
513 145 60 99 0.1301874965429306 4 -1 -1 
497 134 47 103 0.12813301384449005 1 -1 -1 
983 349 33 33 0.1270769089460373 2 -1 -1 
527 10 12 11 0.12611007690429688 2 -1 -1 
1223 501 28 39 0.12525531649589539 1 -1 -1 
852 608 14 34 0.12494309991598129 1 -1 -1 
1163 687 48 71 0.12032639980316162 1 -1 -1 
845 596 23 46 0.11907698959112167 1 -1 -1 
1054 611 15 26 0.11888378113508224 1 -1 -1 
1163 672 32 52 0.11733269691467285 2 -1 -1 
982 361 24 22 0.11562833189964294 2 -1 -1 
844 604 16 39 0.11436019837856293 1 -1 -1 
851 583 12 22 0.11249644309282303 1 -1 -1 
1226 496 49 32 0.11218377202749252 1 -1 -1 
702 569 19 40 0.11183501034975052 3 -1 -1 
702 570 21 39 0.11181829869747162 4 -1 -1 
1093 591 26 44 0.11041479557752609 1 -1 -1 
496 134 46 90 0.10944919288158417 2 -1 -1 
1165 693 35 44 0.10680419206619263 3 -1 -1 
1162 694 23 39 0.10664495080709457 1 -1 -1 
523 161 53 82 0.10659080743789673 1 -1 -1 
1226 499 38 37 0.10654743015766144 1 -1 -1 
862 204 42 41 0.10364022105932236 4 -1 -1 
835 217 53 36 0.10178185254335403 4 -1 -1 
405 174 13 13 0.10153577476739883 9 -1 -1 
702 674 81 89 0.10093960165977478 4 -1 -1 
984 358 33 31 0.09733007103204727 1 -1 -1 
1263 596 34 47 0.09722712635993958 3 -1 -1 
398 20 23 35 0.09710489958524704 3 -1 -1 
405 20 26 36 0.09667997062206268 3 -1 -1 
942 483 40 63 0.09637299180030823 1 -1 -1 
849 610 12 31 0.09632738679647446 1 -1 -1 
881 388 39 35 0.09609484672546387 4 -1 -1 
871 599 11 30 0.09490552544593811 1 -1 -1 
1100 600 21 37 0.0931108221411705 1 -1 -1 
703 568 19 34 0.0927746519446373 9 -1 -1 
838 574 12 25 0.09205295890569687 1 -1 -1 
498 141 60 109 0.09181477874517441 6 -1 -1 
1040 628 13 25 0.09180045872926712 1 -1 -1 
524 10 13 9 0.09165369719266891 2 -1 -1 
989 346 29 30 0.09035637229681015 1 -1 -1 
974 341 51 50 0.09014963358640671 1 -1 -1 
475 93 57 139 0.09002108126878738 9 -1 -1 
833 232 63 32 0.0897844135761261 4 -1 -1 
903 286 49 27 0.08904752135276794 4 -1 -1 
1163 682 31 48 0.08764803409576416 1 -1 -1 
1339 390 14 33 0.08694620430469513 1 -1 -1 
838 577 21 39 0.08667908608913422 1 -1 -1 
702 568 15 34 0.08651562035083771 1 -1 -1 
501 163 64 87 0.08584625273942947 2 -1 -1 
1165 684 33 47 0.08553243428468704 2 -1 -1 
1162 687 46 67 0.08495646715164185 10 -1 -1 
503 183 58 152 0.0846618041396141 4 -1 -1 
934 289 19 28 0.08312094211578369 1 -1 -1 
973 364 24 33 0.08311827480792999 1 -1 -1 
850 589 24 50 0.08270382136106491 1 -1 -1 
540 162 34 64 0.08262128382921219 1 -1 -1 
854 370 33 36 0.08254236727952957 4 -1 -1 
983 347 35 34 0.08213290572166443 10 -1 -1 
951 488 22 44 0.0821116715669632 1 -1 -1 
854 607 17 37 0.08070820569992065 2 -1 -1 
398 6 22 40 0.08054839819669724 3 -1 -1 
867 385 42 26 0.08028429001569748 4 -1 -1 
705 567 26 33 0.07956854999065399 9 -1 -1 
842 204 66 48 0.07947157323360443 4 -1 -1 
700 682 28 59 0.07897741347551346 10 -1 -1 
1162 687 46 67 0.07875529676675797 3 -1 -1 
1237 458 22 33 0.07872255891561508 1 -1 -1 
859 610 13 33 0.07865327596664429 1 -1 -1 
1047 612 22 31 0.07862123847007751 1 -1 -1 
792 653 8 13 0.07788750529289246 1 -1 -1 
1163 699 30 47 0.07774871587753296 1 -1 -1 
1256 589 46 66 0.07704631239175797 3 -1 -1 
505 140 81 184 0.07681265473365784 1 -1 -1 
1267 602 31 44 0.07648567110300064 1 -1 -1 
953 491 25 45 0.07624504715204239 10 -1 -1 
889 392 37 34 0.07454616576433182 4 -1 -1 
846 280 82 44 0.0744381695985794 4 -1 -1 
525 135 50 95 0.07423647493124008 10 -1 -1 
404 16 16 29 0.07416517287492752 3 -1 -1 
503 174 57 163 0.07346227765083313 2 -1 -1 
529 11 11 12 0.07333838939666748 1 -1 -1 
861 604 13 31 0.07300059497356415 1 -1 -1 
529 9 13 10 0.0725291296839714 1 -1 -1 
1261 596 34 43 0.07250377535820007 10 -1 -1 
708 672 23 44 0.07218635827302933 2 -1 -1 
858 382 68 48 0.07212841510772705 4 -1 -1 
401 15 23 37 0.071598581969738 10 -1 -1 
405 174 13 13 0.07145307213068008 1 -1 -1 
854 583 21 35 0.07106869667768478 1 -1 -1 
971 341 41 39 0.07064159959554672 1 -1 -1 
513 145 60 99 0.07025275379419327 8 -1 -1 
1214 484 60 59 0.0698230117559433 1 -1 -1 
865 268 53 32 0.06965583562850952 4 -1 -1 
704 568 14 27 0.06954214721918106 2 -1 -1 
524 11 10 7 0.06946428120136261 9 -1 -1 
975 362 27 49 0.06856926530599594 1 -1 -1 
703 568 14 26 0.06841208785772324 9 -1 -1 
1255 584 44 66 0.06817329674959183 1 -1 -1 
857 377 37 34 0.06807456910610199 4 -1 -1 
1039 693 28 43 0.06804217398166656 1 -1 -1 
1149 568 44 59 0.06770531833171844 1 -1 -1 
855 586 25 39 0.06756866723299026 1 -1 -1 
1269 607 29 41 0.06719470024108887 3 -1 -1 
1171 671 25 42 0.06658582389354706 2 -1 -1 
843 583 23 53 0.06658463925123215 1 -1 -1 
893 402 34 28 0.06601287424564362 4 -1 -1 
1166 674 29 48 0.06560682505369186 9 -1 -1 
865 274 85 45 0.06556450575590134 4 -1 -1 
955 491 29 45 0.0654483363032341 1 -1 -1 
843 581 11 21 0.06521406024694443 1 -1 -1 
1174 689 32 42 0.06509979814291 1 -1 -1 
1163 682 31 48 0.0646354928612709 10 -1 -1 
1262 337 76 47 0.06394599378108978 4 -1 -1 
1015 621 15 28 0.06369075924158096 1 -1 -1 
861 609 22 41 0.06353152543306351 1 -1 -1 
698 680 29 58 0.06285586953163147 1 -1 -1 
526 10 13 10 0.062680184841156 10 -1 -1 
1039 617 15 32 0.06263614445924759 1 -1 -1 
947 482 53 64 0.062448106706142426 1 -1 -1 
1042 614 17 33 0.062446046620607376 1 -1 -1 
888 385 29 29 0.0621817372739315 4 -1 -1 
936 291 23 32 0.06179229915142059 1 -1 -1 
708 672 23 44 0.0617278553545475 1 -1 -1 
849 584 9 20 0.06149652972817421 1 -1 -1 
857 583 12 28 0.061380866914987564 1 -1 -1 
1084 568 37 66 0.06120162457227707 1 -1 -1 
1261 594 35 46 0.06096241623163223 1 -1 -1 
1260 592 30 43 0.06088057532906532 3 -1 -1 
994 345 22 21 0.060826562345027924 1 -1 -1 
509 127 44 79 0.0605931431055069 1 -1 -1 
1221 494 36 37 0.06018741428852081 1 -1 -1 
1170 698 37 49 0.06004933640360832 1 -1 -1 
1168 672 29 49 0.05969548970460892 1 -1 -1 
484 333 11 27 0.05951431766152382 1 -1 -1 
513 145 60 99 0.05925528705120087 6 -1 -1 
976 362 23 22 0.05899345129728317 1 -1 -1 
1225 487 69 57 0.05880282074213028 1 -1 -1 
953 489 22 43 0.058801937848329544 2 -1 -1 
855 610 23 42 0.05877581983804703 1 -1 -1 
845 372 75 52 0.058746062219142914 4 -1 -1 
702 570 20 41 0.05868745222687721 1 -1 -1 
475 119 58 131 0.05841127783060074 2 -1 -1 
407 36 28 22 0.05821344628930092 3 -1 -1 
851 582 17 33 0.05784514918923378 2 -1 -1 
853 582 14 24 0.057456135749816895 2 -1 -1 
1156 667 43 65 0.05740200728178024 1 -1 -1 
1241 453 24 33 0.05703599750995636 1 -1 -1 
1166 674 23 39 0.056964896619319916 2 -1 -1 
1011 620 19 44 0.056592173874378204 1 -1 -1 
855 606 12 26 0.05593911185860634 1 -1 -1 
818 213 78 44 0.05563700199127197 4 -1 -1 
866 602 12 31 0.05541376769542694 1 -1 -1 
856 595 11 24 0.05511417239904404 1 -1 -1 
861 600 20 38 0.05510679632425308 2 -1 -1 
983 355 29 29 0.0549713633954525 10 -1 -1 
704 675 25 56 0.05473604425787926 2 -1 -1 
1161 673 43 64 0.054461825639009476 2 -1 -1 
1255 584 44 66 0.05420370399951935 10 -1 -1 
1232 471 75 75 0.053951241075992584 1 -1 -1 
524 11 14 10 0.053810641169548035 9 -1 -1 
850 585 12 27 0.05367494374513626 1 -1 -1 
822 225 76 44 0.05349680036306381 4 -1 -1 
858 625 11 19 0.05259619653224945 1 -1 -1 
535 10 8 10 0.05259402468800545 1 -1 -1 
706 673 25 58 0.052304673939943314 10 -1 -1 
884 385 24 23 0.05207420140504837 4 -1 -1 
1155 578 29 40 0.051959242671728134 1 -1 -1 
867 333 14 27 0.051907312124967575 1 -1 -1 
685 552 8 23 0.05184641480445862 1 -1 -1 
475 133 73 130 0.05156825855374336 9 -1 -1 
511 176 54 160 0.05139986053109169 9 -1 -1 
1250 453 15 26 0.05110331252217293 1 -1 -1 
838 570 26 39 0.0510440319776535 1 -1 -1 
944 492 46 67 0.051037080585956573 1 -1 -1 
984 358 33 31 0.050931185483932495 2 -1 -1 
405 174 13 13 0.05075744539499283 2 -1 -1 
856 601 19 40 0.05040479078888893 2 -1 -1 
846 616 23 36 0.05039115250110626 1 -1 -1 
975 362 28 32 0.050230544060468674 10 -1 -1 
851 572 21 40 0.05019872263073921 1 -1 -1 
879 398 45 35 0.050112053751945496 4 -1 -1 
864 275 55 35 0.050082333385944366 4 -1 -1 
842 576 38 66 0.050063539296388626 1 -1 -1 
408 17 19 26 0.05003559589385986 3 -1 -1 
