653 168 9 12 0.9987886548042297 9 -1 -1 
747 424 66 120 0.9948967099189758 6 -1 -1 
556 250 26 36 0.7933981418609619 6 -1 -1 
893 442 115 127 0.7860809564590454 6 -1 -1 
588 269 17 16 0.7408993244171143 4 -1 -1 
668 249 20 32 0.7088754773139954 8 -1 -1 
191 399 9 20 0.6832017302513123 1 -1 -1 
468 259 16 17 0.6393979787826538 4 -1 -1 
622 262 12 12 0.6255583763122559 4 -1 -1 
743 453 9 19 0.5917834043502808 1 -1 -1 
526 250 24 12 0.5188907980918884 4 -1 -1 
201 401 11 17 0.5133672952651978 1 -1 -1 
665 218 9 10 0.4692929685115814 4 -1 -1 
426 253 29 23 0.43484625220298767 6 -1 -1 
653 168 9 12 0.4312705993652344 4 -1 -1 
201 401 10 17 0.42949581146240234 2 -1 -1 
665 218 9 10 0.39130812883377075 5 -1 -1 
432 253 27 19 0.3770091235637665 6 -1 -1 
653 168 9 12 0.37614673376083374 10 -1 -1 
900 445 41 19 0.368151992559433 4 -1 -1 
430 260 20 17 0.3590698540210724 6 -1 -1 
653 168 9 12 0.3434824049472809 1 -1 -1 
653 168 9 12 0.33905383944511414 7 -1 -1 
431 260 19 17 0.3380347490310669 4 -1 -1 
1000 154 31 11 0.32954227924346924 6 -1 -1 
653 168 9 12 0.32867032289505005 5 -1 -1 
653 168 9 12 0.31804513931274414 2 -1 -1 
653 168 9 12 0.31501442193984985 3 -1 -1 
657 160 5 4 0.31471386551856995 4 -1 -1 
201 405 12 15 0.30285269021987915 10 -1 -1 
526 250 24 12 0.29822179675102234 5 -1 -1 
653 168 9 12 0.29697224497795105 8 -1 -1 
438 255 20 15 0.2899250388145447 4 -1 -1 
653 168 9 12 0.2867985963821411 6 -1 -1 
1071 154 32 12 0.28338420391082764 9 -1 -1 
556 250 26 36 0.28216880559921265 5 -1 -1 
622 262 12 12 0.2800652086734772 5 -1 -1 
430 261 20 16 0.2756645977497101 5 -1 -1 
690 147 5 7 0.27390772104263306 6 -1 -1 
747 424 66 120 0.26070988178253174 4 -1 -1 
201 402 10 19 0.25800448656082153 3 -1 -1 
747 424 66 120 0.2545141875743866 10 -1 -1 
202 406 11 14 0.2542690634727478 3 -1 -1 
748 424 65 119 0.25409996509552 5 -1 -1 
203 400 10 15 0.23922444880008698 2 -1 -1 
468 260 15 16 0.23602308332920074 5 -1 -1 
665 176 6 7 0.23389680683612823 4 -1 -1 
441 254 18 15 0.2338278591632843 5 -1 -1 
886 444 62 32 0.23045484721660614 4 -1 -1 
688 154 6 10 0.22815555334091187 6 -1 -1 
671 159 5 5 0.22776246070861816 4 -1 -1 
900 445 41 19 0.22695453464984894 5 -1 -1 
667 249 21 32 0.2246818244457245 6 -1 -1 
556 250 26 36 0.22457990050315857 9 -1 -1 
1018 156 19 9 0.2239970713853836 4 -1 -1 
1071 155 30 11 0.22395311295986176 6 -1 -1 
605 153 18 9 0.2221757024526596 4 -1 -1 
897 447 62 33 0.21476852893829346 4 -1 -1 
588 269 17 16 0.21386612951755524 5 -1 -1 
747 193 9 6 0.2138414829969406 4 -1 -1 
439 254 20 15 0.21358580887317657 6 -1 -1 
1071 154 51 13 0.21311567723751068 9 -1 -1 
883 437 35 16 0.21101322770118713 4 -1 -1 
667 249 21 32 0.20830953121185303 5 -1 -1 
901 447 50 24 0.2077195942401886 4 -1 -1 
1025 156 19 9 0.201674684882164 4 -1 -1 
747 424 66 120 0.20120854675769806 7 -1 -1 
881 154 19 11 0.2007923275232315 5 -1 -1 
608 150 18 9 0.19939598441123962 4 -1 -1 
901 447 50 24 0.19768008589744568 5 -1 -1 
624 144 12 7 0.19412608444690704 4 -1 -1 
612 149 16 8 0.19072236120700836 4 -1 -1 
909 154 11 6 0.19008637964725494 4 -1 -1 
743 248 14 15 0.1879100799560547 6 -1 -1 
429 254 28 21 0.1874724179506302 5 -1 -1 
1285 246 59 26 0.18732312321662903 6 -1 -1 
615 148 15 8 0.18485593795776367 4 -1 -1 
747 453 11 21 0.180167555809021 1 -1 -1 
690 150 5 8 0.1760176569223404 6 -1 -1 
900 447 59 33 0.17594175040721893 6 -1 -1 
689 154 5 7 0.17546537518501282 6 -1 -1 
456 259 4 8 0.17419221997261047 9 -1 -1 
434 256 21 16 0.17408506572246552 4 -1 -1 
816 136 16 8 0.1729634553194046 4 -1 -1 
1340 171 8 5 0.17123828828334808 4 -1 -1 
468 266 5 11 0.17120973765850067 1 -1 -1 
605 153 19 9 0.16791579127311707 5 -1 -1 
444 254 16 14 0.16602379083633423 4 -1 -1 
860 147 40 17 0.16545546054840088 6 -1 -1 
747 424 66 120 0.16498437523841858 2 -1 -1 
688 154 6 10 0.16262267529964447 8 -1 -1 
467 261 11 15 0.1591806858778 4 -1 -1 
1162 158 34 12 0.15883474051952362 9 -1 -1 
743 453 9 19 0.1579587459564209 2 -1 -1 
1066 154 29 11 0.15650542080402374 6 -1 -1 
688 154 6 10 0.15529777109622955 7 -1 -1 
620 145 14 8 0.15476515889167786 4 -1 -1 
747 424 66 120 0.15356698632240295 8 -1 -1 
896 442 42 17 0.1501373052597046 4 -1 -1 
765 222 5 11 0.14990143477916718 1 -1 -1 
870 417 31 18 0.14987929165363312 4 -1 -1 
889 440 38 18 0.14932464063167572 4 -1 -1 
622 262 12 12 0.1480313092470169 6 -1 -1 
429 254 28 21 0.14801429212093353 4 -1 -1 
747 434 11 34 0.1470193713903427 1 -1 -1 
439 254 20 15 0.1469048708677292 9 -1 -1 
665 177 6 7 0.1468016803264618 5 -1 -1 
1071 154 51 13 0.14679260551929474 6 -1 -1 
881 154 19 11 0.14669011533260345 4 -1 -1 
436 258 18 16 0.1440429836511612 6 -1 -1 
912 154 7 5 0.14191310107707977 4 -1 -1 
529 253 16 10 0.14044827222824097 4 -1 -1 
671 159 5 5 0.1404222697019577 10 -1 -1 
665 177 6 7 0.1393178552389145 6 -1 -1 
556 250 26 36 0.1393108367919922 4 -1 -1 
668 250 20 32 0.138868510723114 9 -1 -1 
456 259 4 9 0.1386033296585083 2 -1 -1 
203 401 10 17 0.13832616806030273 10 -1 -1 
689 158 5 6 0.13780803978443146 6 -1 -1 
747 450 10 18 0.1376287192106247 1 -1 -1 
743 452 10 19 0.13691964745521545 3 -1 -1 
696 152 3 5 0.13633199036121368 1 -1 -1 
879 418 24 15 0.13516779243946075 4 -1 -1 
630 142 9 7 0.13299351930618286 4 -1 -1 
663 177 6 5 0.13280357420444489 4 -1 -1 
530 248 23 11 0.13272592425346375 4 -1 -1 
747 424 66 120 0.13047118484973907 3 -1 -1 
699 140 8 7 0.13043731451034546 6 -1 -1 
750 424 63 121 0.13026708364486694 9 -1 -1 
763 231 14 9 0.12979792058467865 4 -1 -1 
1023 154 15 10 0.12953218817710876 4 -1 -1 
886 444 62 32 0.12949715554714203 5 -1 -1 
191 400 8 19 0.12911631166934967 2 -1 -1 
747 441 9 23 0.12897050380706787 1 -1 -1 
690 147 5 7 0.12823547422885895 9 -1 -1 
863 149 37 17 0.12821248173713684 9 -1 -1 
747 424 66 120 0.12814466655254364 1 -1 -1 
204 408 9 12 0.1259404718875885 10 -1 -1 
881 445 62 29 0.12541623413562775 6 -1 -1 
1114 157 32 12 0.1254131942987442 9 -1 -1 
432 252 26 17 0.12421973049640656 4 -1 -1 
1304 249 40 23 0.12144901603460312 6 -1 -1 
671 159 5 5 0.12141361087560654 7 -1 -1 
742 243 15 19 0.12019380182027817 9 -1 -1 
1068 156 23 10 0.11981463432312012 6 -1 -1 
632 142 8 6 0.11921976506710052 4 -1 -1 
200 404 10 17 0.11905251443386078 1 -1 -1 
206 404 8 15 0.11890523135662079 10 -1 -1 
841 138 15 7 0.1186538115143776 4 -1 -1 
664 218 10 10 0.11794424802064896 6 -1 -1 
576 175 8 6 0.1179143488407135 4 -1 -1 
699 140 8 7 0.11753736436367035 5 -1 -1 
202 399 9 12 0.11669323593378067 2 -1 -1 
433 252 26 18 0.1160731166601181 5 -1 -1 
893 442 115 127 0.11535720527172089 5 -1 -1 
584 164 16 9 0.11510781198740005 4 -1 -1 
859 417 41 22 0.1148284301161766 4 -1 -1 
468 258 23 20 0.11444679647684097 4 -1 -1 
744 248 13 15 0.11390069872140884 8 -1 -1 
743 248 14 15 0.11364737153053284 7 -1 -1 
556 250 26 36 0.11344681680202484 8 -1 -1 
785 256 9 18 0.1132105216383934 1 -1 -1 
874 440 66 30 0.11296842992305756 4 -1 -1 
745 447 9 18 0.11291571706533432 1 -1 -1 
699 140 8 7 0.11219248920679092 4 -1 -1 
722 154 6 6 0.11072813719511032 4 -1 -1 
911 154 9 5 0.1106303334236145 6 -1 -1 
870 153 30 13 0.10865750163793564 6 -1 -1 
799 326 9 16 0.10855241119861603 1 -1 -1 
852 440 147 162 0.10720239579677582 6 -1 -1 
668 249 20 32 0.10382802039384842 4 -1 -1 
911 461 99 147 0.10277517139911652 6 -1 -1 
896 449 61 61 0.10271499305963516 6 -1 -1 
860 439 112 111 0.10130085796117783 6 -1 -1 
1114 156 54 13 0.10074691474437714 9 -1 -1 
742 242 19 21 0.09944219887256622 6 -1 -1 
421 251 33 22 0.09812289476394653 5 -1 -1 
741 246 28 18 0.09641993045806885 6 -1 -1 
1143 157 48 14 0.09310528635978699 9 -1 -1 
668 249 20 32 0.09290092438459396 7 -1 -1 
427 260 24 19 0.09095790982246399 9 -1 -1 
421 251 33 22 0.09087138622999191 4 -1 -1 
893 442 115 127 0.0907844826579094 4 -1 -1 
467 258 21 19 0.09060197323560715 5 -1 -1 
999 154 36 10 0.08989261090755463 4 -1 -1 
428 246 30 22 0.08907876163721085 6 -1 -1 
1072 156 36 13 0.08787404745817184 9 -1 -1 
882 446 65 46 0.085842564702034 6 -1 -1 
433 253 26 17 0.08193489164113998 8 -1 -1 
898 446 75 49 0.08128622174263 6 -1 -1 
474 259 48 19 0.08033586293458939 4 -1 -1 
859 146 36 13 0.079288050532341 6 -1 -1 
925 498 83 75 0.07888578623533249 6 -1 -1 
1114 156 54 13 0.07887256890535355 6 -1 -1 
886 446 58 78 0.07845306396484375 6 -1 -1 
556 250 26 36 0.07767332345247269 1 -1 -1 
668 249 20 32 0.07661117613315582 1 -1 -1 
1017 155 31 11 0.0752563327550888 4 -1 -1 
872 153 29 14 0.07378385215997696 4 -1 -1 
868 154 30 14 0.07137337327003479 9 -1 -1 
424 253 28 24 0.07131357491016388 9 -1 -1 
880 440 127 143 0.07117460668087006 9 -1 -1 
418 261 32 17 0.07067875564098358 4 -1 -1 
854 438 81 39 0.07026248425245285 6 -1 -1 
874 440 66 30 0.06995753198862076 5 -1 -1 
864 436 68 28 0.06989551335573196 4 -1 -1 
668 249 20 32 0.06976748257875443 2 -1 -1 
1072 156 36 13 0.06973985582590103 6 -1 -1 
556 250 26 36 0.06933131814002991 2 -1 -1 
872 153 29 14 0.06787402927875519 5 -1 -1 
556 250 26 36 0.06785819679498672 3 -1 -1 
436 256 24 22 0.06769842654466629 6 -1 -1 
1143 158 47 13 0.06431630998849869 6 -1 -1 
743 248 30 15 0.06372025609016418 9 -1 -1 
418 261 32 17 0.06336760520935059 5 -1 -1 
429 259 23 19 0.06257618963718414 8 -1 -1 
667 249 21 32 0.062459927052259445 3 -1 -1 
741 234 16 28 0.06177213042974472 6 -1 -1 
486 257 35 18 0.060634221881628036 6 -1 -1 
418 248 38 23 0.06026308611035347 9 -1 -1 
1092 156 53 14 0.059973523020744324 9 -1 -1 
1126 157 57 13 0.05967729538679123 9 -1 -1 
412 246 41 25 0.05942501872777939 4 -1 -1 
743 237 25 25 0.059189535677433014 6 -1 -1 
433 253 26 17 0.05879826843738556 7 -1 -1 
900 448 81 76 0.05879491940140724 6 -1 -1 
464 256 21 22 0.05849652737379074 4 -1 -1 
990 151 44 13 0.058459121733903885 6 -1 -1 
863 149 37 17 0.058249298483133316 5 -1 -1 
467 259 22 19 0.05788128823041916 6 -1 -1 
1126 157 57 13 0.057880647480487823 6 -1 -1 
828 140 34 18 0.05753331631422043 4 -1 -1 
494 264 35 17 0.057281624525785446 4 -1 -1 
1110 156 35 13 0.05697924271225929 6 -1 -1 
742 230 16 31 0.05688953772187233 9 -1 -1 
828 140 34 18 0.05678723007440567 6 -1 -1 
836 432 87 42 0.0563351996243 6 -1 -1 
743 237 25 25 0.055816445499658585 9 -1 -1 
485 259 36 19 0.055739521980285645 5 -1 -1 
411 246 40 24 0.05520319193601608 6 -1 -1 
828 140 34 18 0.055054519325494766 9 -1 -1 
411 261 39 18 0.05439583584666252 6 -1 -1 
669 259 21 27 0.0540357306599617 9 -1 -1 
891 442 65 30 0.05395764112472534 6 -1 -1 
898 446 67 35 0.053421515971422195 5 -1 -1 
847 146 45 16 0.05315274000167847 6 -1 -1 
1286 161 40 13 0.05281999707221985 6 -1 -1 
486 253 34 20 0.052757445722818375 4 -1 -1 
522 249 29 13 0.051127202808856964 6 -1 -1 
486 253 34 20 0.05111836642026901 5 -1 -1 
527 246 29 15 0.05068262293934822 4 -1 -1 
474 259 48 19 0.05057917535305023 6 -1 -1 
514 244 34 16 0.05016941949725151 4 -1 -1 
