629 200 79 110 0.9954497218132019 6 -1 -1 
2 168 167 157 0.965269148349762 6 -1 -1 
620 82 77 113 0.9619653224945068 6 -1 -1 
955 229 71 37 0.9566824436187744 5 -1 -1 
1019 347 75 57 0.9448632001876831 4 -1 -1 
940 260 75 36 0.9394374489784241 4 -1 -1 
603 572 71 116 0.9089055061340332 4 -1 -1 
441 83 33 22 0.9072213768959045 4 -1 -1 
711 76 28 21 0.9004434943199158 4 -1 -1 
887 107 27 25 0.8892349004745483 4 -1 -1 
611 4 26 41 0.8828777074813843 6 -1 -1 
705 123 28 25 0.8794590830802917 4 -1 -1 
856 146 62 26 0.8550845980644226 4 -1 -1 
1033 280 52 45 0.8410601615905762 4 -1 -1 
1075 308 14 34 0.8303014039993286 1 -1 -1 
1122 336 82 51 0.8233830332756042 4 -1 -1 
1146 354 20 39 0.8146827220916748 1 -1 -1 
962 218 74 33 0.8005653619766235 4 -1 -1 
745 83 8 22 0.7896050214767456 1 -1 -1 
752 159 10 28 0.7892985343933105 1 -1 -1 
461 16 24 21 0.7715556621551514 4 -1 -1 
855 252 12 31 0.7575827836990356 1 -1 -1 
687 61 22 19 0.7526500225067139 4 -1 -1 
744 15 18 19 0.7526431083679199 4 -1 -1 
568 0 18 13 0.7519309520721436 4 -1 -1 
842 253 12 30 0.7365028262138367 1 -1 -1 
1131 342 20 38 0.7271164059638977 1 -1 -1 
910 208 13 28 0.7215712666511536 1 -1 -1 
901 206 13 30 0.7201995849609375 1 -1 -1 
865 240 11 32 0.6994761824607849 1 -1 -1 
734 132 8 21 0.6933509111404419 1 -1 -1 
756 86 7 19 0.6905703544616699 1 -1 -1 
916 112 8 20 0.6834625601768494 1 -1 -1 
691 78 8 19 0.6129643321037292 1 -1 -1 
665 7 17 17 0.6106857061386108 4 -1 -1 
916 58 22 18 0.5489190220832825 4 -1 -1 
716 58 23 22 0.5228159427642822 4 -1 -1 
737 123 10 23 0.5059385895729065 1 -1 -1 
956 228 73 37 0.4943676292896271 4 -1 -1 
1105 307 13 21 0.4579843580722809 2 -1 -1 
917 51 25 14 0.45566526055336 4 -1 -1 
749 126 10 21 0.4497745633125305 2 -1 -1 
750 129 9 21 0.42070090770721436 1 -1 -1 
1104 290 12 29 0.4190022647380829 1 -1 -1 
746 124 9 22 0.4125531315803528 2 -1 -1 
158 604 18 31 0.40815407037734985 2 -1 -1 
730 133 7 20 0.3989972770214081 1 -1 -1 
746 124 9 23 0.3907981812953949 1 -1 -1 
716 59 23 21 0.3793483078479767 5 -1 -1 
711 78 6 19 0.36820387840270996 1 -1 -1 
817 61 6 12 0.3584846556186676 1 -1 -1 
916 111 7 15 0.358280748128891 1 -1 -1 
1186 342 17 24 0.35589146614074707 2 -1 -1 
744 127 9 21 0.3513106405735016 1 -1 -1 
1184 342 19 24 0.3462841212749481 1 -1 -1 
665 7 16 17 0.34428176283836365 5 -1 -1 
748 125 9 18 0.3390319049358368 2 -1 -1 
1044 210 36 19 0.3315793573856354 4 -1 -1 
1044 214 25 15 0.33054205775260925 10 -1 -1 
734 124 25 27 0.32833483815193176 7 -1 -1 
916 58 23 17 0.3280531167984009 5 -1 -1 
887 110 8 20 0.32766133546829224 1 -1 -1 
629 200 79 110 0.3211030066013336 7 -1 -1 
1032 48 14 15 0.31743091344833374 3 -1 -1 
661 11 6 13 0.3150489628314972 2 -1 -1 
707 123 52 28 0.3050348460674286 7 -1 -1 
959 220 77 31 0.30268359184265137 5 -1 -1 
751 130 8 21 0.30259546637535095 3 -1 -1 
690 79 9 18 0.3022580146789551 3 -1 -1 
752 127 8 17 0.2974115312099457 2 -1 -1 
736 126 9 23 0.2914108633995056 1 -1 -1 
912 112 8 20 0.28383275866508484 1 -1 -1 
734 132 8 21 0.28315046429634094 2 -1 -1 
710 77 10 20 0.2819788157939911 2 -1 -1 
747 124 7 17 0.27985048294067383 2 -1 -1 
672 0 12 9 0.27603715658187866 4 -1 -1 
661 11 6 13 0.2743649482727051 1 -1 -1 
-1 113 62 63 0.27335673570632935 6 -1 -1 
629 200 79 110 0.2693692445755005 5 -1 -1 
825 60 7 16 0.26822710037231445 1 -1 -1 
1104 294 13 30 0.2630213499069214 2 -1 -1 
629 200 79 110 0.26071831583976746 9 -1 -1 
1178 343 22 22 0.2586890161037445 2 -1 -1 
690 77 9 20 0.25469475984573364 2 -1 -1 
629 200 79 110 0.2529854476451874 8 -1 -1 
745 130 14 22 0.2528584897518158 3 -1 -1 
1105 284 12 28 0.251815527677536 1 -1 -1 
905 50 35 17 0.24894481897354126 4 -1 -1 
620 78 40 69 0.2483852058649063 6 -1 -1 
738 123 9 23 0.24555975198745728 2 -1 -1 
982 658 55 34 0.24415764212608337 1 -1 -1 
745 130 14 22 0.24201180040836334 10 -1 -1 
892 157 13 17 0.23907965421676636 2 -1 -1 
1129 340 15 40 0.2388736456632614 1 -1 -1 
660 12 7 12 0.23433656990528107 10 -1 -1 
742 124 10 24 0.23279108107089996 2 -1 -1 
629 200 79 110 0.23118306696414948 10 -1 -1 
629 200 79 110 0.23046188056468964 4 -1 -1 
746 127 12 23 0.22875647246837616 2 -1 -1 
901 52 36 20 0.22251282632350922 4 -1 -1 
724 49 11 11 0.2212713211774826 4 -1 -1 
712 77 11 18 0.2205062061548233 2 -1 -1 
1044 209 34 19 0.21882449090480804 10 -1 -1 
824 59 8 15 0.21727100014686584 2 -1 -1 
705 122 54 29 0.21573178470134735 6 -1 -1 
158 603 17 32 0.21481965482234955 1 -1 -1 
925 52 17 14 0.2108319103717804 4 -1 -1 
820 60 8 14 0.2091800719499588 1 -1 -1 
750 129 9 21 0.2085859626531601 10 -1 -1 
905 206 16 30 0.20773813128471375 1 -1 -1 
914 57 25 19 0.20761780440807343 6 -1 -1 
743 128 12 21 0.2066846787929535 2 -1 -1 
980 51 10 14 0.20634451508522034 10 -1 -1 
740 130 9 19 0.20481838285923004 1 -1 -1 
746 130 11 21 0.2042044997215271 1 -1 -1 
620 78 39 60 0.20078030228614807 9 -1 -1 
726 137 7 16 0.19984310865402222 1 -1 -1 
1100 285 15 30 0.19971199333667755 1 -1 -1 
568 0 18 13 0.1992226094007492 6 -1 -1 
1190 343 14 26 0.19844119250774384 1 -1 -1 
1189 341 14 18 0.1954084187746048 2 -1 -1 
163 610 14 24 0.19378533959388733 2 -1 -1 
737 131 8 21 0.19269180297851562 1 -1 -1 
1101 293 14 32 0.19214831292629242 1 -1 -1 
894 157 12 17 0.1917279064655304 10 -1 -1 
730 133 7 20 0.19171597063541412 2 -1 -1 
712 81 7 17 0.18903788924217224 1 -1 -1 
1104 303 13 25 0.1886214315891266 1 -1 -1 
629 200 79 110 0.1878405511379242 2 -1 -1 
736 123 10 18 0.18536728620529175 1 -1 -1 
1122 340 17 36 0.18531183898448944 1 -1 -1 
569 0 17 13 0.18507671356201172 5 -1 -1 
154 614 26 26 0.18420292437076569 3 -1 -1 
981 657 57 32 0.18369914591312408 3 -1 -1 
1139 344 18 37 0.18275883793830872 1 -1 -1 
1177 342 27 22 0.1816360503435135 10 -1 -1 
892 52 28 18 0.17700281739234924 4 -1 -1 
818 61 10 13 0.17627586424350739 10 -1 -1 
620 82 78 113 0.1754867285490036 7 -1 -1 
768 0 31 19 0.17532604932785034 6 -1 -1 
822 62 9 14 0.17522503435611725 10 -1 -1 
918 111 7 19 0.17450544238090515 1 -1 -1 
754 159 8 21 0.17414768040180206 1 -1 -1 
1152 350 18 39 0.17322780191898346 1 -1 -1 
1177 340 27 20 0.17253156006336212 2 -1 -1 
744 123 8 17 0.172078937292099 2 -1 -1 
817 61 7 12 0.17178304493427277 2 -1 -1 
734 126 8 21 0.17097601294517517 1 -1 -1 
891 154 15 20 0.17097079753875732 1 -1 -1 
820 59 11 15 0.17083857953548431 2 -1 -1 
1177 343 21 25 0.1689787060022354 1 -1 -1 
621 82 77 113 0.16747485101222992 5 -1 -1 
916 111 8 21 0.1672595888376236 2 -1 -1 
748 124 8 13 0.16709257662296295 2 -1 -1 
610 4 27 41 0.16697601974010468 5 -1 -1 
715 59 24 20 0.16656576097011566 6 -1 -1 
768 0 31 19 0.16630391776561737 7 -1 -1 
919 54 21 17 0.16570056974887848 4 -1 -1 
913 55 23 18 0.16518591344356537 4 -1 -1 
744 123 8 17 0.16351318359375 1 -1 -1 
620 78 39 60 0.1629141867160797 5 -1 -1 
157 610 23 29 0.16268324851989746 10 -1 -1 
826 59 7 13 0.16226288676261902 1 -1 -1 
1044 204 43 22 0.16155004501342773 4 -1 -1 
705 122 51 27 0.1572209894657135 4 -1 -1 
461 16 24 21 0.15690946578979492 5 -1 -1 
898 49 30 18 0.15685048699378967 4 -1 -1 
629 200 79 110 0.15579241514205933 3 -1 -1 
1000 186 65 31 0.15217278897762299 4 -1 -1 
159 611 21 28 0.1509043425321579 2 -1 -1 
610 4 27 41 0.15051867067813873 8 -1 -1 
1119 335 84 52 0.1496586948633194 5 -1 -1 
1069 255 47 51 0.1484297811985016 4 -1 -1 
690 2 26 19 0.14789371192455292 4 -1 -1 
906 55 32 20 0.1470436006784439 5 -1 -1 
621 82 76 113 0.14409485459327698 8 -1 -1 
742 125 18 27 0.14327889680862427 1 -1 -1 
858 244 15 35 0.14212411642074585 1 -1 -1 
707 123 52 28 0.14179420471191406 8 -1 -1 
1019 347 76 57 0.13924655318260193 1 -1 -1 
913 51 28 17 0.13864853978157043 5 -1 -1 
735 123 24 28 0.13862645626068115 8 -1 -1 
620 78 54 91 0.13707846403121948 6 -1 -1 
155 600 17 31 0.13554464280605316 2 -1 -1 
610 4 27 41 0.1353464126586914 9 -1 -1 
940 260 75 36 0.13512563705444336 1 -1 -1 
913 51 28 17 0.1306716501712799 6 -1 -1 
904 53 34 21 0.13062292337417603 6 -1 -1 
620 78 39 61 0.12832103669643402 4 -1 -1 
2 168 167 160 0.1278279721736908 9 -1 -1 
768 0 31 19 0.127593532204628 8 -1 -1 
0 166 169 160 0.1274028867483139 5 -1 -1 
604 572 71 115 0.12333370745182037 5 -1 -1 
705 122 54 29 0.12216754257678986 9 -1 -1 
856 146 62 26 0.12033173441886902 5 -1 -1 
730 124 26 27 0.11988507211208344 6 -1 -1 
629 200 79 109 0.11944286525249481 1 -1 -1 
736 126 24 26 0.1192474216222763 10 -1 -1 
736 124 23 28 0.11903813481330872 2 -1 -1 
687 61 22 20 0.11821220815181732 5 -1 -1 
902 50 36 19 0.1140696108341217 5 -1 -1 
744 124 17 28 0.11240608245134354 7 -1 -1 
1069 255 47 51 0.1079249382019043 5 -1 -1 
1019 347 75 57 0.10647463798522949 9 -1 -1 
621 82 76 113 0.10601139813661575 9 -1 -1 
955 229 71 37 0.10558055341243744 6 -1 -1 
610 4 27 41 0.10390502959489822 4 -1 -1 
442 83 32 22 0.10341567546129227 5 -1 -1 
1058 264 53 47 0.10265495628118515 4 -1 -1 
1119 335 84 52 0.10259512811899185 1 -1 -1 
-3 170 172 147 0.10185067355632782 4 -1 -1 
2 170 166 154 0.09943471103906631 7 -1 -1 
621 82 77 113 0.09933020174503326 4 -1 -1 
2 168 167 157 0.09929842501878738 10 -1 -1 
1049 273 65 48 0.09741220623254776 4 -1 -1 
2 168 167 157 0.09718474000692368 2 -1 -1 
841 253 13 30 0.0967440977692604 2 -1 -1 
711 76 28 21 0.09552301466464996 6 -1 -1 
157 610 23 29 0.09461147338151932 1 -1 -1 
1122 336 82 51 0.09429076313972473 6 -1 -1 
604 572 71 115 0.09324376285076141 9 -1 -1 
955 229 71 37 0.09201954305171967 8 -1 -1 
955 229 71 37 0.09132511168718338 10 -1 -1 
856 146 62 26 0.09128815680742264 9 -1 -1 
887 108 27 24 0.09084243327379227 5 -1 -1 
442 83 32 22 0.09079593420028687 1 -1 -1 
751 156 15 29 0.09071838110685349 1 -1 -1 
856 146 62 26 0.09038851410150528 1 -1 -1 
940 260 75 36 0.09008374810218811 9 -1 -1 
611 5 26 40 0.08969707787036896 1 -1 -1 
897 52 32 19 0.08843248337507248 5 -1 -1 
711 76 28 21 0.0883537083864212 5 -1 -1 
1043 32 69 49 0.08656881004571915 6 -1 -1 
705 123 28 25 0.08587600290775299 1 -1 -1 
690 2 26 19 0.08473137021064758 5 -1 -1 
887 107 27 25 0.08376684039831161 1 -1 -1 
707 123 52 28 0.08372173458337784 1 -1 -1 
705 123 28 25 0.08340147137641907 5 -1 -1 
909 41 32 22 0.08338561654090881 4 -1 -1 
610 4 27 41 0.08293209224939346 7 -1 -1 
887 108 27 24 0.08233188092708588 6 -1 -1 
724 45 28 18 0.08214776962995529 4 -1 -1 
1019 346 75 58 0.08186834305524826 5 -1 -1 
1033 280 52 45 0.08186754584312439 1 -1 -1 
768 0 33 21 0.08114133030176163 9 -1 -1 
604 572 71 116 0.07968418300151825 1 -1 -1 
620 78 40 59 0.07837966084480286 8 -1 -1 
960 218 78 33 0.07823769748210907 1 -1 -1 
2 170 166 154 0.07783810049295425 8 -1 -1 
1033 279 52 48 0.07593463361263275 5 -1 -1 
461 16 24 21 0.07577528804540634 6 -1 -1 
711 76 28 21 0.07545794546604156 1 -1 -1 
705 123 28 25 0.0741083025932312 6 -1 -1 
901 206 13 30 0.07392512261867523 2 -1 -1 
718 52 23 23 0.07367303222417831 4 -1 -1 
461 16 24 21 0.07332738488912582 1 -1 -1 
620 82 77 113 0.07306697964668274 10 -1 -1 
705 122 54 29 0.06795194000005722 5 -1 -1 
954 24 77 26 0.0614161491394043 6 -1 -1 
603 572 72 116 0.05979156866669655 10 -1 -1 
2 170 166 154 0.059111569076776505 1 -1 -1 
959 26 75 24 0.055386580526828766 4 -1 -1 
959 25 72 25 0.05409284308552742 5 -1 -1 
620 82 77 113 0.05006277933716774 3 -1 -1 
