336 471 34 52 0.9285553693771362 4 -1 -1 
316 298 34 12 0.9187746047973633 4 -1 -1 
419 338 18 22 0.9010310173034668 4 -1 -1 
546 360 23 23 0.9003949761390686 4 -1 -1 
554 383 29 26 0.8922340869903564 4 -1 -1 
410 390 23 33 0.8191009759902954 4 -1 -1 
471 272 13 13 0.7853456735610962 4 -1 -1 
426 208 6 6 0.764733076095581 4 -1 -1 
467 252 10 10 0.7563899159431458 4 -1 -1 
528 318 18 16 0.7355019450187683 4 -1 -1 
513 357 25 26 0.7240123152732849 4 -1 -1 
449 241 9 9 0.7063272595405579 4 -1 -1 
452 315 15 17 0.6851394772529602 4 -1 -1 
455 197 6 9 0.663881242275238 6 -1 -1 
282 317 5 15 0.6523706316947937 1 -1 -1 
485 312 15 16 0.6428912878036499 4 -1 -1 
277 316 6 14 0.6408630609512329 1 -1 -1 
305 290 32 12 0.6304987668991089 4 -1 -1 
278 361 6 17 0.6285362243652344 1 -1 -1 
374 225 18 7 0.625156819820404 4 -1 -1 
198 369 9 17 0.6199164986610413 1 -1 -1 
451 182 5 5 0.560071587562561 4 -1 -1 
307 271 13 12 0.5600284337997437 4 -1 -1 
242 331 8 14 0.5540105104446411 1 -1 -1 
291 319 20 24 0.548445999622345 5 -1 -1 
424 173 4 4 0.54180508852005 4 -1 -1 
375 283 5 10 0.5411648154258728 2 -1 -1 
432 184 5 4 0.5355311632156372 4 -1 -1 
456 189 5 4 0.5273535847663879 4 -1 -1 
343 228 23 12 0.505179226398468 4 -1 -1 
411 218 4 4 0.4971891939640045 4 -1 -1 
387 282 4 9 0.493790864944458 2 -1 -1 
305 290 32 12 0.48907873034477234 6 -1 -1 
431 170 4 4 0.4708925485610962 4 -1 -1 
434 174 4 4 0.4650925397872925 4 -1 -1 
291 319 20 24 0.44913750886917114 4 -1 -1 
375 287 5 10 0.44673630595207214 3 -1 -1 
387 283 4 10 0.4466419816017151 1 -1 -1 
375 287 5 10 0.41515183448791504 10 -1 -1 
387 286 4 8 0.4028654992580414 10 -1 -1 
387 286 4 8 0.38516971468925476 3 -1 -1 
359 203 25 12 0.37094125151634216 4 -1 -1 
429 178 3 3 0.3656644821166992 4 -1 -1 
476 223 4 7 0.3589418828487396 10 -1 -1 
432 172 3 3 0.34055790305137634 4 -1 -1 
455 199 5 8 0.3401792347431183 4 -1 -1 
375 284 5 10 0.3399146497249603 1 -1 -1 
497 233 5 9 0.33692726492881775 1 -1 -1 
404 226 4 6 0.3248523771762848 10 -1 -1 
404 225 3 6 0.3235846161842346 2 -1 -1 
476 223 3 6 0.31794530153274536 2 -1 -1 
556 229 4 6 0.31739187240600586 1 -1 -1 
343 234 4 9 0.3154984414577484 1 -1 -1 
466 231 4 11 0.31397637724876404 1 -1 -1 
375 231 15 8 0.29898563027381897 4 -1 -1 
513 357 25 26 0.2988249659538269 5 -1 -1 
455 198 5 8 0.29857173562049866 7 -1 -1 
432 172 4 4 0.2976897060871124 4 -1 -1 
280 317 6 14 0.2930673360824585 1 -1 -1 
431 170 4 4 0.28787606954574585 9 -1 -1 
575 370 9 13 0.276296466588974 7 -1 -1 
514 227 4 11 0.2755318284034729 1 -1 -1 
567 210 13 6 0.2744387686252594 4 -1 -1 
457 183 4 6 0.2700060307979584 7 -1 -1 
375 284 5 10 0.2696389853954315 3 -1 -1 
431 170 4 4 0.26784881949424744 5 -1 -1 
505 231 5 11 0.26456090807914734 1 -1 -1 
654 246 12 8 0.25775018334388733 10 -1 -1 
456 186 5 6 0.25302064418792725 4 -1 -1 
575 370 9 13 0.24454320967197418 8 -1 -1 
362 217 20 8 0.2428240180015564 4 -1 -1 
457 182 4 5 0.24273957312107086 2 -1 -1 
476 223 4 7 0.2417226880788803 1 -1 -1 
317 226 18 10 0.24129274487495422 4 -1 -1 
262 307 6 13 0.23885536193847656 1 -1 -1 
349 231 17 8 0.2351621687412262 4 -1 -1 
336 239 4 8 0.23194801807403564 1 -1 -1 
455 197 6 9 0.22647376358509064 8 -1 -1 
455 197 6 6 0.2258070707321167 7 -1 -1 
431 170 4 4 0.22156889736652374 6 -1 -1 
556 229 4 6 0.21711990237236023 2 -1 -1 
425 173 4 4 0.21563026309013367 4 -1 -1 
410 390 24 33 0.21497468650341034 5 -1 -1 
456 187 5 6 0.21460048854351044 5 -1 -1 
245 332 7 13 0.2140081822872162 1 -1 -1 
462 182 5 5 0.21342866122722626 4 -1 -1 
556 230 4 7 0.21007947623729706 10 -1 -1 
307 271 13 12 0.20548833906650543 5 -1 -1 
432 172 3 3 0.20478464663028717 5 -1 -1 
410 218 5 5 0.2038731724023819 5 -1 -1 
457 185 4 4 0.20145471394062042 4 -1 -1 
308 290 29 11 0.1993909329175949 5 -1 -1 
434 174 4 4 0.19832299649715424 5 -1 -1 
387 281 4 6 0.19382159411907196 2 -1 -1 
456 188 5 5 0.19259989261627197 6 -1 -1 
457 183 5 6 0.19147871434688568 8 -1 -1 
456 186 5 6 0.19133804738521576 6 -1 -1 
387 281 4 9 0.18922747671604156 1 -1 -1 
404 226 4 6 0.18635722994804382 7 -1 -1 
586 214 12 14 0.18548625707626343 9 -1 -1 
457 185 5 4 0.18227465450763702 9 -1 -1 
431 169 5 4 0.18169154226779938 4 -1 -1 
576 370 8 13 0.18017256259918213 2 -1 -1 
432 171 5 3 0.17884856462478638 4 -1 -1 
311 246 4 10 0.17734982073307037 1 -1 -1 
430 171 4 4 0.17558471858501434 4 -1 -1 
528 232 5 13 0.17547978460788727 1 -1 -1 
513 225 5 11 0.17503127455711365 1 -1 -1 
289 266 3 9 0.17424343526363373 1 -1 -1 
451 182 5 5 0.1740696132183075 5 -1 -1 
456 186 5 6 0.17377643287181854 9 -1 -1 
431 178 3 3 0.1730506420135498 4 -1 -1 
345 234 4 8 0.17252379655838013 1 -1 -1 
434 174 4 4 0.17200610041618347 9 -1 -1 
275 316 7 14 0.17020338773727417 1 -1 -1 
455 197 6 9 0.16949313879013062 5 -1 -1 
455 197 5 7 0.1681203544139862 4 -1 -1 
455 197 5 9 0.16801954805850983 9 -1 -1 
412 217 5 5 0.16535359621047974 4 -1 -1 
432 172 3 3 0.16438406705856323 6 -1 -1 
456 186 5 6 0.1642659604549408 5 -1 -1 
432 172 3 3 0.1625959724187851 9 -1 -1 
496 233 5 10 0.1625104397535324 1 -1 -1 
621 254 4 10 0.16125938296318054 1 -1 -1 
242 331 7 14 0.16076815128326416 2 -1 -1 
457 183 5 6 0.16072139143943787 4 -1 -1 
300 253 3 5 0.15854184329509735 9 -1 -1 
369 244 5 11 0.15818792581558228 1 -1 -1 
457 184 4 5 0.15809820592403412 10 -1 -1 
432 172 4 4 0.1562151163816452 5 -1 -1 
505 233 4 10 0.15585051476955414 1 -1 -1 
374 228 17 8 0.15491101145744324 4 -1 -1 
404 223 3 6 0.15485036373138428 2 -1 -1 
433 182 4 5 0.15345776081085205 4 -1 -1 
424 173 4 4 0.15330292284488678 5 -1 -1 
497 233 5 8 0.15213431417942047 2 -1 -1 
432 173 3 4 0.15159261226654053 4 -1 -1 
687 226 23 13 0.15145346522331238 9 -1 -1 
360 207 24 9 0.1506974697113037 6 -1 -1 
456 187 5 6 0.14988204836845398 9 -1 -1 
485 312 15 16 0.14838093519210815 5 -1 -1 
295 266 3 4 0.14770875871181488 1 -1 -1 
362 199 25 11 0.13851298391819 4 -1 -1 
63 259 59 118 0.13396643102169037 6 -1 -1 
291 319 20 24 0.1332518458366394 6 -1 -1 
63 257 54 104 0.1331668347120285 9 -1 -1 
313 294 30 13 0.12998151779174805 4 -1 -1 
196 368 13 21 0.1299257129430771 1 -1 -1 
688 226 23 13 0.129457026720047 5 -1 -1 
343 228 23 12 0.12211103737354279 5 -1 -1 
336 471 34 52 0.11952453851699829 5 -1 -1 
513 357 25 26 0.11505968868732452 6 -1 -1 
533 240 27 15 0.11465824395418167 4 -1 -1 
528 317 18 18 0.11321281641721725 5 -1 -1 
532 240 27 15 0.11297442764043808 7 -1 -1 
316 297 34 13 0.11055517196655273 5 -1 -1 
316 298 34 12 0.10653781145811081 1 -1 -1 
419 338 18 22 0.10462740808725357 5 -1 -1 
533 240 27 15 0.10448591411113739 6 -1 -1 
276 359 10 22 0.1031326949596405 1 -1 -1 
533 240 27 15 0.1007104441523552 8 -1 -1 
567 215 31 14 0.09812606126070023 6 -1 -1 
336 471 34 52 0.09728085994720459 9 -1 -1 
316 298 34 12 0.09631064534187317 6 -1 -1 
238 327 15 20 0.09499724954366684 1 -1 -1 
688 226 23 13 0.09285366535186768 4 -1 -1 
451 314 16 18 0.09260323643684387 5 -1 -1 
554 383 29 26 0.08589527010917664 5 -1 -1 
19 473 13 22 0.08573006093502045 3 -1 -1 
534 239 27 15 0.0847877487540245 5 -1 -1 
470 269 16 18 0.08457580208778381 4 -1 -1 
336 471 34 52 0.08455707132816315 1 -1 -1 
291 319 20 24 0.08434803783893585 8 -1 -1 
359 205 25 11 0.07911240309476852 5 -1 -1 
311 224 24 12 0.07729572057723999 4 -1 -1 
585 208 14 21 0.07580718398094177 9 -1 -1 
359 213 25 10 0.0755549743771553 4 -1 -1 
343 228 23 12 0.07512085884809494 6 -1 -1 
291 319 20 24 0.07502953708171844 9 -1 -1 
513 357 25 26 0.07466333359479904 8 -1 -1 
513 357 25 26 0.07405503839254379 1 -1 -1 
233 330 19 18 0.07338649034500122 1 -1 -1 
554 384 29 25 0.0726800411939621 1 -1 -1 
546 360 23 23 0.07245763391256332 1 -1 -1 
336 471 34 52 0.07187483459711075 10 -1 -1 
535 237 26 14 0.0718093290925026 4 -1 -1 
528 318 18 17 0.0718037560582161 6 -1 -1 
513 357 25 26 0.07107486575841904 9 -1 -1 
343 228 23 12 0.0708996132016182 10 -1 -1 
352 199 27 12 0.07044701278209686 4 -1 -1 
361 201 24 13 0.06848286837339401 5 -1 -1 
305 290 32 12 0.06821774691343307 7 -1 -1 
546 360 23 23 0.06741970032453537 5 -1 -1 
419 338 18 22 0.06678301095962524 1 -1 -1 
410 390 23 33 0.06645085662603378 9 -1 -1 
583 213 15 17 0.06618655472993851 6 -1 -1 
533 236 28 16 0.06568028032779694 7 -1 -1 
316 297 34 13 0.06397601217031479 9 -1 -1 
310 293 30 13 0.06373482197523117 6 -1 -1 
299 291 28 12 0.06292825192213058 4 -1 -1 
112 247 22 86 0.0628185123205185 9 -1 -1 
312 289 25 11 0.06281104683876038 6 -1 -1 
578 214 19 15 0.06277808547019958 9 -1 -1 
567 215 31 14 0.06229351460933685 9 -1 -1 
518 208 26 12 0.06204881891608238 4 -1 -1 
554 383 29 26 0.06150805205106735 9 -1 -1 
306 290 31 12 0.06065048277378082 1 -1 -1 
336 471 34 52 0.06021564081311226 6 -1 -1 
410 390 24 33 0.059397269040346146 1 -1 -1 
306 290 31 12 0.05922424793243408 8 -1 -1 
374 223 22 11 0.05870125815272331 4 -1 -1 
20 475 18 21 0.05852489918470383 3 -1 -1 
419 338 18 22 0.0584987998008728 9 -1 -1 
546 360 23 23 0.0574314258992672 9 -1 -1 
336 471 34 52 0.05681931972503662 7 -1 -1 
533 242 23 14 0.05660249665379524 9 -1 -1 
306 290 30 12 0.05640051141381264 9 -1 -1 
362 199 25 11 0.05622012913227081 5 -1 -1 
322 206 33 13 0.05620307847857475 4 -1 -1 
528 318 18 16 0.05597241222858429 1 -1 -1 
687 226 23 13 0.05492452159523964 6 -1 -1 
410 390 24 33 0.05392632260918617 6 -1 -1 
291 319 20 24 0.05352724343538284 1 -1 -1 
546 360 23 23 0.05345524102449417 6 -1 -1 
343 229 23 11 0.05302257835865021 9 -1 -1 
484 311 17 17 0.052862703800201416 6 -1 -1 
303 269 18 15 0.05277043581008911 5 -1 -1 
63 257 55 107 0.05216861516237259 5 -1 -1 
419 338 18 22 0.05184078961610794 10 -1 -1 
531 242 22 14 0.05149107426404953 4 -1 -1 
123 247 14 84 0.051486674696207047 9 -1 -1 
554 383 29 26 0.051269784569740295 10 -1 -1 
65 257 72 135 0.05054933577775955 9 -1 -1 
63 256 51 96 0.05024060234427452 4 -1 -1 
