660 382 43 25 0.9811449646949768 3 -1 -1 
926 331 96 53 0.9357331395149231 4 -1 -1 
247 476 57 63 0.9168758392333984 7 -1 -1 
917 392 96 56 0.909774661064148 4 -1 -1 
1017 299 95 55 0.8956800699234009 4 -1 -1 
1211 802 43 56 0.8887889385223389 3 -1 -1 
1401 745 24 46 0.8869863748550415 1 -1 -1 
1074 535 21 44 0.8740999698638916 1 -1 -1 
780 394 108 57 0.8544827699661255 4 -1 -1 
856 900 23 51 0.8484797477722168 1 -1 -1 
990 809 43 38 0.8455519676208496 10 -1 -1 
1013 267 78 47 0.8220701217651367 4 -1 -1 
404 485 32 42 0.8186994791030884 10 -1 -1 
442 477 27 34 0.8158093094825745 10 -1 -1 
914 750 20 48 0.8094015717506409 1 -1 -1 
1102 869 24 53 0.7967024445533752 1 -1 -1 
879 316 12 25 0.7803347706794739 1 -1 -1 
888 128 10 29 0.7790092825889587 1 -1 -1 
920 7 54 33 0.7756328582763672 4 -1 -1 
805 291 15 36 0.7737529873847961 1 -1 -1 
925 802 63 52 0.7709548473358154 10 -1 -1 
1369 248 15 33 0.7682350873947144 1 -1 -1 
797 359 14 39 0.7666497826576233 1 -1 -1 
816 359 14 38 0.7662122249603271 1 -1 -1 
606 390 16 37 0.7651367783546448 1 -1 -1 
891 306 14 37 0.7641090154647827 1 -1 -1 
973 253 14 35 0.761639416217804 1 -1 -1 
1006 247 15 37 0.7600878477096558 1 -1 -1 
1022 361 35 27 0.7558146715164185 10 -1 -1 
1184 223 12 32 0.7541161179542542 1 -1 -1 
1113 852 19 51 0.752650260925293 1 -1 -1 
375 496 34 35 0.7518441081047058 10 -1 -1 
938 754 41 48 0.7492679953575134 10 -1 -1 
936 276 13 35 0.7477084994316101 1 -1 -1 
1145 775 25 51 0.7438840866088867 10 -1 -1 
854 441 38 30 0.7422250509262085 10 -1 -1 
121 530 21 42 0.7405038475990295 1 -1 -1 
444 398 18 40 0.7383502125740051 1 -1 -1 
1034 398 41 29 0.7377074956893921 10 -1 -1 
985 653 43 30 0.7343252301216125 10 -1 -1 
1071 129 64 36 0.7319849133491516 4 -1 -1 
459 390 17 41 0.7286651134490967 1 -1 -1 
731 372 29 25 0.7175694108009338 10 -1 -1 
956 498 11 26 0.7143749594688416 1 -1 -1 
935 509 19 39 0.7033767104148865 1 -1 -1 
911 96 55 37 0.7002044916152954 4 -1 -1 
711 399 49 29 0.6928039789199829 7 -1 -1 
543 446 24 40 0.6922909021377563 10 -1 -1 
515 385 33 30 0.6855900883674622 10 -1 -1 
1141 139 20 23 0.6801899671554565 10 -1 -1 
306 503 17 32 0.6718909740447998 1 -1 -1 
889 376 47 30 0.6673656105995178 10 -1 -1 
765 922 25 41 0.6613762378692627 2 -1 -1 
766 937 36 47 0.6590025424957275 10 -1 -1 
1080 167 15 28 0.6576229333877563 10 -1 -1 
984 720 21 44 0.6544079184532166 1 -1 -1 
949 438 18 45 0.6509193181991577 1 -1 -1 
771 266 34 23 0.6508731245994568 10 -1 -1 
914 441 14 38 0.6422839760780334 1 -1 -1 
1189 99 22 22 0.6262603998184204 10 -1 -1 
1335 893 22 49 0.6209519505500793 1 -1 -1 
996 433 61 57 0.6125581860542297 7 -1 -1 
661 1033 26 34 0.6098294854164124 2 -1 -1 
460 466 30 37 0.6091433167457581 10 -1 -1 
624 386 15 38 0.6084235310554504 1 -1 -1 
1148 191 13 24 0.6076551079750061 2 -1 -1 
1381 163 24 22 0.6052631139755249 10 -1 -1 
858 106 28 23 0.6013745069503784 10 -1 -1 
945 308 15 34 0.6010783910751343 1 -1 -1 
1140 201 27 24 0.5969879031181335 10 -1 -1 
1617 224 22 24 0.5963658690452576 10 -1 -1 
1043 391 17 28 0.5944575667381287 2 -1 -1 
1355 192 26 23 0.593903660774231 10 -1 -1 
694 973 30 47 0.5935730934143066 2 -1 -1 
796 101 10 25 0.5914466977119446 1 -1 -1 
687 1032 26 32 0.5897959470748901 2 -1 -1 
898 850 37 54 0.5869210362434387 10 -1 -1 
761 40 68 41 0.5856912732124329 4 -1 -1 
861 432 20 31 0.5792924165725708 2 -1 -1 
111 570 47 39 0.5736238360404968 7 -1 -1 
750 1041 17 38 0.5724431872367859 1 -1 -1 
1355 149 12 28 0.5698994994163513 1 -1 -1 
914 705 78 60 0.5683289170265198 7 -1 -1 
842 100 35 25 0.5622310638427734 10 -1 -1 
1243 526 27 38 0.5609940886497498 10 -1 -1 
1103 204 14 18 0.5561358332633972 2 -1 -1 
1313 917 26 47 0.5537481904029846 1 -1 -1 
763 1046 16 32 0.5530175566673279 1 -1 -1 
694 989 44 47 0.55284184217453 10 -1 -1 
1212 220 15 24 0.5501624345779419 2 -1 -1 
1148 86 22 17 0.5446462631225586 10 -1 -1 
1074 427 17 33 0.54254549741745 2 -1 -1 
843 453 19 34 0.5408409237861633 2 -1 -1 
930 717 21 41 0.5395181179046631 2 -1 -1 
813 384 15 29 0.5212081074714661 1 -1 -1 
806 885 45 56 0.5174317359924316 1 -1 -1 
903 371 17 28 0.5136235952377319 2 -1 -1 
1372 168 12 22 0.5023556351661682 2 -1 -1 
901 474 32 29 0.49802088737487793 7 -1 -1 
1351 176 38 22 0.4952118694782257 10 -1 -1 
769 125 11 19 0.4923769235610962 2 -1 -1 
1036 351 16 30 0.49014005064964294 2 -1 -1 
752 71 33 23 0.4897677004337311 10 -1 -1 
996 433 61 57 0.48965781927108765 8 -1 -1 
790 117 9 17 0.48859354853630066 2 -1 -1 
1199 206 13 24 0.4881993234157562 2 -1 -1 
830 60 60 39 0.484197199344635 4 -1 -1 
139 574 19 25 0.4836597442626953 2 -1 -1 
1356 172 13 23 0.4833598732948303 2 -1 -1 
1340 149 25 33 0.46058931946754456 7 -1 -1 
896 372 28 31 0.45551571249961853 2 -1 -1 
833 92 33 24 0.45227259397506714 10 -1 -1 
1196 104 14 29 0.44895508885383606 1 -1 -1 
1204 206 9 21 0.4456983506679535 2 -1 -1 
989 464 23 34 0.44303837418556213 2 -1 -1 
1460 164 36 29 0.4339326024055481 10 -1 -1 
1126 80 15 17 0.4333392083644867 10 -1 -1 
808 386 20 34 0.4320894181728363 1 -1 -1 
1243 526 27 39 0.42755112051963806 3 -1 -1 
879 846 28 47 0.4249006509780884 10 -1 -1 
1143 131 15 23 0.4248288571834564 2 -1 -1 
983 720 20 43 0.4238820970058441 2 -1 -1 
931 717 30 46 0.4237138032913208 2 -1 -1 
1340 153 18 28 0.42332878708839417 7 -1 -1 
711 399 47 29 0.41489705443382263 10 -1 -1 
1350 179 26 20 0.41456589102745056 10 -1 -1 
664 362 23 34 0.4118978679180145 2 -1 -1 
310 530 31 33 0.4117928743362427 2 -1 -1 
859 840 27 48 0.4110834300518036 10 -1 -1 
451 360 22 47 0.4101255238056183 1 -1 -1 
441 388 18 39 0.400592178106308 1 -1 -1 
9 537 28 44 0.39919528365135193 2 -1 -1 
987 468 18 31 0.39310988783836365 2 -1 -1 
1335 893 21 44 0.3903179466724396 2 -1 -1 
440 385 15 35 0.38963624835014343 1 -1 -1 
1198 207 9 22 0.3865821957588196 2 -1 -1 
248 476 55 62 0.3845951557159424 8 -1 -1 
1444 175 29 24 0.38199886679649353 3 -1 -1 
727 389 13 27 0.38106071949005127 2 -1 -1 
1457 156 35 31 0.37594008445739746 10 -1 -1 
726 336 17 29 0.37525245547294617 2 -1 -1 
1352 183 31 27 0.3717322051525116 10 -1 -1 
825 844 43 37 0.37084993720054626 10 -1 -1 
664 362 22 33 0.3690257668495178 1 -1 -1 
1072 432 19 28 0.3679261803627014 10 -1 -1 
949 442 20 41 0.3653782308101654 2 -1 -1 
1451 158 34 33 0.3646623492240906 10 -1 -1 
306 502 17 32 0.36274197697639465 2 -1 -1 
668 1029 24 34 0.36047157645225525 2 -1 -1 
1543 133 32 26 0.35528993606567383 10 -1 -1 
1195 211 32 35 0.3322988450527191 10 -1 -1 
1672 213 35 26 0.30951935052871704 7 -1 -1 
617 388 17 38 0.2918607294559479 1 -1 -1 
1340 149 25 33 0.29120776057243347 8 -1 -1 
804 879 54 61 0.28794437646865845 10 -1 -1 
1199 216 37 36 0.2709490954875946 10 -1 -1 
707 57 76 38 0.26145467162132263 4 -1 -1 
902 463 35 37 0.24829958379268646 7 -1 -1 
829 58 62 43 0.24535129964351654 5 -1 -1 
1064 126 72 40 0.238674595952034 5 -1 -1 
950 450 20 49 0.22870539128780365 3 -1 -1 
247 476 57 63 0.22682751715183258 3 -1 -1 
1201 217 34 34 0.21961291134357452 7 -1 -1 
914 705 78 61 0.21855349838733673 8 -1 -1 
757 40 71 40 0.21700595319271088 5 -1 -1 
1808 287 22 32 0.21592821180820465 10 -1 -1 
1355 181 34 22 0.208365797996521 10 -1 -1 
933 701 74 62 0.2077980488538742 7 -1 -1 
951 442 19 54 0.20336511731147766 1 -1 -1 
953 449 61 46 0.19253362715244293 7 -1 -1 
1085 310 73 48 0.19078488647937775 4 -1 -1 
1352 177 38 21 0.18798531591892242 7 -1 -1 
623 385 16 38 0.18418556451797485 2 -1 -1 
247 476 57 63 0.1817813664674759 2 -1 -1 
1210 795 50 64 0.1743069440126419 10 -1 -1 
1672 214 32 26 0.17422014474868774 10 -1 -1 
1673 212 34 26 0.17401519417762756 8 -1 -1 
1340 148 24 34 0.1721128672361374 10 -1 -1 
1012 267 80 48 0.17076100409030914 5 -1 -1 
829 57 60 47 0.1691437065601349 10 -1 -1 
1018 299 91 55 0.16149182617664337 5 -1 -1 
1196 212 32 34 0.16136987507343292 7 -1 -1 
953 449 61 46 0.16073936223983765 8 -1 -1 
1207 225 32 29 0.16067661345005035 10 -1 -1 
917 392 96 56 0.15966632962226868 5 -1 -1 
1371 164 33 24 0.15680788457393646 10 -1 -1 
936 509 18 39 0.15351800620555878 2 -1 -1 
995 433 62 56 0.15263588726520538 10 -1 -1 
761 915 45 69 0.15232855081558228 10 -1 -1 
1362 171 32 25 0.1519201248884201 10 -1 -1 
804 879 54 62 0.15179391205310822 2 -1 -1 
710 41 72 47 0.15090049803256989 4 -1 -1 
799 289 18 37 0.14908044040203094 1 -1 -1 
246 475 57 63 0.14768801629543304 1 -1 -1 
609 389 20 39 0.14461173117160797 1 -1 -1 
780 394 107 57 0.1437084674835205 5 -1 -1 
870 61 77 40 0.14084050059318542 4 -1 -1 
872 842 50 61 0.13739703595638275 10 -1 -1 
1208 218 28 33 0.13693057000637054 2 -1 -1 
1352 177 38 21 0.13552606105804443 8 -1 -1 
945 443 18 40 0.13388597965240479 1 -1 -1 
915 440 23 42 0.13331936299800873 1 -1 -1 
829 57 60 47 0.13190078735351562 8 -1 -1 
919 725 64 65 0.12990306317806244 10 -1 -1 
1080 534 19 42 0.12608949840068817 1 -1 -1 
1810 282 24 32 0.1257684975862503 10 -1 -1 
924 801 64 52 0.12337814271450043 4 -1 -1 
901 474 32 29 0.12329885363578796 8 -1 -1 
931 419 82 34 0.12317381799221039 4 -1 -1 
837 52 74 40 0.12233490496873856 4 -1 -1 
1017 299 95 55 0.12096098065376282 1 -1 -1 
1193 205 24 34 0.12011529505252838 10 -1 -1 
971 441 68 52 0.11921441555023193 7 -1 -1 
947 435 64 51 0.11826248466968536 8 -1 -1 
655 484 169 86 0.11802743375301361 4 -1 -1 
1201 217 34 34 0.11787281185388565 8 -1 -1 
793 471 81 45 0.11711188405752182 7 -1 -1 
1207 225 32 29 0.1148279532790184 3 -1 -1 
950 444 20 50 0.11343520879745483 10 -1 -1 
912 722 66 65 0.11120373010635376 7 -1 -1 
1083 310 75 50 0.10848534852266312 8 -1 -1 
715 57 72 39 0.10836256295442581 6 -1 -1 
862 55 74 35 0.10812191665172577 4 -1 -1 
823 839 67 51 0.10806824266910553 10 -1 -1 
700 974 44 63 0.10665140300989151 10 -1 -1 
1808 285 22 33 0.10625306516885757 3 -1 -1 
1543 133 32 26 0.10621564090251923 3 -1 -1 
247 476 57 63 0.10621321201324463 6 -1 -1 
829 58 62 44 0.10347486287355423 6 -1 -1 
908 93 62 41 0.10325226187705994 5 -1 -1 
542 428 53 60 0.10269276797771454 10 -1 -1 
829 57 60 47 0.10265807807445526 7 -1 -1 
914 702 77 62 0.10244152694940567 6 -1 -1 
947 435 64 51 0.10155630856752396 7 -1 -1 
793 471 81 45 0.10149360448122025 8 -1 -1 
933 701 74 62 0.10036119818687439 8 -1 -1 
707 57 76 38 0.09889545291662216 5 -1 -1 
1018 299 91 56 0.09863004088401794 6 -1 -1 
888 301 21 40 0.09786998480558395 1 -1 -1 
1352 177 38 21 0.09709986299276352 3 -1 -1 
926 330 96 54 0.09674587100744247 5 -1 -1 
