362 366 105 131 0.9476211667060852 4 -1 -1 
1222 486 136 81 0.9475476145744324 4 -1 -1 
441 551 114 179 0.9416037201881409 4 -1 -1 
627 329 88 98 0.9313475489616394 4 -1 -1 
1179 257 24 45 0.9276801347732544 1 -1 -1 
315 210 18 46 0.9071340560913086 1 -1 -1 
611 94 42 48 0.8676961660385132 4 -1 -1 
697 43 35 36 0.8450412750244141 4 -1 -1 
964 327 48 34 0.8252220153808594 10 -1 -1 
1125 686 226 78 0.7629648447036743 4 -1 -1 
596 188 50 62 0.759059488773346 4 -1 -1 
980 315 25 42 0.7323437929153442 2 -1 -1 
861 89 56 49 0.7141594290733337 4 -1 -1 
197 693 127 71 0.7074400782585144 4 -1 -1 
770 42 12 27 0.6814088821411133 1 -1 -1 
591 0 11 22 0.6806552410125732 2 -1 -1 
591 8 11 21 0.48994916677474976 10 -1 -1 
591 8 11 20 0.48528847098350525 3 -1 -1 
975 317 32 43 0.4598082900047302 10 -1 -1 
946 3 12 30 0.4433637857437134 1 -1 -1 
770 48 11 23 0.3955657482147217 3 -1 -1 
965 324 45 38 0.3706657290458679 2 -1 -1 
985 322 24 40 0.31519296765327454 2 -1 -1 
980 316 23 42 0.29300665855407715 1 -1 -1 
770 41 12 27 0.29197007417678833 2 -1 -1 
137 367 32 21 0.28571856021881104 3 -1 -1 
595 188 50 62 0.2716430723667145 5 -1 -1 
992 322 18 34 0.2675541639328003 2 -1 -1 
945 3 15 30 0.26424843072891235 10 -1 -1 
861 79 79 59 0.25793614983558655 4 -1 -1 
1316 584 43 79 0.2562168836593628 4 -1 -1 
591 0 11 23 0.2543172240257263 1 -1 -1 
948 9 13 24 0.22530746459960938 1 -1 -1 
989 316 20 36 0.22463135421276093 2 -1 -1 
964 327 48 34 0.20372353494167328 4 -1 -1 
881 127 43 34 0.1997179538011551 10 -1 -1 
271 702 53 61 0.18543484807014465 1 -1 -1 
946 5 15 28 0.18290387094020844 3 -1 -1 
271 702 53 61 0.18109242618083954 2 -1 -1 
1127 686 222 79 0.17659901082515717 5 -1 -1 
945 3 15 30 0.1757170557975769 2 -1 -1 
1179 257 24 45 0.1750485748052597 4 -1 -1 
946 0 14 24 0.1743740439414978 1 -1 -1 
591 7 11 21 0.17365965247154236 2 -1 -1 
863 64 62 63 0.1579304188489914 4 -1 -1 
196 693 129 70 0.150867760181427 5 -1 -1 
589 13 12 18 0.14633198082447052 3 -1 -1 
442 551 113 181 0.13780950009822845 1 -1 -1 
880 136 44 33 0.13779141008853912 10 -1 -1 
951 12 10 21 0.13676857948303223 3 -1 -1 
948 9 13 24 0.13575801253318787 2 -1 -1 
946 0 14 24 0.13573481142520905 3 -1 -1 
881 119 54 41 0.13497866690158844 4 -1 -1 
1222 486 137 81 0.1343429684638977 9 -1 -1 
627 329 88 98 0.13011491298675537 1 -1 -1 
985 315 20 29 0.12958014011383057 2 -1 -1 
1222 486 137 81 0.12857919931411743 1 -1 -1 
881 130 28 31 0.12498997151851654 10 -1 -1 
363 366 105 130 0.12478947639465332 9 -1 -1 
861 85 56 53 0.12447021156549454 5 -1 -1 
628 329 87 98 0.1233392134308815 9 -1 -1 
442 551 113 181 0.12281336635351181 5 -1 -1 
965 324 45 38 0.1227463036775589 1 -1 -1 
363 366 105 130 0.12226631492376328 1 -1 -1 
865 104 65 39 0.12144526094198227 4 -1 -1 
1222 486 136 81 0.12141358107328415 5 -1 -1 
963 326 49 35 0.11892393231391907 7 -1 -1 
441 551 114 182 0.11783269792795181 9 -1 -1 
724 63 34 27 0.11734167486429214 10 -1 -1 
697 44 35 35 0.1153096854686737 6 -1 -1 
945 0 14 17 0.11465130001306534 2 -1 -1 
1101 395 52 50 0.1143517717719078 4 -1 -1 
697 44 34 35 0.11318114399909973 5 -1 -1 
992 320 18 34 0.11093932390213013 1 -1 -1 
875 111 64 40 0.11042036861181259 4 -1 -1 
315 210 18 46 0.11000922322273254 4 -1 -1 
943 1 13 22 0.1077861413359642 1 -1 -1 
770 42 16 35 0.10692136734724045 1 -1 -1 
591 8 11 21 0.10615365952253342 4 -1 -1 
611 94 42 48 0.1061173528432846 1 -1 -1 
1126 687 222 77 0.1053665429353714 6 -1 -1 
591 7 11 21 0.10459811240434647 1 -1 -1 
197 693 127 71 0.10384652763605118 1 -1 -1 
952 12 11 21 0.10384304076433182 1 -1 -1 
977 314 24 31 0.10314365476369858 2 -1 -1 
590 3 11 23 0.10313986986875534 10 -1 -1 
362 366 105 130 0.10188175737857819 5 -1 -1 
952 12 11 21 0.10134751349687576 10 -1 -1 
363 366 104 131 0.10086790472269058 10 -1 -1 
197 693 127 71 0.10000081360340118 7 -1 -1 
964 327 48 34 0.09980868548154831 3 -1 -1 
1316 584 43 79 0.09381457418203354 5 -1 -1 
1106 398 85 43 0.0937456339597702 4 -1 -1 
869 81 44 36 0.09278426319360733 4 -1 -1 
318 210 23 45 0.09209619462490082 1 -1 -1 
1222 486 137 81 0.0920475423336029 7 -1 -1 
143 366 21 18 0.09187113493680954 3 -1 -1 
1077 670 153 80 0.09123969078063965 9 -1 -1 
861 89 56 49 0.09117785096168518 1 -1 -1 
441 551 114 179 0.09101836383342743 10 -1 -1 
946 0 14 17 0.09098700433969498 10 -1 -1 
363 366 104 131 0.09076039493083954 7 -1 -1 
1124 686 224 79 0.09066776931285858 1 -1 -1 
697 43 35 36 0.09033029526472092 1 -1 -1 
591 8 11 21 0.08991689234972 7 -1 -1 
125 368 42 23 0.08822989463806152 3 -1 -1 
949 1 13 21 0.08737488836050034 2 -1 -1 
949 1 13 21 0.08684941381216049 10 -1 -1 
198 694 114 69 0.08587533235549927 6 -1 -1 
315 210 17 46 0.08550864458084106 2 -1 -1 
856 72 49 64 0.0853295773267746 4 -1 -1 
627 329 88 99 0.08530211448669434 10 -1 -1 
197 693 127 71 0.0837552398443222 8 -1 -1 
975 318 34 41 0.08321840316057205 4 -1 -1 
1222 486 137 81 0.08282829076051712 10 -1 -1 
765 43 17 33 0.08267097175121307 1 -1 -1 
196 693 129 70 0.08247802406549454 10 -1 -1 
593 0 12 20 0.0819394588470459 2 -1 -1 
140 360 29 24 0.08140921592712402 3 -1 -1 
587 2 16 28 0.08082962036132812 9 -1 -1 
596 187 50 63 0.08039212971925735 1 -1 -1 
1211 703 136 61 0.08028396964073181 4 -1 -1 
627 329 88 98 0.07986204326152802 7 -1 -1 
588 2 16 28 0.07959573715925217 3 -1 -1 
862 99 44 39 0.07767613232135773 5 -1 -1 
973 317 26 40 0.07544463872909546 2 -1 -1 
314 211 15 35 0.07481171935796738 1 -1 -1 
108 275 52 63 0.07477422803640366 1 -1 -1 
141 372 25 16 0.07433639466762543 3 -1 -1 
992 315 17 26 0.07414353638887405 2 -1 -1 
770 48 11 23 0.07401306927204132 10 -1 -1 
881 132 43 34 0.0739852637052536 3 -1 -1 
951 3 13 27 0.0738949105143547 1 -1 -1 
1179 257 24 44 0.07339935004711151 10 -1 -1 
196 693 128 71 0.07333448529243469 9 -1 -1 
1222 486 137 81 0.07297006994485855 6 -1 -1 
-1 189 58 53 0.072963185608387 6 -1 -1 
589 13 12 18 0.07295865565538406 10 -1 -1 
589 4 11 21 0.07247795909643173 2 -1 -1 
441 551 114 179 0.07246168702840805 7 -1 -1 
592 0 11 24 0.07157350331544876 3 -1 -1 
588 2 16 28 0.07151588797569275 1 -1 -1 
1179 257 24 45 0.07135092467069626 2 -1 -1 
1083 398 62 48 0.07128459215164185 4 -1 -1 
363 366 104 131 0.07035769522190094 6 -1 -1 
861 79 85 61 0.06900431960821152 5 -1 -1 
0 196 32 44 0.06888491660356522 6 -1 -1 
985 315 20 29 0.06877543777227402 1 -1 -1 
723 63 31 27 0.06853067129850388 3 -1 -1 
308 210 21 46 0.0676884800195694 1 -1 -1 
611 94 42 48 0.06701503694057465 5 -1 -1 
142 371 26 16 0.06696648895740509 10 -1 -1 
0 196 32 44 0.06689397990703583 7 -1 -1 
768 44 11 26 0.06688334047794342 3 -1 -1 
945 9 12 25 0.06676530838012695 3 -1 -1 
0 195 37 42 0.06642778217792511 4 -1 -1 
627 328 88 100 0.06586485356092453 5 -1 -1 
863 71 81 67 0.06521358340978622 9 -1 -1 
197 693 127 71 0.065056711435318 3 -1 -1 
880 123 54 36 0.06499875336885452 7 -1 -1 
125 367 41 23 0.06490270048379898 9 -1 -1 
1108 398 35 43 0.06456013768911362 4 -1 -1 
975 318 34 41 0.06393411010503769 7 -1 -1 
881 131 17 30 0.06374119222164154 1 -1 -1 
867 91 45 36 0.063719742000103 5 -1 -1 
588 2 16 28 0.06365259736776352 2 -1 -1 
946 0 12 15 0.06348400563001633 9 -1 -1 
628 329 87 98 0.0631195530295372 6 -1 -1 
975 317 32 43 0.06274875998497009 3 -1 -1 
952 12 11 21 0.06232169643044472 2 -1 -1 
1124 686 225 79 0.06229395046830177 10 -1 -1 
441 551 114 180 0.062016118317842484 6 -1 -1 
770 50 11 23 0.06186296418309212 1 -1 -1 
951 14 10 19 0.06114343926310539 9 -1 -1 
770 42 12 27 0.06038164347410202 4 -1 -1 
1126 687 222 77 0.06021079048514366 9 -1 -1 
943 1 13 22 0.06018715351819992 2 -1 -1 
1185 255 26 54 0.0599626787006855 1 -1 -1 
595 187 50 63 0.05990210175514221 10 -1 -1 
963 326 49 34 0.05989546328783035 9 -1 -1 
951 3 13 27 0.05987512692809105 2 -1 -1 
949 0 12 14 0.05972859635949135 1 -1 -1 
1222 486 136 81 0.05969446524977684 8 -1 -1 
948 14 11 20 0.059425823390483856 10 -1 -1 
875 69 70 49 0.05934695154428482 4 -1 -1 
0 196 37 43 0.0591181218624115 9 -1 -1 
881 131 17 30 0.058706555515527725 10 -1 -1 
108 275 52 63 0.05864745378494263 2 -1 -1 
882 126 28 31 0.05840950831770897 1 -1 -1 
1124 686 226 79 0.057991474866867065 7 -1 -1 
196 693 129 70 0.05781111866235733 2 -1 -1 
611 94 42 48 0.05743330717086792 9 -1 -1 
772 41 11 22 0.05728258937597275 1 -1 -1 
773 40 22 35 0.0568058006465435 1 -1 -1 
310 208 28 51 0.056718721985816956 1 -1 -1 
878 133 50 62 0.05666588246822357 4 -1 -1 
1222 486 137 82 0.05657348036766052 3 -1 -1 
951 3 13 27 0.05637079104781151 10 -1 -1 
1179 257 24 45 0.05636872723698616 3 -1 -1 
1313 522 20 30 0.05618461221456528 1 -1 -1 
881 131 17 30 0.056168973445892334 2 -1 -1 
879 129 51 49 0.05565346032381058 10 -1 -1 
977 314 24 31 0.05560130625963211 1 -1 -1 
864 94 81 52 0.055403709411621094 9 -1 -1 
1107 382 55 52 0.05511586368083954 4 -1 -1 
588 16 10 15 0.055073242634534836 3 -1 -1 
595 188 50 62 0.05432760342955589 9 -1 -1 
1124 686 224 79 0.05409989133477211 8 -1 -1 
946 9 11 25 0.05359945446252823 2 -1 -1 
697 44 35 35 0.0535845011472702 9 -1 -1 
363 366 104 131 0.053313154727220535 8 -1 -1 
861 83 57 55 0.05298161134123802 10 -1 -1 
315 210 18 46 0.05279937759041786 3 -1 -1 
587 8 20 24 0.05269123986363411 10 -1 -1 
870 221 18 30 0.05261943116784096 1 -1 -1 
999 320 14 27 0.052617527544498444 2 -1 -1 
868 88 46 32 0.05258152261376381 10 -1 -1 
-1 187 55 52 0.05257576331496239 9 -1 -1 
611 94 42 49 0.0524589866399765 10 -1 -1 
1183 705 161 58 0.05242084711790085 6 -1 -1 
595 188 50 62 0.05224768817424774 6 -1 -1 
882 126 28 31 0.05221748724579811 2 -1 -1 
441 551 114 179 0.052216462790966034 8 -1 -1 
882 120 55 43 0.05212893337011337 5 -1 -1 
595 187 50 63 0.05208189785480499 8 -1 -1 
135 366 33 22 0.05151161924004555 10 -1 -1 
941 6 15 28 0.05146380141377449 1 -1 -1 
880 238 7 13 0.05134940892457962 1 -1 -1 
881 133 45 32 0.05132785812020302 4 -1 -1 
875 239 12 12 0.05109741538763046 3 -1 -1 
882 123 42 34 0.05108007788658142 3 -1 -1 
861 79 85 61 0.05103684216737747 6 -1 -1 
0 196 32 44 0.05099647864699364 8 -1 -1 
992 315 17 26 0.05087338760495186 1 -1 -1 
697 43 35 36 0.05036293715238571 7 -1 -1 
441 551 114 179 0.050202902406454086 3 -1 -1 
