681 5 17 24 0.999135434627533 9 -1 -1 
568 166 30 32 0.9753515720367432 5 -1 -1 
766 151 24 26 0.9561580419540405 5 -1 -1 
221 443 138 63 0.9332041144371033 4 -1 -1 
679 87 32 19 0.8747082948684692 4 -1 -1 
719 16 15 18 0.8630350232124329 6 -1 -1 
755 68 34 13 0.8577466607093811 4 -1 -1 
711 45 14 11 0.8508561849594116 4 -1 -1 
772 204 29 31 0.8347660303115845 4 -1 -1 
554 210 18 22 0.8270955085754395 7 -1 -1 
385 307 59 39 0.8131101727485657 4 -1 -1 
709 39 12 10 0.808427095413208 4 -1 -1 
710 79 21 15 0.8023212552070618 4 -1 -1 
684 33 12 10 0.7947641015052795 4 -1 -1 
764 214 8 23 0.7912090420722961 1 -1 -1 
757 127 21 19 0.7906889915466309 4 -1 -1 
622 65 15 14 0.7893279194831848 4 -1 -1 
586 139 22 29 0.7800828218460083 5 -1 -1 
663 50 13 13 0.7789860367774963 4 -1 -1 
741 112 6 17 0.7681886553764343 1 -1 -1 
261 377 17 32 0.7670640349388123 7 -1 -1 
651 35 14 14 0.7426011562347412 4 -1 -1 
727 562 24 49 0.7393153309822083 10 -1 -1 
631 156 24 26 0.7389260530471802 4 -1 -1 
765 60 33 13 0.7365643978118896 4 -1 -1 
728 559 23 36 0.7316306233406067 2 -1 -1 
708 31 11 11 0.7272879481315613 4 -1 -1 
187 484 20 46 0.7076385617256165 1 -1 -1 
507 262 44 48 0.704731285572052 4 -1 -1 
763 178 26 31 0.6949806809425354 5 -1 -1 
804 100 48 21 0.6829550266265869 4 -1 -1 
620 54 14 13 0.6716451048851013 4 -1 -1 
788 71 29 18 0.6577929258346558 5 -1 -1 
623 39 23 11 0.6564740538597107 4 -1 -1 
711 148 7 14 0.6434629559516907 2 -1 -1 
734 61 13 18 0.6429014801979065 5 -1 -1 
727 111 7 15 0.6388958692550659 1 -1 -1 
707 25 12 9 0.6376816034317017 4 -1 -1 
768 112 23 23 0.6364685893058777 5 -1 -1 
745 60 23 11 0.6335222125053406 4 -1 -1 
561 206 9 16 0.6329073905944824 2 -1 -1 
499 170 53 23 0.632056713104248 4 -1 -1 
421 244 75 32 0.6303633451461792 4 -1 -1 
731 47 21 12 0.6278823018074036 4 -1 -1 
635 49 22 11 0.6176937222480774 4 -1 -1 
651 10 11 10 0.6169788837432861 4 -1 -1 
663 11 13 10 0.6149691939353943 4 -1 -1 
816 90 45 16 0.6145094037055969 4 -1 -1 
626 12 23 11 0.59296715259552 4 -1 -1 
710 154 7 12 0.5808725357055664 10 -1 -1 
644 43 12 11 0.5801513195037842 4 -1 -1 
752 90 13 11 0.5722949504852295 7 -1 -1 
744 53 28 11 0.5685926675796509 4 -1 -1 
597 77 21 17 0.5644953846931458 5 -1 -1 
712 29 12 10 0.5629317760467529 4 -1 -1 
681 5 17 24 0.5572361946105957 4 -1 -1 
626 50 16 13 0.5567402243614197 4 -1 -1 
634 26 13 10 0.5553761720657349 4 -1 -1 
478 182 54 23 0.5552741289138794 4 -1 -1 
596 77 22 17 0.5508665442466736 4 -1 -1 
627 132 7 16 0.5503478050231934 2 -1 -1 
608 23 23 10 0.5399583578109741 4 -1 -1 
738 39 21 9 0.5336477756500244 4 -1 -1 
337 309 22 28 0.5302974581718445 2 -1 -1 
578 125 21 19 0.5279920101165771 4 -1 -1 
773 104 35 19 0.527492105960846 4 -1 -1 
448 227 63 32 0.5269970297813416 4 -1 -1 
517 144 53 21 0.5242372751235962 4 -1 -1 
603 67 21 16 0.5189283490180969 4 -1 -1 
626 137 8 14 0.5079264044761658 3 -1 -1 
726 33 24 13 0.5040856003761292 5 -1 -1 
255 378 16 31 0.5034313201904297 2 -1 -1 
800 97 47 19 0.5032375454902649 4 -1 -1 
364 303 11 28 0.5020516514778137 3 -1 -1 
796 95 41 15 0.5016076564788818 4 -1 -1 
589 92 26 18 0.4974072277545929 5 -1 -1 
552 157 26 28 0.4970153868198395 5 -1 -1 
642 30 12 12 0.4942551553249359 4 -1 -1 
755 40 20 11 0.49368706345558167 4 -1 -1 
632 35 15 10 0.4933280944824219 4 -1 -1 
455 209 71 34 0.4929906725883484 4 -1 -1 
552 157 26 28 0.4913109540939331 4 -1 -1 
762 79 15 16 0.49097901582717896 8 -1 -1 
745 47 25 12 0.490696519613266 4 -1 -1 
743 74 5 11 0.48875945806503296 2 -1 -1 
868 103 25 12 0.48733949661254883 4 -1 -1 
762 79 15 16 0.46968647837638855 4 -1 -1 
720 135 7 13 0.46526196599006653 1 -1 -1 
877 94 33 16 0.4640595614910126 5 -1 -1 
595 67 29 17 0.4580191671848297 5 -1 -1 
560 113 32 19 0.45766475796699524 5 -1 -1 
601 108 20 19 0.45659205317497253 5 -1 -1 
752 91 13 9 0.45583412051200867 10 -1 -1 
745 51 26 10 0.4509579539299011 4 -1 -1 
1004 455 39 45 0.44743892550468445 6 -1 -1 
707 10 11 8 0.4448421001434326 4 -1 -1 
681 5 17 24 0.4445232152938843 10 -1 -1 
557 207 14 23 0.44234904646873474 2 -1 -1 
763 178 26 31 0.4414394199848175 4 -1 -1 
737 57 29 12 0.43781715631484985 4 -1 -1 
617 20 20 10 0.43728601932525635 4 -1 -1 
734 8 20 7 0.4346728026866913 4 -1 -1 
705 3 11 7 0.4334035813808441 4 -1 -1 
255 379 12 29 0.4322846531867981 1 -1 -1 
739 41 24 10 0.43165215849876404 4 -1 -1 
794 100 6 12 0.4294920265674591 1 -1 -1 
634 8 17 12 0.42919614911079407 5 -1 -1 
718 26 15 9 0.4281770586967468 4 -1 -1 
871 94 28 15 0.4254685342311859 5 -1 -1 
699 37 4 10 0.42400816082954407 1 -1 -1 
357 238 11 27 0.42305266857147217 1 -1 -1 
434 231 70 32 0.4223695993423462 4 -1 -1 
508 262 43 48 0.41759178042411804 5 -1 -1 
825 63 6 14 0.41590383648872375 1 -1 -1 
681 5 17 25 0.41131308674812317 1 -1 -1 
642 30 13 13 0.41040968894958496 5 -1 -1 
762 79 15 16 0.40733736753463745 7 -1 -1 
694 38 5 10 0.404858261346817 1 -1 -1 
720 134 7 14 0.4019818603992462 2 -1 -1 
775 37 4 12 0.3976947069168091 1 -1 -1 
709 26 13 11 0.39764803647994995 4 -1 -1 
399 285 12 24 0.3928501605987549 10 -1 -1 
708 36 12 11 0.38834020495414734 4 -1 -1 
681 5 17 25 0.38787850737571716 3 -1 -1 
601 108 20 19 0.38656169176101685 4 -1 -1 
726 33 31 14 0.38456135988235474 4 -1 -1 
187 484 20 46 0.38433557748794556 2 -1 -1 
447 216 70 32 0.38413098454475403 4 -1 -1 
627 133 7 17 0.38217443227767944 1 -1 -1 
262 378 16 30 0.38047459721565247 10 -1 -1 
340 309 15 21 0.37997376918792725 2 -1 -1 
681 5 17 24 0.37995749711990356 7 -1 -1 
257 377 20 32 0.37987130880355835 2 -1 -1 
577 125 22 19 0.3778637945652008 5 -1 -1 
719 142 7 10 0.3747367560863495 10 -1 -1 
628 37 19 11 0.37332192063331604 4 -1 -1 
632 31 16 12 0.37039080262184143 4 -1 -1 
629 10 21 11 0.36730214953422546 4 -1 -1 
761 61 35 16 0.36432480812072754 4 -1 -1 
599 104 22 24 0.36148813366889954 6 -1 -1 
400 283 12 23 0.3572564721107483 2 -1 -1 
644 0 15 8 0.355997234582901 4 -1 -1 
626 137 8 14 0.35430485010147095 10 -1 -1 
710 153 7 14 0.3522140681743622 3 -1 -1 
715 14 12 11 0.3519739508628845 6 -1 -1 
525 140 45 20 0.3515954613685608 4 -1 -1 
742 75 7 11 0.349930077791214 10 -1 -1 
633 2 19 10 0.3498065769672394 4 -1 -1 
681 5 17 24 0.34967905282974243 5 -1 -1 
740 43 25 11 0.346662700176239 4 -1 -1 
755 89 9 10 0.3453052043914795 2 -1 -1 
643 3 13 10 0.3452104926109314 4 -1 -1 
681 5 17 24 0.3438384532928467 6 -1 -1 
694 38 5 10 0.34194114804267883 2 -1 -1 
633 28 14 12 0.3409934639930725 4 -1 -1 
742 45 26 11 0.33520978689193726 4 -1 -1 
681 5 17 25 0.3346719443798065 2 -1 -1 
805 93 49 18 0.33269014954566956 4 -1 -1 
611 20 23 11 0.3317511975765228 4 -1 -1 
587 69 34 17 0.3276368975639343 5 -1 -1 
594 69 28 20 0.326946496963501 4 -1 -1 
770 105 27 22 0.32275351881980896 4 -1 -1 
587 91 28 21 0.315406858921051 6 -1 -1 
556 112 35 20 0.31269797682762146 9 -1 -1 
419 261 74 25 0.31019356846809387 4 -1 -1 
631 156 24 26 0.30581140518188477 5 -1 -1 
471 176 65 26 0.303138792514801 4 -1 -1 
420 268 59 32 0.29403847455978394 4 -1 -1 
773 100 32 16 0.2899058759212494 4 -1 -1 
771 105 27 23 0.28443774580955505 5 -1 -1 
864 95 32 17 0.2840794622898102 5 -1 -1 
768 110 25 24 0.2775270342826843 4 -1 -1 
448 228 63 31 0.2757265567779541 5 -1 -1 
788 72 29 17 0.2722701132297516 4 -1 -1 
182 484 20 44 0.27105551958084106 2 -1 -1 
593 100 27 26 0.27102169394493103 6 -1 -1 
587 94 31 28 0.2706470489501953 6 -1 -1 
477 171 65 25 0.27010640501976013 4 -1 -1 
421 273 66 38 0.26417842507362366 4 -1 -1 
485 162 66 29 0.263328492641449 4 -1 -1 
781 130 22 28 0.2626054584980011 8 -1 -1 
180 492 20 37 0.26174792647361755 10 -1 -1 
587 91 28 21 0.2557028830051422 4 -1 -1 
182 488 25 42 0.25187841057777405 10 -1 -1 
865 99 32 15 0.2512267231941223 4 -1 -1 
453 210 72 33 0.2477848082780838 5 -1 -1 
416 257 66 22 0.2465997040271759 4 -1 -1 
835 167 95 38 0.23736180365085602 6 -1 -1 
583 69 31 17 0.23693853616714478 4 -1 -1 
182 484 20 44 0.23203326761722565 1 -1 -1 
333 309 21 25 0.22898849844932556 2 -1 -1 
897 96 39 16 0.21748709678649902 4 -1 -1 
560 112 32 20 0.21281251311302185 4 -1 -1 
868 94 31 18 0.20725873112678528 4 -1 -1 
255 378 22 31 0.2060908079147339 1 -1 -1 
577 91 38 26 0.20564475655555725 6 -1 -1 
462 149 84 35 0.20306313037872314 4 -1 -1 
476 205 57 37 0.20207151770591736 4 -1 -1 
567 85 36 17 0.19909720122814178 4 -1 -1 
772 104 34 18 0.19873535633087158 5 -1 -1 
421 269 62 32 0.19778554141521454 5 -1 -1 
725 33 26 15 0.1966492384672165 9 -1 -1 
556 113 35 19 0.19467774033546448 6 -1 -1 
556 112 35 20 0.1926838755607605 8 -1 -1 
767 150 23 27 0.1920377016067505 4 -1 -1 
877 94 33 16 0.1871897280216217 4 -1 -1 
765 60 32 13 0.18587058782577515 5 -1 -1 
180 492 20 37 0.1835760772228241 3 -1 -1 
780 129 20 29 0.18115732073783875 7 -1 -1 
617 13 31 13 0.1810075342655182 4 -1 -1 
568 109 29 22 0.17930828034877777 5 -1 -1 
729 43 30 13 0.17813287675380707 4 -1 -1 
336 309 23 28 0.17721280455589294 1 -1 -1 
260 377 18 32 0.1768130362033844 8 -1 -1 
816 90 45 16 0.17615705728530884 5 -1 -1 
780 130 23 28 0.17314258217811584 5 -1 -1 
424 243 72 32 0.1723344624042511 5 -1 -1 
849 101 35 15 0.17176207900047302 4 -1 -1 
594 69 28 20 0.17087604105472565 6 -1 -1 
542 110 48 23 0.17002394795417786 5 -1 -1 
772 204 29 31 0.1697663813829422 5 -1 -1 
436 148 58 42 0.16929087042808533 4 -1 -1 
811 97 49 20 0.16904257237911224 4 -1 -1 
804 100 48 21 0.16898879408836365 5 -1 -1 
1002 453 42 48 0.1673372983932495 8 -1 -1 
422 278 65 35 0.16115039587020874 5 -1 -1 
880 96 41 18 0.16088727116584778 5 -1 -1 
458 145 74 29 0.1604812890291214 4 -1 -1 
880 96 41 18 0.15923623740673065 4 -1 -1 
904 97 38 18 0.15922890603542328 4 -1 -1 
726 33 32 15 0.15917006134986877 6 -1 -1 
866 100 32 15 0.15721073746681213 5 -1 -1 
182 488 25 42 0.15610703825950623 3 -1 -1 
906 92 35 18 0.15591029822826385 4 -1 -1 
588 95 29 24 0.15538236498832703 5 -1 -1 
488 166 63 27 0.1543182134628296 5 -1 -1 
261 377 17 32 0.15406404435634613 3 -1 -1 
542 110 48 23 0.15372373163700104 4 -1 -1 
773 100 32 16 0.152458056807518 5 -1 -1 
466 158 69 35 0.15142978727817535 4 -1 -1 
713 11 22 23 0.14923030138015747 6 -1 -1 
221 443 138 64 0.09879220277070999 1 -1 -1 
221 443 136 63 0.09823288023471832 5 -1 -1 
220 443 139 63 0.09101462364196777 9 -1 -1 
220 443 139 63 0.08963463455438614 10 -1 -1 
221 443 138 64 0.0767488032579422 7 -1 -1 
220 443 139 63 0.06585241854190826 6 -1 -1 
