925 93 37 47 0.9749780893325806 6 -1 -1 
426 460 66 90 0.9454423189163208 4 -1 -1 
947 355 60 53 0.9305269122123718 4 -1 -1 
560 438 54 84 0.9291264414787292 4 -1 -1 
738 106 24 33 0.9290944337844849 5 -1 -1 
858 483 122 51 0.9153504967689514 4 -1 -1 
764 496 60 84 0.9150959849357605 4 -1 -1 
591 143 28 30 0.908193051815033 4 -1 -1 
748 253 33 36 0.899341881275177 4 -1 -1 
914 295 45 51 0.8968150615692139 4 -1 -1 
323 666 147 99 0.8965612649917603 4 -1 -1 
936 211 35 31 0.8935367465019226 4 -1 -1 
462 387 57 72 0.8887649774551392 4 -1 -1 
1044 439 125 55 0.8716253042221069 4 -1 -1 
714 78 23 20 0.8637872934341431 4 -1 -1 
986 209 9 27 0.8544584512710571 1 -1 -1 
622 51 19 20 0.8539137840270996 4 -1 -1 
1149 576 104 107 0.8479102849960327 4 -1 -1 
965 189 10 24 0.8349865674972534 1 -1 -1 
997 211 9 24 0.8326995968818665 1 -1 -1 
857 179 61 31 0.8259375095367432 4 -1 -1 
680 56 21 18 0.8222712874412537 4 -1 -1 
633 27 17 18 0.8168670535087585 4 -1 -1 
676 84 23 23 0.8135959506034851 4 -1 -1 
488 216 52 36 0.812221348285675 4 -1 -1 
800 4 31 13 0.8092030882835388 4 -1 -1 
729 115 7 19 0.8091339468955994 1 -1 -1 
828 17 17 15 0.7923058867454529 4 -1 -1 
629 14 15 15 0.7871330380439758 4 -1 -1 
600 76 30 25 0.7870191931724548 4 -1 -1 
537 202 32 37 0.7852439284324646 4 -1 -1 
598 106 24 30 0.7728727459907532 4 -1 -1 
610 62 20 21 0.7677567005157471 4 -1 -1 
745 67 20 20 0.7639957666397095 4 -1 -1 
805 32 18 17 0.7595339417457581 4 -1 -1 
705 16 19 18 0.7593130469322205 4 -1 -1 
742 51 19 18 0.7579864263534546 4 -1 -1 
599 49 20 20 0.7553723454475403 4 -1 -1 
800 25 17 15 0.7436611652374268 4 -1 -1 
559 154 29 28 0.7428001165390015 4 -1 -1 
707 97 8 15 0.7416621446609497 10 -1 -1 
938 159 18 16 0.7354699373245239 10 -1 -1 
799 16 19 15 0.7337259650230408 4 -1 -1 
437 77 42 21 0.7297332882881165 4 -1 -1 
551 178 44 30 0.7266049981117249 4 -1 -1 
988 192 22 15 0.7236973643302917 10 -1 -1 
868 31 20 12 0.7220539450645447 7 -1 -1 
914 94 23 24 0.7215595841407776 4 -1 -1 
716 154 8 17 0.7155752182006836 2 -1 -1 
748 85 21 19 0.7149805426597595 4 -1 -1 
612 43 24 17 0.7111519575119019 4 -1 -1 
735 1 15 13 0.7108256816864014 4 -1 -1 
885 211 30 32 0.7050011157989502 4 -1 -1 
845 15 21 15 0.7032282948493958 4 -1 -1 
731 14 22 15 0.6948717832565308 4 -1 -1 
1005 211 8 24 0.6936467289924622 1 -1 -1 
611 34 17 15 0.6906867623329163 4 -1 -1 
566 124 28 30 0.6882139444351196 4 -1 -1 
845 25 33 15 0.687769889831543 4 -1 -1 
740 41 17 17 0.669585108757019 4 -1 -1 
738 23 17 17 0.654646635055542 4 -1 -1 
949 139 22 15 0.6502071022987366 10 -1 -1 
302 419 109 50 0.6410098671913147 4 -1 -1 
924 155 19 13 0.6397591829299927 10 -1 -1 
750 146 27 27 0.6384356617927551 4 -1 -1 
876 50 38 21 0.6175586581230164 4 -1 -1 
864 59 8 17 0.6092029809951782 1 -1 -1 
919 147 20 12 0.6068581938743591 10 -1 -1 
707 94 8 14 0.5958312153816223 2 -1 -1 
870 41 33 17 0.5913649797439575 4 -1 -1 
750 97 26 21 0.5863644480705261 4 -1 -1 
418 259 79 33 0.5717334151268005 4 -1 -1 
518 14 14 10 0.5507771372795105 10 -1 -1 
617 21 15 17 0.5428677201271057 4 -1 -1 
716 160 8 16 0.5413641929626465 10 -1 -1 
1040 451 16 31 0.5401595830917358 1 -1 -1 
608 25 16 17 0.5197345614433289 5 -1 -1 
656 17 5 9 0.5190524458885193 2 -1 -1 
532 3 18 11 0.5177673101425171 10 -1 -1 
1017 209 9 20 0.5149415731430054 1 -1 -1 
786 39 30 17 0.5036876201629639 4 -1 -1 
1016 215 17 20 0.4829898476600647 10 -1 -1 
716 160 8 17 0.47791141271591187 3 -1 -1 
841 130 28 30 0.4671458899974823 4 -1 -1 
738 106 23 33 0.46509531140327454 9 -1 -1 
252 649 42 24 0.4611232280731201 10 -1 -1 
618 21 15 17 0.4547339379787445 5 -1 -1 
875 49 39 23 0.44847336411476135 5 -1 -1 
1054 273 12 25 0.4482882022857666 10 -1 -1 
656 21 5 10 0.4385177195072174 10 -1 -1 
1017 209 9 20 0.4374881684780121 2 -1 -1 
1025 215 11 17 0.4327459931373596 2 -1 -1 
1040 437 20 45 0.42323026061058044 1 -1 -1 
576 15 36 15 0.4179377853870392 4 -1 -1 
607 5 17 18 0.41697126626968384 4 -1 -1 
1054 273 12 25 0.41609540581703186 3 -1 -1 
868 31 18 11 0.41224366426467896 10 -1 -1 
1016 218 15 17 0.41042882204055786 3 -1 -1 
864 63 8 14 0.40739643573760986 3 -1 -1 
1265 471 31 45 0.39711564779281616 1 -1 -1 
1043 441 25 42 0.3899208903312683 1 -1 -1 
800 2 26 11 0.3876783847808838 4 -1 -1 
927 152 19 15 0.3849772810935974 10 -1 -1 
608 25 17 17 0.37991440296173096 4 -1 -1 
1265 485 20 31 0.3791215717792511 1 -1 -1 
885 211 31 32 0.3746877908706665 5 -1 -1 
864 59 8 17 0.3709399998188019 2 -1 -1 
1002 186 8 17 0.3669303059577942 1 -1 -1 
1024 215 12 20 0.364158034324646 10 -1 -1 
819 73 26 33 0.3640894889831543 4 -1 -1 
797 41 19 14 0.3567892014980316 4 -1 -1 
631 0 15 9 0.35412055253982544 4 -1 -1 
738 24 18 16 0.35373440384864807 5 -1 -1 
1287 474 21 39 0.34335532784461975 10 -1 -1 
962 149 20 15 0.34212616086006165 10 -1 -1 
1040 456 12 28 0.3337482810020447 1 -1 -1 
925 93 36 47 0.328382670879364 5 -1 -1 
1056 282 10 16 0.3246898949146271 10 -1 -1 
1287 490 18 23 0.3159501850605011 2 -1 -1 
819 73 26 33 0.3083646297454834 5 -1 -1 
1039 439 131 56 0.2707255780696869 5 -1 -1 
276 403 136 70 0.26646023988723755 4 -1 -1 
779 41 35 19 0.2512096166610718 4 -1 -1 
282 427 124 52 0.21027077734470367 4 -1 -1 
462 387 57 72 0.189917653799057 5 -1 -1 
337 406 76 61 0.18889452517032623 4 -1 -1 
394 261 103 41 0.18745318055152893 4 -1 -1 
438 77 40 21 0.18265412747859955 5 -1 -1 
742 101 31 24 0.1790822297334671 4 -1 -1 
916 94 36 31 0.1782660186290741 4 -1 -1 
410 260 87 36 0.1775246113538742 5 -1 -1 
582 7 41 19 0.17180794477462769 4 -1 -1 
738 106 23 33 0.17095226049423218 6 -1 -1 
925 93 36 46 0.17071126401424408 4 -1 -1 
810 70 33 30 0.16686215996742249 4 -1 -1 
737 106 24 33 0.15588679909706116 4 -1 -1 
294 387 115 59 0.1558319628238678 4 -1 -1 
600 77 30 24 0.15501543879508972 5 -1 -1 
583 71 34 22 0.15332847833633423 4 -1 -1 
598 106 24 30 0.15018333494663239 5 -1 -1 
872 44 38 20 0.1500227451324463 5 -1 -1 
750 98 39 24 0.147225484251976 4 -1 -1 
858 483 123 52 0.14464573562145233 5 -1 -1 
293 417 118 53 0.1431707888841629 5 -1 -1 
854 557 78 144 0.14298345148563385 6 -1 -1 
391 260 106 43 0.1353108435869217 6 -1 -1 
749 97 32 23 0.12954863905906677 5 -1 -1 
323 666 147 99 0.12893052399158478 10 -1 -1 
742 101 31 24 0.1259019523859024 5 -1 -1 
779 47 34 21 0.12536996603012085 4 -1 -1 
875 49 39 22 0.12479716539382935 6 -1 -1 
748 84 29 25 0.12138577550649643 4 -1 -1 
281 369 128 93 0.11856435239315033 4 -1 -1 
162 579 64 74 0.11710137128829956 4 -1 -1 
583 71 34 22 0.1156180277466774 5 -1 -1 
870 40 39 18 0.11504843086004257 5 -1 -1 
810 70 33 30 0.11483444273471832 5 -1 -1 
913 93 29 25 0.11467768251895905 5 -1 -1 
738 106 23 33 0.11347440630197525 8 -1 -1 
804 67 37 26 0.11235763132572174 4 -1 -1 
764 496 61 84 0.11210225522518158 5 -1 -1 
330 381 85 73 0.11158803105354309 4 -1 -1 
1050 270 19 31 0.10974109172821045 10 -1 -1 
925 93 37 47 0.10794896632432938 9 -1 -1 
219 638 77 38 0.10753839462995529 10 -1 -1 
916 94 36 31 0.10585302114486694 6 -1 -1 
575 15 40 15 0.10469996184110641 5 -1 -1 
925 93 37 47 0.1042720302939415 10 -1 -1 
352 553 48 59 0.1033649817109108 1 -1 -1 
574 19 39 21 0.10288427770137787 4 -1 -1 
156 585 141 92 0.10262198001146317 4 -1 -1 
415 248 81 37 0.10013915598392487 4 -1 -1 
1050 270 19 31 0.09948619455099106 3 -1 -1 
156 565 76 55 0.09941805154085159 4 -1 -1 
353 553 47 59 0.099310964345932 2 -1 -1 
426 459 66 90 0.09886384010314941 1 -1 -1 
560 438 54 84 0.09756293892860413 10 -1 -1 
322 666 149 100 0.0972648411989212 5 -1 -1 
426 460 66 90 0.09686204791069031 9 -1 -1 
916 94 36 31 0.096523717045784 5 -1 -1 
947 355 60 53 0.096340112388134 1 -1 -1 
162 578 93 62 0.09601149708032608 4 -1 -1 
782 39 34 17 0.09589768946170807 5 -1 -1 
426 460 66 90 0.0955195501446724 5 -1 -1 
149 575 68 66 0.09518933296203613 4 -1 -1 
854 557 80 142 0.09466969221830368 8 -1 -1 
819 73 26 33 0.09284300357103348 8 -1 -1 
210 629 85 46 0.09025891870260239 4 -1 -1 
859 483 121 51 0.08954502642154694 1 -1 -1 
605 62 26 26 0.08908089250326157 4 -1 -1 
844 24 37 16 0.08882206678390503 5 -1 -1 
750 146 27 27 0.08877700567245483 5 -1 -1 
426 460 66 90 0.08868643641471863 10 -1 -1 
437 77 42 21 0.08814172446727753 1 -1 -1 
353 387 64 78 0.08806698024272919 4 -1 -1 
560 438 54 85 0.08797428756952286 5 -1 -1 
560 438 54 84 0.08744122087955475 1 -1 -1 
591 143 28 30 0.08701183646917343 1 -1 -1 
819 73 26 33 0.08645445853471756 6 -1 -1 
195 645 100 38 0.08607354015111923 4 -1 -1 
141 566 70 58 0.0858665332198143 4 -1 -1 
302 396 110 66 0.0858570858836174 5 -1 -1 
323 666 147 99 0.08473410457372665 1 -1 -1 
808 74 35 37 0.08325182646512985 4 -1 -1 
426 460 66 90 0.08292332291603088 7 -1 -1 
322 666 149 100 0.08256452530622482 9 -1 -1 
599 69 31 25 0.08201845735311508 4 -1 -1 
869 41 39 17 0.08198457211256027 6 -1 -1 
948 355 59 53 0.08194714039564133 10 -1 -1 
560 438 54 84 0.08167541772127151 9 -1 -1 
237 615 61 59 0.08165454864501953 10 -1 -1 
433 71 42 21 0.08161403983831406 4 -1 -1 
416 259 81 34 0.08111746609210968 6 -1 -1 
482 211 60 42 0.08103246241807938 5 -1 -1 
738 106 23 33 0.08041474223136902 2 -1 -1 
230 604 65 68 0.08027675002813339 4 -1 -1 
925 93 37 47 0.08005718886852264 3 -1 -1 
948 355 59 53 0.07989385724067688 9 -1 -1 
373 268 109 46 0.0795678198337555 6 -1 -1 
287 440 107 52 0.07952848821878433 4 -1 -1 
591 143 28 30 0.07906340062618256 5 -1 -1 
1150 576 102 107 0.07864978909492493 5 -1 -1 
384 264 110 48 0.07751111686229706 5 -1 -1 
764 496 61 84 0.07698208838701248 10 -1 -1 
136 582 63 91 0.07669538259506226 4 -1 -1 
675 53 28 26 0.07552943378686905 4 -1 -1 
855 557 79 148 0.07509160786867142 7 -1 -1 
156 585 141 92 0.07467874884605408 5 -1 -1 
226 386 180 81 0.06687062233686447 4 -1 -1 
245 422 159 79 0.06274202466011047 5 -1 -1 
156 585 141 92 0.06024092808365822 9 -1 -1 
155 587 142 94 0.059566836804151535 6 -1 -1 
220 426 169 83 0.05822961777448654 4 -1 -1 
281 369 128 93 0.05696679279208183 6 -1 -1 
281 369 128 93 0.05616939440369606 9 -1 -1 
228 413 183 67 0.05273744463920593 5 -1 -1 
281 369 128 93 0.05243687704205513 5 -1 -1 
245 422 159 79 0.051705870777368546 9 -1 -1 
