406 11 30 38 0.9985993504524231 9 -1 -1 
1250 317 109 60 0.953965425491333 5 -1 -1 
67 586 185 79 0.9364449977874756 4 -1 -1 
1036 334 113 45 0.9349014759063721 4 -1 -1 
565 186 38 36 0.9329901933670044 4 -1 -1 
270 274 83 58 0.9328275918960571 4 -1 -1 
313 165 41 52 0.922066330909729 5 -1 -1 
1109 365 131 49 0.9020872116088867 4 -1 -1 
618 44 54 25 0.8893130421638489 5 -1 -1 
305 204 38 55 0.8832226991653442 5 -1 -1 
93 329 20 42 0.8752241134643555 1 -1 -1 
326 131 29 42 0.8545897006988525 5 -1 -1 
370 193 27 37 0.8517794013023376 7 -1 -1 
355 72 29 25 0.8511584997177124 4 -1 -1 
350 99 30 37 0.8450734615325928 5 -1 -1 
569 70 34 26 0.8096725344657898 5 -1 -1 
668 99 93 43 0.798843502998352 6 -1 -1 
660 168 75 33 0.7983303666114807 4 -1 -1 
787 289 12 33 0.7822200655937195 1 -1 -1 
120 388 22 44 0.779680609703064 1 -1 -1 
987 254 17 27 0.7695131301879883 3 -1 -1 
591 86 8 20 0.7590272426605225 1 -1 -1 
696 244 12 32 0.7567986249923706 1 -1 -1 
509 4 18 16 0.7548050880432129 4 -1 -1 
801 360 16 42 0.7462073564529419 1 -1 -1 
555 30 5 17 0.7405122518539429 1 -1 -1 
956 347 15 37 0.7400557994842529 1 -1 -1 
694 717 68 39 0.7389126420021057 10 -1 -1 
1227 412 132 60 0.7355400323867798 4 -1 -1 
513 28 21 18 0.7321107983589172 4 -1 -1 
632 165 10 28 0.7218003869056702 1 -1 -1 
558 0 102 34 0.7168292999267578 6 -1 -1 
713 705 30 47 0.7113505005836487 2 -1 -1 
941 247 18 20 0.7104122638702393 10 -1 -1 
1279 371 80 48 0.7102285027503967 4 -1 -1 
745 173 23 21 0.7058292031288147 10 -1 -1 
198 278 16 44 0.7050546407699585 1 -1 -1 
1026 296 15 30 0.7049187421798706 10 -1 -1 
380 225 11 33 0.7032049298286438 1 -1 -1 
606 36 49 22 0.7017478346824646 5 -1 -1 
1205 271 22 29 0.6983500123023987 10 -1 -1 
355 147 37 46 0.6907684803009033 5 -1 -1 
670 225 12 31 0.6905093193054199 1 -1 -1 
374 123 29 38 0.6883294582366943 5 -1 -1 
61 304 43 28 0.6821238398551941 10 -1 -1 
958 720 65 37 0.6819924712181091 10 -1 -1 
649 85 49 20 0.6730753779411316 4 -1 -1 
450 245 11 22 0.6713922023773193 2 -1 -1 
763 192 29 18 0.6672104001045227 10 -1 -1 
629 102 8 23 0.6667689085006714 1 -1 -1 
1110 268 22 28 0.6659184694290161 10 -1 -1 
638 67 42 22 0.6650151014328003 5 -1 -1 
978 708 27 47 0.6637364625930786 2 -1 -1 
127 321 85 46 0.6624601483345032 4 -1 -1 
600 27 51 22 0.6622896194458008 5 -1 -1 
739 216 51 56 0.6612372994422913 5 -1 -1 
286 179 12 33 0.6575666666030884 1 -1 -1 
644 151 66 33 0.6546260118484497 5 -1 -1 
406 113 24 28 0.6479273438453674 8 -1 -1 
1046 297 18 29 0.6478573083877563 10 -1 -1 
818 272 13 35 0.6297707557678223 1 -1 -1 
998 242 31 20 0.6236380934715271 10 -1 -1 
703 712 46 43 0.6222041845321655 10 -1 -1 
730 294 39 22 0.6115374565124512 10 -1 -1 
610 152 16 27 0.6097727417945862 7 -1 -1 
731 205 11 29 0.6093953251838684 1 -1 -1 
604 76 8 19 0.6051254868507385 1 -1 -1 
1235 456 23 35 0.5900684595108032 1 -1 -1 
635 56 51 22 0.5759960412979126 4 -1 -1 
1206 272 21 28 0.5755796432495117 3 -1 -1 
731 255 12 35 0.575128436088562 1 -1 -1 
700 217 41 55 0.5749378204345703 8 -1 -1 
702 136 50 31 0.5722215175628662 8 -1 -1 
128 246 18 32 0.5715816020965576 1 -1 -1 
944 241 10 19 0.5707441568374634 2 -1 -1 
614 74 42 22 0.5699780583381653 5 -1 -1 
371 49 26 16 0.5614055395126343 4 -1 -1 
344 734 35 30 0.5603770613670349 2 -1 -1 
359 340 20 35 0.557609498500824 2 -1 -1 
425 166 37 51 0.5493896007537842 4 -1 -1 
764 263 15 26 0.5483757257461548 10 -1 -1 
725 156 25 20 0.5449997782707214 8 -1 -1 
358 354 22 32 0.5429428219795227 10 -1 -1 
390 284 13 37 0.5413302183151245 1 -1 -1 
274 183 12 34 0.5405280590057373 1 -1 -1 
425 166 37 51 0.5391886234283447 5 -1 -1 
790 275 11 28 0.5314425230026245 1 -1 -1 
393 58 24 28 0.531408429145813 4 -1 -1 
720 147 33 27 0.5286664366722107 8 -1 -1 
406 113 24 29 0.5246361494064331 7 -1 -1 
371 191 14 25 0.5237076282501221 2 -1 -1 
429 81 10 18 0.5218443870544434 2 -1 -1 
345 225 14 29 0.5181046724319458 1 -1 -1 
978 297 10 22 0.517780065536499 1 -1 -1 
1027 265 29 19 0.5038065314292908 10 -1 -1 
615 39 50 24 0.49698406457901 5 -1 -1 
905 291 18 20 0.49209779500961304 2 -1 -1 
633 64 49 21 0.48881882429122925 4 -1 -1 
450 253 12 27 0.4876151978969574 10 -1 -1 
842 235 12 23 0.4861287772655487 2 -1 -1 
544 4 7 16 0.4761756956577301 1 -1 -1 
640 101 61 31 0.47612056136131287 5 -1 -1 
546 28 6 18 0.4692226052284241 1 -1 -1 
739 285 19 30 0.46725180745124817 2 -1 -1 
973 709 35 46 0.465717077255249 10 -1 -1 
859 267 14 18 0.46476781368255615 2 -1 -1 
883 236 13 25 0.46074655652046204 1 -1 -1 
890 225 12 23 0.4583675265312195 2 -1 -1 
570 35 7 17 0.4558697044849396 1 -1 -1 
406 11 30 38 0.4555882513523102 4 -1 -1 
687 203 55 69 0.4468402862548828 8 -1 -1 
988 712 28 39 0.4423978328704834 2 -1 -1 
500 39 7 17 0.441434770822525 1 -1 -1 
113 236 20 30 0.4390363097190857 10 -1 -1 
618 72 59 23 0.434551477432251 5 -1 -1 
35 259 25 21 0.4335346817970276 3 -1 -1 
989 292 13 24 0.4275169372558594 2 -1 -1 
697 73 7 13 0.427491694688797 1 -1 -1 
0 276 17 26 0.42455676198005676 10 -1 -1 
104 239 28 25 0.420985609292984 10 -1 -1 
649 87 60 23 0.4200218617916107 4 -1 -1 
742 172 19 19 0.4195200204849243 10 -1 -1 
854 233 13 26 0.4185495972633362 2 -1 -1 
330 109 12 26 0.4164811372756958 1 -1 -1 
695 130 56 28 0.4151918590068817 8 -1 -1 
1022 254 30 20 0.41502252221107483 10 -1 -1 
640 58 49 23 0.4145928621292114 5 -1 -1 
644 158 45 25 0.4123592972755432 5 -1 -1 
682 197 48 46 0.40903717279434204 8 -1 -1 
15 182 13 29 0.4049968123435974 1 -1 -1 
393 58 24 29 0.4030211567878723 5 -1 -1 
989 293 13 23 0.4024263620376587 1 -1 -1 
640 101 57 31 0.40115562081336975 4 -1 -1 
31 187 11 25 0.3993082344532013 1 -1 -1 
420 0 27 24 0.3980709910392761 4 -1 -1 
1 269 14 26 0.39654281735420227 2 -1 -1 
987 300 16 18 0.39307931065559387 10 -1 -1 
693 242 10 30 0.3908078074455261 1 -1 -1 
604 76 8 19 0.389736533164978 2 -1 -1 
1331 485 28 39 0.388823539018631 7 -1 -1 
752 174 20 21 0.3887775242328644 10 -1 -1 
631 51 48 22 0.3880949914455414 4 -1 -1 
966 713 47 43 0.38747480511665344 2 -1 -1 
986 254 17 26 0.38366612792015076 10 -1 -1 
750 177 20 18 0.38347530364990234 7 -1 -1 
420 0 27 24 0.3816937506198883 5 -1 -1 
611 152 15 27 0.38037100434303284 8 -1 -1 
429 81 10 20 0.3801625669002533 1 -1 -1 
56 257 34 26 0.37616753578186035 10 -1 -1 
355 147 37 45 0.37567514181137085 4 -1 -1 
444 46 7 11 0.3749117851257324 1 -1 -1 
699 713 53 41 0.37446361780166626 2 -1 -1 
127 321 85 47 0.37086930871009827 8 -1 -1 
910 281 14 19 0.37034162878990173 2 -1 -1 
570 27 8 20 0.3695982098579407 1 -1 -1 
389 284 13 35 0.3691643476486206 2 -1 -1 
98 232 32 30 0.3679460287094116 10 -1 -1 
550 29 9 18 0.36709001660346985 1 -1 -1 
782 212 22 20 0.3663064241409302 10 -1 -1 
782 210 22 21 0.3660891056060791 3 -1 -1 
890 225 12 25 0.3656030595302582 1 -1 -1 
664 106 65 33 0.36308813095092773 5 -1 -1 
449 87 8 13 0.3630829453468323 2 -1 -1 
640 73 40 21 0.36292919516563416 5 -1 -1 
1020 259 37 24 0.3428870737552643 10 -1 -1 
4 326 30 40 0.3350817859172821 1 -1 -1 
683 197 47 47 0.3275887072086334 5 -1 -1 
127 321 85 46 0.3107392191886902 5 -1 -1 
113 240 30 29 0.2999995946884155 10 -1 -1 
683 197 48 47 0.2949535846710205 4 -1 -1 
641 99 84 37 0.2928786277770996 6 -1 -1 
370 193 27 37 0.29146966338157654 8 -1 -1 
997 240 34 23 0.28044718503952026 7 -1 -1 
127 321 85 46 0.2774631977081299 7 -1 -1 
670 197 32 31 0.2697533071041107 10 -1 -1 
1018 264 40 22 0.2632491886615753 3 -1 -1 
357 352 26 34 0.2613692879676819 3 -1 -1 
656 195 28 29 0.25473541021347046 10 -1 -1 
569 70 34 26 0.2511543929576874 4 -1 -1 
357 351 26 34 0.24586854875087738 2 -1 -1 
359 339 22 38 0.24048882722854614 1 -1 -1 
655 108 91 42 0.23410333693027496 6 -1 -1 
1018 257 38 23 0.23092198371887207 3 -1 -1 
681 196 58 65 0.22799234092235565 5 -1 -1 
728 252 19 38 0.22264714539051056 1 -1 -1 
1227 402 90 67 0.2125968635082245 4 -1 -1 
700 216 41 56 0.21122218668460846 5 -1 -1 
278 179 19 38 0.2025671750307083 1 -1 -1 
1250 317 109 60 0.20245490968227386 4 -1 -1 
663 198 26 33 0.20182202756404877 10 -1 -1 
7 330 28 37 0.19739826023578644 2 -1 -1 
659 168 76 33 0.19638292491436005 5 -1 -1 
99 234 32 30 0.19473493099212646 3 -1 -1 
665 99 95 42 0.19139903783798218 5 -1 -1 
406 112 25 30 0.1908833086490631 4 -1 -1 
52 249 35 30 0.18831245601177216 10 -1 -1 
1016 269 38 22 0.18693895637989044 3 -1 -1 
731 291 34 24 0.18576888740062714 2 -1 -1 
97 231 34 31 0.18546059727668762 7 -1 -1 
92 229 24 33 0.18339504301548004 10 -1 -1 
371 193 26 36 0.1832423210144043 10 -1 -1 
812 268 20 39 0.1822534203529358 10 -1 -1 
1021 260 40 23 0.17847885191440582 7 -1 -1 
1226 417 68 55 0.17732690274715424 4 -1 -1 
674 195 45 32 0.17550261318683624 8 -1 -1 
36 294 71 40 0.17446622252464294 7 -1 -1 
105 238 31 30 0.171466663479805 3 -1 -1 
1028 260 38 24 0.16898715496063232 10 -1 -1 
12 333 24 35 0.16841226816177368 1 -1 -1 
92 229 24 33 0.16810733079910278 3 -1 -1 
1018 255 36 23 0.1675219088792801 7 -1 -1 
730 294 38 22 0.16735750436782837 3 -1 -1 
369 193 27 37 0.16640141606330872 2 -1 -1 
730 295 38 21 0.1648320108652115 7 -1 -1 
727 204 17 39 0.16244570910930634 1 -1 -1 
656 194 27 28 0.16118262708187103 7 -1 -1 
406 112 25 30 0.15861015021800995 6 -1 -1 
803 269 24 37 0.15856321156024933 10 -1 -1 
681 204 38 48 0.15551520884037018 8 -1 -1 
118 244 30 28 0.15235188603401184 10 -1 -1 
359 339 22 39 0.15026728808879852 10 -1 -1 
681 212 52 48 0.14970815181732178 8 -1 -1 
113 240 30 29 0.1490481048822403 3 -1 -1 
646 157 86 36 0.1471291482448578 4 -1 -1 
997 240 33 23 0.14271868765354156 3 -1 -1 
270 182 19 38 0.14268971979618073 1 -1 -1 
737 215 54 57 0.14147838950157166 4 -1 -1 
644 158 43 25 0.13939949870109558 4 -1 -1 
36 294 71 41 0.13809174299240112 10 -1 -1 
694 217 50 58 0.1373613178730011 6 -1 -1 
56 257 34 25 0.13579103350639343 7 -1 -1 
1023 250 39 26 0.13484156131744385 10 -1 -1 
683 197 47 47 0.13372427225112915 7 -1 -1 
884 224 27 34 0.1331683248281479 3 -1 -1 
699 217 41 55 0.1317840814590454 7 -1 -1 
997 240 33 23 0.13166135549545288 8 -1 -1 
671 195 42 29 0.1312393993139267 7 -1 -1 
664 180 71 52 0.1302243322134018 5 -1 -1 
357 351 26 34 0.130147784948349 1 -1 -1 
880 233 22 34 0.12974122166633606 1 -1 -1 
641 149 72 38 0.12916821241378784 6 -1 -1 
718 252 26 34 0.12759336829185486 1 -1 -1 
370 193 27 37 0.12728802859783173 3 -1 -1 
50 241 30 34 0.12616705894470215 10 -1 -1 
67 586 185 79 0.12577572464942932 7 -1 -1 
785 277 19 44 0.12510506808757782 1 -1 -1 
38 249 33 30 0.12440747767686844 10 -1 -1 
664 192 56 30 0.12387753278017044 10 -1 -1 
1228 392 111 56 0.12370172888040543 4 -1 -1 
127 321 85 46 0.1228739395737648 1 -1 -1 
1003 244 39 22 0.1226515993475914 7 -1 -1 
2 321 30 36 0.12235968559980392 1 -1 -1 
166 232 77 55 0.12199489027261734 4 -1 -1 
658 193 44 28 0.12120789289474487 7 -1 -1 
1036 335 113 44 0.12118452787399292 1 -1 -1 
55 256 34 26 0.12097997218370438 3 -1 -1 
0 654 63 91 0.12080124020576477 4 -1 -1 
1227 409 133 65 0.12040551751852036 5 -1 -1 
67 586 185 79 0.12033882737159729 10 -1 -1 
646 157 86 36 0.12010285258293152 5 -1 -1 
667 195 29 31 0.12004708498716354 7 -1 -1 
1279 371 80 47 0.1184488981962204 5 -1 -1 
683 197 57 72 0.1109595075249672 6 -1 -1 
1227 384 137 83 0.09540890902280807 4 -1 -1 
683 197 57 72 0.09530829638242722 4 -1 -1 
664 180 71 52 0.08496541529893875 4 -1 -1 
700 218 49 65 0.0837291032075882 9 -1 -1 
659 166 76 35 0.08079954236745834 9 -1 -1 
691 217 51 58 0.0762142688035965 4 -1 -1 
664 180 71 52 0.07023193687200546 8 -1 -1 
692 204 57 64 0.06557035446166992 5 -1 -1 
682 217 58 59 0.06463002413511276 9 -1 -1 
664 192 67 58 0.060882434248924255 5 -1 -1 
659 166 76 35 0.05464399233460426 6 -1 -1 
666 199 67 69 0.05306404083967209 7 -1 -1 
668 193 64 65 0.05083902180194855 6 -1 -1 
