760 530 40 18 0.9846579432487488 5 -1 -1 
100 49 66 31 0.976482093334198 5 -1 -1 
824 708 45 21 0.9606155753135681 5 -1 -1 
215 50 25 49 0.9385079145431519 4 -1 -1 
182 178 48 22 0.936829149723053 4 -1 -1 
187 209 48 23 0.9266985654830933 4 -1 -1 
243 47 25 48 0.9240143895149231 4 -1 -1 
240 686 53 24 0.9193013310432434 4 -1 -1 
637 287 21 50 0.9174504280090332 4 -1 -1 
303 49 23 44 0.9170606732368469 4 -1 -1 
183 127 47 22 0.9162680506706238 4 -1 -1 
333 47 22 50 0.9138508439064026 4 -1 -1 
184 154 52 22 0.9135830402374268 4 -1 -1 
170 242 53 25 0.9123488664627075 4 -1 -1 
659 469 22 52 0.909496009349823 4 -1 -1 
269 281 24 53 0.9077489376068115 4 -1 -1 
662 204 24 51 0.9068564176559448 4 -1 -1 
556 347 24 54 0.9050195217132568 4 -1 -1 
721 152 47 23 0.9024641513824463 4 -1 -1 
240 279 24 51 0.9011218547821045 4 -1 -1 
668 388 22 50 0.8983286023139954 4 -1 -1 
370 270 24 46 0.889333963394165 4 -1 -1 
1112 596 48 40 0.8893082141876221 4 -1 -1 
310 265 27 52 0.8891622424125671 4 -1 -1 
731 305 50 25 0.8887221813201904 4 -1 -1 
1159 575 41 51 0.8867447376251221 4 -1 -1 
489 140 44 43 0.8792353868484497 4 -1 -1 
275 45 22 42 0.8696224689483643 4 -1 -1 
1223 603 41 49 0.8607496023178101 4 -1 -1 
920 669 50 23 0.8604293465614319 4 -1 -1 
1309 595 30 53 0.8545462489128113 4 -1 -1 
392 743 53 21 0.8499070405960083 4 -1 -1 
737 364 49 28 0.8439837098121643 4 -1 -1 
1057 626 45 40 0.8103607892990112 4 -1 -1 
635 542 22 50 0.804053783416748 4 -1 -1 
636 407 23 48 0.7938275933265686 4 -1 -1 
633 691 24 57 0.7656857967376709 4 -1 -1 
835 339 20 10 0.7504971623420715 10 -1 -1 
135 102 39 20 0.7438399791717529 4 -1 -1 
848 572 16 15 0.7308683395385742 10 -1 -1 
700 426 8 19 0.7239022254943848 10 -1 -1 
739 178 44 40 0.7210813164710999 4 -1 -1 
858 594 8 17 0.7091038823127747 10 -1 -1 
732 81 46 26 0.6823903918266296 4 -1 -1 
343 280 23 49 0.6762167811393738 4 -1 -1 
860 441 11 15 0.6581965088844299 10 -1 -1 
569 626 9 18 0.6256040930747986 10 -1 -1 
700 11 24 47 0.6215711236000061 4 -1 -1 
708 679 13 28 0.6176391243934631 7 -1 -1 
1287 688 22 13 0.6045888066291809 10 -1 -1 
763 706 21 12 0.6026777625083923 10 -1 -1 
806 168 8 9 0.6002313494682312 1 -1 -1 
324 749 52 14 0.5855330228805542 4 -1 -1 
1222 555 15 7 0.5830790400505066 1 -1 -1 
359 167 28 13 0.5547276735305786 10 -1 -1 
844 61 24 14 0.5488356947898865 7 -1 -1 
1186 535 16 22 0.54393070936203 10 -1 -1 
722 662 8 9 0.5405259728431702 1 -1 -1 
1234 570 11 6 0.5391929149627686 1 -1 -1 
821 355 9 17 0.5329731702804565 10 -1 -1 
712 425 8 7 0.5307289361953735 1 -1 -1 
729 703 17 10 0.5268005728721619 10 -1 -1 
847 244 9 9 0.5246115922927856 1 -1 -1 
695 750 9 13 0.5224169492721558 10 -1 -1 
707 678 12 28 0.5213980674743652 10 -1 -1 
786 720 13 13 0.5199579000473022 1 -1 -1 
767 277 17 8 0.5197019577026367 10 -1 -1 
542 316 7 15 0.5130135416984558 10 -1 -1 
836 529 9 7 0.5078606009483337 1 -1 -1 
799 161 7 11 0.5069838762283325 1 -1 -1 
745 718 12 12 0.49829164147377014 10 -1 -1 
277 658 9 7 0.48966312408447266 1 -1 -1 
913 531 8 8 0.48667624592781067 1 -1 -1 
802 495 18 18 0.4850589632987976 7 -1 -1 
839 178 7 13 0.4841613173484802 10 -1 -1 
799 516 18 7 0.48279568552970886 10 -1 -1 
767 689 9 10 0.48172855377197266 1 -1 -1 
728 112 47 29 0.4810512363910675 4 -1 -1 
875 536 8 6 0.480785608291626 1 -1 -1 
1032 6 40 21 0.48072269558906555 4 -1 -1 
911 523 8 6 0.4803314805030823 1 -1 -1 
720 601 7 9 0.4706517159938812 1 -1 -1 
843 600 8 7 0.4689106047153473 1 -1 -1 
880 564 9 21 0.4676613509654999 10 -1 -1 
1048 584 18 13 0.4665966033935547 3 -1 -1 
851 307 6 8 0.464836984872818 1 -1 -1 
861 531 12 8 0.4603514075279236 1 -1 -1 
844 48 15 8 0.4546811878681183 1 -1 -1 
842 259 14 8 0.4460564851760864 10 -1 -1 
839 49 5 6 0.44429415464401245 1 -1 -1 
861 311 8 9 0.4439709782600403 1 -1 -1 
776 284 16 10 0.4416009783744812 10 -1 -1 
343 279 23 50 0.4354607164859772 5 -1 -1 
839 177 7 13 0.4337269961833954 1 -1 -1 
808 461 19 12 0.4325399100780487 10 -1 -1 
495 646 16 11 0.42992496490478516 10 -1 -1 
832 285 9 9 0.4176088869571686 1 -1 -1 
802 495 18 18 0.41509971022605896 8 -1 -1 
839 273 13 10 0.40841272473335266 10 -1 -1 
1044 5 29 20 0.40602976083755493 4 -1 -1 
898 585 24 11 0.40467071533203125 10 -1 -1 
893 570 8 11 0.4034467339515686 10 -1 -1 
722 49 46 35 0.39760062098503113 4 -1 -1 
796 724 7 8 0.3949449956417084 1 -1 -1 
1062 535 11 8 0.3888096511363983 1 -1 -1 
747 756 15 7 0.3876640498638153 10 -1 -1 
845 1 5 8 0.38135936856269836 1 -1 -1 
495 647 7 8 0.37696748971939087 1 -1 -1 
136 102 38 20 0.376053124666214 5 -1 -1 
767 693 8 8 0.3746539354324341 1 -1 -1 
725 430 8 7 0.36963459849357605 1 -1 -1 
739 659 5 7 0.3695206940174103 1 -1 -1 
897 586 16 9 0.367362380027771 10 -1 -1 
744 0 36 19 0.36037033796310425 4 -1 -1 
735 650 7 7 0.36005690693855286 1 -1 -1 
863 280 17 12 0.355898380279541 1 -1 -1 
504 647 6 10 0.3558180332183838 1 -1 -1 
833 283 9 10 0.3550736606121063 10 -1 -1 
825 59 17 11 0.35489004850387573 10 -1 -1 
570 626 8 14 0.3526521325111389 2 -1 -1 
766 449 9 9 0.34815800189971924 1 -1 -1 
879 625 7 10 0.3471511900424957 10 -1 -1 
763 706 18 12 0.3465752899646759 2 -1 -1 
745 717 11 10 0.34369927644729614 10 -1 -1 
323 749 53 15 0.3429449498653412 5 -1 -1 
1048 584 18 12 0.339033842086792 10 -1 -1 
1293 689 15 11 0.32953667640686035 2 -1 -1 
767 696 7 6 0.32794269919395447 1 -1 -1 
849 142 5 6 0.3276817798614502 1 -1 -1 
1048 585 17 12 0.32706207036972046 1 -1 -1 
846 273 8 8 0.325288861989975 1 -1 -1 
803 508 16 8 0.3248552680015564 10 -1 -1 
805 171 7 7 0.32473617792129517 1 -1 -1 
854 276 4 7 0.3230248689651489 1 -1 -1 
790 722 12 11 0.32195496559143066 1 -1 -1 
916 543 7 6 0.3200574219226837 1 -1 -1 
723 56 52 38 0.26266202330589294 4 -1 -1 
632 691 25 58 0.2583477795124054 5 -1 -1 
760 530 40 18 0.25378119945526123 8 -1 -1 
843 60 26 15 0.2516126036643982 8 -1 -1 
99 49 67 31 0.2418110966682434 6 -1 -1 
760 530 40 18 0.23847918212413788 10 -1 -1 
729 63 49 38 0.22978529334068298 4 -1 -1 
760 530 40 18 0.2019140124320984 4 -1 -1 
738 178 44 40 0.19880060851573944 5 -1 -1 
746 689 30 13 0.19090476632118225 3 -1 -1 
760 530 40 18 0.18092748522758484 2 -1 -1 
760 530 40 18 0.17957377433776855 9 -1 -1 
760 530 40 18 0.17806871235370636 7 -1 -1 
1113 596 47 40 0.1761472225189209 5 -1 -1 
1121 652 28 14 0.17400985956192017 4 -1 -1 
847 27 30 23 0.1737188696861267 4 -1 -1 
100 50 66 30 0.17298340797424316 9 -1 -1 
99 49 67 31 0.1713065505027771 10 -1 -1 
1223 603 41 48 0.16917748749256134 5 -1 -1 
1057 626 46 39 0.16897466778755188 5 -1 -1 
760 530 40 18 0.16608282923698425 6 -1 -1 
801 494 20 21 0.162462055683136 4 -1 -1 
845 36 28 19 0.15834246575832367 4 -1 -1 
842 60 27 15 0.15804915130138397 10 -1 -1 
767 277 26 17 0.15184396505355835 10 -1 -1 
359 167 28 13 0.14914992451667786 7 -1 -1 
323 750 53 13 0.14360564947128296 6 -1 -1 
100 49 66 31 0.14353717863559723 2 -1 -1 
100 50 66 30 0.1393895149230957 4 -1 -1 
100 49 66 31 0.13916870951652527 8 -1 -1 
843 60 26 15 0.13751061260700226 4 -1 -1 
136 102 38 20 0.1321505904197693 6 -1 -1 
1308 595 32 53 0.13106125593185425 5 -1 -1 
728 -2 53 24 0.1304272562265396 6 -1 -1 
852 29 32 25 0.12958291172981262 4 -1 -1 
745 689 30 13 0.1287900060415268 8 -1 -1 
746 689 30 13 0.12386301904916763 10 -1 -1 
745 689 30 13 0.12125866115093231 7 -1 -1 
1119 651 29 15 0.12089994549751282 7 -1 -1 
845 43 27 15 0.11966196447610855 4 -1 -1 
843 60 26 15 0.11652601510286331 6 -1 -1 
707 679 14 28 0.11206002533435822 8 -1 -1 
475 751 33 12 0.11175348609685898 4 -1 -1 
303 49 23 44 0.11166873574256897 5 -1 -1 
1018 3 55 27 0.11091254651546478 9 -1 -1 
898 582 33 17 0.11058671027421951 10 -1 -1 
802 494 19 21 0.10942955315113068 6 -1 -1 
333 47 22 50 0.10897228121757507 5 -1 -1 
1159 574 40 52 0.10882479697465897 5 -1 -1 
100 49 66 31 0.10805317759513855 7 -1 -1 
832 272 22 21 0.10614750534296036 10 -1 -1 
736 49 45 41 0.10492756217718124 4 -1 -1 
874 381 30 16 0.10242219269275665 4 -1 -1 
865 112 13 29 0.10181817412376404 10 -1 -1 
707 679 14 28 0.10139475762844086 3 -1 -1 
725 112 51 30 0.09981577843427658 5 -1 -1 
475 751 33 12 0.09904900938272476 5 -1 -1 
475 751 32 13 0.0974627435207367 9 -1 -1 
322 747 53 16 0.0958002433180809 9 -1 -1 
1020 3 53 27 0.09571952372789383 6 -1 -1 
728 -2 53 24 0.09558208286762238 9 -1 -1 
1308 595 32 53 0.09223828464746475 6 -1 -1 
359 167 28 13 0.09191153198480606 8 -1 -1 
1159 575 41 51 0.08969207853078842 10 -1 -1 
268 281 26 53 0.08616714924573898 5 -1 -1 
911 525 20 26 0.08610855787992477 8 -1 -1 
1308 595 31 53 0.0859890952706337 9 -1 -1 
736 363 51 30 0.08557533472776413 5 -1 -1 
851 193 24 16 0.08440180122852325 10 -1 -1 
849 25 35 22 0.08392226696014404 4 -1 -1 
1112 596 48 40 0.08366715162992477 10 -1 -1 
490 141 43 42 0.08356274664402008 10 -1 -1 
259 279 30 53 0.08304516226053238 4 -1 -1 
489 141 44 41 0.08270575851202011 5 -1 -1 
169 242 54 26 0.08128999918699265 9 -1 -1 
108 172 28 54 0.08061057329177856 4 -1 -1 
310 264 27 53 0.08056801557540894 5 -1 -1 
706 679 14 28 0.08045484870672226 9 -1 -1 
865 29 23 28 0.08020374923944473 4 -1 -1 
769 278 25 17 0.07995247095823288 7 -1 -1 
760 530 40 18 0.07986070215702057 3 -1 -1 
1119 651 30 14 0.07906194776296616 6 -1 -1 
898 584 30 15 0.0788545086979866 7 -1 -1 
183 133 51 30 0.07815799862146378 4 -1 -1 
725 112 51 30 0.07813316583633423 6 -1 -1 
268 281 25 53 0.07608717679977417 9 -1 -1 
844 28 25 26 0.07596023380756378 4 -1 -1 
707 679 14 28 0.07593756914138794 6 -1 -1 
728 -2 53 24 0.07493110746145248 5 -1 -1 
912 579 24 20 0.07468946278095245 10 -1 -1 
331 46 26 53 0.05524362251162529 9 -1 -1 
