758 392 70 44 0.9927880167961121 3 -1 -1 
584 196 73 41 0.9396791458129883 4 -1 -1 
164 230 72 51 0.9371157884597778 4 -1 -1 
747 192 96 35 0.9342337250709534 4 -1 -1 
866 250 108 42 0.9168292284011841 4 -1 -1 
2 23 19 16 0.9168006777763367 6 -1 -1 
586 103 45 21 0.9089338779449463 4 -1 -1 
342 124 46 23 0.8869970440864563 4 -1 -1 
912 176 70 33 0.8721770644187927 4 -1 -1 
688 174 80 40 0.8719059228897095 4 -1 -1 
111 201 65 44 0.8662232160568237 4 -1 -1 
1287 244 72 44 0.864507257938385 4 -1 -1 
656 165 74 38 0.8622006773948669 4 -1 -1 
19 300 68 75 0.853324294090271 4 -1 -1 
645 143 59 25 0.8303446173667908 4 -1 -1 
43 145 43 32 0.8279061913490295 4 -1 -1 
1115 165 70 27 0.824062705039978 4 -1 -1 
304 112 34 21 0.8239631056785583 4 -1 -1 
640 116 54 28 0.819412112236023 4 -1 -1 
66 160 39 34 0.8110756278038025 4 -1 -1 
808 134 62 27 0.8064101338386536 4 -1 -1 
1184 156 11 26 0.7984829545021057 1 -1 -1 
481 111 59 21 0.7881653904914856 4 -1 -1 
878 163 66 31 0.7875666618347168 4 -1 -1 
880 216 16 43 0.784937858581543 1 -1 -1 
800 131 12 26 0.7798311710357666 1 -1 -1 
520 121 62 26 0.7746995091438293 4 -1 -1 
10 41 19 12 0.7570613622665405 4 -1 -1 
299 84 6 16 0.7447097897529602 1 -1 -1 
1109 251 25 29 0.7342938780784607 10 -1 -1 
81 170 56 43 0.7273516654968262 4 -1 -1 
1287 320 28 43 0.7053412199020386 10 -1 -1 
613 132 58 23 0.6996831297874451 4 -1 -1 
614 163 76 32 0.6978069543838501 4 -1 -1 
244 80 31 17 0.6942316889762878 4 -1 -1 
984 155 10 18 0.6912804841995239 3 -1 -1 
751 117 43 28 0.68855881690979 8 -1 -1 
93 39 30 12 0.6783610582351685 4 -1 -1 
310 76 62 22 0.6757475733757019 4 -1 -1 
497 91 37 23 0.6729074716567993 5 -1 -1 
885 141 19 21 0.6664782166481018 10 -1 -1 
751 121 41 24 0.6664531230926514 7 -1 -1 
51 39 17 14 0.6618567109107971 5 -1 -1 
779 371 28 57 0.6599382758140564 2 -1 -1 
500 119 46 23 0.659423291683197 4 -1 -1 
158 56 41 14 0.6577564477920532 4 -1 -1 
1287 309 26 47 0.6375597715377808 2 -1 -1 
1092 183 14 34 0.6257418990135193 1 -1 -1 
1112 240 20 36 0.5948935747146606 2 -1 -1 
105 46 35 13 0.5937585234642029 4 -1 -1 
47 93 9 16 0.5869837403297424 2 -1 -1 
46 98 12 16 0.5849506855010986 10 -1 -1 
387 115 8 23 0.5811008214950562 1 -1 -1 
980 202 12 23 0.5758342146873474 2 -1 -1 
46 38 5 13 0.5394501090049744 1 -1 -1 
65 33 23 10 0.5374897718429565 4 -1 -1 
493 91 44 23 0.5362060070037842 6 -1 -1 
988 200 17 27 0.5277807712554932 2 -1 -1 
547 108 7 18 0.5255807042121887 1 -1 -1 
569 92 57 21 0.5178570747375488 9 -1 -1 
968 153 9 19 0.5101000070571899 3 -1 -1 
545 133 111 43 0.5054208636283875 6 -1 -1 
43 30 14 11 0.4978475570678711 4 -1 -1 
309 88 7 14 0.49753421545028687 1 -1 -1 
1324 338 35 53 0.494044691324234 4 -1 -1 
338 77 40 14 0.49119290709495544 4 -1 -1 
1066 159 10 17 0.4771888554096222 10 -1 -1 
538 107 6 16 0.45086440443992615 1 -1 -1 
54 32 20 11 0.449895441532135 4 -1 -1 
864 129 9 28 0.4485551416873932 1 -1 -1 
149 53 25 13 0.44163385033607483 4 -1 -1 
747 192 54 35 0.4414302110671997 4 -1 -1 
225 76 7 18 0.4372814893722534 1 -1 -1 
467 91 41 17 0.4371321499347687 4 -1 -1 
510 120 58 24 0.43598246574401855 4 -1 -1 
981 201 16 25 0.43447136878967285 2 -1 -1 
586 108 45 16 0.43361929059028625 6 -1 -1 
82 34 26 13 0.42045074701309204 4 -1 -1 
738 116 37 22 0.4190937876701355 8 -1 -1 
139 49 26 13 0.4173581302165985 5 -1 -1 
643 108 8 17 0.4057174026966095 1 -1 -1 
531 94 34 22 0.4006844460964203 5 -1 -1 
758 392 70 44 0.38951703906059265 4 -1 -1 
1093 175 11 31 0.38629359006881714 1 -1 -1 
885 141 19 20 0.38500261306762695 3 -1 -1 
128 49 27 12 0.3827025890350342 4 -1 -1 
758 392 70 44 0.3821081519126892 7 -1 -1 
496 115 46 23 0.37717705965042114 4 -1 -1 
467 93 27 14 0.36347296833992004 4 -1 -1 
50 38 18 15 0.3598710596561432 4 -1 -1 
139 49 25 12 0.3591403663158417 4 -1 -1 
774 376 43 56 0.356675922870636 2 -1 -1 
344 89 44 23 0.3474769592285156 4 -1 -1 
519 104 25 13 0.3459983468055725 7 -1 -1 
308 77 57 21 0.3423398435115814 5 -1 -1 
68 33 26 14 0.3346700966358185 4 -1 -1 
357 93 42 32 0.32729414105415344 5 -1 -1 
1293 309 22 39 0.32388943433761597 2 -1 -1 
975 154 18 19 0.31430670619010925 3 -1 -1 
929 133 10 24 0.31193724274635315 2 -1 -1 
980 202 11 13 0.3110971748828888 2 -1 -1 
1095 180 12 29 0.31051087379455566 1 -1 -1 
929 133 10 24 0.30718594789505005 1 -1 -1 
666 169 83 37 0.30641406774520874 4 -1 -1 
968 153 10 19 0.30452629923820496 10 -1 -1 
968 153 16 19 0.3003024160861969 3 -1 -1 
751 117 44 28 0.29921939969062805 6 -1 -1 
969 153 8 18 0.29787397384643555 1 -1 -1 
1112 241 21 36 0.2975309193134308 10 -1 -1 
487 91 35 21 0.295317143201828 5 -1 -1 
1079 200 10 18 0.2951658368110657 2 -1 -1 
146 51 25 12 0.2927769422531128 4 -1 -1 
107 46 33 14 0.28956159949302673 6 -1 -1 
972 204 11 20 0.2880559265613556 2 -1 -1 
82 31 25 12 0.2876816689968109 4 -1 -1 
49 94 10 17 0.28738653659820557 2 -1 -1 
1092 172 16 41 0.28705519437789917 1 -1 -1 
483 91 36 19 0.28631651401519775 4 -1 -1 
393 112 16 16 0.2860608696937561 3 -1 -1 
149 53 27 13 0.28599369525909424 5 -1 -1 
779 371 28 57 0.2843637466430664 1 -1 -1 
47 94 10 17 0.2838608920574188 10 -1 -1 
974 203 15 22 0.2835131585597992 2 -1 -1 
46 100 14 14 0.2834324538707733 3 -1 -1 
46 97 12 16 0.28283998370170593 2 -1 -1 
989 200 16 27 0.2786938548088074 1 -1 -1 
786 117 10 22 0.2772732079029083 1 -1 -1 
978 201 12 18 0.277272492647171 2 -1 -1 
47 33 16 11 0.27486085891723633 4 -1 -1 
548 149 14 16 0.27268943190574646 3 -1 -1 
305 105 12 16 0.27012017369270325 1 -1 -1 
539 94 35 22 0.2699311077594757 5 -1 -1 
2 23 19 16 0.26676562428474426 5 -1 -1 
496 111 45 16 0.2655382752418518 4 -1 -1 
309 107 8 16 0.2643272578716278 1 -1 -1 
357 93 42 32 0.26425254344940186 8 -1 -1 
628 149 76 33 0.2635437250137329 4 -1 -1 
546 142 11 20 0.26304876804351807 3 -1 -1 
48 35 20 16 0.26210764050483704 5 -1 -1 
151 54 30 14 0.2609327435493469 4 -1 -1 
1288 309 25 46 0.26064959168434143 1 -1 -1 
1112 240 20 36 0.2579388916492462 1 -1 -1 
1110 250 25 30 0.2572561502456665 2 -1 -1 
538 109 8 16 0.2556326985359192 1 -1 -1 
800 131 12 26 0.25548475980758667 2 -1 -1 
985 155 9 18 0.252371221780777 10 -1 -1 
468 91 47 18 0.2521696388721466 5 -1 -1 
352 93 47 26 0.2514011263847351 4 -1 -1 
49 33 21 15 0.25138428807258606 4 -1 -1 
643 108 8 18 0.25056174397468567 2 -1 -1 
349 91 45 25 0.2447434663772583 5 -1 -1 
19 300 69 75 0.235392227768898 5 -1 -1 
353 85 38 24 0.23009024560451508 4 -1 -1 
688 174 80 39 0.22990794479846954 5 -1 -1 
808 134 63 26 0.2244095355272293 5 -1 -1 
569 91 58 23 0.2222660928964615 6 -1 -1 
569 91 51 22 0.21805354952812195 8 -1 -1 
500 89 52 22 0.2136535793542862 6 -1 -1 
759 391 69 46 0.21111200749874115 2 -1 -1 
758 392 69 44 0.21066530048847198 9 -1 -1 
491 91 38 22 0.21010734140872955 4 -1 -1 
759 391 69 46 0.20665843784809113 10 -1 -1 
569 92 55 21 0.2034987211227417 5 -1 -1 
967 149 27 24 0.2001512199640274 3 -1 -1 
498 94 52 25 0.19615407288074493 6 -1 -1 
468 93 44 21 0.19059965014457703 4 -1 -1 
343 78 38 18 0.18011514842510223 4 -1 -1 
607 130 65 27 0.17613177001476288 6 -1 -1 
579 97 49 24 0.17397847771644592 4 -1 -1 
519 121 64 26 0.17386958003044128 5 -1 -1 
360 94 45 34 0.17209921777248383 6 -1 -1 
520 95 42 23 0.16665463149547577 4 -1 -1 
105 45 35 14 0.16561514139175415 5 -1 -1 
158 56 41 14 0.16506056487560272 5 -1 -1 
656 165 75 38 0.1625939905643463 5 -1 -1 
313 74 58 17 0.16124209761619568 4 -1 -1 
1110 251 24 29 0.1606949120759964 3 -1 -1 
500 89 52 22 0.16018234193325043 4 -1 -1 
358 87 43 28 0.1591881364583969 4 -1 -1 
485 91 35 20 0.15452300012111664 6 -1 -1 
500 120 51 22 0.15344148874282837 5 -1 -1 
103 42 35 14 0.1482650190591812 4 -1 -1 
92 38 34 14 0.14618046581745148 5 -1 -1 
111 201 65 44 0.1461770236492157 5 -1 -1 
759 391 69 46 0.14613674581050873 1 -1 -1 
569 92 57 21 0.1456555277109146 4 -1 -1 
508 91 51 25 0.14527694880962372 4 -1 -1 
1287 243 71 45 0.143258199095726 5 -1 -1 
503 96 51 24 0.14311541616916656 4 -1 -1 
87 35 36 14 0.14272500574588776 4 -1 -1 
614 163 75 32 0.140663281083107 5 -1 -1 
543 131 80 40 0.14052064716815948 6 -1 -1 
82 30 34 17 0.13920916616916656 4 -1 -1 
579 129 93 35 0.1386420875787735 6 -1 -1 
747 192 97 35 0.13595755398273468 1 -1 -1 
865 250 108 42 0.1308998465538025 5 -1 -1 
912 176 70 33 0.13038012385368347 5 -1 -1 
862 126 14 30 0.1296250969171524 1 -1 -1 
482 111 58 21 0.129378542304039 5 -1 -1 
500 105 47 20 0.1292726993560791 4 -1 -1 
533 94 36 22 0.12753672897815704 4 -1 -1 
586 103 44 22 0.12472926825284958 5 -1 -1 
1092 162 18 39 0.12447436153888702 1 -1 -1 
1109 251 25 29 0.12418895214796066 1 -1 -1 
689 175 79 39 0.12377051264047623 6 -1 -1 
495 92 49 25 0.12290146201848984 4 -1 -1 
878 163 67 31 0.1204129010438919 5 -1 -1 
568 86 68 33 0.10663765668869019 9 -1 -1 
350 87 62 42 0.09580662101507187 6 -1 -1 
1114 166 69 28 0.06954488903284073 9 -1 -1 
1115 165 68 28 0.05980787053704262 5 -1 -1 
350 87 62 42 0.05544081702828407 8 -1 -1 
491 85 67 34 0.050423167645931244 6 -1 -1 
