903 434 64 162 0.9196463227272034 1 -1 -1 
611 582 69 121 0.9119579792022705 3 -1 -1 
994 511 69 182 0.9005372524261475 1 -1 -1 
770 382 42 87 0.8857550621032715 1 -1 -1 
749 515 64 156 0.8658530116081238 1 -1 -1 
1189 19 23 51 0.8461170792579651 1 -1 -1 
1162 15 23 53 0.8448651432991028 1 -1 -1 
467 64 21 42 0.8337823152542114 1 -1 -1 
490 92 37 81 0.8302216529846191 1 -1 -1 
452 113 34 70 0.8171518445014954 1 -1 -1 
449 39 22 67 0.8035250902175903 1 -1 -1 
734 486 55 139 0.7924336791038513 1 -1 -1 
434 17 22 63 0.7880274057388306 1 -1 -1 
1043 9 29 31 0.7868718504905701 3 -1 -1 
1206 18 28 53 0.7756803035736084 1 -1 -1 
1020 346 53 135 0.7620948553085327 1 -1 -1 
739 78 21 60 0.7613263130187988 1 -1 -1 
597 14 18 55 0.7588618397712708 1 -1 -1 
728 71 26 66 0.7446490526199341 1 -1 -1 
724 64 21 71 0.7407886981964111 1 -1 -1 
474 22 21 57 0.698933482170105 1 -1 -1 
511 26 19 58 0.6797216534614563 1 -1 -1 
492 15 15 51 0.674821674823761 1 -1 -1 
453 13 19 58 0.6470192074775696 1 -1 -1 
94 29 24 43 0.6269189119338989 2 -1 -1 
752 332 41 122 0.6053218245506287 1 -1 -1 
439 15 29 63 0.588854193687439 1 -1 -1 
607 536 67 126 0.5358344316482544 2 -1 -1 
605 536 68 128 0.532577633857727 1 -1 -1 
115 28 22 43 0.5095009803771973 2 -1 -1 
510 153 19 33 0.4214712381362915 2 -1 -1 
115 28 22 43 0.4037899971008301 1 -1 -1 
758 365 46 99 0.38797062635421753 1 -1 -1 
478 18 24 57 0.3701266348361969 1 -1 -1 
759 332 37 84 0.3698233962059021 1 -1 -1 
1023 391 40 91 0.36339133977890015 1 -1 -1 
1044 4 24 30 0.35669681429862976 3 -1 -1 
759 332 37 80 0.3429644703865051 2 -1 -1 
1169 15 28 55 0.3261745870113373 1 -1 -1 
465 15 26 62 0.321551114320755 1 -1 -1 
94 28 26 44 0.3181053400039673 1 -1 -1 
608 565 70 137 0.2787938416004181 1 -1 -1 
100 28 29 44 0.2749825119972229 2 -1 -1 
452 46 29 63 0.2745923399925232 1 -1 -1 
608 565 70 137 0.27316832542419434 2 -1 -1 
633 589 43 115 0.27264150977134705 3 -1 -1 
474 92 50 70 0.261303186416626 1 -1 -1 
1193 18 29 54 0.2516753673553467 1 -1 -1 
1319 707 41 57 0.24514520168304443 1 -1 -1 
510 158 18 28 0.23910601437091827 1 -1 -1 
475 39 23 41 0.23395881056785583 3 -1 -1 
755 331 39 117 0.23111289739608765 2 -1 -1 
1051 4 21 32 0.2185501754283905 3 -1 -1 
611 583 69 120 0.211325541138649 10 -1 -1 
92 27 23 34 0.2055952399969101 2 -1 -1 
605 537 69 129 0.18909452855587006 3 -1 -1 
503 96 24 71 0.18019001185894012 1 -1 -1 
754 389 36 61 0.1790856420993805 1 -1 -1 
483 92 40 50 0.1622014343738556 1 -1 -1 
760 507 53 124 0.16210053861141205 1 -1 -1 
772 390 42 78 0.15543249249458313 2 -1 -1 
1344 66 15 28 0.15404459834098816 1 -1 -1 
474 21 24 59 0.15217192471027374 2 -1 -1 
458 95 55 78 0.15082424879074097 1 -1 -1 
452 20 31 60 0.14906011521816254 1 -1 -1 
1056 10 18 31 0.14848141372203827 3 -1 -1 
475 39 23 41 0.14814063906669617 10 -1 -1 
606 540 40 121 0.14714202284812927 1 -1 -1 
1327 680 32 74 0.14646309614181519 1 -1 -1 
1111 729 34 35 0.14442600309848785 1 -1 -1 
447 40 20 50 0.14373789727687836 1 -1 -1 
904 433 62 163 0.14269357919692993 4 -1 -1 
1319 707 41 57 0.1420246958732605 2 -1 -1 
769 507 44 107 0.14200228452682495 2 -1 -1 
746 495 56 137 0.14145520329475403 1 -1 -1 
481 38 25 42 0.14120075106620789 3 -1 -1 
1032 347 44 103 0.1408543735742569 1 -1 -1 
994 511 69 182 0.14072413742542267 4 -1 -1 
757 330 55 131 0.13923050463199615 1 -1 -1 
437 26 26 66 0.13858911395072937 1 -1 -1 
508 25 18 44 0.13775663077831268 1 -1 -1 
461 113 26 42 0.13496656715869904 2 -1 -1 
486 16 17 40 0.13400357961654663 1 -1 -1 
772 508 40 89 0.13337557017803192 1 -1 -1 
491 14 15 35 0.13320878148078918 1 -1 -1 
100 28 29 44 0.1303003579378128 1 -1 -1 
119 26 27 43 0.1301015019416809 2 -1 -1 
468 33 28 54 0.12991639971733093 1 -1 -1 
598 14 17 55 0.12896479666233063 2 -1 -1 
610 584 71 119 0.12677031755447388 7 -1 -1 
1344 66 15 28 0.12629462778568268 2 -1 -1 
1214 19 5 52 0.1253383755683899 1 -1 -1 
453 13 20 56 0.1232822984457016 2 -1 -1 
759 514 53 138 0.12307250499725342 2 -1 -1 
737 487 52 128 0.12150825560092926 2 -1 -1 
906 432 55 126 0.12114065885543823 2 -1 -1 
1050 12 18 22 0.12082467973232269 3 -1 -1 
747 516 65 154 0.11901095509529114 4 -1 -1 
1043 350 38 124 0.11872123926877975 1 -1 -1 
591 13 22 50 0.11852245777845383 1 -1 -1 
491 15 16 53 0.11782851815223694 2 -1 -1 
1022 346 51 75 0.117357537150383 1 -1 -1 
90 22 43 47 0.11723816394805908 2 -1 -1 
483 92 40 50 0.11532843112945557 2 -1 -1 
505 18 28 61 0.11513225734233856 1 -1 -1 
496 22 24 46 0.11506695300340652 1 -1 -1 
776 510 35 73 0.11496499925851822 2 -1 -1 
1339 352 20 41 0.11489850282669067 2 -1 -1 
1162 15 23 53 0.11329679191112518 4 -1 -1 
459 112 25 64 0.11244471371173859 2 -1 -1 
907 431 53 112 0.11197251081466675 1 -1 -1 
727 64 17 52 0.11195720732212067 1 -1 -1 
450 12 19 44 0.11187744140625 1 -1 -1 
445 24 19 56 0.11103790253400803 1 -1 -1 
608 537 56 87 0.11027015745639801 2 -1 -1 
1046 4 25 33 0.10786310583353043 10 -1 -1 
467 64 21 42 0.10782475024461746 2 -1 -1 
1047 17 26 28 0.10738908499479294 3 -1 -1 
713 66 30 70 0.10651405155658722 1 -1 -1 
1038 15 31 37 0.10562635958194733 3 -1 -1 
455 106 42 70 0.10500689595937729 1 -1 -1 
770 382 42 87 0.10491158068180084 4 -1 -1 
1189 19 23 51 0.10469385981559753 4 -1 -1 
107 21 44 48 0.1040799468755722 1 -1 -1 
92 27 23 34 0.1035730317234993 1 -1 -1 
450 35 20 45 0.10284668207168579 1 -1 -1 
910 433 48 84 0.10245316475629807 2 -1 -1 
1339 352 20 41 0.10216859728097916 1 -1 -1 
451 12 18 39 0.10129959136247635 2 -1 -1 
490 92 37 81 0.10077420622110367 4 -1 -1 
1024 347 50 110 0.10074746608734131 2 -1 -1 
756 375 25 73 0.09947115927934647 1 -1 -1 
465 93 53 52 0.09904351085424423 1 -1 -1 
605 537 69 129 0.09751120209693909 10 -1 -1 
729 494 41 131 0.0975075289607048 1 -1 -1 
457 63 28 44 0.0969952940940857 1 -1 -1 
755 331 40 121 0.09565463662147522 3 -1 -1 
1120 0 20 13 0.09558771550655365 10 -1 -1 
474 21 18 42 0.09557607024908066 2 -1 -1 
1045 4 25 32 0.0947217047214508 2 -1 -1 
1206 18 27 53 0.09437727928161621 2 -1 -1 
448 40 20 45 0.09412045776844025 2 -1 -1 
467 64 21 42 0.09407319128513336 4 -1 -1 
456 15 23 50 0.09395681321620941 1 -1 -1 
463 113 25 40 0.0933859720826149 1 -1 -1 
476 38 25 42 0.09265902638435364 1 -1 -1 
490 92 37 79 0.09201029688119888 2 -1 -1 
1206 18 28 53 0.09132633358240128 4 -1 -1 
100 19 52 51 0.09126485884189606 2 -1 -1 
434 17 22 63 0.09087169915437698 2 -1 -1 
1027 383 27 78 0.09072937071323395 1 -1 -1 
510 27 21 56 0.09038698673248291 2 -1 -1 
783 512 30 58 0.0903325080871582 1 -1 -1 
739 324 66 110 0.09012483805418015 1 -1 -1 
1214 27 13 44 0.08968871086835861 1 -1 -1 
643 589 46 114 0.08933817595243454 3 -1 -1 
1189 18 23 52 0.08893972635269165 2 -1 -1 
113 28 39 46 0.08765292167663574 2 -1 -1 
916 434 35 62 0.08710379898548126 2 -1 -1 
1014 347 43 125 0.08260023593902588 1 -1 -1 
758 329 41 56 0.08148550242185593 1 -1 -1 
588 8 35 58 0.08108383417129517 1 -1 -1 
454 12 39 55 0.08088795095682144 1 -1 -1 
1045 347 37 80 0.08078061789274216 1 -1 -1 
1020 346 54 134 0.08057300001382828 4 -1 -1 
82 27 40 47 0.08043258637189865 2 -1 -1 
741 502 66 162 0.07976174354553223 2 -1 -1 
739 78 21 60 0.07949800044298172 4 -1 -1 
737 497 65 147 0.07921498268842697 4 -1 -1 
611 582 69 121 0.07858171314001083 4 -1 -1 
1043 7 29 33 0.07843443006277084 7 -1 -1 
452 113 34 70 0.07784277200698853 4 -1 -1 
992 510 71 185 0.07683989405632019 2 -1 -1 
1006 338 61 120 0.07679058611392975 1 -1 -1 
1026 344 48 69 0.07635775953531265 2 -1 -1 
91 23 43 47 0.07614994794130325 1 -1 -1 
762 332 49 65 0.0745222270488739 1 -1 -1 
495 105 35 82 0.07389920204877853 1 -1 -1 
449 41 22 66 0.07253909111022949 4 -1 -1 
610 584 71 119 0.07216578722000122 8 -1 -1 
755 370 42 95 0.07215829193592072 2 -1 -1 
728 71 26 66 0.0710238367319107 4 -1 -1 
489 25 24 56 0.07088848203420639 1 -1 -1 
724 64 21 71 0.07008188962936401 4 -1 -1 
760 332 39 82 0.06956551969051361 3 -1 -1 
99 14 69 55 0.06848075240850449 1 -1 -1 
449 40 23 66 0.06830911338329315 2 -1 -1 
1041 4 24 28 0.06776530295610428 10 -1 -1 
1318 31 40 56 0.06723631173372269 2 -1 -1 
474 92 50 70 0.0671723335981369 2 -1 -1 
1050 347 39 107 0.06669505685567856 1 -1 -1 
1027 411 48 72 0.06639876961708069 1 -1 -1 
1048 0 22 29 0.0663566142320633 3 -1 -1 
620 541 73 137 0.06630043685436249 2 -1 -1 
434 18 23 61 0.06586004048585892 4 -1 -1 
785 381 30 87 0.06555428355932236 1 -1 -1 
762 332 49 65 0.06530699878931046 2 -1 -1 
1043 7 29 33 0.06461292505264282 1 -1 -1 
1216 19 35 54 0.06459031254053116 1 -1 -1 
459 40 32 62 0.06365770101547241 1 -1 -1 
454 94 59 66 0.06351371109485626 9 -1 -1 
725 509 73 167 0.06339902430772781 1 -1 -1 
446 6 33 58 0.06305302679538727 1 -1 -1 
1045 2 23 24 0.06279128044843674 10 -1 -1 
467 67 40 58 0.06252453476190567 1 -1 -1 
740 332 46 77 0.062067579478025436 1 -1 -1 
465 56 34 49 0.061776965856552124 1 -1 -1 
635 592 59 116 0.06088059023022652 9 -1 -1 
748 329 43 63 0.06077719107270241 1 -1 -1 
664 -1 303 62 0.06047278642654419 9 -1 -1 
1035 8 29 28 0.06046367064118385 3 -1 -1 
913 432 81 159 0.06040068715810776 1 -1 -1 
570 12 40 57 0.06023696810007095 1 -1 -1 
767 397 33 73 0.06014462932944298 1 -1 -1 
605 537 69 128 0.05962560325860977 4 -1 -1 
181 12 84 50 0.05908195301890373 4 -1 -1 
1318 32 40 57 0.05889235436916351 1 -1 -1 
505 119 26 67 0.05867527425289154 1 -1 -1 
1044 7 28 33 0.0586598664522171 4 -1 -1 
634 583 56 122 0.05657719075679779 10 -1 -1 
441 112 37 72 0.05578496307134628 1 -1 -1 
747 320 63 113 0.05371201038360596 2 -1 -1 
66 8 207 63 0.05286264419555664 9 -1 -1 
1006 314 320 312 0.05217881128191948 9 -1 -1 
342 0 320 312 0.05217881128191948 9 -1 -1 
542 307 321 312 0.05217881128191948 9 -1 -1 
