631 244 27 83 0.831420361995697 1 -1 -1 
558 240 28 80 0.8313012719154358 1 -1 -1 
539 240 30 80 0.8236740827560425 1 -1 -1 
548 240 29 80 0.7635530829429626 1 -1 -1 
273 269 60 37 0.756767988204956 10 -1 -1 
301 263 19 38 0.584116518497467 2 -1 -1 
270 248 35 53 0.5587521195411682 2 -1 -1 
70 236 36 52 0.5373327732086182 2 -1 -1 
296 259 21 39 0.5115428566932678 2 -1 -1 
70 236 36 53 0.5008381605148315 1 -1 -1 
288 259 26 42 0.47878560423851013 2 -1 -1 
270 247 23 46 0.47839704155921936 2 -1 -1 
270 248 23 51 0.38030052185058594 1 -1 -1 
561 238 25 50 0.35721611976623535 1 -1 -1 
276 256 44 48 0.33429694175720215 10 -1 -1 
275 256 42 47 0.3141443133354187 2 -1 -1 
270 247 18 34 0.267272025346756 2 -1 -1 
83 200 19 48 0.2583561837673187 1 -1 -1 
301 263 20 38 0.2526957392692566 1 -1 -1 
802 220 35 51 0.23822630941867828 2 -1 -1 
296 259 21 39 0.23683220148086548 1 -1 -1 
300 267 28 38 0.22358593344688416 2 -1 -1 
294 250 21 42 0.2232367843389511 2 -1 -1 
464 175 29 74 0.22134658694267273 1 -1 -1 
283 253 25 45 0.21982061862945557 2 -1 -1 
622 242 31 81 0.21449969708919525 1 -1 -1 
64 257 43 31 0.2128128558397293 10 -1 -1 
270 247 38 54 0.21257436275482178 1 -1 -1 
270 267 63 39 0.20207169651985168 2 -1 -1 
30 233 31 53 0.19531109929084778 2 -1 -1 
69 237 24 46 0.1920495629310608 2 -1 -1 
271 269 63 37 0.1918765753507614 3 -1 -1 
59 197 17 44 0.1907893866300583 1 -1 -1 
272 256 24 46 0.18337427079677582 2 -1 -1 
30 233 31 53 0.1797153651714325 1 -1 -1 
44 242 64 47 0.17804446816444397 2 -1 -1 
59 231 35 53 0.17484351992607117 2 -1 -1 
293 270 29 33 0.17459195852279663 2 -1 -1 
645 195 17 39 0.16813567280769348 1 -1 -1 
553 238 28 66 0.16563183069229126 1 -1 -1 
48 232 19 48 0.1653016209602356 1 -1 -1 
74 234 26 41 0.16451618075370789 2 -1 -1 
42 234 15 37 0.16419146955013275 1 -1 -1 
282 240 35 54 0.16363930702209473 2 -1 -1 
555 237 31 53 0.1619379073381424 2 -1 -1 
272 269 61 37 0.1564786732196808 7 -1 -1 
38 232 33 54 0.15234103798866272 2 -1 -1 
805 220 26 45 0.15016873180866241 1 -1 -1 
63 250 46 40 0.15002493560314178 2 -1 -1 
417 213 26 48 0.1498832106590271 1 -1 -1 
804 220 54 49 0.1493425965309143 2 -1 -1 
272 246 27 36 0.14865194261074066 2 -1 -1 
470 186 19 56 0.1484839767217636 1 -1 -1 
628 240 29 61 0.14545169472694397 1 -1 -1 
78 201 20 44 0.1439441442489624 1 -1 -1 
65 239 20 46 0.14200647175312042 2 -1 -1 
73 235 25 46 0.139902725815773 1 -1 -1 
271 267 21 36 0.13948538899421692 1 -1 -1 
270 240 39 45 0.13802555203437805 2 -1 -1 
273 269 61 37 0.13784199953079224 4 -1 -1 
57 239 21 47 0.137311652302742 2 -1 -1 
40 234 15 36 0.13656577467918396 2 -1 -1 
563 237 22 41 0.1353350132703781 2 -1 -1 
285 248 27 39 0.13254643976688385 2 -1 -1 
61 248 19 38 0.13121651113033295 2 -1 -1 
287 275 45 30 0.1290113478899002 2 -1 -1 
281 258 39 46 0.128897026181221 3 -1 -1 
57 239 21 47 0.12837539613246918 1 -1 -1 
414 203 36 61 0.12798959016799927 1 -1 -1 
88 199 18 42 0.12729869782924652 1 -1 -1 
550 239 21 59 0.126161590218544 1 -1 -1 
31 241 22 44 0.12469618767499924 2 -1 -1 
271 247 28 39 0.12403836101293564 1 -1 -1 
272 265 24 38 0.12321007251739502 3 -1 -1 
650 195 14 37 0.12296512722969055 1 -1 -1 
82 235 24 46 0.12250326573848724 2 -1 -1 
276 256 44 48 0.12208878248929977 7 -1 -1 
294 250 21 42 0.12132104486227036 1 -1 -1 
69 237 23 48 0.12030050158500671 1 -1 -1 
38 232 33 54 0.11971193552017212 1 -1 -1 
271 249 39 52 0.11941972374916077 10 -1 -1 
40 237 45 51 0.11889021098613739 2 -1 -1 
68 238 40 51 0.117563895881176 10 -1 -1 
32 202 30 70 0.11615312844514847 1 -1 -1 
288 228 29 56 0.11545636504888535 2 -1 -1 
271 269 62 37 0.11538224667310715 8 -1 -1 
564 238 30 77 0.11191748082637787 1 -1 -1 
275 251 25 46 0.11128801852464676 1 -1 -1 
539 239 33 82 0.11078166216611862 2 -1 -1 
455 161 35 86 0.110090471804142 1 -1 -1 
31 241 22 44 0.10860535502433777 1 -1 -1 
631 244 27 83 0.10676980763673782 2 -1 -1 
463 165 29 83 0.10668390989303589 2 -1 -1 
290 266 44 39 0.10654792934656143 9 -1 -1 
277 259 27 43 0.10642076283693314 2 -1 -1 
64 258 44 31 0.10637327283620834 3 -1 -1 
283 253 25 45 0.10588053613901138 1 -1 -1 
44 242 64 47 0.10555101931095123 1 -1 -1 
62 231 38 55 0.10475101321935654 1 -1 -1 
558 240 27 80 0.10426106303930283 2 -1 -1 
84 200 19 42 0.10422325879335403 2 -1 -1 
621 232 29 68 0.10350742936134338 1 -1 -1 
104 193 33 60 0.10188592225313187 2 -1 -1 
35 212 33 69 0.10004055500030518 2 -1 -1 
270 268 20 35 0.09957316517829895 2 -1 -1 
473 204 15 35 0.09914568066596985 1 -1 -1 
456 184 29 73 0.09879349917173386 1 -1 -1 
636 243 19 46 0.09820370376110077 1 -1 -1 
803 220 40 51 0.098170705139637 1 -1 -1 
628 221 18 39 0.09803006052970886 1 -1 -1 
631 244 27 83 0.09795825928449631 4 -1 -1 
423 195 39 69 0.09756282716989517 1 -1 -1 
414 207 35 57 0.09611907601356506 2 -1 -1 
83 235 22 50 0.0960712730884552 1 -1 -1 
303 257 17 35 0.09592942148447037 1 -1 -1 
280 267 31 37 0.09553685784339905 2 -1 -1 
39 233 16 28 0.0952819287776947 1 -1 -1 
54 193 24 56 0.0950799211859703 1 -1 -1 
307 262 18 36 0.0944008156657219 1 -1 -1 
333 200 22 32 0.09426065534353256 1 -1 -1 
61 248 19 38 0.09419326484203339 1 -1 -1 
268 259 19 42 0.09380721300840378 1 -1 -1 
642 214 13 24 0.09228469431400299 1 -1 -1 
104 193 33 60 0.09180940687656403 1 -1 -1 
65 239 20 46 0.09076324105262756 1 -1 -1 
62 201 18 43 0.09075313061475754 1 -1 -1 
830 227 52 41 0.09034880995750427 1 -1 -1 
288 228 29 56 0.08964747190475464 1 -1 -1 
42 198 29 65 0.08953225612640381 1 -1 -1 
69 215 37 66 0.08948731422424316 2 -1 -1 
293 265 32 39 0.08888985216617584 3 -1 -1 
43 225 17 39 0.0881008729338646 1 -1 -1 
44 232 19 47 0.08748778700828552 2 -1 -1 
30 252 17 32 0.08731762319803238 2 -1 -1 
827 227 54 42 0.08711403608322144 2 -1 -1 
291 263 23 39 0.08601134270429611 10 -1 -1 
310 262 19 35 0.08595176041126251 2 -1 -1 
268 246 17 29 0.08579473942518234 1 -1 -1 
627 212 11 26 0.08553667366504669 1 -1 -1 
30 252 17 32 0.08540694415569305 1 -1 -1 
627 219 19 37 0.08483711630105972 2 -1 -1 
809 218 22 34 0.08451608568429947 1 -1 -1 
693 172 47 24 0.08451007306575775 4 -1 -1 
66 251 37 37 0.08442723751068115 1 -1 -1 
812 217 17 27 0.08388569205999374 2 -1 -1 
291 242 23 39 0.08296375721693039 2 -1 -1 
813 220 22 45 0.08243987709283829 1 -1 -1 
625 218 19 30 0.0819893330335617 1 -1 -1 
31 234 22 35 0.0818566158413887 2 -1 -1 
103 194 23 49 0.08178212493658066 1 -1 -1 
281 258 39 46 0.08162251859903336 8 -1 -1 
568 238 20 36 0.08142627775669098 1 -1 -1 
40 237 45 51 0.08053486049175262 1 -1 -1 
201 214 10 23 0.08010938763618469 1 -1 -1 
43 209 31 71 0.07999058812856674 1 -1 -1 
636 242 19 41 0.07971270382404327 2 -1 -1 
628 240 29 61 0.07922911643981934 2 -1 -1 
44 242 64 47 0.07917699217796326 10 -1 -1 
538 234 46 91 0.07912861555814743 1 -1 -1 
445 182 35 73 0.07855790853500366 1 -1 -1 
558 240 28 80 0.0777922123670578 4 -1 -1 
57 204 16 42 0.07774543762207031 1 -1 -1 
551 229 36 57 0.07761044800281525 1 -1 -1 
50 233 22 52 0.0771847665309906 2 -1 -1 
62 194 37 52 0.0762491226196289 1 -1 -1 
545 240 23 70 0.07613618671894073 2 -1 -1 
277 259 27 43 0.07604240626096725 3 -1 -1 
539 240 30 80 0.07570505142211914 4 -1 -1 
693 179 46 22 0.07569374889135361 4 -1 -1 
626 215 18 30 0.07567766308784485 2 -1 -1 
287 231 32 64 0.07516499608755112 3 -1 -1 
270 267 63 39 0.07515445351600647 1 -1 -1 
47 232 22 53 0.07501991093158722 9 -1 -1 
289 276 44 30 0.07487732172012329 3 -1 -1 
297 228 19 47 0.07472921162843704 1 -1 -1 
42 207 17 36 0.07450038939714432 1 -1 -1 
904 201 13 25 0.0741695910692215 1 -1 -1 
423 195 39 69 0.07383070886135101 2 -1 -1 
272 265 24 38 0.07377084344625473 10 -1 -1 
266 246 17 32 0.07323061674833298 2 -1 -1 
558 236 22 36 0.07318522036075592 2 -1 -1 
627 247 21 65 0.07258281111717224 1 -1 -1 
277 273 52 32 0.07250051945447922 9 -1 -1 
554 238 22 42 0.07223443686962128 2 -1 -1 
813 220 22 45 0.0721036046743393 2 -1 -1 
270 271 20 32 0.07189947366714478 3 -1 -1 
611 238 38 71 0.07172282040119171 9 -1 -1 
625 225 28 63 0.07163223624229431 2 -1 -1 
83 248 25 41 0.07157216966152191 2 -1 -1 
121 223 18 31 0.0714234709739685 1 -1 -1 
632 217 20 39 0.07131119817495346 1 -1 -1 
643 245 20 60 0.07130178064107895 1 -1 -1 
558 237 23 39 0.0711190328001976 1 -1 -1 
280 269 34 35 0.07101346552371979 10 -1 -1 
449 176 37 69 0.0709175169467926 2 -1 -1 
93 198 18 43 0.07088356465101242 1 -1 -1 
523 158 130 51 0.0708131417632103 4 -1 -1 
290 248 33 50 0.07053561508655548 3 -1 -1 
566 240 20 55 0.0702303946018219 2 -1 -1 
332 200 23 32 0.06934743374586105 2 -1 -1 
293 265 32 39 0.06922701746225357 1 -1 -1 
47 199 20 42 0.06909400224685669 1 -1 -1 
797 222 38 59 0.06909369677305222 1 -1 -1 
548 240 29 80 0.06886725127696991 4 -1 -1 
437 185 29 76 0.06873110681772232 1 -1 -1 
62 194 37 52 0.06843730807304382 2 -1 -1 
285 248 27 39 0.06835965812206268 1 -1 -1 
802 224 24 43 0.0680457055568695 2 -1 -1 
46 222 19 44 0.06793535500764847 1 -1 -1 
78 201 20 41 0.06777695566415787 2 -1 -1 
637 244 21 65 0.06769225746393204 2 -1 -1 
57 193 23 52 0.06759727001190186 2 -1 -1 
643 198 14 36 0.06704623252153397 2 -1 -1 
269 261 36 44 0.06658269464969635 10 -1 -1 
839 226 31 39 0.06641211360692978 2 -1 -1 
42 222 17 38 0.06623580306768417 2 -1 -1 
34 199 29 66 0.06602360308170319 2 -1 -1 
638 216 16 28 0.06601689755916595 1 -1 -1 
64 252 27 36 0.0657244622707367 2 -1 -1 
720 176 40 25 0.06551617383956909 4 -1 -1 
536 165 113 70 0.0653771236538887 5 -1 -1 
31 234 22 35 0.0653562992811203 1 -1 -1 
633 240 19 38 0.06533508747816086 1 -1 -1 
59 204 38 78 0.06521682441234589 2 -1 -1 
548 239 29 79 0.06517841666936874 2 -1 -1 
470 186 19 56 0.06516991555690765 2 -1 -1 
805 224 65 47 0.06464927643537521 1 -1 -1 
566 239 46 71 0.06462953239679337 9 -1 -1 
550 239 21 51 0.06423699855804443 2 -1 -1 
282 240 35 54 0.0640329122543335 10 -1 -1 
813 217 16 24 0.06402277201414108 1 -1 -1 
307 259 19 31 0.06390564888715744 2 -1 -1 
42 198 29 65 0.06379228085279465 2 -1 -1 
689 166 65 33 0.06376641243696213 4 -1 -1 
556 258 23 62 0.06344709545373917 1 -1 -1 
52 192 37 55 0.06308656185865402 2 -1 -1 
634 191 29 50 0.06298932433128357 1 -1 -1 
41 232 20 53 0.0628909170627594 9 -1 -1 
904 198 13 25 0.06283588707447052 2 -1 -1 
83 248 25 41 0.06272761523723602 10 -1 -1 
273 245 18 27 0.0627019926905632 2 -1 -1 
641 244 19 46 0.06257317960262299 2 -1 -1 
72 200 21 41 0.06197388842701912 1 -1 -1 
293 226 27 56 0.06189756840467453 9 -1 -1 
120 220 16 29 0.061851441860198975 2 -1 -1 
51 204 29 78 0.06125665456056595 2 -1 -1 
266 269 50 38 0.060522377490997314 9 -1 -1 
83 241 33 51 0.059332262724637985 1 -1 -1 
69 215 37 66 0.05915319174528122 1 -1 -1 
551 261 36 68 0.0591481551527977 1 -1 -1 
56 198 34 61 0.059052854776382446 1 -1 -1 
467 186 32 69 0.058773018419742584 1 -1 -1 
81 193 37 53 0.057897694408893585 2 -1 -1 
702 173 62 28 0.05779096484184265 4 -1 -1 
118 211 19 42 0.0577559731900692 1 -1 -1 
72 248 43 46 0.05754923075437546 10 -1 -1 
798 225 49 55 0.05732085555791855 2 -1 -1 
523 158 130 51 0.05700946971774101 5 -1 -1 
289 276 44 30 0.05696232244372368 10 -1 -1 
536 165 113 70 0.056240811944007874 4 -1 -1 
290 248 33 50 0.05622326210141182 2 -1 -1 
530 162 115 43 0.05570207163691521 6 -1 -1 
538 234 46 91 0.055565424263477325 9 -1 -1 
637 241 34 57 0.05513099208474159 1 -1 -1 
59 204 38 78 0.05484801530838013 1 -1 -1 
638 244 41 70 0.05463911220431328 1 -1 -1 
290 248 33 50 0.05433373153209686 10 -1 -1 
261 242 34 45 0.054271284490823746 2 -1 -1 
624 221 27 59 0.05388061702251434 1 -1 -1 
456 186 35 69 0.053484126925468445 2 -1 -1 
622 195 36 49 0.053011372685432434 1 -1 -1 
80 205 32 74 0.05299981310963631 2 -1 -1 
533 257 31 67 0.052769266068935394 1 -1 -1 
53 189 37 53 0.052530836313962936 1 -1 -1 
89 190 43 52 0.05226932466030121 2 -1 -1 
26 215 32 64 0.05200163275003433 1 -1 -1 
272 238 41 50 0.051726412028074265 1 -1 -1 
82 197 28 56 0.05157964304089546 1 -1 -1 
290 248 33 50 0.051114343106746674 9 -1 -1 
438 181 27 75 0.05105416476726532 2 -1 -1 
77 198 25 54 0.05030582845211029 2 -1 -1 
543 236 32 56 0.050226882100105286 2 -1 -1 
91 196 36 63 0.05016879737377167 2 -1 -1 
