1048 110 101 70 0.973595380783081 5 -1 -1 
969 398 39 46 0.9575542211532593 3 -1 -1 
1054 76 101 51 0.9394026398658752 4 -1 -1 
1191 263 100 58 0.9354665279388428 7 -1 -1 
291 230 161 80 0.93513023853302 4 -1 -1 
821 308 145 85 0.9351263642311096 4 -1 -1 
606 171 134 69 0.9316971302032471 4 -1 -1 
1156 97 106 54 0.9303839802742004 4 -1 -1 
353 10 70 70 0.928695797920227 5 -1 -1 
1084 199 118 62 0.916600227355957 4 -1 -1 
0 239 131 111 0.9154596924781799 5 -1 -1 
843 112 113 68 0.9144783020019531 4 -1 -1 
1218 38 87 51 0.8866985440254211 4 -1 -1 
1061 28 97 54 0.8856419920921326 4 -1 -1 
307 55 20 40 0.8853220343589783 1 -1 -1 
604 294 17 50 0.8787259459495544 1 -1 -1 
821 247 22 47 0.8775035738945007 1 -1 -1 
911 152 121 68 0.8616580963134766 4 -1 -1 
961 1 16 33 0.8104680776596069 1 -1 -1 
1198 323 51 33 0.7910088896751404 10 -1 -1 
350 67 16 40 0.7870029807090759 1 -1 -1 
977 386 30 46 0.7798471450805664 2 -1 -1 
323 51 17 39 0.7522218227386475 1 -1 -1 
651 73 14 36 0.7378851771354675 1 -1 -1 
1218 0 85 46 0.7271344065666199 4 -1 -1 
8 164 22 36 0.7139133810997009 2 -1 -1 
1316 355 22 45 0.7033677101135254 1 -1 -1 
1293 60 66 56 0.6966543197631836 5 -1 -1 
-3 592 112 106 0.6934815645217896 4 -1 -1 
1005 406 43 48 0.6916017532348633 10 -1 -1 
612 505 58 57 0.6859045028686523 10 -1 -1 
586 15 18 30 0.6791845560073853 10 -1 -1 
420 18 60 67 0.6732690334320068 8 -1 -1 
688 68 17 31 0.6700539588928223 10 -1 -1 
1012 400 29 42 0.6673433184623718 2 -1 -1 
152 129 22 41 0.6598449349403381 1 -1 -1 
461 69 17 44 0.6589572429656982 1 -1 -1 
9 175 26 39 0.6588144302368164 10 -1 -1 
307 16 56 67 0.6475222706794739 8 -1 -1 
1131 576 28 80 0.6324713826179504 1 -1 -1 
849 13 23 27 0.6280463933944702 10 -1 -1 
1292 376 27 44 0.6211972832679749 1 -1 -1 
1097 144 18 38 0.6083816885948181 1 -1 -1 
416 437 187 110 0.6026583909988403 4 -1 -1 
521 15 15 32 0.6022889614105225 1 -1 -1 
1004 21 18 35 0.5977769494056702 1 -1 -1 
282 1 52 54 0.5890212655067444 8 -1 -1 
483 138 134 77 0.581476092338562 4 -1 -1 
398 68 18 31 0.5718156695365906 10 -1 -1 
481 137 137 78 0.5705937743186951 5 -1 -1 
291 7 67 67 0.5674339532852173 8 -1 -1 
615 507 41 52 0.5659683346748352 2 -1 -1 
1215 381 28 53 0.5597131848335266 1 -1 -1 
1247 557 40 37 0.5589785575866699 2 -1 -1 
1140 529 48 51 0.5550467371940613 1 -1 -1 
760 21 25 29 0.5457013845443726 10 -1 -1 
709 63 16 32 0.5429208874702454 10 -1 -1 
430 81 18 34 0.5236397981643677 1 -1 -1 
417 438 182 109 0.5226616263389587 5 -1 -1 
211 0 19 26 0.5121466517448425 1 -1 -1 
527 2 14 29 0.5092619061470032 1 -1 -1 
642 4 35 27 0.5044540166854858 10 -1 -1 
1151 556 28 58 0.49565207958221436 1 -1 -1 
1143 340 35 38 0.48469871282577515 1 -1 -1 
563 65 14 22 0.4826110899448395 2 -1 -1 
562 78 14 23 0.4791733920574188 2 -1 -1 
504 57 16 22 0.47837314009666443 2 -1 -1 
315 54 19 39 0.4729160666465759 1 -1 -1 
1320 667 38 64 0.46851295232772827 1 -1 -1 
1262 552 35 38 0.46609634160995483 2 -1 -1 
670 23 40 24 0.44508302211761475 10 -1 -1 
1245 397 113 101 0.44348812103271484 5 -1 -1 
1138 523 21 56 0.4426420032978058 1 -1 -1 
647 68 14 28 0.44110313057899475 1 -1 -1 
266 0 21 34 0.44106003642082214 10 -1 -1 
1256 598 24 40 0.44098225235939026 1 -1 -1 
319 48 17 41 0.4382922649383545 1 -1 -1 
232 9 20 18 0.43494993448257446 10 -1 -1 
1206 263 27 43 0.434852659702301 2 -1 -1 
1243 393 114 113 0.42715373635292053 4 -1 -1 
471 42 12 24 0.4250509738922119 2 -1 -1 
1222 381 137 124 0.42212095856666565 6 -1 -1 
674 29 41 24 0.41188204288482666 10 -1 -1 
436 82 30 32 0.4110355079174042 10 -1 -1 
638 74 13 25 0.4102066457271576 2 -1 -1 
672 15 29 20 0.4088951051235199 10 -1 -1 
426 80 31 34 0.4044111371040344 1 -1 -1 
423 59 24 34 0.4026927053928375 3 -1 -1 
709 61 15 27 0.4016595482826233 2 -1 -1 
1165 529 24 48 0.40051695704460144 1 -1 -1 
1339 349 18 50 0.39282456040382385 1 -1 -1 
1143 589 38 68 0.383437842130661 1 -1 -1 
510 19 10 34 0.3809584081172943 1 -1 -1 
1247 555 45 39 0.37735575437545776 1 -1 -1 
720 28 27 17 0.37436816096305847 3 -1 -1 
1007 403 37 49 0.37229475378990173 2 -1 -1 
287 10 62 47 0.3671303987503052 8 -1 -1 
671 31 38 27 0.36691200733184814 3 -1 -1 
248 9 21 17 0.36634865403175354 10 -1 -1 
1272 45 33 36 0.3663388192653656 4 -1 -1 
281 0 54 56 0.36419135332107544 5 -1 -1 
493 29 13 21 0.3631435036659241 2 -1 -1 
466 40 16 31 0.36259475350379944 2 -1 -1 
421 27 38 55 0.35996806621551514 8 -1 -1 
496 50 14 25 0.35974180698394775 2 -1 -1 
721 28 27 17 0.3566775619983673 10 -1 -1 
258 0 25 30 0.3561718463897705 10 -1 -1 
1266 543 38 43 0.3553782105445862 2 -1 -1 
1245 558 28 35 0.3545238971710205 2 -1 -1 
669 29 31 20 0.3528280258178711 3 -1 -1 
993 39 18 19 0.3493973910808563 1 -1 -1 
302 18 55 47 0.3490559756755829 8 -1 -1 
423 62 28 31 0.34726184606552124 10 -1 -1 
562 79 17 22 0.3456459641456604 10 -1 -1 
437 18 48 54 0.34549474716186523 8 -1 -1 
1318 664 41 68 0.34404781460762024 2 -1 -1 
1243 393 114 113 0.3438774347305298 8 -1 -1 
422 79 24 34 0.33896008133888245 3 -1 -1 
1201 725 65 39 0.3364759683609009 10 -1 -1 
558 60 8 24 0.3328671455383301 1 -1 -1 
1140 529 47 53 0.3324511647224426 2 -1 -1 
1328 350 27 50 0.33095622062683105 1 -1 -1 
1020 399 24 37 0.32874006032943726 2 -1 -1 
676 18 34 19 0.3273243308067322 10 -1 -1 
560 63 14 23 0.32568785548210144 2 -1 -1 
848 11 24 29 0.32440489530563354 3 -1 -1 
247 8 13 17 0.3224296569824219 10 -1 -1 
1257 599 24 35 0.3221530020236969 2 -1 -1 
1137 525 34 56 0.32165414094924927 1 -1 -1 
1292 503 39 69 0.32044586539268494 1 -1 -1 
1195 690 41 42 0.319613516330719 10 -1 -1 
499 53 18 25 0.3189573287963867 2 -1 -1 
470 18 35 30 0.31741538643836975 10 -1 -1 
420 18 60 67 0.31709057092666626 7 -1 -1 
451 69 17 37 0.3156570494174957 1 -1 -1 
222 4 26 23 0.314179003238678 10 -1 -1 
7 165 26 42 0.3140921890735626 10 -1 -1 
291 7 67 67 0.31150346994400024 5 -1 -1 
675 16 26 18 0.311149001121521 7 -1 -1 
1154 339 25 32 0.31081676483154297 1 -1 -1 
305 15 58 68 0.308625191450119 5 -1 -1 
1208 592 21 43 0.30691251158714294 1 -1 -1 
1204 376 79 77 0.3063453733921051 7 -1 -1 
1321 351 26 47 0.3035884201526642 1 -1 -1 
1202 383 37 49 0.30213725566864014 1 -1 -1 
398 69 17 30 0.30196303129196167 2 -1 -1 
267 10 17 25 0.30087706446647644 10 -1 -1 
1256 551 31 34 0.2999067008495331 2 -1 -1 
431 80 22 35 0.2979769706726074 10 -1 -1 
439 74 29 34 0.294200599193573 10 -1 -1 
1214 316 29 34 0.29407331347465515 2 -1 -1 
1215 380 28 62 0.2936016321182251 2 -1 -1 
637 74 13 25 0.2928617000579834 1 -1 -1 
1140 535 45 56 0.29216358065605164 3 -1 -1 
423 64 18 34 0.2913402318954468 3 -1 -1 
977 386 30 46 0.29074954986572266 1 -1 -1 
1202 322 45 33 0.2894013524055481 2 -1 -1 
-2 240 131 110 0.2893713414669037 4 -1 -1 
312 46 17 43 0.2885267734527588 1 -1 -1 
420 17 59 68 0.288335919380188 5 -1 -1 
1269 541 30 28 0.2882871925830841 2 -1 -1 
760 20 25 30 0.2862924039363861 3 -1 -1 
558 60 10 24 0.28395867347717285 2 -1 -1 
1004 21 18 35 0.2807208001613617 2 -1 -1 
1293 61 65 55 0.2801835238933563 4 -1 -1 
626 506 34 47 0.27837666869163513 2 -1 -1 
642 5 35 26 0.2780953049659729 7 -1 -1 
243 9 14 18 0.2757735252380371 10 -1 -1 
1200 387 19 40 0.2754965126514435 1 -1 -1 
1235 388 123 115 0.27491867542266846 7 -1 -1 
647 67 14 29 0.27486929297447205 2 -1 -1 
1269 542 37 42 0.2743227183818817 1 -1 -1 
1143 560 34 67 0.2738487720489502 1 -1 -1 
1191 264 100 59 0.27362364530563354 8 -1 -1 
670 24 38 23 0.27297303080558777 3 -1 -1 
1012 400 30 43 0.2672830820083618 10 -1 -1 
1165 529 24 48 0.2667216658592224 2 -1 -1 
1049 110 101 70 0.2639043629169464 4 -1 -1 
671 22 39 26 0.26094475388526917 7 -1 -1 
1218 0 85 46 0.24054989218711853 5 -1 -1 
1192 264 100 59 0.23814764618873596 3 -1 -1 
1244 333 81 69 0.23784476518630981 4 -1 -1 
1199 361 155 124 0.22985349595546722 7 -1 -1 
1138 552 45 98 0.2275351881980896 10 -1 -1 
672 29 40 27 0.22361354529857635 7 -1 -1 
672 40 39 23 0.22193516790866852 3 -1 -1 
1181 668 56 64 0.21997399628162384 10 -1 -1 
1290 448 66 68 0.2139085829257965 10 -1 -1 
1200 357 155 119 0.2120177149772644 6 -1 -1 
643 5 33 24 0.21013660728931427 3 -1 -1 
996 22 26 35 0.20974263548851013 3 -1 -1 
353 10 70 69 0.20607079565525055 4 -1 -1 
506 18 15 39 0.20345473289489746 1 -1 -1 
716 40 33 25 0.20292817056179047 7 -1 -1 
1137 553 46 99 0.20234693586826324 1 -1 -1 
307 16 56 67 0.19417284429073334 7 -1 -1 
646 67 19 37 0.1931931972503662 1 -1 -1 
1203 373 105 98 0.19319263100624084 7 -1 -1 
280 0 55 55 0.1865667849779129 6 -1 -1 
685 25 33 27 0.18360619246959686 10 -1 -1 
719 24 29 31 0.1823440045118332 10 -1 -1 
213 0 33 29 0.18100887537002563 10 -1 -1 
674 27 41 25 0.17990973591804504 3 -1 -1 
1142 544 43 76 0.1791532337665558 1 -1 -1 
493 52 32 31 0.1779659539461136 2 -1 -1 
1307 658 51 66 0.17623841762542725 1 -1 -1 
1219 39 86 50 0.175260990858078 5 -1 -1 
1192 264 99 58 0.17237353324890137 2 -1 -1 
1206 375 69 70 0.1721070110797882 8 -1 -1 
996 22 26 35 0.16978414356708527 10 -1 -1 
977 1 33 25 0.16469115018844604 3 -1 -1 
1196 591 36 84 0.16216354072093964 1 -1 -1 
1144 590 41 111 0.16083794832229614 1 -1 -1 
1191 264 100 58 0.1595587134361267 9 -1 -1 
672 16 37 22 0.15646004676818848 7 -1 -1 
520 5 21 38 0.15566883981227875 1 -1 -1 
1201 371 157 122 0.15551596879959106 4 -1 -1 
559 69 23 34 0.15528884530067444 10 -1 -1 
420 17 61 65 0.15503548085689545 6 -1 -1 
719 21 29 29 0.1508955955505371 3 -1 -1 
522 0 22 32 0.15058766305446625 1 -1 -1 
489 26 21 49 0.1497691571712494 2 -1 -1 
-1 590 111 107 0.1497000753879547 5 -1 -1 
1288 651 53 73 0.1489432007074356 1 -1 -1 
509 16 25 35 0.14890143275260925 1 -1 -1 
672 34 39 24 0.1475648581981659 10 -1 -1 
309 17 58 69 0.1475442349910736 4 -1 -1 
1142 544 43 76 0.14725515246391296 10 -1 -1 
291 7 67 67 0.1472007781267166 7 -1 -1 
281 0 54 55 0.1467849612236023 4 -1 -1 
420 17 59 68 0.14666064083576202 4 -1 -1 
1190 726 79 38 0.1457470953464508 7 -1 -1 
1191 264 100 58 0.14490406215190887 4 -1 -1 
670 18 36 24 0.14413855969905853 3 -1 -1 
718 34 31 30 0.14248447120189667 10 -1 -1 
1061 29 97 52 0.14230261743068695 5 -1 -1 
1205 371 153 127 0.14133676886558533 8 -1 -1 
669 22 37 26 0.14086709916591644 8 -1 -1 
1143 588 71 102 0.14042870700359344 1 -1 -1 
1140 530 47 67 0.13981595635414124 10 -1 -1 
469 19 34 29 0.13968922197818756 7 -1 -1 
309 17 58 69 0.1376575231552124 6 -1 -1 
1049 110 100 70 0.13661833107471466 8 -1 -1 
559 67 23 35 0.13613379001617432 2 -1 -1 
1206 377 53 65 0.13608166575431824 7 -1 -1 
1246 549 62 44 0.13590258359909058 10 -1 -1 
1206 377 53 65 0.13587535917758942 10 -1 -1 
1191 264 100 58 0.1350179761648178 10 -1 -1 
1139 578 51 93 0.13491757214069366 1 -1 -1 
1195 337 125 122 0.13459056615829468 6 -1 -1 
1185 657 65 66 0.13341769576072693 10 -1 -1 
151 129 23 41 0.13249211013317108 2 -1 -1 
281 0 55 55 0.13199801743030548 7 -1 -1 
1279 408 79 104 0.1319928765296936 8 -1 -1 
489 26 21 49 0.1308969110250473 1 -1 -1 
643 4 33 24 0.1303025186061859 8 -1 -1 
353 12 71 68 0.1300530731678009 6 -1 -1 
481 23 27 49 0.12776078283786774 2 -1 -1 
636 65 27 35 0.12769322097301483 1 -1 -1 
1289 434 69 79 0.127498060464859 7 -1 -1 
525 0 25 31 0.1271456927061081 10 -1 -1 
220 6 38 24 0.12710808217525482 10 -1 -1 
491 41 26 36 0.1267569363117218 2 -1 -1 
291 7 67 67 0.12667284905910492 4 -1 -1 
469 20 36 49 0.12659448385238647 10 -1 -1 
1293 664 61 78 0.12596487998962402 1 -1 -1 
286 1 73 63 0.12567894160747528 6 -1 -1 
1191 264 100 58 0.12462066859006882 6 -1 -1 
1203 369 154 122 0.12033728510141373 5 -1 -1 
1237 388 121 114 0.10683465003967285 9 -1 -1 
1192 337 135 125 0.10042090713977814 7 -1 -1 
1243 393 114 113 0.09174738824367523 1 -1 -1 
1194 355 117 115 0.09004877507686615 4 -1 -1 
1243 393 114 113 0.08596110343933105 2 -1 -1 
1193 349 142 127 0.08583609014749527 8 -1 -1 
416 437 185 109 0.08237364143133163 8 -1 -1 
1182 357 109 119 0.08213689178228378 9 -1 -1 
1235 392 126 176 0.08055558800697327 6 -1 -1 
1190 357 112 125 0.07950865477323532 6 -1 -1 
1244 392 114 114 0.068475142121315 3 -1 -1 
416 437 186 110 0.0680389404296875 6 -1 -1 
1200 357 155 119 0.06719288975000381 9 -1 -1 
1195 339 146 122 0.06433750689029694 5 -1 -1 
1227 330 132 123 0.05972111225128174 6 -1 -1 
1201 341 150 121 0.05841350182890892 4 -1 -1 
1195 337 125 122 0.05760081112384796 9 -1 -1 
417 438 182 109 0.05739838629961014 10 -1 -1 
1242 344 121 139 0.05552111566066742 4 -1 -1 
416 437 186 110 0.05170368775725365 9 -1 -1 
1223 392 135 198 0.05131947994232178 4 -1 -1 
