1044 565 100 153 0.9566854238510132 5 -1 -1 
445 452 62 89 0.9366210103034973 4 -1 -1 
301 549 141 115 0.9226585030555725 4 -1 -1 
323 381 111 43 0.9177631139755249 4 -1 -1 
871 424 113 49 0.9174683690071106 4 -1 -1 
353 351 110 42 0.9173853993415833 4 -1 -1 
533 207 33 38 0.9124218821525574 4 -1 -1 
569 534 61 115 0.9115887880325317 4 -1 -1 
842 599 63 106 0.904656171798706 4 -1 -1 
805 467 65 84 0.9022116661071777 4 -1 -1 
481 296 41 44 0.9016391634941101 4 -1 -1 
1032 262 48 26 0.900573194026947 7 -1 -1 
381 580 103 118 0.8990787863731384 4 -1 -1 
856 102 56 21 0.897981584072113 4 -1 -1 
575 315 97 41 0.8966562151908875 4 -1 -1 
784 370 46 57 0.8932236433029175 4 -1 -1 
548 136 29 31 0.8906334042549133 4 -1 -1 
928 203 42 36 0.8881202936172485 4 -1 -1 
845 359 100 43 0.8878468871116638 4 -1 -1 
535 265 38 46 0.8794462084770203 4 -1 -1 
861 159 59 24 0.8785098195075989 4 -1 -1 
382 132 32 26 0.8765388131141663 4 -1 -1 
739 153 26 23 0.8748168349266052 4 -1 -1 
305 407 118 47 0.868397057056427 4 -1 -1 
739 133 28 25 0.8650403022766113 4 -1 -1 
184 548 143 66 0.8638131022453308 4 -1 -1 
966 199 47 40 0.8625486493110657 4 -1 -1 
813 81 27 22 0.8608462810516357 4 -1 -1 
703 23 18 16 0.8571321368217468 4 -1 -1 
269 397 15 38 0.8521830439567566 1 -1 -1 
302 260 13 30 0.8471042513847351 1 -1 -1 
807 26 38 15 0.8400289416313171 4 -1 -1 
707 186 54 33 0.838329553604126 4 -1 -1 
885 76 21 19 0.8371630907058716 4 -1 -1 
868 140 33 24 0.836893618106842 4 -1 -1 
725 53 19 18 0.8352513313293457 4 -1 -1 
627 44 19 19 0.8350386023521423 4 -1 -1 
758 234 38 41 0.8345739841461182 4 -1 -1 
873 201 41 38 0.8323970437049866 4 -1 -1 
830 121 29 28 0.8312438726425171 4 -1 -1 
904 268 43 47 0.8301294445991516 4 -1 -1 
1066 315 88 53 0.8286920189857483 4 -1 -1 
672 15 18 16 0.8253948092460632 4 -1 -1 
391 279 33 19 0.8246899247169495 3 -1 -1 
863 393 97 40 0.8238019347190857 4 -1 -1 
675 76 22 24 0.8173024654388428 4 -1 -1 
974 234 79 38 0.8158553242683411 4 -1 -1 
724 12 16 14 0.8146044611930847 4 -1 -1 
362 151 33 26 0.8117539286613464 4 -1 -1 
400 260 31 21 0.8095952272415161 10 -1 -1 
489 383 51 70 0.8055189251899719 4 -1 -1 
471 168 73 25 0.802902340888977 4 -1 -1 
466 149 67 24 0.8015778064727783 4 -1 -1 
236 470 138 62 0.8015643954277039 4 -1 -1 
883 237 42 41 0.7974802851676941 4 -1 -1 
412 248 22 17 0.7947428822517395 10 -1 -1 
819 47 22 19 0.7870992422103882 4 -1 -1 
431 381 55 72 0.7862439155578613 4 -1 -1 
239 265 9 23 0.7799076437950134 1 -1 -1 
341 329 32 28 0.7747842073440552 3 -1 -1 
966 253 13 31 0.7726189494132996 1 -1 -1 
1050 276 33 24 0.7716737985610962 10 -1 -1 
468 340 66 56 0.768669605255127 4 -1 -1 
468 34 46 19 0.759874165058136 4 -1 -1 
738 200 52 30 0.757649302482605 4 -1 -1 
275 430 123 56 0.7560887932777405 4 -1 -1 
481 26 39 16 0.7533284425735474 4 -1 -1 
459 195 65 28 0.7532085180282593 4 -1 -1 
834 338 98 35 0.7502389550209045 4 -1 -1 
736 17 40 16 0.7486657500267029 4 -1 -1 
315 327 34 24 0.7408801913261414 3 -1 -1 
413 100 20 13 0.7391435503959656 10 -1 -1 
797 5 37 14 0.7384099364280701 4 -1 -1 
463 178 65 27 0.7350583672523499 4 -1 -1 
230 266 10 23 0.7348006963729858 1 -1 -1 
220 264 10 25 0.7290902137756348 1 -1 -1 
592 9 17 16 0.7266886830329895 4 -1 -1 
486 11 36 13 0.7140782475471497 4 -1 -1 
215 445 18 41 0.708264172077179 1 -1 -1 
567 71 24 25 0.7016429305076599 4 -1 -1 
795 12 35 16 0.7016120553016663 4 -1 -1 
24 491 23 51 0.7000610828399658 1 -1 -1 
484 18 40 15 0.6987897753715515 4 -1 -1 
599 231 11 23 0.6806004643440247 2 -1 -1 
268 267 15 22 0.6731376051902771 10 -1 -1 
729 70 23 23 0.6698915958404541 4 -1 -1 
348 305 31 22 0.6684170961380005 10 -1 -1 
1099 360 125 68 0.6670093536376953 4 -1 -1 
582 36 25 18 0.665785551071167 4 -1 -1 
394 106 28 31 0.6590195298194885 5 -1 -1 
247 515 127 60 0.6586713790893555 4 -1 -1 
314 215 29 17 0.6522641181945801 10 -1 -1 
568 63 24 27 0.6464070677757263 4 -1 -1 
503 235 37 43 0.6327168345451355 4 -1 -1 
774 320 38 50 0.6323807835578918 4 -1 -1 
862 57 20 18 0.6307002902030945 4 -1 -1 
854 303 89 42 0.6300310492515564 4 -1 -1 
483 260 30 40 0.6280373334884644 8 -1 -1 
315 327 34 24 0.6239150762557983 10 -1 -1 
110 599 180 94 0.6233575344085693 5 -1 -1 
462 187 64 29 0.6217673420906067 4 -1 -1 
446 327 15 30 0.6189002990722656 3 -1 -1 
776 17 6 15 0.6150944828987122 1 -1 -1 
444 60 19 13 0.6134111285209656 10 -1 -1 
686 125 9 21 0.612864077091217 10 -1 -1 
807 55 25 30 0.6095112562179565 6 -1 -1 
381 294 30 20 0.6075196266174316 10 -1 -1 
483 260 30 40 0.6074851155281067 5 -1 -1 
424 214 77 31 0.6041156649589539 4 -1 -1 
841 348 98 44 0.5978310108184814 4 -1 -1 
237 457 17 35 0.5970420837402344 1 -1 -1 
589 29 17 15 0.5933589339256287 4 -1 -1 
550 48 32 20 0.5851281881332397 5 -1 -1 
762 205 52 35 0.5768370628356934 4 -1 -1 
796 1 35 13 0.5709331035614014 4 -1 -1 
377 283 31 19 0.5691115260124207 10 -1 -1 
351 176 28 17 0.5653074383735657 10 -1 -1 
727 0 14 13 0.5621395707130432 4 -1 -1 
598 237 12 22 0.5389909148216248 10 -1 -1 
595 0 17 14 0.5329650640487671 4 -1 -1 
572 115 9 21 0.528303325176239 1 -1 -1 
705 110 9 23 0.5282192230224609 1 -1 -1 
774 30 40 18 0.5242231488227844 4 -1 -1 
796 8 36 16 0.514155924320221 4 -1 -1 
753 90 45 25 0.4987579584121704 9 -1 -1 
771 8 5 11 0.49615249037742615 1 -1 -1 
350 176 30 17 0.4949295222759247 7 -1 -1 
555 41 37 20 0.49438172578811646 4 -1 -1 
529 13 6 15 0.4865740239620209 1 -1 -1 
553 248 21 19 0.4843127131462097 3 -1 -1 
110 599 180 94 0.47555992007255554 4 -1 -1 
686 125 9 21 0.4748126268386841 2 -1 -1 
855 303 88 43 0.47089245915412903 5 -1 -1 
460 120 8 14 0.47019991278648376 1 -1 -1 
865 149 45 28 0.46516212821006775 4 -1 -1 
705 110 10 22 0.46189072728157043 2 -1 -1 
844 321 94 37 0.4611559808254242 4 -1 -1 
680 100 11 17 0.45868608355522156 10 -1 -1 
319 211 23 19 0.4547949433326721 2 -1 -1 
410 336 26 26 0.45374614000320435 10 -1 -1 
599 238 12 21 0.4484693706035614 3 -1 -1 
726 3 14 13 0.4424894154071808 4 -1 -1 
553 248 21 20 0.44067618250846863 10 -1 -1 
94 353 27 53 0.4396434426307678 1 -1 -1 
317 210 28 18 0.43068355321884155 10 -1 -1 
571 532 58 52 0.42979535460472107 4 -1 -1 
1097 360 129 68 0.3825870156288147 5 -1 -1 
546 42 44 21 0.3477437198162079 5 -1 -1 
549 40 44 20 0.34167206287384033 6 -1 -1 
287 420 128 40 0.33731183409690857 4 -1 -1 
316 392 114 41 0.3010764718055725 4 -1 -1 
869 407 101 47 0.26109954714775085 4 -1 -1 
376 285 36 27 0.25458401441574097 10 -1 -1 
544 45 41 22 0.24191410839557648 4 -1 -1 
903 468 92 55 0.2291102558374405 4 -1 -1 
777 274 64 56 0.18875451385974884 6 -1 -1 
1044 565 100 153 0.1871723085641861 4 -1 -1 
565 32 42 22 0.18678121268749237 4 -1 -1 
551 38 43 21 0.17974871397018433 5 -1 -1 
844 321 94 37 0.16651393473148346 5 -1 -1 
847 361 98 41 0.1619289666414261 5 -1 -1 
834 338 98 35 0.16103973984718323 6 -1 -1 
835 337 100 36 0.15877044200897217 5 -1 -1 
1066 316 88 52 0.15344834327697754 5 -1 -1 
432 380 54 73 0.14772790670394897 5 -1 -1 
544 45 41 22 0.14005839824676514 6 -1 -1 
346 304 36 25 0.13871993124485016 3 -1 -1 
379 279 43 23 0.13596418499946594 10 -1 -1 
379 279 43 23 0.135912224650383 3 -1 -1 
398 250 36 27 0.13002793490886688 10 -1 -1 
854 303 89 42 0.12981456518173218 6 -1 -1 
772 30 42 18 0.12847349047660828 5 -1 -1 
841 348 101 43 0.12786681950092316 5 -1 -1 
323 381 111 43 0.1271774023771286 1 -1 -1 
376 283 37 27 0.12459646910429001 3 -1 -1 
1044 566 101 152 0.1227816566824913 9 -1 -1 
871 425 113 48 0.12061804533004761 1 -1 -1 
298 409 124 47 0.12038213014602661 5 -1 -1 
353 351 111 42 0.11958319693803787 1 -1 -1 
867 395 93 39 0.11820488423109055 5 -1 -1 
234 489 149 75 0.11682046949863434 4 -1 -1 
302 551 138 112 0.11452742666006088 1 -1 -1 
568 534 62 115 0.11421845108270645 5 -1 -1 
1044 565 100 153 0.11331629753112793 6 -1 -1 
542 40 44 22 0.11179322749376297 4 -1 -1 
549 40 44 20 0.11109500378370285 9 -1 -1 
841 348 98 44 0.10928922146558762 6 -1 -1 
863 394 96 40 0.10680823773145676 1 -1 -1 
834 338 98 35 0.10612696409225464 7 -1 -1 
423 209 88 37 0.10588405281305313 5 -1 -1 
772 287 56 66 0.10493135452270508 6 -1 -1 
847 361 98 41 0.10435305535793304 1 -1 -1 
306 407 117 47 0.10302797704935074 1 -1 -1 
783 275 86 50 0.1028606966137886 6 -1 -1 
395 262 35 23 0.10235768556594849 3 -1 -1 
467 34 46 19 0.10159208625555038 5 -1 -1 
846 361 99 42 0.10110524296760559 6 -1 -1 
324 380 110 44 0.10081467777490616 5 -1 -1 
871 425 112 49 0.09977851808071136 5 -1 -1 
445 452 62 89 0.09917869418859482 1 -1 -1 
575 315 97 42 0.09901384264230728 1 -1 -1 
113 600 175 90 0.09847450256347656 6 -1 -1 
386 275 38 23 0.09572204202413559 10 -1 -1 
468 340 66 56 0.09513893723487854 5 -1 -1 
494 37 42 19 0.0940171405673027 4 -1 -1 
480 24 42 19 0.0923827663064003 5 -1 -1 
554 28 49 24 0.09229414165019989 4 -1 -1 
347 304 35 25 0.09207263588905334 7 -1 -1 
301 549 142 114 0.09202553331851959 9 -1 -1 
397 248 38 23 0.09119927883148193 9 -1 -1 
805 467 64 84 0.09002611041069031 1 -1 -1 
855 303 88 42 0.08996372669935226 9 -1 -1 
468 34 43 20 0.08973544090986252 9 -1 -1 
445 453 61 88 0.08949267119169235 9 -1 -1 
558 34 45 22 0.08841299265623093 5 -1 -1 
834 338 98 35 0.0883478969335556 8 -1 -1 
0 338 100 155 0.08764048665761948 9 -1 -1 
784 -1 49 16 0.08757299929857254 4 -1 -1 
575 26 34 29 0.08753835409879684 4 -1 -1 
569 534 61 115 0.08720260113477707 1 -1 -1 
834 338 99 36 0.08583047986030579 1 -1 -1 
562 23 44 26 0.085401751101017 4 -1 -1 
310 209 36 24 0.08538965880870819 10 -1 -1 
301 549 141 115 0.08415871113538742 10 -1 -1 
302 549 141 114 0.08356638252735138 5 -1 -1 
490 383 50 71 0.0832282304763794 1 -1 -1 
301 549 141 115 0.08273221552371979 6 -1 -1 
485 27 47 19 0.08267907798290253 4 -1 -1 
398 258 34 22 0.08244368433952332 3 -1 -1 
1044 565 100 153 0.08150717616081238 8 -1 -1 
841 348 98 44 0.08143652230501175 1 -1 -1 
453 182 76 43 0.0812593623995781 4 -1 -1 
204 513 172 77 0.07973427325487137 4 -1 -1 
1066 315 88 53 0.07949511706829071 1 -1 -1 
352 351 111 41 0.07946015149354935 6 -1 -1 
430 382 57 71 0.078641377389431 1 -1 -1 
353 351 110 42 0.07848690450191498 7 -1 -1 
398 250 36 27 0.07813093811273575 7 -1 -1 
575 315 97 41 0.07805415242910385 5 -1 -1 
489 30 45 21 0.0779518261551857 4 -1 -1 
569 534 61 115 0.07756552845239639 10 -1 -1 
353 352 110 41 0.07630252838134766 5 -1 -1 
808 43 35 26 0.07587197422981262 4 -1 -1 
806 468 64 83 0.07566902786493301 7 -1 -1 
844 321 94 37 0.07539557665586472 6 -1 -1 
468 340 66 56 0.07538969814777374 1 -1 -1 
793 11 39 17 0.07520125061273575 5 -1 -1 
330 364 111 51 0.07502123713493347 4 -1 -1 
1044 565 100 153 0.07485710829496384 1 -1 -1 
849 305 91 44 0.0746748298406601 1 -1 -1 
306 407 117 47 0.07462504506111145 6 -1 -1 
313 397 116 48 0.07462400197982788 5 -1 -1 
353 351 111 42 0.07409412413835526 9 -1 -1 
772 30 42 18 0.07318835705518723 6 -1 -1 
445 452 61 88 0.07261411845684052 5 -1 -1 
482 19 43 18 0.07257954031229019 5 -1 -1 
324 381 111 43 0.07245033979415894 9 -1 -1 
806 467 63 84 0.07238379865884781 5 -1 -1 
897 449 94 54 0.07209955900907516 4 -1 -1 
0 338 100 155 0.05340331420302391 4 -1 -1 
