536 174 68 39 0.9801310300827026 5 -1 -1 
149 258 54 45 0.9739950299263 8 -1 -1 
1133 308 107 47 0.9415977001190186 4 -1 -1 
505 299 114 47 0.9403721690177917 4 -1 -1 
472 373 90 44 0.9395288825035095 7 -1 -1 
385 228 95 36 0.9383453130722046 4 -1 -1 
945 171 45 34 0.9155099391937256 4 -1 -1 
601 229 30 22 0.9132677316665649 3 -1 -1 
300 218 38 25 0.9097968339920044 7 -1 -1 
0 237 76 42 0.8952631950378418 4 -1 -1 
999 128 34 26 0.8855201005935669 4 -1 -1 
535 149 55 26 0.8851767182350159 4 -1 -1 
637 463 24 48 0.8736127018928528 1 -1 -1 
735 219 16 36 0.8482056260108948 1 -1 -1 
357 141 13 25 0.8430805802345276 1 -1 -1 
953 204 48 40 0.8394210934638977 4 -1 -1 
1179 46 16 13 0.8282264471054077 4 -1 -1 
631 450 19 52 0.8214603066444397 1 -1 -1 
993 257 82 46 0.8197669386863708 4 -1 -1 
1231 57 19 13 0.8160427212715149 4 -1 -1 
149 148 60 28 0.8124870657920837 4 -1 -1 
506 199 10 33 0.8090952634811401 1 -1 -1 
1146 41 17 12 0.8071833848953247 4 -1 -1 
477 182 13 30 0.8057725429534912 1 -1 -1 
566 142 55 26 0.7951043248176575 4 -1 -1 
303 430 39 37 0.7928001880645752 10 -1 -1 
1339 167 11 26 0.7847135066986084 1 -1 -1 
1325 55 10 9 0.7722685933113098 7 -1 -1 
968 242 11 29 0.7639374136924744 1 -1 -1 
615 180 30 20 0.7521382570266724 10 -1 -1 
90 437 38 41 0.7489168047904968 10 -1 -1 
1060 99 26 20 0.738353431224823 4 -1 -1 
1325 168 14 25 0.7287407517433167 1 -1 -1 
373 130 11 25 0.7255007028579712 1 -1 -1 
307 412 25 44 0.7206478118896484 2 -1 -1 
755 214 14 34 0.7164372205734253 1 -1 -1 
234 151 9 27 0.7136068344116211 1 -1 -1 
417 181 24 20 0.7087074518203735 10 -1 -1 
368 141 10 27 0.7074177265167236 1 -1 -1 
243 178 15 30 0.7022089958190918 1 -1 -1 
1242 1 8 7 0.701349675655365 4 -1 -1 
927 128 9 20 0.695218026638031 1 -1 -1 
847 59 27 20 0.6946889162063599 5 -1 -1 
1340 119 10 22 0.6893552541732788 1 -1 -1 
1228 182 10 26 0.6780396699905396 1 -1 -1 
1258 726 75 36 0.6642217636108398 10 -1 -1 
384 161 9 22 0.6598139405250549 1 -1 -1 
746 215 12 34 0.6399760842323303 1 -1 -1 
93 420 28 48 0.6293030381202698 2 -1 -1 
428 120 9 26 0.6280532479286194 1 -1 -1 
991 247 13 33 0.6253783106803894 1 -1 -1 
480 159 9 20 0.6241208910942078 10 -1 -1 
519 369 23 38 0.6224111318588257 2 -1 -1 
500 367 17 30 0.6170825362205505 2 -1 -1 
1267 149 31 32 0.6140790581703186 4 -1 -1 
612 220 12 27 0.6038138270378113 2 -1 -1 
500 142 21 17 0.6022123694419861 10 -1 -1 
959 235 13 32 0.6006356477737427 1 -1 -1 
1332 82 8 16 0.5978649854660034 1 -1 -1 
949 242 13 30 0.5953300595283508 1 -1 -1 
623 173 13 26 0.5937250852584839 2 -1 -1 
437 132 8 21 0.5928846001625061 1 -1 -1 
110 185 25 19 0.5918389558792114 10 -1 -1 
1323 100 7 14 0.5872377753257751 2 -1 -1 
443 125 7 22 0.5855485796928406 1 -1 -1 
621 173 12 20 0.5805473923683167 2 -1 -1 
878 80 37 18 0.5767135620117188 4 -1 -1 
308 212 13 20 0.5671683549880981 2 -1 -1 
1317 167 12 27 0.5616351962089539 1 -1 -1 
750 215 15 33 0.5594561696052551 1 -1 -1 
123 183 10 17 0.5594043135643005 2 -1 -1 
468 150 14 15 0.5558352470397949 10 -1 -1 
114 175 12 24 0.5529290437698364 2 -1 -1 
469 146 9 15 0.5500779747962952 2 -1 -1 
1284 712 36 51 0.5454307794570923 2 -1 -1 
580 126 9 18 0.5429043173789978 1 -1 -1 
1195 145 9 15 0.5405699610710144 10 -1 -1 
509 142 13 17 0.5343469381332397 10 -1 -1 
1233 23 11 11 0.5265932083129883 4 -1 -1 
303 214 14 23 0.5182816386222839 2 -1 -1 
1242 31 13 16 0.5093212723731995 8 -1 -1 
307 162 10 19 0.5026940107345581 2 -1 -1 
515 176 10 18 0.4963807761669159 2 -1 -1 
516 372 13 32 0.4910416603088379 2 -1 -1 
1324 160 12 27 0.490732342004776 1 -1 -1 
1332 138 20 22 0.48848065733909607 7 -1 -1 
1195 143 9 14 0.4855256974697113 2 -1 -1 
89 420 22 44 0.4844469130039215 2 -1 -1 
318 156 10 14 0.47930702567100525 2 -1 -1 
90 729 31 35 0.4703562557697296 1 -1 -1 
260 163 8 21 0.46503522992134094 1 -1 -1 
608 228 10 19 0.45245715975761414 2 -1 -1 
952 239 11 29 0.4499284029006958 1 -1 -1 
542 126 6 12 0.44540512561798096 2 -1 -1 
389 160 13 20 0.44034114480018616 10 -1 -1 
472 373 90 44 0.44016361236572266 8 -1 -1 
1321 105 9 14 0.43722209334373474 10 -1 -1 
579 121 9 16 0.4334322512149811 2 -1 -1 
515 180 12 19 0.42915716767311096 7 -1 -1 
579 120 9 20 0.4252811074256897 1 -1 -1 
1304 49 8 17 0.4250836670398712 1 -1 -1 
481 157 7 16 0.42323967814445496 2 -1 -1 
1233 23 11 11 0.41512531042099 7 -1 -1 
1318 29 4 10 0.4146372675895691 1 -1 -1 
1332 138 21 23 0.4115910828113556 8 -1 -1 
539 137 17 14 0.4107080399990082 10 -1 -1 
550 131 7 18 0.40665963292121887 1 -1 -1 
1197 148 9 12 0.4050624370574951 10 -1 -1 
495 142 17 17 0.3960314989089966 10 -1 -1 
508 369 17 28 0.38995450735092163 2 -1 -1 
1322 100 8 16 0.38955527544021606 1 -1 -1 
306 160 30 22 0.38708195090293884 8 -1 -1 
1322 105 7 14 0.38396111130714417 3 -1 -1 
1226 179 11 25 0.38165587186813354 1 -1 -1 
91 728 30 36 0.3768847584724426 2 -1 -1 
149 258 54 45 0.3759116232395172 3 -1 -1 
515 180 28 19 0.37576529383659363 7 -1 -1 
1330 80 8 17 0.3729102909564972 1 -1 -1 
388 159 13 19 0.3704054057598114 2 -1 -1 
398 149 8 17 0.3703792989253998 10 -1 -1 
960 239 15 32 0.3684045970439911 1 -1 -1 
1197 143 9 15 0.3659267723560333 2 -1 -1 
468 151 13 14 0.3654152452945709 3 -1 -1 
550 131 7 17 0.3646082580089569 2 -1 -1 
615 183 18 17 0.36244240403175354 10 -1 -1 
1233 23 11 11 0.36019638180732727 8 -1 -1 
149 258 54 46 0.35600587725639343 5 -1 -1 
1261 13 4 8 0.35376420617103577 1 -1 -1 
386 160 10 21 0.353699266910553 1 -1 -1 
112 178 18 25 0.3533860146999359 2 -1 -1 
949 123 7 20 0.34409043192863464 1 -1 -1 
954 239 14 33 0.33627933263778687 1 -1 -1 
992 256 14 28 0.3353520631790161 1 -1 -1 
1259 721 73 41 0.33160388469696045 2 -1 -1 
472 374 90 43 0.3314281404018402 3 -1 -1 
398 149 8 17 0.330576092004776 1 -1 -1 
301 215 11 20 0.33045339584350586 2 -1 -1 
398 149 9 17 0.32918494939804077 3 -1 -1 
542 126 6 15 0.3289315700531006 1 -1 -1 
121 178 10 22 0.3281836211681366 2 -1 -1 
1322 101 8 17 0.32607629895210266 10 -1 -1 
1318 162 12 27 0.3247835338115692 1 -1 -1 
615 180 30 20 0.3233805298805237 7 -1 -1 
440 126 8 23 0.31987264752388 1 -1 -1 
308 162 9 18 0.3173743486404419 1 -1 -1 
473 372 89 44 0.31684911251068115 6 -1 -1 
1341 127 8 14 0.31579092144966125 1 -1 -1 
514 180 12 19 0.31571856141090393 2 -1 -1 
579 125 10 19 0.3134010434150696 10 -1 -1 
239 154 34 28 0.3104988634586334 7 -1 -1 
305 161 37 21 0.30851441621780396 7 -1 -1 
149 258 54 45 0.30457356572151184 4 -1 -1 
878 77 43 22 0.28219902515411377 5 -1 -1 
1317 162 20 31 0.2783214747905731 1 -1 -1 
878 77 43 22 0.2782931923866272 8 -1 -1 
299 218 39 25 0.27736055850982666 8 -1 -1 
149 258 54 46 0.2771669924259186 2 -1 -1 
1270 711 57 52 0.27334529161453247 10 -1 -1 
149 258 54 45 0.2728002667427063 7 -1 -1 
894 74 38 22 0.2630422115325928 5 -1 -1 
601 229 30 22 0.2629040479660034 10 -1 -1 
878 78 41 21 0.25829529762268066 6 -1 -1 
602 227 27 23 0.24293959140777588 2 -1 -1 
880 75 46 23 0.23841434717178345 4 -1 -1 
615 180 29 19 0.23808805644512177 3 -1 -1 
149 258 54 45 0.2270956039428711 10 -1 -1 
894 74 38 22 0.2133651077747345 4 -1 -1 
300 218 38 25 0.2099767029285431 3 -1 -1 
891 74 41 23 0.20942142605781555 8 -1 -1 
878 79 40 20 0.19983577728271484 7 -1 -1 
994 257 81 46 0.1994720846414566 5 -1 -1 
834 58 39 21 0.19350573420524597 9 -1 -1 
299 217 38 26 0.191952645778656 2 -1 -1 
536 174 68 39 0.18951255083084106 4 -1 -1 
239 153 34 29 0.1887928545475006 8 -1 -1 
847 59 27 20 0.18713510036468506 4 -1 -1 
149 258 54 45 0.1863308846950531 9 -1 -1 
618 176 24 22 0.18259532749652863 2 -1 -1 
472 372 91 44 0.17430928349494934 2 -1 -1 
472 373 90 44 0.1718256026506424 9 -1 -1 
1281 716 59 47 0.17086008191108704 2 -1 -1 
301 212 28 27 0.16627560555934906 2 -1 -1 
897 74 40 21 0.16243484616279602 9 -1 -1 
300 217 37 26 0.15717266499996185 10 -1 -1 
536 174 68 39 0.15383294224739075 6 -1 -1 
1276 711 51 50 0.14942413568496704 1 -1 -1 
680 151 28 18 0.1485171765089035 8 -1 -1 
891 74 41 23 0.14577093720436096 6 -1 -1 
536 174 68 39 0.1452634483575821 8 -1 -1 
1259 721 78 42 0.14368386566638947 3 -1 -1 
630 449 28 63 0.14011730253696442 1 -1 -1 
1333 132 24 27 0.13962852954864502 8 -1 -1 
0 236 76 43 0.1394030898809433 5 -1 -1 
300 218 38 25 0.1378893405199051 4 -1 -1 
236 150 28 29 0.13686735928058624 7 -1 -1 
232 149 17 30 0.13420772552490234 1 -1 -1 
1294 36 19 27 0.13080210983753204 4 -1 -1 
474 374 89 43 0.1297740936279297 1 -1 -1 
1332 166 18 28 0.1297377198934555 1 -1 -1 
1259 721 73 41 0.12866553664207458 1 -1 -1 
615 180 30 20 0.12864089012145996 4 -1 -1 
897 71 32 20 0.12842337787151337 5 -1 -1 
149 258 54 45 0.12794247269630432 1 -1 -1 
834 58 39 21 0.1276187151670456 6 -1 -1 
832 56 40 21 0.12754575908184052 5 -1 -1 
22 86 21 26 0.12462493777275085 10 -1 -1 
743 220 14 34 0.12435463070869446 1 -1 -1 
680 151 28 18 0.12233520299196243 7 -1 -1 
536 174 68 39 0.12092079222202301 10 -1 -1 
999 128 34 26 0.11885973066091537 5 -1 -1 
878 81 33 19 0.11872749775648117 5 -1 -1 
1133 308 107 47 0.11769422888755798 1 -1 -1 
109 173 23 26 0.11749544739723206 2 -1 -1 
898 71 38 20 0.1173456683754921 4 -1 -1 
994 257 81 47 0.11608348786830902 6 -1 -1 
385 228 96 36 0.11446011811494827 1 -1 -1 
615 181 30 19 0.1112339049577713 8 -1 -1 
148 148 61 28 0.10981464385986328 5 -1 -1 
300 218 38 25 0.10975360870361328 9 -1 -1 
735 219 16 36 0.1097177192568779 4 -1 -1 
417 180 25 21 0.10632439702749252 4 -1 -1 
305 159 29 22 0.10598024725914001 10 -1 -1 
472 373 90 44 0.10519018024206161 4 -1 -1 
1333 132 24 27 0.10493871569633484 7 -1 -1 
952 206 50 39 0.07609730213880539 5 -1 -1 
