12 282 61 39 0.9908462166786194 3 -1 -1 
559 247 39 60 0.922252357006073 1 -1 -1 
73 275 31 56 0.7507089972496033 1 -1 -1 
474 244 26 53 0.7403422594070435 1 -1 -1 
506 249 23 51 0.6479125618934631 1 -1 -1 
234 258 17 39 0.5984039902687073 2 -1 -1 
349 247 22 39 0.5896366834640503 2 -1 -1 
346 246 20 36 0.5436870455741882 2 -1 -1 
33 259 24 56 0.5193316340446472 2 -1 -1 
226 283 48 25 0.49596551060676575 10 -1 -1 
343 249 19 39 0.477871298789978 2 -1 -1 
490 238 17 51 0.4720460772514343 1 -1 -1 
238 277 22 28 0.46461257338523865 2 -1 -1 
235 260 23 43 0.4549669623374939 2 -1 -1 
342 260 45 30 0.4278053343296051 10 -1 -1 
227 264 27 39 0.404995322227478 2 -1 -1 
492 238 34 60 0.39746928215026855 1 -1 -1 
354 251 23 38 0.3879867494106293 2 -1 -1 
356 248 17 35 0.3804417848587036 2 -1 -1 
32 259 24 56 0.3531005382537842 1 -1 -1 
229 279 41 28 0.3508625328540802 2 -1 -1 
484 235 28 60 0.34393492341041565 1 -1 -1 
73 276 31 54 0.3293713927268982 2 -1 -1 
14 278 53 41 0.32551783323287964 2 -1 -1 
512 249 16 39 0.3250678777694702 1 -1 -1 
343 255 39 35 0.31753724813461304 2 -1 -1 
229 278 31 27 0.31574711203575134 10 -1 -1 
12 282 61 39 0.3125990629196167 7 -1 -1 
233 259 18 43 0.30937817692756653 1 -1 -1 
225 283 48 26 0.2885688841342926 3 -1 -1 
227 279 30 25 0.2885248064994812 2 -1 -1 
242 269 20 33 0.2849971354007721 2 -1 -1 
12 282 61 39 0.2761642038822174 4 -1 -1 
343 245 17 37 0.27260029315948486 1 -1 -1 
22 271 45 47 0.2692723274230957 3 -1 -1 
237 256 24 34 0.26755964756011963 2 -1 -1 
12 282 60 39 0.2668476402759552 9 -1 -1 
520 293 16 35 0.25632962584495544 1 -1 -1 
325 134 14 34 0.25247564911842346 1 -1 -1 
328 150 10 17 0.24884344637393951 1 -1 -1 
348 247 19 35 0.24857014417648315 1 -1 -1 
246 276 14 26 0.2455209493637085 2 -1 -1 
489 236 30 48 0.24494580924510956 1 -1 -1 
229 276 31 30 0.24290332198143005 3 -1 -1 
17 280 43 33 0.24101129174232483 3 -1 -1 
353 248 18 34 0.2379528284072876 1 -1 -1 
343 251 11 32 0.2369994819164276 1 -1 -1 
234 260 13 34 0.23167578876018524 1 -1 -1 
347 251 27 38 0.22923998534679413 10 -1 -1 
35 259 22 34 0.21950699388980865 2 -1 -1 
506 290 5 11 0.21433420479297638 1 -1 -1 
233 255 14 32 0.21282827854156494 2 -1 -1 
235 256 16 31 0.2057032436132431 1 -1 -1 
161 138 12 21 0.204997256398201 1 -1 -1 
25 276 35 38 0.19919858872890472 2 -1 -1 
34 258 19 26 0.19765008985996246 2 -1 -1 
347 244 13 25 0.19519978761672974 2 -1 -1 
242 258 22 38 0.19270983338356018 2 -1 -1 
225 283 48 26 0.18989713490009308 7 -1 -1 
360 250 22 36 0.18556953966617584 2 -1 -1 
230 269 27 35 0.18501147627830505 1 -1 -1 
202 167 12 19 0.18416942656040192 2 -1 -1 
559 247 39 60 0.18179406225681305 4 -1 -1 
499 247 25 48 0.18068112432956696 1 -1 -1 
14 297 58 25 0.17933103442192078 3 -1 -1 
347 243 12 29 0.17734961211681366 1 -1 -1 
343 261 44 29 0.17641028761863708 3 -1 -1 
241 253 24 30 0.17215596139431 2 -1 -1 
255 149 12 23 0.17046324908733368 1 -1 -1 
27 260 26 48 0.16987040638923645 2 -1 -1 
240 276 21 30 0.16749176383018494 10 -1 -1 
488 233 18 41 0.16645093262195587 1 -1 -1 
367 141 17 33 0.1651824414730072 1 -1 -1 
346 100 14 12 0.16267217695713043 1 -1 -1 
457 191 7 20 0.16107219457626343 1 -1 -1 
558 246 41 60 0.1604418158531189 2 -1 -1 
490 238 17 51 0.15204139053821564 2 -1 -1 
347 99 20 26 0.151571124792099 1 -1 -1 
518 294 16 33 0.14948859810829163 2 -1 -1 
300 155 26 39 0.14943407475948334 1 -1 -1 
29 262 29 52 0.14663495123386383 3 -1 -1 
38 272 21 42 0.1457950919866562 2 -1 -1 
194 174 21 15 0.14564645290374756 10 -1 -1 
237 255 24 30 0.14391881227493286 1 -1 -1 
358 248 18 35 0.1438692957162857 1 -1 -1 
355 248 13 27 0.14245468378067017 2 -1 -1 
13 281 60 40 0.14204905927181244 8 -1 -1 
232 262 25 43 0.14040741324424744 10 -1 -1 
261 128 19 38 0.13925814628601074 1 -1 -1 
239 275 21 29 0.13920623064041138 1 -1 -1 
489 236 30 48 0.13811014592647552 2 -1 -1 
517 293 16 30 0.13633239269256592 1 -1 -1 
144 0 26 10 0.1346489042043686 4 -1 -1 
235 258 24 38 0.13154412806034088 1 -1 -1 
194 175 20 13 0.12977644801139832 3 -1 -1 
347 250 25 39 0.12950138747692108 1 -1 -1 
226 263 23 40 0.12862858176231384 1 -1 -1 
236 255 10 18 0.12856917083263397 2 -1 -1 
574 185 114 61 0.12820008397102356 9 -1 -1 
353 100 10 24 0.1281651258468628 1 -1 -1 
251 276 12 25 0.12714582681655884 2 -1 -1 
17 117 19 36 0.12586529552936554 1 -1 -1 
124 93 8 20 0.12581023573875427 1 -1 -1 
202 167 12 20 0.12562896311283112 1 -1 -1 
249 126 19 41 0.12470123171806335 1 -1 -1 
35 259 22 34 0.12447580695152283 1 -1 -1 
22 270 35 43 0.12370561063289642 1 -1 -1 
161 138 12 21 0.12369183450937271 2 -1 -1 
357 256 28 31 0.12368757277727127 10 -1 -1 
345 242 11 21 0.12183592468500137 2 -1 -1 
349 246 13 31 0.12169593572616577 1 -1 -1 
351 246 12 27 0.12060096859931946 2 -1 -1 
226 257 20 37 0.12002693861722946 2 -1 -1 
245 271 14 25 0.11969400942325592 2 -1 -1 
473 245 26 52 0.11941613256931305 4 -1 -1 
198 168 14 18 0.11932675540447235 2 -1 -1 
197 166 20 25 0.11921678483486176 1 -1 -1 
199 136 11 20 0.11846782267093658 1 -1 -1 
221 192 10 23 0.11811089515686035 1 -1 -1 
239 279 15 24 0.11644631624221802 2 -1 -1 
13 281 60 40 0.11568663269281387 1 -1 -1 
350 100 14 18 0.1155179962515831 1 -1 -1 
217 160 10 16 0.11534644663333893 1 -1 -1 
235 251 25 28 0.11525538563728333 2 -1 -1 
217 160 10 16 0.11513049900531769 2 -1 -1 
346 100 14 12 0.11441514641046524 2 -1 -1 
490 234 19 38 0.11310738325119019 2 -1 -1 
342 258 44 32 0.11287036538124084 7 -1 -1 
530 130 15 28 0.11281884461641312 1 -1 -1 
224 284 15 18 0.11266959458589554 2 -1 -1 
343 251 12 27 0.11250383406877518 2 -1 -1 
235 276 26 30 0.11200584471225739 7 -1 -1 
12 283 60 38 0.11187758296728134 10 -1 -1 
225 283 48 26 0.11174260079860687 8 -1 -1 
357 256 28 31 0.11172903329133987 3 -1 -1 
515 248 19 31 0.11156775057315826 1 -1 -1 
344 243 11 27 0.1114296093583107 1 -1 -1 
354 108 8 16 0.11115653812885284 1 -1 -1 
344 245 12 27 0.1111299991607666 2 -1 -1 
384 119 7 13 0.11027820408344269 1 -1 -1 
224 284 15 18 0.10891231894493103 1 -1 -1 
346 94 26 22 0.10856734961271286 1 -1 -1 
448 186 9 23 0.10810506343841553 1 -1 -1 
493 244 30 46 0.10798493772745132 2 -1 -1 
248 276 13 26 0.10785236954689026 1 -1 -1 
355 247 13 26 0.10699888318777084 1 -1 -1 
671 189 21 52 0.10622213035821915 1 -1 -1 
355 252 26 37 0.10536408424377441 1 -1 -1 
226 257 20 37 0.10426980257034302 1 -1 -1 
357 265 14 23 0.10358823090791702 2 -1 -1 
121 109 18 18 0.10329901427030563 10 -1 -1 
228 261 26 43 0.1026739776134491 3 -1 -1 
120 90 10 22 0.10208595544099808 1 -1 -1 
513 249 16 32 0.10202901810407639 2 -1 -1 
928 0 15 9 0.10126367956399918 4 -1 -1 
482 240 18 41 0.10125773400068283 1 -1 -1 
8 60 52 42 0.09900951385498047 4 -1 -1 
521 293 12 20 0.09787922352552414 1 -1 -1 
200 160 25 29 0.09785258769989014 1 -1 -1 
522 293 17 35 0.09762939065694809 2 -1 -1 
474 245 27 52 0.09723495692014694 2 -1 -1 
197 166 19 24 0.09684484452009201 2 -1 -1 
74 275 23 43 0.09659919142723083 2 -1 -1 
224 282 25 21 0.09616107493638992 2 -1 -1 
300 169 29 26 0.0959385558962822 1 -1 -1 
229 279 41 28 0.09501571208238602 1 -1 -1 
346 250 12 30 0.09500294178724289 2 -1 -1 
17 117 19 36 0.09409715235233307 2 -1 -1 
606 248 24 58 0.09399659186601639 1 -1 -1 
241 252 25 28 0.0935640037059784 1 -1 -1 
6 139 8 16 0.0933624729514122 1 -1 -1 
253 127 22 39 0.09289806336164474 1 -1 -1 
488 247 16 49 0.09264101088047028 2 -1 -1 
233 252 18 27 0.09230849146842957 2 -1 -1 
226 290 34 21 0.0919194296002388 9 -1 -1 
242 258 22 38 0.09157214313745499 1 -1 -1 
119 90 8 18 0.09155388176441193 1 -1 -1 
20 122 14 21 0.09146218746900558 1 -1 -1 
343 241 20 24 0.0913190171122551 2 -1 -1 
670 1 20 9 0.09119678288698196 4 -1 -1 
363 250 11 28 0.09117196500301361 2 -1 -1 
34 258 19 26 0.09074977040290833 1 -1 -1 
594 161 100 85 0.0900397077202797 9 -1 -1 
347 242 20 27 0.08877719938755035 1 -1 -1 
240 278 24 29 0.08842027932405472 3 -1 -1 
360 266 27 23 0.08802344650030136 3 -1 -1 
199 169 16 19 0.08762520551681519 10 -1 -1 
325 134 14 34 0.08746424317359924 2 -1 -1 
383 114 7 17 0.08722591400146484 1 -1 -1 
352 246 13 24 0.08623183518648148 1 -1 -1 
224 284 9 19 0.08622261136770248 1 -1 -1 
199 160 25 28 0.08558884263038635 2 -1 -1 
35 255 23 25 0.08504919707775116 2 -1 -1 
361 140 20 33 0.08475831151008606 1 -1 -1 
604 207 85 38 0.08459795266389847 4 -1 -1 
246 129 16 36 0.08441390097141266 1 -1 -1 
509 249 20 49 0.08419954031705856 2 -1 -1 
353 244 11 21 0.08411287516355515 2 -1 -1 
249 148 20 25 0.08411213755607605 1 -1 -1 
486 233 19 34 0.08402299135923386 2 -1 -1 
653 185 43 58 0.0839475467801094 1 -1 -1 
450 187 10 22 0.08370758593082428 1 -1 -1 
523 293 11 12 0.0832974910736084 1 -1 -1 
337 240 39 48 0.08268363773822784 2 -1 -1 
243 277 15 23 0.08245829492807388 1 -1 -1 
339 248 14 32 0.0822644904255867 2 -1 -1 
253 281 11 21 0.08145692199468613 2 -1 -1 
345 242 10 19 0.08104222267866135 1 -1 -1 
38 272 21 42 0.0806448757648468 1 -1 -1 
350 244 12 22 0.08014088124036789 1 -1 -1 
235 255 11 18 0.08011804521083832 1 -1 -1 
225 260 41 45 0.07972826063632965 2 -1 -1 
356 257 30 31 0.07962650805711746 2 -1 -1 
241 274 15 24 0.0794142559170723 2 -1 -1 
233 260 12 34 0.07937183976173401 2 -1 -1 
490 253 21 46 0.07891609519720078 1 -1 -1 
360 248 13 21 0.07884806394577026 1 -1 -1 
347 251 27 38 0.0786304846405983 7 -1 -1 
352 98 16 17 0.07862728834152222 1 -1 -1 
196 171 18 17 0.07840942591428757 1 -1 -1 
671 189 21 52 0.07837744057178497 2 -1 -1 
214 162 12 17 0.07834986597299576 2 -1 -1 
226 283 48 25 0.07806246727705002 4 -1 -1 
341 242 17 27 0.07793004810810089 2 -1 -1 
348 252 30 37 0.0758606493473053 3 -1 -1 
343 251 21 38 0.07534269243478775 10 -1 -1 
505 248 27 52 0.07420709729194641 4 -1 -1 
331 135 12 36 0.07414603978395462 1 -1 -1 
313 156 15 35 0.07256658375263214 1 -1 -1 
262 128 18 37 0.07097673416137695 2 -1 -1 
308 152 18 35 0.07090672850608826 1 -1 -1 
653 185 43 58 0.07071783393621445 2 -1 -1 
574 185 114 61 0.07050004601478577 6 -1 -1 
249 269 16 31 0.07000467926263809 2 -1 -1 
467 241 27 56 0.06961623579263687 1 -1 -1 
358 245 20 28 0.06952082365751266 2 -1 -1 
444 184 15 31 0.06947546452283859 1 -1 -1 
205 155 22 26 0.06926679611206055 1 -1 -1 
225 278 27 25 0.0685998797416687 3 -1 -1 
203 155 24 27 0.06839019805192947 2 -1 -1 
72 275 32 56 0.06769195199012756 4 -1 -1 
225 260 41 45 0.06764696538448334 10 -1 -1 
613 187 74 57 0.06755088269710541 4 -1 -1 
201 158 26 30 0.06677636504173279 10 -1 -1 
352 243 21 25 0.06590627133846283 1 -1 -1 
28 252 35 53 0.06578994542360306 2 -1 -1 
239 286 36 22 0.06573556363582611 3 -1 -1 
225 263 25 40 0.06538627296686172 10 -1 -1 
358 249 19 37 0.06533881276845932 10 -1 -1 
235 276 26 30 0.06482246518135071 8 -1 -1 
12 110 24 36 0.06441831588745117 1 -1 -1 
13 257 41 51 0.06441383808851242 9 -1 -1 
367 142 16 33 0.06425900012254715 2 -1 -1 
344 241 19 23 0.06414006650447845 1 -1 -1 
197 130 16 28 0.06410043686628342 1 -1 -1 
300 164 28 30 0.06338033825159073 2 -1 -1 
371 141 20 35 0.06332612782716751 1 -1 -1 
361 246 22 32 0.06323664635419846 1 -1 -1 
0 66 51 38 0.06317191570997238 4 -1 -1 
566 250 44 61 0.06307535618543625 1 -1 -1 
343 264 22 26 0.06149930879473686 2 -1 -1 
595 210 91 39 0.0608716756105423 6 -1 -1 
578 174 111 72 0.06072106957435608 4 -1 -1 
347 99 20 26 0.060718290507793427 2 -1 -1 
241 134 20 36 0.060611918568611145 1 -1 -1 
235 251 21 28 0.06019154563546181 1 -1 -1 
340 261 47 31 0.05972859635949135 9 -1 -1 
32 256 29 54 0.059612877666950226 9 -1 -1 
225 260 41 45 0.05904660001397133 1 -1 -1 
249 126 19 41 0.058965183794498444 2 -1 -1 
370 253 25 29 0.058846089988946915 9 -1 -1 
595 210 91 39 0.058652352541685104 9 -1 -1 
192 169 21 21 0.058459460735321045 10 -1 -1 
590 249 35 58 0.05841459706425667 1 -1 -1 
193 155 21 31 0.05821416527032852 1 -1 -1 
230 289 44 21 0.0581854023039341 9 -1 -1 
15 111 22 25 0.05810170993208885 1 -1 -1 
560 247 38 60 0.05802178010344505 10 -1 -1 
8 119 26 37 0.05783369392156601 1 -1 -1 
224 270 23 32 0.05774778872728348 2 -1 -1 
555 242 30 59 0.05761582776904106 2 -1 -1 
252 147 26 25 0.05759662762284279 1 -1 -1 
12 283 61 38 0.0574788898229599 5 -1 -1 
356 248 18 36 0.05652163177728653 3 -1 -1 
244 280 28 26 0.056244734674692154 2 -1 -1 
18 63 66 38 0.056109726428985596 4 -1 -1 
27 255 34 52 0.05586890131235123 1 -1 -1 
572 172 116 74 0.05540280044078827 5 -1 -1 
337 240 39 48 0.05468021333217621 1 -1 -1 
594 161 100 85 0.05301351845264435 6 -1 -1 
232 253 37 43 0.05111316218972206 2 -1 -1 
