476 222 62 59 0.9854704141616821 5 -1 -1 
59 319 99 55 0.9805951118469238 5 -1 -1 
581 56 45 33 0.961391270160675 5 -1 -1 
334 488 122 93 0.9348613619804382 4 -1 -1 
462 275 69 58 0.9326220750808716 4 -1 -1 
513 180 75 45 0.9092394113540649 4 -1 -1 
0 383 110 50 0.9072080254554749 4 -1 -1 
217 181 85 36 0.8727338910102844 4 -1 -1 
195 204 88 36 0.868503987789154 4 -1 -1 
901 139 35 33 0.8624733090400696 4 -1 -1 
915 184 40 36 0.8454902768135071 4 -1 -1 
276 130 66 34 0.8291654586791992 5 -1 -1 
123 268 94 39 0.8222239017486572 4 -1 -1 
888 108 33 28 0.8177148699760437 4 -1 -1 
398 402 84 71 0.7954254150390625 4 -1 -1 
534 142 40 41 0.782767653465271 4 -1 -1 
880 84 28 25 0.7762112617492676 4 -1 -1 
-2 152 77 32 0.7727895975112915 4 -1 -1 
147 246 88 39 0.757724404335022 4 -1 -1 
-1 170 60 33 0.7492276430130005 4 -1 -1 
590 44 49 23 0.7461977601051331 4 -1 -1 
158 63 65 30 0.7458500266075134 4 -1 -1 
871 63 28 26 0.7455993294715881 4 -1 -1 
413 340 83 80 0.7154900431632996 4 -1 -1 
110 97 71 26 0.7140635848045349 4 -1 -1 
596 29 48 24 0.7133597135543823 4 -1 -1 
25 141 73 30 0.7007614970207214 4 -1 -1 
312 99 70 24 0.6903963088989258 4 -1 -1 
850 12 22 24 0.6711630821228027 5 -1 -1 
185 59 56 26 0.6667570471763611 4 -1 -1 
957 287 50 53 0.6656021475791931 4 -1 -1 
551 111 36 39 0.6650460958480835 4 -1 -1 
630 3 24 25 0.6581504940986633 4 -1 -1 
430 85 60 32 0.6504079103469849 5 -1 -1 
0 421 65 57 0.6484254598617554 4 -1 -1 
67 113 69 29 0.641690194606781 4 -1 -1 
256 151 73 27 0.630649983882904 4 -1 -1 
239 164 80 34 0.6243746876716614 4 -1 -1 
598 21 42 22 0.6075800657272339 4 -1 -1 
569 96 65 37 0.6072148084640503 4 -1 -1 
933 232 46 46 0.606029748916626 5 -1 -1 
865 37 27 27 0.5907419919967651 5 -1 -1 
39 123 88 34 0.5868167281150818 5 -1 -1 
170 226 88 35 0.5851894617080688 4 -1 -1 
110 286 92 47 0.565575122833252 5 -1 -1 
583 28 8 18 0.5396904945373535 1 -1 -1 
847 0 26 19 0.535983145236969 5 -1 -1 
569 97 65 36 0.5315198302268982 5 -1 -1 
429 85 61 31 0.5218135714530945 4 -1 -1 
303 117 71 29 0.4955149292945862 4 -1 -1 
113 282 100 48 0.47727346420288086 4 -1 -1 
865 37 27 27 0.45902377367019653 4 -1 -1 
250 163 68 22 0.4574446380138397 4 -1 -1 
167 234 89 29 0.45219337940216064 5 -1 -1 
934 232 46 46 0.43745458126068115 4 -1 -1 
40 118 91 36 0.43350285291671753 4 -1 -1 
464 75 24 15 0.4314861297607422 10 -1 -1 
564 52 10 22 0.4295324981212616 10 -1 -1 
246 156 78 34 0.417957603931427 4 -1 -1 
847 0 25 19 0.41741660237312317 4 -1 -1 
551 110 35 40 0.3948556184768677 5 -1 -1 
271 77 8 21 0.3739243447780609 1 -1 -1 
134 85 48 19 0.37025687098503113 4 -1 -1 
271 77 8 19 0.36803239583969116 2 -1 -1 
133 260 93 41 0.36774882674217224 4 -1 -1 
239 164 80 32 0.36619317531585693 5 -1 -1 
957 287 50 54 0.3622187376022339 5 -1 -1 
33 129 80 32 0.36128953099250793 4 -1 -1 
560 24 8 20 0.3582899272441864 1 -1 -1 
303 115 62 23 0.35538822412490845 4 -1 -1 
530 58 8 8 0.3522353172302246 2 -1 -1 
306 109 73 31 0.3483421504497528 4 -1 -1 
413 339 83 80 0.34036073088645935 5 -1 -1 
840 0 18 11 0.3355090916156769 4 -1 -1 
528 53 13 16 0.3234264850616455 2 -1 -1 
301 118 69 31 0.32309767603874207 5 -1 -1 
116 85 66 25 0.32038071751594543 4 -1 -1 
524 62 14 13 0.31550976634025574 10 -1 -1 
0 188 22 35 0.30945488810539246 4 -1 -1 
583 28 8 15 0.30929049849510193 2 -1 -1 
442 69 11 20 0.30848458409309387 1 -1 -1 
271 83 8 18 0.30838459730148315 10 -1 -1 
583 29 8 18 0.29532039165496826 3 -1 -1 
604 6 26 18 0.2941017746925354 4 -1 -1 
161 553 82 49 0.2940121293067932 4 -1 -1 
276 130 68 33 0.29358237981796265 4 -1 -1 
565 52 9 19 0.29313942790031433 2 -1 -1 
271 83 8 18 0.2910493314266205 3 -1 -1 
268 143 73 28 0.29009926319122314 4 -1 -1 
183 213 87 40 0.28849679231643677 4 -1 -1 
565 60 9 15 0.28212442994117737 10 -1 -1 
420 69 8 20 0.2780027687549591 1 -1 -1 
60 112 75 30 0.2778084874153137 5 -1 -1 
527 60 12 12 0.27609774470329285 10 -1 -1 
544 48 14 20 0.26185140013694763 2 -1 -1 
120 267 96 41 0.2618219256401062 5 -1 -1 
850 12 22 24 0.2575686275959015 4 -1 -1 
157 63 65 30 0.25574398040771484 5 -1 -1 
227 25 161 52 0.25430071353912354 6 -1 -1 
250 27 124 54 0.25339511036872864 4 -1 -1 
606 3 28 18 0.25320321321487427 4 -1 -1 
258 150 77 28 0.25146010518074036 5 -1 -1 
881 84 27 24 0.24969793856143951 5 -1 -1 
546 81 7 9 0.24910245835781097 10 -1 -1 
287 126 63 29 0.24874114990234375 4 -1 -1 
842 0 22 14 0.24851371347904205 4 -1 -1 
468 16 11 13 0.24570107460021973 7 -1 -1 
398 403 84 69 0.24256183207035065 5 -1 -1 
179 28 67 38 0.2419537752866745 6 -1 -1 
583 29 8 18 0.24141547083854675 10 -1 -1 
467 16 12 14 0.24081407487392426 10 -1 -1 
465 69 23 18 0.24061304330825806 2 -1 -1 
468 16 11 12 0.23773309588432312 4 -1 -1 
564 0 17 7 0.2353873997926712 10 -1 -1 
596 36 48 26 0.2344290316104889 4 -1 -1 
59 319 99 55 0.23416027426719666 4 -1 -1 
268 143 73 28 0.2325037568807602 5 -1 -1 
553 82 10 9 0.22912529110908508 4 -1 -1 
445 69 15 21 0.2285238355398178 1 -1 -1 
546 81 12 9 0.22838948667049408 10 -1 -1 
442 68 10 20 0.22739306092262268 2 -1 -1 
871 51 22 20 0.22240665555000305 4 -1 -1 
467 65 22 18 0.22148406505584717 2 -1 -1 
463 72 25 18 0.22067789733409882 7 -1 -1 
602 9 25 19 0.22004811465740204 4 -1 -1 
293 125 65 30 0.21929006278514862 5 -1 -1 
435 68 11 19 0.21858656406402588 1 -1 -1 
487 76 24 16 0.21855653822422028 10 -1 -1 
595 29 49 24 0.21287678182125092 5 -1 -1 
476 222 62 59 0.2124626785516739 4 -1 -1 
526 60 13 13 0.21217375993728638 2 -1 -1 
246 156 78 34 0.21022553741931915 5 -1 -1 
581 56 45 33 0.21003668010234833 4 -1 -1 
529 58 9 10 0.2095055878162384 10 -1 -1 
33 136 74 31 0.20833614468574524 5 -1 -1 
308 106 74 32 0.20628631114959717 5 -1 -1 
376 87 12 13 0.20515426993370056 2 -1 -1 
0 159 71 36 0.20477356016635895 4 -1 -1 
59 319 99 55 0.20196954905986786 6 -1 -1 
464 75 25 15 0.20142926275730133 3 -1 -1 
161 555 80 47 0.20055800676345825 6 -1 -1 
131 90 51 24 0.19999749958515167 4 -1 -1 
600 12 34 21 0.1958124041557312 4 -1 -1 
497 76 15 15 0.19457794725894928 10 -1 -1 
468 16 11 13 0.19391292333602905 8 -1 -1 
549 82 14 9 0.19181354343891144 7 -1 -1 
146 245 90 38 0.19096069037914276 5 -1 -1 
525 49 36 22 0.1899392157793045 10 -1 -1 
583 48 50 28 0.17840804159641266 4 -1 -1 
476 222 62 59 0.17743313312530518 8 -1 -1 
100 81 81 32 0.1741866022348404 4 -1 -1 
162 528 155 73 0.1719135046005249 4 -1 -1 
888 108 32 28 0.1708303540945053 5 -1 -1 
226 229 85 41 0.1660638004541397 4 -1 -1 
867 43 27 30 0.15941187739372253 4 -1 -1 
593 17 37 21 0.15907028317451477 4 -1 -1 
217 181 84 37 0.15714077651500702 5 -1 -1 
597 22 45 23 0.15455634891986847 5 -1 -1 
513 180 74 45 0.15313296020030975 5 -1 -1 
476 222 62 59 0.152018740773201 10 -1 -1 
586 26 54 23 0.15015742182731628 4 -1 -1 
476 222 62 59 0.14821527898311615 6 -1 -1 
75 106 70 28 0.14788547158241272 4 -1 -1 
310 99 71 29 0.14620976150035858 5 -1 -1 
0 151 76 34 0.14513832330703735 5 -1 -1 
179 49 65 32 0.14454996585845947 6 -1 -1 
267 30 108 51 0.1427585333585739 6 -1 -1 
869 53 28 31 0.14073804020881653 4 -1 -1 
250 27 124 54 0.14041052758693695 5 -1 -1 
552 99 72 39 0.139845609664917 4 -1 -1 
584 33 55 25 0.1388777792453766 4 -1 -1 
179 49 65 32 0.13870756328105927 4 -1 -1 
604 5 35 24 0.13780389726161957 4 -1 -1 
168 239 86 37 0.13764971494674683 4 -1 -1 
162 530 158 71 0.13728760182857513 6 -1 -1 
-1 169 63 34 0.13714151084423065 5 -1 -1 
476 222 62 59 0.1317312866449356 2 -1 -1 
223 28 155 54 0.10097497701644897 9 -1 -1 
578 46 62 39 0.09961418807506561 5 -1 -1 
244 33 194 54 0.09873906522989273 6 -1 -1 
552 99 72 39 0.09383445233106613 5 -1 -1 
-2 36 142 92 0.09350574016571045 6 -1 -1 
207 21 173 54 0.0770995244383812 4 -1 -1 
169 16 209 64 0.07138204574584961 6 -1 -1 
579 37 63 34 0.06821748614311218 4 -1 -1 
245 13 189 60 0.06557149440050125 6 -1 -1 
-5 66 143 84 0.06481965631246567 6 -1 -1 
234 31 187 55 0.060272812843322754 4 -1 -1 
569 97 65 35 0.0577569343149662 6 -1 -1 
585 27 61 38 0.054533567279577255 4 -1 -1 
184 23 192 57 0.051487792283296585 5 -1 -1 
234 31 187 55 0.05014186352491379 5 -1 -1 
