505 106 21 34 0.9948337078094482 9 -1 -1 
441 370 42 58 0.9341759085655212 4 -1 -1 
564 471 51 67 0.9237574338912964 4 -1 -1 
476 165 10 15 0.8917300701141357 7 -1 -1 
480 133 15 20 0.8508450984954834 5 -1 -1 
252 225 49 25 0.8221230506896973 4 -1 -1 
430 177 7 17 0.7907248735427856 1 -1 -1 
528 184 19 19 0.7854636907577515 4 -1 -1 
480 108 13 13 0.7823264598846436 4 -1 -1 
519 165 18 17 0.7605829238891602 4 -1 -1 
477 306 10 19 0.7444943785667419 2 -1 -1 
563 155 13 15 0.7442829012870789 5 -1 -1 
371 136 22 14 0.731907844543457 4 -1 -1 
411 129 25 16 0.7180330157279968 4 -1 -1 
394 332 13 23 0.7012377977371216 10 -1 -1 
540 280 23 14 0.6995501518249512 10 -1 -1 
395 328 11 19 0.6959038376808167 2 -1 -1 
439 208 8 14 0.694078266620636 10 -1 -1 
260 141 26 19 0.6841392517089844 8 -1 -1 
466 191 8 12 0.6841369867324829 2 -1 -1 
488 340 13 19 0.6749296188354492 2 -1 -1 
389 189 7 12 0.6731870174407959 2 -1 -1 
477 312 11 19 0.6665221452713013 10 -1 -1 
465 195 10 13 0.6605514287948608 10 -1 -1 
448 168 7 12 0.6450579166412354 10 -1 -1 
388 194 8 12 0.6384401321411133 10 -1 -1 
481 86 10 10 0.635931670665741 4 -1 -1 
280 493 12 35 0.6296873092651367 1 -1 -1 
236 236 57 29 0.6282171607017517 4 -1 -1 
506 106 20 34 0.62632155418396 8 -1 -1 
416 189 6 16 0.6209708452224731 1 -1 -1 
438 203 8 14 0.6202789545059204 2 -1 -1 
358 170 13 10 0.6057429313659668 10 -1 -1 
509 185 6 13 0.594674825668335 10 -1 -1 
509 181 6 12 0.593590259552002 2 -1 -1 
488 343 13 25 0.5935162305831909 10 -1 -1 
596 120 25 13 0.5934436917304993 4 -1 -1 
612 164 21 19 0.5884432196617126 7 -1 -1 
398 112 16 14 0.5848557949066162 4 -1 -1 
498 187 7 12 0.5839587450027466 2 -1 -1 
483 118 12 12 0.5832042694091797 4 -1 -1 
479 92 11 10 0.5783896446228027 4 -1 -1 
540 360 12 20 0.5779772400856018 2 -1 -1 
479 97 12 13 0.5739843249320984 4 -1 -1 
146 354 58 47 0.5677422285079956 7 -1 -1 
314 165 17 10 0.5553170442581177 10 -1 -1 
451 143 7 13 0.552160918712616 10 -1 -1 
318 161 7 12 0.550424337387085 2 -1 -1 
552 163 8 15 0.542250394821167 2 -1 -1 
449 166 5 10 0.5419266223907471 2 -1 -1 
110 288 24 18 0.531863272190094 10 -1 -1 
478 164 7 11 0.5281436443328857 2 -1 -1 
565 146 29 14 0.5255352854728699 6 -1 -1 
461 157 6 11 0.5214908719062805 2 -1 -1 
91 318 39 28 0.5209386944770813 7 -1 -1 
589 163 23 15 0.5186735391616821 7 -1 -1 
570 371 11 18 0.5174549221992493 2 -1 -1 
492 174 7 13 0.5153440237045288 2 -1 -1 
498 193 7 13 0.513979434967041 10 -1 -1 
471 159 7 10 0.5100868344306946 10 -1 -1 
360 496 21 34 0.5098333358764648 10 -1 -1 
471 154 6 12 0.5095023512840271 2 -1 -1 
638 174 23 16 0.5094788074493408 10 -1 -1 
492 178 7 13 0.5046898722648621 10 -1 -1 
460 160 8 12 0.5043244361877441 10 -1 -1 
503 357 13 26 0.5032860040664673 1 -1 -1 
215 323 37 42 0.501151978969574 6 -1 -1 
568 364 12 18 0.5008819699287415 2 -1 -1 
451 142 7 10 0.5008327960968018 2 -1 -1 
236 237 57 28 0.500466525554657 5 -1 -1 
448 195 7 12 0.49631428718566895 2 -1 -1 
543 134 7 11 0.4956313371658325 2 -1 -1 
545 274 10 16 0.49413666129112244 2 -1 -1 
448 200 6 10 0.492673397064209 10 -1 -1 
456 170 6 13 0.4703720808029175 10 -1 -1 
480 186 7 10 0.467793345451355 2 -1 -1 
485 125 12 15 0.4672052264213562 8 -1 -1 
478 164 8 12 0.463531494140625 7 -1 -1 
589 163 23 15 0.46316856145858765 8 -1 -1 
552 163 7 16 0.459371417760849 1 -1 -1 
422 180 5 11 0.4591544270515442 2 -1 -1 
600 368 11 18 0.44850558042526245 2 -1 -1 
599 155 9 16 0.4450429677963257 2 -1 -1 
358 167 8 12 0.43912801146507263 2 -1 -1 
543 137 7 10 0.4353634715080261 10 -1 -1 
479 94 12 11 0.4321646988391876 4 -1 -1 
357 167 5 12 0.4292197823524475 1 -1 -1 
484 123 13 17 0.4277341663837433 5 -1 -1 
480 189 7 13 0.4265971779823303 10 -1 -1 
449 184 6 10 0.4248858392238617 2 -1 -1 
484 125 13 15 0.4246993064880371 4 -1 -1 
455 173 6 11 0.4233444631099701 10 -1 -1 
638 173 24 17 0.416330486536026 7 -1 -1 
260 141 26 19 0.41210871934890747 7 -1 -1 
580 157 14 18 0.4114327132701874 10 -1 -1 
503 357 13 26 0.4095831513404846 2 -1 -1 
416 189 6 16 0.4057967960834503 2 -1 -1 
552 167 7 14 0.4032086730003357 3 -1 -1 
465 170 6 15 0.4005214273929596 10 -1 -1 
465 169 5 15 0.3996542990207672 1 -1 -1 
415 190 7 16 0.39830589294433594 10 -1 -1 
463 173 6 12 0.39658331871032715 10 -1 -1 
204 225 33 17 0.39563336968421936 4 -1 -1 
552 166 7 14 0.39296573400497437 10 -1 -1 
422 180 6 13 0.39278149604797363 1 -1 -1 
286 142 14 10 0.39177775382995605 10 -1 -1 
569 372 12 21 0.3853939473628998 10 -1 -1 
462 175 5 11 0.38148877024650574 10 -1 -1 
227 321 7 17 0.38130542635917664 1 -1 -1 
315 162 11 12 0.3807099163532257 2 -1 -1 
426 121 14 16 0.378749281167984 4 -1 -1 
463 122 6 11 0.37814003229141235 10 -1 -1 
359 166 9 12 0.37174490094184875 10 -1 -1 
503 365 12 24 0.36909517645835876 3 -1 -1 
580 158 13 17 0.36848756670951843 8 -1 -1 
422 185 6 12 0.3636320233345032 10 -1 -1 
456 169 5 11 0.36238014698028564 2 -1 -1 
536 368 24 22 0.3614223301410675 10 -1 -1 
651 292 9 20 0.36060136556625366 1 -1 -1 
509 367 8 17 0.35706013441085815 1 -1 -1 
611 163 22 20 0.3563324213027954 6 -1 -1 
449 188 7 13 0.351273775100708 1 -1 -1 
599 369 13 18 0.3495863080024719 1 -1 -1 
478 97 13 13 0.34755584597587585 5 -1 -1 
613 161 8 13 0.3461248576641083 2 -1 -1 
197 320 57 45 0.3435412645339966 6 -1 -1 
600 156 7 14 0.3428473472595215 1 -1 -1 
483 118 14 20 0.3411393463611603 4 -1 -1 
567 116 12 13 0.3396504521369934 10 -1 -1 
504 94 15 20 0.33359473943710327 8 -1 -1 
357 167 9 13 0.3335036337375641 10 -1 -1 
536 374 15 22 0.33324509859085083 10 -1 -1 
483 32 8 8 0.32994768023490906 4 -1 -1 
415 195 7 11 0.32963064312934875 10 -1 -1 
40 260 39 26 0.3267892301082611 4 -1 -1 
470 157 8 11 0.32571640610694885 2 -1 -1 
146 354 58 47 0.3251798152923584 6 -1 -1 
422 181 6 13 0.3250402510166168 10 -1 -1 
484 25 9 13 0.3248615264892578 8 -1 -1 
596 120 25 13 0.32061848044395447 5 -1 -1 
612 163 7 13 0.320120245218277 2 -1 -1 
219 329 33 35 0.3186975121498108 7 -1 -1 
293 477 89 40 0.30999448895454407 4 -1 -1 
505 106 20 34 0.29260364174842834 1 -1 -1 
236 462 42 76 0.28762826323509216 3 -1 -1 
505 106 20 34 0.27707502245903015 3 -1 -1 
505 106 21 34 0.269791841506958 4 -1 -1 
564 146 30 14 0.2671656608581543 5 -1 -1 
611 163 22 20 0.2589779198169708 8 -1 -1 
503 78 19 23 0.2586807310581207 4 -1 -1 
505 106 21 34 0.25261956453323364 2 -1 -1 
538 361 17 26 0.2514689862728119 2 -1 -1 
146 355 58 46 0.2491791993379593 8 -1 -1 
503 89 19 26 0.2413427084684372 6 -1 -1 
294 474 93 43 0.23767568171024323 6 -1 -1 
165 316 60 37 0.23748740553855896 4 -1 -1 
582 157 29 21 0.22467835247516632 8 -1 -1 
169 316 79 46 0.22298264503479004 6 -1 -1 
578 154 20 22 0.21009989082813263 8 -1 -1 
502 80 19 29 0.20964747667312622 6 -1 -1 
166 316 60 39 0.20575660467147827 6 -1 -1 
347 478 35 53 0.20260141789913177 7 -1 -1 
505 106 21 34 0.20199428498744965 7 -1 -1 
282 131 28 20 0.19776269793510437 10 -1 -1 
503 79 18 25 0.19775621592998505 9 -1 -1 
169 316 79 46 0.19719702005386353 4 -1 -1 
503 89 19 26 0.18699418008327484 9 -1 -1 
505 106 21 34 0.18699133396148682 10 -1 -1 
505 106 20 34 0.18555329740047455 5 -1 -1 
236 461 42 75 0.18334923684597015 10 -1 -1 
292 486 85 43 0.18309208750724792 8 -1 -1 
638 172 25 18 0.18170909583568573 8 -1 -1 
347 478 35 53 0.18096959590911865 10 -1 -1 
161 340 58 45 0.17864680290222168 6 -1 -1 
501 365 16 27 0.17855215072631836 10 -1 -1 
208 125 34 19 0.1756402850151062 4 -1 -1 
196 225 41 18 0.16670463979244232 5 -1 -1 
290 478 89 44 0.16291862726211548 7 -1 -1 
582 158 29 19 0.15962806344032288 7 -1 -1 
578 154 20 22 0.15935562551021576 7 -1 -1 
159 322 62 52 0.15899057686328888 6 -1 -1 
91 315 61 33 0.15614648163318634 7 -1 -1 
597 162 36 21 0.15281085669994354 7 -1 -1 
236 494 42 45 0.15119479596614838 3 -1 -1 
293 477 89 40 0.1493590623140335 5 -1 -1 
565 146 29 14 0.14805006980895996 8 -1 -1 
597 373 21 24 0.1466584950685501 10 -1 -1 
291 480 60 37 0.14390985667705536 7 -1 -1 
278 133 26 20 0.14304344356060028 10 -1 -1 
536 361 18 25 0.14190353453159332 10 -1 -1 
567 364 15 27 0.14185670018196106 2 -1 -1 
539 363 23 24 0.14057333767414093 10 -1 -1 
296 485 84 45 0.1391725242137909 4 -1 -1 
347 478 35 52 0.1385839581489563 8 -1 -1 
535 371 18 26 0.13667678833007812 3 -1 -1 
597 365 18 26 0.13646632432937622 1 -1 -1 
505 106 20 34 0.1348808854818344 6 -1 -1 
169 330 68 49 0.13282570242881775 6 -1 -1 
284 127 36 19 0.13184674084186554 4 -1 -1 
245 228 56 26 0.130962073802948 5 -1 -1 
503 93 19 23 0.12855234742164612 4 -1 -1 
261 141 25 19 0.12846268713474274 10 -1 -1 
564 146 30 14 0.12820890545845032 4 -1 -1 
294 475 90 46 0.12817294895648956 8 -1 -1 
638 172 24 18 0.12799343466758728 3 -1 -1 
293 471 66 39 0.12600909173488617 4 -1 -1 
302 488 78 42 0.12496557086706161 7 -1 -1 
208 125 34 19 0.12378042191267014 5 -1 -1 
291 478 61 36 0.12306835502386093 10 -1 -1 
503 89 19 26 0.1227443739771843 5 -1 -1 
60 411 165 108 0.12224125862121582 6 -1 -1 
567 364 15 27 0.12158548831939697 1 -1 -1 
93 343 61 33 0.12064570933580399 10 -1 -1 
487 339 15 26 0.1201871857047081 2 -1 -1 
261 140 25 20 0.12003445625305176 5 -1 -1 
296 485 84 45 0.11992110311985016 6 -1 -1 
243 460 35 53 0.11877470463514328 10 -1 -1 
329 469 58 56 0.11844642460346222 7 -1 -1 
283 131 29 19 0.11807743459939957 7 -1 -1 
166 316 60 39 0.11799682676792145 5 -1 -1 
169 316 79 46 0.11551440507173538 5 -1 -1 
153 347 61 45 0.11499550938606262 7 -1 -1 
147 342 62 49 0.11355701833963394 6 -1 -1 
503 357 13 28 0.11298572272062302 10 -1 -1 
197 320 56 45 0.11296670883893967 7 -1 -1 
564 146 30 14 0.11294848471879959 9 -1 -1 
538 361 17 26 0.11280938982963562 1 -1 -1 
293 472 96 37 0.11223846673965454 9 -1 -1 
66 411 161 119 0.11078543961048126 8 -1 -1 
243 460 35 53 0.10751526057720184 3 -1 -1 
503 79 20 22 0.10694774240255356 5 -1 -1 
503 357 14 28 0.10679998248815536 3 -1 -1 
567 371 14 33 0.10642851889133453 10 -1 -1 
330 488 51 42 0.10577357560396194 10 -1 -1 
504 81 21 29 0.10433755815029144 9 -1 -1 
211 227 27 18 0.10407983511686325 4 -1 -1 
537 368 23 21 0.10400460660457611 7 -1 -1 
296 485 84 45 0.10391077399253845 5 -1 -1 
503 92 19 24 0.10328900068998337 7 -1 -1 
299 471 92 44 0.10316640138626099 7 -1 -1 
90 314 44 32 0.10299638658761978 8 -1 -1 
213 220 25 20 0.10298356413841248 4 -1 -1 
163 352 54 46 0.10238701850175858 6 -1 -1 
425 116 20 23 0.10223951935768127 6 -1 -1 
411 129 25 16 0.10136757791042328 5 -1 -1 
597 365 18 26 0.0988030657172203 2 -1 -1 
236 237 57 27 0.09852193295955658 6 -1 -1 
291 487 61 34 0.09780845791101456 8 -1 -1 
260 141 26 19 0.09672857820987701 4 -1 -1 
333 479 50 51 0.09622323513031006 4 -1 -1 
504 96 21 26 0.09615939855575562 4 -1 -1 
643 169 27 19 0.0952928215265274 7 -1 -1 
131 412 97 124 0.09017835557460785 8 -1 -1 
131 412 97 124 0.08926790207624435 6 -1 -1 
292 467 104 59 0.08906684815883636 4 -1 -1 
148 319 112 52 0.06967370957136154 6 -1 -1 
292 468 102 60 0.06825347989797592 5 -1 -1 
68 413 159 120 0.06615623831748962 9 -1 -1 
66 411 161 119 0.06445389986038208 7 -1 -1 
140 325 108 72 0.06059839576482773 6 -1 -1 
278 466 114 62 0.05897782742977142 8 -1 -1 
278 466 114 62 0.05641119182109833 7 -1 -1 
131 412 97 124 0.05288152024149895 7 -1 -1 
294 468 106 61 0.05236441269516945 9 -1 -1 
278 466 114 62 0.05077049881219864 6 -1 -1 
