841 466 73 96 0.9492025375366211 4 -1 -1 
1070 465 119 58 0.9442268013954163 4 -1 -1 
1043 541 72 103 0.9412980079650879 4 -1 -1 
731 389 72 78 0.9388313889503479 4 -1 -1 
632 541 96 117 0.9342853426933289 4 -1 -1 
395 348 101 50 0.9259504079818726 4 -1 -1 
1125 650 80 50 0.9240256547927856 7 -1 -1 
365 303 117 68 0.923878014087677 5 -1 -1 
672 242 62 63 0.9224327206611633 4 -1 -1 
1152 215 93 48 0.9218223094940186 4 -1 -1 
515 255 85 52 0.9158691763877869 4 -1 -1 
582 660 90 106 0.9133092761039734 5 -1 -1 
1076 110 38 40 0.9091476202011108 4 -1 -1 
954 42 38 41 0.9088689684867859 4 -1 -1 
611 274 58 63 0.8947972655296326 4 -1 -1 
411 416 114 70 0.8918960690498352 4 -1 -1 
1034 247 48 57 0.889570951461792 4 -1 -1 
1207 39 35 34 0.8790740370750427 4 -1 -1 
867 128 69 34 0.877174437046051 4 -1 -1 
977 13 33 33 0.8769376277923584 4 -1 -1 
1179 152 41 42 0.8688624501228333 4 -1 -1 
928 96 46 45 0.8637394309043884 4 -1 -1 
989 218 13 27 0.8555920720100403 1 -1 -1 
1189 104 36 45 0.8526126742362976 4 -1 -1 
1076 424 18 36 0.8442251086235046 1 -1 -1 
1193 69 45 43 0.8362200856208801 4 -1 -1 
1099 298 47 69 0.8299026489257812 4 -1 -1 
1135 387 82 69 0.8216245770454407 4 -1 -1 
1220 534 41 29 0.8193392753601074 10 -1 -1 
1133 126 42 40 0.812402069568634 4 -1 -1 
333 197 84 48 0.8019027709960938 4 -1 -1 
667 162 27 27 0.8001437783241272 10 -1 -1 
1161 318 47 66 0.7947948575019836 4 -1 -1 
614 160 55 28 0.7915319204330444 7 -1 -1 
1158 182 48 30 0.7889984846115112 7 -1 -1 
729 308 14 35 0.7873331308364868 1 -1 -1 
1162 100 13 26 0.783187747001648 1 -1 -1 
1123 236 16 34 0.7829484939575195 1 -1 -1 
787 160 11 29 0.7809766530990601 1 -1 -1 
1208 587 43 26 0.773623526096344 10 -1 -1 
755 338 14 32 0.7685684561729431 1 -1 -1 
408 710 148 56 0.7625623345375061 4 -1 -1 
431 224 89 52 0.7498425245285034 4 -1 -1 
610 419 15 36 0.7314918041229248 1 -1 -1 
1215 325 28 34 0.7286427021026611 10 -1 -1 
864 381 15 36 0.7272466421127319 1 -1 -1 
583 183 80 44 0.7122067809104919 4 -1 -1 
336 260 49 34 0.7031449675559998 10 -1 -1 
382 378 114 68 0.702186644077301 4 -1 -1 
1174 105 13 27 0.694542646408081 1 -1 -1 
1225 361 15 25 0.6898313164710999 1 -1 -1 
791 321 12 35 0.6879382133483887 1 -1 -1 
735 59 11 25 0.6790069341659546 1 -1 -1 
1200 525 38 22 0.6637219190597534 10 -1 -1 
1173 494 25 32 0.6540805101394653 1 -1 -1 
1157 179 32 31 0.6500275135040283 7 -1 -1 
608 148 13 28 0.6425350308418274 1 -1 -1 
853 353 19 36 0.6417029500007629 1 -1 -1 
1163 239 48 65 0.6380400061607361 4 -1 -1 
1129 22 10 16 0.6351826190948486 2 -1 -1 
890 224 27 23 0.6338719129562378 10 -1 -1 
777 348 14 31 0.6323291063308716 1 -1 -1 
1126 23 14 23 0.6181782484054565 10 -1 -1 
708 158 10 26 0.6158238053321838 1 -1 -1 
598 105 27 21 0.6155040860176086 10 -1 -1 
697 421 13 33 0.6154172420501709 1 -1 -1 
1119 200 15 27 0.614303469657898 1 -1 -1 
1187 501 23 36 0.60308438539505 1 -1 -1 
899 218 12 23 0.5965792536735535 2 -1 -1 
597 145 11 32 0.592448353767395 1 -1 -1 
593 429 15 36 0.5834004282951355 1 -1 -1 
1131 209 13 25 0.5768749713897705 1 -1 -1 
1218 698 69 62 0.5726710557937622 10 -1 -1 
1208 585 43 28 0.5715182423591614 3 -1 -1 
769 328 15 30 0.5652387142181396 1 -1 -1 
773 50 10 18 0.5397559404373169 10 -1 -1 
592 400 98 116 0.533912181854248 4 -1 -1 
778 337 14 34 0.5312139391899109 1 -1 -1 
1193 4 29 31 0.5298505425453186 4 -1 -1 
850 357 16 32 0.5086807012557983 1 -1 -1 
698 407 13 31 0.5008273720741272 2 -1 -1 
1125 201 13 28 0.49266690015792847 1 -1 -1 
697 407 15 32 0.4890725612640381 1 -1 -1 
788 315 14 38 0.48019593954086304 1 -1 -1 
354 303 39 26 0.47410428524017334 10 -1 -1 
891 223 10 24 0.4703384339809418 1 -1 -1 
609 98 19 22 0.4611063003540039 3 -1 -1 
348 271 38 29 0.45717987418174744 10 -1 -1 
631 153 34 32 0.4571671783924103 7 -1 -1 
614 153 54 36 0.4560973346233368 8 -1 -1 
1158 177 21 30 0.45518746972084045 7 -1 -1 
701 59 10 13 0.4506252408027649 2 -1 -1 
1119 205 14 24 0.4495326280593872 3 -1 -1 
996 0 32 21 0.4475533664226532 4 -1 -1 
609 98 19 22 0.447351336479187 10 -1 -1 
587 129 12 29 0.44631972908973694 1 -1 -1 
1119 200 15 26 0.44289955496788025 2 -1 -1 
580 123 8 24 0.4409672021865845 1 -1 -1 
896 220 17 25 0.4401857852935791 2 -1 -1 
696 420 14 31 0.43797796964645386 3 -1 -1 
581 145 9 24 0.43658551573753357 1 -1 -1 
292 23 64 36 0.43488383293151855 4 -1 -1 
1251 122 12 23 0.43447181582450867 10 -1 -1 
768 327 15 32 0.432759553194046 2 -1 -1 
590 398 99 119 0.42959073185920715 5 -1 -1 
303 28 58 37 0.42732521891593933 4 -1 -1 
1191 366 14 32 0.4249599874019623 1 -1 -1 
444 101 78 41 0.4247962534427643 8 -1 -1 
1269 107 41 22 0.42282629013061523 10 -1 -1 
694 56 9 17 0.4152018129825592 2 -1 -1 
631 150 14 20 0.4069878160953522 2 -1 -1 
1160 176 16 24 0.40225160121917725 2 -1 -1 
445 101 77 44 0.40103432536125183 6 -1 -1 
805 45 18 16 0.39639315009117126 10 -1 -1 
694 56 9 17 0.39633193612098694 1 -1 -1 
697 410 14 35 0.3956447243690491 3 -1 -1 
570 138 10 26 0.39529457688331604 1 -1 -1 
707 171 21 21 0.3925118148326874 10 -1 -1 
1165 103 12 26 0.38814452290534973 1 -1 -1 
362 79 97 54 0.38625824451446533 6 -1 -1 
891 222 11 24 0.38495197892189026 2 -1 -1 
1172 186 34 25 0.3821577727794647 7 -1 -1 
529 230 12 28 0.3815339207649231 1 -1 -1 
1183 496 18 34 0.37741878628730774 1 -1 -1 
675 54 11 17 0.37626540660858154 1 -1 -1 
1217 195 40 22 0.3728913366794586 10 -1 -1 
645 152 12 25 0.37143656611442566 2 -1 -1 
790 316 11 26 0.37038856744766235 1 -1 -1 
606 138 12 29 0.3656327724456787 1 -1 -1 
1251 130 9 16 0.361497163772583 10 -1 -1 
747 492 25 44 0.3593074679374695 10 -1 -1 
580 659 92 107 0.3550284504890442 4 -1 -1 
519 200 12 31 0.3550153076648712 1 -1 -1 
899 218 11 22 0.3503009080886841 1 -1 -1 
1163 239 48 65 0.34937459230422974 5 -1 -1 
1159 225 77 56 0.348117470741272 4 -1 -1 
676 54 10 17 0.3468870222568512 2 -1 -1 
789 316 12 23 0.3455473780632019 2 -1 -1 
322 72 86 55 0.34030866622924805 6 -1 -1 
590 398 99 119 0.33582568168640137 6 -1 -1 
997 0 31 21 0.3357224464416504 5 -1 -1 
1155 188 38 24 0.3352000117301941 7 -1 -1 
1130 205 11 24 0.3350966274738312 1 -1 -1 
1124 236 16 33 0.33464646339416504 3 -1 -1 
645 152 12 29 0.33292248845100403 1 -1 -1 
896 218 11 24 0.33247119188308716 2 -1 -1 
1213 200 12 27 0.3299260139465332 1 -1 -1 
1119 205 14 24 0.3296319544315338 10 -1 -1 
1266 110 33 20 0.32901516556739807 10 -1 -1 
355 290 35 34 0.32813212275505066 10 -1 -1 
1259 78 45 40 0.32449260354042053 4 -1 -1 
593 154 9 23 0.3202388882637024 1 -1 -1 
787 50 13 18 0.3190594017505646 3 -1 -1 
761 336 11 28 0.3174179494380951 1 -1 -1 
598 107 27 19 0.31571826338768005 3 -1 -1 
748 478 28 58 0.3153962790966034 8 -1 -1 
895 221 17 24 0.3153771758079529 10 -1 -1 
1125 650 81 50 0.31530818343162537 8 -1 -1 
309 37 50 33 0.3147483766078949 4 -1 -1 
1251 121 12 23 0.3130838871002197 2 -1 -1 
321 71 79 55 0.3031282126903534 5 -1 -1 
384 377 113 72 0.2927742302417755 5 -1 -1 
441 100 80 44 0.2859349846839905 7 -1 -1 
431 225 88 51 0.28559526801109314 5 -1 -1 
343 75 92 55 0.2633502185344696 6 -1 -1 
497 507 139 144 0.25795045495033264 5 -1 -1 
445 101 77 44 0.25343284010887146 5 -1 -1 
1125 651 80 49 0.2530588209629059 3 -1 -1 
332 197 86 48 0.24610884487628937 5 -1 -1 
496 506 140 144 0.24444732069969177 6 -1 -1 
365 303 117 68 0.23669181764125824 4 -1 -1 
405 711 153 55 0.2302994579076767 5 -1 -1 
378 85 83 47 0.22957660257816315 5 -1 -1 
379 88 91 50 0.2246621549129486 6 -1 -1 
1125 650 81 50 0.210835799574852 6 -1 -1 
567 127 33 36 0.2102106660604477 8 -1 -1 
1135 387 82 69 0.19925612211227417 5 -1 -1 
583 183 79 44 0.1974477469921112 5 -1 -1 
1220 698 80 62 0.18909043073654175 7 -1 -1 
349 76 105 56 0.18845486640930176 5 -1 -1 
744 475 54 62 0.1881006956100464 8 -1 -1 
412 416 113 71 0.18793177604675293 5 -1 -1 
339 73 85 54 0.1865241974592209 5 -1 -1 
576 129 34 34 0.18276146054267883 7 -1 -1 
775 335 20 42 0.17829112708568573 1 -1 -1 
515 256 85 50 0.17783965170383453 5 -1 -1 
408 711 148 55 0.16458900272846222 6 -1 -1 
368 70 90 44 0.1616826057434082 6 -1 -1 
567 127 33 36 0.159263014793396 7 -1 -1 
1222 696 84 48 0.15905055403709412 10 -1 -1 
627 399 63 62 0.1567974090576172 5 -1 -1 
761 329 28 32 0.155268132686615 10 -1 -1 
445 101 77 44 0.15502996742725372 4 -1 -1 
321 71 79 55 0.15451809763908386 4 -1 -1 
576 129 34 34 0.15445050597190857 8 -1 -1 
471 102 80 52 0.15345565974712372 6 -1 -1 
1125 651 80 49 0.1514197736978531 10 -1 -1 
1193 4 29 30 0.15047723054885864 5 -1 -1 
845 352 24 36 0.14909397065639496 1 -1 -1 
623 398 66 61 0.14798568189144135 4 -1 -1 
388 91 109 53 0.1441672295331955 6 -1 -1 
379 317 110 62 0.14362329244613647 4 -1 -1 
583 130 37 32 0.14013725519180298 7 -1 -1 
382 67 77 44 0.1392088234424591 4 -1 -1 
463 102 82 49 0.13526149094104767 8 -1 -1 
1256 73 67 51 0.1346329003572464 4 -1 -1 
321 71 79 55 0.1295148879289627 9 -1 -1 
308 67 154 79 0.12938760221004486 6 -1 -1 
612 275 57 62 0.1286405771970749 5 -1 -1 
761 329 28 32 0.12779022753238678 1 -1 -1 
309 76 92 67 0.12552177906036377 6 -1 -1 
389 74 75 53 0.1252804547548294 6 -1 -1 
378 85 83 47 0.12518757581710815 4 -1 -1 
395 55 67 51 0.12493841350078583 4 -1 -1 
1126 652 78 49 0.12365604937076569 2 -1 -1 
841 466 73 96 0.12337395548820496 9 -1 -1 
1159 225 77 56 0.12032739818096161 5 -1 -1 
596 152 77 36 0.119928278028965 7 -1 -1 
1222 358 25 35 0.11901695281267166 1 -1 -1 
414 96 103 50 0.11838013678789139 6 -1 -1 
373 82 87 50 0.11780280619859695 9 -1 -1 
298 69 99 50 0.11749435216188431 6 -1 -1 
471 102 80 52 0.1163095012307167 7 -1 -1 
1152 215 92 48 0.11430579423904419 5 -1 -1 
672 242 62 63 0.11367662250995636 9 -1 -1 
586 151 79 36 0.11351947486400604 6 -1 -1 
327 73 178 88 0.11335714161396027 6 -1 -1 
841 466 73 97 0.11334870755672455 5 -1 -1 
321 71 79 55 0.11321830749511719 8 -1 -1 
395 348 100 51 0.11308920383453369 1 -1 -1 
671 242 63 63 0.11301681399345398 1 -1 -1 
349 76 105 56 0.11301349103450775 4 -1 -1 
731 390 72 77 0.11264060437679291 9 -1 -1 
1099 297 47 69 0.11146675050258636 5 -1 -1 
495 507 140 145 0.11139333993196487 4 -1 -1 
1218 698 68 62 0.11032355576753616 3 -1 -1 
382 67 77 44 0.10867279767990112 5 -1 -1 
339 73 85 54 0.10828915238380432 4 -1 -1 
1220 700 78 62 0.10824086517095566 8 -1 -1 
1152 215 93 48 0.10816311836242676 1 -1 -1 
496 506 140 144 0.10772504657506943 9 -1 -1 
599 96 30 30 0.10771537572145462 10 -1 -1 
1070 465 119 58 0.10613487660884857 1 -1 -1 
731 390 71 78 0.10546562820672989 5 -1 -1 
368 87 154 87 0.09852728992700577 6 -1 -1 
313 69 154 81 0.08536101877689362 9 -1 -1 
589 399 101 117 0.07752647995948792 9 -1 -1 
405 703 153 64 0.07523025572299957 9 -1 -1 
313 69 154 81 0.05847006291151047 5 -1 -1 
335 77 177 91 0.055350303649902344 9 -1 -1 
