96 496 65 45 0.9931411147117615 3 -1 -1 
363 121 48 37 0.974746823310852 5 -1 -1 
614 152 41 48 0.9683662056922913 5 -1 -1 
672 135 29 35 0.9579205513000488 5 -1 -1 
861 470 93 92 0.9516663551330566 4 -1 -1 
786 326 88 68 0.9451046586036682 4 -1 -1 
443 388 61 81 0.9425328969955444 4 -1 -1 
453 313 54 72 0.9041792750358582 4 -1 -1 
452 234 78 47 0.8838219046592712 4 -1 -1 
934 570 99 120 0.883106529712677 4 -1 -1 
615 231 45 40 0.8803761601448059 4 -1 -1 
769 322 17 45 0.8794867396354675 1 -1 -1 
1047 511 123 86 0.8777931928634644 4 -1 -1 
725 245 48 42 0.8736903071403503 4 -1 -1 
1002 363 17 43 0.8718187808990479 1 -1 -1 
477 185 42 48 0.8485109806060791 4 -1 -1 
445 500 84 128 0.8478337526321411 4 -1 -1 
29 614 67 47 0.8406586050987244 10 -1 -1 
904 665 48 73 0.8245635032653809 10 -1 -1 
415 162 10 28 0.8163343667984009 1 -1 -1 
926 299 58 30 0.8143410086631775 7 -1 -1 
583 38 22 18 0.79045170545578 4 -1 -1 
346 415 51 34 0.7901085615158081 10 -1 -1 
184 381 46 26 0.7898707985877991 10 -1 -1 
609 32 19 17 0.7892556190490723 4 -1 -1 
316 121 61 25 0.7880486845970154 4 -1 -1 
564 127 31 28 0.7859460115432739 4 -1 -1 
503 104 8 24 0.7783021330833435 1 -1 -1 
621 58 23 17 0.7741567492485046 4 -1 -1 
467 267 47 56 0.7723516225814819 4 -1 -1 
512 13 7 16 0.7652292847633362 1 -1 -1 
336 435 47 32 0.764165461063385 10 -1 -1 
738 326 15 35 0.7621822357177734 3 -1 -1 
582 23 16 15 0.7594954967498779 4 -1 -1 
479 162 37 37 0.7543961405754089 4 -1 -1 
475 139 33 31 0.7391068339347839 4 -1 -1 
380 163 24 20 0.7374473810195923 10 -1 -1 
215 419 18 38 0.7349807620048523 1 -1 -1 
520 13 6 16 0.7216649055480957 1 -1 -1 
707 190 72 35 0.7205207347869873 4 -1 -1 
714 321 17 28 0.7155473828315735 2 -1 -1 
195 408 23 47 0.714136004447937 1 -1 -1 
1146 483 51 35 0.7004821300506592 3 -1 -1 
367 93 41 26 0.6983358263969421 5 -1 -1 
988 360 16 42 0.6970711946487427 1 -1 -1 
289 101 55 24 0.6929228901863098 4 -1 -1 
1086 434 50 30 0.6922680735588074 10 -1 -1 
333 454 44 28 0.6769700646400452 10 -1 -1 
1228 557 32 64 0.6751277446746826 1 -1 -1 
634 75 22 18 0.6720367074012756 4 -1 -1 
698 109 55 24 0.6510131359100342 4 -1 -1 
648 96 26 21 0.6506936550140381 4 -1 -1 
599 60 7 20 0.6212047934532166 1 -1 -1 
1122 470 47 33 0.6201103925704956 10 -1 -1 
664 62 28 19 0.6195350289344788 5 -1 -1 
493 29 21 18 0.6167678833007812 4 -1 -1 
429 645 79 122 0.6147692203521729 4 -1 -1 
188 469 15 39 0.6128858327865601 1 -1 -1 
1037 419 42 28 0.6103174090385437 10 -1 -1 
714 326 17 34 0.6083041429519653 10 -1 -1 
1083 456 53 34 0.6081833839416504 10 -1 -1 
739 319 14 31 0.6042806506156921 2 -1 -1 
515 13 5 16 0.5912529230117798 1 -1 -1 
494 109 8 21 0.5898668766021729 1 -1 -1 
489 70 21 22 0.576050877571106 4 -1 -1 
628 40 19 19 0.574826717376709 5 -1 -1 
1270 570 28 55 0.5646640062332153 2 -1 -1 
576 62 16 22 0.5617551803588867 10 -1 -1 
331 157 26 19 0.5611303448677063 10 -1 -1 
203 463 37 45 0.5457084774971008 10 -1 -1 
193 474 52 35 0.5407300591468811 10 -1 -1 
298 518 117 75 0.5350548624992371 8 -1 -1 
782 134 11 26 0.53358393907547 1 -1 -1 
518 13 7 16 0.5312986969947815 1 -1 -1 
536 30 19 25 0.5283570885658264 4 -1 -1 
490 57 22 20 0.526441216468811 4 -1 -1 
639 65 27 18 0.5196731090545654 4 -1 -1 
1122 470 48 34 0.5177995562553406 3 -1 -1 
380 163 24 20 0.5110251307487488 3 -1 -1 
1269 591 28 41 0.5103965997695923 3 -1 -1 
1234 566 33 57 0.49509963393211365 1 -1 -1 
600 12 40 17 0.48656949400901794 4 -1 -1 
332 479 48 31 0.48571786284446716 10 -1 -1 
549 50 9 22 0.4777762293815613 1 -1 -1 
353 158 20 18 0.4711519479751587 10 -1 -1 
484 46 31 19 0.46431148052215576 4 -1 -1 
210 460 20 42 0.46050363779067993 2 -1 -1 
641 80 29 22 0.45928192138671875 5 -1 -1 
482 38 29 16 0.4592403769493103 4 -1 -1 
536 31 19 27 0.45328304171562195 7 -1 -1 
628 40 20 19 0.45023849606513977 4 -1 -1 
536 31 19 27 0.4500429034233093 8 -1 -1 
1270 570 29 55 0.44717520475387573 1 -1 -1 
1037 420 41 27 0.441941499710083 3 -1 -1 
609 51 7 18 0.441552072763443 1 -1 -1 
331 157 26 19 0.44102776050567627 3 -1 -1 
577 58 12 18 0.42770999670028687 2 -1 -1 
1054 393 40 29 0.42752647399902344 10 -1 -1 
474 212 40 28 0.4235905706882477 10 -1 -1 
932 286 14 26 0.42069172859191895 2 -1 -1 
333 462 42 28 0.41585037112236023 10 -1 -1 
925 298 54 30 0.4097461402416229 8 -1 -1 
469 212 45 31 0.40457379817962646 7 -1 -1 
993 361 17 44 0.40201056003570557 1 -1 -1 
347 113 41 24 0.39810529351234436 4 -1 -1 
96 496 65 45 0.3973912298679352 4 -1 -1 
368 93 40 27 0.39553412795066833 4 -1 -1 
1269 590 28 42 0.3924131393432617 10 -1 -1 
1084 447 56 35 0.39044126868247986 10 -1 -1 
910 668 35 42 0.38238221406936646 2 -1 -1 
510 1 5 13 0.38122397661209106 1 -1 -1 
642 80 34 22 0.38007521629333496 4 -1 -1 
0 640 17 40 0.37713852524757385 10 -1 -1 
439 228 22 28 0.37341588735580444 10 -1 -1 
399 118 23 17 0.3731951117515564 3 -1 -1 
1054 393 40 30 0.36878329515457153 3 -1 -1 
333 444 45 30 0.3658997714519501 10 -1 -1 
97 496 64 45 0.3652591109275818 9 -1 -1 
188 465 38 45 0.36450067162513733 10 -1 -1 
576 61 16 23 0.3632689416408539 7 -1 -1 
331 157 27 19 0.3631044030189514 7 -1 -1 
430 150 20 21 0.3624637722969055 3 -1 -1 
293 518 123 79 0.36237677931785583 5 -1 -1 
446 225 17 29 0.3618331551551819 2 -1 -1 
289 518 128 87 0.35876691341400146 4 -1 -1 
96 496 65 45 0.3585042655467987 7 -1 -1 
194 470 16 37 0.3568122982978821 1 -1 -1 
330 484 38 34 0.35355210304260254 10 -1 -1 
437 224 19 28 0.3464116156101227 10 -1 -1 
1053 394 24 31 0.34526386857032776 3 -1 -1 
332 476 29 36 0.3421317934989929 10 -1 -1 
220 257 23 20 0.33895543217658997 10 -1 -1 
1125 479 44 33 0.33852314949035645 3 -1 -1 
472 210 44 34 0.336099237203598 8 -1 -1 
932 287 13 27 0.3340514302253723 1 -1 -1 
66 624 31 37 0.33290255069732666 10 -1 -1 
435 232 23 26 0.33121103048324585 10 -1 -1 
201 325 25 25 0.3298173248767853 2 -1 -1 
521 0 5 8 0.3285151720046997 1 -1 -1 
346 416 51 33 0.32827475666999817 7 -1 -1 
395 231 42 28 0.3069654405117035 7 -1 -1 
644 86 32 27 0.30049198865890503 4 -1 -1 
28 614 68 47 0.284626305103302 4 -1 -1 
394 236 37 30 0.28230562806129456 7 -1 -1 
397 224 41 24 0.2804265022277832 10 -1 -1 
1259 521 81 52 0.27435922622680664 10 -1 -1 
394 236 37 30 0.2686007022857666 8 -1 -1 
485 51 28 28 0.2534327507019043 4 -1 -1 
395 231 42 28 0.2426125407218933 8 -1 -1 
269 519 147 100 0.23880302906036377 8 -1 -1 
664 61 32 21 0.23306287825107574 4 -1 -1 
669 83 37 22 0.2313893735408783 4 -1 -1 
396 224 40 26 0.23038145899772644 7 -1 -1 
270 271 92 32 0.23018595576286316 7 -1 -1 
395 232 44 28 0.22839438915252686 10 -1 -1 
790 298 28 28 0.22485843300819397 10 -1 -1 
487 58 25 33 0.22178204357624054 4 -1 -1 
394 237 36 30 0.21768566966056824 10 -1 -1 
738 318 16 37 0.21458031237125397 1 -1 -1 
638 77 31 23 0.20702879130840302 4 -1 -1 
990 285 20 37 0.20266297459602356 3 -1 -1 
661 80 37 23 0.20164375007152557 4 -1 -1 
1233 559 49 67 0.19825848937034607 1 -1 -1 
635 65 31 27 0.19364872574806213 4 -1 -1 
647 79 41 21 0.18501661717891693 4 -1 -1 
256 520 159 110 0.18291835486888885 5 -1 -1 
270 271 92 32 0.18031764030456543 8 -1 -1 
481 32 33 20 0.18020252883434296 4 -1 -1 
186 462 60 48 0.1789809614419937 7 -1 -1 
0 639 19 50 0.1775224208831787 3 -1 -1 
424 646 85 118 0.17492879927158356 5 -1 -1 
396 224 40 26 0.17326714098453522 8 -1 -1 
231 519 185 101 0.17022442817687988 4 -1 -1 
790 298 28 28 0.16831472516059875 3 -1 -1 
401 220 36 21 0.16556134819984436 10 -1 -1 
478 49 35 19 0.16406825184822083 4 -1 -1 
564 127 31 28 0.1579582691192627 5 -1 -1 
1084 434 63 43 0.15746168792247772 10 -1 -1 
231 519 185 101 0.15362046658992767 6 -1 -1 
738 324 16 36 0.15133938193321228 2 -1 -1 
286 518 131 94 0.14837650954723358 7 -1 -1 
1034 345 23 34 0.1482148915529251 10 -1 -1 
330 155 31 21 0.14791670441627502 8 -1 -1 
635 65 31 27 0.14778465032577515 5 -1 -1 
0 640 19 49 0.14767856895923615 1 -1 -1 
392 234 25 32 0.14765849709510803 10 -1 -1 
1086 449 70 44 0.147067591547966 10 -1 -1 
1093 458 74 40 0.14692233502864838 10 -1 -1 
396 243 39 25 0.1464250385761261 3 -1 -1 
398 249 36 23 0.14642180502414703 10 -1 -1 
600 12 40 17 0.14422176778316498 5 -1 -1 
535 30 22 30 0.1436339020729065 6 -1 -1 
676 75 33 28 0.14311757683753967 4 -1 -1 
904 664 49 74 0.1429980993270874 4 -1 -1 
186 462 60 48 0.14193974435329437 8 -1 -1 
1260 529 75 46 0.14187726378440857 7 -1 -1 
333 155 39 22 0.14062482118606567 10 -1 -1 
1122 470 66 43 0.13992996513843536 10 -1 -1 
861 470 94 92 0.1392308920621872 9 -1 -1 
714 327 18 35 0.13922150433063507 2 -1 -1 
664 62 33 21 0.13897274434566498 6 -1 -1 
1264 533 84 46 0.13887186348438263 10 -1 -1 
1129 472 68 44 0.1379404366016388 3 -1 -1 
1259 523 77 50 0.13788601756095886 3 -1 -1 
471 37 41 20 0.13607938587665558 4 -1 -1 
471 42 42 21 0.13550728559494019 4 -1 -1 
288 518 129 85 0.13467788696289062 6 -1 -1 
453 312 54 76 0.1328398585319519 5 -1 -1 
1229 555 39 68 0.13278135657310486 2 -1 -1 
1144 475 56 43 0.1320650726556778 10 -1 -1 
633 72 30 23 0.13195791840553284 4 -1 -1 
403 221 34 20 0.12946465611457825 4 -1 -1 
398 241 48 26 0.12922795116901398 7 -1 -1 
404 247 42 23 0.12813575565814972 10 -1 -1 
347 152 27 26 0.12777914106845856 10 -1 -1 
861 469 93 93 0.12614579498767853 1 -1 -1 
427 144 25 31 0.12579593062400818 10 -1 -1 
707 189 73 37 0.1257867068052292 5 -1 -1 
1002 363 17 44 0.12352830916643143 4 -1 -1 
715 321 17 38 0.12301506847143173 1 -1 -1 
1257 526 56 58 0.12282685190439224 10 -1 -1 
789 291 25 30 0.12263919413089752 10 -1 -1 
1274 508 74 54 0.12134818732738495 10 -1 -1 
644 86 32 27 0.12058980762958527 5 -1 -1 
402 249 36 24 0.11892088502645493 3 -1 -1 
278 308 77 38 0.11855477839708328 7 -1 -1 
659 70 35 23 0.11816026270389557 4 -1 -1 
393 237 32 30 0.11787071824073792 3 -1 -1 
333 155 39 22 0.11664547771215439 7 -1 -1 
786 326 88 68 0.1152067631483078 5 -1 -1 
534 29 23 30 0.11346137523651123 5 -1 -1 
431 148 22 36 0.11318522691726685 10 -1 -1 
668 65 37 24 0.11135562509298325 5 -1 -1 
444 388 60 81 0.10997871309518814 1 -1 -1 
654 85 38 24 0.10880247503519058 4 -1 -1 
444 500 84 129 0.10873119533061981 1 -1 -1 
668 65 37 24 0.1080470085144043 4 -1 -1 
640 71 34 25 0.10713769495487213 4 -1 -1 
647 80 36 23 0.1058877632021904 5 -1 -1 
331 423 60 48 0.1053081601858139 10 -1 -1 
1235 578 63 55 0.105275459587574 3 -1 -1 
1254 507 73 49 0.1045236885547638 10 -1 -1 
482 47 33 18 0.10439223051071167 5 -1 -1 
1237 566 59 64 0.10348636656999588 10 -1 -1 
1046 511 125 86 0.1033555343747139 5 -1 -1 
452 235 78 48 0.10301239788532257 5 -1 -1 
603 9 42 17 0.1026717871427536 4 -1 -1 
392 220 37 26 0.10129912197589874 10 -1 -1 
714 327 18 35 0.10051614046096802 3 -1 -1 
659 70 35 23 0.10048842430114746 5 -1 -1 
29 606 67 49 0.10006679594516754 9 -1 -1 
452 235 78 46 0.0996437594294548 1 -1 -1 
904 665 48 73 0.0986815020442009 3 -1 -1 
404 237 44 27 0.09866686910390854 10 -1 -1 
399 224 38 22 0.098328597843647 3 -1 -1 
394 233 42 29 0.09799119830131531 3 -1 -1 
679 83 33 26 0.09747631102800369 4 -1 -1 
1034 345 23 34 0.09684707224369049 3 -1 -1 
934 570 100 120 0.08470160514116287 1 -1 -1 
934 570 100 119 0.07998932898044586 5 -1 -1 
935 570 99 121 0.057857807725667953 9 -1 -1 
1047 512 124 85 0.05583757162094116 10 -1 -1 
1047 512 124 85 0.05394565314054489 1 -1 -1 
1047 512 124 85 0.05268338322639465 9 -1 -1 
