0 184 131 83 0.9741902351379395 9 -1 -1 
528 154 32 30 0.9630195498466492 8 -1 -1 
426 286 90 59 0.9473446607589722 4 -1 -1 
76 300 28 34 0.9382079243659973 3 -1 -1 
852 317 67 61 0.937440037727356 4 -1 -1 
271 258 91 54 0.9372717142105103 4 -1 -1 
411 167 64 24 0.9039006233215332 4 -1 -1 
916 223 39 32 0.8992093205451965 4 -1 -1 
819 215 36 32 0.8971507549285889 4 -1 -1 
491 255 78 51 0.8889447450637817 4 -1 -1 
881 237 54 36 0.8849930763244629 4 -1 -1 
762 208 38 33 0.8808343410491943 4 -1 -1 
730 242 54 40 0.8800089359283447 4 -1 -1 
861 141 22 18 0.8686221241950989 4 -1 -1 
604 212 48 35 0.8612421751022339 4 -1 -1 
888 275 56 45 0.8563870191574097 4 -1 -1 
905 104 12 11 0.8517520427703857 4 -1 -1 
1248 190 50 34 0.8380663990974426 5 -1 -1 
1175 268 116 44 0.8285723924636841 4 -1 -1 
772 190 34 27 0.8221554756164551 4 -1 -1 
937 120 14 12 0.817327082157135 4 -1 -1 
630 197 43 30 0.8133139610290527 4 -1 -1 
810 105 14 12 0.8021243214607239 4 -1 -1 
1191 252 108 37 0.8007298111915588 4 -1 -1 
0 184 131 83 0.7955926060676575 5 -1 -1 
751 93 25 10 0.7924879193305969 4 -1 -1 
266 166 23 18 0.7887490391731262 10 -1 -1 
946 105 12 13 0.7768100500106812 5 -1 -1 
563 230 48 38 0.7648356556892395 4 -1 -1 
1279 208 78 32 0.7618874907493591 4 -1 -1 
761 115 34 16 0.7589176297187805 4 -1 -1 
864 129 18 15 0.7585033774375916 4 -1 -1 
1097 218 98 39 0.7501180768013 4 -1 -1 
1146 275 35 33 0.7442834973335266 10 -1 -1 
1076 153 52 20 0.7435187697410583 4 -1 -1 
1032 151 61 23 0.7434698939323425 5 -1 -1 
516 139 31 20 0.7407931089401245 4 -1 -1 
1030 291 113 37 0.7348290085792542 4 -1 -1 
898 95 10 9 0.7299116849899292 4 -1 -1 
830 90 12 9 0.7279368042945862 4 -1 -1 
988 149 21 18 0.7204869985580444 4 -1 -1 
534 122 25 16 0.7199356555938721 4 -1 -1 
835 157 25 18 0.7181514501571655 4 -1 -1 
942 92 20 14 0.7049936652183533 6 -1 -1 
1298 240 16 38 0.7003170251846313 1 -1 -1 
1197 184 47 33 0.6949964165687561 6 -1 -1 
1049 326 150 56 0.6943781971931458 4 -1 -1 
870 193 11 22 0.6928909420967102 2 -1 -1 
1197 182 47 35 0.6908573508262634 5 -1 -1 
1081 183 54 27 0.6869256496429443 4 -1 -1 
141 165 71 36 0.6854979395866394 5 -1 -1 
1117 205 72 29 0.6850908994674683 4 -1 -1 
869 199 13 21 0.6845974326133728 10 -1 -1 
880 115 16 15 0.6799920201301575 4 -1 -1 
820 177 24 19 0.6723920702934265 4 -1 -1 
1048 307 143 47 0.6717885732650757 4 -1 -1 
872 106 13 13 0.6711834669113159 4 -1 -1 
668 238 18 25 0.6548498272895813 10 -1 -1 
1093 372 146 52 0.6535213589668274 4 -1 -1 
900 85 8 8 0.641544759273529 4 -1 -1 
485 313 15 41 0.6413255333900452 1 -1 -1 
506 138 7 14 0.6409568786621094 2 -1 -1 
822 108 15 16 0.6369466781616211 5 -1 -1 
929 78 9 8 0.6239321231842041 4 -1 -1 
593 105 28 13 0.6196894645690918 5 -1 -1 
668 229 15 27 0.6174501776695251 2 -1 -1 
696 119 28 14 0.6168814897537231 4 -1 -1 
506 143 7 14 0.6147677302360535 3 -1 -1 
906 118 10 10 0.608421802520752 7 -1 -1 
916 88 10 10 0.6025998592376709 4 -1 -1 
780 103 5 11 0.5910482406616211 1 -1 -1 
739 122 7 11 0.5873916149139404 2 -1 -1 
984 126 29 12 0.5855690240859985 4 -1 -1 
565 161 13 12 0.5728883147239685 7 -1 -1 
720 102 26 13 0.5685373544692993 4 -1 -1 
875 102 12 10 0.566806435585022 4 -1 -1 
802 89 16 10 0.562234103679657 4 -1 -1 
776 88 4 10 0.5360408425331116 1 -1 -1 
906 91 10 10 0.5311979651451111 4 -1 -1 
1103 210 88 36 0.5288196802139282 4 -1 -1 
552 126 17 16 0.5245789885520935 4 -1 -1 
739 126 7 10 0.5231815576553345 10 -1 -1 
1018 177 33 25 0.5125542283058167 4 -1 -1 
926 92 8 8 0.5094491243362427 4 -1 -1 
1039 167 35 19 0.5076693892478943 4 -1 -1 
102 168 70 40 0.5043091773986816 4 -1 -1 
810 79 19 9 0.48930788040161133 4 -1 -1 
944 115 13 13 0.48504242300987244 4 -1 -1 
953 119 5 14 0.4779990017414093 1 -1 -1 
806 88 15 9 0.4743545949459076 4 -1 -1 
817 87 12 8 0.46614503860473633 4 -1 -1 
985 116 26 12 0.4658425748348236 4 -1 -1 
843 89 4 9 0.45873063802719116 1 -1 -1 
744 106 18 13 0.44400012493133545 8 -1 -1 
1321 239 16 40 0.4366113245487213 1 -1 -1 
78 282 22 40 0.43054693937301636 2 -1 -1 
872 107 13 12 0.42328017950057983 5 -1 -1 
551 126 18 17 0.421822726726532 5 -1 -1 
565 161 13 12 0.40863677859306335 10 -1 -1 
480 158 19 13 0.40676149725914 10 -1 -1 
808 85 21 10 0.3999093174934387 4 -1 -1 
880 115 17 15 0.39902886748313904 5 -1 -1 
940 118 15 13 0.3969828486442566 4 -1 -1 
506 143 7 14 0.39544424414634705 10 -1 -1 
833 76 13 10 0.39527082443237305 4 -1 -1 
1182 258 112 44 0.39252030849456787 4 -1 -1 
906 118 10 10 0.38940683007240295 4 -1 -1 
836 66 12 9 0.38744330406188965 4 -1 -1 
675 175 35 31 0.3840876817703247 4 -1 -1 
985 122 30 14 0.3822479844093323 4 -1 -1 
745 109 15 11 0.3797271251678467 8 -1 -1 
828 77 16 9 0.3788994550704956 4 -1 -1 
822 108 15 16 0.37776419520378113 4 -1 -1 
907 91 9 10 0.37689533829689026 5 -1 -1 
835 75 13 10 0.37549257278442383 4 -1 -1 
728 90 20 12 0.37325581908226013 4 -1 -1 
910 77 9 6 0.3727101981639862 4 -1 -1 
900 94 12 9 0.368245005607605 4 -1 -1 
1050 325 151 57 0.3663216829299927 5 -1 -1 
916 88 10 10 0.3651483952999115 5 -1 -1 
736 88 24 11 0.3640170395374298 4 -1 -1 
1054 217 19 32 0.363582581281662 1 -1 -1 
1197 182 47 35 0.3606337010860443 4 -1 -1 
721 111 6 11 0.3521570563316345 2 -1 -1 
1020 175 46 26 0.3517676889896393 4 -1 -1 
810 81 19 11 0.35002344846725464 4 -1 -1 
979 107 29 12 0.34989702701568604 4 -1 -1 
777 82 15 7 0.3444497883319855 4 -1 -1 
838 71 12 11 0.337573766708374 4 -1 -1 
506 142 7 15 0.336902916431427 2 -1 -1 
1341 256 14 28 0.3344077169895172 2 -1 -1 
986 102 21 9 0.33353883028030396 4 -1 -1 
1031 150 62 24 0.3315589725971222 4 -1 -1 
809 88 14 8 0.3301517069339752 4 -1 -1 
728 93 21 12 0.3296682834625244 4 -1 -1 
1317 237 28 43 0.3254779577255249 1 -1 -1 
527 154 33 30 0.32236918807029724 7 -1 -1 
986 120 27 12 0.32196494936943054 4 -1 -1 
940 94 5 11 0.32099655270576477 1 -1 -1 
1028 171 49 24 0.31997963786125183 4 -1 -1 
906 94 9 9 0.3139827847480774 4 -1 -1 
945 92 16 14 0.30919158458709717 5 -1 -1 
612 102 22 15 0.3090441823005676 6 -1 -1 
760 115 34 16 0.308472216129303 5 -1 -1 
1063 360 160 55 0.3074389398097992 4 -1 -1 
1039 167 35 19 0.3074333369731903 5 -1 -1 
843 89 4 9 0.3069065809249878 2 -1 -1 
1341 256 14 28 0.30427414178848267 1 -1 -1 
1104 379 170 82 0.3032072186470032 4 -1 -1 
527 153 33 31 0.3021477460861206 4 -1 -1 
123 163 75 41 0.27700960636138916 5 -1 -1 
97 168 76 40 0.27285221219062805 5 -1 -1 
527 153 33 31 0.26162099838256836 5 -1 -1 
667 229 18 33 0.2546480894088745 1 -1 -1 
1036 298 122 45 0.24089686572551727 4 -1 -1 
1047 306 142 49 0.2350085824728012 5 -1 -1 
516 139 31 20 0.22896647453308105 5 -1 -1 
1298 235 61 43 0.22881962358951569 6 -1 -1 
1097 218 98 39 0.2142866849899292 5 -1 -1 
0 184 131 83 0.20587120950222015 4 -1 -1 
142 165 70 37 0.20441094040870667 4 -1 -1 
118 165 73 40 0.2043231725692749 4 -1 -1 
2 187 127 78 0.20400986075401306 6 -1 -1 
527 153 33 31 0.19980448484420776 3 -1 -1 
528 154 32 30 0.19374442100524902 2 -1 -1 
71 172 95 37 0.1831105500459671 4 -1 -1 
0 184 131 83 0.1807393878698349 10 -1 -1 
1122 399 160 79 0.17662431299686432 5 -1 -1 
1121 398 160 80 0.1765366643667221 4 -1 -1 
1092 372 148 52 0.17400315403938293 5 -1 -1 
1116 376 134 64 0.1672508716583252 4 -1 -1 
1121 397 161 81 0.16301438212394714 8 -1 -1 
0 180 127 56 0.16239209473133087 4 -1 -1 
1189 251 111 38 0.16230206191539764 5 -1 -1 
675 175 31 31 0.1556602418422699 5 -1 -1 
577 131 45 17 0.1532057374715805 6 -1 -1 
1056 300 131 38 0.15210503339767456 4 -1 -1 
985 115 35 16 0.15138204395771027 4 -1 -1 
1279 209 80 32 0.1504206508398056 5 -1 -1 
1111 206 80 30 0.1503458321094513 5 -1 -1 
569 130 37 19 0.1502472162246704 6 -1 -1 
1093 368 134 38 0.14497259259223938 4 -1 -1 
1059 186 77 35 0.14306512475013733 4 -1 -1 
1071 368 95 52 0.1423550397157669 4 -1 -1 
1050 317 148 61 0.1410340964794159 9 -1 -1 
1123 401 159 80 0.13339188694953918 6 -1 -1 
1176 268 119 44 0.13299605250358582 5 -1 -1 
1299 235 61 42 0.13204029202461243 7 -1 -1 
0 186 133 82 0.1312101036310196 2 -1 -1 
675 174 33 32 0.12937597930431366 6 -1 -1 
817 168 28 28 0.12761029601097107 4 -1 -1 
528 154 32 30 0.1267932653427124 1 -1 -1 
798 80 32 16 0.12622055411338806 4 -1 -1 
600 97 35 21 0.125143364071846 6 -1 -1 
1030 291 113 37 0.1248246505856514 5 -1 -1 
1279 208 79 32 0.1231871023774147 6 -1 -1 
1298 235 61 43 0.12287489324808121 4 -1 -1 
980 107 34 16 0.12276861816644669 4 -1 -1 
1104 210 87 35 0.12181790173053741 5 -1 -1 
1041 190 86 38 0.12148239463567734 6 -1 -1 
1104 379 170 82 0.12021816521883011 5 -1 -1 
984 125 35 13 0.1190318688750267 5 -1 -1 
1191 252 108 37 0.11533159762620926 1 -1 -1 
1030 291 113 37 0.11505340039730072 1 -1 -1 
592 102 33 17 0.11489704996347427 6 -1 -1 
492 256 76 50 0.11484815180301666 5 -1 -1 
1116 376 134 64 0.11452449858188629 5 -1 -1 
1049 305 143 50 0.11405444890260696 6 -1 -1 
819 171 27 25 0.11310721188783646 5 -1 -1 
426 286 90 59 0.11176827549934387 1 -1 -1 
1048 304 146 56 0.11042313277721405 9 -1 -1 
721 102 36 16 0.10883846133947372 4 -1 -1 
718 101 31 16 0.10787411779165268 5 -1 -1 
0 184 131 83 0.10748886317014694 7 -1 -1 
426 286 90 59 0.10731036216020584 9 -1 -1 
1095 201 90 29 0.1072801873087883 4 -1 -1 
1063 360 160 55 0.10712508112192154 5 -1 -1 
760 114 34 17 0.1069701761007309 6 -1 -1 
939 83 26 23 0.10633046925067902 6 -1 -1 
576 131 46 17 0.10472963005304337 4 -1 -1 
1059 186 77 35 0.10327226668596268 6 -1 -1 
667 232 19 32 0.1030261442065239 3 -1 -1 
1030 291 113 37 0.1029260978102684 6 -1 -1 
1041 190 86 38 0.10275395959615707 4 -1 -1 
271 258 91 54 0.10268273204565048 1 -1 -1 
0 180 127 56 0.1020968034863472 5 -1 -1 
591 103 31 16 0.10139556974172592 4 -1 -1 
819 171 27 25 0.1010296642780304 6 -1 -1 
0 186 132 82 0.09992410987615585 1 -1 -1 
1049 326 150 56 0.09987874329090118 6 -1 -1 
1246 188 55 38 0.09980310499668121 4 -1 -1 
693 118 32 16 0.09908736497163773 5 -1 -1 
727 105 35 15 0.0983060896396637 6 -1 -1 
271 257 91 55 0.09788068383932114 5 -1 -1 
667 234 19 30 0.096317820250988 7 -1 -1 
491 255 78 51 0.09577915072441101 1 -1 -1 
788 81 32 18 0.09575425833463669 4 -1 -1 
426 285 89 60 0.09540806710720062 5 -1 -1 
1099 368 183 65 0.09529826790094376 4 -1 -1 
1126 403 119 63 0.09502075612545013 4 -1 -1 
852 317 66 61 0.09377019107341766 1 -1 -1 
527 153 33 31 0.09346684068441391 9 -1 -1 
987 120 38 17 0.09300918132066727 4 -1 -1 
1053 364 90 55 0.09277224540710449 4 -1 -1 
1176 268 119 44 0.09101101011037827 1 -1 -1 
56 178 85 43 0.09061132371425629 4 -1 -1 
1079 214 94 39 0.08819813281297684 4 -1 -1 
0 198 71 68 0.08819690346717834 9 -1 -1 
0 179 94 42 0.0878659263253212 4 -1 -1 
1298 235 61 43 0.08725505322217941 8 -1 -1 
8 185 122 50 0.08720384538173676 9 -1 -1 
788 81 32 18 0.08670297265052795 9 -1 -1 
1279 209 80 32 0.08642253279685974 1 -1 -1 
719 102 34 17 0.08586013317108154 6 -1 -1 
1042 298 139 40 0.08583541959524155 5 -1 -1 
1042 298 139 40 0.08564116060733795 6 -1 -1 
674 186 34 22 0.08538024127483368 4 -1 -1 
984 110 34 18 0.08534323424100876 4 -1 -1 
1059 345 142 53 0.08522216975688934 4 -1 -1 
1123 401 159 80 0.08199464529752731 9 -1 -1 
0 186 132 82 0.08136069774627686 8 -1 -1 
1106 384 163 77 0.07416819781064987 6 -1 -1 
0 185 132 82 0.07261662185192108 3 -1 -1 
1087 369 156 57 0.06859772652387619 9 -1 -1 
1051 325 151 59 0.06504696607589722 1 -1 -1 
1091 372 176 59 0.06468948721885681 6 -1 -1 
1122 399 160 79 0.06402085721492767 7 -1 -1 
1087 369 156 57 0.06318112462759018 1 -1 -1 
1063 360 160 55 0.06298907101154327 1 -1 -1 
1090 346 178 73 0.061578039079904556 4 -1 -1 
1106 384 163 77 0.059587445110082626 8 -1 -1 
