354 669 26 44 0.9546625018119812 3 -1 -1 
907 454 67 37 0.9441184997558594 5 -1 -1 
878 377 51 20 0.9180842041969299 4 -1 -1 
223 644 83 77 0.9094268679618835 4 -1 -1 
802 655 17 49 0.9062883853912354 1 -1 -1 
816 658 16 47 0.9061323404312134 1 -1 -1 
738 475 42 37 0.844136118888855 4 -1 -1 
237 359 30 19 0.8258912563323975 4 -1 -1 
486 451 10 26 0.8212574124336243 1 -1 -1 
205 456 10 27 0.8199045062065125 1 -1 -1 
835 362 39 14 0.8187171816825867 4 -1 -1 
281 353 35 18 0.8082680106163025 4 -1 -1 
289 365 54 22 0.8004292845726013 4 -1 -1 
356 656 24 42 0.7923965454101562 2 -1 -1 
926 484 72 38 0.7898167967796326 5 -1 -1 
209 419 69 27 0.7736539840698242 4 -1 -1 
872 425 8 23 0.7584902048110962 1 -1 -1 
609 352 20 15 0.7516294121742249 10 -1 -1 
258 431 68 28 0.7479142546653748 4 -1 -1 
234 425 68 27 0.7471664547920227 4 -1 -1 
858 384 18 13 0.7469937801361084 10 -1 -1 
969 373 32 23 0.7375192046165466 4 -1 -1 
679 351 18 17 0.7367672920227051 4 -1 -1 
355 346 34 17 0.7341364026069641 4 -1 -1 
192 456 10 28 0.7264961004257202 1 -1 -1 
187 461 10 27 0.7122666239738464 1 -1 -1 
811 367 52 20 0.7036581039428711 4 -1 -1 
874 365 36 17 0.6948339343070984 4 -1 -1 
307 348 33 18 0.668534517288208 4 -1 -1 
203 356 22 20 0.6625245809555054 4 -1 -1 
956 372 17 12 0.6562082767486572 10 -1 -1 
264 444 71 28 0.6514822244644165 4 -1 -1 
331 535 57 57 0.6504980325698853 4 -1 -1 
829 675 19 35 0.6414696574211121 10 -1 -1 
830 662 18 40 0.6402285695075989 2 -1 -1 
382 344 27 17 0.6380895376205444 4 -1 -1 
151 720 121 44 0.6197932958602905 7 -1 -1 
657 451 12 19 0.6186313033103943 2 -1 -1 
865 379 8 15 0.6119042634963989 2 -1 -1 
863 679 17 25 0.6109521985054016 2 -1 -1 
765 355 7 17 0.6065720915794373 1 -1 -1 
651 456 22 18 0.5799230933189392 10 -1 -1 
188 457 12 30 0.5654224753379822 1 -1 -1 
326 517 56 38 0.5468615889549255 7 -1 -1 
617 351 11 13 0.5244179964065552 2 -1 -1 
126 392 50 27 0.516399621963501 4 -1 -1 
893 455 9 23 0.5059995055198669 1 -1 -1 
614 351 9 14 0.49324941635131836 2 -1 -1 
318 460 42 44 0.4924081861972809 5 -1 -1 
317 460 43 44 0.4789040684700012 4 -1 -1 
909 448 9 18 0.4641285836696625 1 -1 -1 
785 353 23 17 0.4394565224647522 4 -1 -1 
357 511 10 20 0.4244668185710907 2 -1 -1 
775 350 25 16 0.41834038496017456 4 -1 -1 
942 367 13 14 0.4164363145828247 10 -1 -1 
872 434 8 15 0.4144122898578644 3 -1 -1 
66 690 44 22 0.4111003577709198 10 -1 -1 
612 351 17 15 0.41049081087112427 2 -1 -1 
246 350 8 10 0.40939539670944214 10 -1 -1 
403 343 33 18 0.3955764174461365 4 -1 -1 
149 719 123 45 0.3949674665927887 8 -1 -1 
654 452 16 20 0.3932698667049408 10 -1 -1 
331 535 56 57 0.39071255922317505 6 -1 -1 
55 675 56 43 0.3838508725166321 10 -1 -1 
830 663 18 39 0.3759545683860779 1 -1 -1 
872 425 8 22 0.37374061346054077 2 -1 -1 
653 452 17 21 0.34965190291404724 2 -1 -1 
342 515 33 32 0.3462284505367279 7 -1 -1 
506 325 34 34 0.3424571454524994 4 -1 -1 
327 526 31 26 0.34176671504974365 10 -1 -1 
875 365 35 17 0.3415781855583191 5 -1 -1 
808 362 49 20 0.3308905065059662 4 -1 -1 
117 391 57 28 0.32863590121269226 5 -1 -1 
371 345 30 16 0.32471951842308044 4 -1 -1 
893 453 9 18 0.3231377601623535 1 -1 -1 
858 384 18 13 0.3193505108356476 3 -1 -1 
346 517 37 34 0.31320181488990784 7 -1 -1 
863 380 11 15 0.3102845847606659 10 -1 -1 
773 348 20 17 0.3100317418575287 4 -1 -1 
356 511 11 21 0.30736634135246277 1 -1 -1 
885 350 6 14 0.3032635748386383 1 -1 -1 
785 353 26 17 0.29906150698661804 5 -1 -1 
393 343 34 18 0.298443078994751 4 -1 -1 
890 452 8 18 0.2922402024269104 1 -1 -1 
326 517 56 38 0.2909732162952423 8 -1 -1 
369 512 11 22 0.2906428873538971 1 -1 -1 
138 553 11 29 0.28637126088142395 1 -1 -1 
368 511 11 21 0.2847817838191986 2 -1 -1 
77 694 34 18 0.2835952341556549 10 -1 -1 
946 367 9 15 0.2825930416584015 1 -1 -1 
326 523 42 30 0.2820652723312378 7 -1 -1 
830 365 40 19 0.2780929207801819 4 -1 -1 
926 484 72 38 0.27731043100357056 4 -1 -1 
1002 688 71 76 0.2744411528110504 4 -1 -1 
361 511 18 21 0.27392444014549255 2 -1 -1 
55 675 26 38 0.2730579078197479 10 -1 -1 
924 530 28 15 0.2722744345664978 3 -1 -1 
912 358 9 13 0.27046647667884827 10 -1 -1 
924 366 14 13 0.2699712812900543 10 -1 -1 
810 362 31 13 0.26967597007751465 4 -1 -1 
937 367 14 13 0.26802125573158264 10 -1 -1 
865 379 8 15 0.26532021164894104 1 -1 -1 
224 651 81 69 0.26496317982673645 5 -1 -1 
800 360 46 24 0.2644215226173401 4 -1 -1 
146 392 30 26 0.26375633478164673 4 -1 -1 
894 454 9 23 0.26269006729125977 2 -1 -1 
63 672 24 23 0.2585774064064026 3 -1 -1 
192 456 10 22 0.2581802010536194 2 -1 -1 
415 344 23 16 0.2576887905597687 4 -1 -1 
289 365 54 23 0.25669166445732117 5 -1 -1 
908 450 12 20 0.2531973421573639 1 -1 -1 
890 453 11 23 0.2504693865776062 2 -1 -1 
356 656 24 41 0.24975523352622986 1 -1 -1 
786 353 26 17 0.24921071529388428 6 -1 -1 
331 533 58 58 0.24770721793174744 5 -1 -1 
889 456 12 27 0.24594120681285858 1 -1 -1 
862 678 19 27 0.24203017354011536 1 -1 -1 
909 448 9 18 0.24117007851600647 2 -1 -1 
59 673 25 31 0.24114197492599487 3 -1 -1 
855 352 12 13 0.2405160665512085 10 -1 -1 
621 351 7 12 0.24034665524959564 2 -1 -1 
614 351 9 14 0.239414244890213 10 -1 -1 
859 384 17 13 0.2390582114458084 2 -1 -1 
893 453 9 18 0.23846060037612915 2 -1 -1 
868 349 9 13 0.23678936064243317 10 -1 -1 
59 673 25 31 0.2362116277217865 10 -1 -1 
763 351 11 19 0.23320412635803223 1 -1 -1 
244 427 74 28 0.231899231672287 4 -1 -1 
61 677 39 35 0.231323704123497 10 -1 -1 
246 350 9 10 0.23091372847557068 3 -1 -1 
933 368 12 12 0.22779521346092224 10 -1 -1 
346 517 37 34 0.22615401446819305 8 -1 -1 
809 365 53 22 0.22512991726398468 5 -1 -1 
924 366 8 13 0.22481946647167206 10 -1 -1 
807 359 43 17 0.22284206748008728 4 -1 -1 
800 670 15 35 0.22039932012557983 1 -1 -1 
389 343 27 18 0.2193472683429718 4 -1 -1 
914 358 6 13 0.21898910403251648 1 -1 -1 
946 367 9 15 0.21725283563137054 2 -1 -1 
1018 710 55 54 0.21714486181735992 4 -1 -1 
800 387 5 11 0.21648664772510529 2 -1 -1 
795 357 37 24 0.21545454859733582 4 -1 -1 
933 367 14 13 0.21353517472743988 3 -1 -1 
436 344 22 14 0.21313609182834625 4 -1 -1 
830 662 18 40 0.21144725382328033 10 -1 -1 
903 364 8 16 0.21052487194538116 1 -1 -1 
360 511 19 23 0.2098892778158188 1 -1 -1 
436 344 17 14 0.20979614555835724 10 -1 -1 
930 367 12 13 0.20963460206985474 3 -1 -1 
356 511 11 22 0.20877234637737274 7 -1 -1 
654 451 12 18 0.20811372995376587 2 -1 -1 
326 517 59 37 0.20805999636650085 4 -1 -1 
348 512 20 27 0.20804017782211304 7 -1 -1 
436 345 18 13 0.205088809132576 7 -1 -1 
205 456 10 22 0.20469297468662262 2 -1 -1 
807 360 19 12 0.20438626408576965 4 -1 -1 
148 716 127 49 0.2033037543296814 6 -1 -1 
398 337 36 22 0.1993916928768158 4 -1 -1 
326 517 59 37 0.1985340565443039 6 -1 -1 
968 373 33 23 0.19652466475963593 5 -1 -1 
281 353 35 17 0.1948767751455307 5 -1 -1 
258 432 69 28 0.1942138969898224 5 -1 -1 
501 316 45 45 0.1907707303762436 4 -1 -1 
924 448 68 35 0.18622751533985138 5 -1 -1 
830 676 18 35 0.18546034395694733 3 -1 -1 
329 521 58 64 0.18236635625362396 7 -1 -1 
307 348 34 18 0.17858414351940155 5 -1 -1 
810 367 53 20 0.17666642367839813 6 -1 -1 
947 410 47 32 0.17635749280452728 5 -1 -1 
947 410 55 32 0.17353400588035583 4 -1 -1 
806 361 46 18 0.17255209386348724 5 -1 -1 
907 454 69 38 0.17222341895103455 4 -1 -1 
262 444 73 27 0.1578051596879959 5 -1 -1 
790 354 43 20 0.15557719767093658 4 -1 -1 
978 707 96 57 0.15449422597885132 4 -1 -1 
329 521 58 64 0.15304966270923615 8 -1 -1 
821 659 19 41 0.15011797845363617 1 -1 -1 
862 678 19 28 0.14983482658863068 10 -1 -1 
967 673 110 90 0.14660727977752686 4 -1 -1 
44 672 49 49 0.1458919197320938 10 -1 -1 
1008 698 65 66 0.1435793936252594 5 -1 -1 
485 320 55 41 0.14172592759132385 4 -1 -1 
875 370 45 20 0.14149361848831177 4 -1 -1 
913 482 68 38 0.14120791852474213 5 -1 -1 
202 355 24 22 0.13866549730300903 5 -1 -1 
944 482 75 39 0.13775306940078735 5 -1 -1 
790 357 38 19 0.1375894844532013 5 -1 -1 
816 659 16 47 0.13563194870948792 10 -1 -1 
774 345 28 20 0.13557486236095428 5 -1 -1 
802 655 17 49 0.13456133008003235 4 -1 -1 
237 359 30 18 0.1340816169977188 5 -1 -1 
821 659 19 41 0.1324884593486786 2 -1 -1 
799 654 18 36 0.1315477043390274 1 -1 -1 
786 353 39 18 0.1305902749300003 5 -1 -1 
677 346 22 24 0.1303587555885315 4 -1 -1 
817 657 15 47 0.1276756376028061 2 -1 -1 
197 720 74 46 0.12654758989810944 8 -1 -1 
812 656 17 44 0.12631836533546448 1 -1 -1 
198 454 14 30 0.12451614439487457 1 -1 -1 
829 676 19 34 0.12393396347761154 2 -1 -1 
208 418 68 27 0.12244441360235214 5 -1 -1 
234 425 67 28 0.12127317488193512 5 -1 -1 
297 349 35 18 0.12079831212759018 4 -1 -1 
947 411 57 32 0.11927153170108795 9 -1 -1 
104 388 71 33 0.11842519789934158 4 -1 -1 
947 411 54 32 0.11822931468486786 7 -1 -1 
907 454 69 38 0.11760088056325912 6 -1 -1 
326 517 59 37 0.1175750195980072 5 -1 -1 
791 364 37 21 0.11753950268030167 4 -1 -1 
955 480 69 43 0.11736347526311874 4 -1 -1 
816 658 16 47 0.11662507057189941 4 -1 -1 
823 361 43 20 0.11545996367931366 4 -1 -1 
800 363 65 25 0.11524878442287445 9 -1 -1 
786 354 42 18 0.11443615704774857 6 -1 -1 
947 411 60 34 0.11312751471996307 8 -1 -1 
792 361 37 22 0.11311431229114532 5 -1 -1 
878 377 51 20 0.11165963858366013 1 -1 -1 
326 517 56 37 0.10892462730407715 10 -1 -1 
340 516 48 47 0.10807745158672333 6 -1 -1 
340 516 48 47 0.10796777158975601 4 -1 -1 
913 482 68 38 0.10780872404575348 4 -1 -1 
975 374 37 23 0.10778262466192245 4 -1 -1 
832 666 18 40 0.10712611675262451 3 -1 -1 
985 414 21 32 0.10552778840065002 10 -1 -1 
794 363 69 27 0.08341455459594727 6 -1 -1 
980 671 96 94 0.07404326647520065 5 -1 -1 
999 658 94 104 0.07198216766119003 4 -1 -1 
148 716 127 49 0.06490599364042282 4 -1 -1 
975 668 100 96 0.06169208884239197 6 -1 -1 
999 658 94 104 0.06161206588149071 5 -1 -1 
947 406 69 35 0.06109870597720146 5 -1 -1 
960 687 117 77 0.05798647180199623 9 -1 -1 
148 716 127 49 0.05696648731827736 5 -1 -1 
947 410 60 33 0.05527610704302788 3 -1 -1 
148 716 127 49 0.053389497101306915 9 -1 -1 
