732 324 36 60 0.9985554814338684 9 -1 -1 
469 298 58 50 0.9985424280166626 9 -1 -1 
677 227 18 26 0.9984423518180847 9 -1 -1 
672 291 36 44 0.9981789588928223 9 -1 -1 
318 429 110 125 0.9977115392684937 9 -1 -1 
748 229 17 23 0.9966206550598145 9 -1 -1 
608 189 35 18 0.9932819604873657 9 -1 -1 
1170 663 28 41 0.9560797214508057 3 -1 -1 
366 596 81 86 0.943204939365387 4 -1 -1 
89 589 97 77 0.9369086623191833 4 -1 -1 
756 443 35 36 0.9350749850273132 4 -1 -1 
580 623 61 71 0.9245538115501404 4 -1 -1 
648 423 35 32 0.9242193698883057 4 -1 -1 
510 339 28 25 0.9234141111373901 4 -1 -1 
433 383 40 30 0.9208739399909973 4 -1 -1 
811 628 61 74 0.9163932800292969 4 -1 -1 
695 451 35 38 0.9150221943855286 4 -1 -1 
366 396 43 34 0.9136838316917419 4 -1 -1 
750 543 46 53 0.9112398624420166 4 -1 -1 
690 358 27 21 0.9060131311416626 4 -1 -1 
396 379 38 29 0.9053148031234741 4 -1 -1 
656 388 30 28 0.9042187929153442 4 -1 -1 
623 535 46 54 0.9007211327552795 4 -1 -1 
878 536 32 21 0.894872784614563 3 -1 -1 
900 481 13 33 0.8913519978523254 1 -1 -1 
1059 461 12 33 0.8800090551376343 1 -1 -1 
971 390 8 28 0.8744346499443054 1 -1 -1 
713 316 21 18 0.8733893632888794 4 -1 -1 
962 392 9 25 0.870759129524231 1 -1 -1 
628 237 13 11 0.8630573749542236 4 -1 -1 
653 328 23 19 0.8567885160446167 4 -1 -1 
578 334 26 23 0.856031060218811 4 -1 -1 
613 232 11 11 0.8512752056121826 4 -1 -1 
1118 465 11 30 0.8459575176239014 1 -1 -1 
328 423 49 37 0.842891275882721 4 -1 -1 
942 346 35 31 0.8320607542991638 4 -1 -1 
429 342 7 22 0.8317569494247437 1 -1 -1 
1023 472 10 30 0.8242769241333008 1 -1 -1 
703 334 22 21 0.8224244117736816 4 -1 -1 
740 247 13 11 0.8202124238014221 4 -1 -1 
420 350 9 21 0.8184183239936829 1 -1 -1 
1043 473 11 31 0.8176007270812988 1 -1 -1 
923 469 12 31 0.8147752285003662 1 -1 -1 
896 306 7 19 0.814522922039032 1 -1 -1 
1030 472 12 30 0.8024539351463318 1 -1 -1 
670 345 23 21 0.798827052116394 4 -1 -1 
1218 521 16 39 0.7963743805885315 1 -1 -1 
741 302 19 16 0.7923063635826111 4 -1 -1 
634 476 40 44 0.7903085350990295 4 -1 -1 
1224 534 17 38 0.7893062829971313 1 -1 -1 
290 380 10 25 0.7826770544052124 1 -1 -1 
681 580 56 65 0.7804763913154602 4 -1 -1 
876 525 28 24 0.7780300378799438 3 -1 -1 
859 267 7 19 0.7767216563224792 1 -1 -1 
209 508 17 36 0.776305615901947 1 -1 -1 
967 331 26 23 0.7733354568481445 4 -1 -1 
859 369 9 25 0.7729138731956482 1 -1 -1 
1068 691 23 41 0.7606669068336487 10 -1 -1 
847 471 28 18 0.7587695121765137 3 -1 -1 
928 298 8 18 0.7481974959373474 1 -1 -1 
935 328 27 24 0.7441999316215515 4 -1 -1 
865 393 8 23 0.7439777851104736 1 -1 -1 
1027 710 22 52 0.7391600608825684 1 -1 -1 
895 575 26 31 0.7360736727714539 3 -1 -1 
908 306 6 17 0.7255108952522278 1 -1 -1 
735 239 12 11 0.7210168242454529 4 -1 -1 
1239 536 22 31 0.7163116335868835 2 -1 -1 
983 338 7 22 0.7093913555145264 1 -1 -1 
1071 681 21 38 0.7085737586021423 2 -1 -1 
990 351 7 21 0.7047069668769836 1 -1 -1 
300 377 9 25 0.7039271593093872 1 -1 -1 
935 357 10 22 0.6973313093185425 1 -1 -1 
700 244 12 11 0.6941463947296143 4 -1 -1 
903 340 8 19 0.6928530931472778 1 -1 -1 
351 383 9 23 0.6918900012969971 1 -1 -1 
756 391 28 29 0.6904089450836182 4 -1 -1 
1175 655 23 37 0.6879198551177979 2 -1 -1 
919 298 8 21 0.6878359913825989 1 -1 -1 
704 391 29 27 0.6826035380363464 4 -1 -1 
875 384 9 31 0.6810866594314575 1 -1 -1 
701 234 12 10 0.6557716727256775 4 -1 -1 
346 398 12 28 0.6555529832839966 1 -1 -1 
871 420 11 26 0.6485716700553894 1 -1 -1 
324 381 10 27 0.6387603878974915 1 -1 -1 
747 319 19 17 0.635834813117981 4 -1 -1 
850 438 27 19 0.6357762217521667 3 -1 -1 
1 665 80 96 0.6317071318626404 4 -1 -1 
1280 476 15 35 0.6237591505050659 1 -1 -1 
848 435 11 29 0.6176635026931763 1 -1 -1 
359 403 9 23 0.6149868965148926 1 -1 -1 
875 410 11 29 0.6042175889015198 1 -1 -1 
421 343 8 18 0.5954679846763611 1 -1 -1 
915 337 8 20 0.595019519329071 1 -1 -1 
911 329 7 18 0.5874821543693542 1 -1 -1 
185 410 10 25 0.586107611656189 1 -1 -1 
221 396 13 20 0.5840078592300415 2 -1 -1 
177 405 10 24 0.5837613344192505 1 -1 -1 
314 411 18 20 0.575557291507721 3 -1 -1 
544 300 7 14 0.5714775919914246 2 -1 -1 
692 209 10 11 0.5709618926048279 4 -1 -1 
703 229 10 10 0.5703315138816833 4 -1 -1 
457 345 11 21 0.570297360420227 3 -1 -1 
436 345 7 22 0.5690631866455078 1 -1 -1 
442 333 7 20 0.5677793025970459 1 -1 -1 
1018 732 24 33 0.5676486492156982 1 -1 -1 
752 288 16 15 0.5659748911857605 4 -1 -1 
199 400 9 23 0.5609560608863831 1 -1 -1 
860 338 8 20 0.5559377670288086 1 -1 -1 
887 308 7 17 0.5537811517715454 1 -1 -1 
876 395 8 21 0.5528771877288818 1 -1 -1 
414 360 8 19 0.5348793268203735 1 -1 -1 
362 385 8 21 0.5332163572311401 1 -1 -1 
543 304 8 12 0.5271892547607422 10 -1 -1 
710 200 15 8 0.5256177186965942 4 -1 -1 
742 202 15 8 0.5249505639076233 4 -1 -1 
771 248 35 16 0.5151655077934265 5 -1 -1 
919 304 7 16 0.5148806571960449 1 -1 -1 
685 217 11 10 0.5119261145591736 4 -1 -1 
388 363 10 18 0.5079392790794373 2 -1 -1 
167 415 9 26 0.5071390271186829 1 -1 -1 
844 467 28 17 0.5043061375617981 3 -1 -1 
207 406 10 21 0.5006076097488403 2 -1 -1 
770 256 35 15 0.49237316846847534 4 -1 -1 
197 413 10 22 0.4886050522327423 1 -1 -1 
732 197 14 8 0.4854978024959564 4 -1 -1 
734 235 12 12 0.4852413535118103 4 -1 -1 
899 358 9 19 0.4838874638080597 2 -1 -1 
203 413 18 19 0.48098868131637573 3 -1 -1 
736 227 11 10 0.4783226251602173 4 -1 -1 
885 343 7 18 0.4747616946697235 1 -1 -1 
851 433 27 19 0.47438207268714905 3 -1 -1 
734 226 12 9 0.474258154630661 4 -1 -1 
699 247 13 10 0.4731932580471039 4 -1 -1 
917 335 8 19 0.47303804755210876 1 -1 -1 
900 361 9 21 0.4714769721031189 10 -1 -1 
842 452 25 15 0.4709956645965576 3 -1 -1 
887 560 16 30 0.4697124660015106 3 -1 -1 
843 383 8 21 0.46566513180732727 1 -1 -1 
703 233 10 9 0.46484801173210144 4 -1 -1 
360 387 9 22 0.4585034251213074 1 -1 -1 
923 321 7 18 0.4576736092567444 1 -1 -1 
297 413 27 24 0.45675376057624817 3 -1 -1 
822 378 8 21 0.45560023188591003 1 -1 -1 
704 220 11 10 0.4503742754459381 4 -1 -1 
1001 736 21 28 0.44791921973228455 2 -1 -1 
878 311 7 16 0.44647476077079773 2 -1 -1 
703 227 10 8 0.4459556043148041 4 -1 -1 
928 322 7 19 0.4439201354980469 1 -1 -1 
1001 736 21 28 0.4438832104206085 1 -1 -1 
732 324 36 60 0.4437576234340668 4 -1 -1 
737 229 11 11 0.4394267201423645 4 -1 -1 
575 253 6 15 0.4367826282978058 1 -1 -1 
994 350 7 21 0.4363231658935547 1 -1 -1 
912 332 8 21 0.4316538870334625 1 -1 -1 
722 196 10 8 0.43002766370773315 4 -1 -1 
40 478 110 83 0.4288538098335266 9 -1 -1 
767 294 7 12 0.42833226919174194 2 -1 -1 
355 375 10 22 0.4275343418121338 1 -1 -1 
819 369 8 24 0.42178094387054443 1 -1 -1 
235 389 13 20 0.4203155040740967 10 -1 -1 
672 291 36 44 0.3531729280948639 4 -1 -1 
318 429 110 125 0.347539484500885 4 -1 -1 
888 562 31 37 0.3110150396823883 3 -1 -1 
672 291 36 44 0.3109121024608612 10 -1 -1 
672 291 36 44 0.30690860748291016 1 -1 -1 
3 486 151 91 0.28739553689956665 9 -1 -1 
672 291 36 44 0.2801513075828552 5 -1 -1 
217 414 78 63 0.27827468514442444 6 -1 -1 
318 429 110 125 0.2733912467956543 10 -1 -1 
318 429 110 125 0.27040988206863403 1 -1 -1 
39 480 110 82 0.2697952687740326 5 -1 -1 
318 429 110 125 0.26448890566825867 5 -1 -1 
672 291 36 44 0.25996100902557373 2 -1 -1 
0 589 94 51 0.25087666511535645 4 -1 -1 
672 291 36 44 0.2506267726421356 3 -1 -1 
318 429 110 125 0.2479807585477829 2 -1 -1 
317 428 111 126 0.247114896774292 3 -1 -1 
25 468 125 91 0.24704352021217346 6 -1 -1 
1017 732 26 33 0.24698196351528168 2 -1 -1 
672 291 36 44 0.2464001178741455 6 -1 -1 
1220 525 19 44 0.24204611778259277 1 -1 -1 
672 291 36 44 0.2270357310771942 7 -1 -1 
318 429 110 125 0.21815484762191772 6 -1 -1 
843 434 34 28 0.21554571390151978 3 -1 -1 
295 410 35 28 0.20594488084316254 10 -1 -1 
672 291 36 44 0.20071694254875183 8 -1 -1 
318 429 110 125 0.19998693466186523 7 -1 -1 
81 736 105 28 0.19393934309482574 4 -1 -1 
843 464 34 26 0.19277851283550262 3 -1 -1 
25 581 82 58 0.19176605343818665 4 -1 -1 
768 249 40 19 0.1911826878786087 4 -1 -1 
277 415 35 27 0.18954870104789734 3 -1 -1 
942 346 35 31 0.1870354861021042 5 -1 -1 
1000 734 36 31 0.18632428348064423 1 -1 -1 
1023 711 25 52 0.1840842068195343 2 -1 -1 
14 426 138 136 0.18256588280200958 9 -1 -1 
318 429 110 125 0.17932604253292084 8 -1 -1 
1 560 95 76 0.1736590713262558 4 -1 -1 
673 269 32 50 0.17299692332744598 9 -1 -1 
685 265 23 37 0.16986820101737976 9 -1 -1 
257 415 40 40 0.16059914231300354 8 -1 -1 
276 414 37 27 0.15732546150684357 10 -1 -1 
840 457 33 29 0.15164174139499664 3 -1 -1 
685 265 23 37 0.15043282508850098 6 -1 -1 
1 552 81 88 0.15040333569049835 5 -1 -1 
285 412 37 29 0.14710721373558044 3 -1 -1 
676 267 28 39 0.14527496695518494 9 -1 -1 
249 415 46 55 0.1451627016067505 8 -1 -1 
217 415 79 62 0.1439126431941986 8 -1 -1 
262 416 40 31 0.14246216416358948 7 -1 -1 
64 479 88 82 0.14196965098381042 6 -1 -1 
63 449 88 109 0.1411973237991333 5 -1 -1 
0 664 81 97 0.13915877044200897 5 -1 -1 
274 414 38 27 0.13867197930812836 7 -1 -1 
1010 717 34 44 0.13816224038600922 1 -1 -1 
3 486 151 91 0.135728120803833 6 -1 -1 
837 441 33 28 0.13464568555355072 3 -1 -1 
692 262 19 39 0.13409464061260223 9 -1 -1 
262 415 40 30 0.1331310272216797 8 -1 -1 
8 677 101 87 0.13308095932006836 4 -1 -1 
885 572 30 34 0.13264614343643188 3 -1 -1 
270 418 38 31 0.13246382772922516 3 -1 -1 
217 415 79 62 0.13217566907405853 7 -1 -1 
681 580 55 65 0.12930968403816223 5 -1 -1 
878 524 37 30 0.12552325427532196 3 -1 -1 
0 584 95 55 0.12338743358850479 5 -1 -1 
676 267 28 39 0.12085921317338943 6 -1 -1 
366 596 82 86 0.12078804522752762 5 -1 -1 
811 629 61 73 0.12039091438055038 5 -1 -1 
262 415 40 30 0.11994598805904388 3 -1 -1 
673 269 32 50 0.1182619035243988 6 -1 -1 
39 480 110 82 0.1169951930642128 4 -1 -1 
691 265 19 37 0.11550313234329224 4 -1 -1 
1238 535 25 33 0.11407606303691864 1 -1 -1 
51 504 98 66 0.11304550617933273 5 -1 -1 
843 433 34 25 0.11283933371305466 7 -1 -1 
285 412 37 29 0.11215609312057495 10 -1 -1 
672 267 23 39 0.1120937168598175 9 -1 -1 
23 551 93 63 0.11186894029378891 4 -1 -1 
4 450 149 114 0.11063484102487564 5 -1 -1 
837 450 32 28 0.1104055717587471 3 -1 -1 
688 265 21 37 0.11033938080072403 5 -1 -1 
844 433 34 27 0.10981062799692154 10 -1 -1 
581 623 60 71 0.10932348668575287 5 -1 -1 
57 434 94 124 0.10786237567663193 6 -1 -1 
580 623 61 71 0.10672957450151443 1 -1 -1 
273 414 37 28 0.10541229695081711 8 -1 -1 
8 552 99 71 0.1053193062543869 5 -1 -1 
692 262 19 39 0.10439830273389816 6 -1 -1 
294 410 36 27 0.10385429114103317 7 -1 -1 
768 252 41 19 0.10335133969783783 5 -1 -1 
0 579 74 61 0.10213980078697205 9 -1 -1 
755 390 29 31 0.10102105140686035 5 -1 -1 
164 438 56 39 0.09964879602193832 8 -1 -1 
89 589 98 76 0.09959691017866135 5 -1 -1 
255 415 42 46 0.09915729612112045 7 -1 -1 
32 524 116 55 0.09899776428937912 5 -1 -1 
56 504 95 66 0.09894037246704102 9 -1 -1 
24 549 95 46 0.09884961694478989 5 -1 -1 
13 714 122 50 0.09774164110422134 4 -1 -1 
51 504 98 66 0.09604744613170624 4 -1 -1 
703 390 30 29 0.09583967924118042 5 -1 -1 
82 736 104 28 0.09450805932283401 5 -1 -1 
1010 717 34 44 0.09408354759216309 2 -1 -1 
88 589 98 77 0.09392841905355453 1 -1 -1 
672 267 23 39 0.0934782400727272 6 -1 -1 
669 271 23 44 0.09294446557760239 9 -1 -1 
931 326 31 27 0.09273197501897812 6 -1 -1 
1 556 79 63 0.09264121949672699 9 -1 -1 
24 549 99 42 0.09206179529428482 4 -1 -1 
238 427 55 49 0.0914248451590538 6 -1 -1 
604 188 39 20 0.09125406295061111 6 -1 -1 
882 563 24 37 0.09074477106332779 3 -1 -1 
254 410 40 34 0.0902261808514595 8 -1 -1 
681 580 55 65 0.08900338411331177 1 -1 -1 
886 559 29 35 0.08817517012357712 10 -1 -1 
812 629 60 73 0.08814066648483276 1 -1 -1 
22 535 73 92 0.08757481724023819 4 -1 -1 
1279 473 24 38 0.0867169201374054 1 -1 -1 
366 595 81 88 0.08622409403324127 1 -1 -1 
1222 522 23 40 0.0853925347328186 1 -1 -1 
270 418 38 31 0.08460744470357895 10 -1 -1 
875 533 36 24 0.08443432301282883 10 -1 -1 
4 450 149 114 0.08379067480564117 4 -1 -1 
214 416 81 62 0.0773899182677269 9 -1 -1 
0 486 152 106 0.0719669759273529 5 -1 -1 
216 413 80 65 0.06467187404632568 5 -1 -1 
4 450 149 114 0.06296183168888092 8 -1 -1 
0 486 152 106 0.0606556311249733 4 -1 -1 
0 501 149 141 0.05696786940097809 9 -1 -1 
40 457 126 125 0.0562577098608017 9 -1 -1 
173 428 118 50 0.05095868930220604 6 -1 -1 
0 426 150 133 0.05014116317033768 6 -1 -1 
