645 129 25 33 0.9813605546951294 5 -1 -1 
736 204 37 43 0.9745624661445618 5 -1 -1 
788 401 57 62 0.9280242323875427 4 -1 -1 
444 112 28 35 0.9211969971656799 5 -1 -1 
629 447 57 83 0.916424572467804 4 -1 -1 
643 337 48 57 0.8987717628479004 4 -1 -1 
220 238 53 46 0.8895412683486938 4 -1 -1 
458 142 28 28 0.8709606528282166 4 -1 -1 
700 69 24 22 0.8685263395309448 4 -1 -1 
542 88 29 26 0.8649767637252808 4 -1 -1 
375 122 30 30 0.8632068634033203 4 -1 -1 
935 521 22 46 0.8569742441177368 1 -1 -1 
346 206 42 41 0.8560428619384766 4 -1 -1 
444 205 37 45 0.8482037782669067 4 -1 -1 
785 334 47 56 0.8413378000259399 4 -1 -1 
421 260 50 48 0.8321143388748169 4 -1 -1 
378 238 49 49 0.8320257663726807 4 -1 -1 
393 203 38 40 0.813958466053009 4 -1 -1 
712 164 32 34 0.8103431463241577 4 -1 -1 
291 206 44 42 0.8103327751159668 4 -1 -1 
652 103 26 25 0.8058710098266602 4 -1 -1 
244 202 44 43 0.7993597388267517 4 -1 -1 
576 12 17 18 0.7964236736297607 4 -1 -1 
598 107 27 32 0.7960982918739319 4 -1 -1 
497 134 29 27 0.7882897853851318 4 -1 -1 
635 194 35 38 0.7834047079086304 4 -1 -1 
333 120 31 30 0.7766104936599731 4 -1 -1 
559 39 22 19 0.7688504457473755 4 -1 -1 
566 28 19 19 0.7645400762557983 4 -1 -1 
626 32 18 21 0.7639797925949097 4 -1 -1 
328 243 46 46 0.7630181908607483 4 -1 -1 
273 237 46 49 0.762395441532135 4 -1 -1 
557 54 23 19 0.7556710839271545 4 -1 -1 
624 17 18 18 0.7421707510948181 4 -1 -1 
291 155 86 33 0.7414870262145996 4 -1 -1 
357 666 31 57 0.727652370929718 1 -1 -1 
515 114 8 22 0.723211944103241 1 -1 -1 
879 413 95 75 0.7101272344589233 4 -1 -1 
900 192 27 16 0.6985949277877808 10 -1 -1 
299 141 33 28 0.6910092830657959 4 -1 -1 
621 63 8 14 0.6898751258850098 2 -1 -1 
548 64 26 23 0.682811439037323 4 -1 -1 
496 178 9 27 0.6810610294342041 1 -1 -1 
729 59 55 20 0.6796954274177551 4 -1 -1 
454 547 23 49 0.6795358061790466 10 -1 -1 
511 543 22 41 0.6722121238708496 2 -1 -1 
454 536 23 40 0.6700769066810608 2 -1 -1 
1171 702 33 42 0.6642664074897766 1 -1 -1 
621 67 9 16 0.6573511362075806 10 -1 -1 
682 48 6 14 0.6537391543388367 2 -1 -1 
696 268 14 25 0.6488104462623596 2 -1 -1 
346 143 31 28 0.627016544342041 4 -1 -1 
739 81 57 28 0.6165956854820251 4 -1 -1 
512 555 22 50 0.6111080050468445 10 -1 -1 
596 62 9 14 0.6007859110832214 2 -1 -1 
923 241 18 33 0.5991265177726746 10 -1 -1 
714 181 9 26 0.5868183374404907 1 -1 -1 
923 229 17 36 0.5791649222373962 2 -1 -1 
782 240 76 31 0.5766001343727112 4 -1 -1 
588 22 13 18 0.5740324258804321 5 -1 -1 
588 22 12 18 0.5717711448669434 8 -1 -1 
507 181 10 27 0.5716729164123535 1 -1 -1 
596 66 9 15 0.5631437301635742 10 -1 -1 
417 137 32 34 0.5579289197921753 5 -1 -1 
681 53 7 14 0.556601881980896 10 -1 -1 
634 703 84 61 0.5551515221595764 4 -1 -1 
782 205 74 34 0.5501874089241028 4 -1 -1 
416 137 33 34 0.539520800113678 4 -1 -1 
624 0 18 12 0.5393392443656921 4 -1 -1 
854 339 16 31 0.5389643311500549 10 -1 -1 
1171 702 33 42 0.5283758044242859 2 -1 -1 
412 122 25 28 0.5222768187522888 4 -1 -1 
937 234 20 15 0.5215721130371094 10 -1 -1 
511 554 24 51 0.5127963423728943 3 -1 -1 
697 276 13 27 0.4901103973388672 10 -1 -1 
1181 428 95 86 0.4802837371826172 4 -1 -1 
296 116 15 19 0.4785773456096649 2 -1 -1 
314 723 25 38 0.47335371375083923 1 -1 -1 
412 122 25 28 0.46737566590309143 5 -1 -1 
501 188 12 25 0.4655880630016327 10 -1 -1 
1020 451 23 33 0.46093085408210754 10 -1 -1 
1180 417 110 99 0.4587579667568207 5 -1 -1 
795 38 7 12 0.45283064246177673 10 -1 -1 
796 31 7 17 0.45254501700401306 2 -1 -1 
501 186 10 24 0.4034934937953949 1 -1 -1 
739 74 54 26 0.4020686745643616 4 -1 -1 
314 702 25 42 0.39798954129219055 1 -1 -1 
759 176 45 23 0.3960002660751343 4 -1 -1 
733 66 59 20 0.39509695768356323 4 -1 -1 
855 339 16 31 0.3933757245540619 3 -1 -1 
727 53 51 23 0.3859502971172333 4 -1 -1 
697 277 13 21 0.3793601095676422 2 -1 -1 
357 666 30 58 0.3771170377731323 10 -1 -1 
802 35 9 15 0.3750450909137726 2 -1 -1 
741 68 53 23 0.3718474805355072 4 -1 -1 
803 39 10 13 0.3708726465702057 10 -1 -1 
781 33 7 16 0.3658066689968109 1 -1 -1 
356 667 31 54 0.3628023862838745 2 -1 -1 
796 32 7 16 0.3603023886680603 1 -1 -1 
501 186 10 24 0.35546568036079407 2 -1 -1 
403 411 26 36 0.34809768199920654 2 -1 -1 
500 183 9 24 0.33617013692855835 1 -1 -1 
782 204 72 35 0.33592909574508667 5 -1 -1 
726 45 58 25 0.3308853507041931 4 -1 -1 
502 184 14 27 0.32842060923576355 1 -1 -1 
794 29 8 15 0.3282349109649658 2 -1 -1 
723 29 31 19 0.32484596967697144 4 -1 -1 
600 0 5 8 0.3228472173213959 1 -1 -1 
457 562 19 35 0.32014748454093933 10 -1 -1 
924 230 16 35 0.31851109862327576 1 -1 -1 
306 698 28 38 0.3171177804470062 1 -1 -1 
802 34 9 17 0.3170117735862732 1 -1 -1 
294 116 17 19 0.31458428502082825 3 -1 -1 
681 53 7 14 0.3102845847606659 3 -1 -1 
588 22 12 18 0.30615994334220886 4 -1 -1 
799 33 10 16 0.2966270446777344 2 -1 -1 
507 181 10 27 0.2959325909614563 2 -1 -1 
758 163 48 35 0.2932681441307068 4 -1 -1 
621 63 9 15 0.29316017031669617 10 -1 -1 
292 155 84 33 0.29167917370796204 5 -1 -1 
913 202 32 23 0.290514200925827 10 -1 -1 
598 107 27 32 0.2812519669532776 5 -1 -1 
923 230 17 36 0.27534812688827515 10 -1 -1 
922 239 19 34 0.24983009696006775 2 -1 -1 
913 201 32 24 0.2310745269060135 3 -1 -1 
421 260 50 49 0.23073750734329224 5 -1 -1 
645 129 25 33 0.21436761319637299 4 -1 -1 
553 56 26 25 0.21082180738449097 4 -1 -1 
548 65 26 23 0.2018139362335205 5 -1 -1 
712 164 32 34 0.19759733974933624 5 -1 -1 
1181 400 120 114 0.17796796560287476 4 -1 -1 
634 703 84 61 0.1740502119064331 5 -1 -1 
879 416 96 72 0.16977213323116302 5 -1 -1 
645 129 25 33 0.1631648987531662 8 -1 -1 
728 108 32 26 0.15661461651325226 7 -1 -1 
785 334 46 56 0.15296736359596252 5 -1 -1 
498 134 28 27 0.15185697376728058 5 -1 -1 
923 241 18 33 0.15031658113002777 3 -1 -1 
696 268 14 33 0.14652197062969208 1 -1 -1 
923 197 23 27 0.14615564048290253 3 -1 -1 
499 184 18 31 0.1442025750875473 10 -1 -1 
782 240 74 31 0.14135897159576416 5 -1 -1 
936 228 26 23 0.1390460729598999 10 -1 -1 
1180 416 111 100 0.13420620560646057 6 -1 -1 
134 581 128 90 0.13181976974010468 4 -1 -1 
909 197 27 23 0.1314135491847992 10 -1 -1 
883 401 150 87 0.12887941300868988 4 -1 -1 
633 703 85 61 0.128569096326828 10 -1 -1 
922 224 22 33 0.1281956285238266 2 -1 -1 
758 154 53 45 0.1278030276298523 5 -1 -1 
134 581 128 90 0.1273508071899414 5 -1 -1 
913 406 116 48 0.12672851979732513 4 -1 -1 
712 164 32 34 0.12322796881198883 6 -1 -1 
624 13 22 25 0.12234734743833542 4 -1 -1 
633 703 85 61 0.1219489648938179 1 -1 -1 
738 72 59 36 0.12094946950674057 5 -1 -1 
922 239 19 34 0.12061302363872528 1 -1 -1 
645 129 25 33 0.11975683271884918 10 -1 -1 
782 192 74 41 0.11933926492929459 4 -1 -1 
759 150 53 48 0.11678498983383179 9 -1 -1 
117 580 140 101 0.11386987566947937 6 -1 -1 
1097 332 212 109 0.11343824118375778 6 -1 -1 
542 88 29 26 0.11142316460609436 5 -1 -1 
758 157 53 43 0.11012669652700424 6 -1 -1 
734 113 47 22 0.10906115174293518 4 -1 -1 
923 197 23 27 0.10836654901504517 10 -1 -1 
951 407 93 60 0.10823257267475128 4 -1 -1 
292 155 84 33 0.10805951058864594 6 -1 -1 
645 129 25 33 0.10796726495027542 6 -1 -1 
378 238 49 48 0.10742458701133728 5 -1 -1 
1005 425 41 60 0.1070951297879219 10 -1 -1 
696 271 15 33 0.10709400475025177 2 -1 -1 
542 88 29 26 0.10572163015604019 6 -1 -1 
854 339 16 31 0.10443692654371262 7 -1 -1 
495 177 14 31 0.10198267549276352 1 -1 -1 
760 152 56 47 0.09945313632488251 4 -1 -1 
923 230 17 36 0.09942486882209778 3 -1 -1 
728 108 32 26 0.09742183983325958 10 -1 -1 
785 216 85 37 0.09735532104969025 4 -1 -1 
497 180 17 33 0.09709255397319794 1 -1 -1 
275 237 43 50 0.09691973030567169 5 -1 -1 
90 582 161 104 0.09664937108755112 4 -1 -1 
909 197 27 23 0.0958266407251358 3 -1 -1 
696 266 14 33 0.09537440538406372 10 -1 -1 
893 409 119 62 0.0946040078997612 4 -1 -1 
900 188 28 21 0.09346573799848557 3 -1 -1 
645 129 25 33 0.09341707825660706 7 -1 -1 
844 340 27 30 0.09321705251932144 3 -1 -1 
652 103 26 25 0.09120000898838043 5 -1 -1 
1065 294 217 153 0.09060533344745636 6 -1 -1 
886 394 152 90 0.07393546402454376 6 -1 -1 
883 401 150 87 0.07146921008825302 5 -1 -1 
880 400 105 89 0.06623164564371109 6 -1 -1 
879 380 114 105 0.06350413709878922 4 -1 -1 
921 391 128 91 0.05742068961262703 4 -1 -1 
1043 349 245 135 0.05104495584964752 6 -1 -1 
