268 38 36 43 0.9988388419151306 9 -1 -1 
776 427 169 139 0.9949938654899597 6 -1 -1 
379 356 165 88 0.9947872161865234 6 -1 -1 
580 181 51 44 0.9910025000572205 6 -1 -1 
1027 516 141 105 0.9846603274345398 5 -1 -1 
826 376 89 58 0.9273548126220703 4 -1 -1 
966 40 30 16 0.9092967510223389 5 -1 -1 
1133 120 48 25 0.9092283248901367 5 -1 -1 
288 555 25 53 0.8830360174179077 1 -1 -1 
192 621 38 38 0.8781249523162842 3 -1 -1 
445 606 27 62 0.8759691119194031 1 -1 -1 
104 325 25 32 0.8663812279701233 3 -1 -1 
27 565 27 53 0.8602065443992615 1 -1 -1 
422 237 43 39 0.8505719900131226 4 -1 -1 
315 52 22 17 0.8393703699111938 4 -1 -1 
293 4 17 15 0.8336445093154907 4 -1 -1 
391 44 19 15 0.8314156532287598 4 -1 -1 
363 22 17 13 0.8135766983032227 4 -1 -1 
318 31 20 15 0.8105193972587585 4 -1 -1 
1029 99 40 19 0.8084068894386292 4 -1 -1 
353 35 20 16 0.8056584596633911 4 -1 -1 
287 30 18 15 0.7920610904693604 4 -1 -1 
49 531 36 56 0.7914972901344299 10 -1 -1 
254 14 18 16 0.7890260815620422 4 -1 -1 
1020 52 35 16 0.7861027121543884 4 -1 -1 
435 82 28 19 0.7810134291648865 4 -1 -1 
1110 98 45 22 0.7790388464927673 5 -1 -1 
1253 101 15 13 0.7600706815719604 10 -1 -1 
1048 103 38 20 0.7590476870536804 4 -1 -1 
261 110 34 44 0.7537869215011597 5 -1 -1 
1068 106 44 22 0.7482190132141113 4 -1 -1 
1115 117 43 23 0.740670919418335 5 -1 -1 
600 4 29 11 0.7299821972846985 4 -1 -1 
405 95 26 21 0.7265106439590454 4 -1 -1 
307 97 24 23 0.7145398855209351 4 -1 -1 
364 107 30 30 0.6972155570983887 4 -1 -1 
993 70 34 21 0.6952213644981384 5 -1 -1 
1228 133 39 20 0.6834359765052795 4 -1 -1 
1121 76 31 16 0.6739953756332397 4 -1 -1 
1255 156 54 25 0.669439435005188 4 -1 -1 
1144 79 31 16 0.6647290587425232 4 -1 -1 
1010 75 38 19 0.6631205677986145 5 -1 -1 
271 222 11 23 0.6604059934616089 3 -1 -1 
285 199 10 31 0.6594070196151733 1 -1 -1 
1042 87 43 17 0.6520804166793823 4 -1 -1 
1252 138 52 24 0.6506223678588867 4 -1 -1 
1107 67 34 19 0.6491485834121704 5 -1 -1 
770 14 27 15 0.6477938890457153 5 -1 -1 
1227 150 50 24 0.645421028137207 4 -1 -1 
1092 116 39 20 0.6359655261039734 4 -1 -1 
1025 82 33 16 0.6319420337677002 4 -1 -1 
1136 104 42 20 0.6271697282791138 5 -1 -1 
575 2 29 12 0.6245949268341064 4 -1 -1 
788 35 27 13 0.6243599057197571 4 -1 -1 
901 28 23 12 0.6218238472938538 4 -1 -1 
1006 93 37 19 0.6194122433662415 4 -1 -1 
940 37 34 14 0.6153923273086548 4 -1 -1 
1054 56 36 19 0.6073949933052063 5 -1 -1 
1086 66 30 16 0.604758083820343 4 -1 -1 
354 647 51 43 0.6033374667167664 3 -1 -1 
949 61 31 17 0.6003716588020325 5 -1 -1 
1069 63 31 16 0.59698885679245 4 -1 -1 
1215 128 43 17 0.5955755114555359 4 -1 -1 
886 33 6 14 0.5881308317184448 1 -1 -1 
1268 113 51 26 0.5765070915222168 5 -1 -1 
1204 92 29 14 0.5631829500198364 7 -1 -1 
281 553 21 53 0.5590094923973083 1 -1 -1 
846 39 29 13 0.5532730221748352 4 -1 -1 
1006 46 34 19 0.5518971085548401 5 -1 -1 
1077 96 36 17 0.5492874383926392 4 -1 -1 
1202 146 49 21 0.5372413992881775 4 -1 -1 
870 45 32 14 0.5287609100341797 4 -1 -1 
918 29 32 16 0.5242643356323242 4 -1 -1 
892 51 36 15 0.5234977602958679 4 -1 -1 
1158 82 32 18 0.5092635750770569 7 -1 -1 
801 39 27 13 0.5066297650337219 4 -1 -1 
708 341 19 23 0.5044678449630737 10 -1 -1 
918 29 21 14 0.5032597184181213 4 -1 -1 
707 331 14 32 0.5031024813652039 1 -1 -1 
481 61 6 15 0.4915671944618225 1 -1 -1 
784 1 25 12 0.49069032073020935 4 -1 -1 
568 1 30 12 0.4883960783481598 4 -1 -1 
707 331 19 33 0.4844892621040344 2 -1 -1 
713 2 22 10 0.47511184215545654 4 -1 -1 
277 197 10 25 0.4743635058403015 1 -1 -1 
489 58 6 15 0.46904194355010986 1 -1 -1 
804 5 28 12 0.46845847368240356 4 -1 -1 
600 0 25 10 0.4683355987071991 4 -1 -1 
1172 88 53 20 0.4595528542995453 6 -1 -1 
928 32 30 13 0.45731669664382935 4 -1 -1 
1158 85 32 17 0.4543705880641937 8 -1 -1 
268 38 36 43 0.44907981157302856 4 -1 -1 
1267 113 48 26 0.4480232894420624 4 -1 -1 
1072 98 44 20 0.43550053238868713 4 -1 -1 
0 316 14 24 0.4275802969932556 3 -1 -1 
249 594 27 72 0.42642027139663696 1 -1 -1 
1188 92 36 16 0.42419108748435974 7 -1 -1 
0 585 23 49 0.4179857671260834 1 -1 -1 
1063 96 45 20 0.4128601551055908 4 -1 -1 
687 0 24 10 0.4050998389720917 4 -1 -1 
1158 82 33 20 0.40398237109184265 6 -1 -1 
1010 75 38 19 0.40397581458091736 4 -1 -1 
1007 46 33 19 0.3963738977909088 4 -1 -1 
1091 100 30 16 0.3869936764240265 4 -1 -1 
268 38 36 43 0.3853442966938019 10 -1 -1 
1058 93 42 16 0.37854698300361633 4 -1 -1 
1053 94 42 21 0.3663288950920105 4 -1 -1 
278 197 11 32 0.3621059060096741 1 -1 -1 
905 28 14 15 0.3518294095993042 4 -1 -1 
366 656 39 38 0.3502250909805298 3 -1 -1 
1039 102 41 18 0.34962019324302673 4 -1 -1 
1172 114 38 21 0.34774377942085266 5 -1 -1 
770 13 27 16 0.34754806756973267 4 -1 -1 
268 38 36 43 0.33750417828559875 3 -1 -1 
713 343 15 20 0.3351767063140869 10 -1 -1 
364 107 30 30 0.3336869478225708 5 -1 -1 
810 6 28 12 0.3306964039802551 4 -1 -1 
1055 100 48 21 0.33015623688697815 4 -1 -1 
1055 56 33 18 0.3290075361728668 4 -1 -1 
1144 117 40 17 0.32864058017730713 4 -1 -1 
1257 96 11 15 0.32830408215522766 2 -1 -1 
630 4 30 14 0.3263416290283203 4 -1 -1 
1170 116 43 19 0.3251931667327881 4 -1 -1 
1172 83 42 21 0.3203345537185669 6 -1 -1 
1052 91 38 14 0.31984102725982666 4 -1 -1 
268 38 36 43 0.31891965866088867 1 -1 -1 
925 57 34 16 0.31400418281555176 4 -1 -1 
268 38 36 43 0.313297837972641 7 -1 -1 
1259 141 57 25 0.31023478507995605 4 -1 -1 
381 356 164 88 0.3100455403327942 4 -1 -1 
268 38 36 43 0.30796393752098083 5 -1 -1 
1172 137 49 21 0.3062022030353546 4 -1 -1 
996 46 27 17 0.30569422245025635 4 -1 -1 
271 214 16 24 0.3047289252281189 3 -1 -1 
268 38 36 43 0.30421870946884155 2 -1 -1 
1158 734 108 30 0.3030025362968445 4 -1 -1 
260 111 35 43 0.3008406162261963 4 -1 -1 
980 68 33 20 0.29618242383003235 4 -1 -1 
1178 118 44 20 0.2891753613948822 4 -1 -1 
992 70 35 21 0.2874489724636078 4 -1 -1 
268 38 36 43 0.28594064712524414 6 -1 -1 
1058 58 40 18 0.28240033984184265 4 -1 -1 
1144 79 35 17 0.27980783581733704 6 -1 -1 
779 426 167 139 0.2772235572338104 5 -1 -1 
1136 115 45 20 0.27074092626571655 5 -1 -1 
1115 70 35 19 0.27038276195526123 4 -1 -1 
1136 104 45 24 0.26919886469841003 4 -1 -1 
1123 119 47 24 0.26867324113845825 5 -1 -1 
776 427 169 139 0.26794537901878357 10 -1 -1 
1077 101 46 23 0.26275524497032166 4 -1 -1 
776 427 169 139 0.2591024339199066 4 -1 -1 
379 356 165 88 0.2587784230709076 7 -1 -1 
980 68 34 21 0.2585185170173645 5 -1 -1 
1026 518 142 102 0.25574320554733276 8 -1 -1 
1184 121 47 23 0.2538290023803711 4 -1 -1 
948 61 33 17 0.2533924877643585 6 -1 -1 
630 2 38 19 0.2509916424751282 4 -1 -1 
630 3 37 18 0.2501950263977051 5 -1 -1 
1107 67 34 19 0.2476385086774826 4 -1 -1 
1139 106 44 23 0.24636036157608032 5 -1 -1 
268 38 36 43 0.24608507752418518 8 -1 -1 
379 356 166 88 0.24549835920333862 10 -1 -1 
1157 82 34 20 0.24400492012500763 4 -1 -1 
1086 112 40 18 0.24179892241954803 4 -1 -1 
1179 90 52 18 0.2403155416250229 7 -1 -1 
1184 92 49 16 0.23963521420955658 6 -1 -1 
382 356 164 87 0.23793108761310577 5 -1 -1 
1027 516 140 104 0.23785141110420227 10 -1 -1 
261 111 34 42 0.23765771090984344 6 -1 -1 
1137 118 45 21 0.23639219999313354 4 -1 -1 
1136 104 43 20 0.2335338592529297 6 -1 -1 
948 61 33 17 0.23164555430412292 4 -1 -1 
1146 80 40 20 0.2303604781627655 4 -1 -1 
1110 98 45 22 0.2293217033147812 4 -1 -1 
776 427 169 139 0.22603166103363037 7 -1 -1 
1025 518 142 102 0.22261649370193481 4 -1 -1 
1115 117 47 23 0.21938149631023407 4 -1 -1 
1086 65 35 17 0.21711976826190948 5 -1 -1 
999 72 37 20 0.21523047983646393 5 -1 -1 
1115 70 35 19 0.2145269513130188 5 -1 -1 
932 33 34 15 0.21399283409118652 4 -1 -1 
1013 48 36 18 0.211302250623703 4 -1 -1 
687 0 43 13 0.20925408601760864 6 -1 -1 
1027 516 141 105 0.20142392814159393 6 -1 -1 
268 216 18 30 0.2000838816165924 3 -1 -1 
966 67 37 18 0.19982926547527313 4 -1 -1 
1068 61 34 18 0.19855841994285583 5 -1 -1 
1025 82 36 16 0.19761627912521362 5 -1 -1 
880 48 38 15 0.1971777081489563 4 -1 -1 
1104 116 39 22 0.19706496596336365 4 -1 -1 
1157 82 34 20 0.19683541357517242 5 -1 -1 
271 213 23 31 0.19067054986953735 3 -1 -1 
1177 118 46 21 0.18933413922786713 5 -1 -1 
0 312 21 29 0.18429695069789886 3 -1 -1 
1013 48 36 18 0.1839556246995926 5 -1 -1 
1175 128 51 24 0.1836022585630417 4 -1 -1 
1036 84 38 17 0.18186116218566895 4 -1 -1 
1166 82 69 24 0.05927961319684982 6 -1 -1 
