621 172 29 19 0.9597283005714417 6 -1 -1 
475 580 19 44 0.9499223232269287 1 -1 -1 
856 485 14 39 0.9398503303527832 1 -1 -1 
735 442 107 48 0.8761327266693115 4 -1 -1 
534 341 33 35 0.7998151183128357 4 -1 -1 
636 191 16 14 0.7987918257713318 4 -1 -1 
608 133 11 10 0.7956553101539612 4 -1 -1 
966 575 32 42 0.7841869592666626 10 -1 -1 
528 362 31 39 0.7506394386291504 4 -1 -1 
641 223 39 16 0.7422839403152466 4 -1 -1 
333 510 117 54 0.7345651388168335 4 -1 -1 
604 121 9 9 0.7326499819755554 4 -1 -1 
622 136 10 10 0.7207251191139221 4 -1 -1 
606 145 12 13 0.7048436403274536 4 -1 -1 
581 379 12 23 0.695380687713623 2 -1 -1 
740 215 6 15 0.6727880835533142 1 -1 -1 
644 203 27 18 0.6608837246894836 5 -1 -1 
715 690 86 73 0.64922696352005 5 -1 -1 
578 195 7 15 0.6443625688552856 1 -1 -1 
611 105 8 8 0.6413012146949768 4 -1 -1 
581 386 13 25 0.621679961681366 10 -1 -1 
626 120 10 8 0.6200531721115112 4 -1 -1 
596 191 6 10 0.611610472202301 10 -1 -1 
596 187 6 9 0.5987783670425415 2 -1 -1 
633 147 12 16 0.5959497690200806 8 -1 -1 
587 145 13 13 0.5510122776031494 4 -1 -1 
329 412 37 23 0.5154492855072021 10 -1 -1 
625 126 11 9 0.49928969144821167 4 -1 -1 
595 109 8 8 0.4947163760662079 4 -1 -1 
424 314 33 39 0.488081157207489 5 -1 -1 
630 188 5 13 0.4800410568714142 2 -1 -1 
590 131 11 11 0.4633127450942993 4 -1 -1 
568 234 7 15 0.46073055267333984 1 -1 -1 
627 132 10 9 0.4558687210083008 4 -1 -1 
624 135 10 9 0.4551371932029724 4 -1 -1 
715 690 86 73 0.4436778426170349 4 -1 -1 
588 139 11 10 0.43987998366355896 4 -1 -1 
423 314 31 39 0.4390115439891815 4 -1 -1 
802 300 19 18 0.43388843536376953 10 -1 -1 
620 125 4 8 0.43369796872138977 2 -1 -1 
593 122 9 8 0.4232098460197449 4 -1 -1 
664 141 44 21 0.4208501875400543 6 -1 -1 
643 171 4 11 0.41768842935562134 1 -1 -1 
630 145 14 14 0.4099072813987732 8 -1 -1 
629 192 7 11 0.40547871589660645 3 -1 -1 
330 414 20 20 0.39698103070259094 10 -1 -1 
568 169 24 14 0.39650794863700867 4 -1 -1 
356 353 21 19 0.39045339822769165 6 -1 -1 
578 171 15 12 0.3870183527469635 4 -1 -1 
713 186 6 8 0.382221519947052 2 -1 -1 
623 102 8 12 0.37558478116989136 8 -1 -1 
630 192 6 11 0.37199097871780396 10 -1 -1 
967 576 13 24 0.3671688139438629 2 -1 -1 
618 110 4 7 0.3543713092803955 1 -1 -1 
620 126 4 8 0.3537861108779907 10 -1 -1 
628 144 15 11 0.3474673330783844 4 -1 -1 
713 186 5 8 0.3431006968021393 10 -1 -1 
609 101 3 6 0.33748847246170044 1 -1 -1 
620 126 4 7 0.3298545181751251 1 -1 -1 
589 134 11 11 0.3262537717819214 4 -1 -1 
596 189 6 12 0.3241369426250458 2 -1 -1 
480 196 45 51 0.3193235695362091 8 -1 -1 
748 219 6 10 0.3157990574836731 2 -1 -1 
628 128 10 8 0.3105051517486572 4 -1 -1 
628 150 4 10 0.3080756664276123 1 -1 -1 
748 218 6 11 0.305979460477829 1 -1 -1 
625 129 11 9 0.30504414439201355 4 -1 -1 
618 109 5 7 0.2904611825942993 1 -1 -1 
979 561 29 19 0.2861923575401306 10 -1 -1 
480 201 39 46 0.2846522629261017 7 -1 -1 
631 138 12 12 0.28388962149620056 4 -1 -1 
623 107 7 8 0.28280311822891235 8 -1 -1 
955 535 27 19 0.2817023992538452 7 -1 -1 
591 125 10 11 0.2780771255493164 4 -1 -1 
933 518 6 9 0.2775830030441284 1 -1 -1 
355 354 22 18 0.27740731835365295 8 -1 -1 
630 189 6 12 0.2728663384914398 1 -1 -1 
629 150 7 9 0.27253100275993347 1 -1 -1 
355 354 22 18 0.27252140641212463 7 -1 -1 
620 126 4 8 0.26298725605010986 3 -1 -1 
587 136 11 11 0.2602749764919281 4 -1 -1 
583 140 16 18 0.2602672576904297 4 -1 -1 
529 363 30 37 0.2589486241340637 5 -1 -1 
595 105 8 8 0.2588474750518799 4 -1 -1 
618 112 4 5 0.25734004378318787 2 -1 -1 
979 561 29 19 0.25548383593559265 7 -1 -1 
966 575 10 21 0.2543255388736725 2 -1 -1 
623 107 7 8 0.25406336784362793 4 -1 -1 
596 188 6 10 0.2536314129829407 10 -1 -1 
593 125 9 8 0.2533997595310211 4 -1 -1 
644 203 28 18 0.2525842487812042 4 -1 -1 
627 125 11 8 0.25122809410095215 4 -1 -1 
858 506 11 19 0.24799120426177979 1 -1 -1 
953 513 21 19 0.24787408113479614 3 -1 -1 
628 110 5 7 0.2465510070323944 2 -1 -1 
634 149 10 14 0.24516935646533966 7 -1 -1 
630 146 14 12 0.24473704397678375 4 -1 -1 
622 102 9 12 0.24385914206504822 5 -1 -1 
475 580 18 43 0.24282795190811157 4 -1 -1 
606 145 12 13 0.24117803573608398 5 -1 -1 
628 110 5 7 0.2404875010251999 10 -1 -1 
570 97 9 8 0.23733992874622345 4 -1 -1 
633 147 12 16 0.2335638701915741 4 -1 -1 
566 94 9 9 0.22935530543327332 4 -1 -1 
303 415 10 15 0.22689415514469147 2 -1 -1 
645 220 36 15 0.22667504847049713 4 -1 -1 
580 383 14 27 0.22600491344928741 2 -1 -1 
620 124 4 6 0.2252807915210724 2 -1 -1 
262 464 27 17 0.22484232485294342 1 -1 -1 
630 135 11 10 0.22396889328956604 4 -1 -1 
568 96 9 9 0.2207820564508438 4 -1 -1 
623 102 8 12 0.21913465857505798 4 -1 -1 
581 379 12 22 0.21883650124073029 1 -1 -1 
856 485 14 39 0.21604199707508087 4 -1 -1 
627 107 6 8 0.21485181152820587 2 -1 -1 
955 536 26 18 0.21395574510097504 10 -1 -1 
618 109 4 7 0.21389038860797882 2 -1 -1 
353 354 24 18 0.21360577642917633 4 -1 -1 
631 150 10 11 0.2126067727804184 8 -1 -1 
609 100 3 7 0.21075375378131866 2 -1 -1 
625 126 10 8 0.2107011377811432 5 -1 -1 
628 148 11 12 0.21050290763378143 1 -1 -1 
375 475 86 40 0.20984819531440735 4 -1 -1 
976 584 16 22 0.2097618132829666 2 -1 -1 
632 141 14 11 0.2083653062582016 4 -1 -1 
672 117 10 10 0.2048274427652359 8 -1 -1 
262 464 27 17 0.20438189804553986 2 -1 -1 
623 107 8 9 0.2040693163871765 7 -1 -1 
983 584 14 25 0.20391187071800232 2 -1 -1 
568 99 4 9 0.20340566337108612 1 -1 -1 
481 217 32 31 0.2024838775396347 7 -1 -1 
599 104 6 6 0.20164240896701813 1 -1 -1 
609 101 3 6 0.20115041732788086 10 -1 -1 
355 354 22 18 0.19943876564502716 5 -1 -1 
618 110 4 7 0.19923187792301178 10 -1 -1 
333 412 14 19 0.1992303878068924 10 -1 -1 
596 192 6 10 0.1990433633327484 3 -1 -1 
948 515 23 15 0.19857394695281982 10 -1 -1 
632 146 19 15 0.19833116233348846 8 -1 -1 
587 139 12 12 0.19803059101104736 5 -1 -1 
633 147 12 16 0.1971965879201889 5 -1 -1 
591 120 10 10 0.1960296630859375 4 -1 -1 
626 120 10 8 0.19494570791721344 5 -1 -1 
808 294 14 23 0.19484493136405945 10 -1 -1 
625 123 9 8 0.1947721242904663 4 -1 -1 
647 201 36 19 0.1937265247106552 5 -1 -1 
596 187 6 9 0.19279873371124268 1 -1 -1 
633 152 11 12 0.1912299394607544 8 -1 -1 
585 139 13 13 0.18986862897872925 4 -1 -1 
589 123 12 10 0.18820978701114655 4 -1 -1 
480 196 45 51 0.18820537626743317 6 -1 -1 
594 133 8 10 0.1861204206943512 4 -1 -1 
600 104 5 6 0.18430572748184204 10 -1 -1 
630 191 6 11 0.18363907933235168 2 -1 -1 
630 145 14 14 0.18313665688037872 5 -1 -1 
672 117 10 10 0.1815561056137085 6 -1 -1 
480 209 35 40 0.1790425181388855 8 -1 -1 
967 576 18 25 0.17895349860191345 10 -1 -1 
587 143 13 15 0.17797963321208954 5 -1 -1 
609 101 3 6 0.17629432678222656 3 -1 -1 
623 102 8 12 0.17573828995227814 7 -1 -1 
629 126 12 9 0.1731729358434677 4 -1 -1 
590 130 11 12 0.17247235774993896 5 -1 -1 
980 567 24 14 0.17216037213802338 10 -1 -1 
966 575 22 38 0.16194772720336914 2 -1 -1 
735 443 107 47 0.15554404258728027 5 -1 -1 
331 509 119 55 0.15474380552768707 5 -1 -1 
979 561 28 19 0.14833809435367584 3 -1 -1 
976 582 23 34 0.14585816860198975 10 -1 -1 
421 310 46 46 0.14427365362644196 4 -1 -1 
621 172 29 19 0.1416214257478714 5 -1 -1 
352 495 100 45 0.14090731739997864 4 -1 -1 
667 146 41 22 0.13834042847156525 6 -1 -1 
966 576 32 41 0.13828076422214508 4 -1 -1 
953 531 28 23 0.13773506879806519 8 -1 -1 
966 575 32 42 0.13763462007045746 3 -1 -1 
990 450 28 29 0.13607504963874817 6 -1 -1 
621 172 29 19 0.1337481588125229 7 -1 -1 
647 208 37 16 0.13093163073062897 5 -1 -1 
578 377 18 29 0.1285412311553955 2 -1 -1 
558 167 34 18 0.12427676469087601 4 -1 -1 
642 224 37 15 0.12181242555379868 5 -1 -1 
966 575 32 42 0.11971874535083771 7 -1 -1 
480 195 45 51 0.1181735098361969 9 -1 -1 
647 201 36 19 0.11742947995662689 4 -1 -1 
480 195 45 51 0.1165984570980072 5 -1 -1 
977 564 26 25 0.1160007193684578 10 -1 -1 
372 484 85 41 0.11480053514242172 4 -1 -1 
673 157 39 18 0.11373993754386902 6 -1 -1 
735 443 107 48 0.11368410289287567 6 -1 -1 
750 265 30 20 0.10986776649951935 9 -1 -1 
621 172 29 19 0.10971249639987946 4 -1 -1 
480 196 44 51 0.10353614389896393 4 -1 -1 
650 219 41 18 0.10273220390081406 4 -1 -1 
983 584 16 31 0.10019519925117493 3 -1 -1 
579 381 16 30 0.09881817549467087 1 -1 -1 
375 475 86 40 0.09599751234054565 5 -1 -1 
954 529 39 24 0.09525264799594879 7 -1 -1 
979 560 28 19 0.09511828422546387 8 -1 -1 
644 203 30 18 0.09347395598888397 6 -1 -1 
749 264 30 21 0.09212031960487366 5 -1 -1 
621 172 29 19 0.09083124995231628 8 -1 -1 
641 223 39 16 0.08919127285480499 1 -1 -1 
749 264 29 20 0.08789969235658646 8 -1 -1 
647 208 37 16 0.08767914772033691 4 -1 -1 
666 141 42 21 0.08766931295394897 5 -1 -1 
340 493 123 61 0.08704178780317307 4 -1 -1 
356 352 37 22 0.08510936051607132 6 -1 -1 
990 450 28 28 0.08385708183050156 8 -1 -1 
983 586 18 31 0.0826147124171257 9 -1 -1 
746 263 30 21 0.08122565597295761 6 -1 -1 
644 203 30 18 0.08074886351823807 9 -1 -1 
973 570 28 32 0.07950091361999512 10 -1 -1 
977 564 26 25 0.07903513312339783 3 -1 -1 
970 567 28 26 0.0783224105834961 10 -1 -1 
735 443 107 48 0.0773373693227768 1 -1 -1 
335 511 114 52 0.07731669396162033 1 -1 -1 
672 141 37 21 0.07409701496362686 7 -1 -1 
971 589 28 29 0.07359802722930908 3 -1 -1 
954 531 29 23 0.07232250273227692 3 -1 -1 
749 264 30 21 0.07177215814590454 4 -1 -1 
990 450 28 28 0.07115922123193741 7 -1 -1 
961 577 34 40 0.07066737115383148 9 -1 -1 
951 513 27 21 0.07058289647102356 10 -1 -1 
460 193 63 47 0.07056806981563568 6 -1 -1 
1302 681 59 80 0.07047930359840393 4 -1 -1 
347 354 30 22 0.07027418166399002 5 -1 -1 
744 246 26 28 0.06999415159225464 6 -1 -1 
376 462 94 46 0.06853598356246948 4 -1 -1 
744 254 29 24 0.06787997484207153 6 -1 -1 
954 531 35 23 0.06781142950057983 10 -1 -1 
741 261 32 22 0.06768452376127243 9 -1 -1 
966 574 21 31 0.06766525655984879 1 -1 -1 
681 157 32 17 0.06757868081331253 4 -1 -1 
621 172 29 19 0.06743578612804413 10 -1 -1 
953 525 28 23 0.06731780618429184 10 -1 -1 
475 580 18 43 0.06658532470464706 10 -1 -1 
672 141 37 21 0.06548304855823517 8 -1 -1 
734 442 108 48 0.06535319983959198 9 -1 -1 
967 574 27 28 0.06532099097967148 2 -1 -1 
335 511 114 52 0.06448362022638321 6 -1 -1 
475 580 19 43 0.06401658058166504 3 -1 -1 
621 172 30 19 0.06318721175193787 9 -1 -1 
390 391 39 57 0.0630694106221199 4 -1 -1 
475 580 19 43 0.06274418532848358 2 -1 -1 
369 503 94 46 0.06203857436776161 4 -1 -1 
579 381 16 30 0.06174840033054352 3 -1 -1 
677 157 35 17 0.061724476516246796 5 -1 -1 
715 690 86 73 0.06091754510998726 6 -1 -1 
954 533 27 21 0.060092147439718246 6 -1 -1 
564 167 28 17 0.05899415165185928 5 -1 -1 
856 485 14 39 0.05894051864743233 10 -1 -1 
652 211 36 16 0.058875925838947296 4 -1 -1 
973 566 26 28 0.058813486248254776 3 -1 -1 
333 510 117 54 0.058469220995903015 9 -1 -1 
659 141 48 21 0.05703789368271828 9 -1 -1 
375 475 86 40 0.05657586827874184 6 -1 -1 
745 261 29 21 0.05653541907668114 4 -1 -1 
744 246 26 28 0.056207604706287384 4 -1 -1 
825 533 78 56 0.055788733065128326 6 -1 -1 
354 471 120 70 0.054947853088378906 4 -1 -1 
