393 422 51 78 0.9290394186973572 4 -1 -1 
287 459 61 79 0.9195483326911926 4 -1 -1 
472 351 34 38 0.8532564043998718 4 -1 -1 
392 269 26 27 0.8387957811355591 4 -1 -1 
342 351 35 35 0.8053449392318726 4 -1 -1 
323 399 37 36 0.7969707250595093 7 -1 -1 
269 400 40 45 0.7844908237457275 4 -1 -1 
394 349 11 30 0.7735242247581482 1 -1 -1 
192 378 38 24 0.7656160593032837 10 -1 -1 
540 434 14 40 0.7485873103141785 1 -1 -1 
385 355 11 27 0.7419931292533875 1 -1 -1 
189 397 34 22 0.7379552721977234 10 -1 -1 
208 445 80 64 0.7283455729484558 4 -1 -1 
373 379 11 33 0.7163630127906799 1 -1 -1 
404 309 9 24 0.7067822813987732 1 -1 -1 
190 308 11 24 0.6914861798286438 1 -1 -1 
96 449 21 45 0.690384030342102 10 -1 -1 
223 366 29 23 0.6840720176696777 10 -1 -1 
146 465 30 26 0.6830877661705017 10 -1 -1 
448 239 19 20 0.6657174229621887 4 -1 -1 
142 419 13 31 0.6563587188720703 1 -1 -1 
441 257 22 28 0.6498354077339172 4 -1 -1 
310 317 50 38 0.6450900435447693 4 -1 -1 
507 284 8 15 0.6276873350143433 2 -1 -1 
416 331 19 48 0.6180936098098755 8 -1 -1 
532 348 10 30 0.6163180470466614 1 -1 -1 
481 233 7 13 0.610333263874054 10 -1 -1 
451 160 12 11 0.6087242960929871 4 -1 -1 
507 289 8 17 0.6070905327796936 10 -1 -1 
248 363 12 30 0.597779393196106 1 -1 -1 
228 482 15 41 0.5959265828132629 1 -1 -1 
481 229 6 12 0.5936594605445862 2 -1 -1 
359 382 12 32 0.5905984044075012 1 -1 -1 
447 199 4 13 0.5807557702064514 1 -1 -1 
508 473 16 31 0.5719181895256042 2 -1 -1 
456 148 10 8 0.5579575300216675 4 -1 -1 
197 327 27 18 0.5563692450523376 10 -1 -1 
475 211 7 13 0.5543721318244934 10 -1 -1 
434 201 6 12 0.5424413681030273 10 -1 -1 
168 420 43 30 0.5417286157608032 10 -1 -1 
529 435 12 37 0.5373842120170593 1 -1 -1 
423 178 12 14 0.5367955565452576 4 -1 -1 
443 226 6 13 0.5303008556365967 10 -1 -1 
423 280 8 14 0.526275098323822 2 -1 -1 
401 377 14 24 0.5195316672325134 2 -1 -1 
146 457 28 28 0.5156652331352234 10 -1 -1 
508 482 17 36 0.5143468976020813 10 -1 -1 
107 511 24 27 0.5125957131385803 2 -1 -1 
399 379 16 36 0.5060396194458008 10 -1 -1 
323 399 37 36 0.505256175994873 8 -1 -1 
443 222 6 11 0.505142092704773 2 -1 -1 
89 505 22 33 0.498822957277298 2 -1 -1 
131 515 17 23 0.49722012877464294 2 -1 -1 
69 446 30 23 0.49459657073020935 10 -1 -1 
151 430 14 23 0.49083971977233887 2 -1 -1 
446 333 12 24 0.48697036504745483 1 -1 -1 
434 200 6 8 0.483492374420166 2 -1 -1 
476 209 6 10 0.47742703557014465 2 -1 -1 
433 224 6 11 0.47344380617141724 10 -1 -1 
152 457 16 25 0.4726272523403168 2 -1 -1 
153 507 21 32 0.4724440574645996 10 -1 -1 
433 220 6 13 0.4711529016494751 2 -1 -1 
151 277 77 39 0.46933549642562866 6 -1 -1 
578 509 12 28 0.4639279544353485 1 -1 -1 
440 283 18 29 0.4628256857395172 8 -1 -1 
406 232 18 15 0.4537821114063263 4 -1 -1 
463 137 9 9 0.4501889646053314 4 -1 -1 
479 190 5 12 0.4482000470161438 10 -1 -1 
441 204 5 13 0.44698214530944824 1 -1 -1 
440 282 18 34 0.43630585074424744 5 -1 -1 
108 291 43 26 0.43066170811653137 4 -1 -1 
423 285 8 14 0.4306308925151825 10 -1 -1 
493 266 9 16 0.4259929955005646 2 -1 -1 
54 509 19 29 0.4203243851661682 2 -1 -1 
537 409 14 27 0.40552887320518494 2 -1 -1 
121 416 20 40 0.4050227701663971 8 -1 -1 
89 505 22 33 0.4036042392253876 1 -1 -1 
479 189 5 10 0.39575207233428955 2 -1 -1 
136 453 14 30 0.3925386369228363 10 -1 -1 
442 204 4 12 0.38872259855270386 2 -1 -1 
228 495 17 28 0.38526129722595215 1 -1 -1 
464 132 9 7 0.3840789794921875 4 -1 -1 
85 445 14 24 0.3814214766025543 2 -1 -1 
69 507 18 31 0.3754521906375885 2 -1 -1 
62 508 21 30 0.36895039677619934 2 -1 -1 
493 267 9 18 0.3683296740055084 10 -1 -1 
434 200 6 12 0.36463209986686707 2 -1 -1 
190 385 38 21 0.36249393224716187 10 -1 -1 
231 315 10 19 0.3596878945827484 2 -1 -1 
536 409 14 28 0.3528369963169098 1 -1 -1 
97 451 16 30 0.3485816717147827 2 -1 -1 
422 314 10 22 0.34574204683303833 1 -1 -1 
148 295 33 23 0.3405561149120331 4 -1 -1 
416 333 20 46 0.33862248063087463 7 -1 -1 
442 225 7 13 0.3359944224357605 2 -1 -1 
536 413 17 28 0.33542904257774353 10 -1 -1 
493 267 9 18 0.3334375321865082 1 -1 -1 
444 147 8 10 0.3327805697917938 4 -1 -1 
424 289 6 10 0.33167973160743713 10 -1 -1 
208 445 80 65 0.3307028114795685 5 -1 -1 
433 219 6 9 0.3299172818660736 2 -1 -1 
442 205 4 12 0.32865777611732483 10 -1 -1 
422 314 11 22 0.32778239250183105 2 -1 -1 
59 509 13 24 0.32623082399368286 2 -1 -1 
449 173 11 10 0.32460880279541016 4 -1 -1 
167 426 34 24 0.323002427816391 10 -1 -1 
135 453 16 30 0.32082343101501465 1 -1 -1 
423 285 8 14 0.32076120376586914 3 -1 -1 
179 418 33 26 0.32052603363990784 10 -1 -1 
187 417 20 23 0.3199152946472168 2 -1 -1 
121 416 20 40 0.31968143582344055 7 -1 -1 
434 252 8 17 0.31901082396507263 1 -1 -1 
585 467 11 21 0.31886351108551025 1 -1 -1 
181 418 30 27 0.31377413868904114 2 -1 -1 
190 390 36 22 0.3134153187274933 10 -1 -1 
443 144 9 9 0.3095285892486572 4 -1 -1 
479 190 5 11 0.3081240952014923 1 -1 -1 
72 508 15 30 0.30630114674568176 1 -1 -1 
152 431 13 21 0.3032322824001312 1 -1 -1 
192 397 24 19 0.2945837378501892 2 -1 -1 
443 140 8 8 0.2939092814922333 4 -1 -1 
213 395 12 16 0.29368698596954346 2 -1 -1 
446 338 10 24 0.2929278314113617 10 -1 -1 
149 458 15 25 0.29141703248023987 2 -1 -1 
433 221 6 13 0.29135259985923767 1 -1 -1 
196 325 28 20 0.2897679805755615 7 -1 -1 
399 379 14 28 0.28904616832733154 2 -1 -1 
441 285 14 32 0.2886110544204712 1 -1 -1 
269 399 40 45 0.28764787316322327 5 -1 -1 
74 277 12 22 0.28682759404182434 2 -1 -1 
326 393 15 24 0.2847442030906677 2 -1 -1 
423 280 8 15 0.28042399883270264 1 -1 -1 
99 461 16 33 0.27989304065704346 10 -1 -1 
42 509 29 29 0.27953505516052246 2 -1 -1 
69 451 13 17 0.27906978130340576 2 -1 -1 
445 339 11 23 0.27743831276893616 3 -1 -1 
446 333 11 24 0.27335429191589355 2 -1 -1 
77 299 24 16 0.27027589082717896 10 -1 -1 
451 170 9 11 0.2694992423057556 4 -1 -1 
507 284 8 17 0.26875659823417664 10 -1 -1 
453 181 5 12 0.2672310471534729 1 -1 -1 
403 376 12 17 0.26707708835601807 2 -1 -1 
404 317 8 20 0.26703333854675293 3 -1 -1 
434 250 9 18 0.26679056882858276 10 -1 -1 
213 322 14 17 0.2667669951915741 10 -1 -1 
434 246 8 16 0.2652789056301117 2 -1 -1 
425 226 7 13 0.2641523778438568 10 -1 -1 
541 413 14 23 0.2637532353401184 2 -1 -1 
416 333 20 46 0.2629163861274719 10 -1 -1 
442 256 21 28 0.26023656129837036 5 -1 -1 
426 226 6 14 0.2589539587497711 1 -1 -1 
444 200 6 12 0.2587711811065674 1 -1 -1 
511 493 13 25 0.2556648254394531 10 -1 -1 
324 390 34 41 0.2504120171070099 2 -1 -1 
507 473 17 32 0.24419322609901428 1 -1 -1 
121 416 20 41 0.24111106991767883 10 -1 -1 
363 380 15 33 0.23982428014278412 1 -1 -1 
146 456 25 27 0.23573821783065796 2 -1 -1 
136 452 28 29 0.23520497977733612 10 -1 -1 
34 510 33 28 0.23398229479789734 10 -1 -1 
323 391 25 33 0.23139777779579163 2 -1 -1 
89 505 22 33 0.23095379769802094 10 -1 -1 
416 315 21 54 0.22414495050907135 7 -1 -1 
151 278 76 38 0.2204117327928543 4 -1 -1 
71 272 70 42 0.2201954871416092 4 -1 -1 
323 391 23 33 0.21201299130916595 1 -1 -1 
440 282 18 34 0.21081091463565826 6 -1 -1 
107 510 24 28 0.20201359689235687 1 -1 -1 
96 450 20 43 0.201449915766716 2 -1 -1 
416 333 20 46 0.20107512176036835 3 -1 -1 
196 323 29 22 0.20092052221298218 8 -1 -1 
169 420 42 29 0.1975845992565155 2 -1 -1 
98 508 28 29 0.19720318913459778 2 -1 -1 
161 431 34 21 0.1970747411251068 10 -1 -1 
246 363 15 30 0.19680672883987427 2 -1 -1 
508 482 16 36 0.19676995277404785 3 -1 -1 
57 509 18 29 0.1923769861459732 1 -1 -1 
416 315 21 54 0.1916038990020752 8 -1 -1 
405 227 27 21 0.18831545114517212 4 -1 -1 
91 446 20 28 0.18519866466522217 2 -1 -1 
62 508 21 30 0.18418700993061066 1 -1 -1 
536 430 15 41 0.1831786185503006 1 -1 -1 
813 417 69 60 0.1812511682510376 4 -1 -1 
534 415 22 39 0.17531108856201172 10 -1 -1 
416 315 21 54 0.1743476390838623 2 -1 -1 
399 377 16 35 0.17172688245773315 1 -1 -1 
136 454 19 29 0.17168571054935455 2 -1 -1 
535 410 19 31 0.17156484723091125 7 -1 -1 
417 312 21 51 0.1687823235988617 3 -1 -1 
399 382 16 34 0.16611553728580475 3 -1 -1 
325 390 35 43 0.16510391235351562 1 -1 -1 
96 453 20 41 0.16362598538398743 3 -1 -1 
34 511 30 27 0.16264943778514862 2 -1 -1 
130 514 22 25 0.1621120125055313 1 -1 -1 
192 380 37 20 0.16080892086029053 7 -1 -1 
416 314 22 56 0.16032013297080994 10 -1 -1 
121 415 20 38 0.15851734578609467 2 -1 -1 
324 399 36 36 0.15615218877792358 6 -1 -1 
585 468 34 22 0.1559329628944397 10 -1 -1 
77 445 32 26 0.1545543223619461 10 -1 -1 
586 469 28 32 0.15398956835269928 10 -1 -1 
114 511 23 27 0.1530599445104599 2 -1 -1 
840 399 87 65 0.15299975872039795 4 -1 -1 
323 399 37 36 0.15263240039348602 3 -1 -1 
535 410 19 31 0.1515161097049713 8 -1 -1 
121 416 19 40 0.15069299936294556 3 -1 -1 
135 454 20 29 0.15045715868473053 3 -1 -1 
440 282 18 34 0.14985939860343933 4 -1 -1 
508 473 17 32 0.14892227947711945 10 -1 -1 
146 456 25 27 0.14843694865703583 1 -1 -1 
308 317 53 39 0.14330843091011047 5 -1 -1 
152 506 22 33 0.14213933050632477 2 -1 -1 
177 414 34 21 0.14092335104942322 10 -1 -1 
71 505 23 31 0.13715508580207825 2 -1 -1 
79 506 28 31 0.1368938535451889 2 -1 -1 
415 316 27 63 0.08401217311620712 9 -1 -1 
414 316 25 63 0.06409589946269989 6 -1 -1 
806 392 117 98 0.057783421128988266 4 -1 -1 
