1108 346 37 37 0.9704594612121582 3 -1 -1 
1197 572 136 100 0.9508345127105713 7 -1 -1 
256 235 95 60 0.9492571353912354 4 -1 -1 
295 0 73 52 0.9484359622001648 6 -1 -1 
893 504 179 115 0.948395848274231 4 -1 -1 
416 386 134 81 0.9425179958343506 4 -1 -1 
907 180 79 56 0.9409598112106323 4 -1 -1 
436 284 102 61 0.9340736269950867 4 -1 -1 
1025 167 67 53 0.9293027520179749 4 -1 -1 
661 620 171 90 0.9263114333152771 4 -1 -1 
84 134 71 44 0.9220278859138489 4 -1 -1 
249 321 109 75 0.9146308302879333 4 -1 -1 
1140 184 63 47 0.9135438203811646 4 -1 -1 
480 254 92 56 0.9093399047851562 4 -1 -1 
-1 233 80 66 0.9061907529830933 4 -1 -1 
1200 508 27 47 0.9001826643943787 1 -1 -1 
1169 72 49 37 0.8924053907394409 4 -1 -1 
394 318 101 66 0.8840957283973694 4 -1 -1 
330 34 51 33 0.8789421319961548 4 -1 -1 
1133 99 50 39 0.8788929581642151 4 -1 -1 
1211 34 43 36 0.8780366778373718 4 -1 -1 
637 382 103 72 0.867588460445404 4 -1 -1 
1179 498 29 49 0.8518635630607605 1 -1 -1 
1168 484 37 44 0.8457542061805725 1 -1 -1 
807 297 24 35 0.8109117746353149 10 -1 -1 
1192 10 47 36 0.8046911358833313 4 -1 -1 
1288 44 41 31 0.7940147519111633 4 -1 -1 
330 188 88 55 0.7662225961685181 4 -1 -1 
743 178 12 35 0.76193767786026 1 -1 -1 
1143 33 14 26 0.741878867149353 1 -1 -1 
1083 132 57 45 0.7347042560577393 4 -1 -1 
1197 579 139 92 0.730181097984314 6 -1 -1 
157 691 33 45 0.6707924008369446 2 -1 -1 
158 698 44 63 0.6700827479362488 10 -1 -1 
440 117 79 46 0.6581480503082275 4 -1 -1 
1118 331 24 41 0.6293850541114807 2 -1 -1 
810 287 21 35 0.5970653891563416 2 -1 -1 
549 4 56 33 0.5677641034126282 4 -1 -1 
20 310 24 37 0.5577120184898376 1 -1 -1 
428 64 69 41 0.5544095039367676 4 -1 -1 
1283 694 75 71 0.5486294031143188 4 -1 -1 
20 310 23 37 0.4806978404521942 2 -1 -1 
1197 573 136 99 0.47506582736968994 3 -1 -1 
1197 572 136 100 0.4513323903083801 8 -1 -1 
448 148 17 31 0.4175700843334198 2 -1 -1 
1111 328 23 44 0.3889228403568268 2 -1 -1 
1200 527 27 29 0.3748072683811188 1 -1 -1 
438 116 81 47 0.34095779061317444 5 -1 -1 
1213 585 43 36 0.3347605764865875 2 -1 -1 
1118 331 24 41 0.3177587687969208 1 -1 -1 
157 690 42 62 0.31731468439102173 2 -1 -1 
1123 331 19 31 0.31099560856819153 2 -1 -1 
546 5 35 32 0.30762946605682373 4 -1 -1 
1113 333 30 47 0.30661478638648987 3 -1 -1 
447 160 19 20 0.2968372404575348 2 -1 -1 
1108 347 37 36 0.2864878475666046 10 -1 -1 
1312 14 11 18 0.2799069285392761 3 -1 -1 
1189 506 25 47 0.2788597345352173 1 -1 -1 
295 0 70 52 0.2777555584907532 5 -1 -1 
461 124 59 38 0.27446508407592773 4 -1 -1 
1183 485 23 46 0.2742522060871124 1 -1 -1 
23 322 23 36 0.27379193902015686 3 -1 -1 
430 68 45 38 0.27211928367614746 4 -1 -1 
158 691 33 44 0.266354501247406 1 -1 -1 
1113 328 12 34 0.2641890347003937 2 -1 -1 
330 188 88 55 0.26398226618766785 5 -1 -1 
549 4 56 33 0.2618277966976166 5 -1 -1 
448 148 17 30 0.2502490282058716 1 -1 -1 
4 280 58 18 0.24237555265426636 6 -1 -1 
556 254 28 18 0.23914173245429993 3 -1 -1 
1111 345 34 38 0.2351791262626648 2 -1 -1 
810 287 21 35 0.2349758893251419 1 -1 -1 
1197 579 139 92 0.22068236768245697 10 -1 -1 
21 316 24 42 0.22014960646629333 1 -1 -1 
1111 328 23 44 0.21623654663562775 1 -1 -1 
814 295 16 33 0.20987507700920105 2 -1 -1 
23 322 23 36 0.20964941382408142 10 -1 -1 
167 712 36 47 0.20820669829845428 10 -1 -1 
1108 347 37 36 0.20451055467128754 4 -1 -1 
21 310 23 42 0.20432975888252258 3 -1 -1 
637 382 103 72 0.20428943634033203 5 -1 -1 
1197 571 137 101 0.2017422616481781 2 -1 -1 
807 302 17 29 0.20148716866970062 2 -1 -1 
526 5 56 33 0.19815443456172943 4 -1 -1 
158 691 37 54 0.19500315189361572 10 -1 -1 
1084 132 61 46 0.19011782109737396 5 -1 -1 
446 160 20 20 0.18737956881523132 10 -1 -1 
159 703 43 56 0.18473203480243683 3 -1 -1 
1110 333 30 47 0.18190817534923553 2 -1 -1 
525 56 48 27 0.1814417690038681 4 -1 -1 
661 620 172 90 0.18132944405078888 5 -1 -1 
1288 44 41 31 0.1775706261396408 5 -1 -1 
1192 10 47 36 0.1743960678577423 5 -1 -1 
5 280 58 18 0.17354968190193176 5 -1 -1 
1170 495 33 48 0.17081795632839203 1 -1 -1 
21 310 23 42 0.16989529132843018 10 -1 -1 
294 11 55 40 0.1684037744998932 5 -1 -1 
295 0 73 52 0.16587042808532715 4 -1 -1 
1123 331 19 31 0.16273494064807892 1 -1 -1 
1113 328 13 37 0.1626042276620865 1 -1 -1 
156 690 26 38 0.1615278720855713 2 -1 -1 
1229 587 29 36 0.15847060084342957 2 -1 -1 
1330 70 27 36 0.15784361958503723 2 -1 -1 
815 297 16 34 0.1574024111032486 10 -1 -1 
434 114 87 46 0.15732547640800476 9 -1 -1 
416 386 134 81 0.15672799944877625 9 -1 -1 
1148 33 9 25 0.15581320226192474 1 -1 -1 
428 64 70 41 0.1531488299369812 5 -1 -1 
809 292 17 32 0.1504877656698227 2 -1 -1 
8 280 54 18 0.1475237011909485 4 -1 -1 
544 57 29 25 0.14555299282073975 8 -1 -1 
522 3 67 35 0.14525656402111053 5 -1 -1 
447 160 19 20 0.14354155957698822 1 -1 -1 
1283 694 74 71 0.1428297907114029 5 -1 -1 
562 248 20 23 0.1409941166639328 3 -1 -1 
544 57 29 25 0.14033615589141846 7 -1 -1 
558 2 57 30 0.1374756544828415 4 -1 -1 
1211 34 43 37 0.13738137483596802 5 -1 -1 
26 325 22 35 0.13724084198474884 1 -1 -1 
323 21 64 41 0.13669432699680328 4 -1 -1 
430 80 41 27 0.13663449883460999 4 -1 -1 
1323 73 35 46 0.13611121475696564 2 -1 -1 
157 690 41 60 0.1358848363161087 1 -1 -1 
1059 26 19 41 0.13475975394248962 1 -1 -1 
308 1 103 49 0.13475631177425385 6 -1 -1 
1112 328 12 22 0.13423395156860352 2 -1 -1 
1200 509 28 47 0.13407760858535767 4 -1 -1 
1208 587 28 34 0.13320261240005493 2 -1 -1 
31 324 17 30 0.13062532246112823 10 -1 -1 
430 50 79 53 0.13043317198753357 4 -1 -1 
546 3 65 35 0.12974533438682556 6 -1 -1 
546 5 35 32 0.12847715616226196 5 -1 -1 
1074 184 16 29 0.12790809571743011 1 -1 -1 
441 147 20 31 0.12756603956222534 1 -1 -1 
1110 332 32 48 0.12734104692935944 10 -1 -1 
807 297 24 35 0.1264745146036148 3 -1 -1 
807 297 24 35 0.12613819539546967 4 -1 -1 
294 13 59 39 0.12479981034994125 6 -1 -1 
447 150 17 28 0.12454420328140259 10 -1 -1 
480 253 92 56 0.12411366403102875 5 -1 -1 
256 235 95 60 0.12129785120487213 1 -1 -1 
416 386 135 81 0.1212570071220398 10 -1 -1 
892 505 180 114 0.12091797590255737 1 -1 -1 
1112 328 26 30 0.12018007785081863 1 -1 -1 
1108 332 24 44 0.11861290037631989 3 -1 -1 
1120 340 25 42 0.11798211932182312 1 -1 -1 
717 161 10 27 0.11772076040506363 1 -1 -1 
543 239 12 21 0.11712372303009033 1 -1 -1 
425 49 55 56 0.11666412651538849 4 -1 -1 
517 2 65 36 0.11628790944814682 6 -1 -1 
1183 484 23 45 0.11597621440887451 2 -1 -1 
1330 70 27 36 0.11587509512901306 1 -1 -1 
1211 34 43 36 0.11527272313833237 1 -1 -1 
1168 484 37 44 0.11521690338850021 4 -1 -1 
807 297 24 35 0.11498299986124039 7 -1 -1 
330 34 51 33 0.11339764297008514 1 -1 -1 
893 505 180 114 0.1133405864238739 5 -1 -1 
1323 71 34 48 0.1127813309431076 1 -1 -1 
1192 10 46 36 0.11253827065229416 1 -1 -1 
1180 498 28 49 0.11252932250499725 4 -1 -1 
1218 228 84 130 0.11200693249702454 6 -1 -1 
436 283 102 62 0.11069910228252411 1 -1 -1 
810 286 18 24 0.11016056686639786 2 -1 -1 
907 180 79 56 0.10995285958051682 1 -1 -1 
1288 44 41 31 0.10991891473531723 1 -1 -1 
416 386 134 81 0.109896719455719 7 -1 -1 
1143 33 14 26 0.10954036563634872 2 -1 -1 
893 505 181 114 0.10943209379911423 9 -1 -1 
1197 572 136 100 0.10831417888402939 9 -1 -1 
1169 72 49 37 0.10776728391647339 1 -1 -1 
444 156 18 23 0.10737169533967972 10 -1 -1 
1213 585 43 36 0.107352614402771 1 -1 -1 
1125 338 22 44 0.10649564862251282 3 -1 -1 
481 253 91 56 0.10628005117177963 1 -1 -1 
256 235 95 60 0.10605162382125854 9 -1 -1 
815 298 16 33 0.10580389201641083 1 -1 -1 
161 693 37 53 0.10565050691366196 3 -1 -1 
1170 72 48 37 0.10560517013072968 5 -1 -1 
1107 328 18 34 0.10510991513729095 1 -1 -1 
813 287 19 24 0.10445824265480042 1 -1 -1 
1133 98 50 40 0.10378572344779968 5 -1 -1 
457 133 55 32 0.10356389731168747 4 -1 -1 
395 317 100 67 0.10344482958316803 5 -1 -1 
771 78 78 54 0.103098563849926 4 -1 -1 
446 141 18 26 0.10304117202758789 2 -1 -1 
24 317 25 38 0.10267524421215057 2 -1 -1 
1026 167 65 53 0.10257423669099808 1 -1 -1 
32 324 17 25 0.101279616355896 3 -1 -1 
-1 234 80 66 0.10104657709598541 1 -1 -1 
808 295 17 32 0.10103905946016312 10 -1 -1 
1117 353 30 32 0.10016194730997086 3 -1 -1 
84 134 71 44 0.09987946599721909 5 -1 -1 
818 289 14 31 0.09957671165466309 2 -1 -1 
771 78 78 54 0.09933696687221527 5 -1 -1 
1197 579 139 92 0.09878470748662949 4 -1 -1 
441 122 80 40 0.0984477549791336 1 -1 -1 
1026 167 66 53 0.09839106351137161 5 -1 -1 
1168 484 37 45 0.09808961302042007 2 -1 -1 
249 321 109 75 0.0971733033657074 1 -1 -1 
1108 346 37 37 0.09715801477432251 7 -1 -1 
908 180 77 56 0.09648849815130234 5 -1 -1 
175 724 27 36 0.09620417654514313 10 -1 -1 
661 620 171 90 0.09605973213911057 1 -1 -1 
416 386 134 81 0.09576987475156784 5 -1 -1 
84 134 71 44 0.09428964555263519 1 -1 -1 
1083 132 63 46 0.0931701511144638 1 -1 -1 
707 142 21 37 0.0920426994562149 1 -1 -1 
434 114 87 46 0.09187238663434982 6 -1 -1 
416 386 134 81 0.09123320877552032 1 -1 -1 
436 284 102 61 0.09117232263088226 5 -1 -1 
1172 484 42 60 0.09069391340017319 1 -1 -1 
907 180 79 56 0.09010697156190872 9 -1 -1 
-1 233 80 66 0.08951690793037415 5 -1 -1 
1083 132 63 46 0.08886995166540146 9 -1 -1 
15 312 21 42 0.08869881927967072 1 -1 -1 
1218 228 84 130 0.08633348345756531 8 -1 -1 
416 386 134 81 0.08600465953350067 6 -1 -1 
1199 574 134 97 0.08446631580591202 1 -1 -1 
1197 572 136 100 0.059131015092134476 5 -1 -1 
416 386 134 81 0.05767744779586792 8 -1 -1 
248 319 111 79 0.05324751138687134 5 -1 -1 
406 295 122 73 0.05012683570384979 4 -1 -1 
