696 260 93 56 0.9630952477455139 5 -1 -1 
813 263 105 51 0.9582716822624207 5 -1 -1 
424 407 82 101 0.9285515546798706 4 -1 -1 
716 138 69 29 0.9284668564796448 4 -1 -1 
255 402 153 60 0.9276075959205627 4 -1 -1 
222 489 171 94 0.9264327883720398 4 -1 -1 
829 411 144 61 0.9238753318786621 4 -1 -1 
307 350 130 62 0.9085176587104797 4 -1 -1 
757 586 170 97 0.9031738042831421 4 -1 -1 
734 311 97 48 0.8858698606491089 4 -1 -1 
647 170 58 39 0.8739395141601562 4 -1 -1 
686 219 43 40 0.8557360172271729 4 -1 -1 
618 279 48 51 0.85245680809021 4 -1 -1 
1066 213 17 39 0.8522710204124451 1 -1 -1 
720 164 33 34 0.8458383083343506 4 -1 -1 
422 261 88 56 0.8455010056495667 4 -1 -1 
258 657 124 107 0.8379580974578857 4 -1 -1 
679 25 10 15 0.8333699107170105 7 -1 -1 
467 187 52 43 0.8283605575561523 4 -1 -1 
358 300 113 62 0.8248009085655212 4 -1 -1 
864 287 44 60 0.8217373490333557 8 -1 -1 
697 55 23 19 0.815971314907074 4 -1 -1 
789 133 10 28 0.8133214712142944 1 -1 -1 
762 336 99 49 0.81291663646698 4 -1 -1 
1031 199 11 25 0.8108065724372864 1 -1 -1 
600 111 10 27 0.8030959367752075 1 -1 -1 
1298 154 60 42 0.8020280599594116 8 -1 -1 
776 197 13 33 0.8012744784355164 1 -1 -1 
1291 193 14 29 0.7986225485801697 1 -1 -1 
707 100 28 29 0.7957738041877747 4 -1 -1 
1042 194 15 34 0.7922760844230652 1 -1 -1 
774 247 98 40 0.7834993600845337 4 -1 -1 
403 108 53 30 0.783303439617157 4 -1 -1 
562 39 22 20 0.7763237953186035 4 -1 -1 
514 64 53 24 0.7690002918243408 4 -1 -1 
579 23 19 16 0.7650021314620972 4 -1 -1 
604 176 10 32 0.7586385011672974 1 -1 -1 
797 222 95 42 0.7536548376083374 5 -1 -1 
760 171 9 26 0.7521877288818359 1 -1 -1 
571 30 19 17 0.7454833388328552 4 -1 -1 
1095 153 13 30 0.7443862557411194 1 -1 -1 
1263 480 31 34 0.740991473197937 2 -1 -1 
753 179 8 26 0.7407345175743103 1 -1 -1 
1050 39 8 19 0.7367891669273376 1 -1 -1 
1060 192 30 19 0.7338955998420715 10 -1 -1 
725 29 23 16 0.7335271835327148 4 -1 -1 
745 104 30 24 0.7277257442474365 4 -1 -1 
762 191 10 29 0.7275972366333008 1 -1 -1 
652 92 31 26 0.7227011322975159 4 -1 -1 
1312 198 36 23 0.7205989360809326 3 -1 -1 
695 12 7 17 0.7136117219924927 1 -1 -1 
811 200 11 33 0.7124390006065369 1 -1 -1 
412 149 42 45 0.7095012068748474 4 -1 -1 
725 46 24 21 0.7055457830429077 4 -1 -1 
847 495 167 81 0.7011443972587585 4 -1 -1 
866 340 34 43 0.7008967995643616 7 -1 -1 
814 464 46 37 0.7006558775901794 10 -1 -1 
1033 370 21 44 0.6956665515899658 1 -1 -1 
552 108 10 20 0.6932183504104614 2 -1 -1 
728 59 25 20 0.6894459128379822 4 -1 -1 
612 174 13 31 0.6851430535316467 1 -1 -1 
711 37 7 19 0.6785496473312378 1 -1 -1 
55 517 51 46 0.6632184386253357 10 -1 -1 
340 234 104 44 0.6519871354103088 4 -1 -1 
767 376 65 32 0.6490471959114075 7 -1 -1 
746 118 42 26 0.6477980613708496 4 -1 -1 
1181 107 10 27 0.6459574103355408 1 -1 -1 
552 114 11 19 0.6457275748252869 10 -1 -1 
730 37 22 20 0.6424790024757385 4 -1 -1 
1089 196 33 21 0.6407057642936707 10 -1 -1 
617 115 30 33 0.6360922455787659 4 -1 -1 
825 661 186 105 0.635797381401062 4 -1 -1 
1113 323 26 32 0.6334916949272156 2 -1 -1 
778 400 49 30 0.6321691274642944 10 -1 -1 
837 484 48 34 0.6277620196342468 10 -1 -1 
556 179 11 31 0.6269106268882751 1 -1 -1 
973 435 10 29 0.6160561442375183 1 -1 -1 
1124 110 13 27 0.6098608374595642 1 -1 -1 
701 14 40 15 0.6096245050430298 4 -1 -1 
491 54 49 20 0.6079784631729126 4 -1 -1 
316 261 103 44 0.607634425163269 4 -1 -1 
791 435 60 38 0.5954940319061279 10 -1 -1 
675 108 11 25 0.5949752926826477 1 -1 -1 
721 75 55 22 0.5938220620155334 4 -1 -1 
569 156 11 28 0.5899662375450134 1 -1 -1 
724 8 34 17 0.5866411328315735 5 -1 -1 
622 194 22 38 0.5835644602775574 8 -1 -1 
786 188 15 17 0.5741002559661865 7 -1 -1 
1254 169 14 20 0.5723838210105896 2 -1 -1 
584 11 19 17 0.5694959163665771 4 -1 -1 
1114 46 7 20 0.5690373182296753 1 -1 -1 
399 52 9 18 0.5685499310493469 1 -1 -1 
0 723 207 41 0.564923107624054 4 -1 -1 
736 80 28 29 0.563975989818573 5 -1 -1 
1018 454 21 49 0.5544830560684204 1 -1 -1 
1169 385 33 37 0.5515777468681335 2 -1 -1 
671 42 7 21 0.5480107069015503 1 -1 -1 
375 88 26 17 0.5444866418838501 10 -1 -1 
459 211 49 57 0.5438308119773865 5 -1 -1 
1154 371 39 34 0.543219268321991 2 -1 -1 
1038 368 22 44 0.5371329188346863 1 -1 -1 
1259 177 14 20 0.5342935919761658 2 -1 -1 
359 119 61 33 0.5306734442710876 4 -1 -1 
982 466 19 32 0.5288043022155762 2 -1 -1 
679 23 10 17 0.5285890102386475 2 -1 -1 
1156 380 42 37 0.5266067981719971 2 -1 -1 
1279 172 12 19 0.5244531631469727 2 -1 -1 
776 105 18 16 0.524308443069458 10 -1 -1 
1113 315 19 27 0.523209810256958 2 -1 -1 
984 444 20 47 0.5174365043640137 1 -1 -1 
980 466 20 38 0.512861967086792 1 -1 -1 
865 339 38 45 0.5121758580207825 8 -1 -1 
990 443 15 35 0.5119858980178833 1 -1 -1 
617 114 30 34 0.5116643309593201 5 -1 -1 
775 181 12 27 0.5097814202308655 1 -1 -1 
494 156 38 25 0.5089669823646545 10 -1 -1 
790 434 61 38 0.5075936913490295 7 -1 -1 
603 14 8 16 0.5041136145591736 1 -1 -1 
615 170 10 29 0.5031470060348511 1 -1 -1 
551 162 13 24 0.5017040967941284 2 -1 -1 
1107 44 9 22 0.4944770932197571 1 -1 -1 
972 283 14 22 0.4915691018104553 2 -1 -1 
915 276 16 36 0.4912145733833313 1 -1 -1 
1005 489 20 39 0.4912070333957672 2 -1 -1 
801 383 66 43 0.48963403701782227 8 -1 -1 
796 222 97 41 0.4871038794517517 4 -1 -1 
459 212 49 56 0.4850728213787079 4 -1 -1 
531 163 15 28 0.4815954566001892 10 -1 -1 
1286 183 12 22 0.4803923964500427 2 -1 -1 
1061 380 18 38 0.4782731533050537 1 -1 -1 
710 17 32 17 0.47675812244415283 4 -1 -1 
592 5 27 18 0.4765285849571228 4 -1 -1 
326 242 106 43 0.47604888677597046 4 -1 -1 
788 182 10 19 0.47249871492385864 2 -1 -1 
521 161 17 32 0.47014176845550537 10 -1 -1 
399 189 49 46 0.46534785628318787 4 -1 -1 
581 4 34 19 0.46266433596611023 5 -1 -1 
846 492 168 85 0.45855408906936646 5 -1 -1 
359 120 60 32 0.4545052647590637 5 -1 -1 
717 38 8 15 0.451104074716568 2 -1 -1 
1264 173 13 23 0.44823887944221497 2 -1 -1 
1324 191 21 29 0.4477826952934265 2 -1 -1 
726 77 39 29 0.4464361369609833 4 -1 -1 
1111 44 9 21 0.4438443183898926 1 -1 -1 
1298 153 59 39 0.442105233669281 5 -1 -1 
1018 349 19 35 0.4417090117931366 1 -1 -1 
1182 157 11 29 0.4362558126449585 1 -1 -1 
583 10 20 18 0.43426838517189026 5 -1 -1 
820 183 9 21 0.43402591347694397 1 -1 -1 
580 5 22 18 0.43380308151245117 5 -1 -1 
1133 58 9 23 0.4322482943534851 1 -1 -1 
1276 173 14 26 0.4316539466381073 2 -1 -1 
736 81 28 28 0.4301999807357788 4 -1 -1 
551 163 13 24 0.4288698136806488 1 -1 -1 
760 36 34 17 0.42736250162124634 10 -1 -1 
1043 401 14 27 0.42471006512641907 1 -1 -1 
399 189 49 46 0.42437008023262024 5 -1 -1 
1018 349 19 33 0.42259109020233154 2 -1 -1 
839 396 33 32 0.4217032492160797 10 -1 -1 
495 160 25 21 0.4189050793647766 10 -1 -1 
903 199 11 28 0.41848868131637573 1 -1 -1 
807 414 18 47 0.4144752621650696 1 -1 -1 
735 77 40 26 0.41219279170036316 4 -1 -1 
551 171 14 24 0.4098294973373413 3 -1 -1 
1286 183 12 23 0.4039210379123688 1 -1 -1 
776 381 88 49 0.39733803272247314 7 -1 -1 
816 207 13 26 0.3970892131328583 1 -1 -1 
677 45 6 18 0.3946613669395447 1 -1 -1 
746 118 42 26 0.349794864654541 5 -1 -1 
745 110 37 30 0.3077535033226013 4 -1 -1 
258 298 110 61 0.2872229814529419 4 -1 -1 
772 379 92 49 0.28561195731163025 8 -1 -1 
762 335 99 51 0.28529828786849976 5 -1 -1 
768 374 83 41 0.2710644006729126 7 -1 -1 
735 77 40 26 0.2665784955024719 5 -1 -1 
826 661 183 105 0.25988397002220154 5 -1 -1 
286 287 103 60 0.25053784251213074 4 -1 -1 
696 261 91 55 0.23299814760684967 4 -1 -1 
1298 154 60 42 0.23295530676841736 4 -1 -1 
722 76 55 23 0.22103148698806763 5 -1 -1 
786 241 94 42 0.21474958956241608 5 -1 -1 
295 274 96 45 0.2137085348367691 4 -1 -1 
814 264 93 49 0.21241340041160583 4 -1 -1 
768 374 83 41 0.21113131940364838 8 -1 -1 
760 36 41 19 0.20253324508666992 7 -1 -1 
793 256 100 40 0.19768530130386353 4 -1 -1 
360 301 112 60 0.19120626151561737 5 -1 -1 
580 3 40 21 0.19093310832977295 4 -1 -1 
761 37 41 22 0.1907023787498474 10 -1 -1 
622 193 23 40 0.1841815561056137 7 -1 -1 
1312 196 37 25 0.18268828094005585 10 -1 -1 
733 311 98 48 0.17923025786876678 5 -1 -1 
318 295 71 63 0.17764294147491455 4 -1 -1 
1298 154 60 43 0.1766471117734909 7 -1 -1 
324 270 98 46 0.1726810187101364 4 -1 -1 
1112 319 28 37 0.17212840914726257 1 -1 -1 
365 84 37 23 0.17025870084762573 10 -1 -1 
797 257 92 42 0.16926012933254242 5 -1 -1 
535 8 37 27 0.16852153837680817 4 -1 -1 
827 273 86 60 0.15739282965660095 5 -1 -1 
735 77 40 26 0.15638087689876556 6 -1 -1 
621 194 23 39 0.15468057990074158 6 -1 -1 
272 274 113 60 0.15245729684829712 4 -1 -1 
789 426 79 46 0.1515478789806366 8 -1 -1 
1294 164 52 40 0.15065810084342957 7 -1 -1 
815 264 100 52 0.1504158079624176 8 -1 -1 
760 36 41 19 0.1492379605770111 4 -1 -1 
1291 176 48 31 0.1483810842037201 7 -1 -1 
720 72 38 24 0.14575545489788055 4 -1 -1 
789 423 84 50 0.1450193077325821 7 -1 -1 
292 247 125 55 0.14342091977596283 4 -1 -1 
1299 154 60 44 0.14272892475128174 6 -1 -1 
318 259 101 47 0.14245253801345825 5 -1 -1 
797 222 96 41 0.14244955778121948 6 -1 -1 
338 235 106 44 0.14237450063228607 5 -1 -1 
336 200 106 40 0.14155133068561554 4 -1 -1 
842 271 77 69 0.14064475893974304 8 -1 -1 
328 298 91 61 0.13910971581935883 4 -1 -1 
722 76 55 23 0.13902676105499268 6 -1 -1 
717 5 44 21 0.1372380405664444 4 -1 -1 
724 77 41 27 0.13523437082767487 5 -1 -1 
251 276 104 75 0.13306516408920288 4 -1 -1 
1294 164 52 40 0.13233576714992523 8 -1 -1 
798 377 75 49 0.13048753142356873 7 -1 -1 
740 72 44 25 0.13018320500850677 4 -1 -1 
280 258 121 51 0.1300775110721588 4 -1 -1 
760 36 41 19 0.12853290140628815 3 -1 -1 
726 77 39 29 0.12675601243972778 6 -1 -1 
777 381 92 50 0.12340939044952393 10 -1 -1 
424 407 82 101 0.12213773280382156 5 -1 -1 
716 153 62 14 0.1220153197646141 4 -1 -1 
422 262 88 55 0.1210692971944809 5 -1 -1 
338 251 98 51 0.11935514211654663 4 -1 -1 
982 473 26 47 0.11741981655359268 1 -1 -1 
286 287 103 60 0.11725684255361557 5 -1 -1 
423 402 84 72 0.11709298193454742 9 -1 -1 
703 7 48 21 0.11581320315599442 6 -1 -1 
222 489 171 94 0.11432025581598282 5 -1 -1 
777 367 91 44 0.11392594873905182 7 -1 -1 
651 91 34 28 0.11363573372364044 5 -1 -1 
1111 312 30 37 0.11361492425203323 2 -1 -1 
701 10 43 19 0.11021909862756729 5 -1 -1 
958 281 31 32 0.10982820391654968 10 -1 -1 
797 222 96 41 0.10977455973625183 9 -1 -1 
719 164 34 34 0.10848306119441986 5 -1 -1 
696 260 93 56 0.10721281170845032 8 -1 -1 
716 138 68 30 0.10681085288524628 5 -1 -1 
336 200 106 40 0.10624692589044571 5 -1 -1 
258 298 110 61 0.10622857511043549 5 -1 -1 
291 271 102 51 0.10580079257488251 5 -1 -1 
621 194 23 39 0.10523281991481781 5 -1 -1 
710 6 47 21 0.10514115542173386 5 -1 -1 
760 36 41 19 0.10494665056467056 5 -1 -1 
734 311 98 48 0.10493995994329453 1 -1 -1 
777 381 92 50 0.1047576516866684 6 -1 -1 
716 138 69 29 0.10387727618217468 1 -1 -1 
364 84 38 23 0.10377199202775955 7 -1 -1 
534 10 38 26 0.10342603921890259 5 -1 -1 
1312 195 37 25 0.10337875783443451 7 -1 -1 
1060 186 35 26 0.10209889709949493 7 -1 -1 
828 411 144 61 0.1019759401679039 5 -1 -1 
616 114 30 35 0.10187459737062454 9 -1 -1 
847 492 166 86 0.08712522685527802 9 -1 -1 
846 492 168 85 0.07868830859661102 6 -1 -1 
1268 157 87 57 0.05536893382668495 6 -1 -1 
