904 359 78 73 0.9848795533180237 5 -1 -1 
803 208 36 34 0.981031060218811 5 -1 -1 
1007 533 120 106 0.9553952217102051 4 -1 -1 
176 567 123 130 0.9539870023727417 4 -1 -1 
213 224 91 32 0.9417681694030762 4 -1 -1 
176 251 85 41 0.9239216446876526 4 -1 -1 
792 244 69 31 0.9068145751953125 4 -1 -1 
494 172 32 27 0.9004808664321899 4 -1 -1 
266 468 95 102 0.899979293346405 4 -1 -1 
578 176 34 27 0.8945781588554382 4 -1 -1 
428 211 55 30 0.8849049806594849 7 -1 -1 
478 251 44 43 0.8781736493110657 4 -1 -1 
560 234 40 46 0.8737549185752869 4 -1 -1 
429 267 36 44 0.839451253414154 7 -1 -1 
1105 667 149 97 0.8380289673805237 4 -1 -1 
604 74 15 13 0.8188099265098572 4 -1 -1 
569 123 32 22 0.818383514881134 7 -1 -1 
331 385 70 75 0.8162983059883118 4 -1 -1 
766 168 32 25 0.7994319200515747 4 -1 -1 
663 59 13 11 0.7780580520629883 4 -1 -1 
877 330 55 45 0.7717492580413818 4 -1 -1 
744 142 23 18 0.7584306001663208 4 -1 -1 
537 163 9 15 0.75167316198349 3 -1 -1 
574 61 13 12 0.7508769035339355 4 -1 -1 
569 123 32 21 0.7475391030311584 8 -1 -1 
725 103 19 16 0.7470495700836182 4 -1 -1 
564 74 14 11 0.7458227872848511 4 -1 -1 
362 232 82 31 0.7447430491447449 4 -1 -1 
845 288 54 45 0.7371739149093628 4 -1 -1 
616 33 8 8 0.7287806868553162 4 -1 -1 
755 153 23 22 0.7201287150382996 4 -1 -1 
649 40 9 7 0.7033413648605347 4 -1 -1 
611 42 9 8 0.7032008767127991 4 -1 -1 
816 462 24 34 0.7025761008262634 2 -1 -1 
557 82 13 11 0.7015103101730347 4 -1 -1 
612 102 18 18 0.7010689377784729 4 -1 -1 
580 48 11 10 0.7000781893730164 4 -1 -1 
596 187 31 36 0.6940918564796448 4 -1 -1 
702 73 13 11 0.6907650828361511 4 -1 -1 
740 132 21 17 0.6715437769889832 4 -1 -1 
714 88 15 12 0.6709539294242859 4 -1 -1 
1049 426 44 47 0.6579240560531616 7 -1 -1 
815 463 24 47 0.6561604142189026 10 -1 -1 
429 267 35 44 0.6498317122459412 8 -1 -1 
523 123 22 22 0.6462051868438721 4 -1 -1 
537 157 9 18 0.6416780352592468 2 -1 -1 
549 91 16 13 0.6399046778678894 4 -1 -1 
689 52 11 11 0.627748429775238 4 -1 -1 
555 118 6 14 0.6071810126304626 2 -1 -1 
567 69 13 11 0.5952077507972717 4 -1 -1 
573 54 14 12 0.5918695330619812 4 -1 -1 
965 208 40 28 0.5911088585853577 4 -1 -1 
533 119 17 17 0.5905196666717529 4 -1 -1 
469 221 11 13 0.5823016166687012 2 -1 -1 
554 123 7 12 0.5818735957145691 3 -1 -1 
620 24 8 7 0.5789779424667358 4 -1 -1 
582 40 11 9 0.5764618515968323 4 -1 -1 
682 41 10 10 0.5714904069900513 5 -1 -1 
678 36 9 9 0.5620042681694031 4 -1 -1 
555 85 13 12 0.5617574453353882 4 -1 -1 
1144 518 26 32 0.5596203804016113 3 -1 -1 
729 109 16 16 0.5587926506996155 4 -1 -1 
512 151 17 16 0.5543069243431091 7 -1 -1 
588 34 12 10 0.5427786111831665 4 -1 -1 
738 126 19 15 0.5361722111701965 4 -1 -1 
658 29 8 9 0.523003101348877 5 -1 -1 
734 118 20 16 0.5219851732254028 4 -1 -1 
547 98 12 10 0.5186928510665894 10 -1 -1 
553 88 14 13 0.5181851387023926 4 -1 -1 
591 31 10 10 0.5129366517066956 4 -1 -1 
536 112 15 16 0.5099045634269714 4 -1 -1 
560 111 6 14 0.5057827234268188 1 -1 -1 
704 92 17 20 0.49988916516304016 6 -1 -1 
722 96 17 16 0.47159457206726074 5 -1 -1 
704 97 17 15 0.47105148434638977 7 -1 -1 
1157 559 31 24 0.46698620915412903 3 -1 -1 
577 51 12 11 0.4600076675415039 4 -1 -1 
412 198 11 16 0.4574589729309082 2 -1 -1 
443 211 16 22 0.4525164067745209 2 -1 -1 
565 118 6 14 0.43719133734703064 2 -1 -1 
572 57 15 14 0.436080664396286 4 -1 -1 
585 88 6 11 0.4290814697742462 2 -1 -1 
453 214 12 15 0.42748960852622986 2 -1 -1 
391 186 14 21 0.42693766951560974 10 -1 -1 
568 67 13 9 0.42599791288375854 4 -1 -1 
592 62 7 9 0.42254480719566345 10 -1 -1 
581 45 11 10 0.4192497432231903 4 -1 -1 
381 154 10 28 0.41426941752433777 1 -1 -1 
657 29 9 9 0.40898802876472473 4 -1 -1 
585 36 12 10 0.4066248834133148 4 -1 -1 
722 96 16 15 0.4040386378765106 4 -1 -1 
739 128 21 17 0.40209072828292847 4 -1 -1 
411 199 12 25 0.3972783088684082 1 -1 -1 
594 45 5 9 0.392385333776474 2 -1 -1 
593 56 6 10 0.3918903172016144 2 -1 -1 
608 22 8 7 0.39051204919815063 4 -1 -1 
810 193 17 24 0.39031732082366943 8 -1 -1 
180 318 19 21 0.38678842782974243 2 -1 -1 
592 29 11 10 0.38464000821113586 4 -1 -1 
586 88 5 11 0.3842608630657196 1 -1 -1 
290 187 41 18 0.37758302688598633 4 -1 -1 
733 118 20 16 0.3766214847564697 5 -1 -1 
447 212 15 19 0.3739830255508423 2 -1 -1 
560 110 6 13 0.3718649446964264 2 -1 -1 
594 46 5 9 0.3710065484046936 1 -1 -1 
565 122 7 13 0.36978429555892944 10 -1 -1 
618 21 8 7 0.368119478225708 4 -1 -1 
512 152 17 15 0.3630306124687195 10 -1 -1 
616 20 7 6 0.36170172691345215 4 -1 -1 
579 47 12 11 0.3601343631744385 5 -1 -1 
724 98 17 17 0.3598812222480774 4 -1 -1 
853 200 35 36 0.3560904264450073 5 -1 -1 
625 19 7 6 0.35530325770378113 4 -1 -1 
729 110 16 15 0.3508175313472748 5 -1 -1 
245 325 95 42 0.3504725396633148 4 -1 -1 
588 54 5 9 0.345868855714798 1 -1 -1 
555 118 6 14 0.3409210443496704 1 -1 -1 
578 39 14 10 0.3356666564941406 4 -1 -1 
563 92 6 11 0.3356092870235443 1 -1 -1 
963 208 42 28 0.3352852761745453 5 -1 -1 
538 157 8 17 0.334918737411499 1 -1 -1 
682 41 10 10 0.3300371468067169 4 -1 -1 
391 186 14 21 0.3289155066013336 3 -1 -1 
1049 428 44 44 0.3273398280143738 10 -1 -1 
411 201 12 25 0.3252441883087158 3 -1 -1 
585 91 6 11 0.32505202293395996 10 -1 -1 
671 28 9 8 0.32445886731147766 4 -1 -1 
620 22 7 8 0.3243478238582611 4 -1 -1 
1158 553 47 31 0.3235308825969696 10 -1 -1 
780 132 19 14 0.3172660768032074 10 -1 -1 
735 131 7 15 0.31028059124946594 1 -1 -1 
1166 547 15 28 0.3093404769897461 2 -1 -1 
596 187 31 36 0.30535537004470825 5 -1 -1 
591 29 12 11 0.30414026975631714 5 -1 -1 
615 20 6 7 0.3032453954219818 4 -1 -1 
594 46 5 9 0.3001309931278229 10 -1 -1 
353 221 22 16 0.299483060836792 10 -1 -1 
585 94 5 9 0.29724353551864624 3 -1 -1 
620 23 8 8 0.29686275124549866 5 -1 -1 
1158 558 31 24 0.2961803078651428 10 -1 -1 
331 385 69 75 0.28873464465141296 5 -1 -1 
569 123 32 22 0.2617955207824707 3 -1 -1 
1048 423 46 50 0.23518922924995422 8 -1 -1 
904 359 78 73 0.23451806604862213 8 -1 -1 
428 211 52 30 0.2308432161808014 10 -1 -1 
428 211 55 30 0.22984959185123444 8 -1 -1 
276 318 64 45 0.21592582762241364 4 -1 -1 
766 168 32 25 0.21462175250053406 5 -1 -1 
904 359 78 73 0.21293573081493378 4 -1 -1 
428 211 55 30 0.20479218661785126 3 -1 -1 
361 233 83 30 0.20315299928188324 5 -1 -1 
852 197 54 40 0.19536732137203217 5 -1 -1 
569 123 32 22 0.19474714994430542 2 -1 -1 
522 122 24 23 0.1924360692501068 5 -1 -1 
1047 396 52 75 0.19057205319404602 8 -1 -1 
361 232 83 31 0.18671223521232605 6 -1 -1 
497 148 31 20 0.1825716197490692 4 -1 -1 
1157 546 63 37 0.1806429624557495 7 -1 -1 
904 359 78 73 0.1724957674741745 10 -1 -1 
734 119 27 24 0.1682123839855194 4 -1 -1 
215 310 127 67 0.16569747030735016 4 -1 -1 
845 289 54 44 0.16543325781822205 5 -1 -1 
252 310 88 50 0.16055749356746674 4 -1 -1 
780 125 28 21 0.1565786600112915 4 -1 -1 
524 119 25 25 0.15645354986190796 6 -1 -1 
178 318 21 30 0.15640641748905182 1 -1 -1 
429 208 39 25 0.15414944291114807 10 -1 -1 
176 566 123 132 0.15387189388275146 9 -1 -1 
1007 533 120 106 0.14784018695354462 9 -1 -1 
528 114 24 25 0.1475929319858551 6 -1 -1 
904 360 78 72 0.145131915807724 6 -1 -1 
428 209 34 24 0.14510518312454224 3 -1 -1 
1047 396 52 75 0.14300334453582764 7 -1 -1 
1159 541 90 46 0.14112971723079681 4 -1 -1 
754 153 25 22 0.14110314846038818 5 -1 -1 
385 180 22 29 0.13984328508377075 10 -1 -1 
904 359 78 73 0.1385265588760376 7 -1 -1 
213 224 90 32 0.13551627099514008 1 -1 -1 
245 324 96 42 0.13422192633152008 5 -1 -1 
385 179 24 28 0.13352306187152863 3 -1 -1 
852 197 54 40 0.13292312622070312 4 -1 -1 
1104 667 156 98 0.13226903975009918 5 -1 -1 
1157 546 63 37 0.13113746047019958 8 -1 -1 
1006 533 121 106 0.13037562370300293 1 -1 -1 
443 221 41 21 0.12709949910640717 7 -1 -1 
878 330 54 45 0.12677358090877533 5 -1 -1 
1049 405 49 66 0.12668870389461517 10 -1 -1 
904 359 78 73 0.12633217871189117 9 -1 -1 
1091 475 66 35 0.12424557656049728 4 -1 -1 
526 116 25 25 0.1231551244854927 4 -1 -1 
176 566 123 132 0.12113872915506363 1 -1 -1 
942 207 64 33 0.12037405371665955 4 -1 -1 
428 211 55 30 0.11935582011938095 6 -1 -1 
428 212 53 29 0.11909274011850357 2 -1 -1 
904 359 78 73 0.1159457117319107 2 -1 -1 
176 251 85 41 0.11437886208295822 1 -1 -1 
381 182 21 34 0.11419244110584259 3 -1 -1 
1048 423 46 50 0.11345798522233963 3 -1 -1 
359 195 17 38 0.11096637696027756 10 -1 -1 
494 172 32 27 0.10969134420156479 6 -1 -1 
34 388 19 37 0.10917434096336365 1 -1 -1 
569 123 32 22 0.10727283358573914 1 -1 -1 
1007 533 119 106 0.10592545568943024 7 -1 -1 
175 251 86 41 0.10563500225543976 5 -1 -1 
176 566 123 132 0.10553982853889465 7 -1 -1 
243 334 94 46 0.10438895970582962 4 -1 -1 
1186 536 79 52 0.10247636586427689 4 -1 -1 
792 244 69 31 0.10222505778074265 5 -1 -1 
173 317 27 28 0.10102910548448563 10 -1 -1 
176 566 123 132 0.10098093003034592 6 -1 -1 
267 468 92 102 0.10001667588949203 1 -1 -1 
382 182 22 34 0.0993613675236702 10 -1 -1 
763 164 32 23 0.09805481135845184 4 -1 -1 
610 100 23 24 0.09686750918626785 4 -1 -1 
213 224 91 32 0.09533616155385971 5 -1 -1 
1007 533 120 106 0.09512493759393692 10 -1 -1 
247 325 93 41 0.09501774609088898 6 -1 -1 
494 172 32 27 0.09473362565040588 5 -1 -1 
427 220 46 23 0.09458610415458679 9 -1 -1 
377 185 20 38 0.09448406845331192 3 -1 -1 
279 315 61 47 0.09339684993028641 5 -1 -1 
171 316 29 26 0.09211256355047226 2 -1 -1 
1007 533 120 106 0.0921081155538559 6 -1 -1 
1007 533 119 106 0.09195107221603394 5 -1 -1 
1157 548 63 36 0.09155504405498505 3 -1 -1 
526 116 25 25 0.09131106734275818 5 -1 -1 
1104 666 156 99 0.09082736819982529 1 -1 -1 
792 244 69 31 0.08901890367269516 9 -1 -1 
213 224 91 32 0.08779565244913101 9 -1 -1 
779 127 29 19 0.08758953958749771 10 -1 -1 
732 116 26 22 0.08752686530351639 5 -1 -1 
176 566 123 132 0.08692616969347 10 -1 -1 
34 388 19 37 0.08669710159301758 2 -1 -1 
453 219 39 23 0.08598094433546066 7 -1 -1 
176 567 123 130 0.08561068028211594 5 -1 -1 
853 200 74 45 0.08543728291988373 5 -1 -1 
276 322 65 43 0.08541394770145416 7 -1 -1 
1043 380 90 93 0.08529826253652573 8 -1 -1 
266 468 94 102 0.08351831883192062 5 -1 -1 
728 114 27 22 0.08328602463006973 4 -1 -1 
754 153 25 22 0.082811139523983 6 -1 -1 
766 168 32 25 0.08219179511070251 1 -1 -1 
428 211 55 30 0.08200521767139435 4 -1 -1 
853 193 60 41 0.08072509616613388 9 -1 -1 
792 244 69 31 0.07946301251649857 1 -1 -1 
215 310 127 67 0.07887362688779831 5 -1 -1 
792 243 70 32 0.07668644934892654 10 -1 -1 
33 380 22 36 0.076002337038517 1 -1 -1 
214 309 127 66 0.07523102313280106 9 -1 -1 
426 208 58 34 0.06988801062107086 9 -1 -1 
214 309 127 66 0.06552394479513168 6 -1 -1 
1043 380 90 93 0.06195776164531708 7 -1 -1 
1040 387 106 88 0.06032890826463699 6 -1 -1 
1154 529 126 67 0.057768434286117554 4 -1 -1 
