559 310 59 49 0.9011461138725281 4 -1 -1 
416 199 26 23 0.8933948874473572 4 -1 -1 
295 191 23 24 0.8865124583244324 4 -1 -1 
397 164 44 22 0.8717575073242188 5 -1 -1 
417 269 39 38 0.871329128742218 4 -1 -1 
223 245 28 36 0.8615829944610596 8 -1 -1 
512 381 41 62 0.8090503811836243 8 -1 -1 
91 317 16 33 0.8010690808296204 1 -1 -1 
519 236 35 29 0.776015043258667 4 -1 -1 
458 456 61 83 0.7442808151245117 8 -1 -1 
533 259 40 31 0.7354321479797363 4 -1 -1 
458 457 60 82 0.7340927720069885 6 -1 -1 
697 321 13 34 0.7325516939163208 1 -1 -1 
171 267 24 29 0.7280861139297485 10 -1 -1 
24 325 46 52 0.7068302035331726 7 -1 -1 
404 116 11 10 0.6948713660240173 4 -1 -1 
506 207 19 18 0.688098132610321 7 -1 -1 
128 403 25 41 0.6623945236206055 10 -1 -1 
458 205 9 15 0.6587865352630615 2 -1 -1 
511 380 42 63 0.6579719185829163 7 -1 -1 
316 217 10 16 0.6574574708938599 10 -1 -1 
688 342 8 22 0.6460879445075989 1 -1 -1 
536 352 16 27 0.6424899697303772 2 -1 -1 
453 162 6 11 0.6339559555053711 2 -1 -1 
316 124 14 12 0.6300599575042725 4 -1 -1 
458 210 9 14 0.6209437251091003 10 -1 -1 
534 361 19 32 0.6118147373199463 10 -1 -1 
129 390 22 40 0.6094592213630676 2 -1 -1 
456 138 4 10 0.606545090675354 2 -1 -1 
412 97 8 9 0.6040972471237183 4 -1 -1 
454 167 6 11 0.6031574606895447 10 -1 -1 
482 233 10 19 0.596774697303772 2 -1 -1 
300 241 13 20 0.5966458320617676 10 -1 -1 
502 191 7 13 0.5912821888923645 10 -1 -1 
331 189 8 14 0.5851789712905884 10 -1 -1 
302 234 10 20 0.5842920541763306 2 -1 -1 
732 492 18 36 0.5810123085975647 10 -1 -1 
471 170 7 13 0.5807578563690186 2 -1 -1 
456 142 4 9 0.5778400301933289 10 -1 -1 
336 154 5 11 0.5741502046585083 2 -1 -1 
336 159 6 10 0.5715893507003784 10 -1 -1 
482 239 10 18 0.5687227249145508 10 -1 -1 
353 151 5 10 0.5666325092315674 10 -1 -1 
353 146 5 11 0.56559157371521 2 -1 -1 
502 188 7 11 0.5623190999031067 2 -1 -1 
297 145 17 14 0.5608445405960083 4 -1 -1 
148 302 27 25 0.5582396984100342 10 -1 -1 
499 284 11 15 0.5512102246284485 2 -1 -1 
364 125 5 8 0.5507504343986511 2 -1 -1 
331 183 8 14 0.5440025925636292 2 -1 -1 
387 88 6 5 0.5429685711860657 4 -1 -1 
480 157 7 12 0.5377155542373657 2 -1 -1 
456 106 8 7 0.5366930365562439 4 -1 -1 
100 345 34 25 0.5313662886619568 10 -1 -1 
494 245 11 22 0.5309604406356812 1 -1 -1 
471 175 7 12 0.5250813961029053 10 -1 -1 
478 204 8 16 0.5237154364585876 10 -1 -1 
364 128 5 8 0.5230176448822021 10 -1 -1 
354 138 5 9 0.5223214626312256 10 -1 -1 
355 190 16 12 0.5204964280128479 10 -1 -1 
0 380 11 30 0.5200603008270264 1 -1 -1 
480 161 7 11 0.5164454579353333 10 -1 -1 
329 139 4 10 0.5161610841751099 2 -1 -1 
478 199 8 16 0.5114967226982117 2 -1 -1 
438 115 4 8 0.5090204477310181 2 -1 -1 
438 117 4 8 0.5021331310272217 10 -1 -1 
804 503 86 36 0.5011687278747559 10 -1 -1 
511 380 42 63 0.49945884943008423 6 -1 -1 
316 211 8 16 0.4960554838180542 2 -1 -1 
459 456 58 84 0.495716392993927 7 -1 -1 
155 295 25 18 0.4924169182777405 10 -1 -1 
469 129 15 15 0.48934075236320496 4 -1 -1 
360 184 8 17 0.4891569912433624 2 -1 -1 
325 162 6 10 0.48775115609169006 2 -1 -1 
480 259 13 26 0.4862578809261322 2 -1 -1 
444 146 4 9 0.4857349693775177 10 -1 -1 
354 135 5 9 0.48268407583236694 2 -1 -1 
601 251 40 59 0.47744306921958923 8 -1 -1 
318 214 8 14 0.4766658544540405 2 -1 -1 
433 118 4 7 0.47652527689933777 2 -1 -1 
521 215 18 21 0.47348347306251526 10 -1 -1 
24 321 46 56 0.46966397762298584 8 -1 -1 
325 166 6 11 0.46879100799560547 10 -1 -1 
330 175 10 12 0.46869271993637085 10 -1 -1 
344 133 8 13 0.46794393658638 8 -1 -1 
364 186 7 15 0.4632285237312317 2 -1 -1 
341 146 5 7 0.46153414249420166 10 -1 -1 
344 132 8 14 0.4607144296169281 7 -1 -1 
501 265 11 19 0.4606463611125946 2 -1 -1 
433 121 4 7 0.4571688175201416 10 -1 -1 
423 109 7 10 0.45472753047943115 8 -1 -1 
529 221 9 15 0.45422011613845825 2 -1 -1 
523 212 11 18 0.45394963026046753 2 -1 -1 
734 480 17 33 0.45275425910949707 2 -1 -1 
328 143 5 9 0.44946056604385376 10 -1 -1 
470 160 7 11 0.44720199704170227 10 -1 -1 
392 76 6 7 0.44169673323631287 7 -1 -1 
290 182 15 12 0.44149336218833923 10 -1 -1 
499 276 12 17 0.44029268622398376 2 -1 -1 
444 139 6 10 0.43858662247657776 2 -1 -1 
499 288 12 17 0.43133115768432617 10 -1 -1 
512 207 10 14 0.4163813292980194 2 -1 -1 
511 390 10 24 0.4073515236377716 1 -1 -1 
480 282 12 21 0.4006771445274353 10 -1 -1 
406 99 3 7 0.39969000220298767 2 -1 -1 
444 142 5 9 0.3990025818347931 2 -1 -1 
458 455 59 83 0.3982345163822174 9 -1 -1 
331 170 8 14 0.3922898769378662 2 -1 -1 
365 187 6 14 0.3914043605327606 1 -1 -1 
392 76 6 7 0.39130064845085144 8 -1 -1 
336 157 6 11 0.3883410692214966 2 -1 -1 
734 503 12 20 0.38786444067955017 2 -1 -1 
423 109 7 10 0.38589221239089966 7 -1 -1 
341 139 5 9 0.38162168860435486 2 -1 -1 
386 82 5 5 0.3815380930900574 5 -1 -1 
341 142 5 10 0.3740416467189789 10 -1 -1 
480 276 12 21 0.37382951378822327 2 -1 -1 
528 210 8 15 0.3697862923145294 2 -1 -1 
289 183 6 12 0.3671499192714691 1 -1 -1 
846 507 42 27 0.36671388149261475 2 -1 -1 
386 82 5 5 0.3656236231327057 4 -1 -1 
380 78 6 6 0.36332055926322937 8 -1 -1 
357 185 12 16 0.3632371425628662 10 -1 -1 
733 488 16 35 0.3588404655456543 2 -1 -1 
444 137 6 8 0.3587116301059723 2 -1 -1 
412 97 8 9 0.35847270488739014 5 -1 -1 
860 507 28 21 0.3577253222465515 2 -1 -1 
348 127 5 10 0.3564499318599701 2 -1 -1 
510 207 12 15 0.35394272208213806 7 -1 -1 
378 105 4 7 0.3527663052082062 10 -1 -1 
699 326 11 28 0.34820136427879333 3 -1 -1 
215 240 15 21 0.3445011079311371 10 -1 -1 
219 230 37 52 0.3425482511520386 8 -1 -1 
328 140 5 10 0.34244903922080994 1 -1 -1 
422 108 5 7 0.3414037823677063 2 -1 -1 
528 196 14 10 0.33950352668762207 10 -1 -1 
380 78 6 6 0.33926844596862793 7 -1 -1 
396 164 45 22 0.33922967314720154 4 -1 -1 
406 100 3 7 0.3389478623867035 10 -1 -1 
480 157 7 12 0.338591605424881 10 -1 -1 
609 278 31 33 0.3368537425994873 7 -1 -1 
470 157 7 13 0.3367342948913574 2 -1 -1 
733 479 24 15 0.3353934586048126 10 -1 -1 
331 173 7 13 0.3352576494216919 10 -1 -1 
289 183 6 11 0.33418649435043335 2 -1 -1 
378 99 4 6 0.3334037661552429 2 -1 -1 
611 280 29 32 0.33327537775039673 10 -1 -1 
378 101 4 7 0.330182820558548 2 -1 -1 
223 245 29 37 0.3291335999965668 7 -1 -1 
479 271 14 31 0.3272989094257355 10 -1 -1 
604 273 37 39 0.3262677490711212 8 -1 -1 
471 173 7 14 0.3250836431980133 2 -1 -1 
378 103 4 8 0.32497990131378174 2 -1 -1 
341 143 6 9 0.3242489695549011 2 -1 -1 
170 287 22 21 0.32176363468170166 10 -1 -1 
503 513 14 26 0.32157737016677856 1 -1 -1 
343 143 5 8 0.32129865884780884 2 -1 -1 
373 97 4 8 0.31843864917755127 1 -1 -1 
479 265 13 20 0.3161206841468811 10 -1 -1 
348 127 5 11 0.3130120635032654 1 -1 -1 
354 133 5 9 0.31113749742507935 2 -1 -1 
298 180 5 11 0.31058046221733093 2 -1 -1 
293 185 13 10 0.30958661437034607 10 -1 -1 
480 259 13 26 0.3085213601589203 1 -1 -1 
800 503 54 35 0.30127087235450745 10 -1 -1 
147 308 24 21 0.29869815707206726 10 -1 -1 
479 266 14 27 0.2906724512577057 2 -1 -1 
832 506 57 30 0.2863970696926117 10 -1 -1 
170 276 23 27 0.2850951552391052 10 -1 -1 
602 253 38 59 0.27747416496276855 7 -1 -1 
698 322 11 32 0.27548301219940186 2 -1 -1 
25 325 46 53 0.2692028880119324 10 -1 -1 
521 215 18 21 0.2676907479763031 7 -1 -1 
150 309 31 19 0.2618982195854187 10 -1 -1 
507 206 30 19 0.2524062991142273 7 -1 -1 
159 297 26 19 0.24961400032043457 10 -1 -1 
157 290 30 22 0.2410060465335846 10 -1 -1 
126 393 27 48 0.22734922170639038 2 -1 -1 
840 507 50 29 0.2257307469844818 1 -1 -1 
498 274 14 24 0.22433583438396454 10 -1 -1 
733 480 18 23 0.22258704900741577 10 -1 -1 
734 480 17 32 0.2157749980688095 1 -1 -1 
506 206 19 18 0.21562305092811584 8 -1 -1 
817 506 71 31 0.21525561809539795 2 -1 -1 
165 285 21 22 0.21304085850715637 10 -1 -1 
796 503 51 36 0.20814509689807892 2 -1 -1 
498 267 14 25 0.2011728435754776 2 -1 -1 
458 455 59 83 0.200417622923851 5 -1 -1 
507 203 23 19 0.2003536969423294 7 -1 -1 
506 206 19 18 0.1915004402399063 10 -1 -1 
667 261 39 47 0.19036893546581268 4 -1 -1 
7 314 59 52 0.19034050405025482 8 -1 -1 
517 208 21 22 0.18660500645637512 7 -1 -1 
498 267 14 25 0.1856788843870163 10 -1 -1 
221 220 47 62 0.18491075932979584 8 -1 -1 
521 214 18 21 0.18296481668949127 2 -1 -1 
604 272 37 41 0.18093310296535492 10 -1 -1 
9 301 65 79 0.1765296459197998 7 -1 -1 
173 285 24 19 0.17647966742515564 10 -1 -1 
532 259 41 32 0.17553149163722992 5 -1 -1 
298 138 17 21 0.17457172274589539 5 -1 -1 
600 250 41 60 0.16469797492027283 4 -1 -1 
511 381 42 62 0.16196514666080475 2 -1 -1 
147 295 36 34 0.15996615588665009 10 -1 -1 
659 257 47 52 0.1593993753194809 6 -1 -1 
732 485 19 38 0.15718282759189606 1 -1 -1 
517 208 21 22 0.15675874054431915 2 -1 -1 
810 505 78 32 0.15625491738319397 3 -1 -1 
559 310 59 49 0.15622849762439728 5 -1 -1 
600 250 41 60 0.15572436153888702 5 -1 -1 
596 246 40 43 0.1554400622844696 8 -1 -1 
101 337 42 32 0.15089204907417297 10 -1 -1 
695 333 14 26 0.15007929503917694 3 -1 -1 
801 504 71 35 0.14967910945415497 2 -1 -1 
458 456 61 83 0.14825281500816345 3 -1 -1 
314 210 13 24 0.1474887877702713 10 -1 -1 
519 188 23 19 0.14684267342090607 10 -1 -1 
668 262 71 46 0.14433398842811584 4 -1 -1 
479 266 13 27 0.14208662509918213 1 -1 -1 
732 480 21 20 0.14193736016750336 1 -1 -1 
0 380 11 30 0.14182940125465393 2 -1 -1 
568 230 19 19 0.1405937373638153 7 -1 -1 
100 342 41 28 0.14052607119083405 7 -1 -1 
27 311 41 48 0.13902360200881958 8 -1 -1 
732 490 19 37 0.13898171484470367 3 -1 -1 
511 380 42 63 0.13609865307807922 9 -1 -1 
796 502 51 37 0.13573302328586578 1 -1 -1 
601 252 39 59 0.1341242790222168 10 -1 -1 
602 250 38 59 0.1339503526687622 6 -1 -1 
810 505 78 32 0.13365337252616882 7 -1 -1 
458 455 61 84 0.1331038624048233 2 -1 -1 
479 266 13 27 0.13267798721790314 3 -1 -1 
507 203 23 19 0.13220587372779846 8 -1 -1 
732 480 21 20 0.1319117695093155 2 -1 -1 
148 305 28 22 0.1316758245229721 7 -1 -1 
733 479 23 17 0.13161540031433105 3 -1 -1 
511 381 42 62 0.13108278810977936 3 -1 -1 
521 214 18 22 0.12778306007385254 8 -1 -1 
174 266 21 24 0.12775245308876038 2 -1 -1 
499 263 14 23 0.12773527204990387 1 -1 -1 
127 389 25 43 0.1275791972875595 1 -1 -1 
686 342 14 25 0.1275450885295868 1 -1 -1 
511 381 42 62 0.12702083587646484 1 -1 -1 
288 177 18 19 0.12395945191383362 10 -1 -1 
458 457 61 83 0.12153292447328568 4 -1 -1 
17 298 62 83 0.11692370474338531 8 -1 -1 
459 456 58 84 0.10955534130334854 1 -1 -1 
729 480 23 48 0.0802161693572998 9 -1 -1 
729 479 23 49 0.07068377733230591 2 -1 -1 
8 301 65 80 0.07024705410003662 6 -1 -1 
796 497 96 43 0.06312835216522217 9 -1 -1 
798 496 94 46 0.0604327991604805 1 -1 -1 
153 279 42 39 0.05937826633453369 10 -1 -1 
160 270 38 44 0.051337242126464844 10 -1 -1 
147 295 36 34 0.050287142395973206 7 -1 -1 
