621 164 61 78 0.9984623193740845 9 -1 -1 
1077 467 163 106 0.9419080018997192 4 -1 -1 
663 326 70 72 0.9395856261253357 4 -1 -1 
1008 226 80 52 0.9350538849830627 6 -1 -1 
81 194 83 39 0.9250930547714233 4 -1 -1 
701 155 33 23 0.8550510406494141 4 -1 -1 
442 261 12 34 0.8399951457977295 1 -1 -1 
141 189 80 38 0.835903525352478 4 -1 -1 
1083 232 56 38 0.8146293759346008 4 -1 -1 
642 254 52 52 0.8119628429412842 4 -1 -1 
603 130 21 20 0.8058829307556152 4 -1 -1 
595 113 19 17 0.7902275323867798 4 -1 -1 
16 293 27 47 0.7805700302124023 1 -1 -1 
560 639 262 124 0.7557811737060547 4 -1 -1 
968 133 56 19 0.7392248511314392 4 -1 -1 
564 104 6 17 0.7176783680915833 1 -1 -1 
1231 254 53 42 0.7098132967948914 4 -1 -1 
431 255 13 41 0.6931989789009094 1 -1 -1 
999 144 42 23 0.6866328120231628 4 -1 -1 
-1 203 47 40 0.675662100315094 4 -1 -1 
1096 201 10 28 0.6675956845283508 1 -1 -1 
1155 216 11 27 0.6496947407722473 1 -1 -1 
1013 259 13 35 0.6331537365913391 1 -1 -1 
685 127 8 19 0.6307358741760254 1 -1 -1 
600 67 9 8 0.6111404299736023 4 -1 -1 
590 59 8 8 0.5961400866508484 4 -1 -1 
730 145 25 22 0.587736189365387 4 -1 -1 
954 158 58 28 0.5830792784690857 5 -1 -1 
574 61 9 8 0.580513596534729 4 -1 -1 
895 155 64 28 0.5798890590667725 4 -1 -1 
1211 228 13 33 0.577573835849762 1 -1 -1 
1032 149 39 26 0.5676329135894775 4 -1 -1 
716 134 29 24 0.56090247631073 5 -1 -1 
901 178 17 23 0.5475056171417236 8 -1 -1 
1022 262 13 34 0.5470441579818726 1 -1 -1 
925 189 50 36 0.5400934219360352 5 -1 -1 
1005 221 81 52 0.5383971929550171 4 -1 -1 
1009 180 31 34 0.504950225353241 8 -1 -1 
924 189 51 36 0.5043306946754456 4 -1 -1 
953 126 51 20 0.49394792318344116 4 -1 -1 
1273 235 46 31 0.4914512038230896 7 -1 -1 
347 183 11 25 0.48016634583473206 2 -1 -1 
38 245 27 28 0.47387567162513733 2 -1 -1 
52 240 20 21 0.46752840280532837 2 -1 -1 
1000 164 10 25 0.4667697250843048 1 -1 -1 
976 213 21 22 0.4580593705177307 4 -1 -1 
1012 221 58 40 0.4514608085155487 4 -1 -1 
15 291 24 38 0.45021164417266846 1 -1 -1 
1079 207 19 20 0.44482454657554626 10 -1 -1 
361 184 10 24 0.4436546564102173 2 -1 -1 
680 121 7 17 0.43316876888275146 1 -1 -1 
230 186 31 21 0.4175249934196472 7 -1 -1 
348 183 10 27 0.41580215096473694 1 -1 -1 
976 155 39 32 0.40852299332618713 5 -1 -1 
1216 246 34 29 0.40405890345573425 8 -1 -1 
46 248 18 23 0.4036898612976074 2 -1 -1 
1020 243 67 36 0.4025639295578003 6 -1 -1 
955 125 48 20 0.4012613296508789 5 -1 -1 
1171 215 17 28 0.4010116159915924 10 -1 -1 
336 188 12 17 0.3985137939453125 2 -1 -1 
1216 246 34 29 0.39547526836395264 7 -1 -1 
585 52 11 9 0.38146570324897766 6 -1 -1 
621 164 61 78 0.38102203607559204 4 -1 -1 
715 134 30 24 0.3785848021507263 4 -1 -1 
1194 221 11 24 0.3699202835559845 10 -1 -1 
594 53 7 7 0.3690566122531891 4 -1 -1 
1020 243 66 36 0.3672201931476593 7 -1 -1 
1083 202 10 22 0.3670337498188019 2 -1 -1 
949 122 44 19 0.36463406682014465 4 -1 -1 
16 103 19 18 0.36455464363098145 8 -1 -1 
361 184 11 25 0.36369526386260986 1 -1 -1 
976 212 21 24 0.3596629202365875 6 -1 -1 
952 158 60 29 0.35405415296554565 4 -1 -1 
893 156 66 27 0.3468571901321411 5 -1 -1 
46 241 27 29 0.3420315384864807 2 -1 -1 
621 164 60 78 0.34137463569641113 10 -1 -1 
1094 163 32 25 0.3411544859409332 10 -1 -1 
571 51 7 7 0.3405768573284149 4 -1 -1 
1082 203 12 23 0.3401470184326172 10 -1 -1 
1306 233 14 32 0.33377334475517273 1 -1 -1 
1222 231 11 29 0.33250918984413147 1 -1 -1 
680 120 7 18 0.33242812752723694 2 -1 -1 
590 57 9 7 0.3305858373641968 4 -1 -1 
50 240 15 22 0.32932740449905396 2 -1 -1 
976 156 38 30 0.3283546268939972 4 -1 -1 
1022 248 13 34 0.32505062222480774 1 -1 -1 
1008 226 80 52 0.3242610991001129 7 -1 -1 
977 212 20 23 0.3227643668651581 7 -1 -1 
1175 216 19 26 0.31930017471313477 10 -1 -1 
621 164 60 78 0.31768107414245605 2 -1 -1 
586 51 11 10 0.31667235493659973 9 -1 -1 
892 155 67 28 0.3164425492286682 6 -1 -1 
621 164 60 78 0.31413865089416504 7 -1 -1 
15 291 15 32 0.3117748498916626 1 -1 -1 
621 164 60 78 0.31123337149620056 5 -1 -1 
16 102 20 20 0.3099638521671295 5 -1 -1 
15 98 27 24 0.3099297881126404 5 -1 -1 
950 122 45 20 0.30760458111763 5 -1 -1 
362 194 11 20 0.3043139576911926 3 -1 -1 
867 163 30 28 0.30422788858413696 4 -1 -1 
0 121 22 18 0.3013649582862854 4 -1 -1 
966 128 57 20 0.29926595091819763 4 -1 -1 
38 246 28 27 0.2983556091785431 10 -1 -1 
621 164 60 78 0.295552134513855 1 -1 -1 
586 51 11 10 0.2944994866847992 4 -1 -1 
621 164 60 78 0.29405301809310913 6 -1 -1 
1009 179 31 35 0.29312780499458313 7 -1 -1 
621 164 60 78 0.28931504487991333 3 -1 -1 
1181 215 16 27 0.2853754758834839 10 -1 -1 
571 51 7 8 0.2836928069591522 8 -1 -1 
565 68 7 7 0.2833367884159088 8 -1 -1 
572 57 7 8 0.2788338363170624 4 -1 -1 
571 51 7 7 0.27845510840415955 5 -1 -1 
1315 271 36 23 0.2782975435256958 10 -1 -1 
581 48 8 5 0.2768692672252655 4 -1 -1 
1112 210 11 23 0.2757664620876312 2 -1 -1 
1006 155 8 18 0.2752910852432251 1 -1 -1 
901 182 29 21 0.2747209072113037 8 -1 -1 
1290 234 31 31 0.274524062871933 7 -1 -1 
582 48 10 6 0.27437394857406616 4 -1 -1 
1083 201 10 23 0.27435609698295593 1 -1 -1 
954 158 58 28 0.26907381415367126 6 -1 -1 
571 51 7 8 0.2664472460746765 6 -1 -1 
974 207 22 24 0.26613888144493103 4 -1 -1 
621 164 60 78 0.2638069987297058 8 -1 -1 
683 125 7 16 0.26285383105278015 1 -1 -1 
1015 261 19 36 0.26215359568595886 1 -1 -1 
680 121 8 17 0.2607876658439636 10 -1 -1 
587 51 11 8 0.2581827938556671 6 -1 -1 
582 50 11 7 0.2581804692745209 4 -1 -1 
585 52 9 8 0.25788742303848267 4 -1 -1 
587 56 10 8 0.2556549310684204 4 -1 -1 
582 50 11 7 0.25466012954711914 6 -1 -1 
976 156 39 30 0.2535219192504883 8 -1 -1 
1004 163 10 24 0.2531973719596863 1 -1 -1 
987 138 45 19 0.25292322039604187 4 -1 -1 
586 51 11 10 0.24811947345733643 5 -1 -1 
1027 134 9 13 0.2475142925977707 2 -1 -1 
896 167 8 18 0.2473769634962082 1 -1 -1 
572 56 7 7 0.24686232209205627 4 -1 -1 
362 194 11 20 0.2461714744567871 10 -1 -1 
590 59 8 8 0.24589204788208008 5 -1 -1 
230 186 31 21 0.24304240942001343 8 -1 -1 
1065 151 22 16 0.24214299023151398 10 -1 -1 
436 259 14 35 0.24192966520786285 1 -1 -1 
901 178 17 24 0.24192829430103302 7 -1 -1 
976 213 21 22 0.24128498136997223 5 -1 -1 
1191 218 13 25 0.24012254178524017 10 -1 -1 
1106 197 10 25 0.23961307108402252 1 -1 -1 
1103 214 20 23 0.2389521449804306 10 -1 -1 
15 103 21 19 0.23882679641246796 4 -1 -1 
361 183 10 16 0.23872393369674683 2 -1 -1 
1006 160 9 21 0.2377617210149765 1 -1 -1 
589 50 10 8 0.23672938346862793 4 -1 -1 
1095 173 30 26 0.23653244972229004 10 -1 -1 
565 68 7 7 0.23419243097305298 6 -1 -1 
592 52 8 8 0.23338532447814941 6 -1 -1 
1034 181 9 25 0.2297629415988922 1 -1 -1 
1093 201 11 27 0.22852253913879395 1 -1 -1 
1028 147 35 23 0.226578488945961 4 -1 -1 
562 640 262 125 0.2255658656358719 5 -1 -1 
1031 149 38 26 0.22283680737018585 5 -1 -1 
1123 199 31 25 0.22209572792053223 10 -1 -1 
15 98 29 24 0.2113686054944992 8 -1 -1 
969 204 27 30 0.20952989161014557 5 -1 -1 
1091 148 34 26 0.19795164465904236 10 -1 -1 
1010 191 32 26 0.19610555469989777 8 -1 -1 
978 153 52 23 0.1956426501274109 4 -1 -1 
976 134 48 19 0.19448167085647583 5 -1 -1 
712 126 31 23 0.19293683767318726 5 -1 -1 
1253 235 29 23 0.18968938291072845 10 -1 -1 
984 150 50 21 0.18920637667179108 4 -1 -1 
1304 226 17 38 0.18644772469997406 2 -1 -1 
728 143 27 24 0.18336987495422363 5 -1 -1 
1298 232 23 33 0.1828802525997162 1 -1 -1 
1009 164 51 52 0.17346875369548798 6 -1 -1 
976 132 37 18 0.17302146553993225 4 -1 -1 
1065 241 23 33 0.16767118871212006 8 -1 -1 
1172 214 21 30 0.16564421355724335 3 -1 -1 
712 126 31 23 0.16466328501701355 4 -1 -1 
1018 247 28 34 0.1626376360654831 1 -1 -1 
1096 198 19 32 0.16224408149719238 1 -1 -1 
1021 256 20 38 0.15864673256874084 1 -1 -1 
1173 215 30 28 0.1582820862531662 10 -1 -1 
976 152 47 23 0.15788739919662476 5 -1 -1 
1021 246 17 33 0.15501463413238525 2 -1 -1 
1104 198 21 35 0.1525650918483734 1 -1 -1 
1016 238 65 32 0.15193137526512146 7 -1 -1 
708 122 34 20 0.15181362628936768 5 -1 -1 
1006 224 30 35 0.1510016769170761 2 -1 -1 
1024 142 35 22 0.15066561102867126 4 -1 -1 
1053 159 33 22 0.15042322874069214 4 -1 -1 
1011 165 35 47 0.14806801080703735 8 -1 -1 
1210 222 19 37 0.14588472247123718 1 -1 -1 
14 98 28 24 0.14495950937271118 4 -1 -1 
716 134 29 24 0.14405474066734314 6 -1 -1 
1273 235 46 31 0.1434895396232605 8 -1 -1 
1021 242 65 36 0.14322605729103088 8 -1 -1 
978 153 52 23 0.142139732837677 8 -1 -1 
1042 153 40 28 0.14184655249118805 4 -1 -1 
141 189 80 37 0.13974592089653015 5 -1 -1 
1287 226 28 38 0.13962720334529877 7 -1 -1 
1066 149 40 22 0.13803249597549438 7 -1 -1 
1000 140 37 17 0.13669943809509277 4 -1 -1 
1008 226 80 52 0.13666190207004547 5 -1 -1 
1065 149 38 21 0.13642098009586334 10 -1 -1 
560 638 261 127 0.13609352707862854 9 -1 -1 
710 122 33 20 0.13506396114826202 4 -1 -1 
1216 246 33 28 0.13442263007164001 4 -1 -1 
1214 228 19 34 0.13336437940597534 1 -1 -1 
49 241 25 26 0.13280300796031952 1 -1 -1 
1077 467 163 106 0.13256734609603882 1 -1 -1 
968 200 28 29 0.13169407844543457 4 -1 -1 
1231 254 53 42 0.12964384257793427 5 -1 -1 
1120 206 32 22 0.12837055325508118 10 -1 -1 
1008 226 80 52 0.12759113311767578 8 -1 -1 
1105 196 20 35 0.12718041241168976 2 -1 -1 
1000 144 38 19 0.12519873678684235 5 -1 -1 
1292 232 28 34 0.12417265772819519 2 -1 -1 
38 243 30 30 0.12305822968482971 1 -1 -1 
1005 237 33 26 0.12147826701402664 10 -1 -1 
708 121 34 21 0.12129829823970795 9 -1 -1 
1192 217 23 29 0.12078966200351715 10 -1 -1 
1100 193 27 31 0.12077368795871735 7 -1 -1 
1013 249 21 36 0.11955783516168594 1 -1 -1 
1018 241 25 30 0.11863767355680466 2 -1 -1 
1243 232 34 27 0.1181182786822319 10 -1 -1 
972 207 25 29 0.11798877269029617 8 -1 -1 
1006 224 30 35 0.11567042768001556 1 -1 -1 
1026 153 38 32 0.11529406160116196 4 -1 -1 
560 638 261 127 0.08694703131914139 6 -1 -1 
1004 220 66 46 0.08434540778398514 5 -1 -1 
559 640 267 126 0.08396346867084503 1 -1 -1 
1009 220 81 52 0.0828983262181282 9 -1 -1 
560 638 261 127 0.08223862946033478 10 -1 -1 
1012 244 76 35 0.07992271333932877 4 -1 -1 
997 240 86 44 0.07486320286989212 6 -1 -1 
1254 230 65 35 0.0744590014219284 6 -1 -1 
1009 164 51 52 0.07313533127307892 5 -1 -1 
1009 163 54 54 0.0710885301232338 8 -1 -1 
1004 247 81 39 0.0640484169125557 9 -1 -1 
1004 222 69 43 0.06366240233182907 6 -1 -1 
1233 238 63 47 0.06243196874856949 4 -1 -1 
1081 232 59 38 0.06053030863404274 5 -1 -1 
1009 164 51 52 0.05541340634226799 9 -1 -1 
1000 230 83 51 0.05315466970205307 9 -1 -1 
1010 163 51 54 0.05234861746430397 7 -1 -1 
998 150 57 51 0.05187039077281952 6 -1 -1 
1005 218 66 42 0.05162697285413742 9 -1 -1 
1021 240 69 39 0.05114426463842392 5 -1 -1 
