760 541 79 118 0.920759379863739 4 -1 -1 
644 311 47 62 0.788414478302002 4 -1 -1 
666 125 17 17 0.7267576456069946 4 -1 -1 
631 635 99 130 0.6608361601829529 4 -1 -1 
645 143 18 17 0.6434829235076904 4 -1 -1 
610 64 9 8 0.626337468624115 4 -1 -1 
644 325 46 48 0.3901803493499756 5 -1 -1 
740 207 16 20 0.3764623999595642 6 -1 -1 
633 635 96 131 0.3568316698074341 5 -1 -1 
666 124 17 18 0.3450048863887787 5 -1 -1 
662 115 22 28 0.34489351511001587 6 -1 -1 
749 50 10 18 0.32719671726226807 10 -1 -1 
645 143 18 17 0.32418474555015564 5 -1 -1 
574 91 6 11 0.24328666925430298 1 -1 -1 
666 124 17 19 0.2314722239971161 6 -1 -1 
749 48 10 13 0.23061810433864594 2 -1 -1 
920 86 10 9 0.21787114441394806 4 -1 -1 
740 206 16 19 0.20710721611976624 9 -1 -1 
855 139 12 14 0.20666667819023132 4 -1 -1 
610 64 9 8 0.19678662717342377 5 -1 -1 
855 135 16 19 0.19669018685817719 4 -1 -1 
566 483 11 26 0.1618623584508896 3 -1 -1 
855 143 9 11 0.15400701761245728 4 -1 -1 
750 44 9 12 0.15336112678050995 2 -1 -1 
582 366 104 66 0.1521846055984497 6 -1 -1 
662 115 22 27 0.1498032510280609 5 -1 -1 
605 283 6 15 0.14670653641223907 1 -1 -1 
600 320 6 8 0.14321160316467285 4 -1 -1 
741 208 15 20 0.14313940703868866 8 -1 -1 
602 66 6 9 0.1350686252117157 4 -1 -1 
539 614 14 32 0.1313101202249527 1 -1 -1 
749 56 9 15 0.13108660280704498 10 -1 -1 
741 208 15 20 0.1298777163028717 7 -1 -1 
739 205 5 10 0.12981823086738586 1 -1 -1 
616 51 4 5 0.12869614362716675 9 -1 -1 
574 91 7 12 0.12708483636379242 3 -1 -1 
325 402 52 51 0.12362043559551239 4 -1 -1 
854 142 7 13 0.11703933775424957 1 -1 -1 
633 635 97 131 0.11565196514129639 9 -1 -1 
750 48 9 13 0.11505221575498581 10 -1 -1 
739 205 13 15 0.11413347721099854 9 -1 -1 
600 328 5 9 0.11217028647661209 1 -1 -1 
741 208 15 20 0.11094902455806732 5 -1 -1 
646 143 17 17 0.10992076992988586 6 -1 -1 
855 153 12 11 0.1096150130033493 4 -1 -1 
477 694 31 35 0.10924921929836273 4 -1 -1 
542 614 11 9 0.10893677920103073 1 -1 -1 
610 64 9 8 0.10824788361787796 6 -1 -1 
542 614 12 14 0.10689201951026917 1 -1 -1 
758 543 82 116 0.10607021301984787 1 -1 -1 
738 204 5 9 0.10597076267004013 1 -1 -1 
591 94 5 10 0.10518614202737808 1 -1 -1 
586 365 100 66 0.1042981967329979 5 -1 -1 
608 62 11 9 0.10370839387178421 4 -1 -1 
633 635 97 131 0.10336413234472275 8 -1 -1 
601 319 7 9 0.10137157142162323 4 -1 -1 
567 482 10 26 0.10061557590961456 1 -1 -1 
579 364 107 109 0.09926841408014297 6 -1 -1 
665 118 18 23 0.09774567186832428 9 -1 -1 
751 47 10 13 0.09713607281446457 2 -1 -1 
681 131 6 9 0.09666898101568222 1 -1 -1 
735 203 21 25 0.09493352472782135 6 -1 -1 
736 201 6 8 0.09418655186891556 1 -1 -1 
574 90 6 9 0.09357133507728577 2 -1 -1 
632 635 97 130 0.09243693202733994 10 -1 -1 
540 615 13 19 0.09182445704936981 1 -1 -1 
856 132 14 16 0.09157946705818176 4 -1 -1 
645 138 17 19 0.09028546512126923 4 -1 -1 
855 135 12 14 0.08795290440320969 4 -1 -1 
855 135 15 18 0.08790028840303421 6 -1 -1 
855 139 12 14 0.08685462921857834 5 -1 -1 
598 309 7 8 0.08607494086027145 6 -1 -1 
749 49 10 18 0.0859217569231987 1 -1 -1 
919 86 12 14 0.08544881641864777 4 -1 -1 
608 65 10 8 0.08543583005666733 4 -1 -1 
632 635 97 130 0.08497438579797745 1 -1 -1 
602 68 7 9 0.08468522876501083 4 -1 -1 
616 51 3 5 0.08457846194505692 1 -1 -1 
574 90 7 13 0.08451653271913528 2 -1 -1 
643 311 47 61 0.08450672775506973 6 -1 -1 
574 91 6 12 0.08322655409574509 10 -1 -1 
758 543 82 116 0.08319263160228729 9 -1 -1 
668 120 16 20 0.08268474042415619 4 -1 -1 
855 135 16 19 0.08263596147298813 5 -1 -1 
741 208 15 20 0.0820029005408287 4 -1 -1 
600 328 6 10 0.08142858743667603 4 -1 -1 
582 366 102 63 0.08136063814163208 9 -1 -1 
680 82 5 12 0.08097963780164719 1 -1 -1 
663 118 22 25 0.08069056272506714 4 -1 -1 
738 207 9 12 0.08044694364070892 9 -1 -1 
602 64 5 9 0.07990524917840958 4 -1 -1 
679 129 7 12 0.07906080037355423 1 -1 -1 
855 127 21 27 0.07818858325481415 4 -1 -1 
748 41 9 14 0.0779561772942543 2 -1 -1 
575 94 6 11 0.07704547792673111 3 -1 -1 
606 318 8 7 0.0766962394118309 4 -1 -1 
549 539 17 31 0.07643448561429977 4 -1 -1 
610 64 9 8 0.07619978487491608 9 -1 -1 
543 614 11 8 0.07610861957073212 2 -1 -1 
600 320 6 8 0.07369279116392136 1 -1 -1 
605 285 6 6 0.0723085105419159 1 -1 -1 
643 311 47 61 0.07212632894515991 9 -1 -1 
602 66 6 9 0.07194458693265915 6 -1 -1 
542 614 12 14 0.07171838730573654 2 -1 -1 
602 61 7 8 0.07164064049720764 4 -1 -1 
147 1 4 10 0.07153169810771942 1 -1 -1 
644 311 47 62 0.07105787843465805 1 -1 -1 
666 125 17 17 0.07078655064105988 1 -1 -1 
611 62 11 9 0.07044222950935364 4 -1 -1 
855 128 22 27 0.06983143836259842 6 -1 -1 
540 614 14 21 0.06951800733804703 2 -1 -1 
335 405 40 38 0.06929157674312592 4 -1 -1 
1266 646 17 31 0.0691908448934555 1 -1 -1 
633 635 96 131 0.06909289956092834 6 -1 -1 
855 139 12 14 0.06884178519248962 6 -1 -1 
536 636 8 19 0.06866936385631561 3 -1 -1 
735 200 6 7 0.06840892881155014 1 -1 -1 
667 125 16 17 0.06804710626602173 8 -1 -1 
856 151 15 12 0.06799932569265366 4 -1 -1 
602 65 7 8 0.06750522553920746 4 -1 -1 
509 704 29 42 0.0672721117734909 4 -1 -1 
663 121 18 20 0.06725292652845383 5 -1 -1 
576 438 13 23 0.06712460517883301 1 -1 -1 
855 140 7 13 0.06654518097639084 1 -1 -1 
602 299 7 9 0.06632362306118011 4 -1 -1 
548 71 5 7 0.06628147512674332 4 -1 -1 
604 69 9 8 0.06584129482507706 4 -1 -1 
598 309 7 8 0.06542633473873138 9 -1 -1 
602 63 8 8 0.06537199020385742 4 -1 -1 
549 71 6 7 0.06517231464385986 4 -1 -1 
606 69 10 8 0.06497415900230408 4 -1 -1 
601 326 6 9 0.0648687481880188 1 -1 -1 
601 328 12 11 0.06471283733844757 4 -1 -1 
738 202 7 10 0.06445799767971039 1 -1 -1 
855 128 22 27 0.06380371749401093 9 -1 -1 
549 71 6 7 0.06353092193603516 9 -1 -1 
536 640 8 17 0.06320785731077194 1 -1 -1 
610 64 9 8 0.06295031309127808 1 -1 -1 
645 143 18 17 0.06285557150840759 9 -1 -1 
759 543 81 116 0.06274289637804031 10 -1 -1 
468 689 48 45 0.06272366642951965 4 -1 -1 
569 83 3 5 0.06266257911920547 1 -1 -1 
548 71 5 7 0.062511146068573 9 -1 -1 
733 201 7 8 0.06245771050453186 1 -1 -1 
645 143 18 17 0.06243809312582016 1 -1 -1 
816 111 15 9 0.06243540346622467 5 -1 -1 
646 348 13 25 0.06223339959979057 1 -1 -1 
602 66 6 9 0.06189563125371933 5 -1 -1 
963 90 9 21 0.061802938580513 1 -1 -1 
732 198 10 9 0.06161664053797722 4 -1 -1 
591 95 7 13 0.06154053285717964 1 -1 -1 
569 482 14 26 0.060520414263010025 3 -1 -1 
586 365 100 66 0.0604068897664547 4 -1 -1 
604 319 8 7 0.06024886667728424 4 -1 -1 
625 11 6 11 0.059974901378154755 1 -1 -1 
747 207 10 15 0.05973583087325096 6 -1 -1 
750 47 10 14 0.05956777185201645 1 -1 -1 
855 143 9 16 0.05948656424880028 1 -1 -1 
855 143 9 11 0.05946865305304527 5 -1 -1 
975 99 12 21 0.05923784524202347 1 -1 -1 
759 543 80 116 0.058963704854249954 5 -1 -1 
741 204 16 15 0.05888909846544266 9 -1 -1 
602 59 7 7 0.05887620523571968 4 -1 -1 
855 136 8 14 0.058717094361782074 1 -1 -1 
759 543 80 116 0.05864202231168747 6 -1 -1 
855 145 12 15 0.058607056736946106 4 -1 -1 
854 141 7 10 0.05859892815351486 4 -1 -1 
1016 65 4 9 0.058465417474508286 1 -1 -1 
600 320 6 8 0.058462440967559814 6 -1 -1 
739 206 6 10 0.05841803178191185 9 -1 -1 
610 60 9 10 0.058241214603185654 4 -1 -1 
822 109 11 7 0.05784820392727852 4 -1 -1 
601 300 8 8 0.057710859924554825 9 -1 -1 
625 12 7 14 0.05747169256210327 1 -1 -1 
568 481 11 19 0.05742746591567993 3 -1 -1 
759 543 80 116 0.05739602446556091 7 -1 -1 
587 327 9 14 0.057289812713861465 1 -1 -1 
633 635 96 131 0.05710545554757118 7 -1 -1 
820 109 12 9 0.05680554732680321 4 -1 -1 
747 48 9 12 0.05666561424732208 2 -1 -1 
582 366 104 66 0.05665409564971924 8 -1 -1 
666 125 17 17 0.0564039908349514 7 -1 -1 
602 300 7 8 0.056327447295188904 6 -1 -1 
601 329 8 9 0.05617782846093178 4 -1 -1 
918 82 12 12 0.05607079342007637 4 -1 -1 
928 729 31 32 0.05603876709938049 1 -1 -1 
609 68 8 8 0.05578893423080444 4 -1 -1 
749 56 9 15 0.05550628900527954 1 -1 -1 
562 406 17 17 0.05549086257815361 3 -1 -1 
614 51 4 5 0.055459506809711456 1 -1 -1 
747 207 10 15 0.05535513907670975 9 -1 -1 
601 282 9 15 0.05526522547006607 1 -1 -1 
740 205 6 11 0.05526156350970268 1 -1 -1 
604 61 12 9 0.055215101689100266 4 -1 -1 
751 40 10 14 0.05514666438102722 2 -1 -1 
753 46 9 14 0.055062200874090195 1 -1 -1 
751 44 9 14 0.05501076951622963 1 -1 -1 
824 107 11 7 0.05492337420582771 4 -1 -1 
549 71 6 7 0.05486796796321869 6 -1 -1 
598 309 7 9 0.05486657842993736 4 -1 -1 
611 67 8 8 0.05466305837035179 4 -1 -1 
566 482 11 26 0.05428970605134964 2 -1 -1 
577 438 12 23 0.0542646199464798 2 -1 -1 
639 141 25 22 0.054214365780353546 4 -1 -1 
605 282 6 15 0.05370793491601944 2 -1 -1 
470 698 32 33 0.05361483618617058 4 -1 -1 
742 202 20 26 0.05335444211959839 6 -1 -1 
744 212 13 15 0.05325905606150627 3 -1 -1 
632 635 97 130 0.05316464230418205 3 -1 -1 
633 635 96 130 0.053104523569345474 2 -1 -1 
548 71 5 7 0.05279608815908432 6 -1 -1 
591 94 5 10 0.05256200209259987 2 -1 -1 
325 402 52 51 0.0523979477584362 5 -1 -1 
478 698 30 33 0.051731009036302567 10 -1 -1 
644 311 47 61 0.05132623016834259 10 -1 -1 
855 128 22 27 0.05003505200147629 5 -1 -1 
663 109 23 28 0.05002428591251373 6 -1 -1 
