230 468 57 63 0.9299472570419312 4 -1 -1 
355 459 47 56 0.9214529395103455 4 -1 -1 
385 298 23 21 0.8959178924560547 4 -1 -1 
495 176 7 7 0.8899146914482117 9 -1 -1 
448 310 21 20 0.8795680999755859 4 -1 -1 
443 233 14 12 0.7375155687332153 4 -1 -1 
493 229 10 10 0.7078927755355835 4 -1 -1 
317 418 10 16 0.6816530227661133 2 -1 -1 
493 185 7 5 0.6772603392601013 4 -1 -1 
315 424 13 21 0.6688235998153687 10 -1 -1 
524 189 7 7 0.6684725880622864 4 -1 -1 
510 194 10 7 0.6637428998947144 4 -1 -1 
473 223 11 12 0.6591190099716187 4 -1 -1 
528 184 6 5 0.632394015789032 4 -1 -1 
500 189 7 6 0.615569531917572 4 -1 -1 
522 174 5 5 0.6045466065406799 4 -1 -1 
530 178 5 5 0.6009931564331055 4 -1 -1 
505 178 6 5 0.5983192920684814 4 -1 -1 
315 320 44 19 0.5771948099136353 4 -1 -1 
344 314 40 18 0.5513991117477417 4 -1 -1 
505 204 14 7 0.5488959550857544 4 -1 -1 
369 275 29 13 0.5486916303634644 4 -1 -1 
516 184 6 5 0.5274878144264221 4 -1 -1 
481 187 6 6 0.5259053111076355 4 -1 -1 
495 223 10 9 0.5243025422096252 4 -1 -1 
511 174 6 6 0.5182609558105469 4 -1 -1 
485 233 5 7 0.5155540704727173 2 -1 -1 
428 468 11 27 0.5108185410499573 10 -1 -1 
489 175 5 5 0.5076414346694946 4 -1 -1 
474 190 5 5 0.48722174763679504 4 -1 -1 
498 214 12 9 0.4869895875453949 4 -1 -1 
454 219 9 10 0.4688713848590851 4 -1 -1 
496 171 5 4 0.46258917450904846 4 -1 -1 
540 181 7 5 0.4592590034008026 4 -1 -1 
376 267 29 15 0.458072692155838 4 -1 -1 
189 498 41 40 0.4535163640975952 7 -1 -1 
505 187 5 4 0.4506606459617615 4 -1 -1 
495 173 7 8 0.44742268323898315 9 -1 -1 
505 180 6 8 0.43383780121803284 6 -1 -1 
485 234 5 8 0.42568716406822205 10 -1 -1 
189 498 41 40 0.42234551906585693 8 -1 -1 
484 180 6 5 0.3932723104953766 4 -1 -1 
517 164 3 5 0.3861161172389984 10 -1 -1 
376 267 29 15 0.37332916259765625 5 -1 -1 
374 271 26 14 0.36746689677238464 4 -1 -1 
505 203 14 8 0.3645194172859192 7 -1 -1 
503 187 6 6 0.3634756803512573 4 -1 -1 
517 163 3 5 0.3590656518936157 2 -1 -1 
453 219 10 10 0.3585442900657654 5 -1 -1 
532 171 5 6 0.3563697934150696 8 -1 -1 
503 172 5 5 0.35442158579826355 4 -1 -1 
306 391 13 11 0.347912073135376 10 -1 -1 
519 171 3 6 0.34746795892715454 2 -1 -1 
356 286 33 14 0.346723347902298 4 -1 -1 
495 176 7 7 0.34474021196365356 6 -1 -1 
419 274 5 10 0.34298786520957947 2 -1 -1 
505 179 6 7 0.34074968099594116 4 -1 -1 
496 181 7 6 0.34015175700187683 4 -1 -1 
484 181 6 7 0.3340386748313904 4 -1 -1 
368 288 22 11 0.329078733921051 4 -1 -1 
481 193 4 5 0.32816657423973083 4 -1 -1 
519 172 3 5 0.32642826437950134 10 -1 -1 
519 172 3 5 0.3188999891281128 1 -1 -1 
505 181 6 7 0.3181858956813812 4 -1 -1 
494 192 4 6 0.3162494897842407 4 -1 -1 
482 185 8 7 0.3128531575202942 4 -1 -1 
187 498 43 40 0.3095827102661133 6 -1 -1 
492 210 5 6 0.30950888991355896 10 -1 -1 
504 174 5 5 0.30758771300315857 4 -1 -1 
473 223 11 11 0.3069106340408325 5 -1 -1 
419 274 5 11 0.30646416544914246 1 -1 -1 
453 219 10 10 0.3056383728981018 8 -1 -1 
370 288 20 11 0.3043355941772461 7 -1 -1 
495 173 7 8 0.30187204480171204 4 -1 -1 
532 171 6 6 0.2989986538887024 4 -1 -1 
539 177 5 5 0.2975883185863495 4 -1 -1 
419 276 5 11 0.29636725783348083 3 -1 -1 
514 194 6 6 0.29621440172195435 4 -1 -1 
474 188 6 6 0.29477840662002563 4 -1 -1 
495 172 6 8 0.2916959822177887 6 -1 -1 
481 193 4 5 0.290883868932724 7 -1 -1 
485 234 5 8 0.2861936688423157 3 -1 -1 
517 185 5 6 0.28573817014694214 4 -1 -1 
504 176 6 4 0.2855909466743469 4 -1 -1 
481 185 7 6 0.2842465043067932 4 -1 -1 
505 180 6 8 0.2827189266681671 9 -1 -1 
369 275 29 13 0.2805213928222656 5 -1 -1 
505 178 6 5 0.2796174883842468 6 -1 -1 
530 178 5 4 0.2777012288570404 5 -1 -1 
540 178 6 4 0.2765325903892517 4 -1 -1 
511 174 6 6 0.268788605928421 5 -1 -1 
469 192 3 5 0.2673587203025818 2 -1 -1 
483 184 6 6 0.2657993733882904 4 -1 -1 
515 189 6 5 0.2653844356536865 4 -1 -1 
505 179 6 8 0.2649025022983551 5 -1 -1 
351 290 31 14 0.26452022790908813 4 -1 -1 
419 276 5 11 0.26389461755752563 10 -1 -1 
481 193 4 5 0.26379528641700745 8 -1 -1 
450 213 9 6 0.26363131403923035 4 -1 -1 
518 189 4 4 0.25990185141563416 4 -1 -1 
516 184 6 5 0.2554696500301361 5 -1 -1 
525 151 4 5 0.253724604845047 2 -1 -1 
511 175 5 5 0.2527739405632019 4 -1 -1 
496 218 11 11 0.2510819435119629 6 -1 -1 
532 173 3 4 0.25090208649635315 8 -1 -1 
490 324 30 24 0.24900346994400024 4 -1 -1 
498 216 10 10 0.24687427282333374 6 -1 -1 
540 179 7 5 0.24614876508712769 4 -1 -1 
492 208 4 7 0.2461080253124237 2 -1 -1 
495 222 11 9 0.24210575222969055 6 -1 -1 
524 189 7 7 0.24074092507362366 5 -1 -1 
443 233 14 12 0.24058914184570312 5 -1 -1 
522 174 5 5 0.24042150378227234 8 -1 -1 
485 233 5 8 0.2392091155052185 1 -1 -1 
375 262 31 17 0.23749509453773499 4 -1 -1 
376 267 29 14 0.23558267951011658 8 -1 -1 
525 150 3 4 0.23296000063419342 2 -1 -1 
525 152 4 5 0.2321125715970993 10 -1 -1 
449 215 12 12 0.2293372005224228 4 -1 -1 
504 179 7 6 0.22927822172641754 6 -1 -1 
500 188 7 7 0.22904609143733978 5 -1 -1 
492 210 5 5 0.2287091761827469 2 -1 -1 
519 172 3 5 0.22861772775650024 3 -1 -1 
505 167 6 6 0.22841352224349976 6 -1 -1 
451 214 9 9 0.2280227392911911 4 -1 -1 
490 192 7 6 0.2278824895620346 4 -1 -1 
537 169 6 5 0.22710518538951874 4 -1 -1 
581 245 5 5 0.22659143805503845 4 -1 -1 
517 162 3 4 0.2265649437904358 2 -1 -1 
514 190 6 5 0.2264278680086136 4 -1 -1 
497 177 5 6 0.22435489296913147 9 -1 -1 
522 174 5 5 0.22422951459884644 7 -1 -1 
498 214 13 9 0.22329434752464294 5 -1 -1 
485 234 5 8 0.22174720466136932 2 -1 -1 
532 171 5 5 0.22143448889255524 7 -1 -1 
429 466 10 19 0.22117172181606293 2 -1 -1 
315 320 44 19 0.22115585207939148 5 -1 -1 
525 170 3 4 0.21902452409267426 9 -1 -1 
538 178 4 4 0.2162061184644699 4 -1 -1 
481 187 7 6 0.2160869538784027 5 -1 -1 
496 171 5 7 0.21484369039535522 6 -1 -1 
418 236 25 20 0.21327900886535645 6 -1 -1 
505 178 6 5 0.21149879693984985 5 -1 -1 
504 171 5 5 0.20853352546691895 4 -1 -1 
493 229 10 10 0.208150714635849 5 -1 -1 
306 391 14 11 0.20741313695907593 3 -1 -1 
497 217 10 10 0.20692452788352966 4 -1 -1 
374 267 31 14 0.20689134299755096 6 -1 -1 
532 171 6 6 0.20529401302337646 5 -1 -1 
375 262 31 17 0.20494294166564941 5 -1 -1 
583 250 7 8 0.20491120219230652 4 -1 -1 
536 196 8 9 0.20362810790538788 4 -1 -1 
482 181 7 6 0.2031654715538025 4 -1 -1 
504 168 6 6 0.2026488184928894 6 -1 -1 
469 193 3 5 0.20263329148292542 10 -1 -1 
475 187 5 5 0.1994970738887787 4 -1 -1 
495 176 7 7 0.19912084937095642 5 -1 -1 
492 210 5 6 0.1989791989326477 7 -1 -1 
541 181 8 6 0.19796395301818848 4 -1 -1 
496 247 16 11 0.1976495087146759 4 -1 -1 
489 191 5 5 0.19747363030910492 4 -1 -1 
498 179 5 5 0.19645525515079498 4 -1 -1 
517 164 3 5 0.19627514481544495 7 -1 -1 
374 267 31 14 0.19591063261032104 9 -1 -1 
497 181 6 6 0.1949346661567688 6 -1 -1 
496 171 5 7 0.19491297006607056 9 -1 -1 
450 218 12 11 0.19427622854709625 8 -1 -1 
495 176 7 7 0.1938730925321579 4 -1 -1 
582 312 17 22 0.19367724657058716 4 -1 -1 
522 174 5 5 0.19269971549510956 5 -1 -1 
497 214 7 7 0.19264422357082367 4 -1 -1 
586 336 23 19 0.19183968007564545 4 -1 -1 
371 274 26 14 0.18875066936016083 8 -1 -1 
359 277 35 15 0.1857522875070572 4 -1 -1 
369 275 28 13 0.1756124347448349 6 -1 -1 
346 284 39 17 0.17558902502059937 4 -1 -1 
428 460 14 32 0.17289122939109802 2 -1 -1 
365 283 26 15 0.17023827135562897 4 -1 -1 
356 273 41 16 0.16119089722633362 4 -1 -1 
344 314 40 18 0.152003213763237 5 -1 -1 
414 238 29 18 0.1514764279127121 7 -1 -1 
349 278 41 17 0.15114974975585938 4 -1 -1 
359 290 30 14 0.14461195468902588 4 -1 -1 
353 293 30 15 0.14346101880073547 4 -1 -1 
430 464 13 30 0.14203676581382751 10 -1 -1 
300 389 19 16 0.1409507691860199 10 -1 -1 
353 246 38 17 0.1404934525489807 4 -1 -1 
485 319 42 33 0.13967707753181458 4 -1 -1 
416 236 27 21 0.13920825719833374 8 -1 -1 
315 423 13 22 0.13537155091762543 2 -1 -1 
430 454 14 34 0.13519276678562164 2 -1 -1 
332 309 38 17 0.1331392079591751 4 -1 -1 
183 498 46 41 0.13150224089622498 4 -1 -1 
412 235 31 22 0.12967140972614288 4 -1 -1 
332 316 32 20 0.1296650469303131 4 -1 -1 
340 264 60 26 0.1293526440858841 6 -1 -1 
448 310 21 20 0.12811510264873505 5 -1 -1 
430 454 14 34 0.1267457902431488 1 -1 -1 
335 311 43 19 0.12547624111175537 4 -1 -1 
333 313 49 24 0.1245008185505867 4 -1 -1 
188 497 42 42 0.12299694120883942 5 -1 -1 
355 285 34 15 0.11854287981987 5 -1 -1 
376 267 29 14 0.11826705187559128 7 -1 -1 
359 261 46 24 0.11785539984703064 9 -1 -1 
355 459 47 56 0.11738047748804092 5 -1 -1 
582 312 17 22 0.11468274891376495 5 -1 -1 
374 271 26 14 0.11423489451408386 8 -1 -1 
362 287 27 13 0.11407206952571869 7 -1 -1 
322 313 38 21 0.11341866850852966 4 -1 -1 
419 379 46 33 0.11341449618339539 4 -1 -1 
416 236 27 21 0.11080527305603027 5 -1 -1 
371 274 26 14 0.1099153682589531 7 -1 -1 
428 460 14 32 0.1090436801314354 1 -1 -1 
578 341 30 15 0.10813690721988678 4 -1 -1 
230 467 57 64 0.10711155831813812 1 -1 -1 
362 263 43 17 0.10707680135965347 6 -1 -1 
427 467 13 28 0.10565125942230225 3 -1 -1 
311 317 48 23 0.1045515388250351 6 -1 -1 
484 325 48 35 0.1017107293009758 4 -1 -1 
586 335 23 20 0.10051777213811874 5 -1 -1 
424 468 13 25 0.10051299631595612 10 -1 -1 
347 288 35 16 0.0997185930609703 5 -1 -1 
371 262 34 17 0.09867731481790543 9 -1 -1 
362 261 41 17 0.09864664077758789 4 -1 -1 
369 275 28 13 0.09714610874652863 9 -1 -1 
412 240 30 18 0.09713193029165268 6 -1 -1 
355 285 34 15 0.09705209732055664 6 -1 -1 
230 468 57 63 0.0954400822520256 9 -1 -1 
345 260 58 27 0.09471500664949417 5 -1 -1 
356 261 48 24 0.0946650505065918 6 -1 -1 
315 420 13 24 0.09384075552225113 1 -1 -1 
362 252 38 23 0.09142815321683884 4 -1 -1 
448 310 21 20 0.0906185582280159 1 -1 -1 
335 254 67 33 0.08998013287782669 6 -1 -1 
363 255 44 27 0.08951381593942642 5 -1 -1 
314 416 14 22 0.08942584693431854 2 -1 -1 
212 480 22 48 0.08893248438835144 4 -1 -1 
473 315 47 35 0.08855664730072021 4 -1 -1 
332 321 29 18 0.08796491473913193 4 -1 -1 
370 275 28 13 0.08754704892635345 1 -1 -1 
300 389 19 16 0.08655587583780289 3 -1 -1 
359 277 35 15 0.08647139370441437 5 -1 -1 
362 287 27 13 0.08602163195610046 8 -1 -1 
493 321 50 33 0.08488799631595612 4 -1 -1 
425 236 24 20 0.08488144725561142 6 -1 -1 
385 299 23 20 0.08428701758384705 5 -1 -1 
332 278 58 24 0.08334039151668549 6 -1 -1 
365 286 25 14 0.08307507634162903 10 -1 -1 
355 459 47 56 0.08289726823568344 1 -1 -1 
379 273 25 13 0.08289692550897598 5 -1 -1 
506 339 60 28 0.08066224306821823 4 -1 -1 
346 281 42 18 0.08047326654195786 6 -1 -1 
421 239 23 18 0.08000189065933228 4 -1 -1 
337 312 47 22 0.07989515364170074 6 -1 -1 
339 317 41 17 0.0798899307847023 4 -1 -1 
385 299 23 20 0.07936489582061768 1 -1 -1 
230 468 57 63 0.07884649187326431 5 -1 -1 
214 478 32 51 0.07860498875379562 4 -1 -1 
423 240 21 18 0.07824616879224777 7 -1 -1 
499 326 68 35 0.07813330739736557 4 -1 -1 
369 256 36 20 0.07786837965250015 4 -1 -1 
346 281 42 18 0.07737869024276733 5 -1 -1 
490 314 48 34 0.07711048424243927 4 -1 -1 
304 386 17 18 0.07677201926708221 10 -1 -1 
345 260 58 27 0.07657192647457123 4 -1 -1 
576 310 21 22 0.07622775435447693 4 -1 -1 
189 498 41 40 0.07614769786596298 3 -1 -1 
355 459 47 56 0.0748559832572937 9 -1 -1 
434 453 14 35 0.07473310083150864 1 -1 -1 
353 278 38 16 0.07381976395845413 6 -1 -1 
552 413 39 40 0.07334668189287186 4 -1 -1 
193 497 38 40 0.07334645837545395 9 -1 -1 
493 331 51 34 0.07327638566493988 4 -1 -1 
212 483 23 46 0.07275671511888504 9 -1 -1 
342 288 38 18 0.07262396812438965 4 -1 -1 
423 240 21 18 0.07226599752902985 8 -1 -1 
371 274 26 14 0.07224562019109726 3 -1 -1 
340 264 60 26 0.07190167903900146 9 -1 -1 
338 272 56 25 0.07175338268280029 6 -1 -1 
355 460 47 55 0.07091274857521057 10 -1 -1 
376 267 29 14 0.07081711292266846 3 -1 -1 
375 268 30 14 0.07076701521873474 1 -1 -1 
315 422 13 23 0.07066044956445694 3 -1 -1 
429 456 13 30 0.07001560181379318 10 -1 -1 
495 214 18 18 0.06995835900306702 6 -1 -1 
230 468 57 63 0.06970570981502533 10 -1 -1 
344 290 35 16 0.06817668676376343 6 -1 -1 
150 494 78 42 0.06792637705802917 6 -1 -1 
367 251 42 31 0.06791611015796661 9 -1 -1 
414 231 29 25 0.06744375079870224 9 -1 -1 
429 376 47 33 0.06741613149642944 4 -1 -1 
354 251 51 31 0.06717055290937424 4 -1 -1 
374 271 26 14 0.06693920493125916 1 -1 -1 
593 338 19 18 0.06656347215175629 4 -1 -1 
581 316 19 25 0.06634809076786041 4 -1 -1 
163 497 65 42 0.06632784754037857 9 -1 -1 
374 271 26 14 0.0655549019575119 7 -1 -1 
329 283 55 23 0.06465545296669006 6 -1 -1 
341 267 58 24 0.06329715251922607 5 -1 -1 
312 318 47 22 0.05867043510079384 9 -1 -1 
313 309 47 27 0.05757075548171997 5 -1 -1 
332 278 58 24 0.05753778666257858 4 -1 -1 
333 313 49 24 0.055534519255161285 5 -1 -1 
341 267 58 24 0.05481331795454025 4 -1 -1 
337 312 47 21 0.05460643395781517 9 -1 -1 
335 254 67 33 0.05341063812375069 9 -1 -1 
335 245 64 31 0.05290535092353821 4 -1 -1 
332 278 58 24 0.052631959319114685 5 -1 -1 
314 299 51 29 0.05165181681513786 4 -1 -1 
373 246 37 35 0.051233310252428055 5 -1 -1 
367 255 42 28 0.05099804326891899 6 -1 -1 
342 247 61 32 0.05031775310635567 5 -1 -1 
332 300 49 28 0.05024009197950363 4 -1 -1 
