66 9 34 39 0.9982390403747559 9 -1 -1 
896 211 91 50 0.9818540811538696 5 -1 -1 
904 383 95 64 0.9449085593223572 4 -1 -1 
1243 126 51 34 0.9349312782287598 5 -1 -1 
350 194 32 31 0.9330743551254272 7 -1 -1 
1193 371 108 51 0.9266022443771362 4 -1 -1 
253 135 36 30 0.9261236190795898 4 -1 -1 
242 448 28 43 0.9099904894828796 3 -1 -1 
303 33 55 24 0.902155876159668 5 -1 -1 
1113 151 61 28 0.8997822403907776 4 -1 -1 
-1 260 75 56 0.8993079662322998 4 -1 -1 
1081 257 89 39 0.8983931541442871 4 -1 -1 
1220 156 65 35 0.8958353996276855 5 -1 -1 
9 196 39 55 0.8913165330886841 5 -1 -1 
979 512 28 46 0.8854047656059265 1 -1 -1 
776 262 97 39 0.8743879795074463 4 -1 -1 
903 250 92 40 0.8632726073265076 4 -1 -1 
1204 233 76 45 0.8609486818313599 5 -1 -1 
319 239 16 31 0.8540554642677307 1 -1 -1 
558 243 91 41 0.8520048260688782 4 -1 -1 
1150 196 76 37 0.844994843006134 4 -1 -1 
1195 434 22 42 0.8448621034622192 1 -1 -1 
1214 444 29 42 0.8411219120025635 1 -1 -1 
863 285 100 45 0.8407840132713318 4 -1 -1 
237 102 34 26 0.8377997875213623 4 -1 -1 
348 124 54 34 0.8347409963607788 5 -1 -1 
1208 212 72 35 0.8299551606178284 4 -1 -1 
1241 183 72 34 0.8236650228500366 4 -1 -1 
991 157 59 31 0.8235244750976562 4 -1 -1 
69 185 30 35 0.8204626441001892 7 -1 -1 
759 551 25 51 0.8187890648841858 1 -1 -1 
452 208 12 34 0.8129281997680664 1 -1 -1 
1023 232 83 39 0.8100625276565552 4 -1 -1 
987 261 81 48 0.8069347739219666 5 -1 -1 
1107 227 79 36 0.8052448630332947 4 -1 -1 
396 163 38 41 0.7926077246665955 8 -1 -1 
90 49 9 20 0.792426586151123 1 -1 -1 
356 80 98 37 0.7900736927986145 6 -1 -1 
626 225 12 27 0.7886272668838501 1 -1 -1 
365 140 74 29 0.7846635580062866 4 -1 -1 
1161 143 60 33 0.777791440486908 5 -1 -1 
8 160 41 53 0.7757657766342163 5 -1 -1 
27 97 29 38 0.7678694128990173 5 -1 -1 
450 232 12 32 0.7619858980178833 1 -1 -1 
446 175 54 52 0.7575473189353943 5 -1 -1 
240 436 21 37 0.7563020586967468 2 -1 -1 
90 211 16 35 0.7468817234039307 1 -1 -1 
939 680 25 43 0.738426148891449 1 -1 -1 
287 25 49 23 0.7306283116340637 5 -1 -1 
31 42 26 24 0.7303723692893982 4 -1 -1 
47 141 37 46 0.725024938583374 5 -1 -1 
1201 638 34 59 0.7232256531715393 1 -1 -1 
1285 132 55 25 0.7195888161659241 4 -1 -1 
82 266 17 37 0.7165607213973999 1 -1 -1 
1028 692 21 58 0.711397647857666 1 -1 -1 
520 234 34 24 0.7063139081001282 10 -1 -1 
1289 205 70 34 0.7061366438865662 4 -1 -1 
271 86 10 22 0.7028136253356934 1 -1 -1 
276 41 8 19 0.6995263695716858 1 -1 -1 
445 140 24 21 0.6943643689155579 10 -1 -1 
1099 606 27 58 0.6910289525985718 1 -1 -1 
1220 140 58 29 0.6846792697906494 4 -1 -1 
770 191 20 26 0.6806924939155579 10 -1 -1 
748 273 15 31 0.6734426021575928 1 -1 -1 
232 23 7 17 0.6705184578895569 1 -1 -1 
283 17 51 25 0.661506712436676 5 -1 -1 
342 69 48 21 0.6614750027656555 4 -1 -1 
283 83 28 27 0.6538580656051636 5 -1 -1 
1231 646 38 61 0.6537815928459167 1 -1 -1 
769 555 22 46 0.6469811797142029 1 -1 -1 
9 129 31 41 0.6435454487800598 5 -1 -1 
284 261 18 29 0.642762303352356 2 -1 -1 
330 52 40 23 0.6418154835700989 5 -1 -1 
1086 449 107 78 0.6385084390640259 4 -1 -1 
408 178 45 49 0.6375130414962769 8 -1 -1 
327 47 46 22 0.6344099044799805 5 -1 -1 
22 71 32 27 0.6311259269714355 4 -1 -1 
271 260 33 38 0.630562424659729 10 -1 -1 
1044 206 84 40 0.6287960410118103 5 -1 -1 
1209 486 21 33 0.6162171959877014 1 -1 -1 
1109 491 22 50 0.6147980093955994 1 -1 -1 
60 118 33 39 0.61390221118927 5 -1 -1 
1291 227 68 41 0.6129463315010071 4 -1 -1 
77 96 25 28 0.6124090552330017 4 -1 -1 
1044 206 85 39 0.6058577299118042 4 -1 -1 
1124 477 20 48 0.6039549112319946 1 -1 -1 
954 662 22 44 0.5933657884597778 1 -1 -1 
118 52 29 35 0.5896049737930298 4 -1 -1 
632 188 14 21 0.5873709917068481 10 -1 -1 
222 22 6 17 0.5825005769729614 1 -1 -1 
1132 432 18 35 0.5787379741668701 1 -1 -1 
114 263 19 30 0.5763751864433289 2 -1 -1 
402 203 12 32 0.5726547241210938 1 -1 -1 
352 149 10 27 0.5525562763214111 1 -1 -1 
115 274 19 27 0.5525150895118713 10 -1 -1 
1115 510 24 49 0.5515140295028687 1 -1 -1 
1139 525 18 49 0.5503222942352295 1 -1 -1 
799 236 85 37 0.5435487031936646 4 -1 -1 
1179 614 33 58 0.5425629019737244 1 -1 -1 
412 202 15 31 0.5408235192298889 1 -1 -1 
305 60 46 25 0.5357795357704163 5 -1 -1 
300 29 48 24 0.5298431515693665 5 -1 -1 
63 56 25 30 0.5276127457618713 5 -1 -1 
1220 616 31 29 0.5266814827919006 2 -1 -1 
1115 487 19 45 0.5228222012519836 1 -1 -1 
1077 415 15 42 0.5227916240692139 1 -1 -1 
1212 558 22 46 0.5205268263816833 1 -1 -1 
1296 408 61 53 0.5166350603103638 4 -1 -1 
270 259 20 30 0.5029491186141968 2 -1 -1 
1227 645 27 61 0.49838986992836 1 -1 -1 
1110 180 35 22 0.49788525700569153 7 -1 -1 
1157 186 22 21 0.49626362323760986 10 -1 -1 
30 85 33 32 0.49524450302124023 4 -1 -1 
311 61 29 20 0.4935925304889679 5 -1 -1 
678 181 26 19 0.4902665615081787 7 -1 -1 
1202 162 14 25 0.48757126927375793 1 -1 -1 
1233 711 21 51 0.48723772168159485 1 -1 -1 
279 18 41 21 0.48450571298599243 5 -1 -1 
673 222 10 23 0.4827877879142761 1 -1 -1 
467 155 32 18 0.47398269176483154 7 -1 -1 
408 208 20 29 0.47233664989471436 10 -1 -1 
53 215 17 32 0.47077733278274536 1 -1 -1 
1238 562 23 46 0.47043222188949585 1 -1 -1 
963 569 25 35 0.46813780069351196 2 -1 -1 
326 97 9 23 0.4673481583595276 1 -1 -1 
383 164 16 27 0.46244898438453674 10 -1 -1 
1006 718 23 46 0.4613511562347412 1 -1 -1 
678 182 25 18 0.45640143752098083 3 -1 -1 
428 128 21 19 0.4563833475112915 10 -1 -1 
398 171 48 42 0.4557356834411621 8 -1 -1 
559 210 14 18 0.45375826954841614 2 -1 -1 
224 21 7 18 0.45234784483909607 1 -1 -1 
1094 207 34 34 0.4518449306488037 5 -1 -1 
979 728 27 35 0.4445822536945343 1 -1 -1 
411 202 15 30 0.44091111421585083 2 -1 -1 
1318 682 32 37 0.43914639949798584 2 -1 -1 
403 204 14 30 0.4390772581100464 2 -1 -1 
212 4 9 17 0.43751901388168335 1 -1 -1 
666 227 8 19 0.4371984601020813 1 -1 -1 
528 226 17 28 0.4342539608478546 2 -1 -1 
71 183 20 25 0.43354207277297974 2 -1 -1 
453 141 18 20 0.43274715542793274 10 -1 -1 
8 129 32 42 0.4295473098754883 4 -1 -1 
1161 143 59 32 0.42673012614250183 4 -1 -1 
478 214 13 23 0.4265781342983246 10 -1 -1 
320 56 45 23 0.4261476695537567 5 -1 -1 
50 219 15 28 0.42559587955474854 1 -1 -1 
305 61 45 23 0.42468690872192383 4 -1 -1 
45 142 39 45 0.4230979382991791 4 -1 -1 
66 9 34 39 0.42292699217796326 4 -1 -1 
135 95 8 17 0.42086315155029297 1 -1 -1 
325 43 50 20 0.41596606373786926 4 -1 -1 
78 0 33 22 0.414151132106781 4 -1 -1 
678 181 25 19 0.41412171721458435 10 -1 -1 
503 222 11 27 0.41410452127456665 1 -1 -1 
59 118 33 39 0.4136672019958496 4 -1 -1 
656 228 12 17 0.4136434495449066 2 -1 -1 
395 162 40 44 0.4111708700656891 5 -1 -1 
292 21 55 23 0.4106210470199585 5 -1 -1 
278 40 8 19 0.40984758734703064 1 -1 -1 
1176 537 26 39 0.4086318612098694 1 -1 -1 
826 235 58 34 0.4065699279308319 4 -1 -1 
1246 465 19 45 0.40565139055252075 1 -1 -1 
1206 221 75 44 0.36465156078338623 4 -1 -1 
1256 432 81 45 0.3634953796863556 7 -1 -1 
118 52 30 35 0.3624107241630554 5 -1 -1 
986 260 81 50 0.3503311574459076 4 -1 -1 
963 569 25 34 0.32408222556114197 1 -1 -1 
118 52 30 35 0.314626008272171 6 -1 -1 
62 56 26 31 0.313739150762558 6 -1 -1 
797 237 86 38 0.30735912919044495 6 -1 -1 
1098 241 80 39 0.3048035800457001 4 -1 -1 
785 242 96 45 0.2923927307128906 4 -1 -1 
336 80 83 40 0.2908162772655487 6 -1 -1 
900 237 92 48 0.2881484031677246 5 -1 -1 
1246 434 74 54 0.2801613211631775 7 -1 -1 
899 214 93 56 0.27887603640556335 4 -1 -1 
1078 446 100 59 0.264732301235199 4 -1 -1 
1084 717 103 48 0.2627891004085541 4 -1 -1 
62 56 26 31 0.26046866178512573 4 -1 -1 
114 265 24 36 0.2593936324119568 2 -1 -1 
270 258 32 38 0.2593097388744354 2 -1 -1 
268 258 21 36 0.25021880865097046 1 -1 -1 
281 83 30 28 0.2479049265384674 4 -1 -1 
1257 433 78 46 0.24768215417861938 8 -1 -1 
1091 399 76 45 0.24538631737232208 7 -1 -1 
238 -1 104 27 0.24086496233940125 6 -1 -1 
23 74 39 35 0.23976269364356995 4 -1 -1 
1084 449 102 66 0.23773427307605743 5 -1 -1 
1291 227 67 45 0.2352249175310135 5 -1 -1 
1024 229 88 42 0.2346743643283844 5 -1 -1 
1205 232 75 47 0.23144297301769257 4 -1 -1 
279 260 28 38 0.21300984919071198 2 -1 -1 
798 237 86 37 0.20985260605812073 5 -1 -1 
114 264 24 37 0.20511969923973083 1 -1 -1 
1295 408 63 55 0.2028571516275406 5 -1 -1 
465 695 64 66 0.1997353434562683 4 -1 -1 
270 260 35 38 0.19957561790943146 7 -1 -1 
270 260 35 38 0.19656716287136078 3 -1 -1 
419 175 75 54 0.18247953057289124 5 -1 -1 
0 643 74 52 0.1812957376241684 10 -1 -1 
1091 399 76 45 0.18081893026828766 8 -1 -1 
781 256 97 41 0.1757136434316635 6 -1 -1 
1206 221 75 44 0.17364545166492462 5 -1 -1 
896 211 92 50 0.17323848605155945 10 -1 -1 
360 80 94 38 0.17178721725940704 5 -1 -1 
1246 438 61 70 0.1697843074798584 7 -1 -1 
382 82 79 47 0.16848759353160858 6 -1 -1 
864 285 93 45 0.16463834047317505 5 -1 -1 
558 243 91 41 0.16290360689163208 5 -1 -1 
1257 435 79 74 0.15969674289226532 8 -1 -1 
1232 434 66 66 0.1589214950799942 7 -1 -1 
1257 435 79 74 0.15768927335739136 7 -1 -1 
1078 447 131 140 0.15576082468032837 6 -1 -1 
1246 434 74 54 0.15384508669376373 8 -1 -1 
464 695 65 65 0.15241432189941406 5 -1 -1 
896 211 93 50 0.15223906934261322 6 -1 -1 
1107 227 78 36 0.15088292956352234 5 -1 -1 
1204 639 42 68 0.1508217751979828 1 -1 -1 
270 260 35 38 0.14723464846611023 8 -1 -1 
896 211 91 50 0.1463097184896469 8 -1 -1 
400 172 58 57 0.14586344361305237 5 -1 -1 
497 214 26 35 0.1416095644235611 3 -1 -1 
1257 433 78 46 0.14011378586292267 6 -1 -1 
336 80 83 40 0.13905896246433258 5 -1 -1 
1149 196 77 37 0.13819633424282074 5 -1 -1 
960 572 27 46 0.13676151633262634 1 -1 -1 
558 243 92 40 0.13577835261821747 6 -1 -1 
799 236 85 37 0.13564343750476837 7 -1 -1 
1204 233 76 45 0.13457350432872772 6 -1 -1 
386 76 80 38 0.13336701691150665 6 -1 -1 
114 266 24 36 0.13232730329036713 3 -1 -1 
240 -1 102 28 0.13116924464702606 9 -1 -1 
498 215 26 34 0.13084840774536133 10 -1 -1 
115 40 29 37 0.1305503398180008 4 -1 -1 
1219 142 71 45 0.1298217475414276 5 -1 -1 
364 138 77 32 0.12875454127788544 5 -1 -1 
1297 453 61 101 0.12846730649471283 6 -1 -1 
776 263 97 39 0.12763795256614685 5 -1 -1 
21 71 33 32 0.12385784089565277 5 -1 -1 
409 176 70 53 0.12375957518815994 8 -1 -1 
1119 452 87 95 0.12355966866016388 7 -1 -1 
1082 402 79 56 0.12188230454921722 7 -1 -1 
798 237 86 37 0.12037469446659088 8 -1 -1 
1191 503 81 70 0.11931966990232468 7 -1 -1 
359 94 92 44 0.11920126527547836 6 -1 -1 
1082 402 79 56 0.11907146871089935 8 -1 -1 
1057 536 62 112 0.11799385398626328 7 -1 -1 
1116 607 53 75 0.11711903661489487 1 -1 -1 
1262 423 92 52 0.11680682003498077 8 -1 -1 
1272 411 85 59 0.11576933413743973 4 -1 -1 
1045 207 82 39 0.11506323516368866 6 -1 -1 
1257 435 79 74 0.11498980969190598 6 -1 -1 
785 242 96 45 0.11424373835325241 6 -1 -1 
1081 256 88 41 0.11391354352235794 5 -1 -1 
1260 439 95 90 0.11387954652309418 6 -1 -1 
905 383 96 64 0.11383341252803802 5 -1 -1 
1297 408 62 56 0.11383306235074997 6 -1 -1 
23 74 39 35 0.11372143775224686 5 -1 -1 
896 211 91 50 0.11361275613307953 7 -1 -1 
1060 535 64 111 0.1134105995297432 8 -1 -1 
1112 590 51 81 0.11327189207077026 1 -1 -1 
904 383 95 64 0.11229091137647629 1 -1 -1 
1090 449 118 89 0.11138680577278137 6 -1 -1 
1081 449 143 147 0.11119634658098221 4 -1 -1 
1064 530 79 53 0.11038070917129517 7 -1 -1 
896 211 91 50 0.11024624854326248 2 -1 -1 
336 80 83 40 0.10958483815193176 4 -1 -1 
1246 438 61 70 0.10929705202579498 8 -1 -1 
797 237 86 38 0.1069885864853859 9 -1 -1 
1192 371 109 51 0.10628094524145126 1 -1 -1 
1063 460 112 160 0.10224340111017227 6 -1 -1 
1096 457 159 152 0.09403684735298157 6 -1 -1 
1055 483 103 167 0.07592321932315826 6 -1 -1 
1083 479 145 153 0.05964506417512894 6 -1 -1 
1128 482 142 148 0.05918555334210396 6 -1 -1 
1042 498 85 158 0.05840229243040085 6 -1 -1 
1063 460 112 160 0.05591527372598648 4 -1 -1 
1080 445 125 102 0.05551832169294357 5 -1 -1 
1081 449 143 147 0.05493112653493881 5 -1 -1 
