800 328 130 156 0.9442806839942932 4 -1 -1 
730 203 133 116 0.9360983967781067 4 -1 -1 
579 359 122 139 0.8954111337661743 8 -1 -1 
752 5 100 49 0.8747265338897705 5 -1 -1 
869 233 98 111 0.8617178797721863 4 -1 -1 
597 258 101 94 0.8197999000549316 8 -1 -1 
725 29 109 46 0.8014912009239197 4 -1 -1 
564 154 139 88 0.7911128401756287 5 -1 -1 
578 359 123 138 0.7731542587280273 7 -1 -1 
881 83 28 48 0.6483531594276428 10 -1 -1 
555 639 55 89 0.6122889518737793 10 -1 -1 
250 334 262 108 0.607813835144043 4 -1 -1 
821 105 23 39 0.6055188179016113 2 -1 -1 
554 634 44 80 0.5472438335418701 2 -1 -1 
1252 86 62 72 0.5403236150741577 4 -1 -1 
817 109 28 51 0.5250939130783081 10 -1 -1 
714 587 36 88 0.49253419041633606 2 -1 -1 
715 608 37 74 0.4701082706451416 10 -1 -1 
981 1 48 29 0.4413630962371826 4 -1 -1 
729 16 119 52 0.4224894642829895 4 -1 -1 
580 360 122 138 0.4114501178264618 2 -1 -1 
714 589 37 87 0.40161600708961487 1 -1 -1 
928 0 47 16 0.3900190591812134 4 -1 -1 
883 80 24 37 0.3840741217136383 2 -1 -1 
715 611 37 72 0.33299732208251953 3 -1 -1 
579 359 122 139 0.3295178711414337 3 -1 -1 
555 634 33 61 0.306755930185318 2 -1 -1 
361 367 147 67 0.2954816520214081 4 -1 -1 
395 353 113 66 0.2832857072353363 4 -1 -1 
555 633 44 84 0.2718135416507721 1 -1 -1 
927 0 48 16 0.24569876492023468 3 -1 -1 
556 644 57 85 0.24132975935935974 2 -1 -1 
578 359 123 138 0.24101349711418152 9 -1 -1 
817 130 28 32 0.23958711326122284 10 -1 -1 
1250 85 65 72 0.23885242640972137 2 -1 -1 
868 289 86 55 0.23454885184764862 4 -1 -1 
887 77 19 30 0.23062530159950256 2 -1 -1 
748 5 106 50 0.22942465543746948 4 -1 -1 
595 259 106 95 0.2255413681268692 7 -1 -1 
563 155 139 88 0.21422179043293 9 -1 -1 
247 322 263 128 0.21291199326515198 6 -1 -1 
433 237 40 59 0.21135187149047852 2 -1 -1 
369 340 139 67 0.20633412897586823 4 -1 -1 
376 341 136 106 0.20504195988178253 4 -1 -1 
818 109 28 50 0.20239339768886566 2 -1 -1 
724 27 123 46 0.19865302741527557 5 -1 -1 
556 644 57 85 0.1942674070596695 3 -1 -1 
340 315 173 105 0.18864858150482178 4 -1 -1 
79 460 46 73 0.18852484226226807 1 -1 -1 
0 217 31 34 0.18697316944599152 1 -1 -1 
323 339 186 104 0.18542203307151794 5 -1 -1 
927 0 48 16 0.1844848394393921 10 -1 -1 
821 105 23 39 0.18056760728359222 1 -1 -1 
566 154 136 88 0.17939388751983643 4 -1 -1 
1265 87 45 45 0.17935028672218323 2 -1 -1 
641 0 85 33 0.17826899886131287 4 -1 -1 
580 360 122 138 0.1782020628452301 1 -1 -1 
558 668 37 60 0.1776864379644394 10 -1 -1 
722 6 132 62 0.1743159294128418 5 -1 -1 
597 258 101 92 0.17383675277233124 5 -1 -1 
826 103 18 21 0.17120718955993652 2 -1 -1 
880 83 28 48 0.1711920201778412 2 -1 -1 
580 362 75 138 0.16722612082958221 9 -1 -1 
719 586 31 64 0.16464051604270935 1 -1 -1 
195 306 312 154 0.1615128219127655 4 -1 -1 
1250 86 65 72 0.1604420691728592 10 -1 -1 
554 634 42 77 0.1589401811361313 10 -1 -1 
290 504 85 56 0.1585005819797516 10 -1 -1 
556 644 57 85 0.15215757489204407 1 -1 -1 
79 460 46 73 0.15188297629356384 2 -1 -1 
290 504 85 56 0.15144504606723785 3 -1 -1 
928 0 48 16 0.15016792714595795 5 -1 -1 
578 361 123 138 0.14845211803913116 4 -1 -1 
414 361 98 74 0.14800581336021423 4 -1 -1 
92 462 27 67 0.14787322282791138 1 -1 -1 
817 125 28 35 0.14762037992477417 3 -1 -1 
883 80 24 37 0.14760658144950867 10 -1 -1 
1266 86 92 75 0.1445673555135727 4 -1 -1 
1324 88 34 77 0.14223675429821014 5 -1 -1 
881 84 27 47 0.14021266996860504 3 -1 -1 
561 660 61 71 0.1393849104642868 10 -1 -1 
710 620 32 61 0.13922405242919922 10 -1 -1 
574 253 39 59 0.1370670348405838 8 -1 -1 
566 155 136 88 0.13699369132518768 6 -1 -1 
610 334 25 27 0.1356421262025833 10 -1 -1 
290 530 59 31 0.1315670907497406 3 -1 -1 
317 243 180 109 0.13148607313632965 4 -1 -1 
564 639 33 62 0.13109652698040009 2 -1 -1 
267 338 242 109 0.1306237280368805 9 -1 -1 
98 475 21 50 0.13020682334899902 1 -1 -1 
703 600 45 83 0.1268361657857895 3 -1 -1 
927 0 48 16 0.12587593495845795 1 -1 -1 
596 258 103 92 0.12475702166557312 4 -1 -1 
723 586 25 45 0.12462546676397324 2 -1 -1 
293 528 59 32 0.12425293773412704 10 -1 -1 
598 258 99 93 0.12350110709667206 6 -1 -1 
583 363 68 135 0.12239778786897659 2 -1 -1 
286 519 72 42 0.1207360178232193 3 -1 -1 
1250 85 64 72 0.11968840658664703 1 -1 -1 
579 359 122 139 0.11900002509355545 5 -1 -1 
255 372 77 56 0.1170649603009224 10 -1 -1 
383 339 111 50 0.11641786992549896 4 -1 -1 
433 237 40 59 0.11592251807451248 1 -1 -1 
875 70 39 63 0.11579849570989609 10 -1 -1 
26 91 121 50 0.11364967375993729 4 -1 -1 
270 381 75 58 0.11311421543359756 10 -1 -1 
604 0 121 46 0.11269895732402802 4 -1 -1 
930 0 47 16 0.11227475106716156 9 -1 -1 
741 5 111 50 0.11206243932247162 6 -1 -1 
587 215 26 53 0.11173970252275467 1 -1 -1 
1318 87 41 76 0.11060874909162521 4 -1 -1 
567 664 36 62 0.11054536700248718 10 -1 -1 
89 457 46 63 0.1101776510477066 1 -1 -1 
755 5 98 49 0.11015701293945312 9 -1 -1 
1322 121 35 47 0.1076672226190567 4 -1 -1 
-2 205 77 45 0.10762432217597961 1 -1 -1 
354 308 87 39 0.10684195160865784 4 -1 -1 
829 104 19 29 0.10624970495700836 2 -1 -1 
715 606 37 75 0.10602384805679321 4 -1 -1 
556 650 34 72 0.10571162402629852 2 -1 -1 
1251 87 61 72 0.10549139976501465 7 -1 -1 
295 284 212 122 0.10536736994981766 4 -1 -1 
730 204 132 114 0.10478325933218002 5 -1 -1 
800 328 132 154 0.10478238761425018 9 -1 -1 
881 81 27 44 0.10365401953458786 1 -1 -1 
871 234 93 109 0.10339769721031189 5 -1 -1 
591 659 29 57 0.10330307483673096 1 -1 -1 
291 496 88 63 0.10293657332658768 8 -1 -1 
625 361 65 99 0.10247494280338287 2 -1 -1 
580 655 45 72 0.10237199813127518 3 -1 -1 
800 328 130 156 0.1023198813199997 1 -1 -1 
820 103 20 20 0.10173942893743515 2 -1 -1 
193 371 172 81 0.10106050223112106 10 -1 -1 
730 203 133 116 0.10104355216026306 6 -1 -1 
93 461 26 45 0.10085410624742508 2 -1 -1 
240 427 28 49 0.10055012255907059 1 -1 -1 
552 639 39 87 0.10000712424516678 3 -1 -1 
610 334 25 27 0.09986891597509384 2 -1 -1 
726 29 108 46 0.09905464202165604 1 -1 -1 
0 205 91 47 0.09835284948348999 10 -1 -1 
95 464 22 44 0.09805401414632797 1 -1 -1 
610 334 25 27 0.09774264693260193 1 -1 -1 
818 109 28 50 0.09748432785272598 1 -1 -1 
880 99 27 35 0.09747740626335144 10 -1 -1 
730 237 43 75 0.09743607044219971 4 -1 -1 
253 377 79 59 0.09696267545223236 3 -1 -1 
243 389 83 52 0.09661167860031128 10 -1 -1 
817 104 22 32 0.09630320221185684 2 -1 -1 
879 79 21 30 0.09617596864700317 2 -1 -1 
1265 87 45 45 0.09477381408214569 1 -1 -1 
555 638 54 89 0.09405530989170074 4 -1 -1 
416 77 86 39 0.09341797232627869 4 -1 -1 
65 459 52 68 0.09332197904586792 1 -1 -1 
608 324 28 33 0.09298332035541534 2 -1 -1 
730 203 133 116 0.09255827218294144 1 -1 -1 
321 219 162 110 0.09218404442071915 4 -1 -1 
868 289 86 57 0.09122947603464127 5 -1 -1 
556 644 57 85 0.09084034711122513 7 -1 -1 
648 1 76 31 0.09058427810668945 6 -1 -1 
578 359 124 139 0.09014034271240234 6 -1 -1 
559 632 28 42 0.08970922976732254 2 -1 -1 
611 357 87 84 0.08947949856519699 9 -1 -1 
432 338 77 53 0.08942580968141556 4 -1 -1 
1259 82 69 62 0.08928488194942474 4 -1 -1 
293 480 83 80 0.08925855904817581 2 -1 -1 
562 154 140 88 0.08852537721395493 8 -1 -1 
730 204 132 115 0.08848750591278076 9 -1 -1 
552 672 55 63 0.08824366331100464 10 -1 -1 
881 83 28 48 0.08775869756937027 7 -1 -1 
610 363 67 104 0.08770681172609329 2 -1 -1 
1304 86 55 74 0.0874738022685051 5 -1 -1 
0 205 91 47 0.08641283214092255 3 -1 -1 
575 257 37 56 0.08593835681676865 2 -1 -1 
552 661 32 66 0.08548656105995178 10 -1 -1 
393 382 112 59 0.08543200045824051 4 -1 -1 
429 238 46 60 0.08511218428611755 10 -1 -1 
648 1 76 31 0.08510836213827133 5 -1 -1 
558 627 51 71 0.08486679196357727 2 -1 -1 
703 600 45 83 0.08438418805599213 1 -1 -1 
296 523 54 35 0.08431101590394974 2 -1 -1 
293 480 83 80 0.08371330052614212 1 -1 -1 
891 74 16 26 0.08349793404340744 2 -1 -1 
89 457 46 63 0.08314260840415955 2 -1 -1 
0 204 92 47 0.08269495517015457 4 -1 -1 
51 213 31 34 0.08256935328245163 1 -1 -1 
721 7 132 63 0.08209552615880966 9 -1 -1 
580 256 79 61 0.08183983713388443 8 -1 -1 
297 478 86 80 0.08126231282949448 10 -1 -1 
881 84 27 47 0.08088386058807373 4 -1 -1 
547 628 78 106 0.08061785995960236 10 -1 -1 
877 91 25 41 0.08027125895023346 10 -1 -1 
730 203 133 116 0.0799965038895607 7 -1 -1 
398 342 110 84 0.07977162301540375 5 -1 -1 
593 257 108 97 0.07973519712686539 10 -1 -1 
928 0 48 16 0.07897480577230453 7 -1 -1 
729 16 119 52 0.07824812829494476 1 -1 -1 
580 658 49 72 0.07817911356687546 10 -1 -1 
556 644 57 85 0.07813950628042221 8 -1 -1 
608 324 28 33 0.07779238373041153 1 -1 -1 
885 78 21 33 0.07772839069366455 1 -1 -1 
818 104 27 51 0.07765084505081177 4 -1 -1 
634 373 42 102 0.07747313380241394 2 -1 -1 
646 1 78 31 0.07738280296325684 9 -1 -1 
586 659 31 56 0.07733675092458725 2 -1 -1 
577 273 30 42 0.0773296132683754 2 -1 -1 
868 233 99 111 0.07713520526885986 1 -1 -1 
1266 86 92 75 0.07695900648832321 5 -1 -1 
593 257 108 97 0.07653678208589554 3 -1 -1 
604 276 77 85 0.07652373611927032 7 -1 -1 
598 358 98 85 0.07611275464296341 2 -1 -1 
724 27 123 46 0.0759366899728775 6 -1 -1 
483 149 220 95 0.07500471919775009 9 -1 -1 
812 97 40 62 0.07482333481311798 10 -1 -1 
437 336 95 68 0.07466613501310349 4 -1 -1 
65 459 52 68 0.0745076835155487 2 -1 -1 
216 367 255 86 0.07430925965309143 10 -1 -1 
881 83 28 48 0.07428303360939026 8 -1 -1 
92 463 52 73 0.07425452768802643 1 -1 -1 
604 276 77 85 0.0742291510105133 8 -1 -1 
1324 88 34 78 0.07391810417175293 9 -1 -1 
725 595 29 62 0.07345083355903625 2 -1 -1 
352 297 113 48 0.07329487800598145 4 -1 -1 
581 645 43 75 0.07319266349077225 1 -1 -1 
610 334 25 27 0.07314286381006241 3 -1 -1 
-1 440 70 47 0.07311749458312988 4 -1 -1 
340 315 173 105 0.07307534664869308 5 -1 -1 
800 328 131 155 0.07306215167045593 10 -1 -1 
358 321 61 26 0.07306145876646042 4 -1 -1 
604 293 65 68 0.07232128083705902 10 -1 -1 
952 0 23 16 0.07198240607976913 4 -1 -1 
291 496 88 63 0.07197355479001999 7 -1 -1 
221 343 285 165 0.07178793847560883 6 -1 -1 
229 390 93 52 0.07149124890565872 3 -1 -1 
240 293 224 132 0.07132075726985931 4 -1 -1 
418 243 56 63 0.07131341099739075 1 -1 -1 
800 328 132 154 0.07113192975521088 5 -1 -1 
612 327 40 32 0.0708908811211586 10 -1 -1 
722 624 33 56 0.07007276266813278 10 -1 -1 
722 624 33 56 0.06935538351535797 3 -1 -1 
593 257 108 97 0.06928343325853348 2 -1 -1 
580 362 75 138 0.06914602220058441 1 -1 -1 
327 314 186 108 0.0690818578004837 9 -1 -1 
578 220 35 72 0.06872835755348206 1 -1 -1 
558 674 37 54 0.06843634694814682 3 -1 -1 
608 324 28 33 0.06767231225967407 10 -1 -1 
1265 90 38 63 0.0671401172876358 2 -1 -1 
355 321 37 26 0.06692074239253998 10 -1 -1 
293 528 59 32 0.06691865622997284 1 -1 -1 
193 371 172 81 0.06677816063165665 3 -1 -1 
1277 88 39 48 0.06662480533123016 2 -1 -1 
1322 121 35 47 0.06635431200265884 5 -1 -1 
53 210 25 36 0.06629843264818192 2 -1 -1 
299 47 44 33 0.06613542884588242 4 -1 -1 
1332 183 27 49 0.06576555222272873 1 -1 -1 
586 401 60 97 0.06504976749420166 9 -1 -1 
432 138 274 116 0.06438988447189331 6 -1 -1 
-1 217 31 32 0.06438110768795013 2 -1 -1 
607 388 64 109 0.0637584999203682 2 -1 -1 
51 211 42 34 0.06363542377948761 2 -1 -1 
195 270 295 177 0.0634213238954544 6 -1 -1 
607 388 64 109 0.06304613500833511 9 -1 -1 
239 321 272 130 0.06280089914798737 7 -1 -1 
605 261 93 85 0.06273455917835236 1 -1 -1 
582 365 49 116 0.06264577805995941 2 -1 -1 
297 335 214 104 0.05916619673371315 1 -1 -1 
213 252 289 179 0.057705577462911606 4 -1 -1 
284 480 105 90 0.055818941444158554 3 -1 -1 
195 320 300 177 0.05458614230155945 9 -1 -1 
195 270 295 177 0.05202658101916313 9 -1 -1 
278 342 229 174 0.050567369908094406 4 -1 -1 
251 317 262 130 0.05008973926305771 5 -1 -1 
