757 836 41 52 0.9858489036560059 3 -1 -1 
951 599 84 87 0.9834845662117004 5 -1 -1 
558 718 128 112 0.9075695276260376 4 -1 -1 
664 629 116 101 0.9065239429473877 4 -1 -1 
627 582 96 80 0.9057675004005432 4 -1 -1 
1031 379 71 43 0.9049416184425354 7 -1 -1 
690 290 32 21 0.8986830711364746 3 -1 -1 
558 924 25 48 0.8954442739486694 1 -1 -1 
1040 429 116 47 0.8951392769813538 4 -1 -1 
747 692 52 60 0.8936339616775513 7 -1 -1 
899 564 95 75 0.891205370426178 4 -1 -1 
360 551 23 44 0.8847191333770752 1 -1 -1 
584 819 22 44 0.8707253336906433 1 -1 -1 
1113 307 13 35 0.8669002652168274 1 -1 -1 
333 561 21 34 0.8655391335487366 1 -1 -1 
365 721 24 46 0.8573758602142334 1 -1 -1 
391 720 23 48 0.857204020023346 1 -1 -1 
266 919 53 42 0.8530153036117554 10 -1 -1 
1131 305 15 36 0.852352499961853 1 -1 -1 
397 913 152 144 0.8523209691047668 4 -1 -1 
861 314 14 35 0.8485504984855652 1 -1 -1 
559 705 22 47 0.8435841798782349 1 -1 -1 
291 181 81 41 0.8314736485481262 4 -1 -1 
837 251 13 31 0.8190534710884094 1 -1 -1 
1049 463 121 54 0.8133057355880737 4 -1 -1 
1131 278 13 34 0.8125551342964172 1 -1 -1 
1052 522 91 82 0.8120946288108826 4 -1 -1 
178 989 47 47 0.8059396743774414 1 -1 -1 
801 468 13 39 0.8044893741607666 1 -1 -1 
996 357 17 36 0.7971953749656677 1 -1 -1 
614 397 28 40 0.7961220145225525 10 -1 -1 
318 229 23 21 0.7930632829666138 10 -1 -1 
1140 985 54 52 0.788919985294342 10 -1 -1 
884 673 35 42 0.7838473320007324 10 -1 -1 
943 358 30 19 0.7782211899757385 10 -1 -1 
816 457 43 34 0.7730705738067627 10 -1 -1 
409 890 21 48 0.769289493560791 1 -1 -1 
20 138 77 36 0.7615817785263062 4 -1 -1 
1100 278 12 31 0.7607783079147339 1 -1 -1 
1133 419 38 25 0.7537526488304138 10 -1 -1 
468 214 68 40 0.7486839294433594 4 -1 -1 
833 348 32 25 0.7413894534111023 10 -1 -1 
897 564 36 28 0.7388371825218201 10 -1 -1 
893 671 83 82 0.7194985747337341 5 -1 -1 
397 169 25 18 0.7183259725570679 10 -1 -1 
675 456 16 21 0.7177028059959412 2 -1 -1 
802 682 24 64 0.7171757817268372 10 -1 -1 
837 325 14 31 0.70109623670578 1 -1 -1 
401 866 21 48 0.6959457397460938 1 -1 -1 
888 430 37 25 0.695378839969635 10 -1 -1 
717 438 39 28 0.6914973258972168 10 -1 -1 
739 916 116 82 0.6873322129249573 7 -1 -1 
727 426 18 29 0.6871651411056519 2 -1 -1 
891 842 16 49 0.686843752861023 1 -1 -1 
1390 445 17 34 0.6836146116256714 1 -1 -1 
759 824 27 47 0.6816352009773254 2 -1 -1 
731 271 19 27 0.6816346049308777 10 -1 -1 
768 284 17 29 0.6754858493804932 10 -1 -1 
1461 415 13 33 0.6627012491226196 10 -1 -1 
964 320 24 29 0.6605721712112427 10 -1 -1 
696 267 31 25 0.6580777764320374 10 -1 -1 
637 252 27 25 0.6564263105392456 10 -1 -1 
406 201 24 33 0.6507166028022766 10 -1 -1 
1428 454 32 23 0.6499034762382507 10 -1 -1 
555 594 22 39 0.6444854140281677 2 -1 -1 
1147 368 30 28 0.6389033198356628 10 -1 -1 
843 339 15 27 0.636875569820404 2 -1 -1 
558 594 19 39 0.6336644887924194 1 -1 -1 
1571 458 104 52 0.6333336234092712 4 -1 -1 
830 451 18 31 0.6287025213241577 2 -1 -1 
318 951 50 57 0.6195892691612244 10 -1 -1 
246 352 41 32 0.6159089803695679 10 -1 -1 
324 222 12 23 0.612662672996521 2 -1 -1 
698 977 24 60 0.6102548241615295 1 -1 -1 
484 858 22 49 0.6062755584716797 1 -1 -1 
1147 367 30 29 0.6010668277740479 3 -1 -1 
140 1001 41 34 0.5953657627105713 3 -1 -1 
117 149 64 34 0.5947372317314148 5 -1 -1 
681 971 27 52 0.5913098454475403 1 -1 -1 
857 645 21 37 0.5875552892684937 2 -1 -1 
145 958 52 31 0.583096981048584 10 -1 -1 
1150 412 16 27 0.5807145833969116 2 -1 -1 
909 552 18 30 0.5787239074707031 2 -1 -1 
230 921 26 47 0.5759329199790955 1 -1 -1 
935 344 39 21 0.5754996538162231 10 -1 -1 
1351 399 17 34 0.5734860301017761 1 -1 -1 
730 235 11 29 0.573341429233551 1 -1 -1 
1141 247 17 23 0.5718085765838623 10 -1 -1 
235 865 26 33 0.5707549452781677 2 -1 -1 
1215 389 65 31 0.5704473257064819 10 -1 -1 
1063 498 49 39 0.5685374736785889 10 -1 -1 
749 695 24 43 0.5664307475090027 2 -1 -1 
804 685 22 35 0.5649505853652954 2 -1 -1 
1599 430 15 23 0.5626389384269714 2 -1 -1 
857 649 20 40 0.5591118931770325 10 -1 -1 
209 848 24 40 0.5588473677635193 2 -1 -1 
1146 238 11 24 0.5551632642745972 2 -1 -1 
799 446 28 24 0.5521117448806763 10 -1 -1 
1471 399 15 25 0.5476068258285522 10 -1 -1 
1315 365 16 24 0.5473918318748474 2 -1 -1 
846 884 22 38 0.5413898825645447 2 -1 -1 
866 595 20 36 0.5381020307540894 2 -1 -1 
804 437 14 26 0.5376873016357422 2 -1 -1 
1043 435 120 63 0.5366290807723999 4 -1 -1 
697 278 16 28 0.5337629914283752 2 -1 -1 
1308 365 17 24 0.5322945713996887 2 -1 -1 
1439 444 17 30 0.529828667640686 2 -1 -1 
1610 427 13 25 0.5228945016860962 2 -1 -1 
889 668 24 36 0.5204771757125854 2 -1 -1 
758 995 35 51 0.5201752185821533 2 -1 -1 
253 676 64 47 0.5138791799545288 10 -1 -1 
686 974 30 60 0.5119331479072571 1 -1 -1 
846 884 22 38 0.5076137185096741 1 -1 -1 
1395 375 25 29 0.5069013237953186 2 -1 -1 
1123 274 14 26 0.5042479038238525 10 -1 -1 
278 981 24 44 0.5020121335983276 2 -1 -1 
17 161 21 21 0.5011987090110779 10 -1 -1 
274 357 32 34 0.4977237284183502 10 -1 -1 
950 616 23 41 0.49759891629219055 1 -1 -1 
847 377 20 39 0.49232640862464905 1 -1 -1 
690 290 31 20 0.48342448472976685 10 -1 -1 
747 693 31 57 0.4781959354877472 2 -1 -1 
209 853 24 40 0.47755566239356995 10 -1 -1 
866 607 18 30 0.47455745935440063 10 -1 -1 
866 607 19 30 0.47324246168136597 2 -1 -1 
1060 310 15 22 0.47319895029067993 2 -1 -1 
1125 265 13 28 0.4682680368423462 2 -1 -1 
1060 322 16 32 0.4666849672794342 2 -1 -1 
1603 429 17 25 0.4646425247192383 2 -1 -1 
1187 427 14 34 0.4642868638038635 2 -1 -1 
838 341 23 27 0.46405258774757385 2 -1 -1 
1595 420 13 22 0.46014025807380676 2 -1 -1 
797 435 12 26 0.4597744047641754 2 -1 -1 
476 857 34 41 0.45721790194511414 1 -1 -1 
1043 382 19 30 0.456508070230484 2 -1 -1 
276 158 13 24 0.4538610279560089 2 -1 -1 
1125 265 13 27 0.45255035161972046 1 -1 -1 
1215 392 42 28 0.4476647973060608 10 -1 -1 
894 424 20 27 0.44757306575775146 2 -1 -1 
232 346 51 29 0.4440726935863495 10 -1 -1 
276 158 13 26 0.4440670609474182 1 -1 -1 
6 943 72 50 0.441482812166214 10 -1 -1 
693 972 100 73 0.43636685609817505 8 -1 -1 
176 140 30 24 0.4352053701877594 3 -1 -1 
1060 322 15 33 0.4351867735385895 1 -1 -1 
279 981 24 45 0.43509066104888916 1 -1 -1 
1076 301 12 25 0.4347911477088928 1 -1 -1 
1154 414 19 26 0.43339791893959045 2 -1 -1 
1601 417 13 22 0.43184712529182434 2 -1 -1 
828 443 15 33 0.4283319115638733 2 -1 -1 
846 377 21 31 0.4260435402393341 2 -1 -1 
709 233 15 36 0.42416468262672424 1 -1 -1 
1163 342 29 37 0.4212809205055237 8 -1 -1 
939 349 33 25 0.42045116424560547 10 -1 -1 
95 256 103 68 0.4195370376110077 4 -1 -1 
1216 389 66 31 0.41855746507644653 7 -1 -1 
784 220 13 31 0.4179008901119232 1 -1 -1 
116 149 65 32 0.41786181926727295 4 -1 -1 
227 343 42 28 0.4076971113681793 10 -1 -1 
747 692 52 60 0.4046761989593506 2 -1 -1 
1032 382 38 36 0.40015774965286255 2 -1 -1 
1142 414 28 28 0.3998894691467285 2 -1 -1 
1224 385 26 31 0.3984016180038452 2 -1 -1 
1220 358 45 31 0.39629125595092773 10 -1 -1 
140 1001 41 34 0.39484965801239014 10 -1 -1 
339 320 93 53 0.36970964074134827 4 -1 -1 
699 971 92 74 0.36893606185913086 7 -1 -1 
891 668 91 87 0.3683425188064575 4 -1 -1 
340 320 95 52 0.36523690819740295 5 -1 -1 
740 916 114 82 0.3483724594116211 8 -1 -1 
740 917 113 81 0.32133832573890686 10 -1 -1 
865 597 23 43 0.32082197070121765 10 -1 -1 
1140 540 78 67 0.2952191233634949 4 -1 -1 
200 289 95 49 0.2921805679798126 4 -1 -1 
1053 522 90 83 0.28613898158073425 5 -1 -1 
699 971 92 74 0.26908063888549805 10 -1 -1 
817 396 45 28 0.2611245810985565 3 -1 -1 
1572 458 103 51 0.24628178775310516 5 -1 -1 
936 336 41 26 0.24437178671360016 10 -1 -1 
935 323 43 29 0.23772409558296204 10 -1 -1 
1394 369 32 35 0.2342950403690338 1 -1 -1 
951 599 84 87 0.22477836906909943 4 -1 -1 
951 599 84 87 0.21379400789737701 8 -1 -1 
400 913 149 144 0.21231094002723694 5 -1 -1 
602 718 85 50 0.21191823482513428 4 -1 -1 
823 387 43 36 0.20219168066978455 3 -1 -1 
1050 462 119 55 0.2010057270526886 5 -1 -1 
935 323 40 30 0.19797442853450775 7 -1 -1 
1459 399 27 48 0.1950201690196991 10 -1 -1 
1289 326 35 32 0.19308359920978546 7 -1 -1 
173 131 35 36 0.19054614007472992 3 -1 -1 
1058 486 93 61 0.1787378489971161 7 -1 -1 
395 913 154 145 0.17710059881210327 6 -1 -1 
558 718 129 113 0.17674802243709564 5 -1 -1 
898 564 96 76 0.17582014203071594 5 -1 -1 
200 289 95 49 0.17418272793293 5 -1 -1 
627 582 96 80 0.1701306700706482 5 -1 -1 
664 629 116 101 0.16380760073661804 5 -1 -1 
1221 367 45 29 0.1623995006084442 10 -1 -1 
1058 486 93 61 0.16219086945056915 8 -1 -1 
839 379 30 42 0.15984010696411133 3 -1 -1 
1052 462 119 54 0.15760770440101624 8 -1 -1 
1222 351 45 31 0.15748299658298492 10 -1 -1 
951 599 84 87 0.1517225056886673 10 -1 -1 
935 323 40 30 0.15153171122074127 8 -1 -1 
1549 467 116 51 0.1455884575843811 4 -1 -1 
935 342 40 23 0.14460106194019318 7 -1 -1 
857 645 21 45 0.14335383474826813 1 -1 -1 
1409 381 29 41 0.14186102151870728 7 -1 -1 
1409 381 29 41 0.14111071825027466 8 -1 -1 
1158 531 84 72 0.13481557369232178 4 -1 -1 
1050 463 121 54 0.1346883624792099 1 -1 -1 
717 437 39 30 0.13382510840892792 3 -1 -1 
15 241 184 93 0.13224519789218903 4 -1 -1 
1395 370 33 38 0.13144400715827942 2 -1 -1 
951 599 84 87 0.1284562647342682 7 -1 -1 
1058 486 93 61 0.12717260420322418 10 -1 -1 
1140 540 78 67 0.12489686161279678 5 -1 -1 
454 847 78 48 0.12482678890228271 7 -1 -1 
804 446 48 34 0.12401220202445984 10 -1 -1 
842 375 27 44 0.12351582944393158 2 -1 -1 
952 319 37 33 0.12140174210071564 10 -1 -1 
1052 462 119 54 0.12095976620912552 7 -1 -1 
735 914 115 80 0.11918992549180984 2 -1 -1 
1041 428 117 48 0.11887023597955704 5 -1 -1 
1050 463 121 54 0.11880303174257278 6 -1 -1 
1405 375 31 45 0.11797457933425903 1 -1 -1 
338 320 93 53 0.11739809066057205 6 -1 -1 
690 269 37 35 0.11562015116214752 10 -1 -1 
815 457 44 34 0.11544448137283325 4 -1 -1 
201 287 90 51 0.11517058312892914 10 -1 -1 
935 327 41 28 0.11440759152173996 3 -1 -1 
1220 357 45 31 0.11408555507659912 7 -1 -1 
1042 428 117 49 0.11218438297510147 1 -1 -1 
412 914 138 138 0.11087650805711746 9 -1 -1 
173 129 36 38 0.11061730235815048 10 -1 -1 
1220 358 45 31 0.10824518650770187 3 -1 -1 
558 718 129 112 0.10542116314172745 9 -1 -1 
329 312 93 50 0.10496777296066284 4 -1 -1 
797 443 44 32 0.10475113987922668 10 -1 -1 
951 599 84 87 0.10463403165340424 2 -1 -1 
602 718 85 50 0.10399502515792847 5 -1 -1 
1220 354 46 29 0.1033521294593811 8 -1 -1 
259 987 85 59 0.1032450944185257 10 -1 -1 
1040 429 116 47 0.10287809371948242 6 -1 -1 
951 599 84 87 0.10171148180961609 6 -1 -1 
1043 435 120 63 0.10129664838314056 5 -1 -1 
739 916 116 82 0.1008807048201561 4 -1 -1 
1290 326 35 31 0.10083333402872086 8 -1 -1 
453 848 79 47 0.10032058507204056 10 -1 -1 
951 599 84 87 0.1000487208366394 9 -1 -1 
1028 373 77 49 0.09959515929222107 8 -1 -1 
778 214 25 40 0.09947647154331207 1 -1 -1 
740 916 114 82 0.09801561385393143 3 -1 -1 
1563 447 111 49 0.09776020050048828 4 -1 -1 
892 668 89 86 0.09734141081571579 9 -1 -1 
340 320 95 53 0.09650803357362747 9 -1 -1 
743 687 59 68 0.09612765163183212 8 -1 -1 
1459 399 27 48 0.09553046524524689 3 -1 -1 
935 338 40 26 0.0944092720746994 3 -1 -1 
341 948 51 90 0.09390463680028915 4 -1 -1 
679 967 90 73 0.0937812551856041 7 -1 -1 
865 597 23 43 0.09328285604715347 1 -1 -1 
1169 501 73 86 0.09288115799427032 4 -1 -1 
11 243 187 91 0.09274068474769592 5 -1 -1 
558 718 129 113 0.09271404147148132 6 -1 -1 
325 313 97 52 0.09200707823038101 5 -1 -1 
1158 531 84 72 0.09151824563741684 5 -1 -1 
454 847 78 48 0.09131355583667755 8 -1 -1 
344 933 92 93 0.09029360115528107 10 -1 -1 
663 628 116 102 0.0895538330078125 9 -1 -1 
840 376 28 42 0.0893728956580162 10 -1 -1 
1344 394 27 42 0.08840905874967575 1 -1 -1 
679 967 90 73 0.08840656280517578 8 -1 -1 
1405 375 31 45 0.08744272589683533 2 -1 -1 
713 947 97 79 0.0874423012137413 8 -1 -1 
815 452 44 37 0.08722513169050217 2 -1 -1 
558 719 129 111 0.08672013133764267 1 -1 -1 
820 388 45 34 0.08667642623186111 10 -1 -1 
1538 451 117 51 0.0866532176733017 4 -1 -1 
1052 521 91 83 0.08647169172763824 6 -1 -1 
815 457 44 34 0.08625762909650803 7 -1 -1 
384 934 58 92 0.08587333559989929 10 -1 -1 
699 971 92 74 0.08545026928186417 3 -1 -1 
627 583 96 79 0.08537904173135757 10 -1 -1 
627 582 96 80 0.08508986979722977 9 -1 -1 
717 437 39 30 0.08421622961759567 7 -1 -1 
1571 458 104 51 0.08415009826421738 6 -1 -1 
402 913 148 142 0.07397636771202087 1 -1 -1 
397 913 152 144 0.0694616436958313 7 -1 -1 
398 913 151 145 0.0670895054936409 10 -1 -1 
403 913 146 142 0.05253494158387184 8 -1 -1 
