291 1 59 31 0.9974275231361389 9 -1 -1 
813 692 68 74 0.9837897419929504 6 -1 -1 
705 68 36 28 0.9762251377105713 5 -1 -1 
466 191 40 53 0.9671924114227295 6 -1 -1 
422 321 54 63 0.9378497004508972 4 -1 -1 
600 131 29 33 0.9122892022132874 4 -1 -1 
467 491 19 47 0.9088518619537354 1 -1 -1 
355 477 67 98 0.9039952158927917 4 -1 -1 
579 354 45 67 0.9021139740943909 4 -1 -1 
1012 438 39 29 0.9016762375831604 3 -1 -1 
442 491 18 44 0.8930714130401611 1 -1 -1 
810 538 117 77 0.8921036720275879 4 -1 -1 
496 240 39 47 0.8670181035995483 4 -1 -1 
685 22 19 23 0.8286343216896057 5 -1 -1 
785 411 14 38 0.8225509524345398 1 -1 -1 
718 193 39 46 0.8186013698577881 4 -1 -1 
640 60 22 21 0.8022705912590027 4 -1 -1 
778 375 16 36 0.7931960225105286 1 -1 -1 
767 414 16 36 0.7867444753646851 1 -1 -1 
513 317 13 32 0.7681806683540344 1 -1 -1 
585 61 23 22 0.7654765248298645 4 -1 -1 
417 83 52 28 0.7470968961715698 5 -1 -1 
524 341 12 38 0.7451583743095398 1 -1 -1 
489 103 56 25 0.738379955291748 4 -1 -1 
612 0 18 15 0.7370592355728149 4 -1 -1 
711 19 16 20 0.7362026572227478 5 -1 -1 
534 345 11 33 0.7070457339286804 1 -1 -1 
525 65 40 18 0.7011923789978027 4 -1 -1 
417 108 62 24 0.6999106407165527 4 -1 -1 
503 151 37 20 0.6997195482254028 7 -1 -1 
436 22 6 16 0.6885678172111511 1 -1 -1 
509 161 9 24 0.6880968809127808 1 -1 -1 
673 64 22 23 0.6814743280410767 4 -1 -1 
440 431 22 36 0.6777191162109375 3 -1 -1 
843 491 97 56 0.6768540143966675 4 -1 -1 
699 58 38 18 0.674423336982727 4 -1 -1 
449 414 18 42 0.672358512878418 1 -1 -1 
395 118 48 24 0.6570863127708435 4 -1 -1 
417 100 61 27 0.6516854763031006 4 -1 -1 
366 244 48 29 0.6477387547492981 7 -1 -1 
540 146 8 24 0.640943169593811 1 -1 -1 
921 230 14 24 0.59800124168396 2 -1 -1 
756 68 16 13 0.5919596552848816 10 -1 -1 
644 137 28 33 0.5874022245407104 4 -1 -1 
461 119 12 26 0.5869985818862915 1 -1 -1 
488 95 58 24 0.582063615322113 4 -1 -1 
576 0 6 14 0.5594770908355713 1 -1 -1 
526 321 15 41 0.5479751825332642 1 -1 -1 
728 103 8 22 0.5434507727622986 1 -1 -1 
730 28 6 13 0.5411815643310547 1 -1 -1 
597 247 35 61 0.5371189713478088 4 -1 -1 
431 210 9 21 0.5370491147041321 1 -1 -1 
1012 438 40 29 0.524010181427002 10 -1 -1 
282 662 43 64 0.5201155543327332 10 -1 -1 
498 90 51 24 0.5163025856018066 4 -1 -1 
413 211 12 21 0.5141838192939758 2 -1 -1 
813 692 68 73 0.5076630711555481 4 -1 -1 
644 137 28 33 0.5046396255493164 5 -1 -1 
727 9 36 21 0.49873802065849304 8 -1 -1 
441 10 22 22 0.49538618326187134 5 -1 -1 
596 247 35 62 0.4925728440284729 5 -1 -1 
448 415 18 41 0.48735886812210083 2 -1 -1 
307 661 17 40 0.48522573709487915 10 -1 -1 
435 64 40 24 0.48245060443878174 5 -1 -1 
817 308 13 31 0.47529181838035583 1 -1 -1 
567 20 16 23 0.4647500216960907 7 -1 -1 
756 70 9 10 0.46228066086769104 10 -1 -1 
831 146 52 24 0.45850101113319397 5 -1 -1 
720 47 7 15 0.44727763533592224 1 -1 -1 
552 94 10 22 0.44689667224884033 1 -1 -1 
299 662 25 46 0.44480445981025696 10 -1 -1 
566 25 15 23 0.4446267783641815 7 -1 -1 
535 150 7 18 0.43940871953964233 1 -1 -1 
583 1 5 13 0.4367277920246124 1 -1 -1 
521 150 9 21 0.426761656999588 1 -1 -1 
367 245 17 27 0.42587360739707947 2 -1 -1 
537 146 8 23 0.42507678270339966 1 -1 -1 
731 44 21 17 0.4209812581539154 10 -1 -1 
685 48 28 21 0.4202589690685272 8 -1 -1 
422 80 54 25 0.41923004388809204 5 -1 -1 
366 244 48 29 0.4150029718875885 8 -1 -1 
424 216 8 14 0.4138576090335846 2 -1 -1 
420 82 55 23 0.4137513339519501 4 -1 -1 
813 53 24 19 0.4112835228443146 7 -1 -1 
923 568 112 68 0.4073393940925598 4 -1 -1 
441 10 24 22 0.40520042181015015 4 -1 -1 
720 47 8 16 0.40210652351379395 2 -1 -1 
831 145 51 25 0.4003322422504425 4 -1 -1 
1151 132 10 16 0.3889372944831848 2 -1 -1 
752 154 27 30 0.38744881749153137 4 -1 -1 
551 97 10 20 0.38710924983024597 10 -1 -1 
403 245 13 22 0.3867550194263458 1 -1 -1 
684 37 22 16 0.38438162207603455 4 -1 -1 
754 43 14 20 0.3737865686416626 10 -1 -1 
414 211 11 21 0.37122103571891785 1 -1 -1 
673 64 22 23 0.3676868677139282 5 -1 -1 
417 211 12 19 0.3668122887611389 2 -1 -1 
431 210 9 20 0.366318017244339 2 -1 -1 
751 155 28 29 0.3659190535545349 5 -1 -1 
520 150 11 21 0.36275580525398254 2 -1 -1 
710 43 8 14 0.3553091287612915 2 -1 -1 
552 93 10 22 0.352847695350647 2 -1 -1 
844 491 96 57 0.35108286142349243 8 -1 -1 
578 24 6 16 0.34623613953590393 1 -1 -1 
923 231 12 23 0.34397217631340027 1 -1 -1 
844 164 55 28 0.3427247703075409 4 -1 -1 
443 420 22 45 0.3390282392501831 3 -1 -1 
467 192 39 52 0.33753693103790283 5 -1 -1 
448 224 9 21 0.3372955024242401 1 -1 -1 
323 1 34 21 0.3370083272457123 4 -1 -1 
573 13 13 15 0.3366541564464569 7 -1 -1 
684 48 34 22 0.33450809121131897 6 -1 -1 
401 245 15 21 0.33333858847618103 2 -1 -1 
418 99 55 23 0.3270740509033203 5 -1 -1 
578 0 8 15 0.32702744007110596 1 -1 -1 
834 146 48 25 0.3264642655849457 6 -1 -1 
569 18 14 24 0.32538294792175293 8 -1 -1 
427 213 10 17 0.32436421513557434 2 -1 -1 
743 44 16 18 0.3199222981929779 10 -1 -1 
435 64 42 24 0.3165430724620819 4 -1 -1 
561 24 7 18 0.3125411570072174 1 -1 -1 
542 77 10 22 0.3124501705169678 1 -1 -1 
506 81 46 20 0.3117983937263489 4 -1 -1 
727 9 36 21 0.311796098947525 7 -1 -1 
421 210 9 17 0.30964529514312744 2 -1 -1 
403 204 10 21 0.30896130204200745 2 -1 -1 
287 679 27 41 0.30627620220184326 1 -1 -1 
558 24 8 17 0.3047226369380951 1 -1 -1 
756 69 16 11 0.3042966425418854 3 -1 -1 
375 54 33 17 0.302289754152298 3 -1 -1 
528 163 10 21 0.3019353449344635 1 -1 -1 
291 1 59 31 0.30169668793678284 4 -1 -1 
813 692 68 74 0.2935609519481659 7 -1 -1 
711 44 9 14 0.29271170496940613 2 -1 -1 
449 78 41 21 0.29243627190589905 4 -1 -1 
505 85 47 23 0.29045847058296204 5 -1 -1 
814 53 23 18 0.2901151478290558 8 -1 -1 
504 152 15 18 0.2872396409511566 10 -1 -1 
549 98 11 19 0.285228431224823 1 -1 -1 
523 151 16 24 0.28422585129737854 7 -1 -1 
571 18 13 22 0.2827877402305603 7 -1 -1 
434 78 47 22 0.2826882302761078 4 -1 -1 
307 662 17 34 0.28138217329978943 2 -1 -1 
307 661 17 38 0.2810458540916443 1 -1 -1 
442 418 24 45 0.2799551784992218 1 -1 -1 
551 103 10 14 0.27992919087409973 3 -1 -1 
551 95 11 21 0.2742472290992737 3 -1 -1 
551 103 8 14 0.27279603481292725 10 -1 -1 
718 46 8 13 0.2711641490459442 2 -1 -1 
414 178 20 18 0.27011460065841675 7 -1 -1 
291 1 59 31 0.26953816413879395 10 -1 -1 
403 146 36 22 0.2658268213272095 10 -1 -1 
730 46 9 16 0.26579180359840393 2 -1 -1 
503 150 37 21 0.24230842292308807 8 -1 -1 
704 68 36 28 0.2378154695034027 8 -1 -1 
517 319 17 35 0.2337561845779419 1 -1 -1 
403 201 31 25 0.22102761268615723 7 -1 -1 
399 179 34 20 0.217948779463768 8 -1 -1 
704 68 36 28 0.2147846519947052 4 -1 -1 
361 244 37 30 0.2130167931318283 2 -1 -1 
726 8 37 22 0.20107713341712952 5 -1 -1 
699 58 38 19 0.20064838230609894 6 -1 -1 
684 48 32 22 0.1992478221654892 5 -1 -1 
521 318 19 36 0.19765441119670868 1 -1 -1 
527 322 18 51 0.19387933611869812 1 -1 -1 
400 178 34 19 0.1911575198173523 7 -1 -1 
701 62 37 23 0.18954883515834808 5 -1 -1 
361 244 50 30 0.18845663964748383 1 -1 -1 
699 58 38 19 0.18616917729377747 5 -1 -1 
366 244 48 29 0.18370480835437775 3 -1 -1 
685 51 40 21 0.1798773854970932 4 -1 -1 
503 151 37 20 0.17715802788734436 10 -1 -1 
701 62 37 23 0.17661675810813904 4 -1 -1 
693 32 43 26 0.16927923262119293 6 -1 -1 
524 327 16 51 0.16743680834770203 1 -1 -1 
687 42 47 22 0.1654181331396103 6 -1 -1 
726 9 36 22 0.16477899253368378 6 -1 -1 
503 151 37 20 0.16437986493110657 3 -1 -1 
726 8 37 22 0.16369026899337769 4 -1 -1 
924 562 150 77 0.16109007596969604 5 -1 -1 
813 692 69 73 0.15554510056972504 5 -1 -1 
440 431 22 36 0.15448696911334991 10 -1 -1 
700 39 40 23 0.15143539011478424 6 -1 -1 
407 412 32 21 0.1508675515651703 1 -1 -1 
448 414 19 44 0.15012919902801514 3 -1 -1 
371 53 36 18 0.14705964922904968 10 -1 -1 
690 51 42 22 0.1462399661540985 6 -1 -1 
467 192 39 52 0.14442573487758636 8 -1 -1 
467 491 19 47 0.1433996856212616 4 -1 -1 
398 181 33 22 0.14264976978302002 7 -1 -1 
509 151 33 28 0.14262019097805023 7 -1 -1 
355 477 67 98 0.1404578536748886 5 -1 -1 
813 692 68 73 0.13663071393966675 8 -1 -1 
563 17 21 32 0.1343058943748474 7 -1 -1 
357 53 35 18 0.13313239812850952 7 -1 -1 
361 239 55 35 0.13016413152217865 10 -1 -1 
273 643 38 75 0.12974977493286133 10 -1 -1 
402 191 29 32 0.12955313920974731 7 -1 -1 
466 191 40 53 0.1283031851053238 4 -1 -1 
278 662 46 65 0.1280454397201538 7 -1 -1 
467 192 39 52 0.12774959206581116 9 -1 -1 
918 226 21 30 0.12719756364822388 2 -1 -1 
442 491 18 44 0.12382958084344864 4 -1 -1 
403 145 36 22 0.12331502139568329 4 -1 -1 
415 81 66 37 0.12330994755029678 4 -1 -1 
362 245 30 30 0.12308397144079208 1 -1 -1 
399 183 33 29 0.12054193764925003 8 -1 -1 
684 47 31 24 0.12028373777866364 4 -1 -1 
403 146 36 22 0.12009691447019577 3 -1 -1 
707 32 36 25 0.11991070955991745 6 -1 -1 
1170 316 22 30 0.11957351118326187 1 -1 -1 
371 53 36 18 0.11952539533376694 7 -1 -1 
442 413 20 41 0.11936675012111664 2 -1 -1 
415 81 66 37 0.1192835122346878 5 -1 -1 
825 159 73 34 0.11860847473144531 6 -1 -1 
357 53 35 18 0.11738760024309158 10 -1 -1 
462 141 29 26 0.11681189388036728 10 -1 -1 
1170 317 22 29 0.11615335196256638 2 -1 -1 
391 242 27 31 0.11575723439455032 2 -1 -1 
375 242 43 32 0.11512124538421631 1 -1 -1 
358 52 33 19 0.11414994299411774 3 -1 -1 
516 147 32 28 0.1127195730805397 7 -1 -1 
683 37 34 22 0.11259206384420395 6 -1 -1 
813 692 68 73 0.11251913011074066 3 -1 -1 
281 1 70 33 0.11228317022323608 5 -1 -1 
443 10 29 26 0.11161898821592331 5 -1 -1 
445 428 26 39 0.11067697405815125 3 -1 -1 
778 413 19 38 0.11034170538187027 1 -1 -1 
818 143 69 33 0.1096828430891037 6 -1 -1 
579 354 45 67 0.10895120352506638 1 -1 -1 
403 183 30 33 0.10878709703683853 7 -1 -1 
442 413 20 41 0.10834839940071106 1 -1 -1 
684 47 33 23 0.10694918036460876 7 -1 -1 
396 242 23 31 0.10598774999380112 1 -1 -1 
442 418 24 45 0.10579212754964828 10 -1 -1 
583 60 26 24 0.10514909774065018 5 -1 -1 
683 46 23 25 0.10458288341760635 6 -1 -1 
281 1 70 33 0.10404413938522339 6 -1 -1 
406 205 33 27 0.10254094004631042 7 -1 -1 
825 159 73 34 0.10175834596157074 4 -1 -1 
403 192 30 32 0.10071112960577011 8 -1 -1 
403 146 36 22 0.10049710422754288 7 -1 -1 
808 52 30 23 0.10000606626272202 10 -1 -1 
767 414 15 36 0.09987276047468185 4 -1 -1 
926 518 153 94 0.09927533566951752 6 -1 -1 
380 665 65 39 0.09780135005712509 10 -1 -1 
687 52 42 23 0.09777753055095673 5 -1 -1 
928 500 147 71 0.0971408411860466 6 -1 -1 
403 176 31 22 0.09679599106311798 10 -1 -1 
403 203 31 24 0.09664566814899445 8 -1 -1 
924 552 175 85 0.09545991569757462 6 -1 -1 
279 661 45 66 0.09477326273918152 3 -1 -1 
361 239 55 35 0.09469903260469437 6 -1 -1 
925 530 179 100 0.09449031203985214 4 -1 -1 
448 194 57 56 0.0699210911989212 6 -1 -1 
1208 508 153 259 0.05197589844465256 9 -1 -1 
206 634 95 130 0.05148732662200928 9 -1 -1 
