529 5 27 35 0.999006450176239 9 -1 -1 
601 390 182 180 0.9986048340797424 9 -1 -1 
705 147 36 37 0.9807000160217285 5 -1 -1 
186 365 134 59 0.9320451021194458 4 -1 -1 
893 271 65 33 0.9318823218345642 7 -1 -1 
247 296 111 42 0.9225107431411743 4 -1 -1 
706 259 46 41 0.9184660911560059 4 -1 -1 
417 229 74 47 0.9138600826263428 4 -1 -1 
1173 328 121 45 0.9099451899528503 4 -1 -1 
46 108 61 35 0.8889620900154114 4 -1 -1 
446 170 33 48 0.8783036470413208 5 -1 -1 
44 676 38 57 0.8782644867897034 1 -1 -1 
727 39 51 23 0.8757429122924805 5 -1 -1 
763 90 96 40 0.8748536705970764 6 -1 -1 
461 110 26 35 0.8694003820419312 5 -1 -1 
701 217 41 37 0.8687857985496521 4 -1 -1 
535 237 15 32 0.8628414273262024 1 -1 -1 
644 2 10 11 0.8495630025863647 7 -1 -1 
481 82 24 34 0.8441314101219177 5 -1 -1 
1167 276 101 40 0.838411808013916 4 -1 -1 
794 213 11 30 0.8203517198562622 1 -1 -1 
958 444 19 46 0.8162674307823181 1 -1 -1 
1275 371 84 51 0.791424572467804 4 -1 -1 
1009 261 14 30 0.7895485758781433 1 -1 -1 
0 308 76 48 0.7783202528953552 4 -1 -1 
78 576 24 58 0.7654043436050415 1 -1 -1 
486 124 32 40 0.7631856203079224 5 -1 -1 
504 103 25 35 0.7568186521530151 5 -1 -1 
518 48 20 24 0.7510572075843811 5 -1 -1 
763 149 70 30 0.7500600218772888 4 -1 -1 
8 104 55 37 0.7473829984664917 4 -1 -1 
722 64 50 23 0.7456803321838379 5 -1 -1 
843 155 22 20 0.7441524863243103 10 -1 -1 
1276 252 21 28 0.7435501217842102 10 -1 -1 
410 167 13 32 0.7354780435562134 1 -1 -1 
451 137 35 45 0.734778881072998 5 -1 -1 
771 197 10 30 0.7339729070663452 1 -1 -1 
828 231 11 23 0.7337621450424194 1 -1 -1 
832 191 48 52 0.7257312536239624 5 -1 -1 
234 714 32 36 0.7245856523513794 2 -1 -1 
129 573 30 45 0.715193510055542 2 -1 -1 
747 57 40 20 0.7143581509590149 5 -1 -1 
510 188 11 30 0.7127569317817688 1 -1 -1 
36 569 60 37 0.7122858762741089 10 -1 -1 
749 131 54 32 0.7107154130935669 5 -1 -1 
485 263 28 22 0.7074359059333801 10 -1 -1 
116 587 64 36 0.7045878767967224 10 -1 -1 
713 31 48 21 0.702693521976471 5 -1 -1 
238 247 44 22 0.7006734013557434 7 -1 -1 
347 229 17 35 0.688926637172699 1 -1 -1 
858 174 24 15 0.6887807250022888 10 -1 -1 
99 113 41 31 0.6870989203453064 4 -1 -1 
564 12 6 15 0.6864588260650635 1 -1 -1 
684 53 7 18 0.683549165725708 1 -1 -1 
1184 243 21 30 0.6755906343460083 10 -1 -1 
1023 219 18 25 0.6718752980232239 10 -1 -1 
238 247 44 22 0.6716537475585938 10 -1 -1 
799 189 38 51 0.6676884889602661 8 -1 -1 
497 34 20 20 0.6659063100814819 4 -1 -1 
1100 270 13 25 0.6583696603775024 10 -1 -1 
523 82 19 27 0.6521657705307007 8 -1 -1 
746 50 43 21 0.6518158316612244 5 -1 -1 
567 237 13 29 0.6492458581924438 2 -1 -1 
567 248 18 25 0.6484658122062683 3 -1 -1 
165 209 32 31 0.6473552584648132 10 -1 -1 
784 173 43 42 0.6470420360565186 8 -1 -1 
546 84 7 21 0.6448510885238647 1 -1 -1 
501 164 22 31 0.64041668176651 7 -1 -1 
526 193 14 25 0.6328885555267334 2 -1 -1 
785 173 42 42 0.6217184066772461 5 -1 -1 
116 218 37 30 0.6186385154724121 10 -1 -1 
263 717 31 32 0.6150331497192383 2 -1 -1 
484 59 26 25 0.6108999848365784 4 -1 -1 
299 259 72 41 0.6105596423149109 4 -1 -1 
49 554 29 48 0.6072394847869873 2 -1 -1 
592 0 18 19 0.5954479575157166 4 -1 -1 
0 454 49 59 0.5937657952308655 4 -1 -1 
880 243 11 28 0.5859013199806213 1 -1 -1 
1205 303 108 45 0.5829792618751526 4 -1 -1 
1078 222 27 19 0.581080973148346 7 -1 -1 
525 199 15 24 0.5809187889099121 10 -1 -1 
1119 271 14 24 0.5779231786727905 10 -1 -1 
355 718 28 38 0.5672159194946289 2 -1 -1 
1203 301 109 46 0.5658890008926392 6 -1 -1 
709 23 49 21 0.5616846680641174 5 -1 -1 
-2 240 71 41 0.5612176060676575 4 -1 -1 
755 77 47 18 0.5593266487121582 4 -1 -1 
847 162 18 14 0.5537703037261963 10 -1 -1 
722 33 48 22 0.5534466505050659 5 -1 -1 
675 -1 93 31 0.5435590147972107 6 -1 -1 
849 181 10 25 0.5267617106437683 1 -1 -1 
946 239 16 19 0.5246618986129761 2 -1 -1 
1094 238 40 25 0.5159654021263123 10 -1 -1 
730 61 53 23 0.5142789483070374 5 -1 -1 
56 209 22 27 0.49891024827957153 10 -1 -1 
448 735 24 27 0.49855175614356995 1 -1 -1 
558 15 5 12 0.4971131384372711 1 -1 -1 
822 219 10 26 0.4927768409252167 1 -1 -1 
831 183 11 26 0.49242427945137024 1 -1 -1 
529 5 27 35 0.4878183901309967 4 -1 -1 
502 161 15 25 0.4872731566429138 2 -1 -1 
300 259 70 40 0.48663192987442017 8 -1 -1 
931 210 11 18 0.4843510091304779 2 -1 -1 
905 252 14 25 0.4807107448577881 2 -1 -1 
829 222 13 32 0.4771704077720642 1 -1 -1 
943 238 16 17 0.47659075260162354 2 -1 -1 
861 257 15 17 0.4748230576515198 3 -1 -1 
647 96 8 18 0.47099414467811584 2 -1 -1 
849 249 13 26 0.46921947598457336 10 -1 -1 
740 46 44 21 0.46869271993637085 5 -1 -1 
243 204 20 28 0.466106653213501 10 -1 -1 
482 245 13 28 0.4656832218170166 2 -1 -1 
395 170 13 32 0.4578692615032196 1 -1 -1 
676 24 6 17 0.4576924741268158 1 -1 -1 
1101 231 28 21 0.45560625195503235 10 -1 -1 
942 214 10 21 0.4545271098613739 2 -1 -1 
826 140 21 19 0.45131364464759827 10 -1 -1 
1101 240 30 19 0.4487530589103699 10 -1 -1 
601 390 182 180 0.43578609824180603 4 -1 -1 
858 234 12 20 0.4354296624660492 2 -1 -1 
853 238 17 18 0.43463078141212463 10 -1 -1 
772 178 16 20 0.43369707465171814 10 -1 -1 
1078 222 27 19 0.4303785562515259 10 -1 -1 
689 26 6 14 0.42561301589012146 1 -1 -1 
127 738 33 26 0.4253217875957489 10 -1 -1 
0 217 29 30 0.4232742488384247 10 -1 -1 
893 264 32 19 0.4228420555591583 10 -1 -1 
971 202 14 26 0.4160939157009125 1 -1 -1 
529 5 27 35 0.4153759181499481 10 -1 -1 
646 96 8 20 0.4151572585105896 1 -1 -1 
38 216 26 21 0.4150390326976776 10 -1 -1 
102 206 31 29 0.4137231409549713 10 -1 -1 
744 113 52 30 0.4126212000846863 8 -1 -1 
84 218 18 23 0.41148465871810913 2 -1 -1 
245 213 18 20 0.41080790758132935 10 -1 -1 
918 222 14 24 0.4087073802947998 2 -1 -1 
832 191 48 52 0.4081821143627167 8 -1 -1 
675 20 8 18 0.40664491057395935 1 -1 -1 
841 151 20 20 0.4040076434612274 10 -1 -1 
0 240 69 41 0.4039253294467926 5 -1 -1 
898 268 30 19 0.40123534202575684 10 -1 -1 
592 0 18 19 0.40084269642829895 5 -1 -1 
111 212 38 30 0.39915159344673157 10 -1 -1 
849 181 10 22 0.3991302251815796 2 -1 -1 
800 65 9 14 0.398781418800354 1 -1 -1 
788 180 47 55 0.3984338641166687 8 -1 -1 
876 183 25 24 0.3978111147880554 3 -1 -1 
632 29 7 15 0.39683496952056885 2 -1 -1 
1181 315 123 52 0.3935185670852661 4 -1 -1 
485 77 28 23 0.39316844940185547 4 -1 -1 
22 213 23 23 0.39268890023231506 10 -1 -1 
486 258 23 24 0.39195021986961365 10 -1 -1 
46 558 36 46 0.3918975293636322 10 -1 -1 
44 563 41 42 0.3908114433288574 2 -1 -1 
754 83 55 23 0.3902079463005066 4 -1 -1 
481 245 12 21 0.39004579186439514 2 -1 -1 
353 722 31 41 0.38894641399383545 3 -1 -1 
746 93 50 26 0.3859264850616455 4 -1 -1 
108 208 34 28 0.3856128454208374 10 -1 -1 
479 194 14 27 0.3848945200443268 1 -1 -1 
850 245 12 25 0.38369259238243103 2 -1 -1 
722 28 51 20 0.3828517496585846 5 -1 -1 
563 27 7 15 0.38121452927589417 1 -1 -1 
755 77 46 18 0.3806837797164917 5 -1 -1 
972 252 14 19 0.37795940041542053 2 -1 -1 
927 211 15 21 0.37698525190353394 2 -1 -1 
742 132 10 24 0.3735834062099457 1 -1 -1 
882 239 36 29 0.37240153551101685 10 -1 -1 
1054 267 24 24 0.3704927861690521 10 -1 -1 
122 580 42 42 0.3689185082912445 10 -1 -1 
815 224 9 22 0.3686734139919281 1 -1 -1 
529 5 27 36 0.3667979836463928 1 -1 -1 
523 82 19 27 0.3667008578777313 7 -1 -1 
1097 226 24 21 0.36633312702178955 10 -1 -1 
0 214 22 29 0.36560124158859253 10 -1 -1 
819 220 11 26 0.3655524253845215 1 -1 -1 
529 5 27 36 0.36487287282943726 5 -1 -1 
577 2 6 10 0.3643602728843689 2 -1 -1 
529 5 27 35 0.3614846169948578 3 -1 -1 
483 60 30 36 0.3550480902194977 4 -1 -1 
529 5 27 35 0.35260388255119324 7 -1 -1 
1079 220 38 21 0.3479316830635071 7 -1 -1 
605 390 177 181 0.34687432646751404 10 -1 -1 
529 5 27 36 0.34408047795295715 2 -1 -1 
529 5 27 36 0.33830973505973816 6 -1 -1 
601 391 182 179 0.33799979090690613 5 -1 -1 
601 390 182 180 0.3244023621082306 3 -1 -1 
601 390 182 180 0.3083653748035431 1 -1 -1 
601 390 182 180 0.299209862947464 7 -1 -1 
-2 240 71 41 0.2985851466655731 6 -1 -1 
16 210 31 29 0.28642579913139343 10 -1 -1 
231 202 31 30 0.28556159138679504 10 -1 -1 
601 391 182 179 0.2832065522670746 6 -1 -1 
529 5 27 35 0.2830999493598938 8 -1 -1 
605 390 177 181 0.2730115056037903 2 -1 -1 
5 214 35 31 0.2694026529788971 10 -1 -1 
1205 303 108 45 0.26883774995803833 5 -1 -1 
1046 264 31 32 0.26784518361091614 10 -1 -1 
73 215 31 29 0.2664353847503662 10 -1 -1 
889 251 32 26 0.26574453711509705 10 -1 -1 
1094 232 36 25 0.25898057222366333 10 -1 -1 
968 199 20 36 0.2563990652561188 1 -1 -1 
763 90 96 42 0.25378501415252686 5 -1 -1 
299 259 72 41 0.2507750391960144 5 -1 -1 
1094 239 38 26 0.25000065565109253 3 -1 -1 
601 390 182 180 0.24154368042945862 8 -1 -1 
875 183 30 29 0.23635290563106537 10 -1 -1 
744 88 85 36 0.23226165771484375 6 -1 -1 
784 173 40 42 0.22965851426124573 4 -1 -1 
78 219 32 29 0.22648870944976807 10 -1 -1 
797 189 40 52 0.22154532372951508 5 -1 -1 
880 212 40 36 0.22025474905967712 8 -1 -1 
832 191 48 52 0.21771296858787537 4 -1 -1 
1042 260 35 26 0.21102014183998108 10 -1 -1 
483 60 29 35 0.21058762073516846 5 -1 -1 
767 162 65 17 0.21017324924468994 4 -1 -1 
893 263 38 23 0.20788852870464325 7 -1 -1 
882 239 36 29 0.20728449523448944 7 -1 -1 
27 210 33 28 0.2069050520658493 10 -1 -1 
1055 264 25 36 0.2055787891149521 10 -1 -1 
43 208 31 29 0.201509028673172 10 -1 -1 
495 30 31 26 0.19940344989299774 4 -1 -1 
892 268 67 36 0.1964407116174698 8 -1 -1 
783 178 56 63 0.19621580839157104 5 -1 -1 
803 186 59 57 0.19241954386234283 5 -1 -1 
1087 225 35 23 0.1892947554588318 7 -1 -1 
63 208 33 29 0.18828821182250977 10 -1 -1 
0 308 76 48 0.18807943165302277 5 -1 -1 
-2 455 53 58 0.18711799383163452 5 -1 -1 
675 -1 93 31 0.18183062970638275 9 -1 -1 
971 241 28 30 0.1806827336549759 3 -1 -1 
1078 219 37 23 0.179691344499588 8 -1 -1 
881 232 37 26 0.1788116991519928 8 -1 -1 
875 182 29 30 0.17849093675613403 7 -1 -1 
1103 228 35 27 0.17767831683158875 10 -1 -1 
881 232 37 26 0.17651434242725372 10 -1 -1 
1181 315 123 52 0.17268706858158112 6 -1 -1 
72 734 116 29 0.1723305881023407 10 -1 -1 
27 210 33 28 0.17200160026550293 3 -1 -1 
892 263 36 22 0.17176862061023712 3 -1 -1 
1 222 37 28 0.17167124152183533 10 -1 -1 
1107 234 34 27 0.17130868136882782 10 -1 -1 
1079 220 39 22 0.1699521541595459 10 -1 -1 
881 232 37 26 0.16971121728420258 7 -1 -1 
1050 268 25 34 0.16893084347248077 1 -1 -1 
769 171 31 29 0.16324549913406372 10 -1 -1 
1181 315 123 52 0.16195295751094818 5 -1 -1 
22 205 31 30 0.16162408888339996 10 -1 -1 
98 96 61 49 0.16050001978874207 4 -1 -1 
877 231 32 33 0.1594974547624588 10 -1 -1 
19 210 30 29 0.15934288501739502 3 -1 -1 
246 295 112 44 0.1592606157064438 5 -1 -1 
971 241 28 30 0.15711095929145813 10 -1 -1 
1094 237 40 26 0.15698599815368652 7 -1 -1 
482 83 24 34 0.15620329976081848 4 -1 -1 
858 166 34 24 0.15447276830673218 7 -1 -1 
1096 225 34 24 0.1506226509809494 10 -1 -1 
877 233 19 37 0.1502370536327362 1 -1 -1 
879 206 29 39 0.1500759869813919 8 -1 -1 
501 163 23 34 0.14976438879966736 8 -1 -1 
1273 250 25 30 0.14822176098823547 3 -1 -1 
772 171 35 30 0.1479540318250656 8 -1 -1 
1275 371 84 51 0.14195209741592407 5 -1 -1 
33 205 33 30 0.1414686143398285 10 -1 -1 
979 245 29 32 0.14131787419319153 10 -1 -1 
767 162 65 17 0.14117738604545593 5 -1 -1 
979 245 29 32 0.1402885615825653 3 -1 -1 
1102 240 38 27 0.1393386721611023 10 -1 -1 
395 167 22 37 0.13927337527275085 1 -1 -1 
788 183 52 60 0.09531822800636292 6 -1 -1 
782 174 56 64 0.07237135618925095 4 -1 -1 
783 188 56 61 0.06417886167764664 9 -1 -1 
802 181 67 58 0.05597711727023125 4 -1 -1 
780 169 63 50 0.05164922773838043 5 -1 -1 
823 187 58 55 0.05114615336060524 6 -1 -1 
794 185 48 58 0.05062423273921013 4 -1 -1 
772 170 55 69 0.050494518131017685 8 -1 -1 
