31 426 33 61 0.9476528763771057 3 -1 -1 
502 510 34 84 0.9364784955978394 1 -1 -1 
904 222 69 39 0.8825898766517639 4 -1 -1 
954 624 231 141 0.8791128396987915 4 -1 -1 
1186 285 134 47 0.8783041834831238 4 -1 -1 
999 506 153 112 0.8402830362319946 4 -1 -1 
539 216 45 42 0.7940688133239746 4 -1 -1 
1236 201 90 42 0.7848603129386902 4 -1 -1 
954 455 41 61 0.740507960319519 10 -1 -1 
619 122 26 22 0.7216425538063049 4 -1 -1 
538 191 40 36 0.6944630146026611 4 -1 -1 
340 448 40 65 0.6903867125511169 10 -1 -1 
342 429 36 60 0.6861801147460938 2 -1 -1 
364 117 28 22 0.6836225986480713 4 -1 -1 
782 142 33 26 0.6823787689208984 4 -1 -1 
30 403 34 66 0.6682868599891663 2 -1 -1 
555 76 18 19 0.6283565163612366 6 -1 -1 
834 481 48 62 0.6187650561332703 10 -1 -1 
957 444 36 58 0.6179654002189636 2 -1 -1 
485 236 23 30 0.6099169254302979 2 -1 -1 
871 200 53 35 0.6097407937049866 4 -1 -1 
834 465 40 70 0.6014451384544373 2 -1 -1 
482 245 31 31 0.57246994972229 10 -1 -1 
1064 285 40 23 0.5552115440368652 10 -1 -1 
247 198 17 30 0.5176393985748291 2 -1 -1 
1070 266 18 31 0.5032761096954346 2 -1 -1 
1173 196 16 31 0.48587530851364136 1 -1 -1 
523 67 17 14 0.48335880041122437 4 -1 -1 
288 192 14 31 0.4828666150569916 2 -1 -1 
288 198 14 28 0.46805453300476074 10 -1 -1 
434 225 19 37 0.4590884745121002 2 -1 -1 
246 208 21 26 0.4489508867263794 10 -1 -1 
1174 196 14 26 0.4361661970615387 2 -1 -1 
667 74 29 28 0.4265114367008209 5 -1 -1 
842 176 42 38 0.42023855447769165 4 -1 -1 
486 235 17 24 0.4112829566001892 2 -1 -1 
434 225 18 38 0.40344369411468506 1 -1 -1 
396 96 26 20 0.40195563435554504 4 -1 -1 
484 237 25 33 0.39625993371009827 10 -1 -1 
1308 200 50 44 0.39212310314178467 4 -1 -1 
1064 280 27 26 0.38202226161956787 10 -1 -1 
287 193 16 32 0.37510916590690613 1 -1 -1 
835 474 30 57 0.36355793476104736 2 -1 -1 
1174 197 14 29 0.3591938316822052 10 -1 -1 
1173 198 15 28 0.3548586070537567 3 -1 -1 
666 74 30 30 0.34967610239982605 9 -1 -1 
950 477 45 40 0.34615400433540344 10 -1 -1 
555 76 18 19 0.3452373743057251 4 -1 -1 
1072 266 14 23 0.3375231921672821 2 -1 -1 
1262 218 17 28 0.3332451283931732 1 -1 -1 
490 239 21 32 0.33288517594337463 2 -1 -1 
245 209 22 25 0.32892704010009766 3 -1 -1 
1115 180 12 31 0.32379570603370667 1 -1 -1 
480 243 22 33 0.3145143389701843 10 -1 -1 
400 93 8 14 0.31175166368484497 2 -1 -1 
30 403 34 66 0.30887797474861145 1 -1 -1 
433 238 19 34 0.307298868894577 10 -1 -1 
667 74 29 27 0.304332435131073 8 -1 -1 
347 421 25 49 0.3023374080657959 2 -1 -1 
249 204 14 27 0.29102835059165955 10 -1 -1 
571 94 8 9 0.28776800632476807 10 -1 -1 
396 99 18 16 0.28357169032096863 4 -1 -1 
340 449 40 63 0.2812805473804474 3 -1 -1 
498 245 14 26 0.28117212653160095 2 -1 -1 
1068 274 21 29 0.2773285210132599 2 -1 -1 
1064 286 40 22 0.27567777037620544 3 -1 -1 
555 76 18 19 0.27365705370903015 5 -1 -1 
1069 280 17 21 0.26886260509490967 2 -1 -1 
1236 201 90 41 0.26751258969306946 5 -1 -1 
396 100 18 16 0.26685842871665955 10 -1 -1 
342 428 35 60 0.26369765400886536 1 -1 -1 
340 450 40 63 0.26297318935394287 7 -1 -1 
950 477 45 40 0.26110008358955383 7 -1 -1 
665 74 31 29 0.2607995569705963 6 -1 -1 
571 91 7 10 0.2594381868839264 2 -1 -1 
56 422 54 101 0.2593920826911926 8 -1 -1 
433 236 18 34 0.2532871663570404 1 -1 -1 
398 94 10 18 0.24894000589847565 2 -1 -1 
287 200 16 29 0.2478174865245819 3 -1 -1 
835 465 39 69 0.2469329833984375 10 -1 -1 
834 464 40 69 0.24447442591190338 1 -1 -1 
968 444 26 50 0.2413157969713211 2 -1 -1 
838 493 36 49 0.2394254505634308 10 -1 -1 
1329 203 29 42 0.23736301064491272 4 -1 -1 
56 422 54 101 0.23397979140281677 6 -1 -1 
1070 266 18 31 0.23075787723064423 1 -1 -1 
812 128 28 26 0.2262156456708908 4 -1 -1 
342 429 36 60 0.22480587661266327 10 -1 -1 
247 199 17 29 0.22409281134605408 1 -1 -1 
31 403 33 67 0.22162160277366638 3 -1 -1 
1262 218 17 28 0.22134394943714142 2 -1 -1 
959 444 34 58 0.22050221264362335 1 -1 -1 
667 74 29 28 0.21995589137077332 4 -1 -1 
251 205 14 25 0.21986745297908783 2 -1 -1 
555 76 18 19 0.21985158324241638 8 -1 -1 
816 177 71 39 0.21727412939071655 4 -1 -1 
29 419 34 68 0.21676446497440338 2 -1 -1 
998 506 154 112 0.21662314236164093 5 -1 -1 
481 239 22 32 0.2153327614068985 2 -1 -1 
516 69 25 23 0.21436849236488342 4 -1 -1 
365 116 27 22 0.21354877948760986 5 -1 -1 
433 226 19 39 0.21130718290805817 10 -1 -1 
962 455 30 58 0.21103854477405548 2 -1 -1 
396 98 14 17 0.21063314378261566 2 -1 -1 
502 510 34 84 0.2069340944290161 4 -1 -1 
958 444 36 59 0.20062099397182465 10 -1 -1 
488 242 16 25 0.19924122095108032 2 -1 -1 
433 233 18 37 0.19916871190071106 2 -1 -1 
644 74 53 34 0.19243653118610382 6 -1 -1 
999 506 153 113 0.1915678083896637 6 -1 -1 
1256 229 23 19 0.19153223931789398 10 -1 -1 
396 102 13 14 0.19015157222747803 10 -1 -1 
555 76 18 19 0.1899837702512741 7 -1 -1 
433 239 19 33 0.18780869245529175 3 -1 -1 
494 243 15 27 0.1872631460428238 2 -1 -1 
519 62 22 25 0.18572360277175903 4 -1 -1 
395 94 28 22 0.1844213902950287 10 -1 -1 
833 483 48 60 0.1839311569929123 2 -1 -1 
688 97 31 21 0.18138551712036133 4 -1 -1 
481 253 25 26 0.17710259556770325 10 -1 -1 
59 423 54 101 0.17699040472507477 5 -1 -1 
343 447 27 57 0.1762126386165619 10 -1 -1 
619 122 26 22 0.17601144313812256 5 -1 -1 
950 477 45 40 0.17477428913116455 8 -1 -1 
246 208 21 26 0.17470602691173553 2 -1 -1 
956 477 38 32 0.17406567931175232 2 -1 -1 
485 236 23 30 0.17367948591709137 1 -1 -1 
396 99 18 16 0.17336489260196686 7 -1 -1 
665 73 8 21 0.17246605455875397 1 -1 -1 
506 12 41 25 0.17131665349006653 4 -1 -1 
648 72 10 26 0.1712653785943985 1 -1 -1 
340 446 39 66 0.17075945436954498 2 -1 -1 
347 421 25 49 0.16899769008159637 1 -1 -1 
954 457 41 59 0.1676972657442093 3 -1 -1 
348 421 20 36 0.1670284867286682 2 -1 -1 
440 225 12 33 0.16592946648597717 1 -1 -1 
489 234 16 19 0.16588358581066132 2 -1 -1 
1071 282 18 22 0.1652999371290207 2 -1 -1 
850 175 44 35 0.16505937278270721 4 -1 -1 
813 150 55 24 0.16435770690441132 4 -1 -1 
399 93 13 16 0.16049787402153015 2 -1 -1 
563 1 12 11 0.15856687724590302 4 -1 -1 
433 240 13 27 0.15852375328540802 1 -1 -1 
340 433 26 55 0.1585126370191574 2 -1 -1 
1068 274 24 31 0.1584634929895401 3 -1 -1 
481 238 15 24 0.15823954343795776 2 -1 -1 
857 187 60 37 0.15806031227111816 4 -1 -1 
487 233 22 23 0.15791624784469604 2 -1 -1 
1172 204 13 22 0.1570773422718048 3 -1 -1 
904 221 69 40 0.1537695825099945 5 -1 -1 
955 442 31 45 0.15367747843265533 2 -1 -1 
493 245 21 30 0.15343813598155975 2 -1 -1 
1072 266 14 23 0.15338662266731262 1 -1 -1 
816 131 37 21 0.15100476145744324 4 -1 -1 
1256 229 23 19 0.15027354657649994 3 -1 -1 
1118 184 12 26 0.14887163043022156 1 -1 -1 
1076 205 18 31 0.1472664326429367 3 -1 -1 
413 91 12 25 0.14620934426784515 1 -1 -1 
246 208 21 26 0.1453859806060791 1 -1 -1 
812 147 26 22 0.1448555737733841 4 -1 -1 
829 478 36 64 0.14300239086151123 10 -1 -1 
1174 196 14 21 0.14260439574718475 1 -1 -1 
834 481 48 62 0.14206384122371674 3 -1 -1 
495 243 18 29 0.1406562626361847 10 -1 -1 
434 240 14 25 0.14002923667430878 2 -1 -1 
413 76 11 22 0.1398286670446396 4 -1 -1 
807 150 71 35 0.13832199573516846 4 -1 -1 
418 71 37 16 0.1362372785806656 4 -1 -1 
1068 273 32 33 0.1352684497833252 10 -1 -1 
239 211 26 25 0.13394545018672943 10 -1 -1 
30 425 34 62 0.13296952843666077 1 -1 -1 
952 622 233 142 0.13249345123767853 10 -1 -1 
954 453 41 63 0.13200195133686066 1 -1 -1 
952 623 234 141 0.12399481236934662 5 -1 -1 
1187 286 135 47 0.11309927701950073 9 -1 -1 
952 622 233 142 0.09004203975200653 1 -1 -1 
62 421 49 109 0.08920356631278992 1 -1 -1 
648 73 50 35 0.08880463987588882 8 -1 -1 
63 421 54 109 0.08539547026157379 9 -1 -1 
1187 286 135 47 0.08431515842676163 10 -1 -1 
648 74 50 35 0.07886449992656708 9 -1 -1 
57 422 55 108 0.07671570777893066 7 -1 -1 
1186 286 135 47 0.07579031586647034 5 -1 -1 
648 74 50 35 0.07538316398859024 4 -1 -1 
952 622 233 142 0.07473872601985931 7 -1 -1 
954 624 231 141 0.07463014125823975 9 -1 -1 
57 422 55 108 0.07203451544046402 3 -1 -1 
1187 286 135 47 0.07100655138492584 1 -1 -1 
23 423 83 115 0.06470630317926407 9 -1 -1 
1186 286 135 47 0.06457164138555527 6 -1 -1 
650 76 63 39 0.05916978418827057 6 -1 -1 
952 622 233 142 0.05892882123589516 8 -1 -1 
646 73 51 35 0.055070098489522934 7 -1 -1 
954 624 231 141 0.05475109443068504 6 -1 -1 
60 421 53 106 0.05114519223570824 2 -1 -1 
