634 40 28 37 0.9672858119010925 8 -1 -1 
1168 336 192 83 0.9336248636245728 4 -1 -1 
613 164 60 62 0.9322458505630493 4 -1 -1 
713 198 70 70 0.928951621055603 4 -1 -1 
325 418 121 163 0.9257503151893616 4 -1 -1 
603 335 90 119 0.9227191805839539 4 -1 -1 
587 60 44 43 0.8990491628646851 4 -1 -1 
189 151 18 51 0.8848719000816345 1 -1 -1 
1165 399 194 98 0.866252064704895 4 -1 -1 
653 584 148 180 0.8598129749298096 4 -1 -1 
297 127 23 51 0.8494232296943665 1 -1 -1 
1089 305 78 44 0.8327579498291016 10 -1 -1 
977 147 20 47 0.8243736028671265 1 -1 -1 
754 42 46 45 0.8036146759986877 4 -1 -1 
709 121 20 35 0.7484129667282104 10 -1 -1 
15 177 26 55 0.7344108819961548 1 -1 -1 
690 80 16 28 0.7084547281265259 10 -1 -1 
709 112 20 33 0.7069653272628784 2 -1 -1 
690 71 16 29 0.6714369058609009 2 -1 -1 
876 123 19 47 0.567522406578064 1 -1 -1 
887 118 17 46 0.5640352964401245 1 -1 -1 
1122 291 25 52 0.47648176550865173 2 -1 -1 
1118 317 47 31 0.45441392064094543 10 -1 -1 
875 126 14 46 0.385803759098053 1 -1 -1 
665 6 21 28 0.3471934497356415 10 -1 -1 
666 6 20 28 0.33095505833625793 2 -1 -1 
1166 340 195 138 0.32931092381477356 4 -1 -1 
1093 297 74 51 0.3169160783290863 2 -1 -1 
1117 317 34 31 0.28214359283447266 2 -1 -1 
668 19 13 15 0.2805107831954956 2 -1 -1 
711 112 18 33 0.2769615054130554 1 -1 -1 
1116 294 28 63 0.275129109621048 2 -1 -1 
634 40 28 37 0.26194754242897034 5 -1 -1 
1117 317 32 31 0.25776684284210205 1 -1 -1 
886 134 10 32 0.25674331188201904 1 -1 -1 
690 71 16 28 0.25645413994789124 1 -1 -1 
892 127 13 35 0.23851916193962097 1 -1 -1 
635 40 27 37 0.23782168328762054 4 -1 -1 
634 40 28 37 0.22332517802715302 7 -1 -1 
1122 291 25 52 0.21611131727695465 1 -1 -1 
635 40 27 37 0.20892055332660675 2 -1 -1 
709 121 20 35 0.1991099864244461 3 -1 -1 
1108 292 46 49 0.19867900013923645 10 -1 -1 
877 138 11 33 0.19452796876430511 1 -1 -1 
876 109 28 61 0.19421057403087616 1 -1 -1 
1111 300 26 45 0.19369958341121674 2 -1 -1 
669 3 15 24 0.19345074892044067 2 -1 -1 
1111 294 44 48 0.19231845438480377 2 -1 -1 
1118 324 38 27 0.187483012676239 10 -1 -1 
666 6 20 28 0.18684326112270355 1 -1 -1 
882 131 15 38 0.17482195794582367 1 -1 -1 
666 6 15 23 0.1745537519454956 2 -1 -1 
1127 290 23 43 0.17389686405658722 2 -1 -1 
879 121 19 47 0.17152030766010284 2 -1 -1 
3 314 23 15 0.16924571990966797 3 -1 -1 
15 177 27 55 0.16664503514766693 2 -1 -1 
1257 423 100 66 0.1614762246608734 4 -1 -1 
324 417 121 164 0.15751871466636658 5 -1 -1 
754 42 46 45 0.15472672879695892 5 -1 -1 
1166 396 193 108 0.15356861054897308 5 -1 -1 
885 116 18 49 0.15066640079021454 2 -1 -1 
1089 305 78 44 0.14950260519981384 4 -1 -1 
634 40 28 37 0.14652970433235168 1 -1 -1 
634 40 28 37 0.14601892232894897 3 -1 -1 
888 130 12 35 0.14459297060966492 1 -1 -1 
782 61 11 28 0.14360086619853973 1 -1 -1 
690 71 16 28 0.14343447983264923 10 -1 -1 
1167 420 90 76 0.1432744264602661 4 -1 -1 
15 177 23 33 0.14015868306159973 2 -1 -1 
690 80 16 28 0.13985416293144226 3 -1 -1 
1165 400 195 106 0.13973313570022583 9 -1 -1 
891 116 18 45 0.13890600204467773 1 -1 -1 
694 86 13 23 0.13422878086566925 10 -1 -1 
1104 297 39 36 0.1315988004207611 2 -1 -1 
1117 317 21 30 0.1309630125761032 2 -1 -1 
1257 423 100 66 0.13064640760421753 5 -1 -1 
602 335 90 119 0.13012312352657318 5 -1 -1 
189 152 18 50 0.13004527986049652 4 -1 -1 
613 165 60 61 0.12558968365192413 1 -1 -1 
710 112 19 33 0.12549062073230743 10 -1 -1 
1168 336 192 83 0.12492604553699493 1 -1 -1 
666 7 20 28 0.12415342777967453 3 -1 -1 
1118 317 47 31 0.12411674857139587 7 -1 -1 
889 119 12 33 0.12384554743766785 1 -1 -1 
667 15 14 19 0.12379539757966995 10 -1 -1 
713 198 70 70 0.12364710122346878 5 -1 -1 
716 112 13 29 0.12249288707971573 2 -1 -1 
874 115 17 47 0.12102652341127396 1 -1 -1 
690 80 16 28 0.11831928044557571 2 -1 -1 
297 127 23 51 0.11594802886247635 4 -1 -1 
325 418 120 163 0.1143781915307045 1 -1 -1 
1114 295 28 55 0.11337736248970032 1 -1 -1 
1117 317 45 31 0.11212962120771408 3 -1 -1 
1030 282 116 48 0.11190291494131088 6 -1 -1 
1117 317 30 31 0.11128523200750351 10 -1 -1 
1114 291 33 34 0.11098787933588028 2 -1 -1 
668 13 15 20 0.1106439009308815 2 -1 -1 
654 584 145 180 0.11052052676677704 10 -1 -1 
1088 305 80 44 0.10940171778202057 7 -1 -1 
22 184 22 48 0.10845082253217697 1 -1 -1 
1030 282 116 48 0.10785262286663055 4 -1 -1 
634 40 28 37 0.10729686915874481 10 -1 -1 
713 198 70 70 0.10716228932142258 1 -1 -1 
1088 305 80 44 0.10683348774909973 3 -1 -1 
1117 317 43 31 0.10652022063732147 8 -1 -1 
1093 297 74 51 0.10594602674245834 1 -1 -1 
602 335 90 119 0.10308019816875458 1 -1 -1 
1117 317 28 21 0.10216697305440903 1 -1 -1 
879 131 11 37 0.09853526949882507 1 -1 -1 
709 121 20 35 0.09779595583677292 4 -1 -1 
880 101 29 63 0.09738203138113022 1 -1 -1 
670 4 14 24 0.09625674039125443 1 -1 -1 
587 60 44 43 0.09606124460697174 1 -1 -1 
1167 400 189 96 0.09571927785873413 6 -1 -1 
977 147 20 47 0.09488055855035782 4 -1 -1 
664 14 15 19 0.09431707113981247 2 -1 -1 
1127 290 23 43 0.09371169656515121 1 -1 -1 
880 111 20 48 0.09349428117275238 1 -1 -1 
1165 400 193 97 0.09117493033409119 1 -1 -1 
1125 317 44 21 0.09101704508066177 10 -1 -1 
692 73 17 33 0.08946871757507324 10 -1 -1 
1076 287 96 62 0.08876827359199524 10 -1 -1 
877 137 11 34 0.08840056508779526 3 -1 -1 
1035 284 131 57 0.08838340640068054 7 -1 -1 
1108 299 31 38 0.08787078410387039 1 -1 -1 
613 164 60 62 0.08747772127389908 5 -1 -1 
877 125 17 46 0.08568506687879562 3 -1 -1 
692 73 17 33 0.08431696146726608 2 -1 -1 
1166 331 199 96 0.08397390693426132 9 -1 -1 
325 417 121 164 0.08345179259777069 9 -1 -1 
775 48 20 38 0.08335168659687042 1 -1 -1 
885 125 13 36 0.08319345861673355 1 -1 -1 
1117 317 19 35 0.08300156891345978 1 -1 -1 
713 198 70 70 0.08230141550302505 9 -1 -1 
890 121 15 42 0.08210601657629013 2 -1 -1 
754 42 46 45 0.08133397251367569 1 -1 -1 
587 60 44 43 0.08126397430896759 5 -1 -1 
603 335 90 119 0.08036021143198013 9 -1 -1 
1168 336 192 83 0.08033525198698044 5 -1 -1 
666 6 15 23 0.07993214577436447 1 -1 -1 
875 114 20 51 0.07992071658372879 2 -1 -1 
877 129 17 42 0.07968796789646149 2 -1 -1 
8 311 12 15 0.07931837439537048 3 -1 -1 
713 198 70 70 0.07918348163366318 10 -1 -1 
603 335 90 119 0.07876316457986832 10 -1 -1 
982 146 20 44 0.07806145399808884 1 -1 -1 
1043 281 128 61 0.0776306614279747 9 -1 -1 
1132 289 24 37 0.07742837816476822 2 -1 -1 
668 19 13 15 0.07727604359388351 1 -1 -1 
1167 395 194 107 0.07719120383262634 10 -1 -1 
714 124 14 31 0.07631418853998184 2 -1 -1 
0 226 18 35 0.07534130662679672 1 -1 -1 
1111 294 44 48 0.07533625513315201 1 -1 -1 
782 61 11 28 0.07512947171926498 2 -1 -1 
694 70 12 23 0.07454226911067963 2 -1 -1 
882 125 13 36 0.07401182502508163 1 -1 -1 
690 80 16 28 0.07397445291280746 4 -1 -1 
885 135 18 35 0.0733921155333519 1 -1 -1 
613 165 60 60 0.07338261604309082 9 -1 -1 
653 583 148 181 0.07319074869155884 1 -1 -1 
710 121 19 35 0.07312977313995361 7 -1 -1 
1119 317 30 20 0.07252370566129684 10 -1 -1 
1110 292 37 38 0.07246550917625427 1 -1 -1 
1028 284 116 47 0.07231733947992325 9 -1 -1 
1224 469 35 30 0.07193513959646225 2 -1 -1 
1095 302 39 35 0.0714837983250618 2 -1 -1 
1166 340 195 138 0.07127626985311508 9 -1 -1 
879 121 11 32 0.07051200419664383 1 -1 -1 
14 177 22 38 0.070177361369133 1 -1 -1 
634 40 28 37 0.06988444924354553 9 -1 -1 
1061 266 8 20 0.06978978961706161 1 -1 -1 
652 582 149 181 0.06953908503055573 9 -1 -1 
653 584 147 180 0.06822163611650467 5 -1 -1 
189 151 18 51 0.06780466437339783 2 -1 -1 
3 313 22 15 0.06738422065973282 10 -1 -1 
886 137 10 28 0.06717819720506668 2 -1 -1 
978 142 33 52 0.06672235578298569 1 -1 -1 
849 0 7 8 0.06665103882551193 1 -1 -1 
881 107 20 50 0.06660706549882889 2 -1 -1 
887 118 12 29 0.06645902246236801 1 -1 -1 
876 144 16 29 0.06633587926626205 1 -1 -1 
694 86 13 23 0.06630641222000122 3 -1 -1 
977 147 20 47 0.0661034807562828 2 -1 -1 
613 165 60 61 0.06608732044696808 10 -1 -1 
887 115 18 49 0.06521502882242203 10 -1 -1 
325 418 121 163 0.06473387777805328 10 -1 -1 
1118 317 33 14 0.06471996009349823 2 -1 -1 
1119 317 46 26 0.06441335380077362 2 -1 -1 
980 142 18 40 0.06412827968597412 1 -1 -1 
1166 340 195 138 0.06398966163396835 5 -1 -1 
1164 412 129 90 0.06372305750846863 4 -1 -1 
324 418 121 163 0.06347805261611938 6 -1 -1 
1169 337 189 82 0.06323686987161636 6 -1 -1 
666 6 20 28 0.06302445381879807 7 -1 -1 
1108 292 46 49 0.06288807839155197 3 -1 -1 
753 2 15 21 0.06250189989805222 3 -1 -1 
710 120 20 36 0.06246444955468178 1 -1 -1 
7 182 34 61 0.062463924288749695 1 -1 -1 
714 114 18 39 0.06233752518892288 10 -1 -1 
1252 446 107 48 0.06211873143911362 4 -1 -1 
708 119 20 37 0.062027838081121445 2 -1 -1 
689 67 19 27 0.06199291720986366 2 -1 -1 
1252 446 107 48 0.061793580651283264 5 -1 -1 
17 181 27 51 0.061766039580106735 3 -1 -1 
877 124 20 47 0.061447713524103165 10 -1 -1 
1118 317 33 14 0.06140488013625145 1 -1 -1 
890 138 11 27 0.06123191490769386 1 -1 -1 
15 178 27 54 0.061094049364328384 4 -1 -1 
785 11 9 17 0.06105770543217659 3 -1 -1 
1119 304 35 44 0.061016492545604706 10 -1 -1 
1030 282 116 48 0.060810647904872894 5 -1 -1 
887 115 18 49 0.06062240153551102 3 -1 -1 
28 195 18 37 0.060452427715063095 1 -1 -1 
297 127 23 51 0.060324087738990784 2 -1 -1 
1086 289 70 46 0.06025572493672371 10 -1 -1 
1101 292 52 48 0.05939554050564766 7 -1 -1 
690 80 16 28 0.05925878882408142 7 -1 -1 
17 179 36 56 0.05922406166791916 1 -1 -1 
587 60 44 43 0.05738784372806549 9 -1 -1 
325 418 121 163 0.05735266953706741 7 -1 -1 
709 112 20 33 0.0570647269487381 3 -1 -1 
587 60 44 43 0.05693603307008743 10 -1 -1 
603 335 90 119 0.05667548254132271 7 -1 -1 
690 71 16 28 0.056383054703474045 3 -1 -1 
865 113 32 58 0.05589282512664795 1 -1 -1 
877 107 20 40 0.05500904470682144 1 -1 -1 
1169 332 189 51 0.05463682860136032 4 -1 -1 
21 177 43 54 0.05402767285704613 9 -1 -1 
1246 412 111 59 0.05381260812282562 4 -1 -1 
713 198 70 70 0.05309446528553963 7 -1 -1 
187 151 24 53 0.0529765821993351 9 -1 -1 
880 117 20 50 0.05296196788549423 3 -1 -1 
613 165 60 61 0.0516909584403038 7 -1 -1 
754 42 46 45 0.05128318816423416 6 -1 -1 
1166 340 195 138 0.0511278472840786 10 -1 -1 
879 103 30 61 0.050968024879693985 2 -1 -1 
1218 430 141 79 0.050228577107191086 4 -1 -1 
1076 287 96 62 0.050170786678791046 7 -1 -1 
