577 19 30 93 0.9990748167037964 9 -1 -1 
1080 702 77 34 0.986129105091095 6 -1 -1 
208 125 40 27 0.9843557476997375 5 -1 -1 
48 593 73 27 0.9446389079093933 5 -1 -1 
1104 419 29 57 0.9422228336334229 5 -1 -1 
137 672 51 23 0.9403154850006104 4 -1 -1 
134 732 53 23 0.9335517883300781 4 -1 -1 
138 702 56 25 0.9288141131401062 4 -1 -1 
657 414 22 50 0.9226670265197754 4 -1 -1 
762 130 20 45 0.9221726655960083 4 -1 -1 
794 233 48 23 0.9197039008140564 4 -1 -1 
732 286 46 23 0.918749988079071 4 -1 -1 
619 273 20 50 0.9166692495346069 4 -1 -1 
615 478 23 53 0.9153948426246643 4 -1 -1 
443 0 21 39 0.9112591743469238 4 -1 -1 
443 78 22 47 0.9097254872322083 4 -1 -1 
468 681 47 47 0.9096055626869202 4 -1 -1 
172 584 28 55 0.9061492681503296 4 -1 -1 
759 37 23 48 0.9059138298034668 4 -1 -1 
675 142 22 44 0.9045581221580505 4 -1 -1 
712 234 43 26 0.904556155204773 5 -1 -1 
642 189 24 51 0.9012465476989746 4 -1 -1 
729 319 48 23 0.8940903544425964 4 -1 -1 
807 80 21 49 0.885757565498352 4 -1 -1 
620 613 23 52 0.8823392987251282 4 -1 -1 
203 580 27 54 0.8809947967529297 4 -1 -1 
716 570 52 38 0.8632738590240479 4 -1 -1 
565 381 22 49 0.8553941249847412 4 -1 -1 
765 177 42 40 0.8447685241699219 4 -1 -1 
717 690 53 25 0.8436520099639893 4 -1 -1 
299 578 25 57 0.8423792719841003 4 -1 -1 
736 441 55 35 0.8233955502510071 4 -1 -1 
624 400 23 49 0.8062950968742371 4 -1 -1 
728 374 50 24 0.7865394949913025 4 -1 -1 
719 479 48 22 0.7859513163566589 4 -1 -1 
378 212 45 23 0.6946600675582886 4 -1 -1 
268 582 25 49 0.6944907307624817 4 -1 -1 
86 646 41 20 0.6745833158493042 4 -1 -1 
238 577 22 46 0.6625245809555054 4 -1 -1 
533 460 9 17 0.6615016460418701 10 -1 -1 
49 593 73 27 0.6569153666496277 9 -1 -1 
674 543 9 22 0.6523780226707458 10 -1 -1 
714 345 45 22 0.6504425406455994 4 -1 -1 
1055 523 39 21 0.6483027935028076 4 -1 -1 
416 49 38 27 0.6470955014228821 4 -1 -1 
843 568 7 8 0.6142269372940063 1 -1 -1 
738 721 47 41 0.6099215149879456 4 -1 -1 
810 599 8 8 0.5933990478515625 1 -1 -1 
405 28 18 9 0.5711891055107117 10 -1 -1 
804 585 9 10 0.5409402251243591 1 -1 -1 
859 350 12 17 0.5310338735580444 10 -1 -1 
694 532 24 47 0.5109173655509949 4 -1 -1 
370 70 18 10 0.5040068030357361 10 -1 -1 
733 607 45 31 0.5036506056785583 4 -1 -1 
759 213 10 12 0.502363920211792 1 -1 -1 
577 19 30 93 0.5014102458953857 4 -1 -1 
734 515 48 22 0.4802764356136322 4 -1 -1 
724 416 49 28 0.479270875453949 4 -1 -1 
736 515 46 21 0.47907406091690063 5 -1 -1 
464 635 14 8 0.4681907892227173 1 -1 -1 
759 212 10 14 0.46209895610809326 10 -1 -1 
674 547 10 18 0.4609387516975403 2 -1 -1 
857 419 20 11 0.45833197236061096 10 -1 -1 
377 99 9 15 0.45231473445892334 1 -1 -1 
163 137 7 16 0.4480712115764618 10 -1 -1 
849 585 27 14 0.44054102897644043 7 -1 -1 
577 19 30 93 0.4330141842365265 10 -1 -1 
829 583 18 10 0.42798781394958496 10 -1 -1 
238 577 23 46 0.4230901300907135 5 -1 -1 
837 435 8 8 0.412539005279541 1 -1 -1 
86 646 42 20 0.38870570063591003 5 -1 -1 
839 434 6 6 0.38372930884361267 1 -1 -1 
861 645 22 9 0.3773443400859833 10 -1 -1 
732 422 43 26 0.3748636841773987 4 -1 -1 
577 19 30 93 0.37462931871414185 6 -1 -1 
577 19 30 93 0.3711436986923218 2 -1 -1 
863 399 9 9 0.36865562200546265 1 -1 -1 
268 581 25 50 0.36591777205467224 5 -1 -1 
577 18 30 93 0.36147186160087585 3 -1 -1 
533 460 9 15 0.3480525016784668 2 -1 -1 
377 99 9 15 0.3467133939266205 3 -1 -1 
464 635 8 9 0.3448081314563751 1 -1 -1 
861 645 21 9 0.3442290127277374 3 -1 -1 
577 19 30 93 0.3369198143482208 1 -1 -1 
577 18 29 93 0.33536553382873535 5 -1 -1 
377 99 9 15 0.3306724727153778 10 -1 -1 
470 635 9 8 0.3280191719532013 1 -1 -1 
577 19 30 93 0.3277161419391632 7 -1 -1 
727 650 47 25 0.32601186633110046 4 -1 -1 
224 117 22 11 0.3147437274456024 10 -1 -1 
833 430 5 6 0.3143233060836792 1 -1 -1 
761 216 9 13 0.3140013813972473 10 -1 -1 
416 49 38 27 0.30658140778541565 5 -1 -1 
714 345 44 22 0.3023395836353302 5 -1 -1 
179 340 10 11 0.30141711235046387 1 -1 -1 
378 212 46 23 0.285381555557251 5 -1 -1 
723 401 50 25 0.2831578850746155 4 -1 -1 
849 586 26 13 0.28312090039253235 8 -1 -1 
497 154 23 64 0.27954530715942383 6 -1 -1 
1104 418 29 58 0.27325886487960815 4 -1 -1 
849 514 7 7 0.2725013792514801 1 -1 -1 
45 126 22 12 0.27089181542396545 10 -1 -1 
1152 0 6 14 0.2635725438594818 1 -1 -1 
577 19 30 93 0.2635297477245331 8 -1 -1 
694 532 24 47 0.26205480098724365 5 -1 -1 
624 400 22 49 0.259744256734848 5 -1 -1 
739 722 44 39 0.2596830129623413 5 -1 -1 
49 593 73 27 0.2584482729434967 6 -1 -1 
299 577 25 58 0.2511381506919861 5 -1 -1 
857 419 20 11 0.24841395020484924 3 -1 -1 
860 420 22 11 0.2483370155096054 10 -1 -1 
394 745 17 13 0.24768127501010895 3 -1 -1 
1068 489 18 27 0.24757136404514313 5 -1 -1 
859 350 26 19 0.2466433048248291 10 -1 -1 
837 438 6 7 0.243948832154274 1 -1 -1 
674 543 9 22 0.23832963407039642 3 -1 -1 
736 442 56 34 0.23731106519699097 5 -1 -1 
179 340 7 9 0.2360464185476303 1 -1 -1 
844 569 9 7 0.23472395539283752 1 -1 -1 
760 212 8 12 0.23058825731277466 2 -1 -1 
1081 702 76 35 0.22898946702480316 5 -1 -1 
712 235 43 24 0.22822776436805725 4 -1 -1 
833 430 6 9 0.2279738485813141 1 -1 -1 
835 433 8 8 0.2275191694498062 1 -1 -1 
207 125 41 27 0.2238292396068573 9 -1 -1 
371 70 17 10 0.22366374731063843 1 -1 -1 
736 442 56 34 0.21570445597171783 6 -1 -1 
208 125 40 27 0.2136259377002716 10 -1 -1 
759 211 10 10 0.2129473090171814 1 -1 -1 
208 125 40 27 0.20666101574897766 8 -1 -1 
721 607 54 39 0.18948517739772797 4 -1 -1 
208 125 40 27 0.1881936490535736 6 -1 -1 
77 139 20 27 0.18134722113609314 4 -1 -1 
690 419 21 36 0.1780952513217926 4 -1 -1 
765 177 43 40 0.17643365263938904 5 -1 -1 
208 125 40 27 0.17612099647521973 4 -1 -1 
76 140 21 26 0.17185990512371063 6 -1 -1 
716 421 57 33 0.16893398761749268 4 -1 -1 
48 593 73 27 0.1632433384656906 10 -1 -1 
709 405 60 34 0.16276542842388153 4 -1 -1 
727 426 51 36 0.15433688461780548 4 -1 -1 
731 649 58 31 0.15273378789424896 4 -1 -1 
1081 702 76 35 0.15181003510951996 8 -1 -1 
43 125 28 17 0.15141594409942627 4 -1 -1 
1080 702 77 34 0.15140798687934875 4 -1 -1 
77 139 20 27 0.14865511655807495 7 -1 -1 
1104 418 29 58 0.14688001573085785 9 -1 -1 
842 247 26 15 0.1412576586008072 10 -1 -1 
208 125 40 27 0.14058062434196472 7 -1 -1 
48 593 73 27 0.13712133467197418 4 -1 -1 
77 140 20 26 0.1368042379617691 8 -1 -1 
862 642 28 13 0.13351453840732574 10 -1 -1 
732 610 48 43 0.13082797825336456 4 -1 -1 
1080 702 77 34 0.12578561902046204 10 -1 -1 
848 585 28 14 0.1256219893693924 10 -1 -1 
719 385 56 31 0.1254231482744217 4 -1 -1 
1080 702 77 34 0.1245526373386383 2 -1 -1 
208 125 40 27 0.12424236536026001 2 -1 -1 
1080 701 77 35 0.12286700308322906 9 -1 -1 
716 570 52 38 0.12263131886720657 5 -1 -1 
183 581 30 56 0.12036994099617004 4 -1 -1 
1080 702 77 34 0.1183822751045227 7 -1 -1 
728 606 50 36 0.11783643811941147 5 -1 -1 
48 593 73 27 0.11686214804649353 2 -1 -1 
861 643 29 13 0.11618702113628387 7 -1 -1 
848 585 28 14 0.11545693874359131 6 -1 -1 
715 393 57 31 0.11387293040752411 4 -1 -1 
468 682 47 46 0.11334221810102463 5 -1 -1 
1017 458 56 28 0.1119190901517868 6 -1 -1 
77 139 20 27 0.11174692958593369 5 -1 -1 
402 12 26 18 0.1106317937374115 4 -1 -1 
1049 621 34 24 0.10838072001934052 4 -1 -1 
35 127 30 16 0.10702045261859894 10 -1 -1 
203 580 28 54 0.10689970850944519 5 -1 -1 
1104 418 29 58 0.10675986111164093 6 -1 -1 
394 241 65 32 0.10661263763904572 9 -1 -1 
724 514 57 24 0.10225622355937958 6 -1 -1 
857 418 28 16 0.10212448984384537 10 -1 -1 
468 681 47 47 0.10211655497550964 9 -1 -1 
861 642 28 12 0.10115571320056915 3 -1 -1 
739 721 45 41 0.10010897368192673 10 -1 -1 
762 129 21 46 0.09915455430746078 5 -1 -1 
861 643 29 13 0.09784317761659622 8 -1 -1 
394 241 64 32 0.0974707379937172 4 -1 -1 
703 413 65 35 0.09621433913707733 4 -1 -1 
861 349 29 19 0.09515903890132904 4 -1 -1 
859 350 27 18 0.0949733704328537 7 -1 -1 
497 152 24 67 0.09369922429323196 7 -1 -1 
404 16 29 19 0.09360507130622864 4 -1 -1 
468 681 47 47 0.09351140260696411 10 -1 -1 
719 642 54 37 0.09306950122117996 4 -1 -1 
728 634 52 40 0.09209834784269333 4 -1 -1 
718 614 53 45 0.08962422609329224 4 -1 -1 
393 741 23 18 0.08944150060415268 3 -1 -1 
719 417 55 30 0.08889441192150116 5 -1 -1 
1049 621 34 23 0.08817117661237717 5 -1 -1 
717 595 54 38 0.08765295892953873 4 -1 -1 
134 730 54 26 0.0871046707034111 9 -1 -1 
716 689 54 27 0.08692682534456253 5 -1 -1 
86 646 42 20 0.08368336409330368 6 -1 -1 
497 154 23 64 0.08324818313121796 4 -1 -1 
762 129 21 46 0.08191953599452972 6 -1 -1 
36 125 29 16 0.08175583183765411 5 -1 -1 
138 702 56 25 0.0816851407289505 6 -1 -1 
238 577 22 46 0.0808359757065773 9 -1 -1 
1080 702 77 34 0.08067380636930466 3 -1 -1 
397 6 31 20 0.08034677058458328 4 -1 -1 
391 741 23 17 0.07986296713352203 10 -1 -1 
1080 702 77 34 0.079269640147686 1 -1 -1 
688 425 17 31 0.07922103255987167 4 -1 -1 
299 577 25 58 0.062307506799697876 9 -1 -1 
299 577 25 58 0.05419714003801346 6 -1 -1 
