204 136 17 44 0.9332218766212463 1 -1 -1 
504 196 24 53 0.9261998534202576 1 -1 -1 
266 164 19 45 0.9098290205001831 1 -1 -1 
282 166 17 43 0.8999003171920776 1 -1 -1 
459 233 29 63 0.8992681503295898 1 -1 -1 
775 163 21 48 0.8923461437225342 1 -1 -1 
543 218 23 56 0.8893130421638489 1 -1 -1 
437 160 19 50 0.8690142035484314 1 -1 -1 
423 248 24 66 0.866687536239624 1 -1 -1 
808 184 20 42 0.862136960029602 1 -1 -1 
266 117 16 42 0.8521969318389893 1 -1 -1 
553 100 11 32 0.8429363965988159 1 -1 -1 
524 85 10 30 0.8366279006004333 1 -1 -1 
357 136 16 45 0.8323357701301575 1 -1 -1 
515 91 11 31 0.8286738991737366 1 -1 -1 
561 220 19 54 0.8257659077644348 1 -1 -1 
271 76 11 25 0.823790967464447 1 -1 -1 
309 72 10 28 0.8210369348526001 1 -1 -1 
602 97 12 34 0.8092495203018188 1 -1 -1 
316 107 18 39 0.8001798391342163 1 -1 -1 
121 138 26 40 0.7843188047409058 1 -1 -1 
554 56 8 20 0.7734077572822571 1 -1 -1 
626 51 8 21 0.771660566329956 1 -1 -1 
708 75 15 27 0.7628644704818726 1 -1 -1 
225 66 10 27 0.7625637650489807 1 -1 -1 
562 48 8 20 0.7608347535133362 1 -1 -1 
830 69 10 27 0.7589590549468994 1 -1 -1 
309 35 8 21 0.754797637462616 1 -1 -1 
578 205 18 48 0.7495969533920288 1 -1 -1 
305 167 14 39 0.7470142841339111 1 -1 -1 
820 240 29 44 0.7317370176315308 1 -1 -1 
301 104 14 34 0.7267030477523804 1 -1 -1 
332 60 8 22 0.7261694669723511 1 -1 -1 
669 116 12 32 0.7242127656936646 1 -1 -1 
498 93 15 33 0.7167205214500427 1 -1 -1 
578 100 11 27 0.7130229473114014 1 -1 -1 
192 68 11 23 0.7127897143363953 1 -1 -1 
528 56 7 17 0.7126938104629517 1 -1 -1 
481 148 15 44 0.7114279866218567 1 -1 -1 
209 77 11 29 0.7111137509346008 1 -1 -1 
233 60 9 25 0.7102726697921753 1 -1 -1 
279 69 11 27 0.7082965970039368 1 -1 -1 
158 43 9 24 0.7076249718666077 1 -1 -1 
763 72 10 26 0.7060673236846924 1 -1 -1 
813 129 15 25 0.7034946084022522 1 -1 -1 
727 107 13 35 0.702400267124176 1 -1 -1 
294 129 12 40 0.6845622658729553 1 -1 -1 
317 70 9 26 0.6809338927268982 1 -1 -1 
511 145 17 39 0.6784173846244812 1 -1 -1 
516 30 8 21 0.673217236995697 1 -1 -1 
266 97 14 31 0.6661853194236755 1 -1 -1 
347 86 10 29 0.6600431799888611 1 -1 -1 
227 42 7 19 0.6598992347717285 1 -1 -1 
474 31 7 17 0.6591272354125977 1 -1 -1 
569 148 16 20 0.6589577794075012 2 -1 -1 
287 73 8 22 0.65583735704422 1 -1 -1 
353 86 9 30 0.6462221741676331 1 -1 -1 
846 242 25 43 0.6455350518226624 1 -1 -1 
285 101 11 17 0.636940598487854 2 -1 -1 
242 48 9 21 0.6360043883323669 1 -1 -1 
399 62 9 22 0.6306046843528748 1 -1 -1 
357 180 17 25 0.6228134036064148 2 -1 -1 
568 96 11 31 0.6201239824295044 1 -1 -1 
648 122 13 35 0.6185935735702515 1 -1 -1 
754 56 10 22 0.618402361869812 1 -1 -1 
539 60 9 15 0.6150873303413391 1 -1 -1 
322 39 7 20 0.6021072268486023 1 -1 -1 
374 176 16 27 0.6005465984344482 2 -1 -1 
942 74 11 24 0.5995622277259827 1 -1 -1 
99 40 12 16 0.5986577272415161 10 -1 -1 
839 200 19 29 0.5975441336631775 2 -1 -1 
598 48 8 20 0.5942447781562805 1 -1 -1 
851 177 17 36 0.5926672220230103 1 -1 -1 
592 236 19 47 0.58538419008255 1 -1 -1 
414 60 10 24 0.584408164024353 1 -1 -1 
889 63 10 19 0.5841469168663025 1 -1 -1 
239 70 11 27 0.5732182264328003 1 -1 -1 
493 158 16 32 0.5726335048675537 1 -1 -1 
322 57 9 22 0.5722726583480835 1 -1 -1 
245 74 13 34 0.5703747868537903 1 -1 -1 
798 231 35 46 0.5652269721031189 2 -1 -1 
351 45 8 16 0.5642237067222595 1 -1 -1 
763 50 8 20 0.5632352232933044 1 -1 -1 
592 148 14 22 0.5581686496734619 2 -1 -1 
366 59 10 27 0.5565682053565979 1 -1 -1 
624 37 8 17 0.5450652241706848 1 -1 -1 
733 60 7 19 0.5443482995033264 1 -1 -1 
544 33 6 17 0.5393934845924377 1 -1 -1 
786 376 41 75 0.5297231674194336 1 -1 -1 
317 38 7 21 0.5152426362037659 1 -1 -1 
923 76 11 25 0.5127939581871033 1 -1 -1 
800 232 33 45 0.5073115825653076 1 -1 -1 
587 247 22 42 0.5067797899246216 1 -1 -1 
501 126 13 27 0.504510760307312 1 -1 -1 
854 195 15 31 0.5044942498207092 1 -1 -1 
833 196 21 32 0.4991222620010376 2 -1 -1 
356 78 12 23 0.4914308190345764 1 -1 -1 
428 169 15 41 0.48580798506736755 1 -1 -1 
100 38 9 15 0.4834221601486206 2 -1 -1 
396 58 8 20 0.48321497440338135 1 -1 -1 
269 48 7 18 0.48084256052970886 1 -1 -1 
240 70 14 37 0.4806056320667267 1 -1 -1 
492 28 7 19 0.479790061712265 1 -1 -1 
359 123 13 40 0.4790765345096588 1 -1 -1 
319 38 9 20 0.4773598313331604 1 -1 -1 
299 100 10 18 0.47380417585372925 2 -1 -1 
397 60 9 21 0.46886110305786133 1 -1 -1 
843 197 21 31 0.46844053268432617 2 -1 -1 
622 165 27 40 0.46579182147979736 2 -1 -1 
383 58 8 23 0.4652841091156006 1 -1 -1 
294 60 7 20 0.46346795558929443 1 -1 -1 
919 101 10 17 0.4633607566356659 2 -1 -1 
302 37 8 20 0.46225249767303467 1 -1 -1 
22 33 24 15 0.45815083384513855 10 -1 -1 
585 250 22 39 0.4534868896007538 2 -1 -1 
724 61 10 18 0.4518491327762604 2 -1 -1 
831 192 17 33 0.4509766697883606 2 -1 -1 
438 131 12 21 0.45076826214790344 2 -1 -1 
438 131 11 21 0.4472583830356598 1 -1 -1 
551 219 25 55 0.4444628953933716 1 -1 -1 
192 49 13 19 0.44171422719955444 2 -1 -1 
613 52 7 15 0.4407840073108673 1 -1 -1 
502 126 15 29 0.43686166405677795 2 -1 -1 
932 34 11 19 0.4333166480064392 1 -1 -1 
813 237 30 44 0.4317352771759033 1 -1 -1 
299 64 9 23 0.43107184767723083 1 -1 -1 
294 40 8 18 0.42900753021240234 1 -1 -1 
502 142 18 23 0.42256370186805725 3 -1 -1 
287 73 9 17 0.41915494203567505 2 -1 -1 
830 191 17 29 0.4191320538520813 1 -1 -1 
187 42 7 22 0.4133070111274719 1 -1 -1 
731 60 9 19 0.4125223457813263 2 -1 -1 
465 55 9 22 0.40857529640197754 1 -1 -1 
851 196 16 31 0.40330132842063904 2 -1 -1 
316 30 7 18 0.4031447172164917 1 -1 -1 
295 63 9 18 0.40115100145339966 1 -1 -1 
680 170 13 23 0.400235116481781 2 -1 -1 
269 48 8 19 0.3994755446910858 2 -1 -1 
291 39 9 19 0.3992084264755249 1 -1 -1 
349 85 11 28 0.39886605739593506 1 -1 -1 
245 63 11 29 0.39532357454299927 1 -1 -1 
374 176 16 28 0.39337489008903503 1 -1 -1 
271 51 8 16 0.39317524433135986 2 -1 -1 
659 17 23 13 0.39133578538894653 10 -1 -1 
726 60 10 18 0.3893619179725647 2 -1 -1 
289 39 8 18 0.38887742161750793 1 -1 -1 
587 234 26 58 0.3873993754386902 2 -1 -1 
235 60 10 27 0.38708916306495667 1 -1 -1 
232 32 9 21 0.3856790363788605 1 -1 -1 
812 232 22 42 0.38558119535446167 1 -1 -1 
500 138 30 25 0.3800852596759796 3 -1 -1 
783 375 44 79 0.35162776708602905 2 -1 -1 
622 164 27 41 0.322020560503006 1 -1 -1 
304 105 17 36 0.28717929124832153 1 -1 -1 
611 157 22 43 0.2767130732536316 1 -1 -1 
355 124 17 49 0.26652437448501587 1 -1 -1 
612 159 36 44 0.2572377026081085 2 -1 -1 
666 168 29 27 0.24426183104515076 2 -1 -1 
492 158 17 34 0.24107922613620758 2 -1 -1 
273 165 21 43 0.23510362207889557 1 -1 -1 
610 158 25 43 0.22623677551746368 2 -1 -1 
772 378 54 93 0.2212931215763092 1 -1 -1 
613 155 33 44 0.21702773869037628 1 -1 -1 
666 168 29 27 0.21414485573768616 1 -1 -1 
504 141 26 34 0.20665232837200165 1 -1 -1 
504 141 26 34 0.20027495920658112 3 -1 -1 
507 91 17 34 0.19921118021011353 1 -1 -1 
294 167 21 39 0.19880877435207367 1 -1 -1 
666 114 19 35 0.1882062554359436 1 -1 -1 
499 152 21 36 0.18670997023582458 1 -1 -1 
0 37 34 22 0.18272198736667633 3 -1 -1 
20 32 30 22 0.18130050599575043 10 -1 -1 
644 123 18 42 0.18018406629562378 1 -1 -1 
506 148 20 39 0.17957817018032074 1 -1 -1 
346 84 18 33 0.1779477894306183 1 -1 -1 
590 148 19 37 0.1764245331287384 1 -1 -1 
290 371 30 68 0.1756223440170288 1 -1 -1 
203 136 18 44 0.17314043641090393 4 -1 -1 
498 138 24 32 0.17289946973323822 3 -1 -1 
669 118 19 38 0.1701858937740326 1 -1 -1 
286 130 20 39 0.16679325699806213 1 -1 -1 
484 149 21 40 0.1623946577310562 1 -1 -1 
601 104 23 30 0.1621011197566986 1 -1 -1 
499 129 23 31 0.1617870181798935 3 -1 -1 
238 107 16 39 0.16103726625442505 1 -1 -1 
499 138 30 25 0.15156494081020355 10 -1 -1 
357 178 26 29 0.15095441043376923 2 -1 -1 
12 34 32 24 0.14966535568237305 10 -1 -1 
797 375 42 81 0.14841099083423615 1 -1 -1 
236 69 15 36 0.14596641063690186 1 -1 -1 
476 231 19 29 0.1448597013950348 1 -1 -1 
487 156 21 39 0.14095893502235413 1 -1 -1 
665 159 26 33 0.13928772509098053 2 -1 -1 
552 98 20 33 0.13927717506885529 1 -1 -1 
612 171 33 34 0.13867570459842682 1 -1 -1 
665 170 30 26 0.13722175359725952 10 -1 -1 
664 152 25 39 0.13653883337974548 1 -1 -1 
504 196 24 53 0.13613516092300415 4 -1 -1 
632 153 23 42 0.13350224494934082 1 -1 -1 
242 64 17 42 0.13288716971874237 1 -1 -1 
499 129 23 31 0.12798063457012177 2 -1 -1 
428 169 15 41 0.12655071914196014 2 -1 -1 
661 145 21 42 0.1263723075389862 1 -1 -1 
569 97 19 33 0.12613479793071747 1 -1 -1 
360 123 21 42 0.12597806751728058 1 -1 -1 
638 145 21 45 0.12584061920642853 1 -1 -1 
12 34 32 24 0.12566529214382172 3 -1 -1 
662 171 29 25 0.1234750747680664 3 -1 -1 
764 378 59 83 0.12243963778018951 2 -1 -1 
500 124 18 33 0.12125486880540848 1 -1 -1 
266 164 20 45 0.12062040716409683 4 -1 -1 
649 118 21 37 0.11812113970518112 1 -1 -1 
492 149 24 36 0.11526258289813995 1 -1 -1 
643 147 25 42 0.11518079042434692 1 -1 -1 
756 381 56 82 0.11502911895513535 1 -1 -1 
0 36 37 23 0.11410076916217804 10 -1 -1 
286 166 22 40 0.11361315101385117 1 -1 -1 
673 129 17 34 0.11281289160251617 1 -1 -1 
428 161 21 45 0.11269649863243103 1 -1 -1 
676 167 22 29 0.11251489073038101 2 -1 -1 
356 121 19 36 0.11126426607370377 1 -1 -1 
223 61 17 34 0.11115550249814987 1 -1 -1 
676 169 22 30 0.11046212911605835 1 -1 -1 
590 147 20 33 0.10996309667825699 2 -1 -1 
637 135 23 36 0.10946092754602432 1 -1 -1 
500 132 25 29 0.10730503499507904 1 -1 -1 
499 129 23 31 0.10524927824735641 10 -1 -1 
598 104 19 33 0.10524693876504898 1 -1 -1 
770 406 50 79 0.10507901012897491 1 -1 -1 
488 151 24 37 0.10497964173555374 2 -1 -1 
776 367 54 68 0.10480392724275589 2 -1 -1 
281 167 18 42 0.10415024310350418 4 -1 -1 
354 175 20 31 0.10194984078407288 1 -1 -1 
647 146 30 41 0.10101545602083206 1 -1 -1 
266 117 16 42 0.10084974020719528 4 -1 -1 
517 85 16 36 0.10070212930440903 1 -1 -1 
604 151 23 46 0.09934625029563904 1 -1 -1 
797 375 42 81 0.09930627793073654 2 -1 -1 
493 143 27 37 0.09825053811073303 3 -1 -1 
591 147 27 26 0.09819438308477402 2 -1 -1 
437 160 19 50 0.0975317656993866 4 -1 -1 
628 173 24 32 0.09731404483318329 2 -1 -1 
557 96 23 33 0.09721852838993073 1 -1 -1 
593 151 23 47 0.09659641981124878 1 -1 -1 
662 146 23 42 0.09626388549804688 2 -1 -1 
361 176 27 29 0.0961010754108429 1 -1 -1 
642 118 21 36 0.09451238811016083 1 -1 -1 
264 100 18 39 0.09449722617864609 1 -1 -1 
668 137 22 43 0.09366865456104279 1 -1 -1 
18 32 30 21 0.09340864419937134 3 -1 -1 
656 10 32 20 0.0929817333817482 10 -1 -1 
500 138 30 25 0.09253819286823273 7 -1 -1 
495 157 20 38 0.09249257296323776 1 -1 -1 
607 171 28 32 0.09227585047483444 1 -1 -1 
591 147 27 26 0.09220629930496216 1 -1 -1 
629 159 24 41 0.09182970970869064 2 -1 -1 
354 171 20 33 0.09114008396863937 2 -1 -1 
357 136 16 45 0.090294748544693 4 -1 -1 
776 371 51 61 0.09009772539138794 1 -1 -1 
232 61 23 35 0.0898858979344368 1 -1 -1 
603 108 30 35 0.08952698856592178 1 -1 -1 
498 88 24 34 0.0872073695063591 1 -1 -1 
282 166 17 43 0.0871342122554779 2 -1 -1 
605 141 35 32 0.08710622787475586 3 -1 -1 
435 131 17 35 0.08703932911157608 1 -1 -1 
351 81 18 35 0.08637158572673798 1 -1 -1 
266 164 19 45 0.08630283921957016 2 -1 -1 
481 148 15 44 0.08602919429540634 2 -1 -1 
509 145 18 38 0.08586625009775162 3 -1 -1 
668 115 16 35 0.08556734025478363 2 -1 -1 
369 178 22 31 0.08550887554883957 2 -1 -1 
769 395 55 93 0.08515055477619171 2 -1 -1 
7 31 37 18 0.08471173793077469 10 -1 -1 
642 141 20 35 0.08461097627878189 1 -1 -1 
628 173 24 32 0.0842287689447403 1 -1 -1 
656 117 23 37 0.08420935273170471 1 -1 -1 
640 144 21 36 0.08419807255268097 3 -1 -1 
666 176 30 30 0.08375835418701172 1 -1 -1 
661 175 23 26 0.08367875963449478 3 -1 -1 
637 139 23 35 0.08328156918287277 2 -1 -1 
737 379 49 75 0.0828055590391159 1 -1 -1 
433 166 20 45 0.08231940865516663 2 -1 -1 
661 164 27 31 0.08184898644685745 1 -1 -1 
603 123 34 43 0.08173771947622299 1 -1 -1 
357 181 22 29 0.08163977414369583 1 -1 -1 
500 140 28 24 0.0814630389213562 1 -1 -1 
316 107 18 39 0.08007314056158066 4 -1 -1 
438 160 17 50 0.07919462025165558 2 -1 -1 
662 177 24 31 0.07770358771085739 1 -1 -1 
562 144 27 27 0.07760007679462433 2 -1 -1 
605 127 39 42 0.07709388434886932 3 -1 -1 
299 103 16 35 0.0766897052526474 2 -1 -1 
662 174 27 26 0.0760299488902092 2 -1 -1 
598 107 24 40 0.07520836591720581 1 -1 -1 
607 144 46 62 0.061588529497385025 2 -1 -1 
606 131 47 72 0.061137665063142776 1 -1 -1 
604 124 51 66 0.05723799392580986 2 -1 -1 
