396 170 17 25 0.9505394101142883 5 -1 -1 
220 323 50 43 0.922906756401062 4 -1 -1 
257 292 37 41 0.9172976613044739 5 -1 -1 
364 337 38 56 0.8976803421974182 4 -1 -1 
119 352 38 43 0.8951427340507507 4 -1 -1 
387 292 30 42 0.8889232873916626 4 -1 -1 
732 359 29 20 0.8728896379470825 10 -1 -1 
609 285 51 27 0.8475146889686584 4 -1 -1 
386 236 25 31 0.8396991491317749 4 -1 -1 
547 459 38 48 0.8095484972000122 6 -1 -1 
664 481 11 31 0.7973411083221436 1 -1 -1 
514 456 15 34 0.7938090562820435 10 -1 -1 
286 382 25 41 0.7830622792243958 7 -1 -1 
280 431 20 27 0.7765254974365234 10 -1 -1 
455 407 14 30 0.764265775680542 10 -1 -1 
686 499 23 37 0.7437686920166016 1 -1 -1 
325 492 52 47 0.7423166036605835 4 -1 -1 
654 488 13 28 0.6715338826179504 1 -1 -1 
767 357 12 25 0.6600581407546997 1 -1 -1 
478 305 10 15 0.6569862365722656 2 -1 -1 
516 459 13 18 0.6566675901412964 2 -1 -1 
227 511 17 25 0.6558167934417725 2 -1 -1 
456 325 10 17 0.6491074562072754 2 -1 -1 
478 309 10 18 0.6423381567001343 10 -1 -1 
282 426 14 23 0.6406043767929077 2 -1 -1 
763 290 25 18 0.6315333247184753 10 -1 -1 
178 293 19 20 0.6168473362922668 8 -1 -1 
555 405 67 40 0.6121088862419128 8 -1 -1 
400 202 8 14 0.6079567670822144 10 -1 -1 
456 404 13 17 0.5817180275917053 2 -1 -1 
227 516 18 22 0.561085045337677 10 -1 -1 
649 478 15 21 0.5589176416397095 2 -1 -1 
206 259 12 24 0.5547773838043213 10 -1 -1 
730 509 16 30 0.5270417928695679 1 -1 -1 
448 208 7 10 0.5251407027244568 2 -1 -1 
400 199 7 12 0.522305965423584 2 -1 -1 
455 330 11 21 0.5222602486610413 10 -1 -1 
385 199 7 15 0.5068081021308899 10 -1 -1 
447 213 8 11 0.5060908794403076 10 -1 -1 
602 477 64 52 0.5040674805641174 7 -1 -1 
600 480 65 52 0.48782697319984436 8 -1 -1 
287 389 12 16 0.45358169078826904 2 -1 -1 
25 173 9 19 0.45186275243759155 10 -1 -1 
455 405 14 25 0.41219562292099 2 -1 -1 
503 231 20 11 0.4105839133262634 10 -1 -1 
739 483 11 26 0.4093847870826721 1 -1 -1 
502 225 21 13 0.405267596244812 10 -1 -1 
650 479 15 21 0.3924018442630768 1 -1 -1 
504 246 22 14 0.3787439465522766 10 -1 -1 
547 249 18 11 0.37683582305908203 10 -1 -1 
228 246 39 39 0.37402912974357605 4 -1 -1 
548 459 37 48 0.37188631296157837 8 -1 -1 
767 282 17 23 0.36620262265205383 2 -1 -1 
739 483 12 25 0.3594866991043091 10 -1 -1 
456 329 10 19 0.3575200140476227 2 -1 -1 
600 489 47 48 0.3561057448387146 8 -1 -1 
286 390 8 15 0.3339877724647522 2 -1 -1 
284 381 27 42 0.3246013820171356 8 -1 -1 
551 269 22 12 0.3231039345264435 10 -1 -1 
660 482 13 29 0.32167208194732666 1 -1 -1 
515 457 14 33 0.32090136408805847 2 -1 -1 
458 203 7 11 0.320430189371109 2 -1 -1 
207 259 9 15 0.31877782940864563 2 -1 -1 
519 200 8 13 0.3123418986797333 2 -1 -1 
549 257 18 11 0.30809226632118225 10 -1 -1 
622 438 6 10 0.3041771650314331 1 -1 -1 
448 208 7 12 0.3036005198955536 10 -1 -1 
769 282 11 17 0.2959820330142975 2 -1 -1 
548 253 18 11 0.2937954366207123 10 -1 -1 
778 276 23 16 0.29176443815231323 10 -1 -1 
281 429 18 28 0.29046207666397095 2 -1 -1 
764 287 23 20 0.2897070646286011 2 -1 -1 
279 247 25 36 0.28899022936820984 4 -1 -1 
374 199 5 11 0.2887161076068878 1 -1 -1 
448 210 7 13 0.28864091634750366 2 -1 -1 
654 487 13 27 0.28847599029541016 2 -1 -1 
505 250 21 16 0.2855983078479767 10 -1 -1 
548 459 37 48 0.285444051027298 4 -1 -1 
291 398 13 15 0.285025954246521 2 -1 -1 
289 391 13 18 0.2801766097545624 2 -1 -1 
178 293 19 20 0.2777685225009918 9 -1 -1 
548 459 37 48 0.27748438715934753 5 -1 -1 
428 60 12 19 0.275837242603302 7 -1 -1 
413 88 5 9 0.27529022097587585 10 -1 -1 
739 482 10 24 0.2739579677581787 2 -1 -1 
651 483 15 29 0.27279144525527954 1 -1 -1 
285 382 25 42 0.27233773469924927 10 -1 -1 
10 161 15 21 0.2717331051826477 10 -1 -1 
519 201 8 17 0.271416038274765 10 -1 -1 
620 505 12 28 0.2702457010746002 1 -1 -1 
386 203 6 12 0.2666472792625427 10 -1 -1 
405 112 7 15 0.26529431343078613 1 -1 -1 
449 210 7 12 0.2648358941078186 10 -1 -1 
767 282 17 23 0.26431384682655334 10 -1 -1 
449 216 6 9 0.2633083164691925 10 -1 -1 
503 234 20 11 0.2616899907588959 10 -1 -1 
396 170 17 25 0.2527543604373932 4 -1 -1 
412 69 13 10 0.252736359834671 10 -1 -1 
399 201 9 14 0.2482953518629074 2 -1 -1 
10 161 13 18 0.24709731340408325 2 -1 -1 
555 405 68 40 0.24437247216701508 7 -1 -1 
550 261 20 11 0.24381513893604279 10 -1 -1 
286 383 24 41 0.24010516703128815 2 -1 -1 
599 484 52 51 0.23537704348564148 7 -1 -1 
505 246 23 19 0.2349272072315216 7 -1 -1 
458 204 8 13 0.2348511815071106 10 -1 -1 
478 305 10 15 0.23473279178142548 1 -1 -1 
227 511 17 24 0.23464131355285645 1 -1 -1 
208 267 10 17 0.23283721506595612 10 -1 -1 
429 60 11 18 0.23237985372543335 8 -1 -1 
291 390 10 15 0.22973403334617615 2 -1 -1 
229 249 60 36 0.22895732522010803 4 -1 -1 
386 198 6 14 0.22752687335014343 2 -1 -1 
257 292 37 41 0.2268286943435669 4 -1 -1 
207 261 11 22 0.22448866069316864 2 -1 -1 
325 492 53 47 0.2223053127527237 5 -1 -1 
507 255 18 11 0.22104737162590027 10 -1 -1 
648 489 16 27 0.22044213116168976 1 -1 -1 
763 293 19 15 0.21803811192512512 10 -1 -1 
207 260 9 16 0.21725337207317352 10 -1 -1 
386 202 6 13 0.21259455382823944 1 -1 -1 
424 135 5 9 0.212175652384758 1 -1 -1 
478 305 10 16 0.2109874188899994 10 -1 -1 
545 251 22 17 0.20974892377853394 10 -1 -1 
547 253 22 17 0.2079893946647644 7 -1 -1 
282 426 14 23 0.20622780919075012 1 -1 -1 
733 359 28 21 0.20557084679603577 4 -1 -1 
420 71 5 8 0.20459337532520294 2 -1 -1 
456 327 10 17 0.20427025854587555 10 -1 -1 
627 421 5 10 0.20361758768558502 1 -1 -1 
413 88 5 9 0.20258474349975586 2 -1 -1 
413 88 5 9 0.20230220258235931 1 -1 -1 
448 207 6 8 0.1995837539434433 2 -1 -1 
447 209 6 11 0.1986209750175476 2 -1 -1 
228 246 39 39 0.1984928846359253 5 -1 -1 
448 208 7 11 0.19802673161029816 1 -1 -1 
35 162 20 27 0.19785912334918976 10 -1 -1 
732 361 16 14 0.1976376175880432 10 -1 -1 
410 68 15 11 0.19753849506378174 7 -1 -1 
771 282 12 19 0.1955154836177826 2 -1 -1 
502 224 22 15 0.1937662810087204 7 -1 -1 
598 475 86 55 0.19349712133407593 6 -1 -1 
538 383 25 9 0.18923397362232208 3 -1 -1 
386 197 7 12 0.18821090459823608 10 -1 -1 
457 324 10 12 0.1874765008687973 2 -1 -1 
178 293 19 20 0.18620336055755615 5 -1 -1 
418 69 7 10 0.18531319499015808 10 -1 -1 
447 211 6 11 0.18501335382461548 10 -1 -1 
520 200 7 14 0.18343082070350647 1 -1 -1 
412 84 6 11 0.1827148050069809 10 -1 -1 
456 325 10 17 0.18137504160404205 1 -1 -1 
413 68 12 11 0.1811399906873703 8 -1 -1 
665 481 10 30 0.1805642992258072 2 -1 -1 
478 309 10 18 0.17997172474861145 3 -1 -1 
611 506 14 26 0.1792570799589157 1 -1 -1 
764 292 17 15 0.17840111255645752 2 -1 -1 
739 483 11 26 0.1773616224527359 3 -1 -1 
228 238 40 47 0.17645426094532013 6 -1 -1 
286 389 10 15 0.175587460398674 1 -1 -1 
434 262 12 22 0.17536182701587677 2 -1 -1 
625 503 13 29 0.17332680523395538 1 -1 -1 
503 224 21 10 0.17164500057697296 10 -1 -1 
234 513 11 19 0.17155762016773224 2 -1 -1 
286 396 12 15 0.1700199991464615 2 -1 -1 
434 262 12 25 0.16922184824943542 10 -1 -1 
652 479 13 27 0.16796453297138214 2 -1 -1 
502 224 22 15 0.1648620218038559 8 -1 -1 
547 262 25 20 0.16248704493045807 10 -1 -1 
269 238 35 44 0.16183897852897644 4 -1 -1 
548 459 37 48 0.16049931943416595 7 -1 -1 
227 517 18 22 0.15988336503505707 3 -1 -1 
455 404 14 22 0.15676584839820862 1 -1 -1 
503 240 22 14 0.15636813640594482 10 -1 -1 
178 293 19 20 0.14916551113128662 6 -1 -1 
178 293 19 20 0.14531008899211884 7 -1 -1 
767 282 17 23 0.14440758526325226 1 -1 -1 
326 492 52 47 0.14203311502933502 8 -1 -1 
280 431 20 27 0.14127516746520996 3 -1 -1 
229 249 60 36 0.1395232230424881 5 -1 -1 
545 249 22 17 0.13848936557769775 7 -1 -1 
515 456 14 23 0.1378934383392334 1 -1 -1 
364 337 38 56 0.1371099352836609 5 -1 -1 
248 243 55 41 0.13449212908744812 4 -1 -1 
556 405 66 39 0.13410474359989166 6 -1 -1 
548 459 37 48 0.1338028460741043 9 -1 -1 
771 284 19 22 0.1333356648683548 2 -1 -1 
279 427 15 27 0.1332300901412964 2 -1 -1 
503 228 22 15 0.13151831924915314 7 -1 -1 
504 227 25 17 0.13004447519779205 10 -1 -1 
282 426 14 23 0.12981237471103668 10 -1 -1 
550 265 23 18 0.129611998796463 2 -1 -1 
36 164 19 25 0.12782786786556244 7 -1 -1 
764 287 23 20 0.1276998221874237 1 -1 -1 
285 382 24 27 0.12702156603336334 2 -1 -1 
10 161 14 21 0.12695111334323883 7 -1 -1 
540 244 25 15 0.12645259499549866 10 -1 -1 
503 228 22 15 0.12506841123104095 8 -1 -1 
428 57 15 22 0.12361099570989609 6 -1 -1 
556 405 66 39 0.12306519597768784 5 -1 -1 
384 191 10 24 0.12290698289871216 10 -1 -1 
504 247 22 18 0.12262483686208725 8 -1 -1 
773 279 23 20 0.12189528346061707 10 -1 -1 
514 457 15 33 0.12132551521062851 3 -1 -1 
229 245 64 40 0.12026570737361908 6 -1 -1 
286 382 25 35 0.11778462678194046 1 -1 -1 
545 271 27 20 0.11495156586170197 10 -1 -1 
599 473 61 48 0.11327891051769257 6 -1 -1 
763 288 23 20 0.11300687491893768 8 -1 -1 
514 457 15 33 0.11016082018613815 4 -1 -1 
281 432 19 26 0.10863331705331802 4 -1 -1 
768 279 17 19 0.10861781984567642 2 -1 -1 
284 382 26 41 0.10853908210992813 9 -1 -1 
763 290 23 19 0.10850420594215393 7 -1 -1 
599 478 103 53 0.1083875447511673 7 -1 -1 
404 66 21 14 0.10670574009418488 4 -1 -1 
285 381 26 42 0.08027801662683487 6 -1 -1 
598 467 83 59 0.07945398986339569 8 -1 -1 
284 381 27 42 0.07477036863565445 3 -1 -1 
600 485 109 50 0.06654058396816254 6 -1 -1 
762 282 41 29 0.06257813423871994 10 -1 -1 
789 453 115 73 0.05963847041130066 6 -1 -1 
284 382 27 41 0.05900872126221657 4 -1 -1 
597 474 83 57 0.056635357439517975 5 -1 -1 
603 467 106 57 0.05641220137476921 6 -1 -1 
594 461 78 62 0.05374288186430931 7 -1 -1 
588 481 83 59 0.052180249243974686 6 -1 -1 
588 481 83 59 0.051083508878946304 7 -1 -1 
