596 294 102 46 0.9950148463249207 6 -1 -1 
648 318 72 39 0.954099714756012 5 -1 -1 
259 389 106 41 0.940938413143158 4 -1 -1 
885 348 89 35 0.9399569034576416 4 -1 -1 
1264 523 88 57 0.9355015754699707 8 -1 -1 
1223 477 68 60 0.9298194646835327 4 -1 -1 
18 345 103 38 0.9223453402519226 4 -1 -1 
1069 318 76 31 0.9217337965965271 4 -1 -1 
1219 376 73 41 0.9127644300460815 4 -1 -1 
884 318 81 32 0.9095409512519836 4 -1 -1 
311 216 33 28 0.9038609862327576 4 -1 -1 
341 263 53 31 0.9030241966247559 4 -1 -1 
1237 289 78 33 0.8974668979644775 4 -1 -1 
915 248 49 28 0.894027590751648 4 -1 -1 
446 227 28 28 0.8915339708328247 4 -1 -1 
848 573 18 48 0.8846991658210754 1 -1 -1 
860 556 17 43 0.8845072388648987 1 -1 -1 
306 137 40 13 0.8824635148048401 4 -1 -1 
370 340 91 43 0.8793305158615112 4 -1 -1 
645 681 86 83 0.8772925138473511 4 -1 -1 
1130 529 22 43 0.8714926838874817 1 -1 -1 
1083 357 88 41 0.860863983631134 4 -1 -1 
230 348 95 44 0.8475539088249207 4 -1 -1 
1079 294 72 31 0.8458417654037476 4 -1 -1 
295 126 40 13 0.7999908328056335 4 -1 -1 
796 256 8 20 0.7972521185874939 1 -1 -1 
353 128 36 16 0.7963292002677917 4 -1 -1 
30 255 25 16 0.7914283871650696 10 -1 -1 
1044 420 12 35 0.7881059646606445 1 -1 -1 
347 118 16 14 0.7802278995513916 4 -1 -1 
516 98 13 11 0.7794029116630554 4 -1 -1 
779 707 27 40 0.7752764821052551 2 -1 -1 
301 254 13 30 0.7669332027435303 1 -1 -1 
977 302 27 15 0.7649219632148743 10 -1 -1 
783 253 9 24 0.7567698955535889 1 -1 -1 
697 204 25 21 0.7521553635597229 4 -1 -1 
1290 363 30 20 0.7491434812545776 10 -1 -1 
686 190 26 20 0.7386682033538818 4 -1 -1 
504 38 7 6 0.736769437789917 4 -1 -1 
892 211 27 26 0.7360422611236572 4 -1 -1 
317 157 25 19 0.7298279404640198 4 -1 -1 
367 117 15 13 0.7290835976600647 4 -1 -1 
161 231 20 15 0.7213380932807922 10 -1 -1 
1089 229 12 23 0.7213039994239807 1 -1 -1 
510 60 8 8 0.7168390154838562 4 -1 -1 
777 716 29 48 0.7032232284545898 10 -1 -1 
1072 309 75 33 0.695288360118866 4 -1 -1 
1300 355 14 25 0.6937460899353027 2 -1 -1 
480 32 6 6 0.6876293420791626 4 -1 -1 
426 224 9 17 0.6839398145675659 2 -1 -1 
308 165 21 21 0.6827512383460999 4 -1 -1 
70 228 13 24 0.6689563393592834 1 -1 -1 
668 167 24 22 0.6651882529258728 4 -1 -1 
478 45 7 8 0.6636003851890564 4 -1 -1 
288 141 18 11 0.6610819697380066 10 -1 -1 
1019 237 64 32 0.6598454117774963 5 -1 -1 
987 293 12 22 0.6554510593414307 2 -1 -1 
182 209 20 15 0.6448532342910767 10 -1 -1 
426 230 9 17 0.6426452398300171 10 -1 -1 
61 245 11 17 0.6403249502182007 2 -1 -1 
51 246 9 18 0.6386217474937439 2 -1 -1 
1092 232 11 23 0.6182267665863037 1 -1 -1 
349 159 25 24 0.6167586445808411 4 -1 -1 
286 194 24 19 0.610724151134491 4 -1 -1 
792 227 34 25 0.6101281642913818 4 -1 -1 
492 45 7 6 0.5992517471313477 4 -1 -1 
1096 233 8 22 0.591520369052887 1 -1 -1 
353 100 29 14 0.5866103768348694 4 -1 -1 
491 35 7 6 0.5763275027275085 4 -1 -1 
756 210 20 14 0.5742465257644653 10 -1 -1 
122 237 25 18 0.5680643916130066 7 -1 -1 
1019 238 64 31 0.5677183866500854 4 -1 -1 
490 81 11 12 0.5649449825286865 4 -1 -1 
123 237 23 18 0.5559837818145752 10 -1 -1 
790 236 8 21 0.5395590662956238 1 -1 -1 
490 81 11 12 0.5363731980323792 5 -1 -1 
454 115 13 13 0.5326680541038513 4 -1 -1 
1296 441 61 57 0.5265330076217651 5 -1 -1 
311 110 12 10 0.5228432416915894 10 -1 -1 
1202 724 127 40 0.5128260254859924 4 -1 -1 
803 235 8 22 0.5106733441352844 1 -1 -1 
1264 524 87 55 0.5009722709655762 5 -1 -1 
792 238 8 20 0.4886993169784546 1 -1 -1 
359 150 21 17 0.4869815707206726 4 -1 -1 
756 212 20 12 0.47985318303108215 3 -1 -1 
0 254 18 16 0.47968289256095886 3 -1 -1 
292 179 27 24 0.47258687019348145 4 -1 -1 
830 203 23 15 0.4652770757675171 8 -1 -1 
1296 441 62 58 0.46330177783966064 4 -1 -1 
791 227 35 24 0.43730977177619934 5 -1 -1 
502 27 6 6 0.4359024465084076 4 -1 -1 
137 237 9 14 0.4319569766521454 2 -1 -1 
830 203 24 15 0.43048128485679626 7 -1 -1 
976 189 16 19 0.42141687870025635 4 -1 -1 
321 97 14 9 0.4201661944389343 10 -1 -1 
540 86 5 9 0.41976797580718994 2 -1 -1 
1010 198 18 19 0.4182042181491852 4 -1 -1 
353 100 28 14 0.4164952337741852 5 -1 -1 
508 31 6 6 0.4159267842769623 4 -1 -1 
1346 315 12 25 0.400259405374527 1 -1 -1 
220 212 8 20 0.38792166113853455 2 -1 -1 
982 298 21 19 0.38763201236724854 2 -1 -1 
976 189 16 19 0.3800073564052582 5 -1 -1 
220 213 8 20 0.37874487042427063 1 -1 -1 
503 29 6 6 0.37580105662345886 4 -1 -1 
1264 524 88 55 0.37345847487449646 4 -1 -1 
502 27 6 7 0.3715396821498871 5 -1 -1 
540 87 5 10 0.35855549573898315 10 -1 -1 
792 236 9 21 0.3452908396720886 2 -1 -1 
270 211 26 26 0.3444521725177765 4 -1 -1 
220 220 8 15 0.34394001960754395 3 -1 -1 
61 245 11 17 0.3396313488483429 1 -1 -1 
182 209 20 15 0.3389243483543396 3 -1 -1 
292 184 22 16 0.3334445357322693 4 -1 -1 
311 110 12 10 0.32927772402763367 3 -1 -1 
288 139 15 10 0.32900312542915344 10 -1 -1 
1200 724 129 40 0.3284023106098175 5 -1 -1 
540 86 5 10 0.3266793191432953 1 -1 -1 
131 237 15 15 0.32476988434791565 2 -1 -1 
292 179 27 24 0.32392266392707825 5 -1 -1 
930 184 25 17 0.31851136684417725 5 -1 -1 
1344 316 10 23 0.3149234354496002 1 -1 -1 
249 152 13 17 0.31227344274520874 10 -1 -1 
286 194 24 19 0.3098371922969818 5 -1 -1 
291 116 4 11 0.30861541628837585 1 -1 -1 
1018 176 15 12 0.3079882562160492 4 -1 -1 
0 253 18 18 0.3040539026260376 10 -1 -1 
831 203 8 14 0.3022858500480652 2 -1 -1 
475 55 5 8 0.29989373683929443 1 -1 -1 
502 27 6 7 0.29761382937431335 6 -1 -1 
50 246 10 18 0.29379045963287354 1 -1 -1 
803 237 7 20 0.2931121289730072 2 -1 -1 
856 565 21 40 0.2920147478580475 1 -1 -1 
161 231 20 15 0.29188159108161926 3 -1 -1 
1290 369 20 14 0.27966541051864624 10 -1 -1 
987 293 12 22 0.2781197428703308 1 -1 -1 
588 153 14 19 0.2758546769618988 4 -1 -1 
594 294 104 45 0.2636774182319641 7 -1 -1 
595 294 104 45 0.26139700412750244 5 -1 -1 
649 319 72 38 0.2502673864364624 4 -1 -1 
1293 359 25 23 0.23762811720371246 2 -1 -1 
596 294 102 46 0.23692771792411804 4 -1 -1 
596 294 102 46 0.236839160323143 10 -1 -1 
892 211 27 26 0.23508426547050476 5 -1 -1 
230 348 95 44 0.2200712263584137 5 -1 -1 
1264 524 87 55 0.20542992651462555 7 -1 -1 
1264 523 88 57 0.20344996452331543 2 -1 -1 
298 127 41 16 0.20276635885238647 4 -1 -1 
1083 357 88 41 0.20223617553710938 5 -1 -1 
596 294 102 46 0.20223180949687958 2 -1 -1 
270 211 26 26 0.20080095529556274 5 -1 -1 
311 159 29 22 0.19445309042930603 4 -1 -1 
595 294 104 45 0.19292794167995453 8 -1 -1 
352 99 32 15 0.18752239644527435 9 -1 -1 
852 572 22 47 0.17840327322483063 1 -1 -1 
1264 523 88 57 0.17824585735797882 3 -1 -1 
667 166 25 23 0.17632387578487396 5 -1 -1 
271 211 25 26 0.16874665021896362 8 -1 -1 
850 570 18 40 0.16257482767105103 1 -1 -1 
370 340 91 43 0.16224634647369385 5 -1 -1 
1237 289 78 33 0.159117192029953 5 -1 -1 
17 345 104 39 0.15888611972332 5 -1 -1 
349 159 26 24 0.1578080952167511 5 -1 -1 
1079 294 72 31 0.15668454766273499 5 -1 -1 
352 99 32 15 0.14969883859157562 6 -1 -1 
595 294 104 45 0.14837127923965454 9 -1 -1 
693 198 28 24 0.14821167290210724 4 -1 -1 
261 213 32 27 0.14610473811626434 4 -1 -1 
928 183 28 21 0.14313547313213348 4 -1 -1 
596 294 102 46 0.13814443349838257 3 -1 -1 
885 348 88 35 0.13620729744434357 1 -1 -1 
298 170 28 24 0.13424192368984222 4 -1 -1 
859 556 19 44 0.13411666452884674 4 -1 -1 
1290 363 29 20 0.13356098532676697 3 -1 -1 
352 128 37 16 0.1304692178964615 5 -1 -1 
271 211 25 26 0.12931467592716217 7 -1 -1 
848 573 18 48 0.12881478667259216 4 -1 -1 
596 294 102 46 0.12878626585006714 1 -1 -1 
1264 524 87 55 0.12548838555812836 6 -1 -1 
311 216 33 28 0.12477432936429977 5 -1 -1 
-2 247 21 26 0.12341531366109848 3 -1 -1 
1196 723 133 41 0.12294690310955048 6 -1 -1 
1137 528 18 42 0.12247108668088913 1 -1 -1 
1072 309 75 33 0.11875255405902863 5 -1 -1 
1219 376 73 41 0.11403778940439224 5 -1 -1 
1194 710 131 48 0.11282563954591751 4 -1 -1 
884 319 82 31 0.1126604974269867 1 -1 -1 
1087 224 18 31 0.11210452765226364 1 -1 -1 
1290 363 30 20 0.11202862113714218 4 -1 -1 
973 185 21 29 0.1116701290011406 4 -1 -1 
1070 318 77 31 0.11066173017024994 5 -1 -1 
1180 720 122 42 0.10972827672958374 4 -1 -1 
884 318 81 32 0.10933699458837509 5 -1 -1 
792 228 34 24 0.1092035174369812 6 -1 -1 
287 184 29 26 0.1090838834643364 5 -1 -1 
1264 524 88 56 0.10901292413473129 1 -1 -1 
260 388 105 42 0.10876957327127457 1 -1 -1 
270 211 26 26 0.10635752975940704 6 -1 -1 
592 295 133 59 0.0657743439078331 6 -1 -1 
