539 384 50 53 0.9858972430229187 6 -1 -1 
416 370 65 61 0.9857469797134399 5 -1 -1 
1123 614 142 116 0.9434530138969421 4 -1 -1 
332 466 76 69 0.9415322542190552 4 -1 -1 
178 619 121 122 0.9285832047462463 4 -1 -1 
822 473 21 48 0.9209397435188293 1 -1 -1 
524 310 39 36 0.9158551096916199 4 -1 -1 
260 511 98 107 0.8999917507171631 5 -1 -1 
197 392 68 55 0.8969204425811768 4 -1 -1 
1026 480 143 60 0.891245424747467 4 -1 -1 
353 415 97 66 0.8821372985839844 4 -1 -1 
259 448 14 43 0.875231921672821 1 -1 -1 
861 296 34 28 0.8737401366233826 4 -1 -1 
248 438 14 41 0.8640619516372681 1 -1 -1 
471 323 43 37 0.8588007092475891 4 -1 -1 
698 129 14 21 0.8578264117240906 9 -1 -1 
880 312 46 36 0.8510656952857971 4 -1 -1 
846 281 33 24 0.829698383808136 4 -1 -1 
674 149 10 9 0.8284766674041748 4 -1 -1 
699 161 11 10 0.8265593647956848 4 -1 -1 
675 121 12 16 0.8239739537239075 9 -1 -1 
508 282 35 29 0.8188251256942749 4 -1 -1 
631 150 12 11 0.8149728775024414 4 -1 -1 
646 168 13 13 0.8132045865058899 4 -1 -1 
489 297 39 34 0.8120424747467041 4 -1 -1 
255 347 58 52 0.8018298149108887 4 -1 -1 
668 182 16 14 0.7991518378257751 4 -1 -1 
376 283 43 28 0.7941095232963562 4 -1 -1 
580 195 20 19 0.7873022556304932 4 -1 -1 
700 207 20 18 0.7870083451271057 4 -1 -1 
537 244 28 24 0.7676734328269958 4 -1 -1 
613 240 27 27 0.7642612457275391 4 -1 -1 
595 182 20 17 0.7596272230148315 4 -1 -1 
655 146 10 10 0.755729615688324 4 -1 -1 
448 355 44 36 0.7484050989151001 4 -1 -1 
356 299 39 31 0.7392889261245728 4 -1 -1 
647 159 12 9 0.7085845470428467 4 -1 -1 
269 439 13 38 0.7081438899040222 1 -1 -1 
577 206 17 17 0.7038443088531494 4 -1 -1 
168 373 47 32 0.69441157579422 10 -1 -1 
657 135 9 8 0.6804589033126831 4 -1 -1 
552 230 24 22 0.6733824014663696 4 -1 -1 
571 215 19 18 0.6726253628730774 4 -1 -1 
558 219 22 22 0.654080331325531 4 -1 -1 
759 325 12 26 0.6338420510292053 2 -1 -1 
932 386 55 46 0.6327881217002869 4 -1 -1 
833 250 23 21 0.6290651559829712 4 -1 -1 
679 139 9 9 0.6219685673713684 4 -1 -1 
616 170 6 12 0.6176463961601257 1 -1 -1 
146 425 66 66 0.6090908646583557 4 -1 -1 
261 439 15 39 0.6012877821922302 1 -1 -1 
780 188 19 17 0.5878053307533264 4 -1 -1 
283 318 67 29 0.5827313661575317 4 -1 -1 
701 175 5 9 0.5827154517173767 2 -1 -1 
760 334 11 22 0.5788422226905823 3 -1 -1 
701 178 6 9 0.5786844491958618 10 -1 -1 
258 435 13 34 0.5779478549957275 1 -1 -1 
406 265 30 26 0.573085367679596 4 -1 -1 
653 120 7 7 0.5725875496864319 4 -1 -1 
265 442 14 40 0.5664242506027222 1 -1 -1 
900 344 54 44 0.5656670928001404 4 -1 -1 
688 150 11 10 0.5649999380111694 4 -1 -1 
486 210 22 20 0.551057755947113 4 -1 -1 
663 129 6 6 0.545904815196991 4 -1 -1 
640 140 11 11 0.5340084433555603 5 -1 -1 
641 140 10 11 0.5239837765693665 4 -1 -1 
629 169 5 9 0.510780930519104 2 -1 -1 
103 720 118 43 0.4629887640476227 4 -1 -1 
380 259 8 19 0.45110321044921875 1 -1 -1 
824 233 19 18 0.4437882900238037 4 -1 -1 
580 212 13 12 0.4316071569919586 4 -1 -1 
261 512 96 104 0.4301610291004181 4 -1 -1 
900 344 54 44 0.4266291558742523 5 -1 -1 
634 133 10 8 0.4240546226501465 4 -1 -1 
675 122 11 15 0.41927483677864075 5 -1 -1 
393 267 8 14 0.41762691736221313 1 -1 -1 
255 441 14 42 0.41724494099617004 1 -1 -1 
122 404 20 23 0.4166315197944641 3 -1 -1 
629 173 5 9 0.4120735824108124 10 -1 -1 
633 134 9 11 0.3980572819709778 4 -1 -1 
698 129 14 21 0.3854854702949524 6 -1 -1 
558 219 22 22 0.3813323974609375 5 -1 -1 
636 127 10 10 0.3793111741542816 4 -1 -1 
641 125 8 8 0.37381574511528015 4 -1 -1 
680 132 8 8 0.36144906282424927 4 -1 -1 
570 215 20 18 0.36116206645965576 5 -1 -1 
629 173 5 9 0.3564097583293915 3 -1 -1 
679 135 9 10 0.35123980045318604 4 -1 -1 
190 324 10 11 0.3502293527126312 2 -1 -1 
675 121 11 16 0.3443599343299866 6 -1 -1 
638 126 11 9 0.34162062406539917 4 -1 -1 
631 137 11 11 0.33998623490333557 4 -1 -1 
540 384 49 53 0.33677512407302856 4 -1 -1 
146 424 67 68 0.33577507734298706 5 -1 -1 
660 129 7 6 0.33538109064102173 4 -1 -1 
661 132 7 5 0.3347565829753876 4 -1 -1 
759 334 12 22 0.3346671760082245 10 -1 -1 
792 208 30 21 0.3318646550178528 4 -1 -1 
688 150 11 10 0.33158567547798157 5 -1 -1 
693 124 8 9 0.3303734064102173 4 -1 -1 
629 171 5 11 0.32648253440856934 1 -1 -1 
0 552 61 76 0.32542380690574646 4 -1 -1 
991 641 53 68 0.3184572160243988 6 -1 -1 
656 130 7 6 0.3147554397583008 4 -1 -1 
679 139 9 9 0.3144696354866028 7 -1 -1 
692 126 7 7 0.29815512895584106 4 -1 -1 
803 209 41 28 0.2949339747428894 4 -1 -1 
1295 444 31 23 0.2929989695549011 10 -1 -1 
102 721 119 42 0.2889939844608307 5 -1 -1 
87 414 16 28 0.28845638036727905 2 -1 -1 
698 129 13 11 0.28832271695137024 9 -1 -1 
759 325 12 26 0.28741344809532166 1 -1 -1 
654 119 6 6 0.2869916260242462 4 -1 -1 
812 215 9 23 0.2861644923686981 1 -1 -1 
503 283 11 18 0.28542622923851013 1 -1 -1 
678 130 9 9 0.28388097882270813 4 -1 -1 
700 177 6 10 0.2838705778121948 2 -1 -1 
504 195 21 11 0.28384625911712646 4 -1 -1 
643 127 6 7 0.27739593386650085 4 -1 -1 
653 120 7 7 0.2760928273200989 5 -1 -1 
484 195 6 18 0.2724355161190033 1 -1 -1 
656 129 7 4 0.2700342833995819 4 -1 -1 
595 183 20 16 0.26686015725135803 5 -1 -1 
695 122 6 8 0.26607024669647217 4 -1 -1 
486 210 23 21 0.26565036177635193 5 -1 -1 
503 282 11 17 0.2650698721408844 2 -1 -1 
644 126 7 6 0.2649610936641693 4 -1 -1 
112 402 27 24 0.26020780205726624 3 -1 -1 
746 143 14 12 0.25977638363838196 4 -1 -1 
675 124 11 13 0.2565596103668213 4 -1 -1 
540 384 49 53 0.25596460700035095 5 -1 -1 
497 282 16 17 0.2543802857398987 2 -1 -1 
174 369 36 23 0.254320353269577 10 -1 -1 
695 123 9 9 0.25363224744796753 4 -1 -1 
760 324 10 17 0.25289344787597656 2 -1 -1 
480 195 7 18 0.25084492564201355 1 -1 -1 
653 125 5 6 0.2505649924278259 4 -1 -1 
633 137 9 11 0.249136820435524 6 -1 -1 
82 411 41 28 0.2482156902551651 8 -1 -1 
416 370 65 61 0.2243328094482422 4 -1 -1 
42 400 82 40 0.22021237015724182 8 -1 -1 
814 232 29 27 0.2144196480512619 4 -1 -1 
415 371 67 61 0.2126854956150055 8 -1 -1 
936 369 76 62 0.2061733901500702 4 -1 -1 
0 544 91 81 0.20079173147678375 4 -1 -1 
0 562 43 68 0.1945064812898636 4 -1 -1 
795 205 45 27 0.1919637769460678 4 -1 -1 
812 213 32 31 0.18534082174301147 4 -1 -1 
353 415 97 67 0.18457327783107758 5 -1 -1 
491 196 36 19 0.18418769538402557 4 -1 -1 
794 210 37 26 0.18275967240333557 4 -1 -1 
946 350 74 77 0.18184727430343628 4 -1 -1 
99 698 147 60 0.1818145215511322 4 -1 -1 
44 401 80 39 0.18148016929626465 7 -1 -1 
159 291 16 38 0.17384959757328033 10 -1 -1 
488 204 38 23 0.17332781851291656 4 -1 -1 
277 330 70 29 0.16721569001674652 4 -1 -1 
778 187 32 20 0.16720418632030487 4 -1 -1 
415 371 67 61 0.16638939082622528 10 -1 -1 
1296 445 34 23 0.16166779398918152 3 -1 -1 
817 241 35 30 0.16120170056819916 4 -1 -1 
260 346 77 25 0.1562560796737671 4 -1 -1 
35 400 89 40 0.1555158942937851 6 -1 -1 
287 322 82 32 0.15453577041625977 4 -1 -1 
951 348 69 62 0.15429866313934326 5 -1 -1 
76 709 135 54 0.15380027890205383 4 -1 -1 
936 356 72 55 0.14787520468235016 4 -1 -1 
416 370 65 61 0.14751064777374268 6 -1 -1 
62 394 76 42 0.14622798562049866 8 -1 -1 
811 224 32 26 0.14490261673927307 4 -1 -1 
991 641 53 68 0.14426404237747192 5 -1 -1 
415 371 67 61 0.14331834018230438 7 -1 -1 
492 198 48 22 0.14218886196613312 4 -1 -1 
991 641 53 69 0.14193150401115417 8 -1 -1 
0 534 50 79 0.14045526087284088 4 -1 -1 
283 318 71 29 0.13475251197814941 5 -1 -1 
1027 480 142 60 0.13251547515392303 5 -1 -1 
799 206 44 29 0.13125838339328766 5 -1 -1 
1 546 57 83 0.13001732528209686 5 -1 -1 
486 210 32 24 0.12984521687030792 4 -1 -1 
540 384 49 53 0.12885545194149017 7 -1 -1 
254 347 62 51 0.12670807540416718 5 -1 -1 
0 391 111 49 0.12531311810016632 6 -1 -1 
1027 480 142 60 0.12459442764520645 9 -1 -1 
539 239 29 25 0.12326708436012268 4 -1 -1 
540 384 49 53 0.12080251425504684 9 -1 -1 
613 240 27 27 0.12036638706922531 5 -1 -1 
260 513 97 104 0.120057612657547 6 -1 -1 
0 512 71 122 0.11984831094741821 4 -1 -1 
551 229 26 24 0.11923877149820328 5 -1 -1 
487 208 36 23 0.11859248578548431 5 -1 -1 
1125 613 142 117 0.1178579032421112 5 -1 -1 
129 687 133 57 0.11772441864013672 4 -1 -1 
416 370 65 61 0.1168806329369545 2 -1 -1 
49 391 79 42 0.11667674779891968 6 -1 -1 
63 396 75 42 0.11626192927360535 7 -1 -1 
0 528 102 104 0.11613064259290695 6 -1 -1 
287 286 70 43 0.1159542053937912 6 -1 -1 
932 362 57 55 0.11505061388015747 4 -1 -1 
1123 613 142 117 0.11149830371141434 1 -1 -1 
814 204 35 30 0.10895029455423355 4 -1 -1 
3 567 102 70 0.10807304084300995 4 -1 -1 
1 550 57 79 0.10794591158628464 6 -1 -1 
562 212 28 23 0.10742006450891495 4 -1 -1 
537 245 29 23 0.10713420063257217 5 -1 -1 
809 212 35 24 0.10612275451421738 5 -1 -1 
0 545 144 92 0.10568840801715851 6 -1 -1 
180 619 119 120 0.10533590614795685 5 -1 -1 
332 466 76 69 0.1034460961818695 1 -1 -1 
42 400 82 40 0.10261267423629761 5 -1 -1 
1124 613 141 117 0.10221702605485916 9 -1 -1 
965 347 57 63 0.10183930397033691 4 -1 -1 
35 399 89 41 0.10044732689857483 4 -1 -1 
482 203 31 24 0.100247323513031 4 -1 -1 
758 323 15 34 0.09948156028985977 3 -1 -1 
476 210 31 25 0.09945834428071976 4 -1 -1 
285 298 69 39 0.09836771339178085 6 -1 -1 
0 570 54 72 0.09788212180137634 4 -1 -1 
812 232 31 23 0.09699206054210663 5 -1 -1 
991 641 53 69 0.09688593447208405 7 -1 -1 
540 384 49 53 0.09644178301095963 8 -1 -1 
1026 481 142 59 0.09635031223297119 1 -1 -1 
0 544 95 84 0.09587548673152924 5 -1 -1 
424 357 65 49 0.09490024298429489 4 -1 -1 
353 415 97 66 0.09415298700332642 1 -1 -1 
99 698 147 60 0.09349320828914642 5 -1 -1 
198 392 66 54 0.09283286333084106 5 -1 -1 
805 235 40 37 0.09278205782175064 4 -1 -1 
255 347 58 52 0.0926205962896347 1 -1 -1 
111 632 178 111 0.09076959639787674 4 -1 -1 
285 298 69 39 0.08999955654144287 4 -1 -1 
333 466 76 68 0.08854962140321732 5 -1 -1 
500 194 44 22 0.08766742795705795 4 -1 -1 
793 200 33 25 0.08706993609666824 4 -1 -1 
274 338 79 30 0.08654353767633438 4 -1 -1 
485 210 27 22 0.0862291008234024 6 -1 -1 
967 347 56 60 0.08560461550951004 8 -1 -1 
0 537 137 96 0.08504904806613922 4 -1 -1 
283 318 70 29 0.08502766489982605 6 -1 -1 
991 641 53 68 0.08501815795898438 4 -1 -1 
799 228 44 26 0.0847708135843277 4 -1 -1 
103 720 119 44 0.08429114520549774 6 -1 -1 
0 562 43 68 0.08402995020151138 5 -1 -1 
931 387 55 44 0.08368663489818573 5 -1 -1 
297 327 81 35 0.08309505134820938 4 -1 -1 
167 290 17 38 0.08268330991268158 10 -1 -1 
292 313 85 33 0.08245421200990677 4 -1 -1 
294 266 78 43 0.08230479061603546 6 -1 -1 
179 620 120 121 0.0822460874915123 6 -1 -1 
72 505 63 60 0.08172977715730667 4 -1 -1 
196 392 68 55 0.08162195980548859 1 -1 -1 
99 698 147 60 0.08020920306444168 9 -1 -1 
539 384 50 53 0.07999280095100403 10 -1 -1 
159 293 25 40 0.07996334135532379 10 -1 -1 
416 370 65 61 0.07978750765323639 9 -1 -1 
416 370 65 61 0.07948870211839676 1 -1 -1 
98 719 124 44 0.07928300648927689 8 -1 -1 
57 386 77 41 0.07928095012903214 7 -1 -1 
794 217 40 31 0.07879796624183655 4 -1 -1 
828 249 28 23 0.07858967036008835 5 -1 -1 
1124 613 141 118 0.07836118340492249 6 -1 -1 
146 424 67 68 0.07819899916648865 6 -1 -1 
770 186 31 22 0.07806958258152008 4 -1 -1 
0 393 114 49 0.076813243329525 9 -1 -1 
613 240 27 27 0.07645431905984879 1 -1 -1 
808 233 35 35 0.07636186480522156 5 -1 -1 
792 208 30 21 0.07598764449357986 5 -1 -1 
1 552 52 77 0.0753907561302185 7 -1 -1 
57 689 167 72 0.07524769008159637 4 -1 -1 
313 257 89 41 0.0748332068324089 6 -1 -1 
178 619 121 122 0.07473541051149368 7 -1 -1 
446 199 36 23 0.07432124018669128 4 -1 -1 
0 562 43 68 0.07431339472532272 9 -1 -1 
260 513 97 104 0.07401620596647263 9 -1 -1 
92 664 168 81 0.0710340142250061 4 -1 -1 
178 619 121 122 0.068996861577034 9 -1 -1 
179 620 120 121 0.06631915271282196 10 -1 -1 
178 620 120 121 0.06455274671316147 1 -1 -1 
1027 480 142 60 0.06417784094810486 10 -1 -1 
1027 480 142 60 0.05760205164551735 6 -1 -1 
0 512 71 122 0.05607686936855316 5 -1 -1 
260 511 98 107 0.05466365069150925 8 -1 -1 
3 537 151 94 0.054024215787649155 5 -1 -1 
0 551 105 115 0.05316625162959099 4 -1 -1 
0 551 105 115 0.0516120046377182 6 -1 -1 
0 528 102 104 0.05135154724121094 9 -1 -1 
