623 343 16 21 0.9981777667999268 9 -1 -1 
581 547 29 27 0.9014047980308533 4 -1 -1 
678 345 17 24 0.8665607571601868 8 -1 -1 
655 329 8 7 0.7271003723144531 4 -1 -1 
633 327 8 7 0.6982375979423523 4 -1 -1 
347 465 27 24 0.6637532711029053 4 -1 -1 
677 323 7 7 0.6587172150611877 4 -1 -1 
449 440 36 17 0.6570587754249573 4 -1 -1 
315 455 29 23 0.6207545399665833 4 -1 -1 
407 432 28 23 0.6068024635314941 4 -1 -1 
289 469 33 25 0.5962079763412476 4 -1 -1 
612 395 14 17 0.5614370703697205 5 -1 -1 
423 423 25 20 0.5440961718559265 5 -1 -1 
1027 289 28 10 0.5249338746070862 6 -1 -1 
1303 294 22 10 0.49201443791389465 4 -1 -1 
284 469 7 19 0.4641812741756439 1 -1 -1 
315 456 29 22 0.4505760073661804 5 -1 -1 
290 469 32 25 0.4334671199321747 5 -1 -1 
611 395 14 17 0.4333781898021698 4 -1 -1 
423 423 24 21 0.39498013257980347 4 -1 -1 
681 271 4 5 0.39074745774269104 4 -1 -1 
623 343 16 21 0.3875635266304016 4 -1 -1 
672 274 5 5 0.36358320713043213 4 -1 -1 
679 345 17 24 0.36263152956962585 5 -1 -1 
889 286 13 8 0.3390921652317047 4 -1 -1 
591 295 17 9 0.3311672806739807 4 -1 -1 
623 343 16 21 0.33002251386642456 10 -1 -1 
856 418 19 11 0.327644407749176 9 -1 -1 
623 342 16 22 0.32726532220840454 3 -1 -1 
408 433 27 22 0.325022429227829 5 -1 -1 
745 357 27 11 0.3247247636318207 4 -1 -1 
1047 291 16 9 0.31848978996276855 4 -1 -1 
448 440 37 17 0.3138571083545685 5 -1 -1 
1052 291 15 8 0.3096659481525421 4 -1 -1 
334 456 9 31 0.308603435754776 4 -1 -1 
680 346 15 23 0.2941778004169464 6 -1 -1 
347 465 27 25 0.2925433814525604 5 -1 -1 
753 339 10 7 0.2924616038799286 4 -1 -1 
849 283 23 11 0.28650692105293274 4 -1 -1 
622 343 17 22 0.28630220890045166 1 -1 -1 
623 343 16 21 0.2706812024116516 2 -1 -1 
677 322 7 8 0.26740214228630066 5 -1 -1 
593 294 17 9 0.2660871148109436 4 -1 -1 
623 343 16 21 0.265941858291626 5 -1 -1 
334 456 9 30 0.25979265570640564 5 -1 -1 
623 343 16 21 0.2576104998588562 7 -1 -1 
862 425 25 12 0.256116658449173 9 -1 -1 
529 327 21 9 0.2538612186908722 4 -1 -1 
695 281 5 7 0.24704675376415253 6 -1 -1 
623 343 16 21 0.24403421580791473 8 -1 -1 
939 280 23 16 0.24279898405075073 6 -1 -1 
928 289 14 7 0.23592129349708557 4 -1 -1 
623 343 16 21 0.23210865259170532 6 -1 -1 
1093 289 23 9 0.23137176036834717 6 -1 -1 
889 287 18 9 0.2228391319513321 4 -1 -1 
1193 292 49 14 0.22259031236171722 9 -1 -1 
915 483 37 15 0.22055169939994812 6 -1 -1 
612 395 13 17 0.21957848966121674 9 -1 -1 
926 489 41 18 0.21260251104831696 6 -1 -1 
449 440 28 12 0.20988459885120392 4 -1 -1 
1099 289 27 11 0.20413890480995178 6 -1 -1 
681 271 4 5 0.2037096917629242 5 -1 -1 
347 480 11 10 0.20310616493225098 10 -1 -1 
872 278 14 14 0.19959747791290283 6 -1 -1 
655 329 8 7 0.1975553035736084 5 -1 -1 
1201 318 15 7 0.19462323188781738 10 -1 -1 
916 273 43 19 0.19411109387874603 6 -1 -1 
672 274 5 5 0.18987122178077698 5 -1 -1 
1102 291 42 11 0.18731820583343506 6 -1 -1 
633 327 7 7 0.18695302307605743 5 -1 -1 
711 275 3 6 0.1858791708946228 1 -1 -1 
892 287 26 11 0.18580123782157898 6 -1 -1 
918 485 46 15 0.1854204684495926 6 -1 -1 
284 469 7 19 0.18498633801937103 3 -1 -1 
697 276 4 6 0.18448951840400696 6 -1 -1 
678 345 17 24 0.18422207236289978 9 -1 -1 
284 469 7 19 0.17884887754917145 2 -1 -1 
601 290 18 9 0.17861172556877136 4 -1 -1 
696 277 5 7 0.17840886116027832 6 -1 -1 
929 494 42 20 0.17469371855258942 6 -1 -1 
1101 291 50 12 0.1739244908094406 9 -1 -1 
597 292 17 9 0.1705268919467926 4 -1 -1 
1027 292 10 7 0.1688794642686844 10 -1 -1 
672 274 5 5 0.1684989184141159 6 -1 -1 
973 280 24 12 0.16836689412593842 9 -1 -1 
861 423 21 12 0.16764819622039795 9 -1 -1 
612 395 13 17 0.1667623072862625 6 -1 -1 
914 479 57 22 0.16616995632648468 6 -1 -1 
399 456 39 16 0.16559994220733643 6 -1 -1 
875 286 11 7 0.16558493673801422 4 -1 -1 
678 345 17 24 0.16547934710979462 7 -1 -1 
859 419 23 13 0.1640198826789856 9 -1 -1 
756 411 17 9 0.1634475290775299 10 -1 -1 
925 288 14 7 0.16330398619174957 4 -1 -1 
314 430 39 19 0.16143766045570374 6 -1 -1 
1027 292 10 7 0.16081315279006958 4 -1 -1 
310 452 11 19 0.16010929644107819 1 -1 -1 
1104 291 31 11 0.15944355726242065 9 -1 -1 
930 497 30 15 0.15797671675682068 6 -1 -1 
848 283 21 11 0.1563502848148346 5 -1 -1 
679 346 16 22 0.1558472216129303 4 -1 -1 
334 458 4 30 0.15569040179252625 4 -1 -1 
302 422 18 22 0.1539529263973236 4 -1 -1 
1096 287 27 11 0.1535942703485489 6 -1 -1 
1061 291 11 9 0.15295299887657166 4 -1 -1 
1053 291 11 8 0.15201826393604279 5 -1 -1 
681 271 4 5 0.1510048359632492 6 -1 -1 
757 435 43 20 0.15096022188663483 6 -1 -1 
884 283 15 9 0.15042917430400848 4 -1 -1 
525 324 21 11 0.15023602545261383 4 -1 -1 
681 269 4 5 0.14966009557247162 4 -1 -1 
448 422 21 15 0.149225652217865 6 -1 -1 
866 429 22 11 0.14749911427497864 9 -1 -1 
856 418 15 12 0.14689718186855316 6 -1 -1 
1212 292 33 14 0.1447777897119522 9 -1 -1 
923 489 32 15 0.1421038806438446 6 -1 -1 
920 287 14 7 0.14174896478652954 4 -1 -1 
750 332 4 8 0.14170432090759277 1 -1 -1 
334 456 9 28 0.14149951934814453 9 -1 -1 
281 469 10 17 0.14095430076122284 1 -1 -1 
696 279 4 7 0.14048931002616882 6 -1 -1 
314 430 39 19 0.13890883326530457 4 -1 -1 
656 326 7 8 0.13830697536468506 4 -1 -1 
862 425 25 12 0.1376410722732544 6 -1 -1 
585 296 21 10 0.13666938245296478 4 -1 -1 
1044 292 12 8 0.13657858967781067 4 -1 -1 
1096 291 24 10 0.1365259885787964 6 -1 -1 
828 271 15 8 0.136083722114563 4 -1 -1 
1015 288 10 9 0.13594606518745422 4 -1 -1 
921 288 7 4 0.13529084622859955 4 -1 -1 
921 285 17 9 0.13504745066165924 6 -1 -1 
448 440 27 13 0.13449910283088684 5 -1 -1 
1206 318 11 7 0.1344441920518875 2 -1 -1 
695 284 5 6 0.13383884727954865 6 -1 -1 
1105 289 29 12 0.1337336301803589 6 -1 -1 
374 442 64 33 0.13315051794052124 6 -1 -1 
926 487 51 25 0.13296422362327576 6 -1 -1 
920 281 20 12 0.1313343048095703 6 -1 -1 
345 463 49 29 0.1312757134437561 4 -1 -1 
309 451 16 18 0.1309867948293686 10 -1 -1 
1047 291 16 9 0.13090641796588898 5 -1 -1 
914 480 32 15 0.12999887764453888 6 -1 -1 
752 441 26 13 0.12885963916778564 6 -1 -1 
334 457 10 20 0.12881194055080414 6 -1 -1 
682 270 5 5 0.12878203392028809 4 -1 -1 
1134 294 21 10 0.12855568528175354 6 -1 -1 
419 425 25 23 0.1281026303768158 4 -1 -1 
1183 292 46 13 0.12707144021987915 9 -1 -1 
309 450 16 18 0.12700550258159637 4 -1 -1 
1015 288 10 9 0.1267513930797577 7 -1 -1 
909 275 16 7 0.12656337022781372 4 -1 -1 
834 389 13 6 0.12645769119262695 4 -1 -1 
1131 294 16 8 0.1263270080089569 4 -1 -1 
306 430 33 20 0.12628933787345886 6 -1 -1 
681 271 4 5 0.12567655742168427 9 -1 -1 
1049 291 14 8 0.12542657554149628 6 -1 -1 
408 433 27 22 0.12525714933872223 6 -1 -1 
889 286 13 9 0.1248992308974266 5 -1 -1 
737 350 5 6 0.1236068531870842 4 -1 -1 
310 452 25 20 0.12354778498411179 4 -1 -1 
672 274 5 5 0.12342074513435364 9 -1 -1 
948 482 22 12 0.12332945317029953 4 -1 -1 
881 277 10 6 0.12331824004650116 4 -1 -1 
334 460 3 29 0.12294629216194153 1 -1 -1 
1320 301 26 10 0.12288287281990051 4 -1 -1 
532 328 20 10 0.12247321754693985 4 -1 -1 
830 274 43 22 0.12203960120677948 9 -1 -1 
809 272 13 6 0.12165915220975876 4 -1 -1 
887 281 13 8 0.12116934359073639 4 -1 -1 
1102 288 28 11 0.1210969015955925 9 -1 -1 
939 278 19 11 0.12086566537618637 6 -1 -1 
389 432 46 25 0.1208602711558342 4 -1 -1 
875 282 13 11 0.12079080194234848 6 -1 -1 
739 325 6 8 0.12013490498065948 4 -1 -1 
346 473 14 16 0.11975059658288956 10 -1 -1 
1026 289 29 11 0.11972445249557495 4 -1 -1 
1094 286 22 9 0.1194891408085823 6 -1 -1 
334 454 10 21 0.11923385411500931 4 -1 -1 
315 455 29 22 0.11906836181879044 6 -1 -1 
423 423 24 21 0.11904779821634293 6 -1 -1 
585 298 16 10 0.11873964220285416 4 -1 -1 
891 285 24 10 0.11749445647001266 6 -1 -1 
289 469 33 25 0.11727701127529144 6 -1 -1 
815 272 59 24 0.11711643636226654 4 -1 -1 
687 265 4 5 0.11705084145069122 9 -1 -1 
1098 291 16 9 0.11648711562156677 6 -1 -1 
568 315 10 7 0.1164093166589737 4 -1 -1 
883 284 34 14 0.11554929614067078 9 -1 -1 
830 274 43 22 0.1152261346578598 6 -1 -1 
681 264 4 5 0.11470416188240051 9 -1 -1 
697 276 4 5 0.11457806080579758 2 -1 -1 
883 285 34 14 0.11443796008825302 6 -1 -1 
448 440 37 17 0.11417366564273834 6 -1 -1 
393 456 45 19 0.11240038275718689 4 -1 -1 
927 273 35 16 0.1123507171869278 6 -1 -1 
1043 289 27 12 0.1084357500076294 4 -1 -1 
865 277 23 16 0.10831926763057709 6 -1 -1 
419 425 25 23 0.10439836233854294 5 -1 -1 
847 406 26 13 0.10335526615381241 6 -1 -1 
864 423 31 15 0.10204590111970901 9 -1 -1 
843 282 30 14 0.10195843875408173 5 -1 -1 
876 282 36 15 0.10185917466878891 9 -1 -1 
408 433 27 22 0.09734882414340973 9 -1 -1 
678 345 17 24 0.09692663699388504 3 -1 -1 
912 274 39 15 0.09686946123838425 6 -1 -1 
917 275 42 17 0.09666206687688828 9 -1 -1 
382 431 54 39 0.09637050330638885 6 -1 -1 
407 458 31 14 0.09574960172176361 4 -1 -1 
825 269 49 21 0.09511658549308777 9 -1 -1 
1173 292 45 12 0.09497737139463425 9 -1 -1 
581 547 29 27 0.09494192153215408 5 -1 -1 
801 271 72 24 0.09267791360616684 9 -1 -1 
876 282 36 15 0.0926700085401535 6 -1 -1 
679 345 17 24 0.09245537966489792 2 -1 -1 
491 344 28 14 0.09192194789648056 4 -1 -1 
1119 291 36 11 0.09134699404239655 9 -1 -1 
678 345 17 24 0.08993234485387802 1 -1 -1 
849 281 28 14 0.08644619584083557 5 -1 -1 
842 280 32 16 0.08538266271352768 6 -1 -1 
374 442 64 33 0.08463361114263535 4 -1 -1 
828 277 46 18 0.08388633280992508 4 -1 -1 
347 465 27 24 0.08360785990953445 1 -1 -1 
1033 290 32 12 0.0832076147198677 4 -1 -1 
754 437 30 18 0.0827871635556221 6 -1 -1 
389 462 37 16 0.0822620838880539 4 -1 -1 
840 281 32 15 0.08191309869289398 9 -1 -1 
824 269 48 21 0.08146658539772034 4 -1 -1 
423 423 24 21 0.0814555287361145 9 -1 -1 
930 277 32 19 0.08082163333892822 6 -1 -1 
1091 284 38 14 0.0802478939294815 6 -1 -1 
400 457 38 16 0.07986626029014587 5 -1 -1 
802 272 49 18 0.07958009093999863 4 -1 -1 
347 465 27 24 0.07945055514574051 6 -1 -1 
374 442 64 33 0.0782386064529419 5 -1 -1 
408 433 27 22 0.07804182171821594 1 -1 -1 
423 423 23 20 0.07796531170606613 8 -1 -1 
1026 289 29 11 0.07731679081916809 5 -1 -1 
1124 292 32 12 0.07718507200479507 6 -1 -1 
389 432 46 25 0.07590661197900772 6 -1 -1 
937 276 28 15 0.07570546865463257 6 -1 -1 
1212 292 33 14 0.07564909011125565 6 -1 -1 
522 324 29 14 0.07526665925979614 4 -1 -1 
393 460 44 17 0.07474216818809509 6 -1 -1 
581 547 29 27 0.07414073497056961 1 -1 -1 
823 272 50 24 0.07411489635705948 5 -1 -1 
389 432 46 25 0.07399331778287888 5 -1 -1 
347 465 27 24 0.07317730039358139 9 -1 -1 
375 433 60 39 0.07268495857715607 9 -1 -1 
861 424 29 14 0.07222702354192734 4 -1 -1 
861 424 29 14 0.07158921658992767 5 -1 -1 
346 464 54 28 0.07138669490814209 5 -1 -1 
1002 281 49 15 0.07138394564390182 6 -1 -1 
1194 292 48 14 0.07130362093448639 6 -1 -1 
382 431 55 35 0.07076159119606018 4 -1 -1 
449 440 36 17 0.07068236917257309 1 -1 -1 
847 276 37 17 0.07064414769411087 6 -1 -1 
1037 290 31 12 0.07030123472213745 6 -1 -1 
346 464 54 28 0.07006446272134781 9 -1 -1 
757 440 35 17 0.0698520839214325 6 -1 -1 
847 407 26 13 0.069481261074543 9 -1 -1 
755 436 43 20 0.06904380768537521 7 -1 -1 
832 281 38 17 0.06866702437400818 4 -1 -1 
865 277 23 16 0.06816507130861282 9 -1 -1 
920 272 38 15 0.0679209902882576 6 -1 -1 
856 417 26 14 0.0676065981388092 6 -1 -1 
407 436 29 31 0.0672653391957283 4 -1 -1 
751 355 26 15 0.06717947125434875 4 -1 -1 
1094 289 37 12 0.06704027205705643 9 -1 -1 
393 460 44 17 0.06690865755081177 5 -1 -1 
910 275 36 15 0.06666498631238937 9 -1 -1 
678 345 17 24 0.06665448099374771 10 -1 -1 
447 420 23 17 0.06594834476709366 5 -1 -1 
389 432 46 26 0.06549659371376038 9 -1 -1 
918 279 41 17 0.06498954445123672 6 -1 -1 
448 431 30 17 0.06469825655221939 4 -1 -1 
876 286 39 17 0.06407555192708969 9 -1 -1 
407 436 29 31 0.06375724822282791 6 -1 -1 
872 279 26 15 0.06354980915784836 6 -1 -1 
382 431 54 39 0.06343109905719757 5 -1 -1 
883 284 34 14 0.0628129243850708 5 -1 -1 
1319 300 30 11 0.06263390183448792 6 -1 -1 
804 273 72 27 0.061057522892951965 6 -1 -1 
373 447 59 30 0.06001861020922661 9 -1 -1 
353 456 70 29 0.05211161822080612 4 -1 -1 
346 462 63 29 0.05164948105812073 6 -1 -1 
370 449 58 30 0.05112358555197716 6 -1 -1 
