1140 463 86 81 0.9880657196044922 5 -1 -1 
474 573 115 108 0.9386085271835327 4 -1 -1 
575 315 54 66 0.9377307295799255 4 -1 -1 
529 304 45 44 0.9205949902534485 7 -1 -1 
541 362 32 49 0.9169163107872009 7 -1 -1 
1080 597 108 118 0.8875370621681213 4 -1 -1 
570 175 64 41 0.8731906414031982 4 -1 -1 
912 106 33 30 0.8698645830154419 4 -1 -1 
592 96 48 32 0.8622512817382812 4 -1 -1 
561 209 67 40 0.8612645268440247 4 -1 -1 
1042 331 65 58 0.8566659092903137 4 -1 -1 
933 135 38 31 0.8544241189956665 4 -1 -1 
955 166 43 36 0.8531264662742615 4 -1 -1 
82 65 10 23 0.8344328999519348 1 -1 -1 
590 64 50 28 0.8171463012695312 4 -1 -1 
261 330 20 34 0.8077320456504822 1 -1 -1 
17 151 15 31 0.8009137511253357 1 -1 -1 
646 64 29 30 0.7977601289749146 4 -1 -1 
591 81 51 28 0.7969801425933838 4 -1 -1 
37 119 12 26 0.7939228415489197 1 -1 -1 
1093 6 43 18 0.7930753827095032 4 -1 -1 
583 123 52 36 0.7919313311576843 4 -1 -1 
616 37 43 22 0.7884345054626465 4 -1 -1 
982 211 53 44 0.7866169214248657 4 -1 -1 
48 75 12 27 0.7784529328346252 1 -1 -1 
768 1 23 19 0.7758837342262268 4 -1 -1 
556 230 71 46 0.7567335367202759 4 -1 -1 
841 0 31 22 0.7566994428634644 5 -1 -1 
461 657 156 108 0.7508666515350342 4 -1 -1 
579 148 55 37 0.7497703433036804 4 -1 -1 
891 75 29 26 0.7419474720954895 4 -1 -1 
616 424 14 35 0.7345305681228638 3 -1 -1 
854 29 32 21 0.7318662405014038 4 -1 -1 
486 476 56 75 0.7279187440872192 7 -1 -1 
31 160 9 18 0.7144340872764587 1 -1 -1 
1274 649 83 117 0.7130625247955322 4 -1 -1 
346 369 30 21 0.7057446837425232 3 -1 -1 
73 63 10 26 0.704599142074585 1 -1 -1 
849 19 33 19 0.6974107623100281 4 -1 -1 
314 31 8 20 0.6951115131378174 1 -1 -1 
525 4 23 17 0.6890278458595276 3 -1 -1 
134 24 23 15 0.67572420835495 10 -1 -1 
124 41 19 13 0.6732968091964722 10 -1 -1 
89 116 25 15 0.6712526082992554 10 -1 -1 
60 76 11 25 0.6589940190315247 1 -1 -1 
171 7 10 20 0.6544787883758545 1 -1 -1 
548 265 54 51 0.6508169770240784 4 -1 -1 
200 29 19 14 0.6425763368606567 3 -1 -1 
68 28 20 15 0.6413427591323853 3 -1 -1 
880 56 28 23 0.6364012360572815 4 -1 -1 
642 11 22 26 0.6344838738441467 5 -1 -1 
316 18 7 18 0.6278119087219238 1 -1 -1 
871 41 26 23 0.6264559626579285 4 -1 -1 
582 0 6 13 0.6135661602020264 1 -1 -1 
616 413 15 31 0.6114320755004883 2 -1 -1 
1021 277 48 50 0.5970296263694763 4 -1 -1 
332 76 10 14 0.5894973874092102 2 -1 -1 
243 13 22 16 0.5882896780967712 3 -1 -1 
593 48 53 25 0.5849764347076416 4 -1 -1 
1096 392 85 68 0.583087146282196 5 -1 -1 
665 0 31 17 0.5792001485824585 4 -1 -1 
105 49 26 15 0.5788773894309998 10 -1 -1 
1096 392 84 68 0.5769656300544739 4 -1 -1 
804 1 6 13 0.5756443738937378 1 -1 -1 
90 66 10 24 0.5719670057296753 1 -1 -1 
95 138 14 19 0.570597767829895 2 -1 -1 
71 95 11 18 0.5680582523345947 2 -1 -1 
147 14 23 15 0.5649781227111816 10 -1 -1 
162 27 23 15 0.5649677515029907 10 -1 -1 
751 0 7 15 0.5644659996032715 1 -1 -1 
642 11 22 26 0.5617241263389587 4 -1 -1 
1032 0 34 12 0.5615493059158325 4 -1 -1 
592 0 6 14 0.5583412647247314 1 -1 -1 
96 70 22 15 0.5505666136741638 10 -1 -1 
54 40 22 15 0.5424959063529968 10 -1 -1 
349 351 36 30 0.5398577451705933 8 -1 -1 
1022 277 47 50 0.5365641117095947 5 -1 -1 
104 58 26 15 0.5122675895690918 10 -1 -1 
438 31 25 15 0.5073702931404114 10 -1 -1 
797 0 7 12 0.5013868808746338 1 -1 -1 
351 357 20 26 0.4916757047176361 2 -1 -1 
116 9 9 16 0.48652029037475586 2 -1 -1 
73 103 18 16 0.4848155379295349 3 -1 -1 
2 28 10 18 0.4838225841522217 2 -1 -1 
337 14 12 19 0.48270413279533386 7 -1 -1 
162 27 23 15 0.48164862394332886 3 -1 -1 
105 54 25 15 0.47802191972732544 10 -1 -1 
26 121 19 29 0.47394466400146484 1 -1 -1 
101 65 24 14 0.46527299284935 10 -1 -1 
327 14 7 14 0.4632713794708252 1 -1 -1 
347 362 35 25 0.46104028820991516 3 -1 -1 
311 4 4 13 0.4567662477493286 1 -1 -1 
802 0 7 14 0.45558395981788635 1 -1 -1 
524 5 24 16 0.45512712001800537 10 -1 -1 
796 0 6 11 0.4549276828765869 1 -1 -1 
6 127 16 22 0.45291826128959656 1 -1 -1 
117 14 11 16 0.4513363540172577 10 -1 -1 
321 1 5 14 0.4461402893066406 1 -1 -1 
104 59 26 15 0.4424729645252228 3 -1 -1 
261 27 26 34 0.44179531931877136 6 -1 -1 
2 28 11 19 0.4403159022331238 1 -1 -1 
102 63 24 16 0.43663641810417175 3 -1 -1 
332 78 12 15 0.42713287472724915 2 -1 -1 
200 28 19 14 0.42333725094795227 10 -1 -1 
71 102 20 17 0.4215342700481415 10 -1 -1 
84 136 12 19 0.4189695417881012 2 -1 -1 
21 122 16 28 0.41743355989456177 1 -1 -1 
438 32 25 14 0.41693952679634094 3 -1 -1 
800 0 6 13 0.41687095165252686 1 -1 -1 
84 153 24 20 0.4110003709793091 10 -1 -1 
88 126 23 14 0.4024584889411926 10 -1 -1 
592 48 53 25 0.39465269446372986 5 -1 -1 
99 67 22 15 0.38145384192466736 10 -1 -1 
106 37 16 15 0.3810366094112396 1 -1 -1 
351 358 33 27 0.379220575094223 2 -1 -1 
106 46 25 14 0.3763742744922638 10 -1 -1 
332 79 12 14 0.3732033371925354 7 -1 -1 
332 79 12 14 0.36575958132743835 10 -1 -1 
748 2 9 14 0.36512210965156555 1 -1 -1 
326 0 6 13 0.36382007598876953 1 -1 -1 
603 2 20 12 0.36042481660842896 4 -1 -1 
23 118 19 27 0.35958999395370483 1 -1 -1 
243 15 22 14 0.35919782519340515 10 -1 -1 
549 265 53 50 0.35838305950164795 5 -1 -1 
90 66 9 18 0.3575042188167572 2 -1 -1 
350 359 35 26 0.349360853433609 10 -1 -1 
116 11 10 17 0.3445841670036316 10 -1 -1 
244 20 21 11 0.33841535449028015 3 -1 -1 
341 10 7 13 0.3360099494457245 2 -1 -1 
339 12 10 17 0.3358951508998871 1 -1 -1 
23 77 23 35 0.3310200572013855 7 -1 -1 
0 573 23 33 0.3308689594268799 2 -1 -1 
117 9 9 17 0.33011895418167114 1 -1 -1 
340 11 8 14 0.3299374282360077 1 -1 -1 
71 97 15 21 0.32685399055480957 2 -1 -1 
0 579 21 23 0.32510697841644287 1 -1 -1 
323 0 7 14 0.32334521412849426 1 -1 -1 
260 28 28 32 0.31857168674468994 8 -1 -1 
1140 463 86 81 0.3019562065601349 4 -1 -1 
555 230 71 46 0.297545462846756 5 -1 -1 
601 0 45 17 0.2815670073032379 4 -1 -1 
1140 463 86 81 0.2646520137786865 8 -1 -1 
880 56 28 23 0.2583666443824768 5 -1 -1 
842 0 47 22 0.25761878490448 5 -1 -1 
1090 1 40 15 0.2503133714199066 4 -1 -1 
461 658 154 106 0.24975639581680298 5 -1 -1 
1140 463 86 81 0.2454432100057602 10 -1 -1 
6 126 25 31 0.24481266736984253 1 -1 -1 
93 63 33 19 0.23554496467113495 10 -1 -1 
615 413 17 33 0.2214406579732895 1 -1 -1 
891 74 29 27 0.20899167656898499 5 -1 -1 
841 0 31 22 0.20082858204841614 4 -1 -1 
24 77 23 34 0.19630150496959686 10 -1 -1 
93 63 33 19 0.19614368677139282 3 -1 -1 
1140 464 86 80 0.18374978005886078 6 -1 -1 
1042 331 66 58 0.18327860534191132 5 -1 -1 
850 17 45 19 0.17942500114440918 4 -1 -1 
241 5 25 26 0.17881174385547638 3 -1 -1 
1140 463 86 81 0.17839550971984863 7 -1 -1 
113 567 112 131 0.17794941365718842 4 -1 -1 
260 27 28 34 0.17780956625938416 7 -1 -1 
84 142 27 28 0.17716224491596222 10 -1 -1 
593 0 39 17 0.1763804703950882 4 -1 -1 
83 136 29 24 0.17353853583335876 10 -1 -1 
25 75 22 37 0.17231230437755585 2 -1 -1 
14 117 25 31 0.17212019860744476 1 -1 -1 
615 414 16 34 0.1700306385755539 3 -1 -1 
514 365 61 113 0.16900664567947388 7 -1 -1 
1079 598 109 117 0.16838416457176208 5 -1 -1 
601 0 45 17 0.16642406582832336 6 -1 -1 
152 1 40 21 0.1637590527534485 8 -1 -1 
527 303 47 48 0.1597934365272522 8 -1 -1 
601 0 45 17 0.15849900245666504 5 -1 -1 
859 30 35 23 0.15834368765354156 4 -1 -1 
152 1 40 21 0.15784238278865814 7 -1 -1 
485 654 127 54 0.1546042412519455 4 -1 -1 
103 50 29 21 0.15407365560531616 3 -1 -1 
1087 -1 42 14 0.15406112372875214 9 -1 -1 
23 77 23 35 0.1535365730524063 8 -1 -1 
849 19 36 19 0.1523195207118988 5 -1 -1 
664 0 31 18 0.15178485214710236 5 -1 -1 
486 477 56 74 0.1509246826171875 8 -1 -1 
83 147 26 26 0.149520143866539 7 -1 -1 
560 208 69 41 0.14369116723537445 5 -1 -1 
575 330 48 51 0.14113637804985046 5 -1 -1 
86 118 27 21 0.14083631336688995 10 -1 -1 
1274 648 84 117 0.13928775489330292 5 -1 -1 
872 46 29 26 0.13920074701309204 4 -1 -1 
570 174 64 42 0.13830144703388214 5 -1 -1 
845 14 33 21 0.13761846721172333 4 -1 -1 
1140 463 86 81 0.13735461235046387 2 -1 -1 
871 40 27 24 0.13698621094226837 5 -1 -1 
84 127 29 23 0.13588352501392365 10 -1 -1 
593 0 39 17 0.13563242554664612 6 -1 -1 
1027 0 40 12 0.13478995859622955 5 -1 -1 
474 573 115 108 0.1329551488161087 9 -1 -1 
68 93 23 28 0.1285889595746994 3 -1 -1 
1140 463 86 81 0.1253417730331421 9 -1 -1 
241 4 25 27 0.12499538064002991 10 -1 -1 
84 133 27 22 0.12485464662313461 7 -1 -1 
28 75 20 34 0.12415959686040878 1 -1 -1 
853 29 32 21 0.1237298995256424 5 -1 -1 
475 573 114 109 0.12332073599100113 10 -1 -1 
261 27 27 34 0.12142200022935867 5 -1 -1 
1019 0 45 16 0.12077546864748001 4 -1 -1 
20 124 23 29 0.12072022259235382 1 -1 -1 
474 574 114 107 0.12007228285074234 5 -1 -1 
593 0 39 17 0.11671418696641922 5 -1 -1 
1087 -1 42 14 0.11586600542068481 5 -1 -1 
6 127 24 30 0.1155102401971817 2 -1 -1 
53 30 26 26 0.11456333845853806 10 -1 -1 
68 91 22 29 0.11326038837432861 10 -1 -1 
149 3 35 25 0.11290671676397324 7 -1 -1 
579 147 56 40 0.11136426031589508 5 -1 -1 
341 337 46 52 0.11080719530582428 8 -1 -1 
514 365 61 113 0.1102866381406784 8 -1 -1 
547 265 56 51 0.10923551023006439 6 -1 -1 
483 362 90 159 0.10205702483654022 6 -1 -1 
475 390 83 163 0.09723875671625137 6 -1 -1 
504 359 73 123 0.08716199547052383 6 -1 -1 
475 573 113 107 0.08399462699890137 7 -1 -1 
474 574 115 107 0.07833492755889893 1 -1 -1 
476 434 68 120 0.07709767669439316 7 -1 -1 
474 574 115 107 0.07328800857067108 6 -1 -1 
-1 57 45 60 0.0637645348906517 6 -1 -1 
471 391 83 161 0.06071991100907326 9 -1 -1 
480 436 68 119 0.053562767803668976 9 -1 -1 
