586 550 158 99 0.9706536531448364 5 -1 -1 
431 244 126 55 0.9422947764396667 4 -1 -1 
884 193 49 62 0.9400937557220459 4 -1 -1 
223 374 158 65 0.939536452293396 4 -1 -1 
792 148 52 43 0.9239616394042969 4 -1 -1 
740 443 78 62 0.8942543864250183 7 -1 -1 
504 186 14 37 0.8813339471817017 1 -1 -1 
812 465 22 50 0.8522133827209473 1 -1 -1 
912 653 138 111 0.8459466099739075 4 -1 -1 
542 314 120 64 0.8452792763710022 4 -1 -1 
845 118 62 53 0.8273923397064209 4 -1 -1 
590 126 51 60 0.8052749037742615 5 -1 -1 
662 149 24 29 0.7355054616928101 7 -1 -1 
608 696 207 66 0.7354021072387695 4 -1 -1 
726 47 12 22 0.7228606343269348 2 -1 -1 
463 7 8 26 0.7105764150619507 1 -1 -1 
683 216 39 34 0.6991142630577087 7 -1 -1 
511 225 67 34 0.6893286108970642 7 -1 -1 
604 197 55 53 0.6651391983032227 7 -1 -1 
887 38 10 18 0.6572805643081665 2 -1 -1 
775 62 45 41 0.6527504920959473 4 -1 -1 
691 207 17 32 0.652206301689148 2 -1 -1 
790 214 19 32 0.6518582701683044 2 -1 -1 
662 148 24 30 0.6468173861503601 10 -1 -1 
790 221 20 34 0.6451159715652466 10 -1 -1 
684 216 38 33 0.6375997066497803 3 -1 -1 
725 53 12 22 0.6284529566764832 10 -1 -1 
883 43 15 19 0.6161384582519531 10 -1 -1 
0 227 156 89 0.6047028303146362 6 -1 -1 
455 59 8 22 0.5864647030830383 10 -1 -1 
667 141 17 27 0.5698899626731873 2 -1 -1 
505 482 16 43 0.5644672513008118 1 -1 -1 
615 210 15 43 0.5511186122894287 1 -1 -1 
561 226 16 36 0.5495500564575195 1 -1 -1 
541 212 14 23 0.5189003944396973 2 -1 -1 
687 211 31 32 0.517966628074646 7 -1 -1 
560 214 10 24 0.5081247687339783 1 -1 -1 
440 1 14 14 0.5008985996246338 10 -1 -1 
513 224 28 25 0.4946899712085724 10 -1 -1 
890 43 8 15 0.49082353711128235 2 -1 -1 
615 218 46 34 0.47493061423301697 7 -1 -1 
1307 610 52 103 0.46326521039009094 4 -1 -1 
574 217 16 40 0.46102631092071533 1 -1 -1 
567 225 12 36 0.4560026228427887 1 -1 -1 
684 217 38 33 0.4146203100681305 10 -1 -1 
540 212 15 23 0.3999156355857849 1 -1 -1 
514 226 58 30 0.3897373378276825 8 -1 -1 
574 216 12 30 0.37869295477867126 1 -1 -1 
570 222 16 38 0.377046674489975 1 -1 -1 
1145 91 46 27 0.3747017979621887 4 -1 -1 
560 214 11 23 0.3696274757385254 2 -1 -1 
775 62 45 41 0.3593546748161316 5 -1 -1 
885 41 11 18 0.35551679134368896 2 -1 -1 
617 209 14 29 0.3448318839073181 1 -1 -1 
725 53 12 22 0.3426052927970886 3 -1 -1 
506 481 24 43 0.3376946747303009 1 -1 -1 
684 216 38 34 0.326612651348114 8 -1 -1 
513 460 82 69 0.32536283135414124 6 -1 -1 
617 209 14 31 0.3194495439529419 2 -1 -1 
513 206 14 30 0.30907440185546875 1 -1 -1 
663 148 23 29 0.3083721995353699 2 -1 -1 
794 213 13 27 0.3037354350090027 2 -1 -1 
1165 92 26 24 0.30083584785461426 4 -1 -1 
1112 91 79 66 0.2980273365974426 6 -1 -1 
225 195 28 19 0.29437777400016785 3 -1 -1 
574 216 12 29 0.2921406924724579 2 -1 -1 
616 212 31 39 0.2905687391757965 7 -1 -1 
687 211 31 32 0.28861114382743835 2 -1 -1 
513 223 30 26 0.2819850444793701 7 -1 -1 
889 44 9 18 0.2810212969779968 10 -1 -1 
593 130 48 56 0.27303260564804077 4 -1 -1 
560 221 14 32 0.2692643404006958 1 -1 -1 
606 197 17 36 0.2675957977771759 1 -1 -1 
576 223 17 37 0.2652677893638611 1 -1 -1 
512 225 68 33 0.2606517970561981 6 -1 -1 
606 197 17 36 0.26009905338287354 2 -1 -1 
885 39 9 16 0.2583226263523102 2 -1 -1 
740 443 78 62 0.25757384300231934 3 -1 -1 
691 207 17 32 0.2547150254249573 1 -1 -1 
726 47 12 22 0.25334104895591736 1 -1 -1 
792 222 15 26 0.2525840699672699 2 -1 -1 
884 44 14 18 0.2511947453022003 7 -1 -1 
687 211 31 32 0.24858708679676056 10 -1 -1 
846 118 61 52 0.24735261499881744 5 -1 -1 
669 140 13 20 0.24461187422275543 2 -1 -1 
488 215 12 31 0.24367263913154602 1 -1 -1 
587 550 158 99 0.24295943975448608 4 -1 -1 
739 443 80 62 0.2348490208387375 8 -1 -1 
488 403 120 123 0.23260118067264557 6 -1 -1 
488 444 27 46 0.23205839097499847 3 -1 -1 
887 38 10 18 0.23202089965343475 1 -1 -1 
613 213 45 38 0.22716014087200165 8 -1 -1 
790 214 19 33 0.226780503988266 1 -1 -1 
614 211 24 40 0.2255917638540268 1 -1 -1 
587 549 156 100 0.22227314114570618 8 -1 -1 
617 210 22 34 0.21912014484405518 7 -1 -1 
487 418 53 72 0.2185283899307251 7 -1 -1 
561 226 16 36 0.21677853167057037 2 -1 -1 
574 217 16 40 0.21616491675376892 2 -1 -1 
889 38 7 14 0.21507303416728973 2 -1 -1 
691 207 18 32 0.213237002491951 7 -1 -1 
604 197 55 53 0.21223656833171844 8 -1 -1 
689 207 22 35 0.21204215288162231 3 -1 -1 
507 202 11 21 0.2096635401248932 1 -1 -1 
789 221 20 34 0.20909562706947327 3 -1 -1 
794 213 11 18 0.20885704457759857 2 -1 -1 
740 443 78 62 0.20863208174705505 10 -1 -1 
510 463 77 66 0.2085307091474533 4 -1 -1 
1110 86 81 43 0.20740938186645508 4 -1 -1 
667 141 17 27 0.2071484625339508 1 -1 -1 
609 200 21 33 0.2046525627374649 2 -1 -1 
609 200 21 33 0.2034532129764557 1 -1 -1 
487 431 35 59 0.20187897980213165 3 -1 -1 
1100 85 91 48 0.20042528212070465 6 -1 -1 
487 429 50 60 0.19900040328502655 8 -1 -1 
577 227 16 32 0.19663575291633606 3 -1 -1 
611 214 16 39 0.19654250144958496 1 -1 -1 
569 216 14 33 0.19603030383586884 1 -1 -1 
510 463 77 66 0.1959773600101471 5 -1 -1 
513 222 30 26 0.19561445713043213 3 -1 -1 
543 314 120 63 0.19429980218410492 5 -1 -1 
561 215 11 30 0.19146794080734253 1 -1 -1 
606 696 208 66 0.19130967557430267 7 -1 -1 
791 219 20 36 0.18714389204978943 2 -1 -1 
558 227 15 37 0.1863991618156433 1 -1 -1 
588 125 53 61 0.18633894622325897 6 -1 -1 
489 457 37 32 0.18573948740959167 3 -1 -1 
510 465 79 64 0.1852489411830902 8 -1 -1 
662 149 24 29 0.1852405071258545 3 -1 -1 
511 203 12 24 0.1847071498632431 1 -1 -1 
606 696 208 66 0.18306098878383636 6 -1 -1 
662 149 24 29 0.18103399872779846 4 -1 -1 
890 43 8 15 0.18041738867759705 1 -1 -1 
516 206 10 23 0.18015383183956146 1 -1 -1 
667 141 11 25 0.17903858423233032 2 -1 -1 
531 224 23 27 0.1770530492067337 7 -1 -1 
455 59 8 22 0.1752934455871582 3 -1 -1 
1278 608 81 110 0.17472246289253235 4 -1 -1 
512 226 63 30 0.1745140105485916 1 -1 -1 
523 224 37 29 0.17381440103054047 8 -1 -1 
515 229 23 18 0.17205123603343964 10 -1 -1 
512 217 23 29 0.17130479216575623 10 -1 -1 
1145 91 46 27 0.1705731600522995 5 -1 -1 
517 224 39 27 0.17003005743026733 2 -1 -1 
539 218 14 28 0.16819240152835846 1 -1 -1 
440 1 14 14 0.16736167669296265 3 -1 -1 
1110 90 81 63 0.1664484590291977 4 -1 -1 
486 398 118 123 0.16636818647384644 8 -1 -1 
617 210 22 34 0.16607317328453064 8 -1 -1 
569 231 15 31 0.16560174524784088 1 -1 -1 
512 214 20 32 0.16440662741661072 3 -1 -1 
101 714 28 35 0.16389301419258118 1 -1 -1 
532 472 69 57 0.163792684674263 5 -1 -1 
488 390 55 99 0.1623140275478363 8 -1 -1 
512 429 110 100 0.16227294504642487 6 -1 -1 
531 224 23 27 0.16202621161937714 8 -1 -1 
1110 90 81 63 0.1617121398448944 5 -1 -1 
514 226 58 30 0.16140106320381165 4 -1 -1 
431 243 127 55 0.1612345576286316 9 -1 -1 
528 223 12 23 0.16037452220916748 1 -1 -1 
884 43 7 15 0.1603202372789383 2 -1 -1 
1111 89 81 36 0.15977881848812103 5 -1 -1 
523 224 37 29 0.1594010442495346 7 -1 -1 
884 43 9 15 0.15885956585407257 10 -1 -1 
726 48 12 22 0.15824562311172485 10 -1 -1 
790 214 19 32 0.15757137537002563 10 -1 -1 
431 244 126 55 0.15750780701637268 10 -1 -1 
890 39 9 16 0.15738476812839508 2 -1 -1 
684 217 38 33 0.15731367468833923 2 -1 -1 
606 696 208 66 0.15714266896247864 5 -1 -1 
694 215 27 26 0.15627248585224152 2 -1 -1 
542 211 14 17 0.1555732786655426 2 -1 -1 
562 217 12 29 0.15399476885795593 2 -1 -1 
433 58 8 18 0.1527816355228424 1 -1 -1 
576 223 16 36 0.15231527388095856 10 -1 -1 
487 439 46 51 0.15150952339172363 10 -1 -1 
1136 92 54 36 0.1507892906665802 4 -1 -1 
506 482 23 42 0.14906074106693268 2 -1 -1 
531 222 20 25 0.14887498319149017 1 -1 -1 
532 472 69 57 0.1488284319639206 4 -1 -1 
570 222 13 37 0.14786797761917114 2 -1 -1 
508 199 17 33 0.14724105596542358 1 -1 -1 
888 42 10 16 0.14685678482055664 7 -1 -1 
615 204 18 23 0.14624464511871338 2 -1 -1 
885 41 11 18 0.14586414396762848 1 -1 -1 
576 216 17 29 0.14575955271720886 1 -1 -1 
689 210 12 26 0.14542590081691742 2 -1 -1 
513 222 30 26 0.14462637901306152 8 -1 -1 
527 224 12 22 0.14417482912540436 2 -1 -1 
566 215 13 24 0.14338597655296326 1 -1 -1 
490 391 56 96 0.14310550689697266 7 -1 -1 
513 206 14 32 0.14309105277061462 2 -1 -1 
454 59 9 22 0.1427300125360489 1 -1 -1 
613 210 39 33 0.14208751916885376 1 -1 -1 
492 382 134 139 0.14195941388607025 4 -1 -1 
740 443 81 62 0.14120180904865265 4 -1 -1 
1130 81 61 36 0.14108797907829285 4 -1 -1 
613 213 19 40 0.1410699039697647 7 -1 -1 
794 213 13 27 0.1409177929162979 1 -1 -1 
667 141 18 26 0.14016777276992798 10 -1 -1 
605 198 21 50 0.13994239270687103 10 -1 -1 
685 215 23 32 0.13910223543643951 2 -1 -1 
517 224 39 27 0.13908909261226654 1 -1 -1 
606 703 134 60 0.13898225128650665 4 -1 -1 
489 383 104 130 0.13846321403980255 7 -1 -1 
506 189 18 39 0.13833633065223694 1 -1 -1 
500 450 106 78 0.13754943013191223 8 -1 -1 
433 58 8 18 0.1375361680984497 2 -1 -1 
691 207 18 33 0.13724865019321442 10 -1 -1 
0 226 156 79 0.13707071542739868 5 -1 -1 
561 213 12 18 0.13706186413764954 2 -1 -1 
1165 92 26 24 0.13623467087745667 5 -1 -1 
1127 107 61 50 0.1359228491783142 6 -1 -1 
432 50 6 16 0.13577668368816376 1 -1 -1 
223 374 158 65 0.1353463977575302 1 -1 -1 
1125 93 65 41 0.134588360786438 6 -1 -1 
560 222 13 29 0.1334345042705536 2 -1 -1 
101 713 28 35 0.13328763842582703 2 -1 -1 
614 211 24 40 0.1332353800535202 2 -1 -1 
729 47 10 18 0.13317227363586426 2 -1 -1 
740 443 81 62 0.13262207806110382 9 -1 -1 
662 149 24 29 0.13257713615894318 9 -1 -1 
605 198 21 50 0.1322210431098938 1 -1 -1 
792 222 15 26 0.13210125267505646 10 -1 -1 
488 403 120 123 0.13203929364681244 5 -1 -1 
607 196 16 35 0.13165190815925598 3 -1 -1 
513 206 15 35 0.13141107559204102 3 -1 -1 
510 465 79 64 0.13133099675178528 7 -1 -1 
911 653 139 111 0.13057489693164825 5 -1 -1 
617 210 37 28 0.13042186200618744 7 -1 -1 
606 696 208 66 0.13007277250289917 8 -1 -1 
603 139 37 46 0.12990370392799377 5 -1 -1 
584 150 13 35 0.12961716949939728 1 -1 -1 
536 215 17 28 0.12959805130958557 2 -1 -1 
569 216 13 26 0.12941579520702362 2 -1 -1 
496 384 46 78 0.12885001301765442 4 -1 -1 
1125 93 65 41 0.1282472461462021 5 -1 -1 
538 223 22 28 0.12822532653808594 7 -1 -1 
883 43 15 19 0.12752720713615417 3 -1 -1 
1112 91 79 66 0.12706421315670013 8 -1 -1 
488 439 26 50 0.1255522072315216 10 -1 -1 
514 217 76 37 0.12385725229978561 7 -1 -1 
532 472 69 57 0.12365962564945221 8 -1 -1 
573 216 12 20 0.12342806905508041 2 -1 -1 
566 215 13 24 0.12334020435810089 2 -1 -1 
487 443 50 47 0.12213703244924545 3 -1 -1 
757 453 74 53 0.12171726673841476 7 -1 -1 
510 223 20 28 0.12092640995979309 10 -1 -1 
454 59 9 22 0.12088333070278168 2 -1 -1 
670 148 15 28 0.12024664878845215 10 -1 -1 
488 425 115 104 0.1196352019906044 7 -1 -1 
742 443 80 62 0.11740121245384216 6 -1 -1 
538 474 64 55 0.11703039705753326 6 -1 -1 
487 427 36 62 0.11563809961080551 7 -1 -1 
882 38 17 25 0.11474234610795975 7 -1 -1 
1113 89 80 34 0.11469699442386627 6 -1 -1 
431 244 126 55 0.11397501081228256 1 -1 -1 
509 225 27 26 0.1138039082288742 3 -1 -1 
912 653 138 111 0.11324130743741989 1 -1 -1 
486 411 37 77 0.11261557787656784 8 -1 -1 
686 216 21 33 0.11169474571943283 3 -1 -1 
-2 225 156 81 0.11072634160518646 9 -1 -1 
513 208 18 35 0.10984300822019577 10 -1 -1 
504 186 14 37 0.10932449996471405 4 -1 -1 
667 141 18 26 0.10846004635095596 7 -1 -1 
586 550 158 99 0.10845787823200226 10 -1 -1 
492 428 113 101 0.10732382535934448 4 -1 -1 
494 376 142 119 0.10725963860750198 6 -1 -1 
0 226 156 79 0.10705333948135376 4 -1 -1 
586 550 158 99 0.10679574310779572 6 -1 -1 
790 216 19 33 0.10409698635339737 7 -1 -1 
606 696 208 66 0.1036078929901123 10 -1 -1 
512 429 110 100 0.10336396098136902 5 -1 -1 
508 476 64 53 0.10308781266212463 6 -1 -1 
586 550 158 99 0.10282212495803833 2 -1 -1 
693 204 23 30 0.10160676389932632 2 -1 -1 
514 220 29 26 0.10151452571153641 2 -1 -1 
687 211 31 32 0.10097125917673111 1 -1 -1 
511 197 18 32 0.10044397413730621 1 -1 -1 
608 696 208 67 0.09812009334564209 1 -1 -1 
431 244 126 55 0.08956779539585114 7 -1 -1 
492 383 120 133 0.08577515929937363 9 -1 -1 
487 439 103 90 0.08412479609251022 6 -1 -1 
500 378 156 104 0.0834391638636589 4 -1 -1 
431 243 127 55 0.08268621563911438 5 -1 -1 
484 388 95 118 0.08258461207151413 6 -1 -1 
494 376 142 119 0.08141031861305237 5 -1 -1 
431 244 126 54 0.07451321184635162 6 -1 -1 
606 695 203 67 0.07382892817258835 2 -1 -1 
542 314 120 64 0.07150004059076309 6 -1 -1 
543 314 120 63 0.07073640078306198 10 -1 -1 
1075 83 115 76 0.07022497057914734 6 -1 -1 
606 696 208 66 0.06897251307964325 3 -1 -1 
505 406 152 98 0.06604345142841339 6 -1 -1 
542 314 120 64 0.06474504619836807 1 -1 -1 
1099 93 94 85 0.06416809558868408 5 -1 -1 
1099 93 94 85 0.06335445493459702 4 -1 -1 
481 402 85 125 0.0633043497800827 7 -1 -1 
520 427 131 102 0.06296385824680328 4 -1 -1 
535 326 122 104 0.06207496300339699 4 -1 -1 
542 314 120 64 0.06131749600172043 7 -1 -1 
1075 83 115 76 0.057481031864881516 4 -1 -1 
603 678 204 82 0.05661391094326973 9 -1 -1 
542 314 120 64 0.05553864315152168 8 -1 -1 
431 244 126 55 0.054990172386169434 8 -1 -1 
517 441 99 89 0.05390279367566109 7 -1 -1 
505 406 152 98 0.053861282765865326 4 -1 -1 
488 382 53 115 0.05342623591423035 9 -1 -1 
484 388 95 118 0.05265060067176819 5 -1 -1 
485 384 63 111 0.05249548330903053 6 -1 -1 
531 455 109 80 0.051181335002183914 6 -1 -1 
1075 83 115 76 0.05103565379977226 5 -1 -1 
682 214 41 37 0.05060587078332901 9 -1 -1 
500 378 156 104 0.05027751997113228 9 -1 -1 
1089 82 103 64 0.05019660294055939 9 -1 -1 
