494 311 58 122 0.990713357925415 6 -1 -1 
596 450 52 107 0.9464182257652283 4 -1 -1 
600 581 62 129 0.9449529051780701 4 -1 -1 
756 484 126 66 0.9447247385978699 4 -1 -1 
599 335 47 84 0.9405407905578613 4 -1 -1 
772 338 62 86 0.9385843276977539 4 -1 -1 
677 600 65 124 0.9384152889251709 4 -1 -1 
813 551 70 88 0.920026957988739 4 -1 -1 
826 193 71 52 0.9171780943870544 4 -1 -1 
443 525 112 107 0.9159917235374451 4 -1 -1 
603 115 31 59 0.905839204788208 5 -1 -1 
673 301 47 66 0.891342043876648 4 -1 -1 
372 308 15 32 0.8894041180610657 1 -1 -1 
698 105 35 39 0.8847678899765015 4 -1 -1 
591 230 42 66 0.8619941473007202 4 -1 -1 
421 471 113 94 0.853888988494873 4 -1 -1 
659 191 40 50 0.8456432819366455 4 -1 -1 
576 66 9 27 0.8184401392936707 1 -1 -1 
692 10 27 31 0.8163925409317017 4 -1 -1 
744 69 66 34 0.8089415431022644 4 -1 -1 
1054 737 56 27 0.8088875412940979 3 -1 -1 
353 286 10 23 0.7826763987541199 1 -1 -1 
727 251 56 58 0.7729973793029785 5 -1 -1 
744 107 35 49 0.7689419388771057 4 -1 -1 
558 586 22 34 0.7507074475288391 2 -1 -1 
1058 684 54 31 0.749908447265625 3 -1 -1 
697 60 29 37 0.7426292896270752 4 -1 -1 
566 97 10 26 0.7376073002815247 1 -1 -1 
588 91 12 22 0.7310142517089844 2 -1 -1 
503 266 43 60 0.7210734486579895 4 -1 -1 
764 206 45 52 0.6765344738960266 4 -1 -1 
721 500 19 42 0.6708049178123474 10 -1 -1 
589 99 11 22 0.6628686785697937 10 -1 -1 
565 77 9 24 0.6603044271469116 1 -1 -1 
559 596 20 45 0.6598663926124573 10 -1 -1 
891 232 17 25 0.659424364566803 10 -1 -1 
1106 696 33 65 0.650792121887207 10 -1 -1 
573 114 10 22 0.6304436326026917 1 -1 -1 
494 211 53 67 0.5926786661148071 4 -1 -1 
186 577 27 33 0.5730249285697937 1 -1 -1 
514 610 18 44 0.49842652678489685 1 -1 -1 
949 344 18 39 0.48981624841690063 1 -1 -1 
522 717 37 46 0.4671380817890167 4 -1 -1 
432 488 109 103 0.44036418199539185 4 -1 -1 
1057 736 52 28 0.4390682578086853 10 -1 -1 
722 500 18 30 0.41498467326164246 2 -1 -1 
514 610 18 39 0.4143790006637573 2 -1 -1 
214 538 20 27 0.4020138382911682 1 -1 -1 
727 250 56 59 0.3996538519859314 4 -1 -1 
751 56 10 23 0.38757240772247314 1 -1 -1 
821 732 94 32 0.35741618275642395 4 -1 -1 
1058 684 54 31 0.3470918834209442 10 -1 -1 
588 92 12 25 0.3463011682033539 10 -1 -1 
891 233 16 25 0.336527019739151 3 -1 -1 
559 99 9 24 0.3176794648170471 1 -1 -1 
557 74 9 23 0.3101660907268524 1 -1 -1 
558 586 21 40 0.3030770421028137 10 -1 -1 
895 230 13 23 0.3016011416912079 2 -1 -1 
964 347 17 26 0.2982315123081207 1 -1 -1 
560 76 9 25 0.29725125432014465 1 -1 -1 
522 717 37 46 0.29208844900131226 5 -1 -1 
495 310 57 124 0.28321823477745056 5 -1 -1 
851 232 12 26 0.2770882546901703 1 -1 -1 
186 577 27 33 0.27461227774620056 2 -1 -1 
727 500 12 24 0.2720507085323334 2 -1 -1 
603 114 31 60 0.27122291922569275 9 -1 -1 
0 292 51 27 0.2700496315956116 3 -1 -1 
764 205 45 53 0.2695748209953308 5 -1 -1 
720 499 20 42 0.2679155766963959 3 -1 -1 
1105 695 34 66 0.25384029746055603 3 -1 -1 
233 339 12 22 0.24554038047790527 1 -1 -1 
1338 0 20 17 0.23885996639728546 3 -1 -1 
191 577 20 25 0.23717036843299866 1 -1 -1 
527 717 33 46 0.23669427633285522 8 -1 -1 
552 74 13 28 0.23554639518260956 1 -1 -1 
588 91 12 22 0.23533885180950165 1 -1 -1 
660 192 39 49 0.23505160212516785 5 -1 -1 
561 82 10 24 0.23475328087806702 1 -1 -1 
470 352 28 30 0.2336445301771164 2 -1 -1 
819 731 98 33 0.2308385968208313 5 -1 -1 
564 85 9 22 0.2296912670135498 1 -1 -1 
697 61 29 36 0.22901198267936707 5 -1 -1 
179 578 31 41 0.22408975660800934 1 -1 -1 
565 76 9 21 0.2238030880689621 2 -1 -1 
506 610 24 35 0.22204935550689697 2 -1 -1 
558 586 22 33 0.21602942049503326 1 -1 -1 
141 659 31 54 0.21470370888710022 10 -1 -1 
589 99 11 22 0.2125454545021057 3 -1 -1 
560 600 18 41 0.20853549242019653 3 -1 -1 
1061 686 67 37 0.20680558681488037 3 -1 -1 
145 662 28 47 0.20590035617351532 3 -1 -1 
567 113 14 24 0.20543214678764343 1 -1 -1 
0 292 51 27 0.2046060413122177 10 -1 -1 
752 64 60 26 0.20439285039901733 4 -1 -1 
541 73 32 35 0.20215636491775513 7 -1 -1 
722 500 18 36 0.200607031583786 1 -1 -1 
558 593 21 48 0.19997167587280273 2 -1 -1 
505 614 26 44 0.19840815663337708 1 -1 -1 
494 311 58 122 0.1958893984556198 10 -1 -1 
744 107 35 49 0.19577646255493164 5 -1 -1 
906 230 8 23 0.19356505572795868 1 -1 -1 
493 311 59 122 0.19081157445907593 4 -1 -1 
535 73 35 36 0.1892387419939041 4 -1 -1 
353 286 10 23 0.18912357091903687 2 -1 -1 
182 590 16 30 0.18822796642780304 1 -1 -1 
503 267 43 24 0.18820388615131378 4 -1 -1 
353 286 10 23 0.1880033165216446 10 -1 -1 
725 501 14 24 0.18782415986061096 1 -1 -1 
761 62 51 20 0.18765977025032043 4 -1 -1 
555 74 10 21 0.1845848560333252 2 -1 -1 
501 610 22 39 0.18410974740982056 1 -1 -1 
1058 672 56 32 0.18399491906166077 3 -1 -1 
533 716 27 41 0.18227368593215942 4 -1 -1 
965 330 13 28 0.18214216828346252 1 -1 -1 
179 578 31 41 0.18140240013599396 2 -1 -1 
558 103 12 26 0.1812787503004074 1 -1 -1 
186 577 19 28 0.1807975023984909 1 -1 -1 
563 101 11 24 0.17956802248954773 1 -1 -1 
527 717 33 46 0.17844446003437042 7 -1 -1 
549 75 13 22 0.17830392718315125 10 -1 -1 
541 73 32 36 0.17826807498931885 8 -1 -1 
856 69 11 33 0.17675630748271942 1 -1 -1 
1337 0 22 15 0.17549827694892883 10 -1 -1 
551 74 12 22 0.17306013405323029 2 -1 -1 
494 308 58 124 0.1728058010339737 9 -1 -1 
513 610 19 42 0.17239001393318176 10 -1 -1 
890 238 15 20 0.17018580436706543 10 -1 -1 
563 614 14 28 0.1691453903913498 3 -1 -1 
563 91 10 24 0.16630493104457855 1 -1 -1 
897 230 11 20 0.1656675785779953 1 -1 -1 
562 75 10 23 0.16480179131031036 2 -1 -1 
560 74 9 20 0.16401691734790802 1 -1 -1 
549 76 13 24 0.16378523409366608 1 -1 -1 
901 230 12 23 0.16274315118789673 1 -1 -1 
494 311 58 122 0.1622159779071808 7 -1 -1 
825 192 71 53 0.1607593297958374 5 -1 -1 
503 266 43 60 0.15979529917240143 5 -1 -1 
589 99 11 22 0.15931352972984314 2 -1 -1 
556 82 11 24 0.15863779187202454 1 -1 -1 
178 584 22 37 0.15316998958587646 1 -1 -1 
495 311 58 122 0.15260834991931915 8 -1 -1 
494 311 58 122 0.1486101895570755 2 -1 -1 
493 211 54 66 0.14826266467571259 5 -1 -1 
508 71 67 45 0.14200305938720703 4 -1 -1 
764 205 45 53 0.1402493715286255 6 -1 -1 
493 311 59 122 0.1383204162120819 1 -1 -1 
1087 693 50 65 0.1369214802980423 10 -1 -1 
353 512 112 55 0.13362355530261993 4 -1 -1 
458 351 42 75 0.13027264177799225 4 -1 -1 
1058 681 71 39 0.12654341757297516 10 -1 -1 
848 231 19 35 0.12372995913028717 1 -1 -1 
541 73 32 35 0.12259567528963089 10 -1 -1 
952 334 28 40 0.12117326259613037 3 -1 -1 
756 484 126 66 0.11745157837867737 1 -1 -1 
596 450 52 107 0.11744939535856247 9 -1 -1 
178 574 26 37 0.11518647521734238 1 -1 -1 
1054 669 63 42 0.11270863562822342 10 -1 -1 
764 206 45 52 0.1126958429813385 8 -1 -1 
599 335 47 84 0.11165519058704376 10 -1 -1 
763 203 40 33 0.11007972806692123 4 -1 -1 
677 600 65 124 0.10992787033319473 10 -1 -1 
468 229 72 46 0.10990883409976959 4 -1 -1 
772 338 62 85 0.10904587805271149 9 -1 -1 
280 579 85 61 0.10900334268808365 4 -1 -1 
949 337 24 43 0.10853836685419083 1 -1 -1 
596 449 52 108 0.10853012651205063 1 -1 -1 
524 77 45 42 0.1073715090751648 4 -1 -1 
523 71 45 30 0.10623256862163544 4 -1 -1 
756 484 126 66 0.1047789454460144 9 -1 -1 
598 334 48 84 0.10391874611377716 1 -1 -1 
178 584 22 37 0.10250483453273773 2 -1 -1 
182 594 30 28 0.10230008512735367 1 -1 -1 
365 304 24 36 0.10182929039001465 1 -1 -1 
493 211 54 66 0.10177741199731827 10 -1 -1 
1066 691 66 45 0.10176165401935577 10 -1 -1 
813 551 70 88 0.10118646174669266 5 -1 -1 
284 229 61 94 0.10099863260984421 6 -1 -1 
955 330 28 35 0.10087551176548004 1 -1 -1 
599 335 47 84 0.1005096361041069 9 -1 -1 
596 449 53 108 0.1004428043961525 10 -1 -1 
954 347 26 43 0.09988105297088623 1 -1 -1 
893 222 23 34 0.09855204075574875 3 -1 -1 
419 472 114 93 0.09831756353378296 5 -1 -1 
601 581 61 129 0.0983152762055397 5 -1 -1 
949 344 18 39 0.09751781076192856 2 -1 -1 
525 73 44 36 0.09712798148393631 7 -1 -1 
772 338 62 85 0.0967819020152092 1 -1 -1 
677 600 65 124 0.0967371016740799 1 -1 -1 
493 312 59 121 0.09637918323278427 3 -1 -1 
443 524 112 108 0.09637026488780975 10 -1 -1 
597 450 52 108 0.09625276923179626 5 -1 -1 
952 334 28 40 0.09576140344142914 1 -1 -1 
600 581 62 129 0.09566466510295868 10 -1 -1 
463 350 70 85 0.09531154483556747 4 -1 -1 
963 337 21 37 0.09411940723657608 1 -1 -1 
678 600 65 124 0.09382158517837524 9 -1 -1 
370 468 137 96 0.0932626873254776 4 -1 -1 
756 484 126 66 0.09241287410259247 10 -1 -1 
533 73 38 40 0.0923139750957489 5 -1 -1 
600 581 62 129 0.09211797267198563 9 -1 -1 
674 301 46 66 0.09179796278476715 5 -1 -1 
516 76 46 35 0.09090554714202881 4 -1 -1 
525 73 44 36 0.09070352464914322 8 -1 -1 
264 603 103 85 0.09044136852025986 4 -1 -1 
274 589 75 58 0.09024741500616074 4 -1 -1 
601 581 61 129 0.08971761912107468 1 -1 -1 
431 354 65 63 0.08964990824460983 4 -1 -1 
508 71 67 45 0.0890023335814476 5 -1 -1 
949 337 24 43 0.08892985433340073 3 -1 -1 
544 71 30 34 0.08868412673473358 4 -1 -1 
955 330 28 35 0.08844155818223953 3 -1 -1 
674 301 46 66 0.08842328935861588 1 -1 -1 
727 250 56 58 0.0877837985754013 9 -1 -1 
1066 691 66 45 0.08731014281511307 3 -1 -1 
1099 707 45 60 0.0853588730096817 10 -1 -1 
483 365 60 70 0.08473382890224457 4 -1 -1 
813 551 70 88 0.08448939770460129 1 -1 -1 
772 338 62 85 0.08438660204410553 5 -1 -1 
192 567 23 37 0.0842314213514328 1 -1 -1 
764 205 45 53 0.08336908370256424 7 -1 -1 
284 229 61 94 0.08335347473621368 5 -1 -1 
213 536 22 32 0.08278266340494156 2 -1 -1 
960 344 23 35 0.08244536072015762 3 -1 -1 
530 71 39 31 0.0822647288441658 10 -1 -1 
443 525 112 107 0.08207318186759949 5 -1 -1 
677 600 65 124 0.0818353220820427 5 -1 -1 
772 338 62 85 0.08182079344987869 10 -1 -1 
826 193 71 52 0.08085218816995621 10 -1 -1 
764 205 45 53 0.07897938787937164 9 -1 -1 
185 577 28 34 0.07895058393478394 10 -1 -1 
692 10 27 31 0.07820700854063034 1 -1 -1 
600 581 62 129 0.07815266400575638 6 -1 -1 
599 335 47 84 0.07782191038131714 7 -1 -1 
826 193 71 52 0.07764705270528793 1 -1 -1 
755 485 127 65 0.07712148129940033 5 -1 -1 
599 335 47 84 0.07682504504919052 5 -1 -1 
756 484 126 66 0.0764385461807251 7 -1 -1 
749 44 14 36 0.07640843093395233 1 -1 -1 
444 527 111 105 0.07637359946966171 1 -1 -1 
178 574 26 37 0.07616230100393295 2 -1 -1 
813 551 70 88 0.07572675496339798 10 -1 -1 
825 192 71 53 0.07568643242120743 6 -1 -1 
826 193 71 52 0.07559971511363983 7 -1 -1 
765 206 45 53 0.07540280371904373 1 -1 -1 
1054 718 63 44 0.07539642602205276 3 -1 -1 
486 229 59 45 0.07530277222394943 9 -1 -1 
1087 693 50 65 0.07521801441907883 3 -1 -1 
182 594 30 28 0.07503495365381241 9 -1 -1 
592 231 41 65 0.07432446628808975 1 -1 -1 
961 333 24 40 0.07386116683483124 3 -1 -1 
443 524 111 108 0.07351821660995483 9 -1 -1 
443 524 111 108 0.07255257666110992 7 -1 -1 
826 193 71 52 0.07252494245767593 9 -1 -1 
509 71 49 30 0.07234244048595428 4 -1 -1 
183 588 30 33 0.07130414992570877 2 -1 -1 
596 449 53 108 0.07129818201065063 7 -1 -1 
269 593 142 95 0.06965629756450653 4 -1 -1 
533 73 38 40 0.06947485357522964 6 -1 -1 
674 301 46 66 0.0692610964179039 9 -1 -1 
421 470 113 96 0.06330227106809616 9 -1 -1 
421 470 113 96 0.06272999942302704 6 -1 -1 
524 70 59 56 0.06234605610370636 4 -1 -1 
511 72 65 49 0.06164529547095299 6 -1 -1 
343 459 141 97 0.05784587562084198 4 -1 -1 
443 525 112 107 0.05568425729870796 6 -1 -1 
355 489 161 94 0.05498103052377701 4 -1 -1 
259 599 146 92 0.05205325782299042 9 -1 -1 
453 311 94 126 0.05182797834277153 6 -1 -1 
