231 389 57 65 0.9847232103347778 5 -1 -1 
175 443 59 71 0.9237676858901978 4 -1 -1 
489 320 20 30 0.8916620016098022 7 -1 -1 
20 482 55 56 0.8886069655418396 4 -1 -1 
722 416 74 41 0.8646422624588013 4 -1 -1 
640 396 31 15 0.7208482027053833 10 -1 -1 
534 285 7 17 0.7074275612831116 1 -1 -1 
284 324 42 43 0.7056866884231567 4 -1 -1 
642 380 31 19 0.6974852681159973 10 -1 -1 
410 346 12 18 0.6909193396568298 2 -1 -1 
409 275 14 27 0.6888058185577393 10 -1 -1 
458 201 8 13 0.6364761590957642 2 -1 -1 
528 287 7 15 0.6314700841903687 1 -1 -1 
497 265 7 15 0.6059144735336304 2 -1 -1 
409 349 14 25 0.6051098108291626 10 -1 -1 
458 203 8 17 0.6042137145996094 10 -1 -1 
583 306 26 13 0.6018273830413818 10 -1 -1 
632 408 24 16 0.5876944065093994 10 -1 -1 
632 344 28 17 0.566321611404419 10 -1 -1 
540 286 7 17 0.5522176623344421 1 -1 -1 
452 277 9 13 0.5397406220436096 2 -1 -1 
580 352 27 15 0.5243732929229736 10 -1 -1 
581 331 28 16 0.522713303565979 10 -1 -1 
431 265 8 15 0.5198567509651184 10 -1 -1 
410 279 12 17 0.5073407292366028 2 -1 -1 
451 282 11 16 0.5037872791290283 10 -1 -1 
637 358 28 15 0.499816358089447 10 -1 -1 
497 270 7 16 0.4839700162410736 3 -1 -1 
582 296 27 17 0.4768035113811493 10 -1 -1 
639 398 11 23 0.4697832763195038 2 -1 -1 
497 270 7 16 0.45587238669395447 10 -1 -1 
583 336 26 16 0.4511852264404297 10 -1 -1 
443 175 20 22 0.44645029306411743 4 -1 -1 
638 357 29 19 0.4224371016025543 7 -1 -1 
630 338 27 16 0.42206960916519165 10 -1 -1 
432 262 7 14 0.42108869552612305 2 -1 -1 
615 136 11 14 0.41679874062538147 10 -1 -1 
582 347 26 16 0.40371793508529663 10 -1 -1 
495 111 6 8 0.4003245234489441 2 -1 -1 
582 294 10 15 0.39423102140426636 2 -1 -1 
636 402 19 21 0.3930710554122925 10 -1 -1 
583 301 27 17 0.37224388122558594 4 -1 -1 
631 333 26 16 0.3689299523830414 10 -1 -1 
283 299 44 69 0.36815643310546875 4 -1 -1 
494 114 7 9 0.3637158274650574 10 -1 -1 
583 296 27 19 0.360742449760437 4 -1 -1 
489 321 20 30 0.34875938296318054 8 -1 -1 
410 279 11 19 0.3451480567455292 10 -1 -1 
493 319 9 13 0.339568555355072 2 -1 -1 
583 341 25 16 0.3353075683116913 10 -1 -1 
443 175 20 22 0.3235291838645935 7 -1 -1 
636 350 26 17 0.3185291588306427 10 -1 -1 
495 113 6 9 0.3171504735946655 2 -1 -1 
580 352 27 15 0.3140057325363159 3 -1 -1 
231 391 57 63 0.31254082918167114 6 -1 -1 
495 111 5 10 0.3091611862182617 10 -1 -1 
635 360 31 20 0.30783557891845703 10 -1 -1 
537 286 7 17 0.3066345751285553 1 -1 -1 
638 398 12 23 0.30201107263565063 1 -1 -1 
640 389 32 16 0.30193981528282166 10 -1 -1 
443 175 20 22 0.3009611964225769 6 -1 -1 
443 173 20 24 0.2940847873687744 8 -1 -1 
636 365 34 21 0.28872478008270264 7 -1 -1 
642 371 30 22 0.2861706614494324 10 -1 -1 
532 285 7 17 0.27711057662963867 1 -1 -1 
633 342 23 14 0.27265578508377075 10 -1 -1 
650 346 9 12 0.27247077226638794 2 -1 -1 
539 290 7 14 0.2696372866630554 1 -1 -1 
583 296 27 19 0.264517217874527 8 -1 -1 
634 403 20 20 0.26401039958000183 2 -1 -1 
444 175 19 22 0.2627246081829071 5 -1 -1 
408 286 15 17 0.26246437430381775 10 -1 -1 
754 388 18 31 0.261887788772583 9 -1 -1 
639 398 13 15 0.2537035644054413 2 -1 -1 
589 357 19 11 0.2525026798248291 10 -1 -1 
432 261 7 11 0.2515465319156647 2 -1 -1 
582 296 28 17 0.25082382559776306 7 -1 -1 
497 265 7 15 0.250466912984848 1 -1 -1 
627 209 5 13 0.24433445930480957 1 -1 -1 
623 208 7 14 0.2356862723827362 1 -1 -1 
496 99 5 7 0.2334224283695221 10 -1 -1 
580 351 27 16 0.23248928785324097 8 -1 -1 
639 396 32 15 0.23245105147361755 7 -1 -1 
231 389 57 65 0.23239746689796448 4 -1 -1 
583 301 27 17 0.23189783096313477 8 -1 -1 
441 165 22 32 0.2305581122636795 6 -1 -1 
581 327 11 15 0.22908887267112732 2 -1 -1 
582 347 26 16 0.22837156057357788 3 -1 -1 
581 351 27 15 0.22777587175369263 7 -1 -1 
636 366 34 19 0.22731024026870728 10 -1 -1 
590 339 20 13 0.22354522347450256 10 -1 -1 
634 327 24 20 0.22133506834506989 10 -1 -1 
588 344 21 11 0.22019585967063904 10 -1 -1 
495 111 6 9 0.21981333196163177 1 -1 -1 
586 346 22 12 0.21761274337768555 10 -1 -1 
581 327 11 15 0.2158801257610321 1 -1 -1 
496 113 6 9 0.21547989547252655 10 -1 -1 
583 301 27 17 0.21410997211933136 7 -1 -1 
722 416 74 41 0.2121862769126892 5 -1 -1 
497 269 7 17 0.21149224042892456 2 -1 -1 
283 299 44 69 0.21113424003124237 5 -1 -1 
431 270 8 13 0.20671868324279785 10 -1 -1 
612 122 7 14 0.2048453688621521 1 -1 -1 
409 281 14 21 0.2037373185157776 2 -1 -1 
501 65 18 15 0.2026519626379013 4 -1 -1 
497 269 7 17 0.2019742727279663 1 -1 -1 
410 348 12 26 0.20184212923049927 3 -1 -1 
535 287 7 17 0.20093213021755219 1 -1 -1 
458 203 9 17 0.19867655634880066 2 -1 -1 
583 296 27 19 0.1979397088289261 5 -1 -1 
653 385 18 14 0.19789667427539825 2 -1 -1 
585 350 8 13 0.19749541580677032 2 -1 -1 
622 208 7 14 0.19319607317447662 2 -1 -1 
582 294 10 16 0.19317716360092163 1 -1 -1 
616 154 6 13 0.18703380227088928 1 -1 -1 
494 113 6 9 0.1847584843635559 7 -1 -1 
413 275 10 19 0.1840241700410843 2 -1 -1 
491 320 13 15 0.18332339823246002 2 -1 -1 
645 367 24 13 0.18285705149173737 10 -1 -1 
496 112 6 9 0.1822521835565567 2 -1 -1 
415 405 17 33 0.18164074420928955 10 -1 -1 
580 356 24 12 0.18153686821460724 3 -1 -1 
589 297 32 16 0.18150939047336578 4 -1 -1 
583 301 27 17 0.18107737600803375 5 -1 -1 
635 354 29 18 0.18054333329200745 7 -1 -1 
493 97 8 8 0.18027350306510925 10 -1 -1 
410 346 12 18 0.1797829121351242 1 -1 -1 
638 368 33 21 0.1783619076013565 8 -1 -1 
449 276 14 24 0.177496537566185 10 -1 -1 
580 356 24 12 0.17641349136829376 10 -1 -1 
624 400 29 22 0.1736273616552353 10 -1 -1 
494 115 6 8 0.172659769654274 1 -1 -1 
489 321 20 29 0.17261983454227448 4 -1 -1 
583 341 25 16 0.1723146289587021 3 -1 -1 
644 378 26 13 0.17230863869190216 10 -1 -1 
458 201 8 13 0.17093397676944733 1 -1 -1 
636 367 24 12 0.17012764513492584 10 -1 -1 
624 405 32 20 0.16996783018112183 8 -1 -1 
231 389 57 65 0.16995593905448914 8 -1 -1 
441 165 22 32 0.16946560144424438 4 -1 -1 
582 295 21 13 0.16941004991531372 10 -1 -1 
640 397 31 14 0.1674998253583908 3 -1 -1 
642 379 31 19 0.1674852967262268 7 -1 -1 
540 287 7 16 0.1669456958770752 2 -1 -1 
493 85 16 12 0.16579824686050415 10 -1 -1 
494 113 7 9 0.16576997935771942 8 -1 -1 
643 379 31 18 0.16473302245140076 2 -1 -1 
431 266 8 15 0.16296368837356567 3 -1 -1 
640 397 12 18 0.1623266190290451 1 -1 -1 
456 208 9 13 0.16228912770748138 10 -1 -1 
634 409 22 16 0.1615690141916275 3 -1 -1 
409 347 14 27 0.15902090072631836 2 -1 -1 
631 355 32 16 0.15784452855587006 10 -1 -1 
581 327 15 14 0.1577642858028412 10 -1 -1 
582 347 26 16 0.15711744129657745 8 -1 -1 
634 282 17 10 0.15670615434646606 4 -1 -1 
642 402 12 19 0.15610164403915405 2 -1 -1 
634 403 20 20 0.1553906947374344 1 -1 -1 
646 347 14 13 0.15485011041164398 2 -1 -1 
588 309 22 11 0.15405438840389252 10 -1 -1 
578 325 24 18 0.15275117754936218 10 -1 -1 
582 351 22 14 0.15267567336559296 2 -1 -1 
638 357 29 19 0.15148812532424927 8 -1 -1 
507 68 13 12 0.15148508548736572 7 -1 -1 
603 130 22 19 0.1509919911623001 10 -1 -1 
639 370 33 22 0.15098604559898376 7 -1 -1 
586 343 26 18 0.15060660243034363 10 -1 -1 
20 483 56 55 0.15019477903842926 10 -1 -1 
625 340 29 16 0.1500384509563446 10 -1 -1 
490 98 11 8 0.14983350038528442 10 -1 -1 
586 346 22 12 0.14812718331813812 3 -1 -1 
583 296 30 18 0.14775197207927704 6 -1 -1 
583 293 10 16 0.14750295877456665 10 -1 -1 
584 341 25 16 0.1469687819480896 7 -1 -1 
489 320 20 30 0.14499546587467194 2 -1 -1 
631 326 26 20 0.14434900879859924 8 -1 -1 
574 329 30 17 0.14432981610298157 10 -1 -1 
634 400 20 22 0.14384153485298157 8 -1 -1 
494 113 6 9 0.14248645305633545 3 -1 -1 
642 380 31 18 0.14088398218154907 3 -1 -1 
642 379 31 19 0.1370416134595871 8 -1 -1 
416 405 16 33 0.13701710104942322 7 -1 -1 
624 336 30 15 0.13641637563705444 10 -1 -1 
637 390 33 18 0.13573874533176422 7 -1 -1 
283 299 44 69 0.13492552936077118 6 -1 -1 
441 165 22 32 0.1337142437696457 5 -1 -1 
582 355 28 14 0.13309845328330994 10 -1 -1 
452 407 16 35 0.1328892558813095 7 -1 -1 
638 397 31 16 0.13245977461338043 2 -1 -1 
581 333 26 16 0.13138097524642944 3 -1 -1 
492 54 28 25 0.12955763936042786 4 -1 -1 
643 373 30 20 0.12874168157577515 2 -1 -1 
639 396 32 15 0.127964586019516 8 -1 -1 
620 406 37 19 0.12775582075119019 3 -1 -1 
582 334 28 17 0.127635657787323 7 -1 -1 
635 384 36 18 0.12714596092700958 10 -1 -1 
754 388 18 32 0.12696917355060577 8 -1 -1 
231 391 57 63 0.12681728601455688 10 -1 -1 
602 123 21 22 0.1267274022102356 10 -1 -1 
633 361 33 20 0.12643760442733765 7 -1 -1 
603 285 24 12 0.12535478174686432 4 -1 -1 
638 364 31 19 0.12416986376047134 8 -1 -1 
581 330 26 14 0.12308319658041 3 -1 -1 
489 321 20 29 0.12262696027755737 10 -1 -1 
641 388 31 15 0.12259332090616226 3 -1 -1 
489 52 35 15 0.12153296917676926 4 -1 -1 
631 287 22 16 0.12125961482524872 4 -1 -1 
608 132 20 20 0.12103694677352905 10 -1 -1 
589 297 32 16 0.11919290572404861 6 -1 -1 
629 348 29 16 0.11822669953107834 10 -1 -1 
452 409 17 34 0.1182180717587471 10 -1 -1 
452 408 17 34 0.11817114055156708 2 -1 -1 
489 321 20 30 0.11814351379871368 6 -1 -1 
484 60 35 20 0.1176721453666687 4 -1 -1 
568 325 28 18 0.11697046458721161 10 -1 -1 
284 324 42 43 0.11507479101419449 5 -1 -1 
415 405 17 33 0.11429839581251144 3 -1 -1 
587 343 29 17 0.11340804398059845 7 -1 -1 
489 320 20 30 0.11283300817012787 3 -1 -1 
416 405 16 33 0.11272227764129639 8 -1 -1 
416 405 16 33 0.11250543594360352 1 -1 -1 
584 294 35 16 0.11239395290613174 4 -1 -1 
583 306 26 13 0.11088316887617111 3 -1 -1 
583 301 27 17 0.11079253256320953 6 -1 -1 
231 391 57 63 0.11049355566501617 2 -1 -1 
271 292 47 73 0.10843092948198318 4 -1 -1 
175 443 58 71 0.10795298218727112 5 -1 -1 
631 335 25 17 0.107930488884449 7 -1 -1 
583 307 25 13 0.10734763741493225 4 -1 -1 
465 113 27 14 0.10694842785596848 4 -1 -1 
587 365 14 26 0.10540604591369629 3 -1 -1 
452 408 16 35 0.10515068471431732 8 -1 -1 
532 416 16 34 0.10475928336381912 7 -1 -1 
588 339 28 16 0.10470413416624069 7 -1 -1 
586 330 35 17 0.10426385700702667 10 -1 -1 
582 356 24 18 0.1022590845823288 3 -1 -1 
416 405 16 33 0.10120294988155365 2 -1 -1 
582 296 27 17 0.10114425420761108 3 -1 -1 
532 416 16 34 0.10105608403682709 8 -1 -1 
640 397 31 14 0.099908746778965 4 -1 -1 
587 347 28 19 0.0993286669254303 7 -1 -1 
584 341 24 16 0.09873906522989273 8 -1 -1 
452 409 17 34 0.09851809591054916 1 -1 -1 
485 53 37 19 0.09722532331943512 4 -1 -1 
583 296 59 25 0.07100193947553635 6 -1 -1 
604 360 58 38 0.06824865192174911 9 -1 -1 
604 360 58 38 0.06795549392700195 6 -1 -1 
598 343 39 63 0.06108502298593521 6 -1 -1 
583 294 51 24 0.05462782084941864 4 -1 -1 
596 334 40 53 0.051521919667720795 6 -1 -1 
627 325 34 39 0.05071316659450531 10 -1 -1 
