643 491 50 93 0.9984431862831116 9 -1 -1 
659 441 37 55 0.9982131719589233 9 -1 -1 
620 454 36 57 0.9980918765068054 9 -1 -1 
975 664 158 100 0.9973002076148987 9 -1 -1 
586 630 84 137 0.9971777200698853 9 -1 -1 
632 403 30 51 0.9964183568954468 9 -1 -1 
872 462 52 54 0.9945584535598755 9 -1 -1 
691 428 29 45 0.9926515221595764 9 -1 -1 
1331 727 22 30 0.9867249727249146 3 -1 -1 
830 541 34 30 0.9167189598083496 4 -1 -1 
905 551 34 28 0.9118256568908691 4 -1 -1 
726 513 26 29 0.90505450963974 4 -1 -1 
721 551 32 35 0.8972382545471191 4 -1 -1 
850 580 44 34 0.8958380818367004 4 -1 -1 
629 600 36 41 0.893887460231781 4 -1 -1 
819 647 48 46 0.8920481204986572 4 -1 -1 
1062 624 26 22 0.8873414993286133 3 -1 -1 
794 446 21 17 0.8831703662872314 4 -1 -1 
815 438 20 16 0.8738435506820679 4 -1 -1 
976 588 46 34 0.8726603388786316 4 -1 -1 
793 373 12 10 0.8700366616249084 4 -1 -1 
1069 503 40 31 0.86451655626297 4 -1 -1 
911 675 55 50 0.8579686880111694 4 -1 -1 
1162 679 16 35 0.8516075015068054 1 -1 -1 
1140 652 14 34 0.8511985540390015 1 -1 -1 
725 482 21 24 0.848358154296875 4 -1 -1 
280 585 14 28 0.8454779982566833 1 -1 -1 
672 352 10 10 0.8313034176826477 4 -1 -1 
666 373 12 11 0.8296681046485901 4 -1 -1 
678 362 11 9 0.8280642628669739 4 -1 -1 
844 491 27 21 0.8224490880966187 4 -1 -1 
877 564 35 31 0.8190633654594421 4 -1 -1 
683 633 39 48 0.8134628534317017 4 -1 -1 
836 469 23 20 0.8062182068824768 4 -1 -1 
1196 670 14 32 0.7990175485610962 1 -1 -1 
1126 688 35 26 0.7981285452842712 3 -1 -1 
807 478 22 21 0.7921102046966553 4 -1 -1 
1132 570 9 26 0.7917050123214722 1 -1 -1 
763 453 21 18 0.7882100343704224 4 -1 -1 
777 379 11 10 0.7855660915374756 4 -1 -1 
1299 652 13 37 0.7817394137382507 1 -1 -1 
1225 609 10 27 0.7802045345306396 1 -1 -1 
767 390 12 10 0.7770150899887085 4 -1 -1 
1118 509 8 20 0.7717751860618591 1 -1 -1 
772 370 11 10 0.763322114944458 4 -1 -1 
762 381 13 11 0.7597839832305908 4 -1 -1 
872 631 40 38 0.7514747381210327 4 -1 -1 
960 424 8 18 0.7506188750267029 1 -1 -1 
492 719 61 46 0.7429639101028442 4 -1 -1 
926 488 7 21 0.7402083873748779 1 -1 -1 
783 364 9 8 0.7379712462425232 4 -1 -1 
290 585 22 18 0.7200214862823486 3 -1 -1 
1172 559 9 23 0.7174127697944641 1 -1 -1 
967 426 7 19 0.7162165641784668 1 -1 -1 
610 492 6 19 0.7123324275016785 1 -1 -1 
1242 612 10 26 0.707483172416687 1 -1 -1 
678 341 9 7 0.7048527598381042 4 -1 -1 
616 491 6 19 0.7000352740287781 1 -1 -1 
730 347 9 8 0.6986746191978455 4 -1 -1 
1018 457 7 17 0.6960282325744629 1 -1 -1 
754 364 10 9 0.6943646669387817 4 -1 -1 
146 574 11 29 0.6932287216186523 1 -1 -1 
1291 654 11 34 0.6903073191642761 1 -1 -1 
860 521 28 25 0.6866903305053711 4 -1 -1 
1008 471 9 19 0.6864107847213745 1 -1 -1 
1182 558 9 23 0.6836227178573608 1 -1 -1 
1112 509 7 17 0.6830576658248901 1 -1 -1 
734 355 10 9 0.6814551949501038 4 -1 -1 
788 354 10 8 0.6812401413917542 4 -1 -1 
723 430 18 17 0.677530825138092 4 -1 -1 
731 614 39 56 0.6722997426986694 4 -1 -1 
879 365 13 8 0.6722432374954224 4 -1 -1 
1338 716 16 30 0.6623026132583618 2 -1 -1 
803 395 13 10 0.6544661521911621 4 -1 -1 
1293 653 15 35 0.6532339453697205 1 -1 -1 
1144 594 10 26 0.6520276069641113 1 -1 -1 
1157 564 10 26 0.6378480792045593 1 -1 -1 
758 373 11 10 0.635118842124939 4 -1 -1 
743 345 10 9 0.6339648962020874 4 -1 -1 
1317 633 12 28 0.6321663856506348 1 -1 -1 
1082 487 28 22 0.626314640045166 4 -1 -1 
739 373 11 11 0.6190962195396423 4 -1 -1 
1192 559 9 23 0.6160910129547119 1 -1 -1 
978 422 6 18 0.6142714023590088 1 -1 -1 
844 372 10 9 0.6125035285949707 4 -1 -1 
590 516 25 28 0.6095661520957947 4 -1 -1 
1155 591 9 28 0.6081616282463074 1 -1 -1 
1033 628 15 21 0.6057108044624329 10 -1 -1 
776 357 9 8 0.6023715138435364 4 -1 -1 
1072 599 16 20 0.5976709127426147 3 -1 -1 
21 568 13 32 0.5916976928710938 1 -1 -1 
736 362 11 9 0.5913326144218445 4 -1 -1 
14 566 12 31 0.5884726643562317 1 -1 -1 
1033 620 14 24 0.5854251384735107 2 -1 -1 
727 447 18 25 0.5811482071876526 5 -1 -1 
953 520 9 23 0.5723839998245239 1 -1 -1 
699 400 6 15 0.5708463788032532 1 -1 -1 
1037 538 9 19 0.5697163343429565 1 -1 -1 
323 584 48 47 0.5696325898170471 4 -1 -1 
1058 522 10 14 0.5691900253295898 10 -1 -1 
703 397 6 17 0.5674474835395813 1 -1 -1 
837 388 26 11 0.5654833912849426 4 -1 -1 
1082 593 10 24 0.564210832118988 1 -1 -1 
1043 594 26 23 0.5625388026237488 3 -1 -1 
690 395 6 18 0.5565686821937561 1 -1 -1 
146 591 10 21 0.5502495765686035 1 -1 -1 
768 391 12 11 0.548958957195282 4 -1 -1 
770 397 12 10 0.5481373071670532 4 -1 -1 
919 405 6 12 0.5466540455818176 1 -1 -1 
603 483 8 17 0.5413442850112915 1 -1 -1 
970 534 9 20 0.53421950340271 1 -1 -1 
273 563 9 26 0.5315234065055847 1 -1 -1 
701 399 7 16 0.5295296311378479 1 -1 -1 
920 492 7 16 0.526172399520874 1 -1 -1 
1012 521 7 19 0.524889349937439 1 -1 -1 
762 334 11 8 0.5220054984092712 4 -1 -1 
768 364 10 9 0.5214006304740906 4 -1 -1 
841 397 28 11 0.519361138343811 4 -1 -1 
1029 456 7 14 0.5150943994522095 1 -1 -1 
970 522 8 19 0.5137292146682739 1 -1 -1 
681 329 14 8 0.5118592977523804 4 -1 -1 
1038 490 7 20 0.5009158253669739 1 -1 -1 
963 518 9 24 0.5001628994941711 1 -1 -1 
716 328 13 7 0.4984841048717499 4 -1 -1 
872 387 4 12 0.49814143776893616 1 -1 -1 
696 324 11 7 0.4980214238166809 4 -1 -1 
1138 508 10 22 0.49729010462760925 1 -1 -1 
1074 593 10 24 0.4945879876613617 1 -1 -1 
1115 509 9 19 0.4909241795539856 1 -1 -1 
445 727 16 31 0.48942863941192627 10 -1 -1 
782 349 8 6 0.48817068338394165 4 -1 -1 
1059 516 9 15 0.4870133399963379 2 -1 -1 
1046 484 33 21 0.48684194684028625 4 -1 -1 
1020 580 14 21 0.48172327876091003 7 -1 -1 
735 358 10 8 0.4789137840270996 4 -1 -1 
730 342 9 9 0.4788641929626465 4 -1 -1 
730 316 10 8 0.4752444326877594 4 -1 -1 
773 352 9 9 0.47339656949043274 4 -1 -1 
1121 685 31 26 0.47237610816955566 3 -1 -1 
717 335 10 8 0.47207310795783997 4 -1 -1 
750 358 10 9 0.47170794010162354 4 -1 -1 
1051 601 18 21 0.46968090534210205 3 -1 -1 
890 386 5 13 0.4693294167518616 1 -1 -1 
1058 505 8 19 0.4682992100715637 2 -1 -1 
942 510 7 20 0.46525949239730835 1 -1 -1 
17 567 14 31 0.46353572607040405 1 -1 -1 
932 508 8 15 0.45618218183517456 3 -1 -1 
662 466 34 32 0.4437689185142517 9 -1 -1 
956 409 9 15 0.44189202785491943 1 -1 -1 
1151 593 11 28 0.44186490774154663 1 -1 -1 
1057 575 10 24 0.4416908323764801 1 -1 -1 
770 367 10 10 0.44024714827537537 4 -1 -1 
1047 590 21 21 0.4396122395992279 3 -1 -1 
752 361 10 9 0.43531283736228943 4 -1 -1 
1054 575 13 25 0.4316958785057068 2 -1 -1 
293 575 11 23 0.4314669370651245 1 -1 -1 
1156 590 8 19 0.4311133921146393 1 -1 -1 
979 531 8 20 0.42802050709724426 1 -1 -1 
7 504 11 12 0.42553529143333435 7 -1 -1 
792 403 6 13 0.4238724112510681 1 -1 -1 
924 490 8 19 0.42224669456481934 1 -1 -1 
1057 504 9 20 0.42215123772621155 1 -1 -1 
756 367 11 9 0.41823676228523254 4 -1 -1 
772 351 9 7 0.41630759835243225 4 -1 -1 
643 491 50 93 0.3930775821208954 4 -1 -1 
659 441 37 55 0.3693435788154602 4 -1 -1 
643 491 50 93 0.35558804869651794 10 -1 -1 
620 454 36 57 0.34666621685028076 4 -1 -1 
659 441 37 55 0.3208344578742981 10 -1 -1 
651 492 42 33 0.3201282024383545 9 -1 -1 
643 491 50 93 0.3110668361186981 3 -1 -1 
620 454 36 57 0.3055161237716675 10 -1 -1 
643 491 50 93 0.30542492866516113 1 -1 -1 
586 630 84 136 0.30531027913093567 4 -1 -1 
659 441 37 55 0.30427002906799316 1 -1 -1 
975 664 158 100 0.3020203113555908 4 -1 -1 
690 410 31 57 0.29118186235427856 9 -1 -1 
642 491 51 93 0.28716325759887695 2 -1 -1 
323 574 60 57 0.2860836386680603 5 -1 -1 
620 454 36 58 0.282632976770401 1 -1 -1 
642 491 51 93 0.2821459472179413 5 -1 -1 
586 630 84 137 0.2804087996482849 1 -1 -1 
659 441 37 55 0.27731648087501526 2 -1 -1 
632 403 30 51 0.2746680974960327 4 -1 -1 
620 454 36 57 0.2689143121242523 2 -1 -1 
586 630 84 137 0.2663036584854126 10 -1 -1 
620 454 36 57 0.26553308963775635 3 -1 -1 
659 441 37 55 0.26021629571914673 5 -1 -1 
659 441 37 55 0.25938594341278076 3 -1 -1 
620 453 36 59 0.2593342959880829 5 -1 -1 
975 664 158 100 0.25277817249298096 2 -1 -1 
323 574 69 58 0.2514849007129669 4 -1 -1 
643 491 50 93 0.25077304244041443 7 -1 -1 
643 492 49 93 0.24762435257434845 6 -1 -1 
975 664 158 100 0.24653245508670807 10 -1 -1 
975 664 158 100 0.24546794593334198 1 -1 -1 
659 441 37 55 0.2414536327123642 7 -1 -1 
584 632 85 134 0.23876550793647766 5 -1 -1 
872 462 52 54 0.2376355677843094 4 -1 -1 
586 630 84 137 0.23716560006141663 3 -1 -1 
632 403 30 51 0.23671486973762512 1 -1 -1 
916 733 73 30 0.23122045397758484 4 -1 -1 
620 454 36 57 0.22981686890125275 7 -1 -1 
586 630 84 137 0.22324225306510925 2 -1 -1 
659 441 37 55 0.21841441094875336 6 -1 -1 
976 664 157 100 0.2178841382265091 3 -1 -1 
491 718 62 47 0.216335728764534 5 -1 -1 
975 662 159 102 0.21605223417282104 5 -1 -1 
659 441 37 55 0.21380387246608734 8 -1 -1 
632 403 30 51 0.21008563041687012 10 -1 -1 
632 403 30 51 0.20758607983589172 2 -1 -1 
620 453 36 59 0.20676513016223907 6 -1 -1 
586 630 84 136 0.2039841264486313 7 -1 -1 
643 491 50 93 0.20213782787322998 8 -1 -1 
917 732 70 31 0.2014157474040985 5 -1 -1 
1069 502 40 32 0.1967960149049759 5 -1 -1 
872 463 52 53 0.1961125284433365 10 -1 -1 
620 454 36 57 0.19594432413578033 8 -1 -1 
632 403 30 51 0.19544056057929993 5 -1 -1 
691 428 29 45 0.19064807891845703 2 -1 -1 
721 416 22 32 0.1897342950105667 4 -1 -1 
586 630 84 136 0.18743634223937988 6 -1 -1 
872 462 52 54 0.18682114779949188 3 -1 -1 
691 428 29 45 0.1850297898054123 1 -1 -1 
975 664 158 100 0.17977845668792725 7 -1 -1 
586 630 84 136 0.1794215887784958 8 -1 -1 
872 462 52 54 0.17914733290672302 5 -1 -1 
872 462 52 54 0.17857524752616882 1 -1 -1 
691 428 29 45 0.17539198696613312 4 -1 -1 
632 403 30 51 0.16777479648590088 3 -1 -1 
633 424 27 34 0.16603721678256989 9 -1 -1 
632 403 30 51 0.16582271456718445 6 -1 -1 
976 661 158 103 0.16104409098625183 6 -1 -1 
653 492 40 33 0.15958669781684875 5 -1 -1 
975 664 158 100 0.15867388248443604 8 -1 -1 
6 564 27 34 0.1576584428548813 1 -1 -1 
589 516 27 30 0.1565125733613968 5 -1 -1 
872 462 52 54 0.15490861237049103 2 -1 -1 
691 428 29 45 0.15458595752716064 10 -1 -1 
9 564 26 35 0.1534687876701355 7 -1 -1 
330 586 91 57 0.1495760828256607 4 -1 -1 
859 520 30 26 0.14840269088745117 5 -1 -1 
16 565 19 35 0.1456100344657898 2 -1 -1 
691 428 29 45 0.14539484679698944 5 -1 -1 
632 403 30 51 0.14514143764972687 7 -1 -1 
575 533 29 30 0.14352267980575562 4 -1 -1 
583 518 32 37 0.14217205345630646 4 -1 -1 
621 406 35 47 0.14196307957172394 9 -1 -1 
325 576 90 58 0.137841135263443 5 -1 -1 
691 428 29 45 0.13408508896827698 3 -1 -1 
632 403 30 51 0.131081685423851 8 -1 -1 
836 387 37 16 0.12988409399986267 4 -1 -1 
689 411 32 59 0.1295301765203476 6 -1 -1 
580 527 29 33 0.12926605343818665 4 -1 -1 
653 492 40 33 0.12923741340637207 4 -1 -1 
324 563 95 68 0.1290546953678131 4 -1 -1 
340 601 84 48 0.1280616819858551 4 -1 -1 
643 402 27 51 0.12657596170902252 9 -1 -1 
1052 483 38 24 0.1260402500629425 4 -1 -1 
845 407 38 18 0.12488985806703568 9 -1 -1 
691 428 29 45 0.12432658672332764 7 -1 -1 
491 718 62 47 0.12252837419509888 6 -1 -1 
20 565 19 38 0.12208928167819977 1 -1 -1 
9 564 26 35 0.12034845352172852 8 -1 -1 
872 462 52 54 0.11908219754695892 7 -1 -1 
1081 486 30 24 0.11893368512392044 5 -1 -1 
5 562 32 27 0.11783312261104584 7 -1 -1 
691 428 29 45 0.11778059601783752 8 -1 -1 
728 613 44 60 0.1147562563419342 5 -1 -1 
872 462 52 54 0.1114848405122757 8 -1 -1 
871 462 53 54 0.11075761169195175 6 -1 -1 
684 414 26 49 0.11038874834775925 9 -1 -1 
721 415 21 33 0.10721179842948914 5 -1 -1 
1046 483 36 22 0.10427539795637131 5 -1 -1 
691 430 29 45 0.10173838585615158 6 -1 -1 
6 564 27 34 0.0981265977025032 2 -1 -1 
662 435 32 47 0.09734316170215607 9 -1 -1 
637 397 27 48 0.09471391886472702 9 -1 -1 
910 675 57 51 0.09209489822387695 5 -1 -1 
5 562 32 27 0.09182487428188324 8 -1 -1 
491 718 62 47 0.09032651036977768 9 -1 -1 
1046 484 35 22 0.08898615092039108 7 -1 -1 
836 387 37 16 0.08872343599796295 5 -1 -1 
633 424 27 34 0.08716725558042526 6 -1 -1 
615 405 24 45 0.08662382513284683 9 -1 -1 
836 387 37 16 0.08661878854036331 6 -1 -1 
337 618 76 44 0.08660232275724411 4 -1 -1 
20 565 19 38 0.0857093557715416 9 -1 -1 
333 591 108 56 0.08455047756433487 5 -1 -1 
845 406 38 18 0.08351430296897888 4 -1 -1 
845 406 38 18 0.08346530050039291 5 -1 -1 
1069 503 40 31 0.08177486062049866 1 -1 -1 
651 492 42 33 0.08153203129768372 6 -1 -1 
1060 483 46 25 0.08098744601011276 4 -1 -1 
416 626 87 39 0.08078590780496597 4 -1 -1 
589 516 27 30 0.0807219073176384 6 -1 -1 
837 402 38 17 0.0790327861905098 4 -1 -1 
1015 535 74 70 0.05486470088362694 9 -1 -1 
641 440 52 65 0.0547364167869091 9 -1 -1 
622 396 42 68 0.05311520770192146 9 -1 -1 
