431 545 68 129 0.9853948354721069 5 -1 -1 
494 248 77 66 0.950863242149353 4 -1 -1 
511 309 64 77 0.936250627040863 4 -1 -1 
679 425 64 98 0.9354170560836792 4 -1 -1 
273 334 18 49 0.9164577126502991 1 -1 -1 
808 372 65 82 0.9045089483261108 4 -1 -1 
659 132 32 46 0.8993299603462219 5 -1 -1 
735 133 68 42 0.8786281943321228 4 -1 -1 
324 366 45 29 0.868108332157135 10 -1 -1 
408 218 37 28 0.8647649884223938 10 -1 -1 
272 704 62 38 0.8623215556144714 10 -1 -1 
681 263 44 58 0.8572059273719788 4 -1 -1 
101 660 35 64 0.8452916145324707 10 -1 -1 
136 698 30 56 0.8304202556610107 1 -1 -1 
217 713 27 48 0.8246787786483765 1 -1 -1 
613 37 23 34 0.7539918422698975 8 -1 -1 
885 698 93 67 0.7209264636039734 4 -1 -1 
387 175 13 32 0.7180148363113403 1 -1 -1 
709 5 58 25 0.6940338611602783 4 -1 -1 
754 168 53 64 0.6671249270439148 4 -1 -1 
209 427 20 39 0.659172773361206 1 -1 -1 
613 37 24 34 0.6536855697631836 7 -1 -1 
414 463 122 70 0.646307647228241 4 -1 -1 
145 562 24 27 0.6102181673049927 2 -1 -1 
526 110 50 41 0.597473680973053 7 -1 -1 
298 401 81 74 0.5849413871765137 4 -1 -1 
409 464 127 71 0.5686143636703491 5 -1 -1 
743 85 29 30 0.5577955842018127 8 -1 -1 
801 230 109 41 0.5079272389411926 4 -1 -1 
529 112 46 38 0.49136286973953247 8 -1 -1 
228 455 38 25 0.47366514801979065 10 -1 -1 
706 103 34 42 0.4532088339328766 5 -1 -1 
873 471 17 33 0.44436001777648926 10 -1 -1 
722 21 44 25 0.44110459089279175 4 -1 -1 
17 742 26 22 0.4407557547092438 2 -1 -1 
803 216 33 27 0.43985792994499207 10 -1 -1 
408 231 37 15 0.3786490857601166 10 -1 -1 
204 444 17 39 0.3762056529521942 1 -1 -1 
538 85 54 41 0.3629026710987091 4 -1 -1 
145 562 23 27 0.3465628921985626 1 -1 -1 
766 115 19 23 0.3456127643585205 10 -1 -1 
17 742 26 22 0.3370853066444397 1 -1 -1 
365 133 17 15 0.32792550325393677 10 -1 -1 
716 40 54 51 0.32042527198791504 4 -1 -1 
803 226 12 15 0.3176876902580261 2 -1 -1 
765 113 19 23 0.30793285369873047 3 -1 -1 
247 457 20 22 0.30514001846313477 2 -1 -1 
744 85 47 31 0.30344679951667786 8 -1 -1 
762 106 11 22 0.2992512881755829 1 -1 -1 
840 42 23 23 0.2953875958919525 7 -1 -1 
447 59 16 34 0.2857861816883087 1 -1 -1 
743 82 65 36 0.28279760479927063 5 -1 -1 
743 82 65 36 0.27862387895584106 4 -1 -1 
840 42 21 16 0.2773230969905853 10 -1 -1 
705 101 35 46 0.27694636583328247 6 -1 -1 
803 225 19 17 0.26854825019836426 2 -1 -1 
803 225 24 18 0.26795870065689087 10 -1 -1 
743 85 29 30 0.26556846499443054 4 -1 -1 
765 108 17 23 0.2650507688522339 3 -1 -1 
803 215 33 29 0.26408877968788147 3 -1 -1 
706 103 34 42 0.2615160644054413 4 -1 -1 
446 58 16 33 0.2593827247619629 2 -1 -1 
763 107 14 22 0.25691109895706177 3 -1 -1 
659 132 32 46 0.25572508573532104 4 -1 -1 
206 435 20 46 0.2545596659183502 1 -1 -1 
232 455 35 25 0.2523391842842102 2 -1 -1 
483 272 15 33 0.2517819404602051 1 -1 -1 
210 449 57 32 0.24939113855361938 10 -1 -1 
801 230 108 42 0.2478412687778473 5 -1 -1 
763 111 19 23 0.24389490485191345 10 -1 -1 
325 366 43 29 0.24310611188411713 4 -1 -1 
447 64 16 29 0.24259145557880402 10 -1 -1 
873 471 18 34 0.24052616953849792 7 -1 -1 
144 564 16 24 0.23734290897846222 2 -1 -1 
843 44 19 20 0.2366882711648941 10 -1 -1 
712 40 56 54 0.23298761248588562 5 -1 -1 
431 545 68 129 0.2299763411283493 10 -1 -1 
448 64 15 30 0.2297694832086563 3 -1 -1 
718 25 52 35 0.22634807229042053 4 -1 -1 
557 88 35 37 0.22256852686405182 4 -1 -1 
769 218 10 17 0.2179509550333023 1 -1 -1 
427 254 39 61 0.2175835371017456 4 -1 -1 
802 216 36 27 0.21256709098815918 7 -1 -1 
431 545 68 129 0.21180957555770874 8 -1 -1 
724 21 42 26 0.21151143312454224 5 -1 -1 
720 39 50 29 0.21015876531600952 4 -1 -1 
430 545 69 128 0.20931637287139893 4 -1 -1 
480 272 17 35 0.208319291472435 10 -1 -1 
743 85 35 31 0.20823685824871063 7 -1 -1 
744 81 71 37 0.2082124948501587 6 -1 -1 
482 270 15 35 0.20772001147270203 3 -1 -1 
807 222 33 25 0.20705947279930115 10 -1 -1 
518 86 72 56 0.20685012638568878 4 -1 -1 
205 647 21 39 0.20525267720222473 1 -1 -1 
272 704 62 37 0.2049776315689087 4 -1 -1 
205 647 21 39 0.20488959550857544 2 -1 -1 
803 226 12 16 0.20469844341278076 1 -1 -1 
518 109 57 41 0.20214612782001495 4 -1 -1 
209 427 20 39 0.2003956437110901 2 -1 -1 
101 660 35 64 0.20031926035881042 4 -1 -1 
228 455 38 25 0.19817180931568146 3 -1 -1 
408 219 37 27 0.1973644495010376 4 -1 -1 
203 429 18 46 0.19597268104553223 1 -1 -1 
883 368 17 46 0.19523511826992035 1 -1 -1 
550 89 42 36 0.19288311898708344 7 -1 -1 
718 51 36 37 0.18924175202846527 5 -1 -1 
518 86 72 56 0.18906284868717194 7 -1 -1 
445 50 15 40 0.18805888295173645 1 -1 -1 
749 40 21 30 0.18657585978507996 4 -1 -1 
517 109 59 41 0.18596674501895905 6 -1 -1 
482 272 15 33 0.183780699968338 2 -1 -1 
811 214 35 28 0.18291611969470978 10 -1 -1 
874 474 15 23 0.18196529150009155 2 -1 -1 
763 102 13 24 0.1813351958990097 1 -1 -1 
273 356 17 27 0.18020160496234894 1 -1 -1 
760 96 15 26 0.18007689714431763 1 -1 -1 
206 649 21 38 0.17999054491519928 10 -1 -1 
762 109 14 21 0.17714236676692963 10 -1 -1 
102 660 35 64 0.173643559217453 3 -1 -1 
524 75 66 44 0.17363688349723816 4 -1 -1 
334 179 21 15 0.17257124185562134 10 -1 -1 
182 674 20 31 0.17187979817390442 1 -1 -1 
802 222 31 22 0.17171263694763184 2 -1 -1 
202 438 16 42 0.17163333296775818 1 -1 -1 
416 463 120 69 0.17127378284931183 6 -1 -1 
743 85 29 30 0.171214297413826 5 -1 -1 
476 84 113 66 0.1711546778678894 6 -1 -1 
767 116 21 24 0.16804152727127075 3 -1 -1 
869 6 8 14 0.16777867078781128 1 -1 -1 
803 224 29 19 0.16742593050003052 3 -1 -1 
504 106 71 44 0.16714763641357422 8 -1 -1 
361 126 22 23 0.16696257889270782 10 -1 -1 
841 43 21 17 0.16665108501911163 3 -1 -1 
803 226 15 16 0.16296879947185516 10 -1 -1 
743 80 78 38 0.16268835961818695 9 -1 -1 
878 456 13 25 0.16238020360469818 1 -1 -1 
432 254 33 45 0.16061581671237946 2 -1 -1 
722 34 41 25 0.1600348949432373 4 -1 -1 
681 263 44 58 0.1585981547832489 5 -1 -1 
531 85 61 42 0.157911479473114 7 -1 -1 
767 119 23 23 0.1569201797246933 10 -1 -1 
699 34 65 39 0.15629030764102936 4 -1 -1 
180 653 51 52 0.15599927306175232 10 -1 -1 
431 545 68 129 0.15468920767307281 7 -1 -1 
803 225 19 17 0.15433037281036377 1 -1 -1 
363 169 8 23 0.1533506214618683 1 -1 -1 
874 480 15 21 0.15318459272384644 10 -1 -1 
806 214 103 43 0.15270328521728516 4 -1 -1 
874 480 15 21 0.1512662023305893 7 -1 -1 
366 135 17 13 0.15112857520580292 2 -1 -1 
431 545 68 129 0.1508735567331314 6 -1 -1 
718 51 36 37 0.15036195516586304 4 -1 -1 
18 742 25 22 0.1502135694026947 10 -1 -1 
434 255 34 45 0.15019693970680237 4 -1 -1 
752 42 18 27 0.1496676206588745 10 -1 -1 
109 659 28 49 0.14944636821746826 10 -1 -1 
701 23 64 31 0.14907853305339813 4 -1 -1 
691 43 72 52 0.14873716235160828 4 -1 -1 
191 663 40 39 0.1484699845314026 10 -1 -1 
692 15 72 31 0.14821244776248932 4 -1 -1 
273 334 18 48 0.14810305833816528 4 -1 -1 
432 254 33 45 0.14596228301525116 1 -1 -1 
756 99 18 28 0.14552663266658783 1 -1 -1 
801 230 109 42 0.14533032476902008 6 -1 -1 
366 135 17 13 0.14478331804275513 7 -1 -1 
494 248 77 66 0.14423270523548126 9 -1 -1 
762 148 15 30 0.14406508207321167 1 -1 -1 
879 207 40 27 0.1425347477197647 10 -1 -1 
135 698 32 57 0.14244438707828522 4 -1 -1 
200 428 14 41 0.14146476984024048 1 -1 -1 
768 109 19 24 0.14130882918834686 10 -1 -1 
421 256 48 86 0.1407782882452011 4 -1 -1 
720 43 46 29 0.14056895673274994 5 -1 -1 
233 453 20 24 0.1398165225982666 10 -1 -1 
802 216 36 27 0.13975445926189423 8 -1 -1 
227 455 40 24 0.13919736444950104 7 -1 -1 
431 545 68 129 0.13816547393798828 2 -1 -1 
233 453 20 24 0.13691948354244232 2 -1 -1 
531 83 61 42 0.1367981731891632 5 -1 -1 
709 2 57 17 0.1366080790758133 4 -1 -1 
749 87 71 40 0.13582731783390045 4 -1 -1 
541 87 51 40 0.13000079989433289 6 -1 -1 
467 68 125 65 0.12963181734085083 6 -1 -1 
727 173 75 61 0.12804511189460754 4 -1 -1 
770 225 140 56 0.1268157958984375 4 -1 -1 
208 448 58 33 0.12630148231983185 7 -1 -1 
518 86 72 56 0.12109669297933578 8 -1 -1 
102 660 34 64 0.12082131206989288 7 -1 -1 
493 249 79 65 0.12028780579566956 1 -1 -1 
681 263 44 58 0.12027996778488159 7 -1 -1 
432 255 50 65 0.11811462044715881 4 -1 -1 
531 85 61 42 0.11623913049697876 8 -1 -1 
426 254 40 60 0.11555659025907516 8 -1 -1 
511 309 64 77 0.11520591378211975 1 -1 -1 
429 258 62 87 0.11511587351560593 4 -1 -1 
201 427 32 56 0.11500240117311478 1 -1 -1 
298 401 97 122 0.11466915160417557 9 -1 -1 
681 263 44 58 0.11448709666728973 9 -1 -1 
687 39 76 48 0.11394358426332474 5 -1 -1 
518 86 72 56 0.11310011148452759 6 -1 -1 
272 704 62 38 0.1126537099480629 3 -1 -1 
699 34 65 39 0.11210417002439499 5 -1 -1 
676 39 81 42 0.11152337491512299 4 -1 -1 
431 545 68 129 0.11006374657154083 9 -1 -1 
425 254 44 53 0.10965103656053543 5 -1 -1 
525 110 50 41 0.10904164612293243 10 -1 -1 
704 100 36 46 0.10815434157848358 9 -1 -1 
681 263 44 58 0.10668713599443436 1 -1 -1 
511 310 64 76 0.10604886710643768 9 -1 -1 
873 471 17 33 0.1059790700674057 3 -1 -1 
515 108 60 42 0.10577404499053955 5 -1 -1 
744 81 71 37 0.10428906977176666 8 -1 -1 
481 112 71 43 0.10376627743244171 4 -1 -1 
511 310 64 76 0.1034264862537384 5 -1 -1 
679 425 64 98 0.10331004858016968 10 -1 -1 
718 25 52 35 0.10329445451498032 5 -1 -1 
494 77 94 47 0.10287635773420334 4 -1 -1 
441 166 73 33 0.10184700042009354 4 -1 -1 
707 199 81 44 0.10182061791419983 4 -1 -1 
701 4 66 27 0.10111048817634583 5 -1 -1 
296 401 88 111 0.10100709646940231 5 -1 -1 
873 471 17 33 0.10046997666358948 8 -1 -1 
679 425 64 98 0.09981147199869156 1 -1 -1 
749 167 57 66 0.09878754615783691 5 -1 -1 
431 545 68 129 0.09859579056501389 1 -1 -1 
682 27 72 34 0.09822257608175278 4 -1 -1 
840 42 23 23 0.09801354259252548 8 -1 -1 
470 129 67 66 0.09765823185443878 4 -1 -1 
298 401 97 122 0.0959349200129509 4 -1 -1 
272 704 62 38 0.09564308822154999 7 -1 -1 
681 263 44 58 0.09502627700567245 8 -1 -1 
496 78 88 54 0.09440438449382782 6 -1 -1 
705 101 35 46 0.09408380091190338 8 -1 -1 
437 120 106 76 0.09038273245096207 4 -1 -1 
476 84 113 66 0.08955466747283936 4 -1 -1 
770 225 140 56 0.08405601233243942 6 -1 -1 
476 84 113 66 0.08082520216703415 9 -1 -1 
447 102 128 53 0.08074464648962021 6 -1 -1 
770 225 140 56 0.07934113591909409 5 -1 -1 
476 84 113 66 0.07673761993646622 8 -1 -1 
476 84 113 66 0.0751659944653511 7 -1 -1 
454 55 139 69 0.07455100119113922 4 -1 -1 
476 84 113 66 0.07450253516435623 5 -1 -1 
445 106 121 57 0.07374066859483719 4 -1 -1 
764 226 145 61 0.06646056473255157 9 -1 -1 
291 400 73 111 0.05987486243247986 9 -1 -1 
454 55 139 69 0.05796260014176369 5 -1 -1 
458 50 135 63 0.055745679885149 6 -1 -1 
437 120 106 76 0.055739063769578934 5 -1 -1 
447 102 128 53 0.05532597750425339 5 -1 -1 
678 424 65 100 0.05505603551864624 5 -1 -1 
797 218 118 53 0.05303344875574112 9 -1 -1 
680 424 65 100 0.05212143063545227 9 -1 -1 
454 55 139 69 0.05035347491502762 9 -1 -1 
438 112 110 63 0.05011841282248497 6 -1 -1 
