802 140 146 79 0.9435555338859558 4 -1 -1 
1002 91 22 59 0.9340599179267883 1 -1 -1 
974 85 24 57 0.9098160862922668 1 -1 -1 
946 94 24 52 0.8560981750488281 1 -1 -1 
857 0 70 39 0.8225399851799011 4 -1 -1 
949 81 23 49 0.5904822945594788 1 -1 -1 
1032 204 17 29 0.5665785670280457 2 -1 -1 
1029 211 19 31 0.5053503513336182 10 -1 -1 
552 233 26 52 0.4933757781982422 3 -1 -1 
561 233 17 30 0.46082258224487305 2 -1 -1 
554 237 23 46 0.41565409302711487 10 -1 -1 
1037 203 11 16 0.3557233512401581 2 -1 -1 
951 81 21 45 0.3379196524620056 2 -1 -1 
1030 210 19 32 0.33790823817253113 3 -1 -1 
559 238 19 37 0.32354292273521423 3 -1 -1 
558 237 20 33 0.30778494477272034 2 -1 -1 
1029 217 16 26 0.27044814825057983 3 -1 -1 
1029 218 15 24 0.2653501331806183 10 -1 -1 
553 235 25 49 0.2636743485927582 1 -1 -1 
0 645 331 118 0.2573924958705902 6 -1 -1 
52 187 106 158 0.2551730275154114 4 -1 -1 
553 242 21 42 0.24645796418190002 2 -1 -1 
1032 204 17 29 0.23087243735790253 1 -1 -1 
560 237 18 37 0.2209484875202179 10 -1 -1 
552 239 19 43 0.2193707823753357 3 -1 -1 
1029 208 19 33 0.21805477142333984 2 -1 -1 
1035 209 12 23 0.19762572646141052 2 -1 -1 
0 645 331 118 0.19525545835494995 4 -1 -1 
1031 216 12 19 0.1940024048089981 2 -1 -1 
553 248 19 36 0.19195911288261414 1 -1 -1 
1002 91 22 59 0.1918964833021164 4 -1 -1 
974 85 24 57 0.18878866732120514 4 -1 -1 
553 251 21 35 0.17225342988967896 3 -1 -1 
1032 204 16 29 0.17206938564777374 3 -1 -1 
1032 212 13 21 0.17138177156448364 2 -1 -1 
0 649 325 114 0.16583822667598724 9 -1 -1 
948 93 22 47 0.1648874282836914 2 -1 -1 
1037 203 10 20 0.16424936056137085 1 -1 -1 
948 117 16 29 0.16139662265777588 3 -1 -1 
561 239 18 39 0.1590270847082138 2 -1 -1 
551 248 17 35 0.1566394567489624 2 -1 -1 
561 230 15 25 0.15271751582622528 2 -1 -1 
1030 208 19 32 0.15059806406497955 7 -1 -1 
772 129 23 26 0.14985087513923645 1 -1 -1 
1026 201 25 43 0.14912042021751404 10 -1 -1 
559 238 19 37 0.13694597780704498 1 -1 -1 
554 237 23 46 0.13580459356307983 7 -1 -1 
552 240 20 36 0.13568788766860962 10 -1 -1 
947 91 21 38 0.13567103445529938 1 -1 -1 
1262 643 12 23 0.1303735226392746 10 -1 -1 
1026 203 25 41 0.12822870910167694 3 -1 -1 
1135 490 10 21 0.127125546336174 1 -1 -1 
1131 490 15 27 0.126651793718338 1 -1 -1 
956 81 16 41 0.126338928937912 1 -1 -1 
562 235 17 30 0.12540382146835327 3 -1 -1 
1035 207 16 31 0.12457334995269775 2 -1 -1 
562 235 17 30 0.12269137799739838 1 -1 -1 
947 118 16 29 0.1190899983048439 1 -1 -1 
992 88 28 58 0.11874241381883621 1 -1 -1 
1039 202 10 13 0.11868279427289963 2 -1 -1 
1264 643 10 16 0.11806601285934448 1 -1 -1 
946 94 24 52 0.11787562817335129 4 -1 -1 
803 139 144 79 0.11581023782491684 1 -1 -1 
1201 478 8 17 0.11463753134012222 1 -1 -1 
552 229 27 56 0.11363637447357178 2 -1 -1 
954 80 17 32 0.11248413473367691 2 -1 -1 
803 139 144 79 0.11106587946414948 9 -1 -1 
1265 642 9 14 0.11002600193023682 2 -1 -1 
0 646 320 118 0.10954006761312485 5 -1 -1 
776 133 24 24 0.1093902587890625 1 -1 -1 
1163 606 27 61 0.10879099369049072 1 -1 -1 
553 239 24 45 0.10854233801364899 4 -1 -1 
552 253 16 32 0.10766792297363281 3 -1 -1 
559 245 20 41 0.10335829854011536 10 -1 -1 
1260 643 15 36 0.10311034321784973 1 -1 -1 
1030 209 19 32 0.10307758301496506 1 -1 -1 
552 239 20 31 0.10302826017141342 2 -1 -1 
1195 503 17 25 0.10267356038093567 1 -1 -1 
27 0 13 15 0.10129952430725098 1 -1 -1 
556 233 18 30 0.10031832009553909 2 -1 -1 
933 330 8 22 0.09810824692249298 1 -1 -1 
946 93 22 53 0.09677296131849289 3 -1 -1 
1029 211 19 31 0.09373313933610916 4 -1 -1 
555 237 23 45 0.09232649952173233 8 -1 -1 
1035 206 12 23 0.09090687334537506 1 -1 -1 
1031 207 18 32 0.0886138528585434 8 -1 -1 
952 90 19 47 0.08723459392786026 1 -1 -1 
932 23 12 23 0.08614177256822586 3 -1 -1 
1036 208 14 29 0.08473100513219833 3 -1 -1 
784 133 17 22 0.08419431746006012 1 -1 -1 
802 140 147 78 0.08388184756040573 5 -1 -1 
951 117 20 29 0.08371841907501221 3 -1 -1 
544 235 28 51 0.08332934230566025 3 -1 -1 
560 237 18 37 0.08323272317647934 7 -1 -1 
552 253 16 32 0.08298814296722412 10 -1 -1 
859 0 68 39 0.0818738341331482 1 -1 -1 
1034 219 12 21 0.08132732659578323 10 -1 -1 
544 235 28 51 0.08051561564207077 1 -1 -1 
1035 207 16 31 0.0804629772901535 1 -1 -1 
1260 643 15 36 0.07851456850767136 2 -1 -1 
931 19 13 25 0.0774136334657669 1 -1 -1 
804 139 143 79 0.07734053581953049 7 -1 -1 
1028 206 17 30 0.0759103074669838 3 -1 -1 
1201 483 7 15 0.07589402794837952 1 -1 -1 
1135 489 10 16 0.07556994259357452 2 -1 -1 
1262 643 12 24 0.07547188550233841 3 -1 -1 
556 723 14 25 0.075286865234375 1 -1 -1 
947 94 22 52 0.07445614784955978 10 -1 -1 
1129 490 16 28 0.07440181076526642 10 -1 -1 
1034 200 15 25 0.0741199180483818 1 -1 -1 
553 238 21 33 0.07403171062469482 1 -1 -1 
1039 207 11 23 0.07398630678653717 2 -1 -1 
978 385 25 49 0.07376135140657425 2 -1 -1 
1079 115 20 22 0.07357831299304962 3 -1 -1 
1264 674 8 17 0.07302968949079514 1 -1 -1 
1264 643 10 16 0.07282998412847519 10 -1 -1 
803 139 144 79 0.07257784903049469 10 -1 -1 
1029 222 12 20 0.07181853801012039 3 -1 -1 
959 81 14 41 0.07112094014883041 2 -1 -1 
930 326 12 28 0.07065188884735107 1 -1 -1 
564 230 15 21 0.07063562422990799 2 -1 -1 
547 241 30 56 0.07032643258571625 1 -1 -1 
978 385 25 49 0.07021529227495193 1 -1 -1 
1170 607 37 59 0.06988710165023804 1 -1 -1 
857 0 70 40 0.06895700097084045 5 -1 -1 
950 118 20 29 0.06864370405673981 1 -1 -1 
1198 504 10 23 0.06788275390863419 1 -1 -1 
51 185 109 158 0.06769929826259613 9 -1 -1 
840 508 104 66 0.06696726381778717 4 -1 -1 
64 0 8 17 0.06649921089410782 1 -1 -1 
1029 215 17 27 0.0661662369966507 7 -1 -1 
803 139 144 79 0.06612691283226013 6 -1 -1 
1033 215 12 20 0.06607729196548462 10 -1 -1 
1002 91 22 59 0.0658821165561676 2 -1 -1 
1263 643 11 21 0.06586656719446182 2 -1 -1 
1260 643 15 33 0.06572376936674118 10 -1 -1 
946 94 18 32 0.06520039588212967 2 -1 -1 
559 721 13 23 0.06496266275644302 1 -1 -1 
1115 490 30 44 0.06489630788564682 1 -1 -1 
1118 496 17 33 0.0645676702260971 1 -1 -1 
980 385 20 30 0.06397091597318649 2 -1 -1 
1036 200 15 22 0.06343429535627365 2 -1 -1 
61 188 94 154 0.06319735199213028 6 -1 -1 
1034 206 11 21 0.06309552490711212 2 -1 -1 
547 241 30 56 0.06301805377006531 3 -1 -1 
1026 199 24 43 0.0627325102686882 2 -1 -1 
561 231 16 26 0.06235843151807785 1 -1 -1 
1158 624 35 49 0.062225744128227234 1 -1 -1 
1034 219 12 21 0.06162576749920845 3 -1 -1 
1168 621 19 46 0.06153666973114014 1 -1 -1 
1036 208 14 29 0.0611954964697361 10 -1 -1 
559 238 19 37 0.060795318335294724 4 -1 -1 
1031 205 18 30 0.06075206398963928 4 -1 -1 
1029 218 12 21 0.060434259474277496 2 -1 -1 
1163 606 27 61 0.06020896136760712 2 -1 -1 
1032 217 12 23 0.060020383447408676 2 -1 -1 
61 188 94 154 0.0593406967818737 5 -1 -1 
1032 225 12 17 0.05933844670653343 10 -1 -1 
1026 199 24 43 0.05862057954072952 1 -1 -1 
1036 206 12 24 0.057704858481884 3 -1 -1 
975 86 21 55 0.057459089905023575 2 -1 -1 
1080 89 26 48 0.05725414678454399 1 -1 -1 
557 237 32 54 0.057232849299907684 3 -1 -1 
1131 489 15 26 0.05671267211437225 2 -1 -1 
1082 101 21 36 0.0566420815885067 1 -1 -1 
565 240 17 32 0.05565759912133217 2 -1 -1 
974 86 23 55 0.05538187921047211 9 -1 -1 
544 235 28 51 0.05513714626431465 10 -1 -1 
1212 484 8 22 0.054969485849142075 1 -1 -1 
950 80 20 31 0.054951950907707214 1 -1 -1 
1266 642 8 13 0.054665930569171906 1 -1 -1 
956 91 16 41 0.05428658425807953 2 -1 -1 
807 524 134 178 0.05370471626520157 4 -1 -1 
944 83 22 40 0.05342373624444008 1 -1 -1 
979 385 21 34 0.05317982658743858 1 -1 -1 
1202 477 9 14 0.05279960110783577 1 -1 -1 
548 242 17 37 0.05274364724755287 2 -1 -1 
58 0 13 17 0.05252613499760628 1 -1 -1 
973 90 12 46 0.052432406693696976 1 -1 -1 
48 0 12 11 0.052380453795194626 1 -1 -1 
48 0 14 15 0.05233139172196388 4 -1 -1 
1052 695 19 36 0.0522737056016922 1 -1 -1 
949 81 23 48 0.052269890904426575 3 -1 -1 
1194 504 13 20 0.051920950412750244 1 -1 -1 
1199 477 14 22 0.051802948117256165 1 -1 -1 
1018 414 25 37 0.05174906179308891 1 -1 -1 
551 242 17 37 0.05171157419681549 1 -1 -1 
562 233 17 30 0.051580760627985 10 -1 -1 
282 690 14 27 0.05139942839741707 1 -1 -1 
951 81 21 45 0.05137384682893753 10 -1 -1 
1165 635 20 33 0.05101906135678291 1 -1 -1 
36 0 15 17 0.05071133375167847 1 -1 -1 
1028 224 13 18 0.05051838979125023 10 -1 -1 
1086 108 15 28 0.05048618093132973 1 -1 -1 
1001 91 23 59 0.05043618381023407 5 -1 -1 
1195 503 17 25 0.050309740006923676 2 -1 -1 
949 81 23 48 0.050298962742090225 4 -1 -1 
