888 200 368 370 0.9212380051612854 5 -1 -1 
392 2 522 157 0.897887110710144 6 -1 -1 
297 209 174 141 0.848403811454773 3 -1 -1 
597 351 79 246 0.8424773216247559 1 -1 -1 
294 198 174 149 0.7784927487373352 10 -1 -1 
0 288 114 162 0.7421817183494568 2 -1 -1 
405 322 199 173 0.7373937964439392 10 -1 -1 
673 402 86 240 0.6857187151908875 3 -1 -1 
443 264 102 187 0.6837558150291443 2 -1 -1 
784 394 110 203 0.5404532551765442 10 -1 -1 
1 290 90 90 0.47189491987228394 2 -1 -1 
679 510 68 128 0.4662679433822632 3 -1 -1 
757 368 120 206 0.42997393012046814 10 -1 -1 
387 2 531 158 0.425899863243103 9 -1 -1 
778 400 114 196 0.42231252789497375 3 -1 -1 
890 191 377 388 0.3848530054092407 4 -1 -1 
772 371 103 161 0.3848027288913727 2 -1 -1 
74 350 39 76 0.36701565980911255 1 -1 -1 
677 383 95 262 0.3648178279399872 10 -1 -1 
57 349 57 78 0.3613623082637787 2 -1 -1 
296 262 180 97 0.35208961367607117 3 -1 -1 
1 345 64 121 0.3513968288898468 1 -1 -1 
1 336 64 132 0.33753490447998047 2 -1 -1 
687 381 146 216 0.33531442284584045 10 -1 -1 
388 1 335 139 0.3334040939807892 6 -1 -1 
0 288 117 148 0.3303361237049103 1 -1 -1 
1226 663 132 105 0.3231688439846039 10 -1 -1 
438 268 121 203 0.32065168023109436 10 -1 -1 
0 287 70 71 0.29877400398254395 2 -1 -1 
294 198 174 149 0.2982846200466156 4 -1 -1 
685 381 148 222 0.294437050819397 3 -1 -1 
1271 697 87 70 0.2927888035774231 10 -1 -1 
730 388 139 209 0.28864574432373047 3 -1 -1 
737 370 111 169 0.2864932119846344 10 -1 -1 
23 300 80 82 0.2795560956001282 2 -1 -1 
444 264 100 181 0.2699123024940491 1 -1 -1 
883 197 375 374 0.25644683837890625 9 -1 -1 
406 317 185 175 0.2514236569404602 2 -1 -1 
1293 667 64 100 0.2371649295091629 10 -1 -1 
704 358 194 226 0.23699305951595306 10 -1 -1 
0 289 91 87 0.22742979228496552 1 -1 -1 
463 267 75 144 0.2265247404575348 2 -1 -1 
693 380 110 156 0.222591832280159 10 -1 -1 
387 2 531 158 0.2224627435207367 5 -1 -1 
11 298 80 128 0.22132040560245514 2 -1 -1 
786 374 108 201 0.22037073969841003 2 -1 -1 
42 324 72 105 0.2190510630607605 2 -1 -1 
0 292 71 152 0.21738605201244354 2 -1 -1 
1222 701 87 66 0.2132565826177597 2 -1 -1 
1218 701 91 65 0.21204210817813873 1 -1 -1 
0 392 44 92 0.20541302859783173 1 -1 -1 
387 2 531 158 0.20435023307800293 4 -1 -1 
778 400 114 196 0.2026893049478531 7 -1 -1 
51 342 64 86 0.19782866537570953 1 -1 -1 
0 287 70 71 0.1813919097185135 1 -1 -1 
0 339 110 123 0.17954859137535095 1 -1 -1 
0 299 77 158 0.17685243487358093 1 -1 -1 
1225 701 85 65 0.17399132251739502 10 -1 -1 
791 450 65 144 0.1665426790714264 3 -1 -1 
18 299 84 87 0.15624794363975525 1 -1 -1 
470 261 120 190 0.15334314107894897 2 -1 -1 
1 287 110 173 0.15213613212108612 10 -1 -1 
1318 323 40 176 0.15010738372802734 1 -1 -1 
772 371 103 161 0.1490052491426468 1 -1 -1 
313 266 199 131 0.14650310575962067 3 -1 -1 
684 381 105 186 0.1459168642759323 3 -1 -1 
1318 323 40 176 0.14520718157291412 10 -1 -1 
0 392 44 92 0.1425524801015854 2 -1 -1 
378 262 237 201 0.14206619560718536 10 -1 -1 
363 20 561 307 0.1397819221019745 6 -1 -1 
606 350 113 251 0.13866876065731049 1 -1 -1 
13 366 55 99 0.1360209882259369 2 -1 -1 
0 295 51 104 0.13257980346679688 2 -1 -1 
744 372 99 160 0.1322508007287979 2 -1 -1 
293 196 181 152 0.13134588301181793 2 -1 -1 
1220 672 138 96 0.13109487295150757 1 -1 -1 
462 266 76 138 0.13100624084472656 1 -1 -1 
26 351 66 106 0.13032817840576172 2 -1 -1 
402 323 193 182 0.13002699613571167 3 -1 -1 
1295 712 63 54 0.12823227047920227 10 -1 -1 
670 389 200 245 0.1262907087802887 7 -1 -1 
735 403 127 196 0.12507511675357819 10 -1 -1 
1 318 47 130 0.12397369742393494 2 -1 -1 
666 393 130 254 0.12312132120132446 9 -1 -1 
872 94 23 48 0.1224931925535202 1 -1 -1 
1319 343 38 166 0.12132232636213303 4 -1 -1 
643 362 149 245 0.121058888733387 10 -1 -1 
883 197 375 374 0.12015341967344284 6 -1 -1 
155 282 87 112 0.1197943389415741 6 -1 -1 
879 93 19 43 0.11975006759166718 1 -1 -1 
73 350 35 77 0.11915771663188934 2 -1 -1 
1322 650 35 104 0.11893441528081894 10 -1 -1 
553 21 359 134 0.11825080215930939 6 -1 -1 
340 247 234 177 0.11806275695562363 10 -1 -1 
753 369 109 171 0.1178983598947525 3 -1 -1 
1226 675 132 93 0.1177385002374649 2 -1 -1 
17 309 72 139 0.11703583598136902 1 -1 -1 
26 356 60 108 0.11583426594734192 1 -1 -1 
604 353 62 171 0.11543679237365723 1 -1 -1 
0 406 35 94 0.11524505168199539 1 -1 -1 
682 465 89 178 0.11505398154258728 3 -1 -1 
296 251 178 107 0.11412504315376282 10 -1 -1 
786 374 108 201 0.11316521465778351 1 -1 -1 
757 368 120 206 0.11247719079256058 7 -1 -1 
288 216 233 167 0.1111098900437355 10 -1 -1 
394 321 214 182 0.11030471324920654 7 -1 -1 
783 368 105 158 0.10851248353719711 3 -1 -1 
868 101 22 45 0.10845678299665451 1 -1 -1 
35 306 76 120 0.10666287690401077 1 -1 -1 
666 393 130 254 0.10641735792160034 7 -1 -1 
695 370 124 159 0.10613700747489929 3 -1 -1 
598 348 79 162 0.10609422624111176 2 -1 -1 
405 322 199 173 0.10437905043363571 4 -1 -1 
621 356 50 99 0.1036098375916481 1 -1 -1 
1184 693 162 75 0.10233992338180542 1 -1 -1 
419 259 121 128 0.10066141188144684 2 -1 -1 
796 218 406 408 0.09991895407438278 9 -1 -1 
885 200 374 374 0.09804697334766388 1 -1 -1 
378 262 237 201 0.0977264791727066 2 -1 -1 
40 351 66 93 0.09683199226856232 2 -1 -1 
50 306 63 89 0.09663455188274384 2 -1 -1 
392 2 522 157 0.09661564975976944 8 -1 -1 
785 371 58 94 0.0952431932091713 10 -1 -1 
38 352 75 112 0.09349437057971954 1 -1 -1 
585 0 147 42 0.09330233931541443 4 -1 -1 
740 339 166 236 0.09317091107368469 2 -1 -1 
400 294 132 202 0.09292250871658325 2 -1 -1 
863 106 23 41 0.09244861453771591 1 -1 -1 
930 97 378 457 0.09188724309206009 9 -1 -1 
613 355 54 136 0.0914715975522995 2 -1 -1 
0 417 52 79 0.09144329279661179 1 -1 -1 
297 209 174 141 0.09123421460390091 7 -1 -1 
665 225 418 373 0.0905671939253807 9 -1 -1 
427 260 115 203 0.09040497988462448 3 -1 -1 
1338 429 20 109 0.09015631675720215 4 -1 -1 
1290 702 68 64 0.09008307009935379 2 -1 -1 
0 406 35 94 0.08952643722295761 2 -1 -1 
778 400 114 196 0.08938689529895782 8 -1 -1 
465 255 110 137 0.08934326469898224 2 -1 -1 
400 294 132 202 0.08842883259057999 10 -1 -1 
1268 661 91 109 0.08812069147825241 1 -1 -1 
958 94 311 337 0.08665292710065842 6 -1 -1 
783 368 105 158 0.08608030527830124 7 -1 -1 
288 216 233 167 0.08600687235593796 3 -1 -1 
0 327 37 101 0.08597293496131897 1 -1 -1 
621 356 50 99 0.0848536491394043 2 -1 -1 
0 412 41 122 0.08446189016103745 1 -1 -1 
475 263 52 100 0.08383922278881073 2 -1 -1 
1292 693 65 74 0.083814837038517 1 -1 -1 
674 358 216 223 0.08280833065509796 3 -1 -1 
0 272 33 155 0.08166045695543289 2 -1 -1 
439 283 151 193 0.0816599652171135 1 -1 -1 
0 294 31 89 0.08151261508464813 2 -1 -1 
4 378 69 100 0.08065751194953918 1 -1 -1 
81 346 46 79 0.08043242990970612 1 -1 -1 
597 351 79 246 0.08013541251420975 4 -1 -1 
885 200 374 374 0.07995734363794327 2 -1 -1 
1225 667 133 101 0.07984402030706406 3 -1 -1 
571 0 229 53 0.07947096228599548 4 -1 -1 
1329 381 28 144 0.07939885556697845 4 -1 -1 
1184 693 162 75 0.07928048819303513 2 -1 -1 
7 283 77 59 0.0789974108338356 2 -1 -1 
720 382 147 215 0.0785863921046257 2 -1 -1 
0 405 13 83 0.07855140417814255 1 -1 -1 
155 282 87 112 0.07827558368444443 5 -1 -1 
1321 315 36 114 0.07811838388442993 4 -1 -1 
1234 713 107 54 0.07758747786283493 10 -1 -1 
680 512 68 128 0.07749448716640472 7 -1 -1 
0 430 29 101 0.0770014226436615 1 -1 -1 
554 346 111 233 0.07682019472122192 1 -1 -1 
313 266 199 131 0.0763625055551529 10 -1 -1 
389 0 516 166 0.07601247727870941 7 -1 -1 
450 304 156 163 0.0759374275803566 2 -1 -1 
400 294 132 202 0.07592414319515228 3 -1 -1 
677 383 95 262 0.07546263933181763 4 -1 -1 
790 370 98 108 0.07537874579429626 10 -1 -1 
0 312 46 156 0.07533697783946991 1 -1 -1 
0 284 58 54 0.07517065852880478 2 -1 -1 
771 345 155 251 0.0748462975025177 10 -1 -1 
293 198 117 146 0.07454506307840347 3 -1 -1 
447 281 75 146 0.07447372376918793 2 -1 -1 
0 284 58 54 0.07417966425418854 1 -1 -1 
0 426 15 91 0.07407260686159134 1 -1 -1 
679 507 69 133 0.0739917978644371 10 -1 -1 
930 97 378 457 0.07386501133441925 5 -1 -1 
5 278 177 146 0.07386356592178345 2 -1 -1 
1 332 110 152 0.07385630905628204 2 -1 -1 
397 255 135 142 0.07382791489362717 3 -1 -1 
598 352 119 261 0.07373399287462234 10 -1 -1 
1271 697 87 70 0.07351996749639511 3 -1 -1 
784 394 110 203 0.07266490906476974 4 -1 -1 
1250 699 109 67 0.07256308943033218 2 -1 -1 
663 391 139 255 0.0724961906671524 3 -1 -1 
295 293 176 80 0.07241731137037277 3 -1 -1 
886 200 373 371 0.07194013148546219 10 -1 -1 
894 0 394 547 0.07189319282770157 4 -1 -1 
1338 437 20 108 0.07186809182167053 5 -1 -1 
1234 713 107 54 0.07162740081548691 2 -1 -1 
389 0 513 166 0.07138807326555252 1 -1 -1 
0 297 31 104 0.07134397327899933 1 -1 -1 
298 212 211 143 0.07112111151218414 9 -1 -1 
700 253 215 288 0.07107073813676834 10 -1 -1 
71 319 52 107 0.07090052217245102 2 -1 -1 
462 294 139 179 0.07032180577516556 10 -1 -1 
735 403 127 196 0.07032027840614319 7 -1 -1 
1319 352 38 162 0.0701577216386795 5 -1 -1 
1319 686 38 81 0.07008985430002213 10 -1 -1 
592 349 82 247 0.0698275938630104 2 -1 -1 
1317 297 41 172 0.06981310248374939 4 -1 -1 
396 34 392 124 0.06975339353084564 6 -1 -1 
1321 324 37 173 0.06954190135002136 2 -1 -1 
1182 692 164 76 0.0693085566163063 10 -1 -1 
471 259 118 182 0.06923171877861023 1 -1 -1 
0 343 31 114 0.06921952217817307 1 -1 -1 
392 256 254 222 0.06877971440553665 9 -1 -1 
388 1 335 139 0.06865815073251724 7 -1 -1 
622 351 53 154 0.06845981627702713 1 -1 -1 
291 176 180 148 0.06838295608758926 9 -1 -1 
607 348 109 229 0.06828489899635315 2 -1 -1 
543 25 370 133 0.06798209249973297 9 -1 -1 
0 327 37 101 0.0678962990641594 2 -1 -1 
11 269 129 135 0.06787385046482086 1 -1 -1 
1 387 31 70 0.06771542876958847 1 -1 -1 
1309 328 45 138 0.06758763641119003 1 -1 -1 
405 321 196 178 0.06753472238779068 1 -1 -1 
842 418 53 66 0.06745040416717529 2 -1 -1 
7 370 45 62 0.06733926385641098 1 -1 -1 
574 0 423 142 0.06710290908813477 9 -1 -1 
342 272 216 186 0.06680452078580856 3 -1 -1 
7 283 77 59 0.06676831841468811 1 -1 -1 
50 306 63 89 0.06646879762411118 1 -1 -1 
694 386 71 135 0.06630028784275055 3 -1 -1 
1244 697 115 69 0.06600560992956161 1 -1 -1 
952 308 313 284 0.06570690870285034 4 -1 -1 
404 263 132 206 0.06569966673851013 1 -1 -1 
492 339 191 238 0.06549523025751114 10 -1 -1 
869 74 31 68 0.06547165662050247 1 -1 -1 
1318 323 40 176 0.0653516873717308 3 -1 -1 
680 512 65 130 0.06533537805080414 9 -1 -1 
1235 693 111 65 0.06513828784227371 10 -1 -1 
389 0 516 166 0.06461910903453827 2 -1 -1 
670 389 200 245 0.0641331747174263 9 -1 -1 
0 286 32 73 0.06368174403905869 1 -1 -1 
1 305 67 172 0.06350164115428925 10 -1 -1 
0 343 31 114 0.06299582123756409 2 -1 -1 
65 356 57 86 0.062466811388731 1 -1 -1 
0 405 13 83 0.06233460456132889 2 -1 -1 
70 351 36 57 0.062160469591617584 1 -1 -1 
1240 711 86 57 0.06199343129992485 1 -1 -1 
1310 263 48 245 0.061873022466897964 1 -1 -1 
1162 702 140 64 0.061710331588983536 1 -1 -1 
665 225 418 373 0.0613863430917263 4 -1 -1 
1290 653 68 114 0.06122710555791855 3 -1 -1 
396 290 363 205 0.06061633303761482 9 -1 -1 
388 1 335 139 0.060535356402397156 4 -1 -1 
1306 652 51 114 0.060503676533699036 1 -1 -1 
796 218 406 408 0.060173384845256805 4 -1 -1 
1318 334 39 172 0.059555355459451675 6 -1 -1 
990 88 286 309 0.059359610080718994 4 -1 -1 
728 236 188 316 0.05899331718683243 2 -1 -1 
363 20 561 307 0.05897548049688339 4 -1 -1 
49 326 42 48 0.05889027565717697 2 -1 -1 
319 283 207 186 0.058817654848098755 9 -1 -1 
1290 286 66 249 0.058597270399332047 4 -1 -1 
394 0 268 104 0.05857323855161667 6 -1 -1 
292 193 113 147 0.05806940048933029 10 -1 -1 
1332 651 24 80 0.05794784426689148 10 -1 -1 
692 386 71 138 0.0577554851770401 9 -1 -1 
475 263 52 100 0.057435207068920135 1 -1 -1 
1209 700 96 65 0.057427503168582916 3 -1 -1 
798 494 49 103 0.05720963329076767 3 -1 -1 
690 420 64 127 0.05658404901623726 3 -1 -1 
388 1 335 139 0.05648091062903404 8 -1 -1 
479 292 68 141 0.05641080439090729 2 -1 -1 
0 344 29 71 0.05633977800607681 1 -1 -1 
1318 334 39 172 0.05628080293536186 9 -1 -1 
801 369 102 155 0.05623554810881615 2 -1 -1 
1329 381 28 144 0.05617938190698624 5 -1 -1 
585 342 106 253 0.056138716638088226 9 -1 -1 
652 358 107 201 0.05604957416653633 1 -1 -1 
757 368 120 206 0.05603533610701561 4 -1 -1 
435 264 92 93 0.05574508011341095 2 -1 -1 
888 200 368 370 0.0557088702917099 8 -1 -1 
824 413 70 91 0.05569402500987053 10 -1 -1 
18 368 36 81 0.0555032417178154 1 -1 -1 
6 379 39 75 0.055333591997623444 1 -1 -1 
1307 308 43 111 0.05510208383202553 4 -1 -1 
155 282 87 112 0.05506964400410652 4 -1 -1 
0 263 101 132 0.054521508514881134 1 -1 -1 
795 370 65 89 0.054371532052755356 10 -1 -1 
1326 423 29 118 0.05431845784187317 4 -1 -1 
0 457 24 62 0.05408661812543869 1 -1 -1 
0 368 66 147 0.05403251200914383 1 -1 -1 
1098 105 235 362 0.054010313004255295 4 -1 -1 
1201 716 87 51 0.05360622704029083 1 -1 -1 
595 371 54 203 0.05346507579088211 1 -1 -1 
396 274 100 97 0.05308414623141289 3 -1 -1 
1328 650 29 90 0.05299421772360802 1 -1 -1 
1267 651 90 105 0.05290769040584564 10 -1 -1 
631 354 45 134 0.052318137139081955 2 -1 -1 
583 0 112 28 0.05230845510959625 4 -1 -1 
601 398 68 197 0.05222795158624649 9 -1 -1 
0 367 42 56 0.052189432084560394 1 -1 -1 
383 1 372 132 0.05195704475045204 9 -1 -1 
49 326 42 48 0.05184699222445488 1 -1 -1 
388 261 227 203 0.051755353808403015 1 -1 -1 
137 147 23 48 0.05150854215025902 1 -1 -1 
0 390 21 71 0.05130922794342041 1 -1 -1 
13 368 37 76 0.051224932074546814 2 -1 -1 
1333 326 26 104 0.051016002893447876 1 -1 -1 
438 266 86 116 0.05070706084370613 1 -1 -1 
1319 686 38 81 0.050445374101400375 1 -1 -1 
1298 662 60 105 0.05035809427499771 2 -1 -1 
1321 274 37 134 0.05033731833100319 4 -1 -1 
618 370 57 203 0.0502801276743412 1 -1 -1 
363 20 561 307 0.05026666074991226 5 -1 -1 
1244 676 113 72 0.05021672695875168 10 -1 -1 
666 393 130 254 0.050037726759910583 8 -1 -1 
