846 45 28 39 0.9838389158248901 6 -1 -1 
593 15 37 36 0.9832083582878113 5 -1 -1 
863 431 71 105 0.9385287761688232 4 -1 -1 
230 535 40 57 0.9379687309265137 3 -1 -1 
774 369 60 80 0.9296934008598328 4 -1 -1 
918 310 60 73 0.9289902448654175 4 -1 -1 
721 30 29 32 0.9241523146629333 4 -1 -1 
999 414 144 97 0.9141989350318909 4 -1 -1 
812 241 52 64 0.9092973470687866 4 -1 -1 
906 109 39 38 0.9052157402038574 4 -1 -1 
708 212 57 76 0.9030846357345581 4 -1 -1 
672 5 31 28 0.9016788005828857 4 -1 -1 
515 18 59 31 0.8997046947479248 5 -1 -1 
664 122 40 45 0.8903247714042664 4 -1 -1 
781 11 30 41 0.8894713521003723 5 -1 -1 
1222 433 25 52 0.8842843770980835 1 -1 -1 
1092 34 68 27 0.8725126385688782 4 -1 -1 
629 201 51 61 0.8716878890991211 4 -1 -1 
1012 158 42 41 0.8551470041275024 4 -1 -1 
727 153 49 65 0.8479468822479248 5 -1 -1 
132 397 22 48 0.8401899933815002 1 -1 -1 
955 81 47 30 0.8309913277626038 4 -1 -1 
203 393 26 46 0.8205592632293701 1 -1 -1 
1013 268 26 44 0.8175255060195923 1 -1 -1 
1068 192 47 49 0.814064085483551 4 -1 -1 
1013 47 63 29 0.8083223104476929 5 -1 -1 
851 155 39 44 0.8022812604904175 4 -1 -1 
985 30 67 26 0.7977138161659241 4 -1 -1 
995 133 83 35 0.797148585319519 4 -1 -1 
174 399 24 50 0.7931832075119019 1 -1 -1 
762 93 34 40 0.7898932695388794 4 -1 -1 
1168 332 21 47 0.7795289754867554 1 -1 -1 
979 99 76 32 0.7746154069900513 4 -1 -1 
1106 313 20 43 0.7728791832923889 1 -1 -1 
185 355 25 47 0.7722064256668091 1 -1 -1 
38 336 89 87 0.7706962823867798 8 -1 -1 
419 152 11 32 0.770499587059021 1 -1 -1 
427 79 78 30 0.7691922783851624 4 -1 -1 
403 172 36 26 0.7630950212478638 10 -1 -1 
989 114 77 29 0.7627050280570984 4 -1 -1 
975 57 67 29 0.7578810453414917 4 -1 -1 
777 46 29 32 0.7547560930252075 4 -1 -1 
1210 293 18 45 0.7449842095375061 1 -1 -1 
1220 338 29 36 0.7430347204208374 1 -1 -1 
1235 534 124 91 0.7410128712654114 4 -1 -1 
0 456 29 32 0.7407264113426208 3 -1 -1 
454 157 14 36 0.735705554485321 1 -1 -1 
439 153 13 40 0.7336400151252747 1 -1 -1 
1041 248 15 38 0.7318604588508606 1 -1 -1 
684 58 39 49 0.7285816669464111 4 -1 -1 
546 7 56 26 0.7243114113807678 4 -1 -1 
1223 309 20 42 0.7226139903068542 1 -1 -1 
743 125 37 40 0.7221494317054749 4 -1 -1 
1191 392 27 45 0.6895979642868042 1 -1 -1 
1307 415 28 49 0.6863728165626526 1 -1 -1 
246 264 16 42 0.6813138127326965 1 -1 -1 
1024 66 77 32 0.6732144951820374 4 -1 -1 
491 37 66 28 0.6708639860153198 4 -1 -1 
1066 292 139 51 0.6696232557296753 4 -1 -1 
925 231 49 52 0.6680148243904114 4 -1 -1 
1050 357 23 34 0.6651656031608582 2 -1 -1 
349 203 41 32 0.6617112755775452 10 -1 -1 
305 285 31 22 0.6587968468666077 10 -1 -1 
235 522 26 47 0.6583489775657654 2 -1 -1 
258 329 16 25 0.6569947600364685 2 -1 -1 
836 5 28 25 0.6565897464752197 4 -1 -1 
1075 308 18 41 0.6504566669464111 1 -1 -1 
1300 341 25 47 0.648706316947937 1 -1 -1 
1073 252 19 43 0.645176887512207 1 -1 -1 
668 34 11 25 0.6437427401542664 2 -1 -1 
433 206 16 31 0.6343103051185608 10 -1 -1 
1096 253 15 37 0.6299803853034973 1 -1 -1 
603 45 26 28 0.6293565630912781 7 -1 -1 
1271 356 21 44 0.6233307719230652 1 -1 -1 
758 63 28 35 0.6128778457641602 4 -1 -1 
411 288 39 30 0.6123841404914856 3 -1 -1 
373 268 20 36 0.5991801023483276 2 -1 -1 
1044 81 77 36 0.5984390377998352 4 -1 -1 
987 198 44 47 0.5979675054550171 4 -1 -1 
284 234 28 36 0.5847817063331604 10 -1 -1 
656 24 9 23 0.5838915705680847 1 -1 -1 
366 279 30 30 0.5825416445732117 10 -1 -1 
980 4 56 27 0.5813572406768799 4 -1 -1 
1059 312 19 39 0.5801423788070679 1 -1 -1 
407 287 43 31 0.5650352835655212 10 -1 -1 
1260 325 22 46 0.5649387240409851 1 -1 -1 
1041 362 37 47 0.564143717288971 7 -1 -1 
1045 81 77 36 0.5640080571174622 5 -1 -1 
1062 275 14 38 0.5582961440086365 1 -1 -1 
278 339 27 34 0.557286262512207 2 -1 -1 
149 350 20 30 0.5528924465179443 2 -1 -1 
1065 310 20 40 0.5479278564453125 1 -1 -1 
1308 360 26 42 0.5454548001289368 1 -1 -1 
219 238 30 39 0.5447205901145935 10 -1 -1 
310 259 37 28 0.5417084693908691 3 -1 -1 
448 148 12 34 0.5386484265327454 1 -1 -1 
280 340 26 33 0.5364048480987549 1 -1 -1 
1043 361 35 48 0.5341629981994629 10 -1 -1 
667 42 11 19 0.5341290831565857 10 -1 -1 
370 283 42 31 0.5317832827568054 10 -1 -1 
794 0 23 24 0.5295441150665283 4 -1 -1 
918 703 103 62 0.5277063250541687 4 -1 -1 
94 397 30 42 0.5229893326759338 3 -1 -1 
1281 326 19 43 0.5109380483627319 1 -1 -1 
1272 327 19 43 0.5104548931121826 1 -1 -1 
413 275 24 40 0.5096621513366699 2 -1 -1 
1055 252 11 32 0.5072895884513855 1 -1 -1 
259 233 22 31 0.5034541487693787 10 -1 -1 
452 39 61 31 0.5032085180282593 4 -1 -1 
1163 258 12 21 0.49482300877571106 2 -1 -1 
158 412 20 44 0.49289560317993164 3 -1 -1 
77 433 36 31 0.48704636096954346 3 -1 -1 
304 237 22 35 0.48543792963027954 10 -1 -1 
331 222 23 33 0.4804966151714325 10 -1 -1 
52 318 21 24 0.4776636064052582 2 -1 -1 
1223 272 14 33 0.47684362530708313 1 -1 -1 
1264 399 21 28 0.474568635225296 2 -1 -1 
1234 370 23 44 0.461672306060791 1 -1 -1 
82 415 30 46 0.45784345269203186 2 -1 -1 
880 0 28 15 0.45486029982566833 4 -1 -1 
846 45 28 38 0.4492252767086029 5 -1 -1 
1209 263 14 35 0.4427889883518219 1 -1 -1 
386 286 27 29 0.44091689586639404 10 -1 -1 
95 396 29 43 0.4407425820827484 10 -1 -1 
979 3 58 28 0.439666211605072 5 -1 -1 
1206 393 38 27 0.43481358885765076 10 -1 -1 
241 234 31 30 0.4332764446735382 10 -1 -1 
1217 215 13 22 0.4328944683074951 2 -1 -1 
1110 299 95 47 0.42327219247817993 4 -1 -1 
414 275 23 40 0.4230121374130249 1 -1 -1 
172 351 17 34 0.4206763505935669 1 -1 -1 
987 198 44 47 0.4193156659603119 5 -1 -1 
231 253 33 28 0.4190635085105896 3 -1 -1 
1166 328 17 38 0.41845130920410156 1 -1 -1 
1309 399 36 60 0.4177173972129822 1 -1 -1 
309 259 38 29 0.4148038327693939 10 -1 -1 
229 239 29 36 0.40877896547317505 10 -1 -1 
1246 350 16 33 0.4078235924243927 1 -1 -1 
1007 44 58 23 0.40415436029434204 4 -1 -1 
295 235 24 32 0.40056055784225464 10 -1 -1 
389 99 32 18 0.3980003595352173 3 -1 -1 
81 415 29 47 0.39705830812454224 1 -1 -1 
172 351 16 31 0.39464712142944336 2 -1 -1 
410 283 36 34 0.39391058683395386 1 -1 -1 
654 32 11 17 0.39221206307411194 3 -1 -1 
556 77 16 21 0.39139318466186523 3 -1 -1 
328 309 18 25 0.3893004059791565 10 -1 -1 
668 35 11 24 0.38881364464759827 1 -1 -1 
0 382 73 74 0.3871314823627472 5 -1 -1 
1111 269 16 26 0.3862053155899048 1 -1 -1 
603 47 17 26 0.38573285937309265 10 -1 -1 
267 289 19 25 0.382682204246521 2 -1 -1 
0 384 72 72 0.38204681873321533 4 -1 -1 
758 64 28 34 0.38152697682380676 5 -1 -1 
1154 256 27 35 0.3386685848236084 10 -1 -1 
441 151 17 40 0.3380811810493469 1 -1 -1 
1034 72 84 34 0.3302003741264343 4 -1 -1 
1058 246 33 32 0.32992294430732727 10 -1 -1 
602 43 27 31 0.32517901062965393 8 -1 -1 
940 -1 37 20 0.3221697509288788 6 -1 -1 
257 328 16 43 0.31909820437431335 1 -1 -1 
1212 371 27 32 0.30380475521087646 2 -1 -1 
1217 301 22 46 0.29813259840011597 1 -1 -1 
448 150 18 40 0.29808005690574646 1 -1 -1 
36 337 94 84 0.29392722249031067 7 -1 -1 
1066 292 138 51 0.28951379656791687 5 -1 -1 
1213 297 20 48 0.2867511808872223 1 -1 -1 
36 337 94 84 0.27890634536743164 6 -1 -1 
1232 340 24 38 0.27613213658332825 1 -1 -1 
36 337 94 84 0.27436989545822144 5 -1 -1 
1097 257 25 36 0.27100837230682373 1 -1 -1 
1056 247 25 35 0.2676994800567627 10 -1 -1 
1231 369 25 40 0.26618510484695435 2 -1 -1 
1209 376 33 36 0.265787273645401 10 -1 -1 
1028 69 88 32 0.2629699409008026 5 -1 -1 
1226 299 22 42 0.2612839937210083 1 -1 -1 
274 334 17 39 0.2611558139324188 1 -1 -1 
1196 342 25 35 0.2587316334247589 1 -1 -1 
1188 367 37 24 0.24574097990989685 2 -1 -1 
1237 347 24 38 0.24240407347679138 1 -1 -1 
1043 249 20 38 0.23736870288848877 1 -1 -1 
1189 367 37 28 0.23466791212558746 1 -1 -1 
1063 254 23 41 0.23451654613018036 1 -1 -1 
1192 280 18 37 0.2330729365348816 1 -1 -1 
1189 340 31 29 0.23023425042629242 1 -1 -1 
1220 371 32 39 0.2295224368572235 2 -1 -1 
1222 371 33 40 0.2286834865808487 1 -1 -1 
1238 317 20 40 0.22624890506267548 1 -1 -1 
390 101 28 35 0.21733635663986206 3 -1 -1 
940 0 38 18 0.21653783321380615 5 -1 -1 
1211 270 22 39 0.21537446975708008 1 -1 -1 
785 181 18 36 0.21308533847332 1 -1 -1 
1213 373 32 39 0.21278837323188782 2 -1 -1 
1231 295 21 39 0.2114669531583786 1 -1 -1 
447 43 71 37 0.20920512080192566 4 -1 -1 
58 342 84 89 0.2054862380027771 8 -1 -1 
1056 247 19 37 0.20528720319271088 1 -1 -1 
256 328 17 44 0.2038847953081131 2 -1 -1 
1190 394 30 27 0.2037578970193863 2 -1 -1 
727 152 49 66 0.20352241396903992 4 -1 -1 
1188 324 29 37 0.20226748287677765 1 -1 -1 
998 413 145 98 0.20093026757240295 5 -1 -1 
1206 266 20 41 0.20087189972400665 1 -1 -1 
1072 294 132 52 0.20048263669013977 6 -1 -1 
1073 252 19 43 0.19836096465587616 2 -1 -1 
1214 372 26 35 0.19808146357536316 1 -1 -1 
940 -1 37 20 0.1976328045129776 8 -1 -1 
1198 370 37 26 0.19693686068058014 2 -1 -1 
708 211 58 77 0.19437456130981445 5 -1 -1 
1242 311 22 37 0.19354404509067535 1 -1 -1 
836 4 28 26 0.19204607605934143 5 -1 -1 
1060 264 18 46 0.1907031238079071 1 -1 -1 
1239 368 21 40 0.1905766874551773 1 -1 -1 
82 374 52 65 0.18834665417671204 10 -1 -1 
985 111 79 31 0.18654192984104156 5 -1 -1 
1189 344 33 41 0.18598267436027527 1 -1 -1 
1190 394 29 26 0.18395884335041046 1 -1 -1 
1241 355 20 40 0.18296575546264648 1 -1 -1 
602 42 27 31 0.18209227919578552 10 -1 -1 
1236 286 19 35 0.18102113902568817 1 -1 -1 
1106 259 22 36 0.18071992695331573 1 -1 -1 
1062 266 72 34 0.17902560532093048 4 -1 -1 
333 305 30 28 0.17860588431358337 10 -1 -1 
1188 277 24 41 0.17781402170658112 10 -1 -1 
1195 271 26 41 0.1772654801607132 1 -1 -1 
1187 281 19 37 0.17589235305786133 1 -1 -1 
1018 60 80 30 0.17465683817863464 4 -1 -1 
1094 252 18 38 0.1740691214799881 2 -1 -1 
1063 278 20 43 0.17264477908611298 1 -1 -1 
784 181 20 38 0.1723361760377884 3 -1 -1 
1218 372 32 42 0.1664203554391861 10 -1 -1 
249 342 19 34 0.16535277664661407 10 -1 -1 
940 0 38 18 0.16528204083442688 4 -1 -1 
1110 299 95 47 0.16518306732177734 5 -1 -1 
1195 340 26 32 0.16455285251140594 2 -1 -1 
940 -1 37 20 0.1642540544271469 7 -1 -1 
-1 382 73 74 0.16407150030136108 8 -1 -1 
1238 301 25 38 0.16389913856983185 1 -1 -1 
940 0 38 18 0.16369804739952087 9 -1 -1 
1198 263 25 37 0.1601860225200653 1 -1 -1 
1203 373 34 31 0.15994714200496674 10 -1 -1 
1006 44 72 33 0.15993443131446838 4 -1 -1 
727 152 49 66 0.15950708091259003 6 -1 -1 
404 172 35 26 0.15831486880779266 3 -1 -1 
1188 273 26 42 0.15765252709388733 1 -1 -1 
1224 271 21 39 0.1559436023235321 1 -1 -1 
1230 325 25 44 0.15529341995716095 1 -1 -1 
1208 368 36 28 0.1539408415555954 2 -1 -1 
1234 360 24 38 0.1519211083650589 1 -1 -1 
994 130 79 32 0.15186132490634918 5 -1 -1 
917 702 104 64 0.15150868892669678 5 -1 -1 
1241 341 22 36 0.1503700315952301 1 -1 -1 
36 337 94 84 0.14967821538448334 4 -1 -1 
1058 246 33 32 0.14932577311992645 3 -1 -1 
1198 379 40 35 0.1490471363067627 10 -1 -1 
911 219 62 61 0.1487438827753067 4 -1 -1 
251 335 19 40 0.1479543298482895 1 -1 -1 
1189 281 21 37 0.14664137363433838 2 -1 -1 
251 339 19 34 0.14529484510421753 2 -1 -1 
1207 369 31 31 0.14425772428512573 1 -1 -1 
1064 288 91 45 0.14179390668869019 4 -1 -1 
1225 319 25 47 0.13948293030261993 1 -1 -1 
327 305 27 30 0.13879095017910004 10 -1 -1 
39 331 130 97 0.06674182415008545 6 -1 -1 
42 325 122 96 0.05656799301505089 8 -1 -1 
