701 506 62 106 0.9874792098999023 5 -1 -1 
898 380 92 66 0.9483862519264221 4 -1 -1 
495 259 48 63 0.9349510669708252 4 -1 -1 
669 408 55 79 0.9335235357284546 4 -1 -1 
845 640 88 124 0.9271526336669922 4 -1 -1 
658 316 48 62 0.9192141890525818 4 -1 -1 
379 440 42 30 0.8841530680656433 3 -1 -1 
573 115 15 25 0.8491596579551697 3 -1 -1 
1060 490 66 69 0.8472222685813904 8 -1 -1 
681 672 80 92 0.8416941165924072 4 -1 -1 
436 413 69 106 0.8410223722457886 4 -1 -1 
926 447 126 58 0.8371689915657043 4 -1 -1 
789 370 55 65 0.830286979675293 4 -1 -1 
909 589 54 38 0.8295108675956726 3 -1 -1 
739 27 10 23 0.8201555013656616 1 -1 -1 
667 200 38 44 0.8117989897727966 4 -1 -1 
656 19 29 24 0.8083745837211609 4 -1 -1 
631 68 63 28 0.7889912724494934 4 -1 -1 
399 347 43 25 0.7887481451034546 10 -1 -1 
783 530 23 44 0.7847884297370911 10 -1 -1 
660 244 41 52 0.7845055460929871 4 -1 -1 
755 241 43 48 0.7802549004554749 4 -1 -1 
1003 396 46 31 0.7711060047149658 10 -1 -1 
412 525 80 141 0.7533803582191467 4 -1 -1 
785 523 20 35 0.7413530349731445 2 -1 -1 
634 144 12 23 0.7300816178321838 2 -1 -1 
543 336 17 38 0.7198271155357361 1 -1 -1 
670 170 19 30 0.7003241181373596 7 -1 -1 
450 31 59 23 0.6980839967727661 4 -1 -1 
679 120 23 36 0.6974363923072815 8 -1 -1 
314 645 149 87 0.6974039673805237 4 -1 -1 
680 121 23 38 0.6838514804840088 7 -1 -1 
495 349 52 72 0.6785086989402771 4 -1 -1 
376 448 41 26 0.6719545722007751 3 -1 -1 
705 103 14 24 0.6573182344436646 2 -1 -1 
749 39 59 25 0.6543789505958557 4 -1 -1 
731 223 14 26 0.6480653285980225 2 -1 -1 
726 102 12 26 0.6442422866821289 2 -1 -1 
901 592 23 50 0.6435274481773376 1 -1 -1 
572 107 13 27 0.6423370242118835 2 -1 -1 
971 329 37 25 0.6367688179016113 10 -1 -1 
784 11 7 21 0.6209116578102112 1 -1 -1 
998 599 55 35 0.6092861890792847 3 -1 -1 
1060 490 66 69 0.607660710811615 5 -1 -1 
436 110 60 36 0.6049589514732361 4 -1 -1 
736 17 7 21 0.5956166982650757 1 -1 -1 
412 100 54 30 0.5954321026802063 4 -1 -1 
656 173 13 29 0.5869218111038208 1 -1 -1 
548 347 16 34 0.5813872218132019 10 -1 -1 
745 168 13 27 0.5766544938087463 1 -1 -1 
459 203 34 22 0.5686701536178589 10 -1 -1 
664 164 28 34 0.5648998618125916 7 -1 -1 
730 229 15 29 0.554993212223053 10 -1 -1 
543 336 19 35 0.5531967878341675 2 -1 -1 
612 13 9 21 0.5422699451446533 1 -1 -1 
453 229 29 16 0.5370166301727295 10 -1 -1 
583 0 24 16 0.5364270210266113 4 -1 -1 
778 9 7 20 0.5230370163917542 1 -1 -1 
726 110 12 24 0.5180099010467529 10 -1 -1 
454 215 33 19 0.5035725831985474 10 -1 -1 
452 223 31 19 0.4938575029373169 10 -1 -1 
1013 513 55 44 0.4937955141067505 10 -1 -1 
591 42 8 14 0.49114376306533813 2 -1 -1 
726 111 12 24 0.4897829294204712 3 -1 -1 
623 0 18 14 0.4896244406700134 4 -1 -1 
661 144 34 45 0.4854166805744171 5 -1 -1 
364 462 45 28 0.4832931458950043 10 -1 -1 
731 230 14 28 0.47973906993865967 3 -1 -1 
635 152 10 21 0.4757636785507202 10 -1 -1 
325 503 21 42 0.4734019637107849 3 -1 -1 
706 110 13 21 0.4684446454048157 3 -1 -1 
1015 513 35 24 0.4616604149341583 10 -1 -1 
718 3 7 16 0.4615953266620636 2 -1 -1 
454 209 33 20 0.4595373868942261 10 -1 -1 
660 144 35 45 0.45745447278022766 4 -1 -1 
705 1 8 15 0.4367828071117401 10 -1 -1 
400 347 42 26 0.4279748797416687 3 -1 -1 
364 464 44 25 0.4239251911640167 3 -1 -1 
544 339 20 38 0.4234006702899933 10 -1 -1 
971 608 52 37 0.4219534993171692 3 -1 -1 
949 630 71 40 0.42055749893188477 10 -1 -1 
908 586 55 42 0.4174553453922272 10 -1 -1 
635 151 10 22 0.4163982570171356 3 -1 -1 
706 111 13 23 0.41000863909721375 10 -1 -1 
494 349 51 72 0.39857184886932373 5 -1 -1 
955 616 69 40 0.3983060121536255 3 -1 -1 
374 458 41 24 0.3942418098449707 3 -1 -1 
911 571 49 35 0.383970707654953 10 -1 -1 
731 11 8 19 0.3814578950405121 1 -1 -1 
436 111 56 35 0.375280499458313 5 -1 -1 
969 596 50 32 0.3751470446586609 3 -1 -1 
718 9 10 15 0.37455737590789795 3 -1 -1 
950 626 72 41 0.3733556866645813 3 -1 -1 
1017 526 48 34 0.3725709617137909 10 -1 -1 
588 48 14 15 0.3617710471153259 10 -1 -1 
739 35 9 15 0.35990220308303833 1 -1 -1 
718 3 7 17 0.35676753520965576 1 -1 -1 
447 233 31 19 0.3520435690879822 10 -1 -1 
705 0 7 10 0.35201773047447205 2 -1 -1 
912 577 48 35 0.35199838876724243 3 -1 -1 
553 351 12 29 0.35106945037841797 3 -1 -1 
970 596 68 41 0.3443458676338196 3 -1 -1 
572 107 13 27 0.3403666317462921 1 -1 -1 
752 182 8 18 0.3385644555091858 1 -1 -1 
702 506 61 106 0.3275667130947113 10 -1 -1 
946 600 59 30 0.3272159993648529 3 -1 -1 
955 615 69 39 0.32653069496154785 10 -1 -1 
326 508 19 40 0.3252807557582855 10 -1 -1 
750 38 57 26 0.3225261867046356 5 -1 -1 
612 12 9 22 0.3204335570335388 2 -1 -1 
739 36 9 14 0.31932300329208374 3 -1 -1 
971 329 37 25 0.3168770372867584 3 -1 -1 
948 601 69 42 0.3093358278274536 3 -1 -1 
969 602 45 34 0.30698078870773315 3 -1 -1 
676 170 13 29 0.30512747168540955 1 -1 -1 
413 524 78 143 0.30197465419769287 5 -1 -1 
747 181 13 20 0.3012509346008301 3 -1 -1 
661 144 34 45 0.29757893085479736 6 -1 -1 
371 458 41 25 0.2973502576351166 10 -1 -1 
966 725 77 34 0.2970838248729706 4 -1 -1 
633 143 13 24 0.2969021499156952 1 -1 -1 
456 222 29 14 0.29580917954444885 10 -1 -1 
449 240 28 17 0.295761376619339 10 -1 -1 
705 103 14 24 0.2957000136375427 1 -1 -1 
718 6 10 14 0.29319170117378235 2 -1 -1 
739 100 19 15 0.2916686236858368 3 -1 -1 
950 638 50 31 0.2911461293697357 10 -1 -1 
726 102 12 26 0.28875523805618286 1 -1 -1 
675 62 20 21 0.2841712534427643 10 -1 -1 
1002 611 51 26 0.2836504578590393 3 -1 -1 
919 571 41 32 0.2823968827724457 3 -1 -1 
400 347 42 26 0.27920305728912354 7 -1 -1 
965 606 62 40 0.2787446975708008 10 -1 -1 
972 625 53 30 0.2780511677265167 3 -1 -1 
965 723 66 32 0.2776612937450409 10 -1 -1 
686 61 8 18 0.27721479535102844 1 -1 -1 
591 42 8 14 0.2714943289756775 1 -1 -1 
590 44 11 16 0.2708498537540436 10 -1 -1 
590 44 11 16 0.2697332203388214 1 -1 -1 
780 9 8 20 0.2695826292037964 1 -1 -1 
378 441 43 29 0.26822102069854736 10 -1 -1 
718 9 10 15 0.2667154371738434 10 -1 -1 
747 179 12 20 0.26659703254699707 1 -1 -1 
705 1 8 14 0.26544061303138733 7 -1 -1 
702 506 61 105 0.2652321457862854 6 -1 -1 
632 64 60 19 0.26517459750175476 4 -1 -1 
479 206 19 16 0.26465603709220886 10 -1 -1 
1011 516 47 32 0.2646056115627289 10 -1 -1 
659 172 9 21 0.2640552222728729 1 -1 -1 
749 168 10 22 0.26273447275161743 1 -1 -1 
702 506 61 105 0.25918707251548767 4 -1 -1 
785 523 21 35 0.25478094816207886 1 -1 -1 
912 568 52 55 0.24640662968158722 3 -1 -1 
986 594 67 42 0.2447526752948761 10 -1 -1 
701 506 62 106 0.24251094460487366 8 -1 -1 
1059 490 68 68 0.24197764694690704 4 -1 -1 
895 590 37 55 0.2411462813615799 1 -1 -1 
449 218 34 20 0.24075955152511597 10 -1 -1 
897 590 43 53 0.23870909214019775 10 -1 -1 
979 588 73 45 0.23516298830509186 3 -1 -1 
784 530 21 44 0.23141169548034668 3 -1 -1 
977 606 71 40 0.22874711453914642 3 -1 -1 
702 506 61 105 0.22074763476848602 9 -1 -1 
681 671 80 92 0.21685825288295746 5 -1 -1 
947 637 61 42 0.20560216903686523 10 -1 -1 
420 102 58 41 0.2035803198814392 4 -1 -1 
946 607 52 55 0.1996207982301712 3 -1 -1 
902 570 60 52 0.19664733111858368 10 -1 -1 
788 369 56 66 0.1949755698442459 6 -1 -1 
783 530 23 44 0.19434881210327148 2 -1 -1 
446 238 31 20 0.1937589943408966 7 -1 -1 
903 592 57 50 0.18835720419883728 10 -1 -1 
966 725 74 33 0.18677809834480286 8 -1 -1 
702 506 61 106 0.18133677542209625 7 -1 -1 
788 370 56 65 0.179438054561615 5 -1 -1 
746 169 17 32 0.1793070137500763 1 -1 -1 
450 227 32 18 0.17821358144283295 7 -1 -1 
965 724 84 36 0.1770741492509842 5 -1 -1 
467 202 33 22 0.17642390727996826 10 -1 -1 
447 233 31 19 0.1763744354248047 7 -1 -1 
986 594 67 42 0.1740342378616333 7 -1 -1 
730 223 16 31 0.17400558292865753 1 -1 -1 
310 640 153 91 0.17292866110801697 5 -1 -1 
249 658 211 84 0.1701802760362625 4 -1 -1 
450 227 32 18 0.16883112490177155 3 -1 -1 
948 601 69 42 0.16701635718345642 10 -1 -1 
962 591 60 40 0.16633419692516327 10 -1 -1 
966 725 74 33 0.16511116921901703 7 -1 -1 
966 708 103 49 0.16331902146339417 4 -1 -1 
944 630 58 44 0.15804141759872437 3 -1 -1 
409 99 57 34 0.15537449717521667 5 -1 -1 
977 606 71 40 0.15340955555438995 10 -1 -1 
974 616 72 42 0.15321677923202515 3 -1 -1 
453 220 31 18 0.1517922729253769 3 -1 -1 
967 701 74 47 0.14792096614837646 4 -1 -1 
965 606 62 40 0.14300456643104553 7 -1 -1 
903 592 57 50 0.14071469008922577 3 -1 -1 
632 67 63 29 0.13882099092006683 5 -1 -1 
994 521 71 40 0.13767647743225098 10 -1 -1 
926 447 128 59 0.13763192296028137 5 -1 -1 
945 595 53 52 0.13682901859283447 3 -1 -1 
400 94 62 33 0.1354299932718277 4 -1 -1 
348 621 120 107 0.13501156866550446 4 -1 -1 
438 237 38 19 0.13444295525550842 10 -1 -1 
950 626 72 41 0.12793637812137604 7 -1 -1 
1060 490 65 69 0.12778206169605255 9 -1 -1 
701 506 62 106 0.12430457770824432 2 -1 -1 
1059 490 68 68 0.12423320859670639 7 -1 -1 
955 616 69 40 0.12420542538166046 7 -1 -1 
454 215 33 20 0.12338618189096451 3 -1 -1 
946 607 52 55 0.12267989665269852 10 -1 -1 
942 600 43 56 0.12119174003601074 3 -1 -1 
454 197 35 25 0.12112665176391602 10 -1 -1 
921 590 58 41 0.11863750219345093 3 -1 -1 
1060 490 66 69 0.1176934614777565 2 -1 -1 
682 672 80 92 0.11723307520151138 10 -1 -1 
477 199 26 24 0.11703335493803024 10 -1 -1 
974 694 94 45 0.11635033786296844 4 -1 -1 
898 380 92 66 0.11629828065633774 9 -1 -1 
325 496 48 51 0.11581364274024963 3 -1 -1 
848 22 31 21 0.11532305181026459 4 -1 -1 
898 380 92 66 0.11508592218160629 1 -1 -1 
730 228 16 31 0.11487084627151489 2 -1 -1 
965 718 65 35 0.11386170238256454 4 -1 -1 
845 641 88 121 0.11380242556333542 9 -1 -1 
897 590 43 53 0.1134524866938591 3 -1 -1 
453 220 31 18 0.11340335756540298 7 -1 -1 
944 615 43 54 0.11317073553800583 3 -1 -1 
432 413 75 108 0.11302389204502106 5 -1 -1 
738 93 24 25 0.11288732290267944 3 -1 -1 
848 22 32 22 0.11249314248561859 5 -1 -1 
447 233 31 19 0.11056312173604965 3 -1 -1 
920 594 48 49 0.1105286106467247 3 -1 -1 
495 258 47 64 0.10907023400068283 5 -1 -1 
845 640 88 124 0.09285661578178406 10 -1 -1 
845 641 88 122 0.08096319437026978 1 -1 -1 
845 641 88 121 0.07743053138256073 7 -1 -1 
845 640 88 123 0.07005579769611359 5 -1 -1 
925 447 129 59 0.06653030961751938 9 -1 -1 
845 641 88 121 0.06000591441988945 6 -1 -1 
925 447 130 59 0.0560278445482254 6 -1 -1 
