189 121 46 65 0.9962866306304932 6 -1 -1 
415 241 37 22 0.9844422936439514 3 -1 -1 
786 238 33 22 0.980083703994751 3 -1 -1 
1206 156 68 36 0.9327544569969177 5 -1 -1 
962 227 89 38 0.9267730116844177 4 -1 -1 
906 280 84 59 0.9129843711853027 4 -1 -1 
228 340 127 59 0.8986156582832336 4 -1 -1 
590 262 60 36 0.8868687152862549 7 -1 -1 
433 152 39 36 0.8745445609092712 4 -1 -1 
1118 212 83 31 0.8661581873893738 4 -1 -1 
1174 155 14 26 0.8248875141143799 1 -1 -1 
1201 129 48 34 0.8217639327049255 8 -1 -1 
451 418 52 31 0.7979243397712708 10 -1 -1 
880 155 77 30 0.7944170832633972 4 -1 -1 
969 104 9 22 0.7911704778671265 1 -1 -1 
1287 152 61 29 0.7905089855194092 4 -1 -1 
1300 189 58 30 0.7764118909835815 4 -1 -1 
289 0 38 35 0.7756831049919128 9 -1 -1 
267 461 56 35 0.7737939953804016 10 -1 -1 
417 128 37 33 0.7720996737480164 4 -1 -1 
252 215 21 39 0.7696770429611206 1 -1 -1 
693 58 28 19 0.7325328588485718 4 -1 -1 
1014 166 9 22 0.7171894311904907 1 -1 -1 
1112 231 87 40 0.7015168070793152 4 -1 -1 
377 160 35 33 0.6964960694313049 4 -1 -1 
722 55 32 23 0.6943675875663757 4 -1 -1 
1201 129 48 34 0.6925233006477356 7 -1 -1 
316 440 49 36 0.6823942065238953 10 -1 -1 
1291 122 29 16 0.6777480840682983 10 -1 -1 
1030 163 12 27 0.6752819418907166 1 -1 -1 
1089 154 11 28 0.6715139746665955 1 -1 -1 
978 107 8 19 0.6706452369689941 1 -1 -1 
280 450 25 39 0.6673269271850586 2 -1 -1 
795 226 16 30 0.6653069853782654 2 -1 -1 
670 115 34 34 0.6643542051315308 7 -1 -1 
360 412 50 30 0.6592884063720703 10 -1 -1 
1109 162 68 25 0.6516067981719971 7 -1 -1 
466 406 24 38 0.6496855616569519 2 -1 -1 
426 230 16 31 0.6488398909568787 2 -1 -1 
372 400 23 38 0.6372568011283875 2 -1 -1 
927 110 7 20 0.6364626884460449 1 -1 -1 
675 43 42 18 0.6357759833335876 4 -1 -1 
954 212 26 20 0.6315144300460815 10 -1 -1 
447 190 16 32 0.6224398612976074 1 -1 -1 
639 181 9 30 0.6177465915679932 1 -1 -1 
1295 137 19 17 0.6142978072166443 10 -1 -1 
352 207 13 35 0.6129196882247925 1 -1 -1 
723 127 59 30 0.6126273274421692 4 -1 -1 
879 184 23 27 0.6084907054901123 10 -1 -1 
788 141 40 29 0.5985927581787109 4 -1 -1 
387 95 31 34 0.5889958739280701 5 -1 -1 
362 76 28 23 0.5882630944252014 4 -1 -1 
388 99 30 30 0.5874673128128052 4 -1 -1 
770 186 15 28 0.5871145129203796 2 -1 -1 
604 261 17 30 0.5870569944381714 2 -1 -1 
962 202 13 26 0.5815383195877075 2 -1 -1 
406 191 12 31 0.5788646936416626 1 -1 -1 
671 122 33 28 0.5778849124908447 4 -1 -1 
1078 131 10 25 0.5759764313697815 1 -1 -1 
762 194 29 21 0.5685719847679138 10 -1 -1 
1310 122 18 19 0.5632789134979248 10 -1 -1 
814 206 13 22 0.5615215301513672 3 -1 -1 
611 89 22 23 0.5509281158447266 6 -1 -1 
327 425 26 40 0.5490774512290955 2 -1 -1 
1063 164 29 18 0.5440512299537659 10 -1 -1 
203 68 25 25 0.543822169303894 4 -1 -1 
404 53 24 21 0.5430622696876526 4 -1 -1 
1036 151 24 17 0.5422914028167725 10 -1 -1 
815 196 13 30 0.5347825884819031 1 -1 -1 
1111 231 87 39 0.5333952307701111 5 -1 -1 
1329 226 30 26 0.5252842307090759 4 -1 -1 
314 57 23 26 0.5224176049232483 4 -1 -1 
954 212 26 21 0.5110262632369995 3 -1 -1 
815 196 13 28 0.49544230103492737 2 -1 -1 
358 406 19 38 0.49482861161231995 2 -1 -1 
652 28 45 18 0.490556538105011 4 -1 -1 
414 260 37 18 0.47800761461257935 3 -1 -1 
778 189 11 26 0.469242662191391 2 -1 -1 
286 214 12 35 0.46486470103263855 1 -1 -1 
1017 212 8 17 0.45804905891418457 1 -1 -1 
997 211 26 17 0.44621485471725464 7 -1 -1 
1241 110 22 20 0.4444674253463745 10 -1 -1 
1009 137 8 22 0.4424012005329132 1 -1 -1 
855 149 25 27 0.44225436449050903 8 -1 -1 
946 99 11 25 0.44216063618659973 1 -1 -1 
290 0 37 35 0.43840041756629944 5 -1 -1 
611 89 22 24 0.4355773329734802 4 -1 -1 
907 134 11 22 0.4322127103805542 10 -1 -1 
360 411 50 32 0.4291718304157257 7 -1 -1 
996 174 10 18 0.42778825759887695 2 -1 -1 
990 108 8 18 0.42755231261253357 1 -1 -1 
369 405 38 35 0.42440956830978394 2 -1 -1 
1130 271 8 15 0.4081534743309021 2 -1 -1 
369 222 14 28 0.407524436712265 10 -1 -1 
610 90 23 23 0.4027787744998932 5 -1 -1 
909 133 9 17 0.40111106634140015 2 -1 -1 
358 407 16 43 0.3973228335380554 1 -1 -1 
788 141 40 29 0.3920413851737976 5 -1 -1 
270 455 46 39 0.3894931674003601 2 -1 -1 
788 141 40 29 0.3883309066295624 8 -1 -1 
882 183 20 27 0.38091742992401123 2 -1 -1 
1010 207 8 17 0.3792889714241028 2 -1 -1 
1202 141 13 20 0.37605157494544983 2 -1 -1 
361 405 35 37 0.3750767111778259 2 -1 -1 
645 113 24 22 0.3747926652431488 4 -1 -1 
1126 253 30 18 0.37325912714004517 4 -1 -1 
1126 278 19 11 0.37262874841690063 3 -1 -1 
998 150 11 17 0.37013667821884155 2 -1 -1 
1003 209 17 19 0.36676204204559326 7 -1 -1 
994 178 12 21 0.3633479177951813 10 -1 -1 
645 113 24 22 0.36181640625 5 -1 -1 
451 418 52 30 0.35935327410697937 7 -1 -1 
1215 107 24 21 0.3570851981639862 10 -1 -1 
765 189 23 26 0.3518231511116028 2 -1 -1 
1239 120 26 17 0.35062968730926514 10 -1 -1 
906 139 10 22 0.34967324137687683 1 -1 -1 
593 261 55 33 0.3496270477771759 2 -1 -1 
1005 208 13 19 0.33917927742004395 2 -1 -1 
1076 151 18 17 0.3383943438529968 10 -1 -1 
994 177 12 19 0.3375471234321594 2 -1 -1 
1303 100 29 15 0.33658990263938904 7 -1 -1 
1000 157 9 15 0.3351517915725708 10 -1 -1 
997 154 9 14 0.33511510491371155 2 -1 -1 
203 67 26 26 0.3349109888076782 5 -1 -1 
989 130 10 17 0.3329966962337494 10 -1 -1 
317 432 46 41 0.3329281210899353 2 -1 -1 
158 186 15 33 0.3321741819381714 1 -1 -1 
1016 211 8 17 0.3316815197467804 2 -1 -1 
646 132 12 17 0.328351229429245 2 -1 -1 
888 183 14 23 0.32767388224601746 2 -1 -1 
696 62 28 19 0.3268708288669586 4 -1 -1 
722 127 59 29 0.32659468054771423 5 -1 -1 
1143 134 15 13 0.32478660345077515 10 -1 -1 
452 417 50 31 0.3240507245063782 2 -1 -1 
1300 103 14 11 0.3240502178668976 10 -1 -1 
921 128 8 13 0.32322144508361816 10 -1 -1 
787 235 29 24 0.32315465807914734 2 -1 -1 
1014 210 9 18 0.32139262557029724 1 -1 -1 
1008 144 8 16 0.32106807827949524 1 -1 -1 
1269 105 22 16 0.31760865449905396 3 -1 -1 
1141 122 9 19 0.3175264596939087 1 -1 -1 
1077 153 20 16 0.3164210915565491 3 -1 -1 
727 91 9 25 0.3151908218860626 1 -1 -1 
418 237 31 25 0.3150821626186371 2 -1 -1 
994 185 11 17 0.312863826751709 10 -1 -1 
1160 133 10 13 0.3117971420288086 7 -1 -1 
601 260 26 33 0.3110692501068115 7 -1 -1 
1296 138 18 18 0.31023067235946655 3 -1 -1 
1000 156 9 15 0.30907121300697327 2 -1 -1 
1269 105 22 15 0.3068106770515442 10 -1 -1 
706 100 10 22 0.3060470223426819 1 -1 -1 
52 191 43 24 0.3058786392211914 7 -1 -1 
981 108 8 19 0.3046090602874756 1 -1 -1 
189 121 47 65 0.30189359188079834 4 -1 -1 
189 121 46 65 0.3007565140724182 5 -1 -1 
1108 162 66 25 0.29582005739212036 4 -1 -1 
1099 142 40 22 0.2932003438472748 10 -1 -1 
189 121 47 65 0.27729228138923645 10 -1 -1 
1205 156 69 35 0.2770513594150543 4 -1 -1 
189 121 46 65 0.2758081555366516 7 -1 -1 
1108 162 71 25 0.2689034044742584 6 -1 -1 
285 214 20 39 0.26431211829185486 1 -1 -1 
415 241 37 22 0.25504744052886963 7 -1 -1 
358 219 27 31 0.23578330874443054 10 -1 -1 
189 121 46 65 0.2315940260887146 8 -1 -1 
1098 143 40 21 0.22822636365890503 3 -1 -1 
195 38 27 29 0.2230648547410965 4 -1 -1 
1108 162 71 25 0.22210897505283356 8 -1 -1 
311 56 27 28 0.2198473960161209 5 -1 -1 
189 121 47 65 0.21206659078598022 2 -1 -1 
418 264 34 25 0.2084175944328308 3 -1 -1 
285 213 19 41 0.20555441081523895 10 -1 -1 
1233 109 31 26 0.2032136172056198 10 -1 -1 
1237 116 29 25 0.19273386895656586 10 -1 -1 
789 251 36 21 0.19256596267223358 3 -1 -1 
285 213 17 39 0.1922139972448349 2 -1 -1 
419 269 23 33 0.19006718695163727 1 -1 -1 
1201 129 48 34 0.18906202912330627 3 -1 -1 
1182 110 30 29 0.18843595683574677 3 -1 -1 
907 280 83 59 0.18738119304180145 5 -1 -1 
362 75 28 25 0.18637940287590027 5 -1 -1 
228 340 127 59 0.18593668937683105 5 -1 -1 
1107 136 34 27 0.18589143455028534 10 -1 -1 
340 409 71 45 0.1834425926208496 7 -1 -1 
1207 108 33 24 0.1819409430027008 10 -1 -1 
415 242 36 21 0.17946457862854004 4 -1 -1 
786 238 33 22 0.17411577701568604 4 -1 -1 
1109 162 41 23 0.1739189475774765 7 -1 -1 
413 265 30 32 0.17289765179157257 3 -1 -1 
762 194 29 22 0.17211461067199707 7 -1 -1 
189 121 46 65 0.17057548463344574 1 -1 -1 
653 29 54 18 0.16936497390270233 5 -1 -1 
786 238 33 22 0.16787955164909363 7 -1 -1 
786 238 33 22 0.1589118242263794 1 -1 -1 
189 121 47 65 0.15783710777759552 9 -1 -1 
448 191 23 34 0.15274541079998016 1 -1 -1 
1133 164 48 24 0.15125547349452972 7 -1 -1 
358 219 27 31 0.1495794653892517 7 -1 -1 
665 35 50 19 0.14906278252601624 4 -1 -1 
1301 97 34 19 0.1442287564277649 10 -1 -1 
252 215 21 39 0.1440402865409851 2 -1 -1 
674 39 45 17 0.14397411048412323 4 -1 -1 
1184 113 32 26 0.14213396608829498 10 -1 -1 
1107 136 34 27 0.14159047603607178 7 -1 -1 
1107 148 34 23 0.1415368765592575 10 -1 -1 
637 179 13 35 0.13973364233970642 1 -1 -1 
415 260 37 19 0.1388058066368103 1 -1 -1 
597 268 60 53 0.1384900063276291 7 -1 -1 
608 293 51 61 0.13595160841941833 7 -1 -1 
45 132 144 68 0.13578085601329803 6 -1 -1 
1217 109 31 25 0.13303151726722717 10 -1 -1 
589 261 61 38 0.13230374455451965 8 -1 -1 
416 247 36 22 0.13229839503765106 3 -1 -1 
415 242 36 21 0.13147154450416565 10 -1 -1 
189 121 47 65 0.13013973832130432 3 -1 -1 
1178 109 24 30 0.12964606285095215 3 -1 -1 
793 256 37 20 0.12577520310878754 3 -1 -1 
1126 250 32 21 0.12560424208641052 5 -1 -1 
762 194 29 22 0.12555329501628876 8 -1 -1 
997 208 30 23 0.12513990700244904 8 -1 -1 
1225 108 32 25 0.12474127113819122 10 -1 -1 
1060 163 34 21 0.12396340817213058 3 -1 -1 
426 269 23 33 0.12385353446006775 1 -1 -1 
196 39 26 29 0.1237698569893837 5 -1 -1 
879 183 24 29 0.12354490160942078 3 -1 -1 
349 412 62 43 0.12332997471094131 10 -1 -1 
1117 221 85 38 0.12320723384618759 4 -1 -1 
409 11 29 24 0.12299659848213196 4 -1 -1 
1112 231 87 40 0.12187666445970535 6 -1 -1 
418 264 34 25 0.11939933896064758 1 -1 -1 
1179 109 26 29 0.11851082742214203 10 -1 -1 
1109 160 30 23 0.11820235103368759 10 -1 -1 
693 73 78 50 0.11807652562856674 6 -1 -1 
880 154 77 31 0.11806820333003998 5 -1 -1 
646 105 27 28 0.11762181669473648 5 -1 -1 
404 51 26 25 0.11746183037757874 6 -1 -1 
601 283 58 55 0.11715417355298996 7 -1 -1 
1099 142 40 22 0.11695166677236557 7 -1 -1 
1118 212 83 31 0.11585814505815506 5 -1 -1 
415 240 35 22 0.11534738540649414 1 -1 -1 
1201 128 48 35 0.1150919571518898 5 -1 -1 
953 210 27 24 0.11490850895643234 7 -1 -1 
961 227 90 38 0.11450167745351791 5 -1 -1 
1199 129 25 33 0.1126900315284729 2 -1 -1 
1118 212 83 31 0.11209776997566223 6 -1 -1 
45 138 144 65 0.07720073312520981 9 -1 -1 
1200 125 55 45 0.06666634976863861 6 -1 -1 
1108 160 69 28 0.06533057242631912 9 -1 -1 
51 151 138 75 0.06046818941831589 9 -1 -1 
225 339 132 62 0.05606168881058693 9 -1 -1 
31 150 153 65 0.055405087769031525 6 -1 -1 
31 144 156 58 0.05276988446712494 4 -1 -1 
31 144 156 58 0.05062615126371384 5 -1 -1 
