1021 334 60 64 0.971707820892334 5 -1 -1 
851 403 65 63 0.944505512714386 4 -1 -1 
1174 534 117 110 0.9415431618690491 4 -1 -1 
772 408 58 61 0.9345481395721436 4 -1 -1 
1120 448 66 69 0.9285857677459717 7 -1 -1 
246 445 22 51 0.9273301362991333 1 -1 -1 
682 435 65 76 0.9176855683326721 4 -1 -1 
230 358 81 72 0.913976788520813 4 -1 -1 
1156 410 48 26 0.9058776497840881 3 -1 -1 
705 643 85 118 0.8896673917770386 4 -1 -1 
329 282 61 54 0.8849056959152222 4 -1 -1 
625 199 29 29 0.8847212195396423 4 -1 -1 
398 218 45 37 0.8834927082061768 4 -1 -1 
1021 385 104 74 0.8790326714515686 4 -1 -1 
822 321 44 42 0.8779189586639404 4 -1 -1 
889 187 32 24 0.8694496154785156 4 -1 -1 
737 88 14 12 0.8650609254837036 4 -1 -1 
948 295 13 39 0.8577916622161865 1 -1 -1 
972 298 14 40 0.851781964302063 1 -1 -1 
688 99 16 14 0.8410139083862305 4 -1 -1 
546 124 23 18 0.8278578519821167 4 -1 -1 
952 252 44 47 0.8171800971031189 5 -1 -1 
370 263 50 41 0.8044748902320862 4 -1 -1 
663 116 19 17 0.8016322255134583 4 -1 -1 
724 53 9 8 0.7931204438209534 4 -1 -1 
667 162 23 22 0.7892433404922485 4 -1 -1 
697 77 12 10 0.7866861820220947 4 -1 -1 
607 151 24 21 0.7861708998680115 4 -1 -1 
690 85 13 12 0.783730149269104 4 -1 -1 
922 215 9 27 0.7777612805366516 1 -1 -1 
529 138 25 20 0.7758204340934753 4 -1 -1 
984 299 53 45 0.7742621898651123 4 -1 -1 
477 179 9 24 0.7646997570991516 1 -1 -1 
677 80 13 11 0.7584058046340942 4 -1 -1 
722 190 29 28 0.7537879347801208 4 -1 -1 
1164 434 28 34 0.7537088990211487 3 -1 -1 
734 73 12 10 0.7512549757957458 4 -1 -1 
784 162 23 21 0.7376013398170471 4 -1 -1 
814 224 10 22 0.7217966318130493 2 -1 -1 
838 116 21 21 0.7175875306129456 4 -1 -1 
672 136 18 20 0.7175360321998596 4 -1 -1 
575 256 12 25 0.7135323286056519 2 -1 -1 
1220 638 126 102 0.7076606750488281 4 -1 -1 
516 153 26 21 0.7036210894584656 4 -1 -1 
738 49 9 7 0.7009462714195251 4 -1 -1 
816 99 23 15 0.6957663297653198 4 -1 -1 
814 231 10 18 0.6930219531059265 3 -1 -1 
694 58 13 11 0.6889515519142151 4 -1 -1 
733 39 9 7 0.6821737885475159 4 -1 -1 
735 44 8 7 0.6786709427833557 4 -1 -1 
720 39 11 8 0.6648368239402771 4 -1 -1 
655 78 15 14 0.6638878583908081 4 -1 -1 
713 45 9 7 0.6466330885887146 4 -1 -1 
1252 518 61 41 0.636153519153595 10 -1 -1 
916 188 53 30 0.6334142684936523 5 -1 -1 
1121 447 65 70 0.6323051452636719 8 -1 -1 
858 145 29 21 0.6247960329055786 4 -1 -1 
702 44 10 13 0.6142458319664001 5 -1 -1 
849 134 21 18 0.6108191609382629 4 -1 -1 
576 265 11 23 0.6072456240653992 3 -1 -1 
1053 244 10 23 0.590837836265564 1 -1 -1 
827 114 31 16 0.5875293016433716 4 -1 -1 
689 47 10 10 0.5724710822105408 4 -1 -1 
580 97 15 16 0.5721964836120605 5 -1 -1 
720 29 9 8 0.5624344348907471 4 -1 -1 
556 107 6 13 0.5597569942474365 1 -1 -1 
829 104 31 14 0.5507676005363464 4 -1 -1 
810 81 18 15 0.5462312698364258 5 -1 -1 
624 64 10 8 0.5388944745063782 4 -1 -1 
696 57 11 9 0.5288382172584534 4 -1 -1 
804 79 12 11 0.5282735228538513 4 -1 -1 
674 62 10 12 0.5277616381645203 7 -1 -1 
575 265 12 23 0.5193458199501038 10 -1 -1 
987 232 82 31 0.517311692237854 4 -1 -1 
829 198 19 24 0.5126110911369324 7 -1 -1 
604 76 18 14 0.5059239268302917 4 -1 -1 
801 75 12 10 0.5058045983314514 4 -1 -1 
1294 484 41 53 0.49003171920776367 8 -1 -1 
562 85 28 14 0.4900082051753998 4 -1 -1 
826 112 18 17 0.4877574145793915 4 -1 -1 
580 97 15 16 0.48099419474601746 4 -1 -1 
866 162 24 15 0.475523978471756 4 -1 -1 
886 173 28 19 0.47262299060821533 4 -1 -1 
711 42 10 9 0.4695182144641876 4 -1 -1 
708 38 10 8 0.467399001121521 4 -1 -1 
128 348 20 31 0.46600207686424255 2 -1 -1 
700 38 9 6 0.46174556016921997 4 -1 -1 
1030 289 27 19 0.46015816926956177 10 -1 -1 
659 91 5 12 0.45588770508766174 1 -1 -1 
706 36 10 8 0.4520139992237091 4 -1 -1 
861 163 8 19 0.44293907284736633 1 -1 -1 
814 230 10 20 0.43745091557502747 10 -1 -1 
978 232 90 33 0.43430033326148987 6 -1 -1 
146 351 15 31 0.4307754635810852 1 -1 -1 
146 352 15 30 0.4204360842704773 2 -1 -1 
673 63 11 12 0.40745624899864197 4 -1 -1 
596 72 16 13 0.4041298031806946 4 -1 -1 
1221 637 124 103 0.403741717338562 5 -1 -1 
718 39 9 7 0.3972957134246826 4 -1 -1 
570 101 7 10 0.3828544318675995 10 -1 -1 
121 343 26 30 0.3784696161746979 2 -1 -1 
711 41 8 8 0.37413889169692993 4 -1 -1 
817 87 17 14 0.3731854259967804 4 -1 -1 
916 188 72 38 0.36799830198287964 6 -1 -1 
723 17 4 8 0.36334162950515747 1 -1 -1 
702 36 11 8 0.36256682872772217 4 -1 -1 
1067 262 10 18 0.3580804169178009 1 -1 -1 
733 41 9 6 0.3578377962112427 4 -1 -1 
722 16 5 7 0.35431841015815735 2 -1 -1 
1066 261 11 19 0.3468596041202545 2 -1 -1 
819 91 18 13 0.3464157283306122 4 -1 -1 
821 94 20 14 0.3408048152923584 4 -1 -1 
856 142 23 19 0.34037843346595764 4 -1 -1 
702 44 10 13 0.33872470259666443 4 -1 -1 
1091 235 38 25 0.3354122042655945 7 -1 -1 
570 101 7 10 0.3330499231815338 2 -1 -1 
813 84 18 15 0.32802996039390564 5 -1 -1 
855 138 22 18 0.32784324884414673 4 -1 -1 
925 201 50 27 0.32450830936431885 4 -1 -1 
926 204 40 25 0.3197728991508484 7 -1 -1 
659 91 6 12 0.3187696039676666 2 -1 -1 
1030 295 25 21 0.3178720474243164 10 -1 -1 
1189 416 54 51 0.3161472976207733 8 -1 -1 
704 39 10 8 0.3142222464084625 4 -1 -1 
827 113 31 17 0.3131193518638611 5 -1 -1 
120 338 22 31 0.311577707529068 2 -1 -1 
722 36 9 6 0.3107701539993286 4 -1 -1 
659 92 5 11 0.31005120277404785 3 -1 -1 
598 73 22 14 0.30969923734664917 4 -1 -1 
701 40 9 9 0.30904167890548706 4 -1 -1 
1007 232 64 25 0.30459868907928467 4 -1 -1 
1050 241 13 23 0.30384188890457153 1 -1 -1 
623 63 11 9 0.30347180366516113 6 -1 -1 
813 84 18 15 0.30214759707450867 4 -1 -1 
821 94 20 14 0.29922735691070557 5 -1 -1 
141 351 19 26 0.2987158000469208 2 -1 -1 
1121 447 65 70 0.2981736958026886 6 -1 -1 
706 34 10 8 0.297142893075943 4 -1 -1 
988 254 11 24 0.29712334275245667 1 -1 -1 
966 228 84 33 0.2947780191898346 6 -1 -1 
722 190 29 28 0.28219786286354065 5 -1 -1 
1091 235 38 24 0.27650371193885803 8 -1 -1 
328 281 61 55 0.25256597995758057 5 -1 -1 
916 188 72 38 0.24244166910648346 5 -1 -1 
1120 447 66 70 0.24124178290367126 3 -1 -1 
1260 484 74 56 0.23161658644676208 8 -1 -1 
1237 460 89 76 0.22735588252544403 6 -1 -1 
1236 459 62 60 0.21048443019390106 6 -1 -1 
1021 334 61 63 0.21019233763217926 4 -1 -1 
950 251 48 48 0.20700815320014954 4 -1 -1 
990 232 79 31 0.19951538741588593 5 -1 -1 
1189 415 53 51 0.19316740334033966 7 -1 -1 
1091 235 38 25 0.1889248788356781 10 -1 -1 
838 111 35 17 0.1878199279308319 4 -1 -1 
1222 638 123 102 0.18616724014282227 6 -1 -1 
1020 386 106 73 0.18567557632923126 5 -1 -1 
954 358 17 35 0.18510085344314575 1 -1 -1 
829 106 38 16 0.18204057216644287 4 -1 -1 
1252 518 61 41 0.17932187020778656 3 -1 -1 
814 86 33 17 0.17764881253242493 5 -1 -1 
1235 459 63 51 0.17623397707939148 4 -1 -1 
951 221 79 35 0.1750497967004776 6 -1 -1 
1249 478 84 66 0.17329011857509613 6 -1 -1 
815 91 33 18 0.17081065475940704 4 -1 -1 
1220 663 99 77 0.1701267659664154 4 -1 -1 
986 226 81 31 0.1691480576992035 6 -1 -1 
1091 236 39 23 0.16565737128257751 4 -1 -1 
917 180 68 35 0.1620020717382431 5 -1 -1 
916 187 68 34 0.16191142797470093 4 -1 -1 
815 96 32 17 0.15935932099819183 4 -1 -1 
824 100 33 16 0.15860572457313538 4 -1 -1 
903 174 63 39 0.1553587168455124 5 -1 -1 
811 81 32 19 0.15385985374450684 5 -1 -1 
1223 458 64 50 0.1523141860961914 6 -1 -1 
1121 447 65 70 0.1519954353570938 2 -1 -1 
1092 235 38 24 0.15064238011837006 5 -1 -1 
890 170 65 36 0.15034803748130798 6 -1 -1 
1092 234 38 25 0.14826540648937225 6 -1 -1 
966 228 84 33 0.1473194807767868 4 -1 -1 
1242 459 73 63 0.14308230578899384 4 -1 -1 
1021 334 60 64 0.14152370393276215 8 -1 -1 
815 87 33 17 0.13978314399719238 4 -1 -1 
1121 447 65 70 0.13965201377868652 4 -1 -1 
931 198 72 36 0.13927380740642548 6 -1 -1 
1291 484 45 55 0.13839362561702728 7 -1 -1 
588 71 32 18 0.13831134140491486 4 -1 -1 
1246 464 88 66 0.13512037694454193 8 -1 -1 
954 357 17 34 0.13464665412902832 10 -1 -1 
1235 459 63 51 0.13312920928001404 5 -1 -1 
230 358 81 72 0.1321711391210556 5 -1 -1 
1172 534 120 111 0.129804790019989 9 -1 -1 
683 435 64 77 0.12971976399421692 5 -1 -1 
1292 484 45 54 0.1278516799211502 5 -1 -1 
903 175 63 36 0.12287484854459763 6 -1 -1 
815 87 33 17 0.12206950038671494 6 -1 -1 
890 170 65 36 0.12159187346696854 5 -1 -1 
1121 447 65 70 0.1189325824379921 9 -1 -1 
1254 504 65 50 0.11853530257940292 10 -1 -1 
1174 534 117 110 0.11698104441165924 5 -1 -1 
920 193 61 35 0.11667362600564957 9 -1 -1 
1242 459 73 63 0.11626160889863968 5 -1 -1 
890 170 65 36 0.11456283926963806 4 -1 -1 
625 199 29 28 0.11434867978096008 5 -1 -1 
832 115 35 19 0.11424021422863007 4 -1 -1 
1190 426 56 58 0.1141795963048935 8 -1 -1 
1225 460 68 69 0.1112317368388176 4 -1 -1 
1246 459 67 50 0.10996384918689728 6 -1 -1 
1260 484 74 56 0.10850012302398682 7 -1 -1 
772 408 58 61 0.10825435072183609 1 -1 -1 
704 643 86 118 0.10810557007789612 1 -1 -1 
1296 498 51 55 0.10714120417833328 8 -1 -1 
1254 518 59 41 0.10674658417701721 7 -1 -1 
1254 518 59 41 0.10567805171012878 4 -1 -1 
838 112 34 18 0.10462050884962082 5 -1 -1 
915 186 62 33 0.10429592430591583 9 -1 -1 
984 299 53 45 0.10348909348249435 5 -1 -1 
961 224 77 31 0.10347205400466919 5 -1 -1 
954 357 17 34 0.10339388251304626 2 -1 -1 
961 224 77 31 0.10302498191595078 9 -1 -1 
851 403 65 63 0.1022130697965622 1 -1 -1 
937 210 74 33 0.1016761064529419 6 -1 -1 
515 152 27 23 0.10145841538906097 5 -1 -1 
1174 534 117 110 0.1012764647603035 7 -1 -1 
1204 461 52 53 0.10102318227291107 10 -1 -1 
1091 235 38 25 0.10078737884759903 3 -1 -1 
823 95 35 18 0.10077241063117981 4 -1 -1 
969 237 82 32 0.10033226013183594 6 -1 -1 
1205 458 57 54 0.1001078262925148 7 -1 -1 
813 83 33 17 0.09977035969495773 6 -1 -1 
783 162 26 22 0.09939749538898468 5 -1 -1 
913 184 61 34 0.09867684543132782 6 -1 -1 
952 365 20 35 0.09799842536449432 1 -1 -1 
704 643 86 118 0.09772132337093353 10 -1 -1 
1021 334 60 64 0.09734341502189636 6 -1 -1 
1225 460 68 69 0.09712917357683182 5 -1 -1 
955 223 76 32 0.09691528230905533 4 -1 -1 
1122 448 64 69 0.09669232368469238 1 -1 -1 
818 92 35 17 0.09636864066123962 5 -1 -1 
1249 478 84 66 0.09625643491744995 5 -1 -1 
1189 415 53 52 0.09491632878780365 6 -1 -1 
1166 404 34 30 0.09404376894235611 3 -1 -1 
949 237 52 47 0.09402769058942795 5 -1 -1 
1209 470 61 50 0.09314461052417755 10 -1 -1 
851 403 65 63 0.0928516760468483 5 -1 -1 
813 83 33 17 0.09150300920009613 4 -1 -1 
1174 534 117 110 0.09134228527545929 10 -1 -1 
828 104 33 15 0.08972737938165665 5 -1 -1 
1220 459 115 85 0.08889522403478622 8 -1 -1 
903 174 63 39 0.08791489899158478 4 -1 -1 
1196 455 59 56 0.08781362324953079 8 -1 -1 
1246 464 88 66 0.08693502843379974 7 -1 -1 
1187 443 63 61 0.08687639981508255 8 -1 -1 
1173 533 119 113 0.08333447575569153 1 -1 -1 
1222 638 124 102 0.08154776692390442 8 -1 -1 
1220 638 125 102 0.07783972471952438 9 -1 -1 
1174 534 117 110 0.07654697448015213 6 -1 -1 
1220 638 126 102 0.07146388292312622 1 -1 -1 
1220 459 115 85 0.06712538003921509 7 -1 -1 
1227 458 111 84 0.058768827468156815 5 -1 -1 
1234 458 107 88 0.057864077389240265 9 -1 -1 
1227 458 111 84 0.055104635655879974 4 -1 -1 
1202 457 123 90 0.05500977486371994 6 -1 -1 
1174 534 117 110 0.05420442298054695 8 -1 -1 
1174 534 117 110 0.052290331572294235 3 -1 -1 
