439 337 71 40 0.9475109577178955 5 -1 -1 
155 594 125 101 0.942967414855957 4 -1 -1 
314 311 128 49 0.9416083693504333 6 -1 -1 
199 400 131 66 0.9378553628921509 6 -1 -1 
507 369 89 39 0.917704164981842 4 -1 -1 
268 521 92 76 0.912359893321991 4 -1 -1 
822 307 34 29 0.8875555396080017 4 -1 -1 
605 275 35 28 0.8864153623580933 4 -1 -1 
1178 662 90 101 0.8845840692520142 4 -1 -1 
570 299 43 31 0.8745973110198975 4 -1 -1 
141 443 20 36 0.8744401335716248 1 -1 -1 
799 259 26 26 0.868286669254303 4 -1 -1 
105 528 106 59 0.8662707209587097 4 -1 -1 
691 335 52 44 0.8618133068084717 4 -1 -1 
220 323 72 30 0.8540927171707153 4 -1 -1 
812 397 43 40 0.8518232703208923 4 -1 -1 
811 235 24 26 0.8335219025611877 4 -1 -1 
1036 304 11 27 0.8145976066589355 1 -1 -1 
908 174 18 15 0.8142380714416504 4 -1 -1 
899 195 18 16 0.8118152022361755 4 -1 -1 
706 400 46 47 0.8110963106155396 4 -1 -1 
904 112 10 9 0.80210280418396 4 -1 -1 
890 160 15 13 0.7985986471176147 4 -1 -1 
379 385 108 47 0.7968010902404785 4 -1 -1 
886 98 10 9 0.7883601784706116 4 -1 -1 
920 350 36 39 0.7876137495040894 4 -1 -1 
353 528 16 45 0.7860667705535889 1 -1 -1 
616 333 25 29 0.7858303189277649 7 -1 -1 
909 222 20 19 0.7841292023658752 4 -1 -1 
878 422 13 32 0.7743359804153442 1 -1 -1 
923 103 11 9 0.7736442685127258 4 -1 -1 
754 155 13 17 0.7657934427261353 5 -1 -1 
878 116 12 11 0.7589410543441772 4 -1 -1 
710 192 21 17 0.7581380605697632 4 -1 -1 
731 296 11 20 0.7481935620307922 2 -1 -1 
774 137 17 14 0.7432684898376465 4 -1 -1 
912 90 8 7 0.7404454350471497 4 -1 -1 
684 211 25 25 0.7396102547645569 4 -1 -1 
666 228 28 22 0.7384052276611328 4 -1 -1 
933 174 16 14 0.738042414188385 4 -1 -1 
759 300 40 39 0.7370345592498779 4 -1 -1 
646 241 26 22 0.7357781529426575 4 -1 -1 
873 95 9 8 0.7315729856491089 4 -1 -1 
869 251 25 22 0.7048845887184143 4 -1 -1 
1083 130 14 11 0.6712906956672668 4 -1 -1 
854 124 12 11 0.6707388758659363 4 -1 -1 
779 234 8 15 0.6683053374290466 2 -1 -1 
761 232 7 16 0.6679314374923706 3 -1 -1 
995 157 10 11 0.6663333177566528 7 -1 -1 
145 490 85 43 0.664094865322113 4 -1 -1 
101 338 27 17 0.6640492081642151 10 -1 -1 
864 135 14 13 0.6621031761169434 4 -1 -1 
107 330 13 22 0.6583431363105774 2 -1 -1 
906 98 10 9 0.6451230049133301 4 -1 -1 
374 344 13 30 0.6363635659217834 1 -1 -1 
731 303 11 18 0.6142309904098511 10 -1 -1 
915 140 12 14 0.6112838387489319 4 -1 -1 
381 385 106 47 0.596625566482544 6 -1 -1 
1023 231 9 18 0.5919380187988281 1 -1 -1 
901 72 7 6 0.5918660163879395 4 -1 -1 
640 290 8 17 0.5864450335502625 2 -1 -1 
1032 237 6 13 0.5844730734825134 1 -1 -1 
864 110 10 10 0.5844560861587524 4 -1 -1 
1059 120 15 10 0.5738420486450195 4 -1 -1 
782 146 5 13 0.5657255053520203 1 -1 -1 
637 297 11 17 0.5657016634941101 10 -1 -1 
625 327 11 15 0.55550616979599 2 -1 -1 
924 91 10 9 0.5521867275238037 4 -1 -1 
778 239 9 15 0.5422315001487732 3 -1 -1 
199 361 61 32 0.5378937721252441 5 -1 -1 
871 156 9 8 0.536253809928894 10 -1 -1 
891 93 9 9 0.5258755683898926 4 -1 -1 
912 83 8 8 0.5208543539047241 4 -1 -1 
873 152 5 9 0.5178751945495605 2 -1 -1 
191 340 24 15 0.5176895260810852 10 -1 -1 
912 80 9 9 0.5164713859558105 4 -1 -1 
847 135 6 11 0.514615535736084 1 -1 -1 
391 339 12 29 0.5125380158424377 1 -1 -1 
864 125 14 14 0.5060776472091675 4 -1 -1 
0 620 56 70 0.5031368732452393 4 -1 -1 
761 230 7 14 0.5005528330802917 2 -1 -1 
1075 120 15 9 0.4887429475784302 4 -1 -1 
896 60 6 6 0.4791419208049774 4 -1 -1 
891 138 13 13 0.4763742685317993 4 -1 -1 
1076 125 19 9 0.4759860038757324 4 -1 -1 
924 85 8 7 0.4724923372268677 4 -1 -1 
1014 220 7 15 0.47168317437171936 1 -1 -1 
864 125 14 14 0.46500787138938904 5 -1 -1 
617 330 24 32 0.46473655104637146 8 -1 -1 
1014 220 7 15 0.46048060059547424 2 -1 -1 
967 94 11 12 0.45907050371170044 4 -1 -1 
1076 120 21 11 0.4121531844139099 4 -1 -1 
761 231 8 16 0.41095221042633057 1 -1 -1 
835 142 5 10 0.4068092107772827 1 -1 -1 
730 303 12 19 0.40636613965034485 3 -1 -1 
890 96 9 8 0.40629497170448303 4 -1 -1 
1014 226 6 11 0.40335437655448914 3 -1 -1 
914 78 8 8 0.40077316761016846 4 -1 -1 
778 239 9 15 0.3986409902572632 10 -1 -1 
891 137 13 14 0.39212682843208313 6 -1 -1 
395 339 11 32 0.3906170129776001 1 -1 -1 
400 340 8 28 0.3877936601638794 1 -1 -1 
995 158 10 10 0.38636064529418945 4 -1 -1 
625 327 9 11 0.3808322548866272 2 -1 -1 
198 361 63 35 0.37828177213668823 4 -1 -1 
797 119 13 11 0.37670692801475525 4 -1 -1 
915 76 7 7 0.3678436279296875 4 -1 -1 
872 156 8 8 0.36699992418289185 7 -1 -1 
911 86 8 8 0.3636631965637207 4 -1 -1 
891 138 13 13 0.3504445254802704 5 -1 -1 
925 91 9 9 0.34737712144851685 5 -1 -1 
1060 120 13 10 0.3469138443470001 5 -1 -1 
835 142 5 10 0.34611478447914124 10 -1 -1 
194 334 14 16 0.34263187646865845 2 -1 -1 
835 141 5 9 0.33790823817253113 2 -1 -1 
891 93 9 9 0.3368592858314514 5 -1 -1 
822 152 6 9 0.33404502272605896 10 -1 -1 
926 118 5 9 0.32988181710243225 1 -1 -1 
1005 220 7 19 0.32649311423301697 1 -1 -1 
822 151 6 9 0.32504934072494507 2 -1 -1 
652 192 45 20 0.3192535638809204 4 -1 -1 
759 300 39 40 0.31891879439353943 5 -1 -1 
863 110 11 10 0.31811317801475525 5 -1 -1 
1075 123 15 9 0.31809622049331665 4 -1 -1 
192 337 18 16 0.3149111866950989 2 -1 -1 
640 290 8 18 0.31077656149864197 1 -1 -1 
906 98 10 9 0.30099767446517944 5 -1 -1 
616 200 10 10 0.3003607988357544 10 -1 -1 
783 148 6 12 0.29948458075523376 1 -1 -1 
967 95 11 11 0.2964285910129547 6 -1 -1 
924 79 7 6 0.2958713173866272 4 -1 -1 
637 291 11 21 0.29574480652809143 2 -1 -1 
646 240 26 23 0.2878034710884094 5 -1 -1 
199 361 82 45 0.24525649845600128 5 -1 -1 
439 338 71 39 0.24070683121681213 4 -1 -1 
313 311 125 49 0.2291431427001953 5 -1 -1 
378 375 103 45 0.22170136868953705 4 -1 -1 
267 532 38 59 0.22007648646831512 4 -1 -1 
336 491 17 33 0.21802550554275513 1 -1 -1 
105 528 105 58 0.21263256669044495 5 -1 -1 
382 385 105 47 0.2126244157552719 5 -1 -1 
147 490 118 50 0.21215656399726868 4 -1 -1 
666 228 28 22 0.2119894176721573 5 -1 -1 
199 361 82 45 0.20872406661510468 4 -1 -1 
145 491 81 42 0.18516968190670013 5 -1 -1 
313 311 122 49 0.17585384845733643 4 -1 -1 
684 211 25 25 0.17551873624324799 5 -1 -1 
617 330 24 32 0.17419488728046417 6 -1 -1 
0 620 56 70 0.16764093935489655 5 -1 -1 
617 328 24 33 0.16668184101581573 10 -1 -1 
336 491 17 32 0.16603149473667145 3 -1 -1 
745 148 23 25 0.16398246586322784 5 -1 -1 
101 330 25 23 0.16388638317584991 2 -1 -1 
691 336 52 43 0.16072599589824677 5 -1 -1 
651 190 46 21 0.1603510081768036 5 -1 -1 
312 314 51 45 0.1560864895582199 6 -1 -1 
811 235 25 26 0.14987660944461823 5 -1 -1 
379 368 88 36 0.14914436638355255 4 -1 -1 
378 375 103 45 0.14674630761146545 5 -1 -1 
195 360 134 86 0.14655017852783203 6 -1 -1 
684 212 25 24 0.1431865245103836 6 -1 -1 
869 251 25 22 0.1411663144826889 5 -1 -1 
199 361 62 35 0.13864459097385406 6 -1 -1 
219 324 72 29 0.1351364254951477 5 -1 -1 
200 400 130 66 0.13439755141735077 5 -1 -1 
508 369 88 39 0.13418716192245483 5 -1 -1 
100 337 29 18 0.13303792476654053 2 -1 -1 
662 197 35 16 0.1289358139038086 4 -1 -1 
646 240 26 23 0.12751716375350952 6 -1 -1 
101 330 25 23 0.12696227431297302 10 -1 -1 
617 329 24 32 0.1256437599658966 3 -1 -1 
659 184 38 25 0.1255241334438324 4 -1 -1 
100 337 28 18 0.12452961504459381 3 -1 -1 
141 442 20 37 0.12392894923686981 4 -1 -1 
142 499 77 45 0.12297233194112778 4 -1 -1 
651 193 45 19 0.12035327404737473 6 -1 -1 
199 361 82 45 0.12020725011825562 6 -1 -1 
208 442 115 26 0.1196083053946495 6 -1 -1 
156 592 125 103 0.11947484314441681 5 -1 -1 
313 311 125 49 0.11381932348012924 9 -1 -1 
144 489 127 51 0.1126895472407341 5 -1 -1 
666 228 28 22 0.11122217774391174 6 -1 -1 
1114 244 20 27 0.11091083288192749 1 -1 -1 
267 532 38 59 0.11080668121576309 5 -1 -1 
214 403 118 63 0.11051590740680695 7 -1 -1 
155 593 125 102 0.10810618847608566 9 -1 -1 
378 375 103 45 0.10756626725196838 6 -1 -1 
1178 662 89 100 0.10745375603437424 1 -1 -1 
198 361 63 35 0.10726182907819748 9 -1 -1 
1074 119 30 15 0.10692022740840912 4 -1 -1 
200 400 130 66 0.10657130926847458 4 -1 -1 
799 259 26 26 0.10608139634132385 5 -1 -1 
197 362 63 60 0.10436202585697174 6 -1 -1 
637 295 28 21 0.10413602739572525 10 -1 -1 
201 405 130 61 0.10359327495098114 9 -1 -1 
144 488 127 51 0.10316627472639084 6 -1 -1 
268 520 89 77 0.10312502831220627 5 -1 -1 
155 594 125 101 0.1015874370932579 1 -1 -1 
382 363 81 27 0.10148139297962189 4 -1 -1 
312 313 69 46 0.1006484404206276 9 -1 -1 
313 311 127 49 0.0997818261384964 8 -1 -1 
439 338 71 39 0.09912415593862534 6 -1 -1 
407 379 77 28 0.09837965667247772 4 -1 -1 
617 328 24 33 0.09836126118898392 2 -1 -1 
744 148 24 25 0.09508495032787323 6 -1 -1 
313 311 127 49 0.09405657649040222 7 -1 -1 
193 426 125 42 0.09364788979291916 6 -1 -1 
616 333 25 29 0.09287696331739426 9 -1 -1 
667 190 30 21 0.09267985820770264 4 -1 -1 
100 337 28 18 0.0898212268948555 1 -1 -1 
156 592 125 103 0.08970266580581665 6 -1 -1 
1178 662 90 100 0.08876170963048935 5 -1 -1 
672 225 29 23 0.08744999766349792 4 -1 -1 
379 368 88 36 0.08726628124713898 5 -1 -1 
379 380 108 52 0.08695121109485626 9 -1 -1 
507 369 89 40 0.08688213676214218 1 -1 -1 
201 358 79 31 0.08615007251501083 4 -1 -1 
145 490 85 43 0.08551118522882462 1 -1 -1 
705 400 47 47 0.08457168936729431 5 -1 -1 
744 151 25 23 0.08415888249874115 4 -1 -1 
1115 245 20 28 0.08368590474128723 3 -1 -1 
101 330 25 23 0.08183024823665619 1 -1 -1 
194 356 129 83 0.07779710739850998 9 -1 -1 
199 400 131 66 0.0626610666513443 10 -1 -1 
306 315 123 64 0.055716563016176224 6 -1 -1 
194 356 129 83 0.055553555488586426 5 -1 -1 
103 527 111 61 0.0535576306283474 9 -1 -1 
-2 584 70 116 0.05247566103935242 4 -1 -1 
201 401 130 66 0.05158701911568642 8 -1 -1 
201 401 130 66 0.050456397235393524 2 -1 -1 
