1174 164 75 57 0.982987642288208 5 -1 -1 
740 455 113 114 0.9461318254470825 4 -1 -1 
840 246 104 60 0.9158182740211487 4 -1 -1 
700 293 125 71 0.9094363451004028 4 -1 -1 
939 212 89 51 0.8993552923202515 4 -1 -1 
883 276 107 64 0.8966440558433533 4 -1 -1 
1006 241 96 57 0.8846537470817566 4 -1 -1 
402 248 18 50 0.8817801475524902 1 -1 -1 
945 562 31 61 0.8525921106338501 1 -1 -1 
758 668 173 97 0.8520549535751343 4 -1 -1 
60 305 98 70 0.8408017754554749 4 -1 -1 
987 320 116 77 0.8287662863731384 4 -1 -1 
686 291 42 36 0.8152422308921814 10 -1 -1 
724 392 43 44 0.7519854307174683 10 -1 -1 
1105 205 74 46 0.7470108866691589 4 -1 -1 
1214 81 84 31 0.7460312247276306 4 -1 -1 
1066 450 43 51 0.739497184753418 10 -1 -1 
911 166 35 31 0.7320658564567566 10 -1 -1 
1229 103 58 37 0.7293646335601807 4 -1 -1 
1309 91 49 35 0.7235491871833801 4 -1 -1 
1070 435 33 51 0.7214203476905823 2 -1 -1 
469 617 67 82 0.7212082147598267 7 -1 -1 
1033 182 59 63 0.7117692232131958 8 -1 -1 
289 217 97 64 0.6791935563087463 4 -1 -1 
179 163 91 54 0.6785681843757629 4 -1 -1 
963 179 30 26 0.6758710741996765 10 -1 -1 
1079 142 83 51 0.6641417145729065 4 -1 -1 
1039 145 33 20 0.6159442067146301 10 -1 -1 
735 380 26 46 0.6010690927505493 2 -1 -1 
469 617 67 82 0.5933409333229065 10 -1 -1 
1245 71 75 32 0.5919126272201538 4 -1 -1 
1080 111 81 35 0.5741571187973022 4 -1 -1 
141 152 78 44 0.5610097646713257 4 -1 -1 
1251 336 20 27 0.5083126425743103 2 -1 -1 
743 380 24 44 0.5057438015937805 2 -1 -1 
1153 95 42 21 0.5041504502296448 10 -1 -1 
1041 140 40 24 0.4875776171684265 10 -1 -1 
1052 138 37 24 0.48337745666503906 10 -1 -1 
1301 135 15 22 0.4695141315460205 2 -1 -1 
1295 144 20 19 0.46288421750068665 10 -1 -1 
1179 483 54 39 0.46010586619377136 3 -1 -1 
114 142 86 41 0.45125022530555725 4 -1 -1 
1186 93 18 18 0.4318179488182068 7 -1 -1 
750 382 18 38 0.41853129863739014 2 -1 -1 
1173 99 22 17 0.41325825452804565 7 -1 -1 
703 287 21 31 0.40039053559303284 2 -1 -1 
1067 437 34 53 0.39109763503074646 10 -1 -1 
291 216 93 64 0.39104577898979187 5 -1 -1 
964 175 14 30 0.3908579647541046 1 -1 -1 
1271 74 53 29 0.37202873826026917 4 -1 -1 
1155 98 40 18 0.36411046981811523 7 -1 -1 
139 161 58 35 0.3640671968460083 4 -1 -1 
962 175 31 30 0.36363616585731506 3 -1 -1 
584 285 35 26 0.3623616397380829 10 -1 -1 
901 275 91 46 0.35934799909591675 4 -1 -1 
138 141 105 56 0.3584108054637909 4 -1 -1 
578 281 32 29 0.35817715525627136 2 -1 -1 
1067 442 40 57 0.35420411825180054 2 -1 -1 
725 388 42 48 0.35101354122161865 2 -1 -1 
1033 182 59 63 0.3476691246032715 5 -1 -1 
940 229 78 33 0.3456191420555115 4 -1 -1 
1077 141 84 51 0.34485819935798645 5 -1 -1 
1238 339 34 28 0.3426060676574707 10 -1 -1 
115 145 51 37 0.3323921859264374 4 -1 -1 
1176 94 26 19 0.32959112524986267 7 -1 -1 
1046 138 24 24 0.32470205426216125 10 -1 -1 
964 174 16 28 0.3212255835533142 2 -1 -1 
687 289 41 36 0.319682776927948 2 -1 -1 
1238 335 33 31 0.31710484623908997 2 -1 -1 
965 173 12 23 0.31035351753234863 2 -1 -1 
469 617 68 82 0.30810365080833435 2 -1 -1 
1104 116 58 30 0.30702391266822815 4 -1 -1 
482 623 41 52 0.3045237064361572 2 -1 -1 
147 158 89 44 0.300752192735672 4 -1 -1 
1311 63 24 20 0.29900869727134705 7 -1 -1 
1298 136 17 25 0.29589781165122986 10 -1 -1 
751 382 17 39 0.295016884803772 1 -1 -1 
1047 139 18 22 0.28357821702957153 2 -1 -1 
743 380 24 44 0.28075048327445984 1 -1 -1 
1247 426 65 34 0.28063833713531494 3 -1 -1 
578 264 47 32 0.27844706177711487 10 -1 -1 
720 213 16 32 0.27787113189697266 2 -1 -1 
735 380 26 46 0.27634143829345703 1 -1 -1 
1168 97 27 19 0.27244704961776733 10 -1 -1 
1242 330 20 30 0.27149805426597595 2 -1 -1 
1295 146 19 17 0.25869280099868774 3 -1 -1 
578 281 32 29 0.2581084966659546 10 -1 -1 
63 98 85 52 0.25376105308532715 4 -1 -1 
1295 136 24 29 0.2535521984100342 10 -1 -1 
1194 474 45 43 0.25199195742607117 3 -1 -1 
1051 137 15 20 0.24756957590579987 2 -1 -1 
730 36 54 36 0.24515271186828613 6 -1 -1 
1162 211 20 48 0.24455419182777405 1 -1 -1 
965 176 17 29 0.24404975771903992 10 -1 -1 
469 617 68 82 0.2432519644498825 3 -1 -1 
473 620 42 49 0.24125078320503235 2 -1 -1 
687 208 49 28 0.2380007803440094 7 -1 -1 
1188 92 17 19 0.23726245760917664 8 -1 -1 
1034 179 141 71 0.23687388002872467 9 -1 -1 
1066 450 43 51 0.2339891940355301 3 -1 -1 
1034 187 62 58 0.23072455823421478 9 -1 -1 
1033 182 59 63 0.23025628924369812 4 -1 -1 
166 150 93 58 0.21831679344177246 4 -1 -1 
1070 435 33 51 0.21758511662483215 1 -1 -1 
1271 73 53 29 0.2170436829328537 7 -1 -1 
965 178 18 27 0.21695804595947266 3 -1 -1 
707 287 20 29 0.21634846925735474 1 -1 -1 
1073 433 32 36 0.21624934673309326 2 -1 -1 
740 378 21 33 0.21575342118740082 2 -1 -1 
964 175 27 29 0.21548759937286377 2 -1 -1 
1174 164 75 57 0.21517178416252136 4 -1 -1 
964 173 12 25 0.21343490481376648 1 -1 -1 
1167 221 17 41 0.2124706506729126 1 -1 -1 
699 287 29 35 0.2119891494512558 10 -1 -1 
1106 196 102 57 0.2118937224149704 4 -1 -1 
1043 140 18 21 0.21183718740940094 10 -1 -1 
1245 71 75 32 0.2114849090576172 5 -1 -1 
1197 473 71 46 0.21096882224082947 3 -1 -1 
115 145 47 36 0.20638537406921387 8 -1 -1 
1212 81 88 33 0.20493914186954498 5 -1 -1 
690 304 31 23 0.20430999994277954 10 -1 -1 
1050 136 24 21 0.20386475324630737 10 -1 -1 
1243 336 29 30 0.20301403105258942 1 -1 -1 
115 145 47 36 0.20257793366909027 7 -1 -1 
140 149 87 47 0.20173263549804688 5 -1 -1 
987 319 117 79 0.2009715735912323 5 -1 -1 
1296 135 23 30 0.1971709281206131 3 -1 -1 
1185 92 19 19 0.19712600111961365 10 -1 -1 
1143 196 25 33 0.1963263899087906 1 -1 -1 
486 633 42 52 0.1952175796031952 2 -1 -1 
1032 180 117 69 0.19505447149276733 4 -1 -1 
1261 67 60 30 0.1948501169681549 4 -1 -1 
1213 94 72 19 0.1930355280637741 5 -1 -1 
114 142 86 41 0.19207850098609924 5 -1 -1 
706 284 22 29 0.19174152612686157 2 -1 -1 
1123 120 38 28 0.1914033740758896 4 -1 -1 
693 292 49 37 0.18916462361812592 10 -1 -1 
971 176 21 26 0.18916156888008118 10 -1 -1 
584 285 35 26 0.18853361904621124 2 -1 -1 
730 33 82 41 0.18839742243289948 6 -1 -1 
1039 144 33 21 0.1880122572183609 3 -1 -1 
728 36 46 36 0.1875046342611313 4 -1 -1 
1051 138 37 23 0.18690641224384308 3 -1 -1 
693 301 30 20 0.1866627037525177 10 -1 -1 
158 163 59 38 0.18664392828941345 4 -1 -1 
123 128 102 55 0.18512655794620514 4 -1 -1 
710 210 28 33 0.18368424475193024 2 -1 -1 
1079 121 82 39 0.18366646766662598 4 -1 -1 
1047 138 35 23 0.18320812284946442 2 -1 -1 
1153 95 41 21 0.17911392450332642 3 -1 -1 
729 36 47 35 0.17818549275398254 5 -1 -1 
1089 193 76 56 0.17794860899448395 4 -1 -1 
685 298 30 30 0.17732371389865875 10 -1 -1 
595 266 30 27 0.1768965870141983 10 -1 -1 
967 187 27 20 0.17670561373233795 10 -1 -1 
587 293 36 19 0.1753528118133545 10 -1 -1 
1035 206 55 42 0.1745869666337967 8 -1 -1 
1062 446 29 50 0.17188780009746552 10 -1 -1 
685 292 43 35 0.17159029841423035 4 -1 -1 
901 247 43 52 0.1711537390947342 4 -1 -1 
701 293 22 24 0.17034313082695007 10 -1 -1 
1039 150 28 16 0.16971874237060547 10 -1 -1 
1311 63 24 20 0.16822953522205353 10 -1 -1 
1304 134 14 19 0.16809839010238647 2 -1 -1 
1240 335 25 28 0.1667117476463318 10 -1 -1 
582 277 28 32 0.16627968847751617 1 -1 -1 
965 172 22 28 0.16604478657245636 10 -1 -1 
1035 179 146 71 0.16563762724399567 6 -1 -1 
1063 435 30 44 0.16460832953453064 2 -1 -1 
1235 342 38 27 0.16411297023296356 3 -1 -1 
63 97 85 52 0.16372907161712646 6 -1 -1 
884 275 107 65 0.16339744627475739 5 -1 -1 
1032 177 63 68 0.16257533431053162 6 -1 -1 
1340 70 17 21 0.1613055318593979 7 -1 -1 
1229 103 58 37 0.15954238176345825 5 -1 -1 
200 152 90 65 0.15885427594184875 4 -1 -1 
1174 164 75 57 0.15697365999221802 8 -1 -1 
688 206 51 28 0.15684469044208527 4 -1 -1 
1214 94 68 17 0.15676787495613098 4 -1 -1 
1174 99 21 17 0.156733900308609 8 -1 -1 
972 171 17 26 0.15627212822437286 2 -1 -1 
1032 180 117 69 0.1561737060546875 5 -1 -1 
1244 341 30 29 0.15544913709163666 2 -1 -1 
1164 89 39 24 0.15543894469738007 7 -1 -1 
1274 426 46 33 0.15530243515968323 3 -1 -1 
1299 137 16 24 0.15463241934776306 3 -1 -1 
683 210 39 29 0.15443472564220428 7 -1 -1 
142 146 55 45 0.15420302748680115 4 -1 -1 
122 127 14 25 0.15396292507648468 1 -1 -1 
748 386 21 48 0.153678297996521 2 -1 -1 
962 174 29 31 0.15300777554512024 1 -1 -1 
62 99 80 51 0.15273912250995636 7 -1 -1 
469 616 67 83 0.15124458074569702 8 -1 -1 
750 387 19 47 0.1507222205400467 1 -1 -1 
1245 71 75 32 0.1481550931930542 6 -1 -1 
1297 133 22 31 0.14807209372520447 2 -1 -1 
728 35 72 39 0.14685367047786713 5 -1 -1 
179 162 91 55 0.1444867104291916 5 -1 -1 
740 455 113 114 0.1444634646177292 9 -1 -1 
757 669 175 96 0.14416751265525818 5 -1 -1 
125 138 104 49 0.1420547515153885 5 -1 -1 
1296 134 22 30 0.13852235674858093 1 -1 -1 
700 292 125 73 0.13811632990837097 5 -1 -1 
663 218 72 34 0.1364271193742752 4 -1 -1 
1174 164 75 57 0.13550879061222076 6 -1 -1 
1033 182 59 63 0.1353660523891449 7 -1 -1 
728 35 72 39 0.1352453976869583 4 -1 -1 
740 455 113 114 0.13380207121372223 1 -1 -1 
114 142 83 40 0.1326896846294403 6 -1 -1 
1080 142 81 50 0.13245834410190582 6 -1 -1 
901 274 91 46 0.13189153373241425 5 -1 -1 
1236 78 72 32 0.1314426213502884 4 -1 -1 
1214 80 83 32 0.12791389226913452 6 -1 -1 
1104 200 79 51 0.12763483822345734 5 -1 -1 
1214 88 76 38 0.12584908306598663 4 -1 -1 
129 150 73 44 0.12434455752372742 5 -1 -1 
701 292 124 72 0.12152499705553055 6 -1 -1 
121 125 135 69 0.11817039549350739 4 -1 -1 
469 617 67 82 0.11806655675172806 4 -1 -1 
1034 188 85 59 0.11570093035697937 6 -1 -1 
700 292 125 73 0.1151803731918335 9 -1 -1 
686 294 42 34 0.11364880949258804 3 -1 -1 
940 212 87 51 0.11257772892713547 5 -1 -1 
147 138 114 62 0.11170149594545364 5 -1 -1 
1007 241 93 56 0.11155343800783157 5 -1 -1 
160 156 87 48 0.11108442395925522 5 -1 -1 
1213 80 84 33 0.11051349341869354 1 -1 -1 
1223 69 82 35 0.10867965966463089 4 -1 -1 
1099 102 64 40 0.10852012038230896 4 -1 -1 
1174 164 75 57 0.10658493638038635 10 -1 -1 
61 98 80 51 0.10397540032863617 8 -1 -1 
940 212 87 51 0.10389823466539383 1 -1 -1 
962 175 31 30 0.10349424183368683 4 -1 -1 
1006 241 96 57 0.10327374190092087 1 -1 -1 
841 246 103 60 0.10320957750082016 1 -1 -1 
1174 164 75 57 0.10215576738119125 2 -1 -1 
161 166 76 44 0.10179731994867325 4 -1 -1 
841 246 103 60 0.10165458917617798 5 -1 -1 
706 290 31 37 0.09993995726108551 10 -1 -1 
559 256 67 49 0.09936843812465668 10 -1 -1 
940 230 78 32 0.09729063510894775 5 -1 -1 
60 305 98 70 0.09547609835863113 1 -1 -1 
1097 173 77 56 0.09496236592531204 4 -1 -1 
740 453 112 116 0.09379462897777557 10 -1 -1 
740 453 112 116 0.09313687682151794 7 -1 -1 
172 134 113 84 0.09270213544368744 4 -1 -1 
117 123 138 70 0.08908948302268982 6 -1 -1 
121 125 135 69 0.06684631109237671 9 -1 -1 
1017 185 133 80 0.06252828240394592 9 -1 -1 
102 110 146 66 0.052360836416482925 6 -1 -1 
168 134 115 80 0.05190454423427582 5 -1 -1 
466 613 104 95 0.051014244556427 7 -1 -1 
