1113 228 100 59 0.9730080366134644 5 -1 -1 
1087 447 40 39 0.9683586359024048 3 -1 -1 
832 22 38 39 0.9638817310333252 5 -1 -1 
583 596 133 167 0.9533161520957947 4 -1 -1 
95 384 149 100 0.9503903388977051 4 -1 -1 
28 165 27 26 0.950348973274231 3 -1 -1 
384 414 135 97 0.9466344714164734 4 -1 -1 
514 186 82 57 0.9445676207542419 4 -1 -1 
604 437 77 121 0.9408472180366516 4 -1 -1 
1125 292 115 73 0.9187618494033813 4 -1 -1 
241 596 189 164 0.9131191968917847 4 -1 -1 
973 258 56 59 0.9122615456581116 4 -1 -1 
1202 104 91 35 0.9057987928390503 4 -1 -1 
704 135 66 45 0.9030930995941162 4 -1 -1 
845 50 46 44 0.9020634293556213 5 -1 -1 
922 245 17 40 0.9007866382598877 1 -1 -1 
457 260 98 72 0.8978099226951599 4 -1 -1 
53 142 19 33 0.8923507928848267 1 -1 -1 
1220 188 17 36 0.8794759511947632 1 -1 -1 
729 112 32 30 0.8785607814788818 7 -1 -1 
1191 174 15 33 0.8642632365226746 1 -1 -1 
1137 107 44 37 0.8625235557556152 4 -1 -1 
382 246 94 67 0.8598048686981201 4 -1 -1 
396 102 42 42 0.8236124515533447 4 -1 -1 
633 1 11 24 0.8226323127746582 1 -1 -1 
47 92 34 29 0.8174116611480713 10 -1 -1 
1262 276 74 38 0.8060376644134521 7 -1 -1 
1119 137 46 39 0.7893800139427185 4 -1 -1 
162 169 22 34 0.7875807881355286 1 -1 -1 
1100 432 25 41 0.7815240025520325 2 -1 -1 
1206 187 20 38 0.7723815441131592 1 -1 -1 
1152 80 37 32 0.7637973427772522 4 -1 -1 
771 58 51 38 0.7628902196884155 4 -1 -1 
1271 328 62 64 0.7485054731369019 5 -1 -1 
1207 174 21 45 0.7391044497489929 1 -1 -1 
1315 33 14 29 0.727572500705719 1 -1 -1 
1094 139 14 24 0.7234421372413635 3 -1 -1 
264 59 50 37 0.7187569737434387 4 -1 -1 
1096 171 45 52 0.7090837955474854 4 -1 -1 
175 111 43 42 0.7079832553863525 5 -1 -1 
1271 328 63 65 0.6987942457199097 8 -1 -1 
478 57 64 42 0.6963104605674744 4 -1 -1 
1241 59 77 38 0.6859595775604248 5 -1 -1 
1100 276 43 29 0.6805975437164307 10 -1 -1 
30 153 18 32 0.6711387634277344 2 -1 -1 
1095 129 13 26 0.6662067770957947 2 -1 -1 
626 51 11 21 0.6659078001976013 2 -1 -1 
1166 490 22 47 0.6658583283424377 1 -1 -1 
1205 91 88 34 0.6464447975158691 4 -1 -1 
1113 266 22 37 0.6331737041473389 2 -1 -1 
1293 276 23 41 0.6212242245674133 1 -1 -1 
190 131 14 35 0.6206789612770081 1 -1 -1 
728 113 33 27 0.6156123876571655 10 -1 -1 
1343 21 13 30 0.6115973591804504 1 -1 -1 
913 7 38 33 0.6109036803245544 4 -1 -1 
211 131 14 34 0.5963653922080994 1 -1 -1 
101 40 20 20 0.5802741050720215 3 -1 -1 
204 132 17 34 0.5690954327583313 2 -1 -1 
1280 17 58 24 0.5599845051765442 4 -1 -1 
0 403 100 79 0.5548763275146484 7 -1 -1 
207 132 14 34 0.5473178625106812 1 -1 -1 
1109 682 55 80 0.5333746075630188 7 -1 -1 
147 64 37 23 0.5260012745857239 8 -1 -1 
1109 688 53 74 0.5251556038856506 10 -1 -1 
1111 702 35 46 0.5105898380279541 2 -1 -1 
501 43 10 25 0.49703365564346313 1 -1 -1 
1325 196 22 32 0.49510258436203003 2 -1 -1 
623 59 17 19 0.4867253303527832 10 -1 -1 
161 167 15 34 0.4840223491191864 1 -1 -1 
623 59 16 20 0.4834694564342499 3 -1 -1 
1237 58 83 39 0.4638499319553375 4 -1 -1 
0 402 101 72 0.46355459094047546 6 -1 -1 
1292 276 26 41 0.4577706754207611 2 -1 -1 
1314 315 34 42 0.45072683691978455 8 -1 -1 
1198 111 14 34 0.44728851318359375 1 -1 -1 
478 58 64 41 0.4470367431640625 5 -1 -1 
1144 492 38 46 0.4390018880367279 7 -1 -1 
101 40 20 20 0.4364895522594452 10 -1 -1 
149 66 12 23 0.41320881247520447 2 -1 -1 
1165 490 23 47 0.4066632091999054 2 -1 -1 
913 7 39 33 0.39988476037979126 5 -1 -1 
1209 87 85 33 0.38916099071502686 5 -1 -1 
1212 188 20 37 0.377553254365921 1 -1 -1 
147 65 34 22 0.367362380027771 7 -1 -1 
1110 694 51 69 0.3601106107234955 2 -1 -1 
1095 171 45 53 0.3595610558986664 5 -1 -1 
1173 49 39 38 0.3571494519710541 4 -1 -1 
1094 138 14 25 0.3569257855415344 10 -1 -1 
736 112 15 22 0.3535504937171936 2 -1 -1 
187 130 20 34 0.33703264594078064 2 -1 -1 
0 403 100 71 0.33456817269325256 8 -1 -1 
1150 490 38 48 0.33272430300712585 1 -1 -1 
1111 266 28 38 0.3308940827846527 1 -1 -1 
1263 276 49 32 0.32832688093185425 10 -1 -1 
1144 492 38 46 0.32479962706565857 8 -1 -1 
1172 52 38 37 0.3214889168739319 5 -1 -1 
1095 434 31 44 0.3211331069469452 3 -1 -1 
1129 697 32 47 0.31935134530067444 2 -1 -1 
1144 492 38 45 0.31924423575401306 3 -1 -1 
205 138 13 29 0.31814104318618774 2 -1 -1 
28 165 27 25 0.31685271859169006 10 -1 -1 
327 2 34 28 0.31572967767715454 10 -1 -1 
1120 265 17 34 0.3107380270957947 2 -1 -1 
187 130 23 33 0.3061649203300476 1 -1 -1 
1100 432 26 42 0.298202782869339 1 -1 -1 
1323 192 24 36 0.2975894808769226 10 -1 -1 
625 50 12 22 0.29472240805625916 1 -1 -1 
28 159 23 31 0.28896626830101013 2 -1 -1 
1110 266 26 37 0.2853030860424042 10 -1 -1 
1114 698 43 43 0.2848528325557709 2 -1 -1 
176 112 42 41 0.27795666456222534 4 -1 -1 
30 153 17 32 0.2770446836948395 1 -1 -1 
188 131 13 27 0.26722121238708496 1 -1 -1 
729 113 31 26 0.26111698150634766 2 -1 -1 
867 12 13 27 0.2599855065345764 8 -1 -1 
1322 188 25 39 0.2596944272518158 3 -1 -1 
1135 709 24 39 0.25509798526763916 2 -1 -1 
190 130 29 31 0.25313979387283325 2 -1 -1 
188 130 14 28 0.25121963024139404 2 -1 -1 
965 0 27 12 0.24931849539279938 4 -1 -1 
149 66 12 23 0.24616387486457825 1 -1 -1 
180 113 34 44 0.24396222829818726 1 -1 -1 
1095 129 13 26 0.24249707162380219 1 -1 -1 
338 5 23 28 0.23949545621871948 10 -1 -1 
1256 13 82 29 0.2370358556509018 4 -1 -1 
1326 196 21 32 0.232643723487854 1 -1 -1 
1293 279 39 39 0.22928717732429504 1 -1 -1 
177 112 40 43 0.22927993535995483 2 -1 -1 
1247 55 72 31 0.22725166380405426 5 -1 -1 
1170 56 36 36 0.22619237005710602 4 -1 -1 
1108 718 55 45 0.22348207235336304 10 -1 -1 
30 155 21 32 0.22306188941001892 3 -1 -1 
1318 31 14 26 0.21775877475738525 1 -1 -1 
93 39 19 19 0.21611443161964417 3 -1 -1 
1112 700 30 34 0.21273761987686157 2 -1 -1 
1087 447 40 39 0.21110060811042786 7 -1 -1 
1271 328 62 65 0.20517733693122864 4 -1 -1 
1119 271 23 37 0.2051340490579605 1 -1 -1 
382 245 94 70 0.20363277196884155 5 -1 -1 
832 22 38 39 0.20337769389152527 4 -1 -1 
1173 44 43 37 0.20333637297153473 5 -1 -1 
625 51 13 23 0.20198409259319305 10 -1 -1 
1315 43 11 21 0.20173703134059906 1 -1 -1 
1174 35 35 37 0.20105990767478943 4 -1 -1 
1111 702 35 47 0.20068717002868652 1 -1 -1 
1342 29 11 24 0.19939874112606049 1 -1 -1 
1271 328 63 65 0.19908775389194489 6 -1 -1 
1109 678 57 84 0.1990322768688202 8 -1 -1 
1262 276 74 38 0.19836020469665527 8 -1 -1 
147 64 34 23 0.19800516963005066 2 -1 -1 
1345 30 11 24 0.19255465269088745 1 -1 -1 
1113 228 100 59 0.18933823704719543 4 -1 -1 
28 165 27 25 0.1885233372449875 4 -1 -1 
1153 171 23 48 0.18075382709503174 10 -1 -1 
89 36 30 24 0.17833052575588226 3 -1 -1 
1211 77 86 34 0.17578279972076416 4 -1 -1 
263 59 51 39 0.16970139741897583 5 -1 -1 
1113 228 100 59 0.16700583696365356 8 -1 -1 
177 112 41 41 0.16074872016906738 8 -1 -1 
1211 77 86 34 0.15674102306365967 5 -1 -1 
1271 328 62 65 0.1540822684764862 9 -1 -1 
1204 100 89 33 0.15156488120555878 5 -1 -1 
182 127 21 37 0.1497829258441925 1 -1 -1 
604 437 77 121 0.14317287504673004 1 -1 -1 
194 132 16 34 0.14234797656536102 2 -1 -1 
144 65 26 24 0.14177446067333221 2 -1 -1 
1263 274 73 39 0.13976271450519562 10 -1 -1 
922 245 17 40 0.13947896659374237 4 -1 -1 
703 134 66 46 0.13940319418907166 5 -1 -1 
845 49 46 45 0.13854548335075378 4 -1 -1 
1113 228 99 59 0.13844579458236694 6 -1 -1 
771 57 51 40 0.13761615753173828 5 -1 -1 
29 165 26 25 0.13724030554294586 1 -1 -1 
583 596 133 167 0.1361883282661438 1 -1 -1 
622 49 19 28 0.13515906035900116 2 -1 -1 
1213 63 90 37 0.13490085303783417 4 -1 -1 
1262 276 74 38 0.1344011127948761 4 -1 -1 
95 385 149 99 0.1286352276802063 1 -1 -1 
583 596 133 167 0.12846548855304718 9 -1 -1 
176 112 45 45 0.11191309243440628 6 -1 -1 
1125 292 115 73 0.09229958057403564 5 -1 -1 
1125 292 115 73 0.09064720571041107 1 -1 -1 
1125 292 115 73 0.08104732632637024 10 -1 -1 
239 594 193 167 0.07125969976186752 5 -1 -1 
239 594 194 165 0.06832944601774216 10 -1 -1 
179 113 49 51 0.06728407740592957 9 -1 -1 
179 113 49 51 0.06371163576841354 5 -1 -1 
1125 292 115 73 0.061056528240442276 9 -1 -1 
179 113 49 51 0.06003349646925926 4 -1 -1 
239 594 193 167 0.05812036991119385 1 -1 -1 
241 594 192 164 0.053452104330062866 9 -1 -1 
456 258 100 76 0.0532740093767643 5 -1 -1 
1125 292 115 73 0.05046512559056282 7 -1 -1 
