514 303 27 33 0.9551098942756653 6 -1 -1 
468 421 40 45 0.9312175512313843 4 -1 -1 
495 342 26 28 0.8849765658378601 4 -1 -1 
562 303 19 20 0.8840551376342773 4 -1 -1 
591 325 22 22 0.8737435340881348 4 -1 -1 
615 247 6 10 0.8693695068359375 7 -1 -1 
590 377 25 31 0.8663567304611206 4 -1 -1 
600 296 18 18 0.8622636795043945 4 -1 -1 
548 350 27 33 0.7874573469161987 4 -1 -1 
587 268 13 14 0.7869495153427124 4 -1 -1 
622 223 9 8 0.7823835611343384 4 -1 -1 
620 241 11 10 0.7774114012718201 4 -1 -1 
615 233 10 10 0.7708591222763062 4 -1 -1 
622 371 11 23 0.7606549263000488 1 -1 -1 
583 244 11 11 0.7474155426025391 4 -1 -1 
639 390 26 31 0.745317280292511 4 -1 -1 
622 200 6 6 0.742942750453949 4 -1 -1 
614 257 13 13 0.7346634268760681 4 -1 -1 
618 215 8 7 0.7316063642501831 4 -1 -1 
616 210 8 6 0.7232942581176758 4 -1 -1 
607 274 14 14 0.7208044528961182 4 -1 -1 
599 236 10 11 0.7148203253746033 4 -1 -1 
579 279 15 15 0.686225175857544 4 -1 -1 
510 424 34 49 0.6542498469352722 4 -1 -1 
609 204 4 7 0.6375234723091125 8 -1 -1 
629 197 8 7 0.6334354877471924 4 -1 -1 
625 187 6 8 0.6252570152282715 9 -1 -1 
569 241 12 12 0.5233621597290039 4 -1 -1 
341 440 67 41 0.5156459212303162 5 -1 -1 
616 246 5 8 0.4810945391654968 2 -1 -1 
623 193 5 5 0.4536595642566681 4 -1 -1 
557 255 13 14 0.43772533535957336 4 -1 -1 
550 264 11 16 0.4334616959095001 8 -1 -1 
339 440 72 41 0.43179503083229065 4 -1 -1 
626 181 5 6 0.430946409702301 6 -1 -1 
625 187 6 8 0.4244222939014435 6 -1 -1 
549 252 21 17 0.4206050634384155 4 -1 -1 
603 207 4 6 0.41896581649780273 2 -1 -1 
602 209 5 7 0.40594354271888733 10 -1 -1 
639 204 9 9 0.4008573889732361 4 -1 -1 
592 204 9 10 0.3915197551250458 4 -1 -1 
617 185 6 7 0.3847983777523041 4 -1 -1 
631 214 11 8 0.3813543915748596 4 -1 -1 
620 178 4 4 0.38006287813186646 4 -1 -1 
571 213 24 11 0.3622472584247589 4 -1 -1 
609 205 4 6 0.35530737042427063 7 -1 -1 
632 178 4 4 0.3520662486553192 4 -1 -1 
607 200 3 5 0.349996417760849 2 -1 -1 
510 424 34 49 0.34917008876800537 5 -1 -1 
607 189 5 6 0.3483593463897705 4 -1 -1 
610 186 5 5 0.34373387694358826 4 -1 -1 
632 273 24 27 0.3386194109916687 4 -1 -1 
602 209 5 7 0.33711451292037964 8 -1 -1 
550 264 11 16 0.3318938910961151 7 -1 -1 
569 241 12 12 0.3260551393032074 6 -1 -1 
603 205 3 6 0.32233670353889465 2 -1 -1 
615 247 6 10 0.32157111167907715 8 -1 -1 
615 247 6 9 0.3208602964878082 2 -1 -1 
569 241 12 11 0.3078067898750305 7 -1 -1 
602 208 5 7 0.3052527904510498 2 -1 -1 
623 192 6 6 0.3018997013568878 6 -1 -1 
550 264 12 16 0.2998986542224884 6 -1 -1 
611 182 4 5 0.2980068325996399 2 -1 -1 
617 185 6 7 0.29731810092926025 8 -1 -1 
626 181 5 6 0.29568910598754883 5 -1 -1 
635 214 9 9 0.294210821390152 4 -1 -1 
626 181 5 6 0.2926977872848511 4 -1 -1 
602 209 5 7 0.279801607131958 7 -1 -1 
607 200 3 6 0.27771061658859253 1 -1 -1 
609 187 5 5 0.2742377817630768 4 -1 -1 
617 185 6 7 0.2741815149784088 7 -1 -1 
532 263 29 17 0.2691166400909424 6 -1 -1 
632 186 4 6 0.26622167229652405 4 -1 -1 
608 204 3 6 0.26542648673057556 8 -1 -1 
617 185 6 7 0.264439195394516 6 -1 -1 
592 202 13 12 0.2514839470386505 4 -1 -1 
624 187 7 8 0.24800440669059753 5 -1 -1 
611 183 4 5 0.24669869244098663 2 -1 -1 
617 185 6 7 0.24364475905895233 5 -1 -1 
571 238 5 9 0.24335052073001862 2 -1 -1 
610 191 4 5 0.2428065836429596 4 -1 -1 
638 213 11 12 0.2419387549161911 4 -1 -1 
640 204 12 9 0.2413211315870285 4 -1 -1 
632 188 5 5 0.2380354106426239 4 -1 -1 
623 193 5 5 0.23654808104038239 5 -1 -1 
569 241 12 12 0.2296377718448639 5 -1 -1 
625 187 6 8 0.22926759719848633 4 -1 -1 
625 186 6 6 0.22832128405570984 6 -1 -1 
617 185 4 6 0.2268717885017395 4 -1 -1 
634 233 11 10 0.22580745816230774 4 -1 -1 
342 432 71 33 0.22579535841941833 4 -1 -1 
611 192 3 5 0.2250252217054367 10 -1 -1 
626 181 5 6 0.21984218060970306 9 -1 -1 
611 192 3 5 0.21621794998645782 2 -1 -1 
633 191 6 5 0.21526184678077698 4 -1 -1 
618 211 7 7 0.21326743066310883 4 -1 -1 
589 200 18 15 0.21311712265014648 4 -1 -1 
505 306 16 19 0.21276302635669708 9 -1 -1 
639 216 14 9 0.20934797823429108 4 -1 -1 
568 241 13 12 0.20788539946079254 8 -1 -1 
550 264 11 16 0.20781201124191284 4 -1 -1 
505 306 16 19 0.20762009918689728 5 -1 -1 
611 184 4 6 0.20699679851531982 4 -1 -1 
618 184 4 5 0.20415917038917542 2 -1 -1 
610 186 5 5 0.20161323249340057 5 -1 -1 
608 201 3 7 0.20097634196281433 8 -1 -1 
622 200 6 6 0.20066800713539124 7 -1 -1 
512 286 19 10 0.1994769275188446 4 -1 -1 
607 200 3 6 0.1993544101715088 10 -1 -1 
624 190 7 6 0.19867262244224548 6 -1 -1 
599 236 10 11 0.1969778835773468 6 -1 -1 
587 202 14 12 0.1956545114517212 4 -1 -1 
610 185 5 6 0.19415871798992157 7 -1 -1 
525 265 35 18 0.19401244819164276 4 -1 -1 
624 188 6 8 0.19346824288368225 4 -1 -1 
504 307 17 23 0.1930764615535736 4 -1 -1 
633 192 5 6 0.1930583417415619 4 -1 -1 
579 279 15 15 0.1927003562450409 5 -1 -1 
608 202 5 8 0.18934708833694458 7 -1 -1 
575 214 19 10 0.1888839304447174 10 -1 -1 
617 185 4 6 0.18787510693073273 6 -1 -1 
629 194 8 7 0.18744145333766937 4 -1 -1 
633 190 5 5 0.18692466616630554 4 -1 -1 
623 191 6 6 0.18636244535446167 6 -1 -1 
524 267 33 23 0.18408836424350739 4 -1 -1 
623 191 7 6 0.18332470953464508 4 -1 -1 
609 190 4 6 0.18319378793239594 2 -1 -1 
608 201 3 7 0.18123720586299896 2 -1 -1 
563 240 18 14 0.18097516894340515 6 -1 -1 
615 248 6 9 0.18079403042793274 10 -1 -1 
603 207 4 6 0.17960286140441895 10 -1 -1 
633 276 34 24 0.17811132967472076 4 -1 -1 
602 203 4 5 0.17763948440551758 2 -1 -1 
611 186 6 6 0.17691782116889954 4 -1 -1 
607 274 14 14 0.17675894498825073 5 -1 -1 
604 205 4 6 0.17569807171821594 2 -1 -1 
608 201 3 7 0.17489813268184662 1 -1 -1 
610 186 5 5 0.17410841584205627 8 -1 -1 
618 184 4 5 0.17250807583332062 4 -1 -1 
631 191 6 5 0.17235539853572845 4 -1 -1 
632 186 4 6 0.17210663855075836 9 -1 -1 
632 273 24 27 0.17071956396102905 5 -1 -1 
506 306 16 19 0.16917739808559418 6 -1 -1 
608 204 3 6 0.16854332387447357 7 -1 -1 
625 186 6 6 0.1662866622209549 9 -1 -1 
638 220 15 12 0.165970116853714 4 -1 -1 
550 264 11 16 0.16488328576087952 5 -1 -1 
608 204 5 7 0.1643403023481369 10 -1 -1 
603 207 4 6 0.1640709787607193 1 -1 -1 
629 193 6 5 0.16377052664756775 4 -1 -1 
632 273 24 27 0.16338501870632172 6 -1 -1 
603 208 4 7 0.1633477807044983 10 -1 -1 
571 206 24 13 0.16244104504585266 4 -1 -1 
818 254 4 9 0.16225217282772064 1 -1 -1 
602 208 5 7 0.16221743822097778 1 -1 -1 
585 214 10 9 0.1619379073381424 4 -1 -1 
616 246 5 8 0.16162019968032837 1 -1 -1 
617 185 6 7 0.16118906438350677 9 -1 -1 
610 191 4 6 0.16105110943317413 7 -1 -1 
639 201 11 11 0.16030417382717133 4 -1 -1 
507 292 18 21 0.15572300553321838 6 -1 -1 
503 285 27 13 0.1536947339773178 4 -1 -1 
546 244 23 24 0.15337491035461426 4 -1 -1 
350 435 74 40 0.14916859567165375 4 -1 -1 
639 212 20 13 0.14714045822620392 4 -1 -1 
505 280 27 16 0.1432218998670578 4 -1 -1 
512 281 29 16 0.14000265300273895 4 -1 -1 
639 216 18 16 0.13912367820739746 4 -1 -1 
545 252 25 17 0.13755367696285248 5 -1 -1 
497 298 41 37 0.13747407495975494 6 -1 -1 
563 240 18 14 0.13429340720176697 4 -1 -1 
614 169 24 12 0.13382060825824738 4 -1 -1 
339 440 72 41 0.12939824163913727 9 -1 -1 
540 254 29 16 0.12861807644367218 4 -1 -1 
639 389 27 34 0.1267794966697693 5 -1 -1 
506 289 35 44 0.12633028626441956 6 -1 -1 
505 297 19 21 0.12558618187904358 6 -1 -1 
502 288 24 13 0.12552326917648315 4 -1 -1 
506 288 21 19 0.12508906424045563 4 -1 -1 
533 265 27 23 0.12501902878284454 6 -1 -1 
492 307 29 22 0.12431172281503677 4 -1 -1 
531 264 30 16 0.12324831634759903 5 -1 -1 
514 303 27 33 0.12069506198167801 4 -1 -1 
554 239 27 14 0.12021537870168686 6 -1 -1 
505 293 19 20 0.1198003962635994 9 -1 -1 
504 307 18 27 0.11679927259683609 6 -1 -1 
502 307 19 26 0.11679372191429138 9 -1 -1 
543 260 18 19 0.11668656021356583 6 -1 -1 
514 303 27 33 0.11587999016046524 5 -1 -1 
573 202 28 12 0.11541108787059784 4 -1 -1 
508 266 49 28 0.1129913255572319 4 -1 -1 
622 371 11 23 0.11079619824886322 4 -1 -1 
506 305 16 19 0.10973358899354935 4 -1 -1 
641 363 27 17 0.10921425372362137 7 -1 -1 
493 281 36 17 0.10845287889242172 4 -1 -1 
340 436 65 32 0.10728287696838379 5 -1 -1 
590 377 25 31 0.10426980257034302 5 -1 -1 
535 263 27 14 0.10381253808736801 4 -1 -1 
502 291 22 19 0.10320048779249191 4 -1 -1 
339 440 72 41 0.10315868258476257 6 -1 -1 
502 298 21 21 0.10271172970533371 9 -1 -1 
509 288 23 14 0.10139618068933487 4 -1 -1 
542 260 23 13 0.10059312731027603 4 -1 -1 
533 257 28 20 0.10034345835447311 6 -1 -1 
513 294 26 33 0.10025503486394882 6 -1 -1 
630 280 18 20 0.09951803088188171 5 -1 -1 
555 248 16 21 0.09934001415967941 4 -1 -1 
509 306 23 29 0.09836893528699875 6 -1 -1 
562 303 19 20 0.09785706549882889 5 -1 -1 
499 303 22 19 0.09715371578931808 9 -1 -1 
633 276 34 24 0.09706934541463852 6 -1 -1 
495 342 26 28 0.09581881016492844 1 -1 -1 
582 199 23 15 0.09572233259677887 4 -1 -1 
509 275 30 20 0.0951269343495369 4 -1 -1 
633 284 40 17 0.09506179392337799 4 -1 -1 
576 209 21 14 0.09346166998147964 4 -1 -1 
561 240 20 13 0.09328212589025497 7 -1 -1 
566 212 28 12 0.09277800470590591 5 -1 -1 
551 241 28 15 0.09224884957075119 4 -1 -1 
591 325 22 22 0.09206873178482056 5 -1 -1 
494 288 32 18 0.09052146226167679 4 -1 -1 
499 303 22 19 0.09038326144218445 6 -1 -1 
548 241 25 18 0.09016408026218414 4 -1 -1 
507 292 18 20 0.09005156904459 5 -1 -1 
506 307 20 28 0.08978740870952606 5 -1 -1 
499 303 22 19 0.08933410793542862 4 -1 -1 
635 232 25 14 0.08815348893404007 4 -1 -1 
542 265 20 18 0.08657902479171753 6 -1 -1 
498 276 33 19 0.08652473986148834 4 -1 -1 
468 421 39 45 0.08549686521291733 5 -1 -1 
639 389 26 33 0.08474349975585938 6 -1 -1 
513 303 28 33 0.0843343511223793 2 -1 -1 
640 221 22 13 0.08420878648757935 4 -1 -1 
632 273 22 27 0.08382120728492737 8 -1 -1 
633 276 34 24 0.08382079750299454 5 -1 -1 
468 421 39 45 0.08380807936191559 1 -1 -1 
640 208 24 14 0.08363816887140274 4 -1 -1 
516 278 36 17 0.08362973481416702 4 -1 -1 
495 342 26 28 0.08350992202758789 5 -1 -1 
640 364 26 16 0.08346004784107208 3 -1 -1 
506 307 20 28 0.0827619880437851 9 -1 -1 
536 269 19 23 0.0827440544962883 4 -1 -1 
494 307 28 23 0.08245856314897537 6 -1 -1 
630 276 19 24 0.08244466781616211 9 -1 -1 
663 355 14 20 0.08219818770885468 3 -1 -1 
640 198 15 16 0.08176619559526443 4 -1 -1 
562 303 18 20 0.08144862949848175 1 -1 -1 
495 292 29 20 0.08065562695264816 6 -1 -1 
499 303 22 19 0.08024454116821289 5 -1 -1 
507 272 47 39 0.07913199812173843 4 -1 -1 
632 283 25 19 0.07901149243116379 4 -1 -1 
632 271 22 29 0.07889529317617416 9 -1 -1 
533 265 27 23 0.07869540899991989 5 -1 -1 
547 350 28 34 0.07854979485273361 5 -1 -1 
540 251 29 18 0.07768330723047256 6 -1 -1 
350 435 74 40 0.07758697122335434 5 -1 -1 
554 239 27 14 0.0773891881108284 5 -1 -1 
563 210 31 14 0.07703033834695816 4 -1 -1 
540 261 21 18 0.07687825709581375 5 -1 -1 
468 421 40 45 0.07665747404098511 9 -1 -1 
644 361 26 18 0.07663995772600174 6 -1 -1 
527 264 34 16 0.07623570412397385 9 -1 -1 
483 303 42 31 0.07571343332529068 6 -1 -1 
591 325 22 22 0.07564041763544083 1 -1 -1 
492 306 29 20 0.07522910833358765 9 -1 -1 
506 307 20 28 0.07522798329591751 4 -1 -1 
534 256 30 17 0.07518541812896729 4 -1 -1 
558 242 23 16 0.07491518557071686 6 -1 -1 
652 356 20 20 0.07415967434644699 6 -1 -1 
510 424 34 49 0.07382164150476456 9 -1 -1 
554 242 23 20 0.07373419404029846 4 -1 -1 
601 296 17 18 0.07347496598958969 5 -1 -1 
468 421 39 45 0.07342462986707687 6 -1 -1 
640 364 26 16 0.07340254634618759 10 -1 -1 
365 433 63 27 0.07282805442810059 4 -1 -1 
493 288 38 38 0.07274540513753891 6 -1 -1 
601 296 17 18 0.0726158618927002 1 -1 -1 
514 302 27 34 0.07153835147619247 7 -1 -1 
339 440 72 41 0.07061249017715454 1 -1 -1 
541 264 20 16 0.06828741729259491 8 -1 -1 
590 377 25 31 0.06811447441577911 1 -1 -1 
501 268 43 29 0.06222003698348999 4 -1 -1 
492 293 39 38 0.058240871876478195 9 -1 -1 
637 388 28 36 0.05786239728331566 9 -1 -1 
497 275 43 37 0.05746019259095192 4 -1 -1 
508 266 49 28 0.05739656463265419 5 -1 -1 
639 392 35 39 0.055179063230752945 4 -1 -1 
517 264 43 24 0.05366310104727745 5 -1 -1 
483 289 42 29 0.05200368911027908 6 -1 -1 
491 306 44 31 0.05153804272413254 9 -1 -1 
499 282 39 43 0.050996556878089905 9 -1 -1 
509 264 49 26 0.050444506108760834 9 -1 -1 
