638 77 26 35 0.9646915793418884 6 -1 -1 
821 138 35 34 0.9550167322158813 5 -1 -1 
961 551 105 75 0.9237648844718933 7 -1 -1 
654 266 33 39 0.9166871905326843 4 -1 -1 
722 240 32 32 0.9128882884979248 4 -1 -1 
613 406 56 94 0.9121133685112 5 -1 -1 
492 179 35 34 0.9111937284469604 5 -1 -1 
737 99 17 23 0.9051068425178528 6 -1 -1 
480 296 45 44 0.8964973092079163 4 -1 -1 
632 321 38 55 0.8898123502731323 8 -1 -1 
541 333 44 52 0.8848198652267456 4 -1 -1 
962 184 62 26 0.8829227685928345 4 -1 -1 
601 225 29 33 0.8809558749198914 4 -1 -1 
898 303 40 38 0.8761734366416931 4 -1 -1 
1117 561 20 51 0.8711861371994019 1 -1 -1 
672 174 27 36 0.8695438504219055 5 -1 -1 
882 280 76 31 0.8649135828018188 4 -1 -1 
637 135 23 29 0.8636298179626465 5 -1 -1 
840 473 107 84 0.8444401025772095 4 -1 -1 
792 94 24 16 0.8429641723632812 4 -1 -1 
1198 523 23 46 0.8416977524757385 1 -1 -1 
638 22 14 12 0.8406649231910706 4 -1 -1 
724 166 27 25 0.8382526636123657 4 -1 -1 
340 318 13 39 0.8359933495521545 1 -1 -1 
773 67 15 14 0.8350174427032471 4 -1 -1 
841 232 41 28 0.8269609808921814 4 -1 -1 
652 41 13 11 0.8247992992401123 4 -1 -1 
864 247 71 29 0.818697988986969 4 -1 -1 
576 90 28 21 0.8163445591926575 4 -1 -1 
518 386 57 65 0.8150961995124817 4 -1 -1 
722 198 27 28 0.8147187232971191 4 -1 -1 
864 184 60 24 0.813625693321228 4 -1 -1 
740 138 21 21 0.812094509601593 4 -1 -1 
325 243 81 31 0.8119715452194214 4 -1 -1 
612 198 28 32 0.8098252415657043 4 -1 -1 
590 76 22 19 0.8057714104652405 5 -1 -1 
617 123 14 17 0.8052517175674438 7 -1 -1 
685 114 22 19 0.8012093305587769 4 -1 -1 
354 321 13 36 0.8000048995018005 1 -1 -1 
1309 582 28 46 0.7991675734519958 1 -1 -1 
954 334 43 43 0.7970216870307922 4 -1 -1 
509 105 46 24 0.7963409423828125 5 -1 -1 
683 48 14 13 0.7939227819442749 4 -1 -1 
592 257 29 40 0.7906126379966736 4 -1 -1 
550 127 26 27 0.7878257632255554 4 -1 -1 
580 172 32 29 0.7859171628952026 4 -1 -1 
1179 522 21 43 0.7822959423065186 1 -1 -1 
551 71 41 16 0.7797212600708008 4 -1 -1 
857 209 64 26 0.7783221006393433 4 -1 -1 
808 186 29 27 0.7780889868736267 4 -1 -1 
890 198 58 28 0.7779849767684937 5 -1 -1 
873 262 72 27 0.7775774598121643 4 -1 -1 
530 84 35 15 0.764805793762207 4 -1 -1 
99 574 24 50 0.7624930739402771 1 -1 -1 
319 318 11 32 0.7623469233512878 1 -1 -1 
820 49 16 13 0.7576131820678711 4 -1 -1 
821 138 35 34 0.7571185231208801 8 -1 -1 
131 438 41 20 0.7504866719245911 3 -1 -1 
733 62 15 14 0.7492022514343262 4 -1 -1 
437 171 62 26 0.7490573525428772 4 -1 -1 
809 123 31 24 0.746448278427124 8 -1 -1 
683 157 23 27 0.7463212609291077 4 -1 -1 
432 156 54 26 0.7387728095054626 5 -1 -1 
1060 467 19 42 0.736643373966217 1 -1 -1 
1301 522 21 48 0.7327703833580017 1 -1 -1 
904 216 69 29 0.7293508052825928 4 -1 -1 
768 196 31 27 0.7285626530647278 4 -1 -1 
687 126 22 20 0.7273896336555481 4 -1 -1 
288 269 33 33 0.7270118594169617 3 -1 -1 
974 546 28 33 0.7261293530464172 2 -1 -1 
771 232 32 32 0.7230570316314697 4 -1 -1 
201 459 33 21 0.721752941608429 10 -1 -1 
688 30 14 13 0.7184942364692688 4 -1 -1 
672 204 26 31 0.703095555305481 4 -1 -1 
669 58 16 15 0.7021892070770264 4 -1 -1 
877 342 43 43 0.6995762586593628 4 -1 -1 
541 146 25 25 0.6970231533050537 4 -1 -1 
395 202 61 26 0.6933905482292175 4 -1 -1 
770 10 11 10 0.6921772360801697 4 -1 -1 
691 24 13 11 0.690076470375061 4 -1 -1 
687 140 21 20 0.6898951530456543 4 -1 -1 
690 671 43 47 0.6819532513618469 3 -1 -1 
782 307 41 44 0.6816130876541138 4 -1 -1 
740 6 11 10 0.6796192526817322 4 -1 -1 
463 138 56 24 0.6790952086448669 4 -1 -1 
87 547 58 42 0.6776090860366821 7 -1 -1 
1333 554 24 46 0.6764941811561584 1 -1 -1 
853 105 38 22 0.6698102355003357 5 -1 -1 
854 144 48 22 0.6693127155303955 4 -1 -1 
874 72 39 18 0.6580007672309875 4 -1 -1 
676 66 16 16 0.6575504541397095 4 -1 -1 
923 228 70 33 0.6572405099868774 4 -1 -1 
1329 491 22 44 0.6545311212539673 1 -1 -1 
736 50 13 12 0.6544961929321289 4 -1 -1 
756 49 17 23 0.644731879234314 7 -1 -1 
418 346 15 29 0.6408048272132874 2 -1 -1 
672 109 7 18 0.6379379034042358 1 -1 -1 
826 92 38 15 0.6344602108001709 4 -1 -1 
676 26 12 11 0.6342967748641968 4 -1 -1 
413 183 59 30 0.631598174571991 5 -1 -1 
739 20 13 12 0.6298689246177673 4 -1 -1 
700 650 25 56 0.6294899582862854 2 -1 -1 
1155 485 17 41 0.6237084269523621 1 -1 -1 
965 428 91 45 0.6234685182571411 4 -1 -1 
995 447 14 41 0.6229335069656372 1 -1 -1 
937 441 16 36 0.6198527812957764 1 -1 -1 
1181 469 18 45 0.6166534423828125 1 -1 -1 
301 419 24 32 0.6149817109107971 10 -1 -1 
826 81 34 14 0.610221266746521 4 -1 -1 
458 433 17 36 0.6088894605636597 10 -1 -1 
688 42 13 12 0.6058255434036255 4 -1 -1 
962 454 13 34 0.6051456928253174 1 -1 -1 
226 356 17 31 0.602433979511261 2 -1 -1 
457 421 18 35 0.596854567527771 2 -1 -1 
1052 462 14 27 0.5952233672142029 1 -1 -1 
202 430 44 28 0.5923899412155151 10 -1 -1 
411 183 61 30 0.5853715538978577 8 -1 -1 
1075 652 212 107 0.5840449333190918 5 -1 -1 
1077 652 212 106 0.5821526646614075 4 -1 -1 
955 453 15 36 0.5802311301231384 1 -1 -1 
669 74 16 18 0.5769010186195374 4 -1 -1 
598 70 20 18 0.5768881440162659 5 -1 -1 
523 227 44 48 0.5767951011657715 4 -1 -1 
116 456 15 29 0.5735360980033875 1 -1 -1 
653 223 26 34 0.5709228515625 4 -1 -1 
348 313 12 34 0.5699529647827148 1 -1 -1 
653 223 26 34 0.5694993138313293 5 -1 -1 
67 526 22 47 0.5678675770759583 1 -1 -1 
115 412 29 27 0.5669300556182861 10 -1 -1 
1040 336 15 34 0.5659555196762085 1 -1 -1 
616 45 17 17 0.5619348883628845 4 -1 -1 
224 367 20 29 0.5600968599319458 10 -1 -1 
1086 394 14 35 0.5592076182365417 1 -1 -1 
304 411 18 36 0.559207022190094 2 -1 -1 
61 561 22 37 0.557627260684967 3 -1 -1 
1129 483 14 42 0.5574465394020081 1 -1 -1 
789 383 48 58 0.5488473176956177 5 -1 -1 
34 534 22 30 0.5486026406288147 2 -1 -1 
691 658 28 49 0.547964334487915 2 -1 -1 
306 339 34 24 0.5464798212051392 10 -1 -1 
1108 465 20 40 0.5463591814041138 1 -1 -1 
1151 456 14 41 0.5448087453842163 1 -1 -1 
857 158 53 26 0.5395965576171875 5 -1 -1 
688 668 43 49 0.5360279083251953 10 -1 -1 
151 506 19 33 0.5359508991241455 2 -1 -1 
962 551 103 74 0.5353574156761169 8 -1 -1 
837 101 31 19 0.5333400368690491 4 -1 -1 
788 384 50 58 0.5331707000732422 4 -1 -1 
966 453 12 34 0.5313250422477722 1 -1 -1 
975 392 14 28 0.5295345187187195 1 -1 -1 
697 0 11 9 0.5294776558876038 4 -1 -1 
177 518 25 32 0.529157817363739 1 -1 -1 
561 274 43 57 0.5248641967773438 4 -1 -1 
565 106 23 24 0.5205569863319397 4 -1 -1 
599 65 17 14 0.5200915336608887 4 -1 -1 
1084 526 24 39 0.5188342332839966 1 -1 -1 
839 124 51 18 0.518345832824707 4 -1 -1 
1173 454 14 44 0.5179088711738586 1 -1 -1 
252 379 38 23 0.5166847109794617 10 -1 -1 
856 154 50 26 0.5159443616867065 4 -1 -1 
447 150 53 23 0.515880823135376 4 -1 -1 
1062 417 16 38 0.5112930536270142 1 -1 -1 
1311 627 23 33 0.5100650191307068 2 -1 -1 
828 88 37 15 0.5087078213691711 4 -1 -1 
882 390 16 33 0.5070388317108154 2 -1 -1 
618 120 9 15 0.5064139366149902 2 -1 -1 
565 106 23 24 0.5012484788894653 5 -1 -1 
346 206 66 26 0.4999803304672241 4 -1 -1 
205 432 41 26 0.49977990984916687 3 -1 -1 
180 409 31 33 0.48930320143699646 10 -1 -1 
561 275 43 56 0.48776766657829285 5 -1 -1 
879 403 20 28 0.48620638251304626 10 -1 -1 
1337 634 17 39 0.4850935935974121 1 -1 -1 
60 539 84 58 0.4837327003479004 7 -1 -1 
175 516 27 35 0.3684416711330414 2 -1 -1 
613 406 56 93 0.3487517535686493 4 -1 -1 
1275 542 19 43 0.32200556993484497 2 -1 -1 
509 105 46 23 0.2995038330554962 4 -1 -1 
638 77 25 35 0.2861975431442261 5 -1 -1 
513 102 43 18 0.27520227432250977 5 -1 -1 
961 550 105 77 0.2585270404815674 3 -1 -1 
1275 542 19 43 0.2560368776321411 1 -1 -1 
340 212 92 40 0.25148341059684753 6 -1 -1 
1101 497 31 35 0.25082677602767944 2 -1 -1 
963 429 105 46 0.24423466622829437 5 -1 -1 
337 209 89 39 0.24333293735980988 4 -1 -1 
1174 455 18 53 0.2334580272436142 1 -1 -1 
343 317 20 41 0.2303462028503418 1 -1 -1 
979 430 109 44 0.22906820476055145 4 -1 -1 
964 428 110 47 0.22689056396484375 6 -1 -1 
60 539 84 58 0.22619426250457764 8 -1 -1 
1155 453 19 43 0.22192901372909546 1 -1 -1 
457 421 19 41 0.22043582797050476 1 -1 -1 
170 511 32 38 0.20698310434818268 3 -1 -1 
873 70 41 19 0.20542284846305847 5 -1 -1 
1118 468 25 43 0.20527967810630798 1 -1 -1 
1145 451 18 46 0.20225822925567627 1 -1 -1 
1127 451 20 42 0.19863571226596832 1 -1 -1 
1121 488 22 40 0.19389639794826508 1 -1 -1 
1101 497 31 35 0.19329141080379486 1 -1 -1 
673 174 27 36 0.18802134692668915 4 -1 -1 
1109 442 27 41 0.18710076808929443 1 -1 -1 
457 421 19 41 0.18532708287239075 10 -1 -1 
223 356 21 39 0.18203328549861908 1 -1 -1 
349 315 19 41 0.1814701110124588 1 -1 -1 
113 409 33 31 0.1722254902124405 3 -1 -1 
1120 447 22 41 0.17087100446224213 1 -1 -1 
772 232 31 32 0.17074184119701385 5 -1 -1 
877 392 23 39 0.16762395203113556 2 -1 -1 
300 415 25 35 0.16498611867427826 1 -1 -1 
167 511 21 39 0.16211403906345367 1 -1 -1 
1112 486 29 40 0.1615334153175354 1 -1 -1 
960 549 105 77 0.16051062941551208 2 -1 -1 
1272 558 23 36 0.15992429852485657 10 -1 -1 
961 551 105 75 0.15708978474140167 6 -1 -1 
62 523 83 62 0.15077510476112366 7 -1 -1 
222 353 24 40 0.15061752498149872 2 -1 -1 
960 549 105 77 0.15038254857063293 1 -1 -1 
457 429 19 40 0.14710640907287598 3 -1 -1 
365 201 91 32 0.1451713740825653 6 -1 -1 
324 241 84 34 0.1442166417837143 5 -1 -1 
879 392 22 39 0.14294075965881348 1 -1 -1 
1049 451 25 40 0.1425330936908722 1 -1 -1 
513 102 43 18 0.14111538231372833 4 -1 -1 
670 204 28 32 0.1392696499824524 5 -1 -1 
1106 449 27 46 0.1389683336019516 1 -1 -1 
337 209 89 39 0.13732050359249115 5 -1 -1 
638 77 25 35 0.13620875775814056 4 -1 -1 
334 219 90 38 0.13542641699314117 4 -1 -1 
106 411 28 34 0.13452047109603882 10 -1 -1 
496 99 46 21 0.1333911269903183 4 -1 -1 
635 134 26 31 0.13318133354187012 6 -1 -1 
613 406 56 93 0.1314549446105957 9 -1 -1 
1106 437 23 43 0.13003435730934143 1 -1 -1 
151 403 23 34 0.1299375742673874 10 -1 -1 
456 429 20 40 0.12987777590751648 2 -1 -1 
653 223 27 33 0.12959147989749908 6 -1 -1 
874 391 26 38 0.12957188487052917 10 -1 -1 
961 551 105 75 0.128865048289299 9 -1 -1 
874 70 41 19 0.12881143391132355 6 -1 -1 
872 399 27 33 0.12768210470676422 1 -1 -1 
303 338 38 25 0.12762323021888733 3 -1 -1 
825 82 41 19 0.1273445188999176 4 -1 -1 
1083 394 21 43 0.12686863541603088 1 -1 -1 
121 406 33 34 0.12686124444007874 10 -1 -1 
873 273 82 32 0.12662896513938904 4 -1 -1 
344 225 99 35 0.12648572027683258 6 -1 -1 
369 200 88 31 0.12492956966161728 4 -1 -1 
1148 450 22 44 0.12297951430082321 1 -1 -1 
1113 449 26 42 0.12242896109819412 1 -1 -1 
1055 421 25 49 0.12236028164625168 1 -1 -1 
152 404 22 34 0.12233102321624756 3 -1 -1 
496 104 50 23 0.11699564009904861 4 -1 -1 
859 393 39 35 0.11654343456029892 10 -1 -1 
60 545 84 52 0.1152067631483078 6 -1 -1 
334 206 81 39 0.11517752707004547 6 -1 -1 
1051 413 28 38 0.1149403527379036 1 -1 -1 
1053 437 27 38 0.11431337147951126 1 -1 -1 
635 134 26 31 0.11356264352798462 4 -1 -1 
298 419 29 33 0.11298800259828568 3 -1 -1 
1051 461 25 42 0.11286184936761856 1 -1 -1 
638 77 25 35 0.11160273849964142 8 -1 -1 
1101 499 34 36 0.11025277525186539 10 -1 -1 
1177 456 22 49 0.10994558781385422 1 -1 -1 
56 531 58 67 0.1079908236861229 7 -1 -1 
1124 442 22 40 0.1077665314078331 1 -1 -1 
871 400 28 33 0.10729269683361053 8 -1 -1 
