731 248 24 27 0.9834504127502441 5 -1 -1 
686 211 30 43 0.9824402332305908 6 -1 -1 
614 266 20 29 0.9497406482696533 5 -1 -1 
947 649 145 64 0.9196200966835022 4 -1 -1 
804 493 106 48 0.9149011373519897 4 -1 -1 
931 507 83 38 0.9038800597190857 7 -1 -1 
826 473 99 39 0.9032821655273438 4 -1 -1 
462 687 21 55 0.8908981680870056 3 -1 -1 
919 547 115 55 0.8856350183486938 4 -1 -1 
660 369 32 32 0.8781501054763794 4 -1 -1 
661 283 37 21 0.8702995777130127 4 -1 -1 
555 224 23 29 0.8487828373908997 6 -1 -1 
602 165 12 10 0.8218894600868225 4 -1 -1 
608 245 19 19 0.8210110068321228 4 -1 -1 
697 255 21 19 0.81227707862854 4 -1 -1 
586 135 15 9 0.7677608728408813 5 -1 -1 
621 160 13 10 0.7618768215179443 4 -1 -1 
711 359 11 20 0.751741886138916 2 -1 -1 
870 528 106 48 0.7351769804954529 4 -1 -1 
721 226 6 16 0.7323105931282043 1 -1 -1 
599 156 10 10 0.7293081879615784 4 -1 -1 
1033 537 33 27 0.725933313369751 10 -1 -1 
517 136 24 12 0.7203503847122192 6 -1 -1 
635 180 13 12 0.7156356573104858 4 -1 -1 
711 364 11 20 0.7122281193733215 10 -1 -1 
606 321 29 34 0.7062161564826965 4 -1 -1 
597 149 8 9 0.7058461308479309 4 -1 -1 
695 275 35 22 0.7053120732307434 4 -1 -1 
462 677 22 44 0.697516918182373 2 -1 -1 
626 175 7 8 0.6957018375396729 7 -1 -1 
699 192 36 14 0.6944915652275085 4 -1 -1 
460 308 8 22 0.6876603364944458 1 -1 -1 
334 339 8 21 0.6864448189735413 1 -1 -1 
497 137 18 10 0.6860304474830627 5 -1 -1 
654 223 6 16 0.6758832931518555 1 -1 -1 
721 243 19 18 0.6725853681564331 4 -1 -1 
956 468 31 21 0.6724014282226562 10 -1 -1 
644 196 6 13 0.6680157780647278 1 -1 -1 
669 225 6 15 0.6587960720062256 1 -1 -1 
486 286 56 26 0.6562495231628418 4 -1 -1 
578 166 13 13 0.6546089053153992 4 -1 -1 
630 157 10 10 0.6211916208267212 4 -1 -1 
583 275 7 19 0.6183211803436279 1 -1 -1 
643 163 11 11 0.6083961725234985 4 -1 -1 
246 297 52 20 0.5817113518714905 4 -1 -1 
240 278 48 20 0.5792355537414551 4 -1 -1 
616 146 9 8 0.5778128504753113 4 -1 -1 
375 359 10 16 0.5561333894729614 2 -1 -1 
605 132 10 8 0.5523967146873474 4 -1 -1 
373 363 12 17 0.5383762717247009 10 -1 -1 
518 195 5 12 0.5243598222732544 1 -1 -1 
907 427 70 38 0.519995927810669 4 -1 -1 
618 155 11 8 0.5139977931976318 4 -1 -1 
592 224 5 12 0.5042898058891296 2 -1 -1 
321 335 12 23 0.5006298422813416 1 -1 -1 
867 279 27 16 0.49564990401268005 4 -1 -1 
618 149 9 8 0.49220386147499084 4 -1 -1 
627 172 5 8 0.4839293658733368 2 -1 -1 
911 376 25 16 0.47538673877716064 10 -1 -1 
838 278 27 14 0.47360408306121826 4 -1 -1 
618 151 10 10 0.4673593044281006 4 -1 -1 
478 352 21 20 0.4523908793926239 7 -1 -1 
512 116 24 11 0.451937735080719 5 -1 -1 
1003 475 11 19 0.4360658824443817 1 -1 -1 
548 214 21 10 0.43298038840293884 4 -1 -1 
592 227 6 12 0.4328571856021881 3 -1 -1 
620 157 12 11 0.42987000942230225 4 -1 -1 
953 397 11 15 0.4290428161621094 10 -1 -1 
711 364 11 20 0.41878801584243774 3 -1 -1 
646 140 4 9 0.4165494740009308 1 -1 -1 
592 225 5 14 0.4151933789253235 1 -1 -1 
581 228 6 14 0.41365233063697815 10 -1 -1 
592 227 6 12 0.41147172451019287 10 -1 -1 
581 228 6 13 0.41114136576652527 2 -1 -1 
1117 588 17 21 0.41044285893440247 2 -1 -1 
604 141 3 8 0.4093470275402069 1 -1 -1 
351 328 15 16 0.40805917978286743 10 -1 -1 
581 228 6 13 0.4056905508041382 1 -1 -1 
556 269 9 12 0.4052307903766632 10 -1 -1 
643 156 11 11 0.4049012362957001 4 -1 -1 
539 212 29 13 0.392804354429245 4 -1 -1 
630 145 3 7 0.3901858925819397 1 -1 -1 
540 158 4 8 0.39003947377204895 2 -1 -1 
1112 590 35 34 0.3872186243534088 10 -1 -1 
498 163 10 9 0.3834240436553955 4 -1 -1 
486 286 57 26 0.3831929862499237 5 -1 -1 
517 337 23 18 0.3812727630138397 10 -1 -1 
957 631 24 20 0.379708856344223 10 -1 -1 
626 174 7 9 0.3758266866207123 8 -1 -1 
512 116 24 11 0.37208786606788635 4 -1 -1 
540 158 5 9 0.37166669964790344 10 -1 -1 
991 475 23 22 0.3695509433746338 3 -1 -1 
679 191 26 12 0.36632102727890015 4 -1 -1 
506 142 4 10 0.36582624912261963 1 -1 -1 
956 436 20 25 0.34436100721359253 2 -1 -1 
626 174 7 9 0.34291747212409973 10 -1 -1 
991 475 23 22 0.3401605486869812 10 -1 -1 
539 158 6 9 0.33435866236686707 1 -1 -1 
686 211 30 43 0.3327399492263794 9 -1 -1 
604 141 3 7 0.33105432987213135 2 -1 -1 
558 268 6 8 0.3292933702468872 2 -1 -1 
572 166 5 8 0.3273378908634186 8 -1 -1 
1112 590 24 29 0.3267633616924286 10 -1 -1 
610 141 3 6 0.32673224806785583 1 -1 -1 
610 141 3 6 0.32665902376174927 2 -1 -1 
557 268 8 11 0.32455769181251526 2 -1 -1 
931 506 82 39 0.3210514783859253 8 -1 -1 
886 396 42 28 0.3206455111503601 4 -1 -1 
584 283 6 11 0.32018527388572693 3 -1 -1 
695 173 24 12 0.3198811113834381 4 -1 -1 
617 144 10 8 0.3172962963581085 4 -1 -1 
760 340 37 23 0.3126320540904999 5 -1 -1 
464 255 6 16 0.3100307881832123 1 -1 -1 
643 156 11 12 0.30945390462875366 5 -1 -1 
312 313 8 23 0.30633020401000977 1 -1 -1 
517 137 24 11 0.30472180247306824 5 -1 -1 
478 348 32 24 0.3027879595756531 7 -1 -1 
798 338 26 15 0.3023014962673187 10 -1 -1 
462 677 22 43 0.30116522312164307 1 -1 -1 
616 126 7 7 0.2985706329345703 4 -1 -1 
593 223 4 8 0.2976349890232086 2 -1 -1 
583 118 8 7 0.29634058475494385 4 -1 -1 
500 339 40 22 0.29411447048187256 7 -1 -1 
518 195 5 12 0.2931895852088928 2 -1 -1 
594 140 5 8 0.289088636636734 1 -1 -1 
350 333 11 11 0.28681620955467224 10 -1 -1 
374 359 11 18 0.28571856021881104 1 -1 -1 
1079 496 9 16 0.2828545868396759 2 -1 -1 
569 210 7 9 0.28284382820129395 10 -1 -1 
762 340 35 23 0.2821807861328125 8 -1 -1 
610 141 3 6 0.28136858344078064 10 -1 -1 
624 142 3 7 0.27878209948539734 1 -1 -1 
545 147 7 7 0.27835389971733093 2 -1 -1 
318 336 14 25 0.27725303173065186 1 -1 -1 
460 314 8 17 0.2771511375904083 3 -1 -1 
572 153 8 7 0.2763389050960541 4 -1 -1 
695 275 36 22 0.2761556804180145 5 -1 -1 
518 196 5 11 0.27467986941337585 10 -1 -1 
564 160 9 8 0.26979851722717285 4 -1 -1 
605 321 30 34 0.269741952419281 5 -1 -1 
501 348 31 25 0.26838621497154236 7 -1 -1 
896 401 32 21 0.26572561264038086 4 -1 -1 
866 270 30 22 0.2632595896720886 4 -1 -1 
760 340 37 23 0.26069778203964233 4 -1 -1 
1034 468 25 25 0.26007553935050964 1 -1 -1 
482 346 42 28 0.2523585855960846 7 -1 -1 
870 386 58 42 0.24962544441223145 4 -1 -1 
869 516 127 61 0.22768595814704895 6 -1 -1 
686 211 30 43 0.2117922306060791 5 -1 -1 
731 248 24 27 0.21010254323482513 8 -1 -1 
867 275 35 20 0.20836180448532104 4 -1 -1 
1112 590 35 34 0.2019445300102234 3 -1 -1 
931 506 82 39 0.19580063223838806 3 -1 -1 
506 338 34 21 0.19406020641326904 10 -1 -1 
614 266 20 29 0.18678925931453705 4 -1 -1 
731 248 24 27 0.18232527375221252 9 -1 -1 
731 248 24 27 0.17983227968215942 4 -1 -1 
1114 588 24 29 0.17939823865890503 2 -1 -1 
515 338 26 23 0.17594018578529358 7 -1 -1 
512 342 28 24 0.16743390262126923 7 -1 -1 
695 275 36 22 0.16679242253303528 6 -1 -1 
931 507 83 38 0.1661766916513443 6 -1 -1 
801 296 50 25 0.16122624278068542 4 -1 -1 
863 266 30 19 0.15828777849674225 4 -1 -1 
289 526 95 106 0.15728984773159027 4 -1 -1 
869 529 116 33 0.15566320717334747 6 -1 -1 
722 244 27 23 0.15408484637737274 4 -1 -1 
836 495 84 27 0.15350377559661865 4 -1 -1 
1112 591 24 29 0.15122494101524353 3 -1 -1 
500 356 29 19 0.1503496617078781 7 -1 -1 
478 341 40 28 0.14847896993160248 7 -1 -1 
902 427 75 37 0.1478845626115799 5 -1 -1 
754 340 43 23 0.14753305912017822 6 -1 -1 
1077 496 19 29 0.14654254913330078 10 -1 -1 
759 360 35 19 0.14574506878852844 10 -1 -1 
556 224 22 30 0.14543317258358002 9 -1 -1 
918 547 117 56 0.14461615681648254 5 -1 -1 
731 248 24 27 0.1424989402294159 6 -1 -1 
895 348 31 20 0.14221078157424927 10 -1 -1 
556 224 22 30 0.1415690779685974 5 -1 -1 
870 386 58 42 0.14046445488929749 5 -1 -1 
235 534 140 95 0.13924634456634521 4 -1 -1 
829 277 33 18 0.13906261324882507 4 -1 -1 
731 248 24 27 0.13738559186458588 10 -1 -1 
514 348 26 25 0.1369231641292572 7 -1 -1 
686 211 30 43 0.13677769899368286 10 -1 -1 
504 346 35 26 0.134904682636261 8 -1 -1 
228 282 62 28 0.1343756467103958 4 -1 -1 
768 335 29 28 0.13392505049705505 7 -1 -1 
931 506 82 39 0.1335325837135315 10 -1 -1 
485 286 58 27 0.13225218653678894 9 -1 -1 
686 210 30 44 0.13192139565944672 4 -1 -1 
1114 588 24 29 0.1292535811662674 1 -1 -1 
504 341 35 23 0.12847115099430084 8 -1 -1 
957 630 25 22 0.1261795461177826 2 -1 -1 
731 248 24 27 0.12267724424600601 7 -1 -1 
882 497 130 62 0.12199120223522186 6 -1 -1 
512 342 28 24 0.12058892101049423 10 -1 -1 
947 648 146 65 0.11930877715349197 5 -1 -1 
396 403 15 38 0.11812160164117813 1 -1 -1 
490 343 38 27 0.11761916428804398 7 -1 -1 
543 207 29 18 0.11701125651597977 4 -1 -1 
686 211 30 43 0.11588218808174133 7 -1 -1 
686 211 30 43 0.11479362845420837 8 -1 -1 
531 211 36 15 0.114627406001091 5 -1 -1 
485 287 59 26 0.11406347900629044 6 -1 -1 
686 211 30 43 0.11398810148239136 2 -1 -1 
477 345 30 26 0.11358688771724701 8 -1 -1 
501 350 29 24 0.11346188187599182 8 -1 -1 
857 378 67 44 0.11316519230604172 4 -1 -1 
932 507 82 38 0.11307771503925323 4 -1 -1 
804 493 106 48 0.11245999485254288 5 -1 -1 
487 347 40 26 0.11195463687181473 10 -1 -1 
497 341 41 24 0.11193817108869553 10 -1 -1 
826 473 99 39 0.1117912158370018 1 -1 -1 
869 528 115 50 0.1083778664469719 5 -1 -1 
685 172 34 16 0.1083010733127594 4 -1 -1 
686 211 30 43 0.1070040836930275 3 -1 -1 
918 547 117 56 0.10552360117435455 6 -1 -1 
771 323 39 13 0.1048424169421196 4 -1 -1 
529 207 30 18 0.10214198380708694 4 -1 -1 
499 353 31 21 0.10037936270236969 10 -1 -1 
614 266 20 29 0.10032325237989426 6 -1 -1 
869 268 35 21 0.0998382493853569 4 -1 -1 
478 354 37 22 0.09938919544219971 7 -1 -1 
867 277 28 18 0.09813866764307022 5 -1 -1 
660 283 38 21 0.09782036393880844 5 -1 -1 
699 192 36 14 0.09780947864055634 5 -1 -1 
899 507 105 44 0.09776490926742554 7 -1 -1 
477 351 22 24 0.09665609896183014 6 -1 -1 
870 514 115 44 0.0950634777545929 7 -1 -1 
763 342 34 27 0.09452444314956665 7 -1 -1 
893 433 82 42 0.09449875354766846 5 -1 -1 
555 224 23 30 0.0939394161105156 8 -1 -1 
957 630 25 22 0.09381064027547836 1 -1 -1 
730 248 25 27 0.09236729145050049 2 -1 -1 
874 505 113 44 0.09133652597665787 6 -1 -1 
947 648 146 65 0.09119034558534622 1 -1 -1 
477 340 61 34 0.07803436368703842 6 -1 -1 
478 342 64 32 0.0757034495472908 7 -1 -1 
809 470 121 56 0.06537967920303345 4 -1 -1 
908 528 119 58 0.06327199935913086 6 -1 -1 
872 510 138 64 0.060725558549165726 7 -1 -1 
919 547 117 56 0.06064237281680107 9 -1 -1 
871 517 133 61 0.05917570739984512 9 -1 -1 
872 510 138 64 0.05856991931796074 4 -1 -1 
909 505 114 64 0.05004420876502991 6 -1 -1 
