486 342 160 84 0.987558126449585 5 -1 -1 
361 514 198 89 0.954383373260498 4 -1 -1 
470 249 182 81 0.9441925883293152 4 -1 -1 
467 47 159 79 0.9399210214614868 4 -1 -1 
405 438 188 80 0.9325719475746155 4 -1 -1 
1098 69 150 68 0.9316403269767761 4 -1 -1 
802 15 66 108 0.9221015572547913 4 -1 -1 
470 163 161 83 0.9137055277824402 4 -1 -1 
885 14 77 114 0.8931626677513123 4 -1 -1 
348 621 161 72 0.8428200483322144 6 -1 -1 
1070 4 145 71 0.827443540096283 4 -1 -1 
1116 136 157 74 0.7718358039855957 4 -1 -1 
1149 213 106 60 0.5041747689247131 4 -1 -1 
349 623 165 71 0.454633891582489 7 -1 -1 
349 624 162 69 0.3917125165462494 8 -1 -1 
1147 219 92 72 0.341562420129776 4 -1 -1 
1147 211 131 87 0.3092889189720154 4 -1 -1 
1084 42 154 86 0.29066604375839233 4 -1 -1 
485 342 159 84 0.2732592225074768 4 -1 -1 
1070 0 121 22 0.2667926847934723 4 -1 -1 
1070 3 144 73 0.24965626001358032 9 -1 -1 
322 157 131 232 0.24684561789035797 6 -1 -1 
486 342 160 84 0.2344064563512802 10 -1 -1 
349 624 162 69 0.23204636573791504 5 -1 -1 
1147 212 118 62 0.22992965579032898 5 -1 -1 
486 342 160 84 0.21390564739704132 8 -1 -1 
349 624 162 69 0.21085146069526672 4 -1 -1 
1146 217 70 56 0.20853033661842346 4 -1 -1 
263 125 197 270 0.20491798222064972 6 -1 -1 
1142 198 145 77 0.19870725274085999 4 -1 -1 
1147 211 134 101 0.1986946016550064 5 -1 -1 
276 681 34 45 0.19468732178211212 1 -1 -1 
486 342 160 84 0.1876668930053711 6 -1 -1 
1018 726 170 37 0.1799217164516449 4 -1 -1 
361 514 198 89 0.1714424341917038 1 -1 -1 
1070 3 144 73 0.1710122972726822 5 -1 -1 
486 342 160 84 0.16468282043933868 7 -1 -1 
361 514 198 89 0.1640455275774002 9 -1 -1 
1084 0 103 15 0.1600293219089508 4 -1 -1 
1071 2 147 27 0.15793871879577637 4 -1 -1 
469 248 184 82 0.15761815011501312 1 -1 -1 
1152 142 156 90 0.15092229843139648 4 -1 -1 
349 624 162 69 0.1435248851776123 9 -1 -1 
405 438 189 80 0.1402544379234314 1 -1 -1 
1118 137 166 72 0.13852128386497498 9 -1 -1 
1098 69 150 69 0.13763120770454407 9 -1 -1 
406 441 188 71 0.1327148675918579 9 -1 -1 
467 47 159 79 0.1324944943189621 1 -1 -1 
1029 558 331 170 0.13232076168060303 6 -1 -1 
231 375 37 47 0.12931939959526062 10 -1 -1 
1018 726 170 37 0.12411513179540634 5 -1 -1 
486 342 160 84 0.12220439314842224 2 -1 -1 
472 166 154 77 0.12098465859889984 9 -1 -1 
1070 3 144 73 0.11760381609201431 6 -1 -1 
802 15 66 109 0.11491243541240692 1 -1 -1 
976 725 181 39 0.11399267613887787 6 -1 -1 
186 366 84 56 0.11158470809459686 4 -1 -1 
470 249 182 81 0.11028380692005157 9 -1 -1 
1161 162 147 107 0.10794670879840851 4 -1 -1 
1070 1 124 52 0.10643082857131958 4 -1 -1 
1147 219 92 72 0.10628237575292587 5 -1 -1 
1118 137 166 72 0.10503634810447693 6 -1 -1 
470 163 161 83 0.10236192494630814 1 -1 -1 
1147 212 131 91 0.10220672190189362 6 -1 -1 
467 47 159 79 0.10154019296169281 9 -1 -1 
1098 69 150 68 0.10129517316818237 10 -1 -1 
1098 69 150 68 0.10034087300300598 1 -1 -1 
886 14 75 114 0.10016308724880219 5 -1 -1 
468 48 159 77 0.09688044339418411 10 -1 -1 
886 14 75 115 0.09646949917078018 1 -1 -1 
1119 138 139 72 0.09386612474918365 5 -1 -1 
361 514 198 89 0.09371044486761093 10 -1 -1 
1099 69 148 67 0.09323251247406006 5 -1 -1 
470 249 182 81 0.09282775968313217 7 -1 -1 
1097 69 151 68 0.09276283532381058 6 -1 -1 
236 373 56 50 0.09241579473018646 10 -1 -1 
486 342 160 84 0.0916660949587822 1 -1 -1 
263 125 197 270 0.09112253040075302 4 -1 -1 
470 249 182 81 0.09109418094158173 10 -1 -1 
277 682 33 44 0.09092459827661514 2 -1 -1 
802 15 65 109 0.0904729962348938 5 -1 -1 
1070 0 103 19 0.09011854231357574 5 -1 -1 
361 514 198 89 0.08996623754501343 7 -1 -1 
1153 188 153 101 0.08936768025159836 5 -1 -1 
1148 196 111 61 0.08903153240680695 4 -1 -1 
408 630 93 59 0.08754896372556686 2 -1 -1 
263 125 197 270 0.08731165528297424 5 -1 -1 
470 164 161 82 0.08579686284065247 5 -1 -1 
1028 633 170 99 0.08544152230024338 6 -1 -1 
1161 162 147 107 0.08437411487102509 6 -1 -1 
349 623 165 71 0.08375977724790573 3 -1 -1 
1118 138 140 71 0.08311031758785248 1 -1 -1 
1152 142 156 90 0.08258224278688431 6 -1 -1 
211 378 57 46 0.08257751166820526 10 -1 -1 
1181 134 126 61 0.08025600016117096 4 -1 -1 
486 342 160 84 0.08004908263683319 3 -1 -1 
1150 202 128 71 0.07951807975769043 6 -1 -1 
486 343 160 83 0.07906974107027054 9 -1 -1 
1070 3 144 73 0.07903046160936356 10 -1 -1 
349 624 162 69 0.07798673957586288 1 -1 -1 
470 249 182 81 0.07766546308994293 6 -1 -1 
349 626 161 67 0.07739138603210449 2 -1 -1 
450 634 42 52 0.07732464373111725 2 -1 -1 
468 48 159 77 0.07703430205583572 7 -1 -1 
1146 219 74 106 0.07656235992908478 4 -1 -1 
405 438 189 80 0.07639452069997787 10 -1 -1 
1098 69 151 68 0.07613993436098099 7 -1 -1 
361 514 198 89 0.07561201602220535 6 -1 -1 
995 653 361 111 0.07501569390296936 6 -1 -1 
400 442 194 69 0.07419220358133316 6 -1 -1 
886 14 75 115 0.07355716824531555 10 -1 -1 
802 15 65 109 0.07350926846265793 10 -1 -1 
164 392 118 115 0.07253921777009964 4 -1 -1 
467 47 159 79 0.0718163549900055 5 -1 -1 
886 14 75 114 0.07152552157640457 9 -1 -1 
1093 734 92 29 0.07131284475326538 4 -1 -1 
1070 3 144 73 0.07103121280670166 1 -1 -1 
1149 202 158 110 0.07063769549131393 9 -1 -1 
470 164 161 82 0.0702112466096878 10 -1 -1 
1148 219 152 130 0.06830330938100815 5 -1 -1 
802 15 66 109 0.06809787452220917 9 -1 -1 
470 249 183 80 0.06766185164451599 5 -1 -1 
470 164 161 82 0.06707686930894852 7 -1 -1 
141 376 135 98 0.06682576984167099 4 -1 -1 
468 218 177 98 0.06660294532775879 4 -1 -1 
1071 0 128 22 0.06656613945960999 9 -1 -1 
311 171 143 220 0.06644720584154129 4 -1 -1 
1018 726 170 37 0.06631387025117874 9 -1 -1 
1161 162 147 107 0.0655483528971672 9 -1 -1 
322 157 131 232 0.06529327481985092 5 -1 -1 
466 738 33 25 0.06523368507623672 2 -1 -1 
361 515 197 89 0.06522370874881744 5 -1 -1 
1149 217 99 58 0.06483703851699829 6 -1 -1 
405 438 189 80 0.0643589049577713 7 -1 -1 
996 681 188 78 0.06402218341827393 6 -1 -1 
400 627 100 57 0.06363343447446823 1 -1 -1 
1178 138 129 61 0.06164710223674774 9 -1 -1 
1149 213 106 60 0.06156402826309204 1 -1 -1 
208 350 67 70 0.061064448207616806 4 -1 -1 
1146 217 70 56 0.06096428632736206 5 -1 -1 
0 622 95 59 0.06048791855573654 4 -1 -1 
361 515 197 89 0.06039908900856972 8 -1 -1 
472 641 31 42 0.060272328555583954 2 -1 -1 
272 124 188 274 0.06018418073654175 9 -1 -1 
406 441 188 71 0.06004742532968521 5 -1 -1 
466 738 33 25 0.05990250036120415 1 -1 -1 
1070 0 135 25 0.059538304805755615 5 -1 -1 
138 360 138 84 0.059122148901224136 4 -1 -1 
1149 204 127 60 0.05849500745534897 9 -1 -1 
1118 139 137 70 0.058414753526449203 10 -1 -1 
322 173 132 216 0.0579354502260685 9 -1 -1 
1152 142 156 90 0.057719603180885315 5 -1 -1 
242 378 30 46 0.05703865364193916 10 -1 -1 
1147 217 86 98 0.05671016126871109 6 -1 -1 
194 382 118 132 0.05601125210523605 4 -1 -1 
467 47 159 79 0.05562261864542961 8 -1 -1 
236 373 56 50 0.05509026721119881 4 -1 -1 
1023 731 165 33 0.054123710840940475 6 -1 -1 
1130 217 127 136 0.053857993334531784 4 -1 -1 
172 377 97 57 0.053790368139743805 4 -1 -1 
468 48 159 77 0.05368784815073013 6 -1 -1 
1148 219 43 59 0.05364201217889786 4 -1 -1 
1178 138 129 61 0.053328342735767365 5 -1 -1 
470 249 182 81 0.0529717393219471 8 -1 -1 
472 166 154 77 0.05285310372710228 6 -1 -1 
1149 215 102 58 0.05199280008673668 9 -1 -1 
1178 138 129 61 0.05172572284936905 6 -1 -1 
361 514 198 89 0.051672063767910004 3 -1 -1 
223 364 134 97 0.051333654671907425 4 -1 -1 
1089 0 101 14 0.05129410699009895 5 -1 -1 
1148 207 161 129 0.05128087103366852 4 -1 -1 
188 370 81 52 0.050490833818912506 10 -1 -1 
449 641 41 51 0.050055231899023056 1 -1 -1 
231 375 37 47 0.050035834312438965 3 -1 -1 
