678 423 42 60 0.9862819314002991 5 -1 -1 
65 317 94 35 0.9403929710388184 4 -1 -1 
692 493 56 72 0.9373490810394287 4 -1 -1 
362 378 84 51 0.9257918000221252 4 -1 -1 
0 241 60 31 0.9124546647071838 4 -1 -1 
-2 563 92 108 0.91209876537323 4 -1 -1 
848 421 14 42 0.9086001515388489 1 -1 -1 
628 376 18 33 0.9069049954414368 1 -1 -1 
232 313 59 36 0.9063066840171814 7 -1 -1 
415 213 30 23 0.9044700860977173 4 -1 -1 
632 263 31 30 0.8865562081336975 4 -1 -1 
639 214 24 24 0.8466024994850159 4 -1 -1 
428 195 29 24 0.846203625202179 4 -1 -1 
91 515 40 52 0.8432067632675171 7 -1 -1 
1043 342 82 36 0.8271844983100891 4 -1 -1 
576 470 57 73 0.8132675290107727 4 -1 -1 
243 352 35 22 0.8076502680778503 10 -1 -1 
617 110 15 14 0.8050797581672668 4 -1 -1 
622 301 37 38 0.7949308753013611 4 -1 -1 
604 153 20 18 0.7921765446662903 4 -1 -1 
801 221 30 27 0.7873024344444275 4 -1 -1 
575 122 17 15 0.7767608165740967 4 -1 -1 
202 385 32 22 0.7638859748840332 10 -1 -1 
671 58 8 8 0.759023129940033 4 -1 -1 
659 100 12 11 0.7517398595809937 4 -1 -1 
892 307 25 19 0.7510442137718201 10 -1 -1 
613 127 16 19 0.7284429669380188 5 -1 -1 
599 176 21 21 0.7238467335700989 4 -1 -1 
218 365 30 21 0.723575234413147 10 -1 -1 
631 85 12 11 0.7226693630218506 4 -1 -1 
664 161 8 17 0.7168257832527161 1 -1 -1 
668 76 11 10 0.7154603600502014 4 -1 -1 
233 313 59 36 0.7049403190612793 8 -1 -1 
660 58 8 10 0.7042046785354614 5 -1 -1 
609 74 11 10 0.6988991498947144 4 -1 -1 
717 222 8 16 0.6952635645866394 2 -1 -1 
578 157 7 12 0.6919298768043518 2 -1 -1 
635 45 9 8 0.682874858379364 4 -1 -1 
597 89 12 11 0.6787511706352234 4 -1 -1 
512 326 13 23 0.6648190021514893 2 -1 -1 
578 162 7 11 0.6594339609146118 10 -1 -1 
0 312 37 36 0.6545973420143127 4 -1 -1 
900 300 12 23 0.651669979095459 2 -1 -1 
482 344 13 24 0.6458780765533447 10 -1 -1 
684 60 9 7 0.6410645842552185 4 -1 -1 
512 334 13 23 0.6394288539886475 10 -1 -1 
928 342 30 18 0.6289016604423523 10 -1 -1 
769 644 18 37 0.6215559244155884 10 -1 -1 
705 160 6 11 0.619665265083313 2 -1 -1 
481 335 14 26 0.6089081168174744 2 -1 -1 
770 642 18 31 0.6046253442764282 2 -1 -1 
691 134 6 10 0.5991820693016052 2 -1 -1 
744 105 13 13 0.5981608033180237 4 -1 -1 
263 319 14 22 0.5918577313423157 2 -1 -1 
691 137 6 11 0.5917452573776245 10 -1 -1 
705 164 6 12 0.5888323187828064 10 -1 -1 
1062 316 70 32 0.5869513750076294 4 -1 -1 
504 218 10 17 0.5859206914901733 2 -1 -1 
504 224 10 17 0.5827722549438477 3 -1 -1 
96 512 22 38 0.5815686583518982 2 -1 -1 
439 185 22 21 0.5748343467712402 4 -1 -1 
659 89 13 11 0.5592982769012451 4 -1 -1 
663 45 7 8 0.5468122959136963 4 -1 -1 
675 38 7 7 0.544188916683197 8 -1 -1 
662 51 7 8 0.5309602618217468 4 -1 -1 
221 356 17 26 0.5294104814529419 2 -1 -1 
932 335 12 21 0.5283551216125488 2 -1 -1 
209 375 13 27 0.5245168805122375 2 -1 -1 
770 627 21 38 0.5224413275718689 2 -1 -1 
577 469 56 74 0.5143166184425354 6 -1 -1 
718 228 7 15 0.49504950642585754 3 -1 -1 
610 97 5 9 0.49014946818351746 2 -1 -1 
582 57 13 13 0.48734980821609497 5 -1 -1 
896 268 11 24 0.48645156621932983 1 -1 -1 
667 29 5 5 0.47647222876548767 4 -1 -1 
199 375 11 22 0.47631174325942993 2 -1 -1 
718 228 8 15 0.46910789608955383 10 -1 -1 
610 100 6 9 0.46551281213760376 10 -1 -1 
1033 304 84 29 0.4613510072231293 4 -1 -1 
250 346 13 28 0.45675137639045715 2 -1 -1 
473 134 13 35 0.45233428478240967 1 -1 -1 
660 89 12 12 0.4343273639678955 5 -1 -1 
504 221 10 19 0.4330362379550934 10 -1 -1 
504 126 17 18 0.42957910895347595 4 -1 -1 
667 24 5 5 0.42691856622695923 4 -1 -1 
91 515 40 52 0.4171130061149597 10 -1 -1 
623 82 4 9 0.4137475788593292 1 -1 -1 
669 19 4 4 0.4053153693675995 4 -1 -1 
1030 307 51 22 0.40201425552368164 4 -1 -1 
1034 311 93 37 0.39821842312812805 4 -1 -1 
774 627 16 26 0.3960448205471039 2 -1 -1 
232 313 59 36 0.3892129063606262 6 -1 -1 
210 370 12 24 0.3850049078464508 2 -1 -1 
660 58 8 10 0.3703650236129761 8 -1 -1 
931 335 10 18 0.36896979808807373 2 -1 -1 
101 514 14 29 0.3642269968986511 2 -1 -1 
623 81 4 9 0.36373400688171387 2 -1 -1 
622 82 5 9 0.35344287753105164 10 -1 -1 
660 58 8 10 0.35287994146347046 9 -1 -1 
502 121 20 24 0.34775134921073914 6 -1 -1 
1061 303 55 25 0.34506434202194214 4 -1 -1 
504 126 17 18 0.3424943685531616 5 -1 -1 
668 20 5 4 0.3403029441833496 4 -1 -1 
667 25 6 6 0.33595725893974304 4 -1 -1 
691 136 6 12 0.33468690514564514 2 -1 -1 
578 160 7 13 0.3306885063648224 2 -1 -1 
663 48 7 8 0.328402578830719 4 -1 -1 
232 313 59 36 0.3261019289493561 3 -1 -1 
203 381 23 22 0.3231584429740906 10 -1 -1 
668 21 4 5 0.3157344460487366 4 -1 -1 
705 163 6 12 0.31514060497283936 2 -1 -1 
556 89 4 7 0.3150177299976349 2 -1 -1 
238 325 54 23 0.3130936920642853 7 -1 -1 
613 127 16 19 0.3115188181400299 4 -1 -1 
897 268 10 23 0.3072679936885834 2 -1 -1 
482 345 13 23 0.30162593722343445 3 -1 -1 
433 189 26 25 0.30103322863578796 4 -1 -1 
667 23 5 6 0.30095216631889343 8 -1 -1 
92 524 24 43 0.2975616157054901 10 -1 -1 
1072 308 9 23 0.295735627412796 1 -1 -1 
556 89 4 7 0.28959354758262634 1 -1 -1 
199 375 11 23 0.2864404022693634 1 -1 -1 
675 38 6 7 0.28625237941741943 7 -1 -1 
202 380 27 24 0.28497791290283203 2 -1 -1 
770 627 21 35 0.284585565328598 1 -1 -1 
220 356 18 27 0.28447967767715454 10 -1 -1 
661 53 8 8 0.28394827246665955 4 -1 -1 
1016 305 71 30 0.2819663882255554 4 -1 -1 
610 42 5 5 0.28125566244125366 4 -1 -1 
675 39 7 6 0.27517738938331604 6 -1 -1 
482 342 13 24 0.27412572503089905 2 -1 -1 
220 355 13 20 0.2740992605686188 2 -1 -1 
938 335 11 20 0.2740853428840637 2 -1 -1 
91 514 23 42 0.2730911076068878 2 -1 -1 
896 270 11 23 0.27258554100990295 10 -1 -1 
691 134 6 11 0.2717408239841461 10 -1 -1 
900 300 12 23 0.2712242901325226 1 -1 -1 
667 27 6 6 0.27007848024368286 4 -1 -1 
610 98 6 10 0.2698514461517334 1 -1 -1 
556 90 4 7 0.2677815556526184 10 -1 -1 
722 59 10 12 0.2675909698009491 4 -1 -1 
667 23 5 6 0.26503098011016846 7 -1 -1 
622 82 5 9 0.2646406292915344 3 -1 -1 
210 370 8 21 0.2631727159023285 2 -1 -1 
660 58 8 10 0.2622836232185364 6 -1 -1 
743 105 14 13 0.26134464144706726 5 -1 -1 
892 257 8 21 0.2594038248062134 1 -1 -1 
577 470 56 73 0.25826990604400635 5 -1 -1 
209 375 13 26 0.2578941285610199 1 -1 -1 
582 56 13 13 0.25418606400489807 4 -1 -1 
930 336 38 21 0.2539798319339752 8 -1 -1 
99 513 28 44 0.2526397109031677 2 -1 -1 
481 335 14 26 0.2507407069206238 1 -1 -1 
635 45 8 8 0.2494974136352539 6 -1 -1 
207 375 17 26 0.24785295128822327 10 -1 -1 
675 38 7 8 0.24782182276248932 5 -1 -1 
242 351 35 23 0.24695026874542236 2 -1 -1 
242 318 44 27 0.23639872670173645 7 -1 -1 
678 424 42 59 0.23303553462028503 8 -1 -1 
216 364 32 22 0.22303660213947296 2 -1 -1 
928 342 39 19 0.22264017164707184 8 -1 -1 
678 423 42 60 0.22173543274402618 4 -1 -1 
895 302 21 22 0.2182493656873703 2 -1 -1 
511 330 15 27 0.21772423386573792 2 -1 -1 
770 634 19 35 0.21707792580127716 1 -1 -1 
1073 321 76 31 0.2075606733560562 4 -1 -1 
221 356 17 26 0.19920000433921814 1 -1 -1 
218 365 30 21 0.19777615368366241 3 -1 -1 
245 348 22 24 0.19574101269245148 10 -1 -1 
930 333 25 22 0.19260765612125397 10 -1 -1 
97 513 20 36 0.19132055342197418 1 -1 -1 
91 515 40 52 0.1902420073747635 9 -1 -1 
99 513 28 44 0.18840570747852325 7 -1 -1 
678 424 42 59 0.18507765233516693 10 -1 -1 
1018 306 87 38 0.18387284874916077 4 -1 -1 
91 515 40 52 0.18342234194278717 8 -1 -1 
199 376 16 26 0.18021029233932495 2 -1 -1 
98 512 21 24 0.17601574957370758 2 -1 -1 
89 515 42 52 0.17454972863197327 2 -1 -1 
767 632 18 38 0.16958051919937134 2 -1 -1 
206 365 42 23 0.16797174513339996 7 -1 -1 
576 470 57 73 0.16718316078186035 7 -1 -1 
928 339 43 21 0.1635686755180359 7 -1 -1 
439 185 23 21 0.16211865842342377 5 -1 -1 
91 515 40 52 0.161550372838974 3 -1 -1 
364 378 82 51 0.1598600298166275 6 -1 -1 
892 308 25 18 0.1597914695739746 3 -1 -1 
930 336 23 21 0.1583458036184311 2 -1 -1 
1035 323 91 34 0.15484245121479034 4 -1 -1 
1058 331 82 32 0.15396849811077118 4 -1 -1 
1063 316 70 30 0.153721883893013 5 -1 -1 
678 423 42 60 0.15197286009788513 6 -1 -1 
91 512 24 29 0.1517142653465271 2 -1 -1 
260 319 25 25 0.15143990516662598 2 -1 -1 
628 376 18 33 0.14783474802970886 4 -1 -1 
242 352 36 22 0.1459568440914154 3 -1 -1 
770 634 19 35 0.14585994184017181 10 -1 -1 
1003 319 78 35 0.1458289921283722 4 -1 -1 
202 380 27 24 0.14509037137031555 1 -1 -1 
501 118 20 26 0.14326754212379456 5 -1 -1 
769 644 18 37 0.14288383722305298 3 -1 -1 
243 352 35 22 0.141844242811203 4 -1 -1 
200 376 18 26 0.14123612642288208 1 -1 -1 
511 325 15 26 0.1408005654811859 1 -1 -1 
206 367 39 23 0.140508234500885 10 -1 -1 
521 139 31 16 0.1400299221277237 8 -1 -1 
1033 305 83 30 0.1392682045698166 5 -1 -1 
768 627 18 30 0.13877302408218384 2 -1 -1 
579 469 54 38 0.1384342908859253 4 -1 -1 
998 308 78 37 0.1381823569536209 4 -1 -1 
202 385 32 22 0.13780270516872406 3 -1 -1 
892 262 16 30 0.1365046352148056 1 -1 -1 
1042 342 83 36 0.13449262082576752 5 -1 -1 
502 216 14 25 0.13409048318862915 10 -1 -1 
678 423 42 60 0.13297787308692932 7 -1 -1 
249 346 17 24 0.13258744776248932 1 -1 -1 
930 331 32 19 0.13196131587028503 10 -1 -1 
91 515 40 52 0.13057394325733185 4 -1 -1 
502 120 19 24 0.1302056908607483 8 -1 -1 
928 337 29 22 0.12999647855758667 8 -1 -1 
96 529 29 39 0.12999339401721954 10 -1 -1 
473 135 13 33 0.1278621107339859 2 -1 -1 
258 318 25 25 0.12473371624946594 7 -1 -1 
-2 563 93 108 0.12348335981369019 5 -1 -1 
848 422 14 41 0.12315429002046585 4 -1 -1 
92 524 24 43 0.12248941510915756 2 -1 -1 
678 423 42 60 0.12224595248699188 2 -1 -1 
428 195 29 24 0.12188400328159332 5 -1 -1 
232 312 59 37 0.11674955487251282 2 -1 -1 
232 313 59 36 0.11354010552167892 10 -1 -1 
766 629 25 53 0.1087932363152504 10 -1 -1 
84 516 34 48 0.08456669747829437 9 -1 -1 
233 313 59 36 0.08420640975236893 1 -1 -1 
232 313 59 36 0.0824238583445549 4 -1 -1 
232 313 59 36 0.08075138926506042 9 -1 -1 
81 508 48 48 0.07691554725170135 2 -1 -1 
91 515 40 52 0.06420618295669556 6 -1 -1 
81 512 43 40 0.06129578873515129 9 -1 -1 
233 313 59 36 0.05966063588857651 5 -1 -1 
91 515 41 51 0.05954844877123833 1 -1 -1 
928 334 54 29 0.05727551132440567 7 -1 -1 
927 334 50 29 0.05170782282948494 10 -1 -1 
