-1 275 156 86 0.9952743053436279 9 -1 -1 
200 176 36 44 0.9524226188659668 5 -1 -1 
257 260 35 22 0.9512128233909607 3 -1 -1 
1148 172 63 31 0.9502850770950317 5 -1 -1 
329 116 28 33 0.940680205821991 5 -1 -1 
965 303 96 44 0.940250039100647 4 -1 -1 
1174 297 84 39 0.9271912574768066 4 -1 -1 
771 315 68 53 0.9246800541877747 4 -1 -1 
1024 242 81 34 0.9117053151130676 4 -1 -1 
690 326 29 35 0.8990197777748108 3 -1 -1 
56 388 139 56 0.894186794757843 4 -1 -1 
1177 230 78 34 0.8863413333892822 4 -1 -1 
263 681 25 61 0.8456575274467468 1 -1 -1 
751 195 78 30 0.8396205902099609 4 -1 -1 
616 381 53 72 0.8343677520751953 4 -1 -1 
426 169 37 33 0.8342758417129517 4 -1 -1 
1222 168 57 26 0.8244589567184448 4 -1 -1 
954 181 11 29 0.8194724321365356 1 -1 -1 
926 261 72 42 0.8185266256332397 4 -1 -1 
928 539 44 35 0.8153468370437622 10 -1 -1 
1168 262 76 34 0.8001207709312439 4 -1 -1 
411 149 32 31 0.7764323949813843 4 -1 -1 
1303 246 55 35 0.7737759947776794 4 -1 -1 
699 145 56 29 0.7549015283584595 4 -1 -1 
1059 173 63 27 0.7405936121940613 7 -1 -1 
649 141 32 25 0.7387714982032776 4 -1 -1 
498 135 36 24 0.7359085083007812 4 -1 -1 
669 81 25 18 0.7338311672210693 4 -1 -1 
298 698 38 44 0.7297277450561523 10 -1 -1 
0 633 112 91 0.7238951325416565 4 -1 -1 
848 172 70 25 0.7189018130302429 4 -1 -1 
1246 207 23 15 0.7175387144088745 3 -1 -1 
199 117 40 57 0.7168715000152588 6 -1 -1 
1017 663 164 100 0.7137027382850647 4 -1 -1 
247 151 10 25 0.6928708553314209 1 -1 -1 
933 186 9 22 0.6823821067810059 1 -1 -1 
939 525 22 41 0.6754264235496521 2 -1 -1 
199 91 23 23 0.6731034517288208 4 -1 -1 
1325 304 16 26 0.6717070937156677 2 -1 -1 
592 137 37 27 0.6649531126022339 4 -1 -1 
1110 635 146 109 0.6415194272994995 5 -1 -1 
1317 314 27 24 0.6373873949050903 10 -1 -1 
269 251 13 27 0.6323308944702148 2 -1 -1 
352 148 42 48 0.6277796030044556 6 -1 -1 
761 159 37 27 0.6241092681884766 4 -1 -1 
1246 139 18 18 0.6094304919242859 10 -1 -1 
1060 172 62 28 0.6035890579223633 6 -1 -1 
678 334 20 36 0.5971179604530334 2 -1 -1 
312 11 20 10 0.589138925075531 4 -1 -1 
696 79 30 21 0.5797605514526367 4 -1 -1 
675 346 26 32 0.5726805925369263 3 -1 -1 
694 313 16 33 0.5658748149871826 2 -1 -1 
1229 140 24 16 0.5630528330802917 10 -1 -1 
1110 635 146 109 0.5470049977302551 4 -1 -1 
320 17 15 12 0.5435537695884705 4 -1 -1 
234 164 11 26 0.5416436791419983 1 -1 -1 
1070 258 16 32 0.5397103428840637 1 -1 -1 
271 252 17 26 0.5394437313079834 2 -1 -1 
886 189 9 25 0.5343491435050964 1 -1 -1 
589 111 25 22 0.5276361703872681 4 -1 -1 
956 165 11 16 0.5182793140411377 2 -1 -1 
947 127 9 22 0.5168954730033875 1 -1 -1 
278 254 11 23 0.5150517225265503 2 -1 -1 
972 168 8 15 0.5055879354476929 10 -1 -1 
973 165 7 13 0.4966689348220825 2 -1 -1 
1145 145 44 32 0.49173012375831604 8 -1 -1 
1187 128 18 25 0.46895527839660645 10 -1 -1 
1225 197 30 19 0.46649476885795593 3 -1 -1 
356 39 16 18 0.4551675021648407 4 -1 -1 
933 528 32 41 0.45186421275138855 10 -1 -1 
1098 138 19 20 0.4514865279197693 3 -1 -1 
823 168 50 24 0.4486810863018036 4 -1 -1 
1045 155 10 21 0.4479532837867737 1 -1 -1 
967 111 10 21 0.4471737742424011 1 -1 -1 
1045 155 11 21 0.4419994354248047 2 -1 -1 
1144 145 44 32 0.43894022703170776 7 -1 -1 
1016 156 14 26 0.43346521258354187 1 -1 -1 
318 15 16 11 0.4272046685218811 4 -1 -1 
629 53 51 17 0.42570436000823975 4 -1 -1 
1017 157 13 25 0.4244939386844635 2 -1 -1 
1330 587 28 59 0.4216848909854889 4 -1 -1 
1242 121 29 13 0.41665762662887573 4 -1 -1 
1233 156 16 13 0.41620489954948425 10 -1 -1 
820 167 29 24 0.41029542684555054 7 -1 -1 
1128 128 12 30 0.4063466787338257 3 -1 -1 
649 67 45 17 0.4060463309288025 4 -1 -1 
931 530 38 41 0.4044817388057709 2 -1 -1 
1095 138 15 21 0.40156224370002747 3 -1 -1 
1030 167 15 16 0.401075154542923 2 -1 -1 
996 110 9 22 0.4001525938510895 10 -1 -1 
981 150 8 16 0.39967218041419983 1 -1 -1 
1183 137 18 26 0.3961803913116455 10 -1 -1 
890 182 8 22 0.39400750398635864 1 -1 -1 
588 111 25 22 0.39239728450775146 5 -1 -1 
760 159 37 26 0.3918241262435913 8 -1 -1 
1016 181 26 14 0.39072486758232117 3 -1 -1 
1060 173 62 27 0.38689395785331726 8 -1 -1 
1017 179 25 16 0.38639017939567566 10 -1 -1 
1102 136 18 20 0.38496071100234985 3 -1 -1 
1071 258 16 30 0.3831004500389099 2 -1 -1 
682 151 11 21 0.38281750679016113 2 -1 -1 
865 186 9 22 0.3795424699783325 1 -1 -1 
3 240 19 28 0.3766695559024811 1 -1 -1 
754 147 36 24 0.3758120536804199 4 -1 -1 
683 161 14 20 0.3702389597892761 3 -1 -1 
556 121 31 17 0.36518600583076477 4 -1 -1 
972 100 9 17 0.3620796799659729 1 -1 -1 
980 151 9 16 0.35953211784362793 10 -1 -1 
1103 142 15 18 0.3558870553970337 3 -1 -1 
869 150 7 22 0.35504812002182007 1 -1 -1 
257 259 35 23 0.3540376126766205 10 -1 -1 
910 186 13 26 0.3464450240135193 1 -1 -1 
352 147 43 46 0.34494102001190186 4 -1 -1 
2 239 22 29 0.3438006341457367 2 -1 -1 
990 172 9 18 0.3429095149040222 1 -1 -1 
290 697 45 32 0.3426015377044678 10 -1 -1 
1070 265 17 25 0.3423333168029785 3 -1 -1 
351 146 29 25 0.341853529214859 4 -1 -1 
684 156 10 21 0.3404806852340698 2 -1 -1 
973 165 7 17 0.33972033858299255 1 -1 -1 
1044 127 11 22 0.33929139375686646 10 -1 -1 
990 171 10 19 0.33689597249031067 10 -1 -1 
1093 140 13 23 0.3347565829753876 10 -1 -1 
355 39 17 19 0.33410078287124634 5 -1 -1 
1031 167 19 15 0.3329215347766876 10 -1 -1 
885 197 8 17 0.3322627544403076 1 -1 -1 
1096 142 18 20 0.3319377899169922 3 -1 -1 
651 132 11 18 0.3308572769165039 2 -1 -1 
1071 156 18 23 0.32923632860183716 6 -1 -1 
756 150 41 31 0.3274669051170349 4 -1 -1 
697 79 30 22 0.3258083760738373 6 -1 -1 
829 148 8 18 0.32453930377960205 1 -1 -1 
622 131 27 22 0.3231441378593445 4 -1 -1 
791 156 34 21 0.32081931829452515 7 -1 -1 
3 243 22 28 0.32047221064567566 3 -1 -1 
1188 143 12 20 0.3186640739440918 10 -1 -1 
744 144 34 25 0.31784865260124207 4 -1 -1 
1108 135 13 21 0.3150142729282379 3 -1 -1 
1149 129 30 18 0.3129996955394745 10 -1 -1 
1043 164 18 14 0.3100660741329193 3 -1 -1 
761 159 37 27 0.3097050189971924 5 -1 -1 
649 141 31 25 0.3081236481666565 7 -1 -1 
983 167 8 15 0.3070700168609619 10 -1 -1 
255 280 33 16 0.30682307481765747 3 -1 -1 
983 166 8 14 0.3058958053588867 3 -1 -1 
1248 194 18 25 0.30546048283576965 2 -1 -1 
1245 197 22 24 0.30536338686943054 3 -1 -1 
981 150 8 15 0.30499112606048584 2 -1 -1 
972 167 8 16 0.30456480383872986 2 -1 -1 
1094 136 20 19 0.30289483070373535 3 -1 -1 
683 154 11 20 0.30283936858177185 1 -1 -1 
1044 161 15 16 0.3006210923194885 1 -1 -1 
684 176 17 17 0.2998035252094269 3 -1 -1 
677 147 15 23 0.29859259724617004 2 -1 -1 
1211 124 16 16 0.29813429713249207 10 -1 -1 
1170 126 26 21 0.2975912392139435 10 -1 -1 
1128 126 13 32 0.2969541549682617 10 -1 -1 
0 632 112 93 0.2967819571495056 5 -1 -1 
1070 265 17 25 0.2957773506641388 10 -1 -1 
1044 128 11 21 0.29499301314353943 3 -1 -1 
682 157 12 22 0.291725754737854 10 -1 -1 
788 155 28 20 0.2897466719150543 7 -1 -1 
804 159 23 20 0.28784167766571045 7 -1 -1 
-1 275 156 86 0.2776019275188446 4 -1 -1 
678 334 20 36 0.2746277451515198 1 -1 -1 
616 381 53 72 0.26901698112487793 5 -1 -1 
258 286 27 30 0.2633480727672577 1 -1 -1 
1144 146 29 31 0.258533239364624 10 -1 -1 
675 348 26 29 0.2504523992538452 10 -1 -1 
257 260 35 22 0.24883565306663513 7 -1 -1 
926 261 72 42 0.24761033058166504 5 -1 -1 
1171 243 81 40 0.24576303362846375 4 -1 -1 
680 331 33 34 0.24557562172412872 2 -1 -1 
629 52 54 19 0.24488596618175507 5 -1 -1 
1148 172 62 31 0.24147328734397888 4 -1 -1 
1224 196 38 22 0.2412087619304657 8 -1 -1 
199 117 40 58 0.2390119433403015 5 -1 -1 
-1 275 156 86 0.23262716829776764 10 -1 -1 
676 344 41 31 0.2324727475643158 3 -1 -1 
674 354 23 33 0.22902798652648926 3 -1 -1 
1224 196 36 21 0.22734646499156952 7 -1 -1 
848 171 70 26 0.22706377506256104 5 -1 -1 
-1 274 156 87 0.2220861315727234 2 -1 -1 
692 323 26 34 0.22095578908920288 2 -1 -1 
693 313 19 35 0.21933098137378693 1 -1 -1 
677 336 26 35 0.2183600813150406 3 -1 -1 
822 168 45 25 0.21559494733810425 7 -1 -1 
199 117 40 58 0.21541842818260193 9 -1 -1 
646 61 46 19 0.20987600088119507 4 -1 -1 
1143 146 28 31 0.20941489934921265 7 -1 -1 
680 331 33 34 0.20622733235359192 3 -1 -1 
-1 275 156 86 0.20317357778549194 5 -1 -1 
690 327 29 35 0.20267611742019653 7 -1 -1 
1151 130 34 26 0.20076560974121094 10 -1 -1 
675 346 25 31 0.20064876973628998 2 -1 -1 
820 168 29 24 0.19874107837677002 8 -1 -1 
575 109 38 24 0.19816935062408447 4 -1 -1 
592 137 37 27 0.19436533749103546 5 -1 -1 
-1 273 152 89 0.19312135875225067 1 -1 -1 
1176 129 27 31 0.1904805302619934 10 -1 -1 
-1 275 156 86 0.1880349963903427 6 -1 -1 
-1 275 156 86 0.18754205107688904 3 -1 -1 
694 320 24 35 0.18412524461746216 3 -1 -1 
1145 145 44 32 0.18359191715717316 4 -1 -1 
200 176 36 44 0.18341293931007385 4 -1 -1 
544 117 41 21 0.17756928503513336 4 -1 -1 
580 111 34 22 0.1726970076560974 6 -1 -1 
1236 199 33 24 0.17066344618797302 3 -1 -1 
1149 139 38 30 0.16889387369155884 7 -1 -1 
690 327 29 35 0.1659550964832306 8 -1 -1 
1148 172 62 31 0.1650853306055069 6 -1 -1 
1014 170 32 25 0.16505275666713715 10 -1 -1 
1262 167 31 36 0.16197888553142548 4 -1 -1 
256 283 31 30 0.16116495430469513 3 -1 -1 
197 90 26 25 0.15804265439510345 5 -1 -1 
1150 139 38 26 0.15753278136253357 10 -1 -1 
1145 145 43 32 0.15745732188224792 10 -1 -1 
255 278 34 19 0.15659813582897186 1 -1 -1 
1229 137 33 21 0.15528996288776398 10 -1 -1 
262 254 29 26 0.15513549745082855 2 -1 -1 
1260 171 30 38 0.1549733728170395 8 -1 -1 
587 81 41 21 0.1546265333890915 4 -1 -1 
1147 126 35 22 0.15210659801959991 3 -1 -1 
1014 170 32 25 0.15021051466464996 3 -1 -1 
1094 133 28 27 0.14955662190914154 3 -1 -1 
1163 131 37 28 0.14949168264865875 10 -1 -1 
1015 664 170 99 0.14754138886928558 5 -1 -1 
548 121 38 17 0.147282674908638 5 -1 -1 
1317 311 27 26 0.14498239755630493 2 -1 -1 
675 347 26 29 0.14489001035690308 1 -1 -1 
216 164 29 29 0.1425759494304657 8 -1 -1 
498 135 36 24 0.14253652095794678 5 -1 -1 
1145 145 44 32 0.1421407014131546 5 -1 -1 
677 335 22 36 0.14156801998615265 10 -1 -1 
1242 118 34 17 0.14130522310733795 5 -1 -1 
1260 166 34 23 0.14002132415771484 4 -1 -1 
1171 135 30 28 0.1396566480398178 10 -1 -1 
-1 275 156 86 0.13952483236789703 7 -1 -1 
822 168 47 25 0.13933590054512024 6 -1 -1 
1127 124 19 33 0.13659138977527618 3 -1 -1 
1178 229 77 35 0.1356809437274933 5 -1 -1 
1319 305 27 31 0.1356448084115982 10 -1 -1 
1250 178 34 32 0.13538824021816254 8 -1 -1 
1144 138 36 33 0.1340687870979309 10 -1 -1 
750 195 78 30 0.13263149559497833 5 -1 -1 
216 163 29 30 0.13215303421020508 7 -1 -1 
680 331 33 34 0.1316264569759369 1 -1 -1 
965 304 97 42 0.13059446215629578 5 -1 -1 
1039 645 186 107 0.13016575574874878 4 -1 -1 
965 303 96 44 0.12910489737987518 1 -1 -1 
1295 182 65 32 0.12867385149002075 4 -1 -1 
676 354 34 33 0.127335786819458 3 -1 -1 
1145 145 44 32 0.12655916810035706 6 -1 -1 
692 323 26 34 0.12525489926338196 1 -1 -1 
649 67 45 17 0.12489542365074158 5 -1 -1 
1131 127 29 30 0.12223707139492035 3 -1 -1 
1108 130 30 28 0.12181153893470764 3 -1 -1 
820 168 29 24 0.11959252506494522 6 -1 -1 
1224 197 38 24 0.11947696655988693 10 -1 -1 
1236 167 57 28 0.11726624518632889 4 -1 -1 
218 163 27 30 0.11576372385025024 1 -1 -1 
228 161 19 32 0.11468781530857086 1 -1 -1 
1320 302 24 31 0.11454551666975021 2 -1 -1 
257 259 35 23 0.11383805423974991 4 -1 -1 
1147 171 64 33 0.09476230293512344 9 -1 -1 
198 116 42 60 0.06810233741998672 4 -1 -1 
198 116 43 61 0.06372126936912537 8 -1 -1 
848 170 70 30 0.0632643774151802 9 -1 -1 
848 168 71 30 0.058862943202257156 6 -1 -1 
1222 166 71 30 0.057828884571790695 6 -1 -1 
1222 166 71 30 0.052321482449769974 9 -1 -1 
190 114 33 70 0.051155757158994675 6 -1 -1 
