455 267 10 12 0.9983069896697998 9 -1 -1 
554 456 44 60 0.9968428611755371 6 -1 -1 
147 458 56 57 0.9710147380828857 7 -1 -1 
678 436 54 40 0.9379238486289978 4 -1 -1 
633 447 51 45 0.9233420491218567 4 -1 -1 
417 375 28 30 0.9200869798660278 4 -1 -1 
491 351 13 17 0.9095076322555542 7 -1 -1 
372 342 27 21 0.9001027345657349 4 -1 -1 
167 386 71 27 0.8837500810623169 4 -1 -1 
512 394 28 29 0.8714438080787659 4 -1 -1 
362 360 55 26 0.8688170909881592 5 -1 -1 
351 336 25 22 0.8371124267578125 4 -1 -1 
363 325 20 16 0.7947328090667725 4 -1 -1 
419 324 19 17 0.7787824869155884 4 -1 -1 
413 291 12 10 0.7734212875366211 4 -1 -1 
303 372 9 26 0.7704695463180542 1 -1 -1 
511 287 17 9 0.7574096918106079 4 -1 -1 
526 292 11 9 0.7498462796211243 4 -1 -1 
631 282 22 9 0.7418720722198486 4 -1 -1 
346 310 32 13 0.737958550453186 4 -1 -1 
374 315 18 16 0.7368390560150146 4 -1 -1 
477 316 18 17 0.7261900901794434 4 -1 -1 
477 274 8 7 0.7260186672210693 4 -1 -1 
398 301 16 11 0.7224245667457581 4 -1 -1 
529 276 8 7 0.7186211347579956 4 -1 -1 
486 287 11 10 0.7157769203186035 4 -1 -1 
442 306 13 13 0.7154937982559204 4 -1 -1 
597 273 8 7 0.6951766610145569 4 -1 -1 
514 294 13 10 0.6854490637779236 4 -1 -1 
491 351 13 17 0.685300886631012 6 -1 -1 
542 299 11 9 0.6790763139724731 4 -1 -1 
501 274 8 7 0.6740026473999023 4 -1 -1 
513 358 7 16 0.6663599610328674 10 -1 -1 
321 363 8 21 0.6663118004798889 1 -1 -1 
618 277 19 8 0.6576871871948242 4 -1 -1 
513 357 7 11 0.6525737643241882 2 -1 -1 
634 295 14 10 0.6333572864532471 4 -1 -1 
518 269 10 8 0.6307809352874756 4 -1 -1 
367 294 25 12 0.62931227684021 4 -1 -1 
494 349 5 9 0.6216259002685547 2 -1 -1 
514 264 6 6 0.6200144290924072 4 -1 -1 
419 288 11 9 0.6190426349639893 4 -1 -1 
502 265 6 6 0.6183252930641174 4 -1 -1 
639 271 8 6 0.6078100800514221 4 -1 -1 
405 298 11 9 0.6044499278068542 4 -1 -1 
423 284 9 8 0.6041795015335083 4 -1 -1 
147 458 56 57 0.600785493850708 6 -1 -1 
738 389 55 39 0.5930014252662659 4 -1 -1 
324 323 33 13 0.5898597836494446 4 -1 -1 
423 275 11 8 0.570339024066925 5 -1 -1 
615 339 6 15 0.569108784198761 1 -1 -1 
358 303 27 11 0.5653113126754761 4 -1 -1 
415 279 13 7 0.5616363883018494 4 -1 -1 
498 270 7 6 0.5501660704612732 4 -1 -1 
502 285 10 8 0.5417690873146057 4 -1 -1 
611 274 12 7 0.5173038244247437 4 -1 -1 
492 349 8 12 0.5029619336128235 2 -1 -1 
60 325 16 11 0.49563291668891907 10 -1 -1 
487 273 7 7 0.4770388603210449 5 -1 -1 
585 281 13 5 0.476922869682312 4 -1 -1 
520 263 6 6 0.4720332622528076 4 -1 -1 
372 291 23 10 0.4574366509914398 4 -1 -1 
653 296 22 10 0.4550931453704834 4 -1 -1 
629 271 9 6 0.453090101480484 4 -1 -1 
502 285 10 8 0.4490196406841278 5 -1 -1 
391 312 12 11 0.4482972323894501 7 -1 -1 
147 458 56 57 0.4454682767391205 3 -1 -1 
631 420 16 28 0.44344085454940796 10 -1 -1 
773 358 54 22 0.4383973181247711 4 -1 -1 
677 279 16 8 0.435403436422348 4 -1 -1 
723 417 9 24 0.4348929226398468 1 -1 -1 
459 257 7 8 0.4273267984390259 6 -1 -1 
543 292 8 8 0.42142435908317566 4 -1 -1 
658 275 17 9 0.41168737411499023 4 -1 -1 
147 458 56 57 0.3955836296081543 8 -1 -1 
506 244 5 5 0.39532384276390076 4 -1 -1 
495 249 4 5 0.3920289874076843 4 -1 -1 
709 283 12 9 0.3916034996509552 4 -1 -1 
487 273 6 7 0.39083176851272583 4 -1 -1 
649 270 9 7 0.386040061712265 4 -1 -1 
362 360 55 27 0.3829447329044342 4 -1 -1 
455 267 10 12 0.3812710642814636 4 -1 -1 
676 278 14 7 0.36625614762306213 4 -1 -1 
354 307 26 11 0.36497336626052856 4 -1 -1 
654 274 19 8 0.36279115080833435 4 -1 -1 
388 311 15 12 0.3616703450679779 4 -1 -1 
612 274 16 7 0.35938647389411926 4 -1 -1 
514 294 13 10 0.35548028349876404 5 -1 -1 
517 264 7 6 0.35348597168922424 4 -1 -1 
427 273 9 9 0.3527841866016388 5 -1 -1 
592 310 8 7 0.3518829941749573 4 -1 -1 
444 272 7 6 0.34817031025886536 4 -1 -1 
423 275 11 8 0.34775087237358093 4 -1 -1 
574 276 23 10 0.347326397895813 4 -1 -1 
500 268 6 6 0.34674015641212463 4 -1 -1 
554 456 44 60 0.34667733311653137 7 -1 -1 
147 458 56 57 0.3454757332801819 4 -1 -1 
554 456 44 60 0.34443244338035583 4 -1 -1 
147 458 56 57 0.3435671031475067 9 -1 -1 
391 312 12 11 0.3411882817745209 8 -1 -1 
401 298 15 12 0.3409924805164337 4 -1 -1 
254 324 5 15 0.3378751277923584 1 -1 -1 
653 296 22 10 0.3369617760181427 5 -1 -1 
358 300 29 12 0.3347736895084381 4 -1 -1 
528 273 8 8 0.3285202085971832 4 -1 -1 
455 267 10 12 0.3252800703048706 10 -1 -1 
714 413 10 25 0.32137778401374817 1 -1 -1 
455 267 10 12 0.31974732875823975 1 -1 -1 
500 272 8 8 0.31581586599349976 4 -1 -1 
556 286 5 9 0.31428414583206177 1 -1 -1 
471 280 3 6 0.3130034804344177 2 -1 -1 
694 413 29 20 0.3119698464870453 10 -1 -1 
471 280 3 6 0.307773619890213 1 -1 -1 
556 285 4 9 0.307367742061615 2 -1 -1 
575 276 15 6 0.30640673637390137 4 -1 -1 
711 412 10 23 0.30596181750297546 1 -1 -1 
573 277 14 7 0.30458584427833557 4 -1 -1 
491 351 13 17 0.30133581161499023 8 -1 -1 
422 281 10 9 0.30077919363975525 4 -1 -1 
554 456 44 60 0.3000803589820862 10 -1 -1 
694 284 17 8 0.2979046106338501 4 -1 -1 
391 311 12 12 0.29737618565559387 10 -1 -1 
556 286 5 9 0.2967410981655121 10 -1 -1 
467 275 4 6 0.2927463948726654 10 -1 -1 
499 271 6 7 0.29083526134490967 4 -1 -1 
575 276 23 10 0.29065966606140137 6 -1 -1 
543 292 8 8 0.2902739644050598 7 -1 -1 
717 414 8 23 0.29018276929855347 1 -1 -1 
448 263 10 7 0.28831467032432556 7 -1 -1 
459 258 7 7 0.2877715229988098 4 -1 -1 
455 267 10 12 0.2866801917552948 2 -1 -1 
683 409 35 19 0.2844770848751068 10 -1 -1 
415 251 7 5 0.28269162774086 4 -1 -1 
455 267 10 12 0.28136852383613586 5 -1 -1 
419 280 12 8 0.28102850914001465 4 -1 -1 
455 267 10 12 0.2778838574886322 7 -1 -1 
572 278 13 8 0.2728435695171356 4 -1 -1 
651 273 19 7 0.272287517786026 4 -1 -1 
420 276 12 8 0.2711096704006195 4 -1 -1 
323 371 5 13 0.27100786566734314 1 -1 -1 
632 421 13 21 0.2708152234554291 2 -1 -1 
251 323 6 15 0.26990270614624023 1 -1 -1 
718 432 10 17 0.2682477831840515 2 -1 -1 
572 277 23 9 0.2673865556716919 5 -1 -1 
455 267 10 12 0.2669372260570526 3 -1 -1 
440 267 9 6 0.26510098576545715 4 -1 -1 
719 416 8 22 0.26474374532699585 1 -1 -1 
249 323 7 19 0.2633126378059387 1 -1 -1 
400 281 21 9 0.2613075077533722 4 -1 -1 
764 350 59 29 0.26120421290397644 4 -1 -1 
398 282 21 9 0.25646939873695374 7 -1 -1 
466 252 5 5 0.25639015436172485 4 -1 -1 
554 456 44 60 0.24222074449062347 5 -1 -1 
362 360 55 27 0.21248924732208252 6 -1 -1 
554 456 44 60 0.20619694888591766 8 -1 -1 
365 293 28 13 0.19708195328712463 5 -1 -1 
783 357 62 28 0.1962263137102127 4 -1 -1 
631 420 16 28 0.1891242414712906 3 -1 -1 
710 384 86 45 0.18370850384235382 4 -1 -1 
683 408 38 21 0.17992328107357025 4 -1 -1 
147 458 56 57 0.1795063018798828 2 -1 -1 
554 456 44 60 0.17805571854114532 9 -1 -1 
755 343 63 31 0.1776176393032074 4 -1 -1 
554 456 44 60 0.17757271230220795 3 -1 -1 
554 456 44 60 0.17079727351665497 2 -1 -1 
777 345 64 33 0.16925643384456635 4 -1 -1 
794 360 58 33 0.16548383235931396 4 -1 -1 
652 295 27 12 0.16430611908435822 6 -1 -1 
356 302 28 12 0.1618151217699051 5 -1 -1 
513 394 27 29 0.15922462940216064 5 -1 -1 
357 296 28 13 0.1589181125164032 4 -1 -1 
789 504 16 31 0.1587110012769699 1 -1 -1 
682 414 29 20 0.15078698098659515 10 -1 -1 
718 432 29 21 0.14960560202598572 7 -1 -1 
325 317 31 16 0.1476326286792755 4 -1 -1 
765 340 64 30 0.14697781205177307 4 -1 -1 
324 323 33 13 0.1469656080007553 5 -1 -1 
739 349 72 30 0.14519016444683075 4 -1 -1 
748 389 63 38 0.1424565613269806 4 -1 -1 
351 336 25 21 0.14190596342086792 5 -1 -1 
165 385 74 28 0.14053931832313538 5 -1 -1 
738 390 55 38 0.13924303650856018 5 -1 -1 
721 416 13 28 0.13771136105060577 1 -1 -1 
367 290 27 12 0.13608497381210327 5 -1 -1 
690 419 34 21 0.13384443521499634 10 -1 -1 
147 458 56 57 0.13252966105937958 10 -1 -1 
785 341 69 35 0.1286887675523758 6 -1 -1 
791 357 61 32 0.12774820625782013 5 -1 -1 
731 377 61 44 0.12332171946763992 4 -1 -1 
350 303 30 13 0.12166666239500046 4 -1 -1 
166 386 72 27 0.12135377526283264 6 -1 -1 
794 370 60 32 0.12123392522335052 4 -1 -1 
147 458 56 57 0.12048622965812683 5 -1 -1 
789 506 14 30 0.12011542916297913 2 -1 -1 
714 431 19 23 0.11884310096502304 10 -1 -1 
362 360 55 27 0.11875803768634796 8 -1 -1 
319 358 14 26 0.11871664971113205 1 -1 -1 
630 427 20 25 0.11801338940858841 10 -1 -1 
715 434 23 22 0.11721386015415192 7 -1 -1 
678 436 54 41 0.11617232114076614 5 -1 -1 
368 286 27 14 0.11322612315416336 9 -1 -1 
787 347 66 36 0.1126144602894783 5 -1 -1 
683 413 37 24 0.11223911494016647 3 -1 -1 
682 411 30 19 0.11205313354730606 3 -1 -1 
683 408 38 21 0.11167533695697784 5 -1 -1 
792 353 71 38 0.11098108440637589 9 -1 -1 
719 432 29 21 0.11090090870857239 4 -1 -1 
775 355 59 25 0.11070804297924042 5 -1 -1 
717 373 71 37 0.10882501304149628 4 -1 -1 
554 456 44 60 0.10848826915025711 1 -1 -1 
350 298 30 14 0.10701683908700943 4 -1 -1 
374 312 24 17 0.106609046459198 4 -1 -1 
364 322 24 16 0.10621880739927292 4 -1 -1 
706 409 21 26 0.10525435954332352 1 -1 -1 
715 435 22 21 0.10366294533014297 3 -1 -1 
476 315 20 19 0.10309653729200363 5 -1 -1 
656 293 32 16 0.100899338722229 6 -1 -1 
664 288 25 17 0.10032901912927628 4 -1 -1 
716 433 26 21 0.10017873346805573 10 -1 -1 
369 286 27 13 0.09990204125642776 5 -1 -1 
653 294 31 15 0.09970360994338989 5 -1 -1 
791 357 61 32 0.09937344491481781 6 -1 -1 
795 363 67 37 0.09899570047855377 5 -1 -1 
571 275 27 12 0.09872760623693466 9 -1 -1 
794 216 44 51 0.098513163626194 4 -1 -1 
417 375 28 30 0.09838105738162994 5 -1 -1 
633 447 51 45 0.09792843461036682 5 -1 -1 
371 285 28 13 0.09726808965206146 6 -1 -1 
596 293 31 17 0.09714339673519135 6 -1 -1 
396 280 29 12 0.09649934619665146 6 -1 -1 
165 386 73 27 0.09639374166727066 1 -1 -1 
767 347 62 31 0.09622860699892044 5 -1 -1 
795 369 70 34 0.09606941789388657 9 -1 -1 
765 340 64 30 0.09564641118049622 5 -1 -1 
721 425 29 22 0.09552188217639923 7 -1 -1 
656 293 32 16 0.0955137386918068 4 -1 -1 
631 420 16 28 0.09507136791944504 7 -1 -1 
678 436 54 40 0.09446308016777039 1 -1 -1 
795 379 63 29 0.093777135014534 4 -1 -1 
630 427 20 25 0.09368767589330673 3 -1 -1 
718 421 18 26 0.09359504282474518 1 -1 -1 
687 411 39 24 0.09264608472585678 4 -1 -1 
701 411 25 25 0.0921124592423439 10 -1 -1 
513 394 27 29 0.09114617109298706 6 -1 -1 
785 341 69 35 0.09057443588972092 9 -1 -1 
690 418 34 22 0.09010125696659088 3 -1 -1 
633 447 51 45 0.09007708728313446 1 -1 -1 
346 310 32 13 0.08993987739086151 5 -1 -1 
790 345 74 39 0.08906289935112 4 -1 -1 
352 307 29 13 0.08891423046588898 5 -1 -1 
713 433 19 24 0.08869358152151108 1 -1 -1 
357 296 28 13 0.08852677792310715 5 -1 -1 
147 458 56 57 0.08739716559648514 1 -1 -1 
748 345 66 31 0.08706758171319962 5 -1 -1 
781 351 65 31 0.08688846230506897 6 -1 -1 
722 411 15 28 0.08660382777452469 1 -1 -1 
713 409 18 27 0.08609315752983093 1 -1 -1 
372 342 27 22 0.0858340859413147 6 -1 -1 
710 384 86 45 0.08580479770898819 5 -1 -1 
365 293 28 13 0.08563028275966644 6 -1 -1 
772 339 65 32 0.08468453586101532 6 -1 -1 
712 416 18 28 0.08467802405357361 1 -1 -1 
366 320 26 14 0.08425455540418625 4 -1 -1 
722 419 28 25 0.0837768167257309 9 -1 -1 
631 419 17 28 0.08321291208267212 1 -1 -1 
325 323 32 13 0.0831601619720459 6 -1 -1 
678 436 54 40 0.08138132840394974 9 -1 -1 
714 431 19 23 0.08120254427194595 3 -1 -1 
633 447 50 45 0.08093181252479553 9 -1 -1 
683 409 38 19 0.08078347146511078 3 -1 -1 
784 340 64 32 0.07994861900806427 5 -1 -1 
372 342 27 21 0.07978460192680359 5 -1 -1 
737 366 62 41 0.0790647566318512 4 -1 -1 
338 311 30 13 0.07874900847673416 4 -1 -1 
418 324 20 18 0.07809138298034668 5 -1 -1 
710 384 86 45 0.07792939245700836 6 -1 -1 
680 402 37 23 0.07780442386865616 4 -1 -1 
377 309 26 15 0.07775924354791641 6 -1 -1 
712 428 18 24 0.07766465842723846 1 -1 -1 
351 336 25 21 0.07765807956457138 1 -1 -1 
717 430 25 22 0.07762697339057922 3 -1 -1 
377 309 26 15 0.07717256993055344 4 -1 -1 
795 369 70 34 0.07676371932029724 6 -1 -1 
351 291 32 14 0.07637933641672134 4 -1 -1 
795 376 70 32 0.0759849026799202 5 -1 -1 
362 360 54 27 0.0739966630935669 9 -1 -1 
678 436 54 40 0.0714855045080185 7 -1 -1 
678 436 54 40 0.07059407979249954 6 -1 -1 
678 436 54 40 0.0656236931681633 10 -1 -1 
679 406 55 27 0.057487133890390396 4 -1 -1 
771 326 139 63 0.057055871933698654 9 -1 -1 
