232 16 50 49 0.9978939890861511 9 -1 -1 
51 101 53 73 0.9972579479217529 6 -1 -1 
1096 111 64 34 0.9370982050895691 5 -1 -1 
1084 181 78 38 0.933138906955719 4 -1 -1 
675 342 66 79 0.9260453581809998 4 -1 -1 
715 628 114 137 0.9125749468803406 4 -1 -1 
838 227 78 52 0.9019376039505005 4 -1 -1 
319 125 43 37 0.8459190726280212 4 -1 -1 
1089 82 46 35 0.8378430008888245 8 -1 -1 
256 60 37 30 0.8306623101234436 4 -1 -1 
276 80 35 31 0.8225950002670288 4 -1 -1 
586 18 30 19 0.8201824426651001 4 -1 -1 
681 490 54 36 0.8126688003540039 10 -1 -1 
260 133 39 37 0.8124957084655762 4 -1 -1 
302 100 39 33 0.8043504357337952 4 -1 -1 
620 90 59 31 0.778740644454956 4 -1 -1 
621 127 9 28 0.7695833444595337 1 -1 -1 
781 118 70 27 0.7687039375305176 4 -1 -1 
1025 494 39 52 0.767586886882782 10 -1 -1 
629 128 9 28 0.7652525305747986 1 -1 -1 
615 14 33 25 0.7548630237579346 4 -1 -1 
219 70 33 32 0.7515490055084229 4 -1 -1 
235 89 34 30 0.7415949106216431 4 -1 -1 
798 315 21 34 0.7332292199134827 3 -1 -1 
237 107 40 36 0.7322767376899719 4 -1 -1 
1170 104 72 29 0.7300358414649963 4 -1 -1 
1075 151 26 19 0.7284852266311646 3 -1 -1 
855 92 22 17 0.7230429649353027 10 -1 -1 
772 131 9 27 0.7177801132202148 1 -1 -1 
496 52 32 25 0.7170522809028625 4 -1 -1 
855 128 9 26 0.6882555484771729 1 -1 -1 
554 37 9 23 0.6875532865524292 1 -1 -1 
695 478 25 40 0.6865239143371582 2 -1 -1 
786 166 27 20 0.6849682927131653 10 -1 -1 
1049 82 9 24 0.681756854057312 1 -1 -1 
846 138 9 27 0.6787461638450623 1 -1 -1 
907 57 7 19 0.6757907271385193 1 -1 -1 
1196 259 36 25 0.6692444086074829 10 -1 -1 
854 52 9 24 0.6647308468818665 1 -1 -1 
836 137 11 29 0.6638723015785217 1 -1 -1 
686 127 9 26 0.6637375950813293 1 -1 -1 
894 70 10 20 0.6371151208877563 1 -1 -1 
1085 141 12 24 0.6286705732345581 2 -1 -1 
745 140 13 29 0.6190487146377563 1 -1 -1 
1207 250 18 29 0.6144347786903381 2 -1 -1 
565 84 36 30 0.6097665429115295 4 -1 -1 
1151 154 15 24 0.6048868298530579 2 -1 -1 
206 44 30 32 0.6034475564956665 4 -1 -1 
802 303 17 35 0.5993998646736145 2 -1 -1 
871 667 30 59 0.5993582010269165 2 -1 -1 
971 108 24 17 0.5962938070297241 10 -1 -1 
936 61 8 22 0.5887452363967896 1 -1 -1 
62 35 29 29 0.5883874893188477 4 -1 -1 
1189 74 19 17 0.5870218276977539 10 -1 -1 
778 137 10 25 0.585094690322876 1 -1 -1 
146 707 39 47 0.5824963450431824 2 -1 -1 
1154 79 12 24 0.5820282697677612 1 -1 -1 
865 656 49 106 0.5819535851478577 3 -1 -1 
194 22 28 27 0.5791497826576233 5 -1 -1 
145 713 57 52 0.5751684308052063 10 -1 -1 
1143 163 24 19 0.5719394087791443 10 -1 -1 
1179 90 16 17 0.5698509216308594 10 -1 -1 
567 4 45 17 0.5661962628364563 4 -1 -1 
960 123 26 19 0.5646815896034241 10 -1 -1 
1161 60 11 18 0.5568782091140747 3 -1 -1 
795 157 12 23 0.5560714602470398 2 -1 -1 
131 166 16 27 0.5478070974349976 10 -1 -1 
893 97 8 18 0.5460109114646912 1 -1 -1 
993 123 10 25 0.5453617572784424 2 -1 -1 
1030 493 32 51 0.5352339744567871 2 -1 -1 
881 88 9 22 0.5321053266525269 1 -1 -1 
907 75 19 15 0.5282636880874634 10 -1 -1 
1174 74 24 17 0.5178695917129517 10 -1 -1 
659 123 23 21 0.5108951330184937 10 -1 -1 
216 10 26 25 0.5050551891326904 4 -1 -1 
804 160 10 22 0.5002686381340027 2 -1 -1 
899 95 8 19 0.49769291281700134 1 -1 -1 
537 77 27 23 0.4976063370704651 5 -1 -1 
565 84 36 30 0.49711495637893677 6 -1 -1 
871 109 21 17 0.49411413073539734 10 -1 -1 
744 116 12 28 0.49101585149765015 1 -1 -1 
1006 116 64 27 0.4886587858200073 7 -1 -1 
1075 151 26 19 0.4827691316604614 10 -1 -1 
87 56 11 25 0.4819858968257904 1 -1 -1 
131 156 14 27 0.475850373506546 2 -1 -1 
689 484 40 39 0.47280487418174744 2 -1 -1 
673 129 10 22 0.4683985114097595 1 -1 -1 
623 128 10 28 0.46276527643203735 1 -1 -1 
1072 76 11 19 0.4610922932624817 10 -1 -1 
865 656 50 105 0.45498359203338623 7 -1 -1 
206 44 30 32 0.4510219991207123 5 -1 -1 
867 93 10 17 0.4401635229587555 10 -1 -1 
1302 136 20 25 0.4380524456501007 10 -1 -1 
1001 124 10 23 0.4368654489517212 2 -1 -1 
209 1 26 19 0.4339917004108429 4 -1 -1 
1056 74 8 20 0.4328429400920868 1 -1 -1 
1305 134 17 22 0.4299255609512329 2 -1 -1 
885 91 11 21 0.42629945278167725 1 -1 -1 
232 16 50 49 0.4244052469730377 4 -1 -1 
865 656 49 106 0.4226883053779602 8 -1 -1 
487 24 55 24 0.4200340807437897 5 -1 -1 
805 160 9 22 0.41989046335220337 1 -1 -1 
798 159 11 22 0.41453737020492554 2 -1 -1 
1003 125 8 21 0.4144744873046875 1 -1 -1 
697 115 10 28 0.4110068678855896 1 -1 -1 
992 123 11 25 0.4055596590042114 1 -1 -1 
996 123 10 24 0.40016448497772217 2 -1 -1 
1154 59 17 19 0.397238552570343 3 -1 -1 
886 66 8 16 0.3969033658504486 1 -1 -1 
1302 158 18 25 0.39675864577293396 10 -1 -1 
196 22 27 28 0.39419907331466675 4 -1 -1 
814 71 12 19 0.3922712206840515 10 -1 -1 
212 3 26 22 0.3915599584579468 4 -1 -1 
488 24 54 24 0.3910069465637207 4 -1 -1 
919 90 10 19 0.3901556134223938 1 -1 -1 
536 76 29 25 0.38466086983680725 4 -1 -1 
689 482 36 41 0.38260936737060547 10 -1 -1 
871 113 19 19 0.37640997767448425 10 -1 -1 
935 92 11 21 0.37532830238342285 10 -1 -1 
903 56 9 18 0.3743894398212433 1 -1 -1 
1181 129 10 20 0.37292540073394775 2 -1 -1 
51 101 53 73 0.3718335032463074 4 -1 -1 
895 96 11 22 0.3717153072357178 1 -1 -1 
1081 145 19 23 0.3696940243244171 2 -1 -1 
148 715 41 43 0.3684394359588623 10 -1 -1 
874 57 6 20 0.3637780547142029 1 -1 -1 
931 110 10 23 0.36327046155929565 3 -1 -1 
1187 54 26 12 0.35713711380958557 4 -1 -1 
1029 230 7 17 0.3569311797618866 1 -1 -1 
1300 165 20 20 0.35324564576148987 10 -1 -1 
728 105 10 30 0.3526964783668518 1 -1 -1 
1180 128 12 24 0.3523556888103485 1 -1 -1 
870 117 17 18 0.35061997175216675 10 -1 -1 
1134 75 12 24 0.34627795219421387 10 -1 -1 
755 115 9 24 0.3458448350429535 1 -1 -1 
236 89 32 30 0.3433958888053894 5 -1 -1 
1032 494 31 51 0.3416091799736023 1 -1 -1 
899 116 9 19 0.3397301733493805 2 -1 -1 
688 103 38 31 0.3397291898727417 8 -1 -1 
931 110 14 23 0.3395692706108093 10 -1 -1 
150 717 44 44 0.3379095792770386 2 -1 -1 
877 66 7 21 0.33713093400001526 1 -1 -1 
1196 259 36 25 0.3364805579185486 3 -1 -1 
1051 82 11 24 0.3346075713634491 1 -1 -1 
659 124 14 20 0.3341214954853058 10 -1 -1 
797 157 10 18 0.33228451013565063 1 -1 -1 
1085 142 12 23 0.3320806920528412 1 -1 -1 
932 114 8 19 0.3315458595752716 10 -1 -1 
717 108 10 26 0.3313126862049103 1 -1 -1 
49 101 57 73 0.31977689266204834 10 -1 -1 
49 101 57 73 0.3104281425476074 7 -1 -1 
51 101 53 73 0.30435729026794434 5 -1 -1 
800 303 20 36 0.29320767521858215 1 -1 -1 
62 35 29 28 0.2928626835346222 5 -1 -1 
1006 116 65 27 0.2895554304122925 6 -1 -1 
535 76 30 25 0.28130269050598145 6 -1 -1 
1095 111 65 34 0.2775384783744812 4 -1 -1 
1006 116 65 27 0.2698373794555664 8 -1 -1 
1089 82 46 35 0.2629360556602478 7 -1 -1 
898 112 34 23 0.25955310463905334 10 -1 -1 
49 101 57 73 0.25894495844841003 9 -1 -1 
865 655 50 107 0.25861021876335144 1 -1 -1 
0 91 43 78 0.2576618790626526 6 -1 -1 
748 112 33 27 0.255174458026886 8 -1 -1 
865 655 50 107 0.2527405023574829 2 -1 -1 
51 101 53 73 0.23732560873031616 8 -1 -1 
838 227 78 52 0.23173442482948303 5 -1 -1 
1199 254 33 29 0.22805064916610718 2 -1 -1 
1089 82 46 35 0.22666282951831818 5 -1 -1 
1096 111 64 34 0.22611534595489502 6 -1 -1 
1203 250 26 31 0.225502148270607 10 -1 -1 
1089 83 46 34 0.22398759424686432 6 -1 -1 
51 101 53 73 0.22101783752441406 2 -1 -1 
1225 48 132 50 0.21020029485225677 6 -1 -1 
798 315 21 34 0.2067640721797943 10 -1 -1 
51 101 53 73 0.19594800472259521 1 -1 -1 
931 97 25 35 0.1957389861345291 10 -1 -1 
799 303 20 36 0.19557198882102966 3 -1 -1 
748 112 33 27 0.18715915083885193 7 -1 -1 
1012 87 21 34 0.18194709718227386 6 -1 -1 
799 314 21 33 0.18030506372451782 2 -1 -1 
1008 87 25 33 0.1781395822763443 8 -1 -1 
970 104 35 21 0.17635349929332733 10 -1 -1 
931 97 25 35 0.16978931427001953 3 -1 -1 
866 690 80 74 0.1670716106891632 8 -1 -1 
1129 63 18 38 0.1662072241306305 10 -1 -1 
991 106 81 38 0.16341780126094818 6 -1 -1 
232 14 51 57 0.15964600443840027 6 -1 -1 
836 133 17 35 0.15827207267284393 1 -1 -1 
13 94 46 76 0.15792213380336761 6 -1 -1 
863 699 64 65 0.15744444727897644 9 -1 -1 
1203 250 26 31 0.15478584170341492 3 -1 -1 
49 101 57 73 0.15252436697483063 3 -1 -1 
1298 157 23 30 0.15153004229068756 2 -1 -1 
1180 48 38 19 0.14795441925525665 4 -1 -1 
715 628 114 137 0.14431335031986237 10 -1 -1 
232 14 51 57 0.143018901348114 5 -1 -1 
483 17 62 44 0.1425400823354721 4 -1 -1 
1145 158 28 27 0.13529972732067108 10 -1 -1 
747 111 34 26 0.1348424106836319 4 -1 -1 
866 690 80 74 0.13322967290878296 7 -1 -1 
675 342 65 79 0.13318604230880737 5 -1 -1 
1296 159 25 31 0.13253669440746307 10 -1 -1 
1089 82 46 35 0.13226395845413208 4 -1 -1 
781 118 70 27 0.13193486630916595 5 -1 -1 
1205 249 23 31 0.13160823285579681 1 -1 -1 
742 118 18 45 0.13103970885276794 1 -1 -1 
1006 82 27 33 0.13051801919937134 6 -1 -1 
799 314 21 33 0.1301552802324295 1 -1 -1 
715 628 115 137 0.12544924020767212 1 -1 -1 
1301 129 22 33 0.12491437792778015 1 -1 -1 
849 87 29 24 0.12444598227739334 10 -1 -1 
129 154 18 35 0.12411536276340485 1 -1 -1 
1301 132 22 32 0.12395083904266357 2 -1 -1 
1008 87 25 33 0.12238967418670654 7 -1 -1 
714 627 114 138 0.12113869935274124 9 -1 -1 
477 10 66 39 0.1188633143901825 4 -1 -1 
1095 111 64 34 0.11863555014133453 8 -1 -1 
194 22 28 27 0.11801247298717499 6 -1 -1 
232 14 51 57 0.11744853109121323 1 -1 -1 
798 315 21 34 0.1171126440167427 7 -1 -1 
715 628 115 136 0.11580397188663483 5 -1 -1 
970 105 33 21 0.11569847911596298 3 -1 -1 
968 107 31 24 0.11563105136156082 10 -1 -1 
1084 181 78 38 0.11482040584087372 5 -1 -1 
1196 259 36 25 0.11457955837249756 4 -1 -1 
3 98 46 81 0.1144678145647049 5 -1 -1 
129 154 18 35 0.11302101612091064 10 -1 -1 
585 34 67 47 0.11225514858961105 6 -1 -1 
1006 116 65 27 0.11224454641342163 4 -1 -1 
840 132 17 35 0.11166927218437195 1 -1 -1 
999 88 33 31 0.1103198230266571 6 -1 -1 
748 113 33 27 0.10910405963659286 6 -1 -1 
971 103 41 21 0.10789699107408524 7 -1 -1 
863 681 39 82 0.10752303153276443 3 -1 -1 
747 111 34 26 0.10711151361465454 5 -1 -1 
960 121 31 22 0.10698823630809784 3 -1 -1 
1196 258 36 26 0.10621283203363419 7 -1 -1 
962 114 32 24 0.10572373867034912 10 -1 -1 
986 101 41 21 0.10511411726474762 10 -1 -1 
1170 104 73 30 0.1041010245680809 5 -1 -1 
1209 250 23 31 0.1033405289053917 2 -1 -1 
1150 67 22 38 0.10202047973871231 1 -1 -1 
860 655 49 106 0.10143765807151794 9 -1 -1 
1084 181 78 38 0.10127747803926468 1 -1 -1 
232 14 51 57 0.10120003670454025 10 -1 -1 
143 708 54 56 0.09979448467493057 1 -1 -1 
996 90 34 31 0.09920822829008102 7 -1 -1 
1195 258 37 26 0.09916214644908905 1 -1 -1 
1300 134 24 30 0.0991254523396492 3 -1 -1 
995 115 77 31 0.07927469164133072 9 -1 -1 
1093 110 67 36 0.07616671174764633 9 -1 -1 
995 115 77 31 0.07609231770038605 5 -1 -1 
989 105 82 39 0.06269517540931702 8 -1 -1 
989 105 82 39 0.05978642776608467 7 -1 -1 
781 117 74 30 0.05477180704474449 9 -1 -1 
