597 327 139 211 0.9987718462944031 9 -1 -1 
231 165 58 34 0.9380173087120056 4 -1 -1 
305 243 40 54 0.9276482462882996 4 -1 -1 
39 212 55 24 0.9264569282531738 7 -1 -1 
501 69 12 15 0.922907292842865 7 -1 -1 
106 190 72 28 0.9196259379386902 4 -1 -1 
149 418 69 102 0.9177420139312744 4 -1 -1 
490 134 26 29 0.8977476358413696 4 -1 -1 
686 167 61 27 0.8738058805465698 4 -1 -1 
58 145 41 35 0.8568545579910278 5 -1 -1 
467 240 34 47 0.7941468358039856 4 -1 -1 
168 225 39 21 0.7562676072120667 7 -1 -1 
294 120 32 36 0.7016944289207458 4 -1 -1 
461 18 15 16 0.695831298828125 4 -1 -1 
319 101 8 18 0.687850296497345 1 -1 -1 
663 299 89 44 0.6837461590766907 4 -1 -1 
827 201 60 32 0.674629271030426 4 -1 -1 
101 215 29 18 0.6002573370933533 10 -1 -1 
534 88 21 35 0.5996837615966797 6 -1 -1 
63 210 12 19 0.5871357321739197 2 -1 -1 
45 148 12 21 0.5718370079994202 1 -1 -1 
183 220 12 19 0.5707967877388 2 -1 -1 
170 221 13 20 0.5700077414512634 2 -1 -1 
728 121 7 17 0.5669013857841492 3 -1 -1 
521 73 19 21 0.5638464689254761 4 -1 -1 
502 66 9 12 0.5329776406288147 2 -1 -1 
479 0 13 11 0.5257726311683655 4 -1 -1 
767 133 16 12 0.5206413865089417 10 -1 -1 
685 279 11 15 0.4869145154953003 3 -1 -1 
829 148 9 19 0.47862476110458374 1 -1 -1 
738 115 14 25 0.47148439288139343 10 -1 -1 
169 220 10 17 0.44184473156929016 2 -1 -1 
597 327 139 211 0.43089017271995544 4 -1 -1 
827 127 16 17 0.43006911873817444 7 -1 -1 
59 210 20 23 0.4122534692287445 2 -1 -1 
803 120 7 14 0.40315696597099304 1 -1 -1 
46 211 37 24 0.39654305577278137 2 -1 -1 
753 257 31 16 0.38801270723342896 7 -1 -1 
108 210 11 18 0.385619580745697 2 -1 -1 
598 326 139 212 0.37935543060302734 10 -1 -1 
783 124 22 13 0.3681856691837311 7 -1 -1 
169 219 8 15 0.35741204023361206 1 -1 -1 
199 132 9 15 0.3466651737689972 1 -1 -1 
597 327 139 211 0.3421853482723236 1 -1 -1 
521 73 19 21 0.3396958112716675 6 -1 -1 
597 327 139 211 0.3336911201477051 2 -1 -1 
314 101 12 18 0.32993724942207336 1 -1 -1 
597 327 139 211 0.3297995328903198 7 -1 -1 
597 327 139 211 0.325822651386261 3 -1 -1 
597 326 139 215 0.3215446472167969 6 -1 -1 
61 210 12 15 0.3185509145259857 2 -1 -1 
754 110 10 17 0.3141661286354065 10 -1 -1 
712 184 49 24 0.31386876106262207 4 -1 -1 
-1 189 18 28 0.31372323632240295 4 -1 -1 
753 258 30 15 0.31317347288131714 10 -1 -1 
6 134 18 16 0.31108951568603516 3 -1 -1 
501 67 11 16 0.3101175129413605 2 -1 -1 
827 128 17 16 0.3072802424430847 8 -1 -1 
65 210 16 19 0.30169084668159485 2 -1 -1 
503 66 8 12 0.30086445808410645 7 -1 -1 
851 119 28 19 0.29443567991256714 8 -1 -1 
109 211 15 18 0.2918849289417267 2 -1 -1 
598 326 139 212 0.2876359522342682 5 -1 -1 
852 120 29 17 0.28532344102859497 4 -1 -1 
521 74 20 20 0.28119713068008423 5 -1 -1 
168 224 40 22 0.2807394564151764 10 -1 -1 
827 202 58 31 0.27707532048225403 5 -1 -1 
510 127 8 15 0.2705250382423401 1 -1 -1 
762 116 9 13 0.26993364095687866 2 -1 -1 
478 0 14 10 0.26907333731651306 6 -1 -1 
168 224 40 22 0.2689342200756073 8 -1 -1 
169 222 10 15 0.2678737938404083 1 -1 -1 
825 119 19 25 0.26727086305618286 7 -1 -1 
597 327 139 211 0.2640801668167114 8 -1 -1 
101 215 29 17 0.2549765706062317 7 -1 -1 
64 210 11 18 0.25403136014938354 1 -1 -1 
294 120 32 36 0.2532150447368622 5 -1 -1 
199 132 9 15 0.24930699169635773 2 -1 -1 
4 134 20 16 0.24850113689899445 10 -1 -1 
754 257 30 16 0.24374327063560486 8 -1 -1 
45 152 13 19 0.24250228703022003 3 -1 -1 
783 117 24 20 0.2421853244304657 7 -1 -1 
182 220 9 17 0.2409709393978119 1 -1 -1 
724 120 11 16 0.24033872783184052 3 -1 -1 
106 214 21 16 0.23907238245010376 10 -1 -1 
44 213 15 15 0.23770587146282196 2 -1 -1 
521 132 15 16 0.23718351125717163 10 -1 -1 
828 148 10 19 0.23267367482185364 2 -1 -1 
104 214 23 16 0.2314985692501068 2 -1 -1 
461 18 16 16 0.23076723515987396 5 -1 -1 
10 130 14 19 0.2266238033771515 3 -1 -1 
45 148 11 21 0.22570280730724335 2 -1 -1 
175 220 14 22 0.22393469512462616 2 -1 -1 
169 223 11 22 0.22277478873729706 2 -1 -1 
852 111 30 17 0.22220906615257263 10 -1 -1 
824 118 16 16 0.22211216390132904 8 -1 -1 
13 133 13 16 0.22047747671604156 3 -1 -1 
495 46 10 9 0.22004438936710358 8 -1 -1 
263 136 7 19 0.2196963131427765 1 -1 -1 
754 112 9 16 0.2192784994840622 2 -1 -1 
64 209 11 13 0.21786722540855408 2 -1 -1 
781 124 22 13 0.21690477430820465 8 -1 -1 
517 45 27 19 0.21608036756515503 7 -1 -1 
39 212 54 24 0.21587400138378143 6 -1 -1 
354 9 6 11 0.21551407873630524 1 -1 -1 
827 153 8 15 0.21471522748470306 1 -1 -1 
822 118 18 15 0.21186131238937378 7 -1 -1 
823 118 8 13 0.21138672530651093 2 -1 -1 
114 215 11 15 0.21131274104118347 2 -1 -1 
318 108 8 15 0.21072182059288025 3 -1 -1 
700 102 11 16 0.21006470918655396 8 -1 -1 
40 212 54 24 0.20870645344257355 8 -1 -1 
534 87 21 36 0.2081921100616455 5 -1 -1 
769 131 14 11 0.2081853300333023 10 -1 -1 
500 68 12 16 0.2074052393436432 8 -1 -1 
825 121 16 21 0.20627917349338531 8 -1 -1 
80 168 19 15 0.204859659075737 3 -1 -1 
503 66 7 11 0.20422446727752686 1 -1 -1 
534 88 21 33 0.20380255579948425 8 -1 -1 
739 118 21 27 0.2031465768814087 10 -1 -1 
519 122 15 13 0.19898225367069244 10 -1 -1 
40 212 54 24 0.19883497059345245 4 -1 -1 
501 68 12 16 0.1971464604139328 10 -1 -1 
685 279 12 15 0.19642305374145508 10 -1 -1 
354 8 6 11 0.19633539021015167 2 -1 -1 
478 0 14 10 0.19518247246742249 5 -1 -1 
168 226 11 20 0.19378626346588135 10 -1 -1 
785 121 21 15 0.19262860715389252 8 -1 -1 
505 42 3 6 0.1919534057378769 1 -1 -1 
681 141 14 15 0.1909036487340927 10 -1 -1 
109 219 20 13 0.190667986869812 10 -1 -1 
521 131 9 16 0.19028547406196594 10 -1 -1 
168 224 40 22 0.18964676558971405 3 -1 -1 
769 112 8 16 0.18895505368709564 10 -1 -1 
534 87 21 36 0.1888938695192337 9 -1 -1 
852 121 29 16 0.18756063282489777 5 -1 -1 
709 190 51 23 0.1873444765806198 4 -1 -1 
103 213 18 16 0.18673962354660034 10 -1 -1 
857 113 26 13 0.18665118515491486 10 -1 -1 
777 129 17 13 0.18507760763168335 3 -1 -1 
313 106 13 16 0.18501493334770203 3 -1 -1 
180 223 10 16 0.18427670001983643 2 -1 -1 
751 130 11 16 0.1835351288318634 3 -1 -1 
168 220 23 24 0.1832803338766098 2 -1 -1 
803 120 7 14 0.18266542255878448 2 -1 -1 
670 137 25 20 0.18214817345142365 10 -1 -1 
59 210 20 23 0.1820407509803772 1 -1 -1 
698 263 22 24 0.18188513815402985 10 -1 -1 
107 206 11 19 0.18113172054290771 2 -1 -1 
783 114 24 23 0.18060660362243652 8 -1 -1 
44 211 43 24 0.18053877353668213 1 -1 -1 
757 136 6 12 0.17998991906642914 1 -1 -1 
170 218 10 14 0.17989028990268707 2 -1 -1 
851 117 29 20 0.1795632541179657 7 -1 -1 
501 68 12 16 0.1795472651720047 3 -1 -1 
739 122 10 19 0.17874687910079956 10 -1 -1 
699 262 13 22 0.17818549275398254 10 -1 -1 
177 224 10 14 0.17731153964996338 2 -1 -1 
2 137 20 14 0.1772909164428711 3 -1 -1 
663 299 88 44 0.17666327953338623 5 -1 -1 
39 212 54 24 0.17257316410541534 9 -1 -1 
108 211 14 17 0.17111223936080933 10 -1 -1 
503 65 7 9 0.17110443115234375 2 -1 -1 
342 9 5 13 0.17032648622989655 1 -1 -1 
852 112 30 18 0.16993139684200287 4 -1 -1 
11 128 9 18 0.169603630900383 2 -1 -1 
700 104 10 14 0.16845111548900604 6 -1 -1 
847 113 31 23 0.16719870269298553 8 -1 -1 
187 221 12 18 0.16707904636859894 2 -1 -1 
748 129 12 15 0.1669422686100006 3 -1 -1 
10 130 14 19 0.16670653223991394 10 -1 -1 
41 212 33 18 0.16599485278129578 2 -1 -1 
741 120 13 22 0.16496063768863678 10 -1 -1 
495 46 10 9 0.16475790739059448 7 -1 -1 
511 128 7 14 0.16333411633968353 10 -1 -1 
827 153 8 15 0.16297703981399536 2 -1 -1 
61 210 12 15 0.162610724568367 1 -1 -1 
109 209 13 15 0.16192249953746796 2 -1 -1 
620 270 21 25 0.1604761779308319 3 -1 -1 
874 120 8 16 0.16042087972164154 2 -1 -1 
301 100 14 18 0.16015231609344482 3 -1 -1 
56 145 44 36 0.15895991027355194 4 -1 -1 
851 117 29 20 0.1577911525964737 10 -1 -1 
692 175 64 24 0.15369226038455963 4 -1 -1 
168 219 36 23 0.1512008160352707 2 -1 -1 
665 138 23 21 0.15000665187835693 10 -1 -1 
100 215 29 17 0.14926408231258392 8 -1 -1 
670 137 25 20 0.14654935896396637 7 -1 -1 
467 240 34 47 0.14545850455760956 5 -1 -1 
534 87 21 36 0.14262692630290985 4 -1 -1 
849 111 32 19 0.13992440700531006 7 -1 -1 
168 218 34 21 0.1388414204120636 7 -1 -1 
294 120 32 36 0.13683532178401947 6 -1 -1 
780 116 24 20 0.13631433248519897 6 -1 -1 
168 221 28 17 0.13276366889476776 10 -1 -1 
847 113 31 23 0.13214211165905 4 -1 -1 
843 109 35 21 0.13123588263988495 10 -1 -1 
-1 189 18 28 0.1306997537612915 5 -1 -1 
517 44 26 20 0.12937380373477936 8 -1 -1 
106 191 71 27 0.12697182595729828 5 -1 -1 
828 202 59 31 0.1259375810623169 6 -1 -1 
459 15 20 21 0.1257113814353943 4 -1 -1 
665 138 23 21 0.123397596180439 7 -1 -1 
754 257 29 16 0.11952955275774002 3 -1 -1 
849 111 32 19 0.11866109073162079 8 -1 -1 
58 145 41 35 0.11796800792217255 9 -1 -1 
294 120 32 36 0.11773218214511871 8 -1 -1 
843 109 35 21 0.1165115237236023 4 -1 -1 
178 222 29 19 0.11436876654624939 2 -1 -1 
106 190 72 28 0.11323785781860352 1 -1 -1 
0 189 19 29 0.11185888946056366 10 -1 -1 
100 215 29 17 0.11117201298475266 3 -1 -1 
852 120 28 18 0.1099601611495018 6 -1 -1 
231 165 58 33 0.10927439481019974 9 -1 -1 
57 145 42 35 0.10857512801885605 6 -1 -1 
169 219 14 25 0.1081916019320488 1 -1 -1 
178 222 29 19 0.10628525912761688 10 -1 -1 
738 254 44 19 0.1061360090970993 10 -1 -1 
231 165 57 34 0.10568055510520935 5 -1 -1 
231 165 58 33 0.1054319515824318 1 -1 -1 
776 123 27 14 0.10468076169490814 6 -1 -1 
856 108 29 16 0.10309459269046783 10 -1 -1 
517 44 26 20 0.10271868854761124 4 -1 -1 
755 251 28 20 0.10235657542943954 10 -1 -1 
178 222 29 19 0.10219904780387878 7 -1 -1 
823 116 22 25 0.10205288976430893 8 -1 -1 
821 116 21 23 0.10102225840091705 7 -1 -1 
168 223 22 22 0.10063484311103821 1 -1 -1 
170 218 35 21 0.09975186735391617 10 -1 -1 
150 418 68 102 0.09589796513319016 5 -1 -1 
305 243 40 54 0.09574895352125168 5 -1 -1 
842 106 33 19 0.09569559246301651 10 -1 -1 
231 165 58 34 0.09548705071210861 10 -1 -1 
670 143 26 18 0.09428518265485764 10 -1 -1 
150 418 68 102 0.09276949614286423 9 -1 -1 
534 88 21 33 0.09224206954240799 7 -1 -1 
57 145 42 35 0.09184331446886063 8 -1 -1 
231 165 58 33 0.09036044776439667 7 -1 -1 
297 91 18 27 0.09004484117031097 9 -1 -1 
667 137 25 21 0.09001613408327103 8 -1 -1 
305 243 40 54 0.08992313593626022 1 -1 -1 
824 119 20 25 0.08956562727689743 10 -1 -1 
686 167 62 27 0.08807700872421265 5 -1 -1 
826 120 19 24 0.08775302767753601 6 -1 -1 
294 120 32 36 0.08752132952213287 7 -1 -1 
836 107 25 20 0.08663628995418549 5 -1 -1 
669 301 122 50 0.08637472987174988 4 -1 -1 
168 220 23 24 0.08597657084465027 7 -1 -1 
734 250 42 21 0.08583233505487442 10 -1 -1 
100 215 29 17 0.08518049865961075 4 -1 -1 
849 111 32 19 0.08503201603889465 5 -1 -1 
9 131 21 20 0.08416656404733658 3 -1 -1 
842 106 33 19 0.08357242494821548 4 -1 -1 
167 223 37 22 0.08320194482803345 1 -1 -1 
686 167 61 27 0.0827527791261673 1 -1 -1 
106 190 72 28 0.08253944665193558 9 -1 -1 
786 114 28 22 0.08249661326408386 7 -1 -1 
150 418 68 102 0.07770612090826035 1 -1 -1 
149 418 69 102 0.07142403721809387 10 -1 -1 
106 190 72 28 0.07122661918401718 10 -1 -1 
106 190 72 28 0.06149895489215851 7 -1 -1 
560 330 116 208 0.05839844048023224 9 -1 -1 
150 418 68 101 0.05692253261804581 6 -1 -1 
150 418 68 101 0.0568220280110836 7 -1 -1 
106 190 72 28 0.05264575779438019 6 -1 -1 
