891 227 67 48 0.9958368539810181 6 -1 -1 
988 572 114 103 0.989532470703125 6 -1 -1 
492 580 65 44 0.96170574426651 5 -1 -1 
1067 522 49 55 0.9358679056167603 4 -1 -1 
342 615 52 53 0.9321300983428955 4 -1 -1 
348 148 53 51 0.9292787909507751 4 -1 -1 
964 634 56 50 0.9262675642967224 4 -1 -1 
969 278 56 48 0.9257360100746155 4 -1 -1 
926 173 55 52 0.9214003086090088 4 -1 -1 
948 679 59 41 0.9209281206130981 4 -1 -1 
1275 414 56 24 0.9196308851242065 4 -1 -1 
890 147 56 51 0.9150378704071045 4 -1 -1 
214 280 46 54 0.9136766791343689 4 -1 -1 
374 652 56 51 0.907340407371521 4 -1 -1 
312 591 53 56 0.9064841270446777 4 -1 -1 
391 694 59 42 0.906211256980896 4 -1 -1 
323 170 51 50 0.9039462208747864 4 -1 -1 
368 127 54 51 0.8953148722648621 4 -1 -1 
393 106 52 53 0.8903942108154297 4 -1 -1 
1027 567 55 45 0.8851523995399475 4 -1 -1 
1210 537 39 60 0.8786253333091736 4 -1 -1 
841 58 51 50 0.8781634569168091 4 -1 -1 
860 89 50 51 0.8666467070579529 4 -1 -1 
251 234 50 46 0.8660895228385925 4 -1 -1 
270 210 53 49 0.8599188327789307 4 -1 -1 
148 434 65 29 0.8563932180404663 4 -1 -1 
658 29 39 53 0.8550143241882324 4 -1 -1 
1175 541 30 53 0.8543559908866882 4 -1 -1 
67 252 33 59 0.8524910807609558 4 -1 -1 
1158 267 33 65 0.8459059000015259 4 -1 -1 
643 580 28 66 0.8449816107749939 4 -1 -1 
1076 258 34 60 0.8416677713394165 4 -1 -1 
725 23 25 49 0.8407087326049805 4 -1 -1 
1260 525 32 64 0.8363290429115295 4 -1 -1 
169 274 39 56 0.8165831565856934 4 -1 -1 
193 517 43 59 0.8102951645851135 4 -1 -1 
973 207 44 47 0.8028562068939209 4 -1 -1 
1120 267 31 58 0.770887017250061 4 -1 -1 
806 14 42 56 0.738338053226471 4 -1 -1 
991 158 20 17 0.7372573614120483 10 -1 -1 
870 126 50 51 0.7353154420852661 4 -1 -1 
975 157 20 13 0.726190984249115 3 -1 -1 
791 50 10 23 0.7146440744400024 10 -1 -1 
1303 515 41 73 0.7136580348014832 4 -1 -1 
513 89 11 20 0.7059930562973022 10 -1 -1 
1309 257 31 43 0.681221604347229 4 -1 -1 
925 706 63 43 0.6611661911010742 5 -1 -1 
1001 476 50 38 0.6527801156044006 4 -1 -1 
1056 218 17 16 0.6444421410560608 1 -1 -1 
1016 598 88 78 0.6051589250564575 6 -1 -1 
961 121 18 21 0.5930553078651428 10 -1 -1 
964 125 17 20 0.575423002243042 10 -1 -1 
1015 227 23 38 0.5513803958892822 7 -1 -1 
365 94 9 12 0.5453193783760071 1 -1 -1 
1232 281 35 58 0.5302201509475708 4 -1 -1 
376 90 10 11 0.5267742276191711 1 -1 -1 
1005 164 13 16 0.5232660174369812 10 -1 -1 
952 303 7 8 0.49902576208114624 1 -1 -1 
852 323 10 9 0.49856194853782654 1 -1 -1 
1082 374 25 12 0.4957803189754486 10 -1 -1 
925 706 63 43 0.4923994839191437 4 -1 -1 
1048 210 14 14 0.4906308352947235 1 -1 -1 
952 112 15 16 0.4760841131210327 10 -1 -1 
442 303 50 26 0.4559900462627411 4 -1 -1 
937 296 16 12 0.43873611092567444 1 -1 -1 
528 89 11 16 0.43868324160575867 1 -1 -1 
975 156 22 14 0.4272654950618744 10 -1 -1 
1001 476 50 38 0.4223307967185974 5 -1 -1 
1070 236 19 13 0.42166489362716675 10 -1 -1 
892 227 66 48 0.4122709035873413 4 -1 -1 
950 679 60 23 0.4110761284828186 4 -1 -1 
960 120 16 17 0.41000497341156006 10 -1 -1 
848 332 10 11 0.40594062209129333 1 -1 -1 
564 751 12 13 0.4028087258338928 1 -1 -1 
528 89 11 16 0.4001169204711914 10 -1 -1 
1017 228 19 25 0.3858051896095276 7 -1 -1 
878 126 41 26 0.38514840602874756 4 -1 -1 
1302 514 42 75 0.38442057371139526 5 -1 -1 
953 115 18 19 0.37813761830329895 10 -1 -1 
1097 375 9 9 0.3739914894104004 2 -1 -1 
1006 167 16 15 0.3581010103225708 10 -1 -1 
1015 227 23 38 0.35438621044158936 8 -1 -1 
240 681 21 33 0.3534885048866272 10 -1 -1 
144 343 20 10 0.35142356157302856 4 -1 -1 
528 89 11 14 0.34962940216064453 2 -1 -1 
891 227 67 48 0.3437097668647766 7 -1 -1 
393 85 10 15 0.34204062819480896 10 -1 -1 
860 112 46 28 0.3415849804878235 4 -1 -1 
492 580 65 43 0.33891016244888306 4 -1 -1 
807 13 40 58 0.33664658665657043 5 -1 -1 
1233 282 67 60 0.3275901973247528 4 -1 -1 
312 507 17 12 0.3259528875350952 1 -1 -1 
193 517 42 59 0.3190339207649231 5 -1 -1 
1092 374 15 11 0.3175964653491974 2 -1 -1 
947 108 16 16 0.31657999753952026 10 -1 -1 
93 416 7 14 0.31131941080093384 1 -1 -1 
514 89 10 13 0.3075684905052185 2 -1 -1 
1010 169 14 14 0.3018815815448761 10 -1 -1 
1045 214 14 11 0.3013530969619751 1 -1 -1 
1156 240 16 12 0.2986711859703064 2 -1 -1 
910 575 11 10 0.2946193218231201 1 -1 -1 
227 676 32 36 0.2915908098220825 7 -1 -1 
1035 198 17 17 0.28480264544487 10 -1 -1 
1052 209 11 12 0.27502965927124023 1 -1 -1 
1084 374 22 12 0.2704886794090271 2 -1 -1 
1156 240 16 13 0.26755285263061523 1 -1 -1 
1097 375 9 9 0.2651327848434448 1 -1 -1 
792 51 8 14 0.2644740343093872 2 -1 -1 
1029 184 5 6 0.26357606053352356 1 -1 -1 
373 268 9 7 0.26188111305236816 1 -1 -1 
870 126 50 50 0.2616623044013977 5 -1 -1 
956 112 14 16 0.25586286187171936 10 -1 -1 
238 680 22 34 0.25429388880729675 7 -1 -1 
1046 210 16 15 0.2533194422721863 3 -1 -1 
341 226 12 14 0.24833619594573975 1 -1 -1 
311 506 14 13 0.24749846756458282 2 -1 -1 
1341 521 17 61 0.2474840134382248 4 -1 -1 
339 229 14 21 0.24559293687343597 10 -1 -1 
848 335 9 10 0.2442675530910492 1 -1 -1 
256 224 54 47 0.2442176342010498 4 -1 -1 
945 301 13 10 0.24312438070774078 1 -1 -1 
1018 175 17 16 0.24187789857387543 10 -1 -1 
937 296 17 12 0.23811839520931244 10 -1 -1 
393 86 10 14 0.23750698566436768 1 -1 -1 
212 661 48 51 0.23603244125843048 7 -1 -1 
1070 545 46 32 0.23357896506786346 4 -1 -1 
219 669 39 36 0.23238804936408997 7 -1 -1 
937 296 18 13 0.23221483826637268 2 -1 -1 
212 661 48 51 0.23116996884346008 6 -1 -1 
1052 210 10 11 0.23111777007579803 2 -1 -1 
338 237 13 18 0.2306104451417923 10 -1 -1 
468 303 26 25 0.22909748554229736 4 -1 -1 
892 226 66 49 0.22786347568035126 10 -1 -1 
341 226 12 14 0.22262674570083618 10 -1 -1 
1009 164 16 14 0.22233279049396515 10 -1 -1 
988 572 114 103 0.22017408907413483 10 -1 -1 
375 88 9 10 0.2191300094127655 1 -1 -1 
848 332 10 10 0.21865226328372955 2 -1 -1 
851 323 10 11 0.21702145040035248 1 -1 -1 
1020 228 15 16 0.21336841583251953 7 -1 -1 
958 112 9 13 0.2114596962928772 10 -1 -1 
974 159 20 12 0.21079225838184357 1 -1 -1 
791 50 10 23 0.2094603031873703 3 -1 -1 
1021 228 14 15 0.20932994782924652 10 -1 -1 
1022 227 13 15 0.20813024044036865 2 -1 -1 
365 95 9 11 0.20782288908958435 2 -1 -1 
212 662 40 36 0.2057238221168518 7 -1 -1 
891 227 67 48 0.20551666617393494 5 -1 -1 
951 303 8 8 0.20499394834041595 2 -1 -1 
1049 210 14 13 0.20366141200065613 2 -1 -1 
886 138 51 48 0.20208941400051117 4 -1 -1 
227 676 32 36 0.2018555849790573 8 -1 -1 
850 320 11 11 0.20119281113147736 1 -1 -1 
1157 267 34 64 0.20097404718399048 5 -1 -1 
374 652 57 51 0.2000613659620285 5 -1 -1 
564 751 12 13 0.19962966442108154 2 -1 -1 
303 202 53 49 0.19763611257076263 4 -1 -1 
988 572 114 103 0.19353395700454712 4 -1 -1 
988 572 114 103 0.19140613079071045 9 -1 -1 
988 572 114 103 0.1907692551612854 7 -1 -1 
988 571 77 74 0.18688064813613892 6 -1 -1 
1210 536 39 61 0.1856822371482849 5 -1 -1 
946 107 23 23 0.1672186702489853 10 -1 -1 
1011 173 27 23 0.16611163318157196 10 -1 -1 
892 227 66 48 0.16483598947525024 9 -1 -1 
975 154 26 18 0.16028611361980438 3 -1 -1 
862 113 52 40 0.15556615591049194 4 -1 -1 
1018 178 26 23 0.15500086545944214 10 -1 -1 
212 661 48 51 0.15259790420532227 4 -1 -1 
492 580 65 44 0.15039896965026855 8 -1 -1 
1003 166 26 25 0.14680583775043488 10 -1 -1 
892 226 66 49 0.14291763305664062 3 -1 -1 
892 227 66 48 0.14102642238140106 8 -1 -1 
987 571 116 104 0.14090178906917572 5 -1 -1 
658 29 39 54 0.1380927413702011 5 -1 -1 
347 148 54 51 0.1379346400499344 9 -1 -1 
213 661 48 51 0.13768428564071655 8 -1 -1 
841 58 51 50 0.13671758770942688 5 -1 -1 
304 201 52 50 0.13578356802463531 5 -1 -1 
312 591 53 57 0.13135384023189545 5 -1 -1 
955 661 65 36 0.12428592890501022 4 -1 -1 
988 572 114 103 0.1232273057103157 3 -1 -1 
859 90 51 50 0.12321396917104721 5 -1 -1 
342 615 52 53 0.12280713766813278 9 -1 -1 
1001 163 23 23 0.12273178994655609 10 -1 -1 
979 155 31 19 0.11920548230409622 10 -1 -1 
1233 283 67 59 0.1183762401342392 5 -1 -1 
972 207 45 47 0.1177883967757225 5 -1 -1 
212 661 48 50 0.11742521077394485 10 -1 -1 
964 634 56 50 0.11649128049612045 6 -1 -1 
1067 522 49 55 0.11636818200349808 9 -1 -1 
925 706 63 43 0.1161232516169548 6 -1 -1 
964 633 56 52 0.11251312494277954 9 -1 -1 
926 173 55 52 0.10905645042657852 5 -1 -1 
988 572 114 103 0.10579054802656174 8 -1 -1 
1261 525 32 64 0.10555420815944672 5 -1 -1 
213 280 47 54 0.10515928268432617 10 -1 -1 
969 278 55 48 0.104804128408432 9 -1 -1 
250 234 51 46 0.10471890866756439 5 -1 -1 
934 294 26 18 0.1043303906917572 1 -1 -1 
1044 208 28 18 0.10401672124862671 3 -1 -1 
492 580 65 44 0.10336984694004059 6 -1 -1 
342 615 52 54 0.10307996720075607 5 -1 -1 
1027 567 54 46 0.1030212789773941 5 -1 -1 
892 227 66 48 0.1027940884232521 2 -1 -1 
214 280 46 54 0.10256806761026382 9 -1 -1 
1018 172 27 24 0.10213079303503036 10 -1 -1 
348 148 53 51 0.102090984582901 10 -1 -1 
290 203 50 49 0.10123038291931152 4 -1 -1 
1055 214 21 23 0.10108823329210281 1 -1 -1 
967 164 15 37 0.1008065938949585 4 -1 -1 
891 147 55 51 0.09951514005661011 5 -1 -1 
342 615 52 54 0.09948565065860748 10 -1 -1 
1026 625 78 53 0.09709740430116653 6 -1 -1 
948 678 59 42 0.09633861482143402 5 -1 -1 
988 573 79 67 0.09554484486579895 5 -1 -1 
996 161 24 21 0.09503430873155594 10 -1 -1 
964 634 56 51 0.09394683688879013 7 -1 -1 
1076 258 34 60 0.09325192868709564 5 -1 -1 
393 106 52 52 0.0927216038107872 5 -1 -1 
926 173 55 53 0.09266636520624161 9 -1 -1 
363 143 47 48 0.0910457894206047 4 -1 -1 
988 572 114 103 0.0759582594037056 2 -1 -1 
988 572 114 103 0.06026734039187431 1 -1 -1 
