995 172 93 51 0.979361355304718 5 -1 -1 
659 144 39 57 0.9787535667419434 5 -1 -1 
12 516 220 136 0.9559471011161804 4 -1 -1 
75 235 130 51 0.9531290531158447 4 -1 -1 
114 583 199 141 0.9448298811912537 4 -1 -1 
728 387 81 101 0.944343090057373 4 -1 -1 
1066 228 122 44 0.9275768399238586 4 -1 -1 
329 260 122 65 0.922868013381958 4 -1 -1 
992 290 128 72 0.9112890362739563 4 -1 -1 
903 415 21 45 0.8859211802482605 3 -1 -1 
767 74 10 33 0.877206563949585 1 -1 -1 
504 148 46 49 0.8697353601455688 4 -1 -1 
1026 127 17 25 0.8451931476593018 3 -1 -1 
1005 128 25 24 0.8447651863098145 3 -1 -1 
384 331 42 37 0.8368096947669983 10 -1 -1 
1064 127 25 18 0.8322697877883911 3 -1 -1 
828 164 17 37 0.8320107460021973 1 -1 -1 
892 141 12 33 0.8304505944252014 1 -1 -1 
806 34 9 28 0.8187554478645325 1 -1 -1 
1120 262 103 48 0.8156045079231262 4 -1 -1 
834 87 11 33 0.8112497329711914 1 -1 -1 
1286 155 72 42 0.8106287121772766 4 -1 -1 
930 152 18 33 0.8034318089485168 3 -1 -1 
725 64 11 31 0.7715879082679749 1 -1 -1 
875 135 11 35 0.7694571614265442 1 -1 -1 
598 3 10 18 0.7506338953971863 2 -1 -1 
902 399 23 48 0.7435895800590515 2 -1 -1 
757 61 10 29 0.7290298342704773 1 -1 -1 
1266 260 93 45 0.728731095790863 4 -1 -1 
649 87 10 30 0.711711049079895 1 -1 -1 
642 88 9 25 0.7019935250282288 1 -1 -1 
883 137 10 33 0.6981136798858643 1 -1 -1 
391 320 23 38 0.6930423378944397 2 -1 -1 
614 44 11 22 0.6878575086593628 2 -1 -1 
809 151 11 37 0.6874792575836182 1 -1 -1 
827 86 9 28 0.6798555254936218 1 -1 -1 
619 110 13 26 0.6761177778244019 2 -1 -1 
595 7 14 23 0.6688954830169678 10 -1 -1 
951 125 13 36 0.6643645167350769 1 -1 -1 
780 9 8 23 0.6589725613594055 1 -1 -1 
1170 133 17 33 0.6548919081687927 1 -1 -1 
434 17 26 20 0.6517797708511353 10 -1 -1 
1131 143 15 31 0.6491735577583313 10 -1 -1 
540 229 18 32 0.6467662453651428 2 -1 -1 
602 153 18 32 0.6448992490768433 2 -1 -1 
540 241 18 32 0.6318989992141724 10 -1 -1 
940 120 14 36 0.6260542869567871 1 -1 -1 
101 185 42 31 0.6101169586181641 10 -1 -1 
823 87 10 27 0.5993134379386902 1 -1 -1 
604 164 16 30 0.5939139127731323 10 -1 -1 
737 25 9 26 0.5914109945297241 1 -1 -1 
795 155 15 37 0.5844194889068604 1 -1 -1 
700 11 28 22 0.5841667652130127 4 -1 -1 
1113 165 24 28 0.5806261301040649 10 -1 -1 
928 127 13 33 0.571923553943634 1 -1 -1 
146 353 29 46 0.5693956017494202 2 -1 -1 
774 8 7 20 0.5626407861709595 1 -1 -1 
692 0 29 20 0.5609325170516968 4 -1 -1 
894 113 10 29 0.5593967437744141 1 -1 -1 
820 87 10 27 0.556377112865448 1 -1 -1 
548 3 10 22 0.5449852347373962 1 -1 -1 
1067 165 34 29 0.5415613651275635 10 -1 -1 
775 138 13 34 0.5392974019050598 1 -1 -1 
548 3 10 21 0.5355038046836853 2 -1 -1 
614 52 11 20 0.5311213731765747 3 -1 -1 
706 27 30 27 0.5281723141670227 4 -1 -1 
169 146 15 32 0.5261066555976868 1 -1 -1 
619 119 13 27 0.5229482054710388 10 -1 -1 
646 88 10 27 0.5124431848526001 1 -1 -1 
549 10 10 18 0.5081424713134766 3 -1 -1 
830 86 11 32 0.5033754110336304 1 -1 -1 
789 7 8 21 0.5024571418762207 1 -1 -1 
813 21 10 27 0.49828973412513733 1 -1 -1 
791 131 15 34 0.49591636657714844 1 -1 -1 
113 364 84 48 0.48403292894363403 10 -1 -1 
1311 239 19 23 0.48064208030700684 2 -1 -1 
1247 187 37 23 0.4788356125354767 10 -1 -1 
894 132 10 28 0.4698207378387451 1 -1 -1 
792 148 13 34 0.45201000571250916 1 -1 -1 
138 355 27 43 0.45096275210380554 2 -1 -1 
823 33 20 16 0.4461814761161804 10 -1 -1 
643 102 11 22 0.44520556926727295 3 -1 -1 
967 109 23 21 0.4427301287651062 3 -1 -1 
614 52 11 20 0.44162264466285706 10 -1 -1 
966 108 23 22 0.40783360600471497 10 -1 -1 
1239 166 38 25 0.40527471899986267 10 -1 -1 
1265 167 13 25 0.3963490128517151 1 -1 -1 
135 359 52 44 0.39526158571243286 10 -1 -1 
943 125 13 38 0.3944151997566223 1 -1 -1 
619 120 13 26 0.3932909369468689 3 -1 -1 
738 71 15 22 0.3823690414428711 2 -1 -1 
595 7 14 22 0.3799337148666382 7 -1 -1 
1240 170 26 23 0.37759098410606384 10 -1 -1 
-1 289 70 73 0.3774583041667938 5 -1 -1 
1301 246 30 24 0.37678760290145874 10 -1 -1 
1067 157 23 28 0.3746681809425354 10 -1 -1 
976 107 15 21 0.3739427924156189 3 -1 -1 
386 328 39 38 0.3729057013988495 2 -1 -1 
638 0 25 14 0.37263980507850647 4 -1 -1 
647 102 12 21 0.37077638506889343 3 -1 -1 
549 10 10 18 0.37000131607055664 10 -1 -1 
909 115 11 19 0.3680937588214874 10 -1 -1 
789 85 13 25 0.36560705304145813 10 -1 -1 
782 86 9 19 0.3644683361053467 10 -1 -1 
813 20 9 23 0.3636240065097809 2 -1 -1 
832 2 10 21 0.35864654183387756 1 -1 -1 
909 115 11 19 0.3553171753883362 2 -1 -1 
134 99 9 18 0.3535439670085907 1 -1 -1 
880 136 11 34 0.3530946671962738 1 -1 -1 
776 9 8 23 0.35302531719207764 1 -1 -1 
813 30 9 21 0.3513275980949402 3 -1 -1 
790 85 12 23 0.35047587752342224 2 -1 -1 
755 23 18 20 0.3443218171596527 8 -1 -1 
1260 189 25 22 0.3357679545879364 10 -1 -1 
1263 183 14 23 0.3357613682746887 2 -1 -1 
1300 245 30 22 0.3340785801410675 3 -1 -1 
1077 171 24 26 0.33116623759269714 10 -1 -1 
652 101 8 19 0.33083751797676086 1 -1 -1 
595 7 14 22 0.3278391659259796 2 -1 -1 
1301 249 42 24 0.32623931765556335 10 -1 -1 
920 115 13 20 0.3247735798358917 10 -1 -1 
741 72 15 23 0.32457634806632996 2 -1 -1 
789 134 11 33 0.32428547739982605 1 -1 -1 
912 71 17 26 0.3233778476715088 3 -1 -1 
845 126 23 21 0.32318970561027527 2 -1 -1 
834 83 10 24 0.32159924507141113 1 -1 -1 
910 116 14 20 0.31621143221855164 10 -1 -1 
1312 240 18 25 0.31516459584236145 10 -1 -1 
705 27 31 27 0.3144490718841553 5 -1 -1 
136 358 42 45 0.31383204460144043 2 -1 -1 
768 125 16 25 0.312876433134079 2 -1 -1 
774 13 7 20 0.3086065649986267 1 -1 -1 
595 4 12 20 0.3077615797519684 2 -1 -1 
920 115 24 21 0.30687618255615234 10 -1 -1 
902 398 23 48 0.3068186938762665 1 -1 -1 
767 125 19 27 0.30286258459091187 10 -1 -1 
1238 225 21 29 0.30242085456848145 1 -1 -1 
0 289 69 73 0.3000113070011139 4 -1 -1 
703 16 32 34 0.2926953434944153 4 -1 -1 
117 365 80 51 0.28641006350517273 7 -1 -1 
768 126 39 33 0.2861552834510803 7 -1 -1 
1242 178 37 30 0.27976295351982117 10 -1 -1 
694 2 31 25 0.2763221859931946 4 -1 -1 
1242 170 38 30 0.27508705854415894 10 -1 -1 
767 124 40 31 0.2718835175037384 10 -1 -1 
911 108 34 29 0.2512270510196686 10 -1 -1 
797 152 20 40 0.24829982221126556 1 -1 -1 
699 10 31 30 0.24578572809696198 5 -1 -1 
994 172 94 51 0.23659370839595795 4 -1 -1 
785 134 21 43 0.22651445865631104 1 -1 -1 
945 123 18 41 0.22647970914840698 1 -1 -1 
599 157 21 36 0.22324638068675995 10 -1 -1 
219 230 92 74 0.22193054854869843 6 -1 -1 
1248 161 31 34 0.21765652298927307 10 -1 -1 
1126 261 138 54 0.21686559915542603 4 -1 -1 
1199 129 29 33 0.20602166652679443 1 -1 -1 
782 83 29 32 0.20561587810516357 10 -1 -1 
218 254 94 54 0.2043028026819229 5 -1 -1 
912 63 22 45 0.20418061316013336 3 -1 -1 
114 351 77 51 0.19815482199192047 10 -1 -1 
539 228 19 36 0.1946563869714737 1 -1 -1 
995 172 93 51 0.19454732537269592 8 -1 -1 
909 100 29 35 0.19382604956626892 10 -1 -1 
-3 344 192 109 0.1935637891292572 6 -1 -1 
771 138 21 37 0.1898757964372635 1 -1 -1 
781 131 24 40 0.18846651911735535 7 -1 -1 
198 268 105 61 0.18714028596878052 5 -1 -1 
206 256 105 59 0.18669550120830536 4 -1 -1 
198 268 105 61 0.18391059339046478 4 -1 -1 
779 134 23 41 0.17851698398590088 1 -1 -1 
771 133 22 39 0.17822504043579102 7 -1 -1 
66 269 139 20 0.1780995875597 4 -1 -1 
1123 143 24 34 0.1747835874557495 10 -1 -1 
788 149 20 41 0.17438289523124695 1 -1 -1 
913 58 21 41 0.16742496192455292 1 -1 -1 
1299 239 32 30 0.16446593403816223 2 -1 -1 
94 367 100 67 0.16350610554218292 7 -1 -1 
1242 172 26 33 0.1632993221282959 10 -1 -1 
219 230 92 74 0.16221487522125244 4 -1 -1 
932 122 18 39 0.1619569957256317 1 -1 -1 
843 118 28 32 0.1614159792661667 2 -1 -1 
1257 178 29 31 0.15936364233493805 10 -1 -1 
914 88 31 38 0.15924081206321716 10 -1 -1 
118 363 79 45 0.1584726721048355 3 -1 -1 
600 154 21 38 0.15638895332813263 1 -1 -1 
1255 165 25 38 0.1551245152950287 10 -1 -1 
995 172 93 51 0.15508116781711578 10 -1 -1 
75 235 130 50 0.15500321984291077 6 -1 -1 
13 515 219 138 0.15492820739746094 1 -1 -1 
768 126 39 33 0.15277701616287231 8 -1 -1 
1299 240 31 28 0.15096738934516907 1 -1 -1 
785 145 19 38 0.1509021669626236 1 -1 -1 
75 234 130 52 0.1503450870513916 1 -1 -1 
599 157 21 36 0.14949263632297516 2 -1 -1 
227 227 84 77 0.1493261605501175 5 -1 -1 
914 72 23 41 0.14892235398292542 3 -1 -1 
912 68 23 40 0.1478489488363266 10 -1 -1 
12 516 220 136 0.14681297540664673 9 -1 -1 
774 128 34 37 0.14602889120578766 1 -1 -1 
691 0 33 22 0.14579558372497559 5 -1 -1 
791 130 21 41 0.14504873752593994 1 -1 -1 
123 364 74 49 0.14476080238819122 8 -1 -1 
1200 129 29 34 0.14422805607318878 2 -1 -1 
914 80 27 36 0.1439121961593628 10 -1 -1 
1114 156 28 33 0.1422196626663208 10 -1 -1 
24 121 25 32 0.14109677076339722 1 -1 -1 
701 23 32 30 0.1401708424091339 8 -1 -1 
917 97 30 36 0.1394956111907959 10 -1 -1 
115 584 194 140 0.13887928426265717 5 -1 -1 
1305 241 39 28 0.13815189898014069 3 -1 -1 
1339 207 19 39 0.13791079819202423 10 -1 -1 
929 140 20 42 0.13709086179733276 3 -1 -1 
995 172 93 51 0.1357332468032837 2 -1 -1 
1124 259 130 55 0.13550814986228943 5 -1 -1 
12 515 221 137 0.13286854326725006 5 -1 -1 
1066 228 122 44 0.1321210116147995 6 -1 -1 
768 126 27 41 0.13107936084270477 10 -1 -1 
0 289 68 73 0.12852567434310913 6 -1 -1 
911 118 34 24 0.128168523311615 10 -1 -1 
773 133 33 36 0.12813614308834076 8 -1 -1 
124 356 71 47 0.12775804102420807 2 -1 -1 
790 130 17 37 0.12506131827831268 2 -1 -1 
124 356 71 47 0.12496433407068253 7 -1 -1 
1268 260 90 45 0.12463672459125519 5 -1 -1 
995 172 93 51 0.12122134119272232 7 -1 -1 
1007 125 36 28 0.12104013562202454 3 -1 -1 
789 129 19 40 0.12099158763885498 7 -1 -1 
696 12 31 32 0.12064339220523834 4 -1 -1 
699 10 30 28 0.12039511650800705 6 -1 -1 
1066 228 123 44 0.12010512501001358 1 -1 -1 
107 365 90 61 0.11895612627267838 3 -1 -1 
728 387 81 101 0.11858640611171722 9 -1 -1 
735 64 33 29 0.11702893674373627 7 -1 -1 
994 172 94 51 0.11647497862577438 6 -1 -1 
1061 120 29 26 0.11616050451993942 10 -1 -1 
699 10 30 28 0.11548959463834763 8 -1 -1 
781 154 22 41 0.11367641389369965 1 -1 -1 
114 583 200 142 0.11353562772274017 9 -1 -1 
1307 238 32 30 0.11249147355556488 10 -1 -1 
75 235 130 50 0.1120050922036171 9 -1 -1 
888 135 17 39 0.11119389533996582 1 -1 -1 
701 23 32 30 0.11085917055606842 6 -1 -1 
775 144 21 40 0.11046770215034485 1 -1 -1 
1111 163 28 30 0.10915394127368927 3 -1 -1 
812 118 36 44 0.10913960635662079 8 -1 -1 
814 14 28 36 0.10826648026704788 10 -1 -1 
196 277 76 59 0.10778369754552841 4 -1 -1 
1301 249 45 23 0.10751723498106003 3 -1 -1 
328 260 123 64 0.10662886500358582 5 -1 -1 
767 125 24 42 0.10647980123758316 7 -1 -1 
769 134 29 36 0.1063818410038948 1 -1 -1 
1315 194 21 36 0.10615476965904236 3 -1 -1 
773 154 20 42 0.10286779701709747 1 -1 -1 
939 129 18 39 0.10111187398433685 1 -1 -1 
912 82 28 37 0.10085725784301758 3 -1 -1 
1285 155 74 43 0.10031110793352127 9 -1 -1 
1174 273 93 52 0.10008864849805832 4 -1 -1 
785 97 29 25 0.10003216564655304 10 -1 -1 
1120 262 103 48 0.09872891753911972 1 -1 -1 
788 131 19 38 0.09793469309806824 8 -1 -1 
124 333 63 62 0.09778087586164474 10 -1 -1 
729 387 80 101 0.09697409719228745 1 -1 -1 
132 151 24 34 0.09677933901548386 3 -1 -1 
770 109 72 69 0.09607525169849396 7 -1 -1 
1284 155 73 42 0.08865433931350708 5 -1 -1 
775 109 71 73 0.08733358234167099 6 -1 -1 
773 115 72 77 0.08667750656604767 9 -1 -1 
-2 371 159 91 0.08488938957452774 6 -1 -1 
54 344 144 105 0.08318984508514404 4 -1 -1 
-1 361 194 98 0.0778568908572197 4 -1 -1 
52 356 148 99 0.07784532010555267 9 -1 -1 
53 341 145 103 0.07266440242528915 7 -1 -1 
769 108 72 67 0.07012195885181427 8 -1 -1 
1285 155 74 43 0.06984174996614456 1 -1 -1 
1285 155 74 43 0.06853018701076508 10 -1 -1 
-3 344 192 109 0.06830478459596634 5 -1 -1 
53 337 144 98 0.0657462477684021 6 -1 -1 
53 337 144 98 0.06300205737352371 8 -1 -1 
767 116 55 68 0.05287187173962593 6 -1 -1 
186 234 129 92 0.05285052955150604 4 -1 -1 
0 370 174 90 0.05262822285294533 9 -1 -1 
186 234 129 92 0.052333470433950424 6 -1 -1 
-3 335 194 111 0.05008916184306145 9 -1 -1 
