672 384 130 221 0.9989456534385681 9 -1 -1 
809 63 42 48 0.9986428618431091 9 -1 -1 
475 411 95 88 0.9381130933761597 4 -1 -1 
666 140 44 46 0.9375455379486084 5 -1 -1 
496 340 50 61 0.9340730309486389 8 -1 -1 
54 318 125 53 0.9340141415596008 4 -1 -1 
67 364 127 68 0.9313688278198242 4 -1 -1 
1005 405 23 52 0.928210437297821 1 -1 -1 
86 246 105 44 0.924022376537323 4 -1 -1 
507 569 119 126 0.9220139980316162 4 -1 -1 
808 262 53 44 0.9186374545097351 4 -1 -1 
197 526 161 115 0.9176304936408997 5 -1 -1 
819 171 37 32 0.9119974374771118 4 -1 -1 
1028 410 20 49 0.8962766528129578 1 -1 -1 
723 191 46 41 0.8868560194969177 4 -1 -1 
783 61 30 28 0.8739652037620544 5 -1 -1 
748 104 30 33 0.8481778502464294 4 -1 -1 
916 16 18 16 0.8425483107566833 4 -1 -1 
801 100 30 28 0.8348407745361328 4 -1 -1 
864 104 27 25 0.8328980803489685 4 -1 -1 
882 77 24 21 0.828820526599884 4 -1 -1 
1090 696 77 61 0.8090844750404358 10 -1 -1 
558 271 63 53 0.8075381517410278 4 -1 -1 
368 175 13 32 0.8075314164161682 1 -1 -1 
786 117 33 29 0.8038704991340637 4 -1 -1 
658 248 54 58 0.8018712997436523 4 -1 -1 
945 12 16 13 0.7863398194313049 4 -1 -1 
728 113 17 21 0.7829256057739258 7 -1 -1 
497 224 11 32 0.7794822454452515 1 -1 -1 
1000 134 25 17 0.7782247066497803 10 -1 -1 
362 181 11 33 0.7765273451805115 1 -1 -1 
351 192 12 31 0.7761723399162292 1 -1 -1 
386 176 12 31 0.7750140428543091 1 -1 -1 
1050 573 75 88 0.7634625434875488 7 -1 -1 
1090 694 78 62 0.7633329629898071 3 -1 -1 
1092 636 33 60 0.7608456611633301 1 -1 -1 
1017 92 9 23 0.7454618215560913 1 -1 -1 
373 234 27 22 0.738896369934082 10 -1 -1 
617 158 24 19 0.7369176745414734 10 -1 -1 
923 7 16 15 0.7353569269180298 4 -1 -1 
1060 313 18 39 0.7334318161010742 1 -1 -1 
938 49 22 21 0.720428466796875 4 -1 -1 
519 186 82 37 0.7166672945022583 4 -1 -1 
875 197 11 22 0.716569721698761 2 -1 -1 
-2 301 46 47 0.7133015990257263 4 -1 -1 
460 232 16 38 0.7075677514076233 1 -1 -1 
288 273 34 22 0.7058364152908325 10 -1 -1 
658 214 17 27 0.7052971720695496 10 -1 -1 
916 541 24 48 0.7021443843841553 10 -1 -1 
757 83 8 20 0.7007980942726135 1 -1 -1 
974 143 12 27 0.7004952430725098 1 -1 -1 
113 717 37 45 0.6906922459602356 1 -1 -1 
1039 320 18 24 0.6895608305931091 2 -1 -1 
960 109 54 22 0.6837626695632935 4 -1 -1 
659 205 16 28 0.6810364127159119 2 -1 -1 
848 60 20 21 0.672227680683136 4 -1 -1 
913 65 8 13 0.6714066863059998 10 -1 -1 
655 156 9 27 0.6622061729431152 1 -1 -1 
451 369 26 34 0.6621236801147461 10 -1 -1 
607 219 24 26 0.6512181758880615 10 -1 -1 
914 60 7 13 0.6395331621170044 2 -1 -1 
1073 310 13 40 0.6389089226722717 1 -1 -1 
874 203 12 23 0.6344009041786194 10 -1 -1 
1215 29 128 72 0.6313914656639099 6 -1 -1 
779 28 37 16 0.6278286576271057 4 -1 -1 
454 353 21 42 0.6248636245727539 2 -1 -1 
956 29 18 18 0.621504545211792 4 -1 -1 
319 231 27 29 0.620587170124054 10 -1 -1 
293 261 17 34 0.6132092475891113 2 -1 -1 
767 132 37 40 0.5933079719543457 5 -1 -1 
1170 307 18 43 0.5910536646842957 1 -1 -1 
919 93 9 18 0.5901082754135132 2 -1 -1 
400 182 10 30 0.5828236937522888 1 -1 -1 
917 534 22 39 0.5776482224464417 2 -1 -1 
911 617 26 60 0.5629675388336182 3 -1 -1 
382 220 16 31 0.5610692501068115 2 -1 -1 
1003 123 23 16 0.5540534257888794 10 -1 -1 
845 73 17 20 0.5521296858787537 4 -1 -1 
948 23 7 12 0.5408024191856384 2 -1 -1 
773 79 7 17 0.5363306999206543 1 -1 -1 
463 225 14 37 0.5345295071601868 1 -1 -1 
1018 74 8 17 0.5229687094688416 1 -1 -1 
1019 409 20 49 0.5189152956008911 1 -1 -1 
1102 627 27 63 0.5108382105827332 1 -1 -1 
919 97 8 18 0.5023496747016907 3 -1 -1 
299 230 16 31 0.4818595349788666 10 -1 -1 
1321 524 39 27 0.4804917275905609 10 -1 -1 
971 208 9 19 0.47749486565589905 1 -1 -1 
1023 73 9 17 0.4738474190235138 1 -1 -1 
931 0 13 11 0.4717244505882263 4 -1 -1 
94 234 35 26 0.4659235179424286 10 -1 -1 
672 384 130 221 0.46424826979637146 4 -1 -1 
912 617 25 57 0.4637201726436615 2 -1 -1 
793 21 34 18 0.46115642786026 4 -1 -1 
746 47 45 19 0.45779523253440857 4 -1 -1 
759 15 6 11 0.4563536047935486 2 -1 -1 
365 177 12 33 0.4367145597934723 1 -1 -1 
947 27 9 12 0.4346064329147339 10 -1 -1 
1320 415 40 28 0.4329671561717987 3 -1 -1 
393 217 27 18 0.43293020129203796 3 -1 -1 
666 140 44 46 0.43081972002983093 8 -1 -1 
1322 417 36 25 0.4297630190849304 10 -1 -1 
733 64 44 21 0.42616161704063416 4 -1 -1 
672 384 130 221 0.4252644181251526 10 -1 -1 
767 132 37 40 0.41824817657470703 4 -1 -1 
809 63 42 48 0.4173455536365509 4 -1 -1 
759 18 6 10 0.40749073028564453 10 -1 -1 
672 384 130 221 0.40270310640335083 3 -1 -1 
912 617 25 57 0.4014345407485962 1 -1 -1 
394 217 26 18 0.39743781089782715 10 -1 -1 
827 31 8 12 0.3912820518016815 10 -1 -1 
672 384 130 221 0.3878549635410309 1 -1 -1 
765 86 9 12 0.3814496397972107 10 -1 -1 
817 10 30 15 0.377413272857666 4 -1 -1 
261 244 12 18 0.37212541699409485 10 -1 -1 
1107 619 23 51 0.37065640091896057 1 -1 -1 
1032 23 8 19 0.37055206298828125 1 -1 -1 
919 97 9 18 0.37051525712013245 10 -1 -1 
849 60 19 21 0.36755889654159546 5 -1 -1 
1011 131 15 21 0.36626824736595154 10 -1 -1 
0 436 11 29 0.3646102845668793 1 -1 -1 
1338 506 19 36 0.3632233440876007 2 -1 -1 
1334 511 25 37 0.36211493611335754 2 -1 -1 
915 616 20 41 0.3615293502807617 2 -1 -1 
1008 42 27 21 0.36033403873443604 10 -1 -1 
290 267 28 28 0.35969269275665283 2 -1 -1 
909 623 27 56 0.35854679346084595 10 -1 -1 
382 221 16 30 0.35719427466392517 1 -1 -1 
767 37 33 19 0.35275036096572876 4 -1 -1 
1050 574 72 78 0.35011330246925354 8 -1 -1 
672 384 130 221 0.3500828444957733 7 -1 -1 
809 63 42 48 0.34934094548225403 10 -1 -1 
1123 614 27 53 0.3489876687526703 1 -1 -1 
728 114 17 20 0.34850454330444336 8 -1 -1 
301 241 13 21 0.34813782572746277 10 -1 -1 
946 20 9 13 0.34720975160598755 2 -1 -1 
1216 28 119 71 0.34638890624046326 4 -1 -1 
911 640 22 39 0.34571513533592224 3 -1 -1 
977 142 10 23 0.34363722801208496 1 -1 -1 
809 63 42 48 0.34343284368515015 1 -1 -1 
683 87 61 29 0.34250184893608093 4 -1 -1 
200 526 159 115 0.3417907953262329 4 -1 -1 
1002 127 19 22 0.3388657867908478 10 -1 -1 
916 538 25 51 0.3387915790081024 2 -1 -1 
672 384 130 221 0.3321673274040222 2 -1 -1 
752 42 44 19 0.3201238214969635 4 -1 -1 
809 63 42 48 0.31907039880752563 3 -1 -1 
672 384 130 221 0.3124392628669739 5 -1 -1 
809 63 42 48 0.3041857182979584 2 -1 -1 
809 63 42 48 0.30053621530532837 5 -1 -1 
672 384 130 221 0.29101529717445374 8 -1 -1 
809 63 42 48 0.287859708070755 7 -1 -1 
761 34 40 21 0.2782318890094757 5 -1 -1 
672 384 129 220 0.2740590274333954 6 -1 -1 
1063 309 24 42 0.2710770070552826 1 -1 -1 
714 409 79 194 0.2709415555000305 9 -1 -1 
454 353 21 42 0.26857128739356995 1 -1 -1 
809 63 42 48 0.26045870780944824 8 -1 -1 
809 63 42 48 0.24988768994808197 6 -1 -1 
451 366 25 35 0.2362101674079895 2 -1 -1 
519 186 82 37 0.2337784320116043 5 -1 -1 
451 369 26 34 0.22931928932666779 3 -1 -1 
733 64 44 21 0.22486050426959991 5 -1 -1 
973 79 40 19 0.22214333713054657 4 -1 -1 
757 41 43 17 0.21721701323986053 5 -1 -1 
793 15 41 18 0.2161695510149002 4 -1 -1 
784 16 43 21 0.19892391562461853 4 -1 -1 
740 58 43 22 0.19816124439239502 4 -1 -1 
963 103 51 23 0.19713521003723145 4 -1 -1 
738 50 46 19 0.19086462259292603 4 -1 -1 
779 21 42 18 0.18793077766895294 4 -1 -1 
666 140 44 46 0.18727155029773712 4 -1 -1 
763 28 43 18 0.1868385225534439 5 -1 -1 
937 48 32 25 0.1842697411775589 4 -1 -1 
261 237 39 26 0.18383391201496124 10 -1 -1 
604 218 28 28 0.1836782544851303 3 -1 -1 
810 6 40 19 0.18294280767440796 4 -1 -1 
287 273 35 22 0.1796020269393921 3 -1 -1 
496 339 51 63 0.17881843447685242 7 -1 -1 
751 45 42 20 0.1773681342601776 5 -1 -1 
962 95 48 23 0.17234517633914948 4 -1 -1 
763 28 43 18 0.17099691927433014 4 -1 -1 
783 61 30 28 0.1707325279712677 4 -1 -1 
496 339 51 63 0.16977062821388245 2 -1 -1 
799 11 38 18 0.16777098178863525 4 -1 -1 
967 86 44 22 0.15415909886360168 4 -1 -1 
791 17 40 21 0.15165725350379944 5 -1 -1 
613 153 32 26 0.15149706602096558 10 -1 -1 
318 230 29 31 0.14755134284496307 7 -1 -1 
960 109 54 22 0.1436968445777893 5 -1 -1 
775 27 42 17 0.13884110748767853 5 -1 -1 
769 31 42 18 0.13670404255390167 4 -1 -1 
68 363 126 69 0.13499462604522705 5 -1 -1 
287 273 35 23 0.13370943069458008 7 -1 -1 
267 230 47 33 0.13366582989692688 10 -1 -1 
733 44 52 21 0.12898649275302887 4 -1 -1 
458 222 20 45 0.1276402771472931 1 -1 -1 
666 140 44 46 0.1271412968635559 6 -1 -1 
67 364 127 68 0.1269935816526413 6 -1 -1 
454 354 21 40 0.12254510074853897 10 -1 -1 
558 270 62 53 0.12154784798622131 5 -1 -1 
374 221 27 35 0.11708201467990875 10 -1 -1 
451 367 25 34 0.1169014573097229 1 -1 -1 
52 318 127 52 0.11593173444271088 1 -1 -1 
796 10 40 19 0.11562968790531158 5 -1 -1 
86 245 104 44 0.11298708617687225 5 -1 -1 
262 235 45 28 0.1112656220793724 4 -1 -1 
783 10 44 21 0.10958598554134369 4 -1 -1 
495 339 51 64 0.10931435972452164 1 -1 -1 
507 569 118 125 0.10780514031648636 5 -1 -1 
86 246 106 44 0.10769449919462204 1 -1 -1 
1164 314 24 42 0.1067650094628334 1 -1 -1 
959 93 49 24 0.10639265179634094 5 -1 -1 
666 140 44 46 0.10573436319828033 9 -1 -1 
810 6 40 19 0.10493339598178864 5 -1 -1 
759 25 39 28 0.10457772761583328 4 -1 -1 
1060 312 21 40 0.10386557132005692 2 -1 -1 
779 15 45 21 0.10283710807561874 5 -1 -1 
496 339 51 63 0.1027374416589737 3 -1 -1 
507 570 117 125 0.10241694003343582 1 -1 -1 
389 212 35 25 0.10157717764377594 3 -1 -1 
759 25 39 28 0.10050731897354126 5 -1 -1 
476 410 93 88 0.10027120262384415 6 -1 -1 
803 8 40 19 0.0988592803478241 5 -1 -1 
290 228 25 33 0.09785947948694229 7 -1 -1 
962 74 51 22 0.0974028930068016 4 -1 -1 
288 268 32 26 0.09722685813903809 1 -1 -1 
262 234 48 29 0.09633567929267883 7 -1 -1 
288 261 26 31 0.09590601921081543 10 -1 -1 
970 78 43 20 0.09583504498004913 5 -1 -1 
197 526 161 115 0.0954027995467186 8 -1 -1 
948 98 60 28 0.09473659843206406 4 -1 -1 
666 140 44 46 0.09401452541351318 2 -1 -1 
1038 318 24 35 0.09333936870098114 1 -1 -1 
52 318 127 52 0.09322626143693924 5 -1 -1 
1036 318 26 34 0.09271254390478134 2 -1 -1 
372 229 29 28 0.09171299636363983 3 -1 -1 
1137 1 72 160 0.05824318900704384 6 -1 -1 
