13 39 544 289 0.9341081380844116 4 -1 -1 
646 11 56 171 0.8865581750869751 1 -1 -1 
21 40 101 121 0.6323379278182983 2 -1 -1 
21 40 101 121 0.33978113532066345 1 -1 -1 
22 35 103 203 0.3046096861362457 2 -1 -1 
0 0 679 580 0.2990199625492096 6 -1 -1 
13 39 544 289 0.28829261660575867 9 -1 -1 
84 49 477 263 0.2630775570869446 5 -1 -1 
22 35 103 203 0.2363738715648651 1 -1 -1 
0 0 690 565 0.18321889638900757 9 -1 -1 
653 9 45 129 0.17142730951309204 2 -1 -1 
0 0 690 565 0.17076854407787323 5 -1 -1 
0 0 690 565 0.1562771052122116 4 -1 -1 
34 42 120 154 0.155241459608078 2 -1 -1 
7 40 554 292 0.14584195613861084 1 -1 -1 
34 42 120 154 0.1381853222846985 1 -1 -1 
7 42 553 288 0.13132652640342712 6 -1 -1 
651 11 45 119 0.1277475208044052 1 -1 -1 
646 11 56 171 0.1255791336297989 4 -1 -1 
649 22 37 89 0.11436371505260468 2 -1 -1 
659 15 34 83 0.10956954210996628 2 -1 -1 
14 37 88 99 0.10297812521457672 2 -1 -1 
10 37 182 199 0.09625329077243805 2 -1 -1 
12 32 184 175 0.09228014200925827 1 -1 -1 
668 9 35 120 0.09001895040273666 2 -1 -1 
11 42 548 288 0.08897654712200165 10 -1 -1 
680 11 24 123 0.08188223093748093 1 -1 -1 
649 22 37 89 0.08081123232841492 1 -1 -1 
4 46 236 256 0.08065677434206009 2 -1 -1 
647 38 25 56 0.07830723375082016 2 -1 -1 
1292 5 9 20 0.07815001159906387 1 -1 -1 
21 39 80 88 0.07628097385168076 1 -1 -1 
41 48 107 230 0.07615877687931061 2 -1 -1 
659 15 34 83 0.07604694366455078 1 -1 -1 
649 30 31 58 0.07461050897836685 2 -1 -1 
4 46 236 256 0.07366848737001419 1 -1 -1 
290 48 297 197 0.07179708033800125 4 -1 -1 
11 42 548 288 0.07110285758972168 7 -1 -1 
58 62 168 149 0.06676111370325089 2 -1 -1 
38 52 191 137 0.06610704213380814 1 -1 -1 
66 62 115 187 0.06580652296543121 2 -1 -1 
51 51 137 187 0.0657723918557167 1 -1 -1 
1062 194 22 36 0.06323085725307465 1 -1 -1 
56 50 63 120 0.06215641647577286 1 -1 -1 
655 11 70 150 0.061808373779058456 1 -1 -1 
633 46 65 145 0.06097879633307457 1 -1 -1 
41 48 107 230 0.060186732560396194 1 -1 -1 
645 28 29 112 0.05990546941757202 1 -1 -1 
665 16 26 60 0.059828054159879684 2 -1 -1 
3 62 345 262 0.057949189096689224 4 -1 -1 
647 38 25 56 0.057888880372047424 1 -1 -1 
191 43 380 148 0.05779244750738144 4 -1 -1 
8 40 556 296 0.05575896054506302 8 -1 -1 
65 72 60 113 0.055617328733205795 1 -1 -1 
672 14 30 88 0.05499842390418053 1 -1 -1 
24 21 113 116 0.05494947358965874 2 -1 -1 
649 30 31 58 0.054056864231824875 1 -1 -1 
11 42 548 288 0.05218944326043129 3 -1 -1 
119 108 473 305 0.05187048017978668 9 -1 -1 
667 15 24 62 0.05130742862820625 1 -1 -1 
1329 310 28 23 0.05087106302380562 1 -1 -1 
