278 327 73 117 0.9642074704170227 6 -1 -1 
573 381 112 51 0.9410480856895447 4 -1 -1 
824 277 97 43 0.9371560215950012 4 -1 -1 
977 546 21 46 0.9307975172996521 1 -1 -1 
934 603 23 51 0.9292266964912415 1 -1 -1 
935 131 69 32 0.9267963767051697 4 -1 -1 
310 108 32 37 0.923335075378418 4 -1 -1 
522 230 90 44 0.9186314344406128 4 -1 -1 
1106 722 61 43 0.9140743017196655 3 -1 -1 
422 248 42 49 0.9133431911468506 4 -1 -1 
719 315 102 52 0.9094561338424683 4 -1 -1 
1227 104 62 31 0.9093648791313171 4 -1 -1 
371 153 43 37 0.9083433151245117 4 -1 -1 
438 35 61 24 0.9050155282020569 4 -1 -1 
325 152 35 40 0.9035689830780029 4 -1 -1 
719 156 76 35 0.9027672410011292 4 -1 -1 
755 180 75 34 0.8989611268043518 4 -1 -1 
788 231 81 36 0.8953695297241211 4 -1 -1 
535 343 105 55 0.895334005355835 4 -1 -1 
770 210 84 36 0.8885501027107239 4 -1 -1 
798 253 91 39 0.8830651640892029 4 -1 -1 
442 584 68 123 0.8797470331192017 4 -1 -1 
192 338 81 72 0.8755874633789062 4 -1 -1 
349 113 35 33 0.874563992023468 4 -1 -1 
491 188 84 36 0.8737357258796692 4 -1 -1 
353 217 46 52 0.8701601028442383 4 -1 -1 
1075 217 80 38 0.8650656342506409 4 -1 -1 
918 614 19 46 0.8635942935943604 1 -1 -1 
458 134 12 28 0.8564324975013733 1 -1 -1 
243 283 133 59 0.8558855652809143 6 -1 -1 
881 149 11 27 0.8509657979011536 1 -1 -1 
1276 42 54 29 0.8482888340950012 4 -1 -1 
448 71 63 25 0.8471230268478394 4 -1 -1 
442 135 9 28 0.8421385884284973 1 -1 -1 
356 327 15 41 0.8380892276763916 1 -1 -1 
322 46 27 30 0.8350528478622437 4 -1 -1 
988 156 69 34 0.8247170448303223 4 -1 -1 
521 312 102 43 0.8239180445671082 4 -1 -1 
573 439 118 61 0.8195012211799622 4 -1 -1 
959 188 69 48 0.8183067440986633 4 -1 -1 
1114 245 87 39 0.8176458477973938 4 -1 -1 
146 454 107 75 0.8175204992294312 4 -1 -1 
269 210 23 32 0.816554069519043 7 -1 -1 
480 99 70 30 0.8028441667556763 4 -1 -1 
462 82 57 26 0.7962026596069336 4 -1 -1 
424 10 56 24 0.7954440116882324 4 -1 -1 
533 279 87 42 0.7764856219291687 4 -1 -1 
426 208 13 22 0.7571013569831848 2 -1 -1 
49 31 35 25 0.7551769018173218 4 -1 -1 
1262 96 68 36 0.7475494146347046 4 -1 -1 
110 616 83 148 0.7442703247070312 4 -1 -1 
570 59 8 22 0.7419236898422241 1 -1 -1 
1054 215 13 30 0.7360419034957886 1 -1 -1 
460 58 62 22 0.7352520823478699 4 -1 -1 
369 59 9 18 0.7340425848960876 2 -1 -1 
856 146 10 28 0.7322418093681335 1 -1 -1 
881 337 101 55 0.7293466329574585 4 -1 -1 
369 64 10 19 0.7167390584945679 10 -1 -1 
242 175 37 43 0.7154159545898438 4 -1 -1 
686 270 95 48 0.7114387154579163 4 -1 -1 
294 100 8 18 0.7080436944961548 3 -1 -1 
294 91 8 20 0.7013460993766785 2 -1 -1 
392 101 11 27 0.6974890232086182 1 -1 -1 
426 215 14 24 0.6967985033988953 10 -1 -1 
560 58 9 24 0.6967934370040894 1 -1 -1 
341 190 15 26 0.6919679045677185 2 -1 -1 
852 112 9 20 0.6913660168647766 3 -1 -1 
340 196 16 28 0.6886327266693115 10 -1 -1 
507 107 79 33 0.6841708421707153 4 -1 -1 
1112 57 16 19 0.6664091944694519 10 -1 -1 
418 5 55 22 0.6620931625366211 4 -1 -1 
1023 55 19 17 0.6572972536087036 10 -1 -1 
1164 277 95 45 0.6518703699111938 4 -1 -1 
276 150 13 27 0.6494249105453491 1 -1 -1 
585 56 8 23 0.6492557525634766 1 -1 -1 
764 81 9 21 0.6344184279441833 10 -1 -1 
545 58 8 21 0.6305336952209473 1 -1 -1 
245 119 26 17 0.6289224624633789 10 -1 -1 
474 138 12 21 0.6261093020439148 2 -1 -1 
1309 44 50 27 0.621383786201477 4 -1 -1 
1019 127 14 16 0.5944479703903198 2 -1 -1 
852 103 9 24 0.5920127034187317 2 -1 -1 
151 284 101 45 0.587138295173645 4 -1 -1 
566 57 8 24 0.5739862322807312 1 -1 -1 
405 81 23 28 0.5693550705909729 7 -1 -1 
139 163 52 36 0.5626327395439148 4 -1 -1 
562 67 8 16 0.5572647452354431 3 -1 -1 
761 199 15 27 0.5534362196922302 1 -1 -1 
250 112 14 22 0.5502840280532837 2 -1 -1 
693 76 11 18 0.5481192469596863 10 -1 -1 
338 232 14 29 0.5414199233055115 2 -1 -1 
922 70 53 25 0.5239962935447693 4 -1 -1 
758 77 12 19 0.5175787806510925 10 -1 -1 
1311 91 47 33 0.5028566122055054 4 -1 -1 
834 79 13 18 0.5023772120475769 2 -1 -1 
404 82 25 41 0.5020970106124878 7 -1 -1 
415 101 13 29 0.4788949191570282 1 -1 -1 
564 65 9 18 0.47861558198928833 3 -1 -1 
339 246 15 22 0.47619882225990295 10 -1 -1 
1000 50 8 15 0.46182775497436523 3 -1 -1 
533 61 8 18 0.4580686688423157 1 -1 -1 
973 46 17 16 0.4572444260120392 10 -1 -1 
278 159 9 19 0.4527873396873474 1 -1 -1 
544 61 9 18 0.4518071115016937 3 -1 -1 
544 56 9 21 0.44658708572387695 2 -1 -1 
1160 52 12 18 0.4368033707141876 3 -1 -1 
1075 79 8 19 0.43673333525657654 1 -1 -1 
835 79 11 18 0.43580764532089233 1 -1 -1 
341 238 13 30 0.4328457713127136 3 -1 -1 
964 36 7 18 0.4315197169780731 1 -1 -1 
598 62 8 18 0.42825108766555786 10 -1 -1 
585 65 9 15 0.4199953079223633 3 -1 -1 
591 56 7 17 0.4161975085735321 1 -1 -1 
417 3 48 18 0.413051962852478 4 -1 -1 
17 680 33 48 0.4006422758102417 3 -1 -1 
920 660 17 31 0.397258460521698 1 -1 -1 
453 67 64 22 0.3954044282436371 4 -1 -1 
584 56 8 23 0.3952171206474304 2 -1 -1 
765 89 8 13 0.37691816687583923 10 -1 -1 
685 270 94 46 0.3752651512622833 5 -1 -1 
567 67 11 16 0.37332046031951904 3 -1 -1 
1015 130 18 16 0.3714241683483124 10 -1 -1 
880 336 103 56 0.3697876036167145 5 -1 -1 
560 61 10 22 0.3642085790634155 3 -1 -1 
765 82 8 16 0.3542480170726776 2 -1 -1 
586 56 9 21 0.3540940284729004 1 -1 -1 
808 74 7 14 0.35204705595970154 1 -1 -1 
1013 130 19 16 0.3502342700958252 3 -1 -1 
540 59 7 19 0.3498673141002655 1 -1 -1 
111 616 82 147 0.3476184904575348 5 -1 -1 
597 60 8 19 0.3469463586807251 1 -1 -1 
584 59 9 21 0.3445218801498413 3 -1 -1 
693 76 11 18 0.338348388671875 3 -1 -1 
1160 52 12 17 0.3374607264995575 10 -1 -1 
249 113 15 22 0.33261191844940186 10 -1 -1 
1171 713 23 34 0.3310830891132355 3 -1 -1 
244 119 27 17 0.33081069588661194 3 -1 -1 
857 624 89 103 0.3160565197467804 6 -1 -1 
810 266 90 43 0.30979570746421814 4 -1 -1 
393 86 35 40 0.2988259196281433 7 -1 -1 
99 329 123 54 0.2915775179862976 4 -1 -1 
600 526 126 59 0.24813386797904968 4 -1 -1 
526 321 104 47 0.23538734018802643 4 -1 -1 
572 439 113 61 0.23331569135189056 5 -1 -1 
188 286 187 67 0.22044964134693146 6 -1 -1 
150 274 98 43 0.2170230597257614 4 -1 -1 
139 333 95 50 0.21334883570671082 4 -1 -1 
145 453 107 76 0.20590044558048248 5 -1 -1 
268 209 25 34 0.20220324397087097 6 -1 -1 
603 507 137 68 0.19937652349472046 4 -1 -1 
97 328 125 55 0.18932610750198364 6 -1 -1 
533 279 87 41 0.18643859028816223 5 -1 -1 
268 209 25 34 0.1827666461467743 4 -1 -1 
116 272 132 55 0.1799996942281723 4 -1 -1 
404 82 25 41 0.17419396340847015 8 -1 -1 
483 102 99 33 0.16991060972213745 4 -1 -1 
611 485 121 65 0.16401274502277374 4 -1 -1 
596 533 85 55 0.15691691637039185 4 -1 -1 
521 312 102 43 0.15600253641605377 5 -1 -1 
442 585 68 123 0.15498100221157074 5 -1 -1 
270 287 105 75 0.15448932349681854 6 -1 -1 
856 623 90 102 0.15272821485996246 8 -1 -1 
156 259 89 42 0.1516387015581131 4 -1 -1 
1164 277 95 45 0.1497948318719864 5 -1 -1 
268 209 25 34 0.14836128056049347 8 -1 -1 
130 331 98 51 0.14780695736408234 7 -1 -1 
280 327 72 116 0.14631380140781403 4 -1 -1 
280 327 71 116 0.1417696624994278 5 -1 -1 
109 616 86 149 0.1363813579082489 9 -1 -1 
852 621 73 80 0.13272450864315033 6 -1 -1 
243 283 133 59 0.13215318322181702 5 -1 -1 
152 284 100 45 0.130035862326622 5 -1 -1 
192 339 82 71 0.12975667417049408 5 -1 -1 
959 188 70 49 0.1293870508670807 5 -1 -1 
241 109 33 29 0.12855264544487 10 -1 -1 
523 305 97 32 0.12828770279884338 4 -1 -1 
719 315 102 52 0.12799081206321716 5 -1 -1 
273 293 80 100 0.1260671466588974 6 -1 -1 
1172 283 101 55 0.12137313187122345 4 -1 -1 
175 743 109 21 0.12091546505689621 4 -1 -1 
535 343 104 55 0.12069925665855408 5 -1 -1 
857 624 91 102 0.12010670453310013 7 -1 -1 
125 156 73 46 0.11913194507360458 4 -1 -1 
167 742 111 22 0.11761301010847092 5 -1 -1 
137 331 96 52 0.11757094413042068 6 -1 -1 
799 254 90 39 0.11707230657339096 9 -1 -1 
1074 218 81 38 0.11672700941562653 5 -1 -1 
799 254 90 39 0.114878349006176 5 -1 -1 
173 334 86 53 0.11440687626600266 4 -1 -1 
225 284 148 112 0.11430586874485016 6 -1 -1 
824 277 97 43 0.1142658144235611 1 -1 -1 
522 231 91 44 0.11386824399232864 5 -1 -1 
109 616 86 149 0.11275578290224075 1 -1 -1 
490 188 85 37 0.11189185827970505 9 -1 -1 
207 296 157 145 0.11139243841171265 6 -1 -1 
573 381 113 52 0.11092432588338852 1 -1 -1 
97 328 125 55 0.11006858944892883 5 -1 -1 
131 316 106 60 0.10988809913396835 4 -1 -1 
856 623 90 102 0.10972627252340317 5 -1 -1 
148 292 218 80 0.10933699458837509 6 -1 -1 
393 86 35 40 0.10662546008825302 8 -1 -1 
611 471 112 55 0.105833500623703 4 -1 -1 
591 444 133 64 0.10571709275245667 4 -1 -1 
111 288 133 60 0.10525437444448471 4 -1 -1 
243 283 133 59 0.10470576584339142 4 -1 -1 
116 255 114 54 0.1035335585474968 4 -1 -1 
695 302 93 29 0.10224197059869766 4 -1 -1 
1027 48 42 24 0.10073132067918777 7 -1 -1 
1028 47 41 24 0.10016220808029175 6 -1 -1 
1206 230 152 76 0.10008669644594193 6 -1 -1 
1186 273 97 55 0.10005082190036774 4 -1 -1 
521 311 102 44 0.09977731108665466 1 -1 -1 
103 240 90 60 0.09834332764148712 4 -1 -1 
130 331 98 51 0.09798736125230789 8 -1 -1 
404 81 26 43 0.09790045022964478 10 -1 -1 
175 743 109 21 0.09706667810678482 6 -1 -1 
278 327 73 117 0.09608900547027588 7 -1 -1 
132 238 108 43 0.0950755923986435 4 -1 -1 
1074 218 81 38 0.09482424706220627 9 -1 -1 
600 526 126 59 0.09367567300796509 5 -1 -1 
1205 231 103 62 0.0936523973941803 4 -1 -1 
573 439 113 61 0.09324894845485687 6 -1 -1 
757 185 80 40 0.09156639873981476 4 -1 -1 
573 381 112 51 0.0914519801735878 9 -1 -1 
535 343 104 55 0.09137598425149918 1 -1 -1 
573 439 113 61 0.08965255320072174 1 -1 -1 
96 296 135 66 0.08854696899652481 4 -1 -1 
403 83 27 43 0.08811138570308685 6 -1 -1 
100 246 70 72 0.08742199093103409 4 -1 -1 
490 188 85 37 0.08689107745885849 5 -1 -1 
824 277 97 43 0.08673807233572006 5 -1 -1 
504 106 82 36 0.08672916144132614 5 -1 -1 
153 234 90 36 0.08643241226673126 4 -1 -1 
824 277 97 43 0.08568529039621353 9 -1 -1 
1176 304 103 54 0.08543015271425247 4 -1 -1 
261 286 114 150 0.08506075292825699 6 -1 -1 
719 315 102 52 0.08505824953317642 1 -1 -1 
410 87 22 43 0.0849599614739418 7 -1 -1 
522 231 91 44 0.08455686271190643 9 -1 -1 
630 488 123 76 0.08428337424993515 4 -1 -1 
116 272 132 55 0.08348075300455093 5 -1 -1 
603 507 137 68 0.08325544744729996 5 -1 -1 
522 231 91 43 0.08315849304199219 1 -1 -1 
94 258 107 65 0.0831187292933464 4 -1 -1 
1196 255 96 68 0.08287015557289124 4 -1 -1 
126 156 73 46 0.08286895602941513 5 -1 -1 
798 253 91 39 0.08270032703876495 1 -1 -1 
228 330 131 124 0.08249607682228088 6 -1 -1 
824 277 97 43 0.08217714726924896 10 -1 -1 
150 274 98 43 0.08147420734167099 5 -1 -1 
150 260 93 42 0.08077280968427658 5 -1 -1 
405 82 26 45 0.0806112289428711 3 -1 -1 
1205 228 154 74 0.07790620625019073 5 -1 -1 
599 536 102 72 0.07758919149637222 4 -1 -1 
143 320 97 56 0.07718963921070099 7 -1 -1 
769 210 86 36 0.07715802639722824 9 -1 -1 
1027 48 42 24 0.07645140588283539 8 -1 -1 
572 381 114 51 0.07633746415376663 5 -1 -1 
596 519 163 78 0.07353325188159943 4 -1 -1 
77 314 164 74 0.05249879136681557 6 -1 -1 
