933 322 350 195 0.998767614364624 9 -1 -1 
1003 515 187 134 0.9530342221260071 4 -1 -1 
609 558 236 137 0.9412870407104492 4 -1 -1 
116 209 81 40 0.9315335750579834 4 -1 -1 
112 365 24 65 0.9075640439987183 1 -1 -1 
766 199 37 28 0.8929761648178101 4 -1 -1 
652 207 36 38 0.8908716440200806 4 -1 -1 
130 366 25 60 0.8870748281478882 1 -1 -1 
1042 239 55 36 0.883267879486084 4 -1 -1 
783 227 56 40 0.8589507341384888 4 -1 -1 
1049 351 235 166 0.8498806953430176 9 -1 -1 
469 279 12 34 0.8437387943267822 1 -1 -1 
1107 252 61 36 0.8431702256202698 4 -1 -1 
715 201 37 28 0.8420423865318298 4 -1 -1 
671 117 17 14 0.8387584686279297 4 -1 -1 
176 205 77 37 0.8344707489013672 4 -1 -1 
613 95 12 10 0.8152891397476196 4 -1 -1 
26 220 56 39 0.8015882968902588 4 -1 -1 
679 261 56 46 0.7959821224212646 4 -1 -1 
1002 228 22 25 0.7935793399810791 7 -1 -1 
1262 276 55 40 0.7899966835975647 4 -1 -1 
999 148 55 19 0.766399085521698 4 -1 -1 
997 283 15 43 0.756804347038269 1 -1 -1 
458 273 13 41 0.7431444525718689 1 -1 -1 
1028 159 44 24 0.7394819259643555 4 -1 -1 
981 172 54 29 0.7231829166412354 5 -1 -1 
582 141 6 15 0.6728872060775757 2 -1 -1 
1007 282 15 46 0.6651532649993896 1 -1 -1 
921 170 65 28 0.6608882546424866 4 -1 -1 
1063 165 38 26 0.6090447902679443 4 -1 -1 
1007 195 10 22 0.6002079844474792 2 -1 -1 
756 158 26 23 0.598061740398407 4 -1 -1 
376 198 10 24 0.597361147403717 2 -1 -1 
1328 249 20 36 0.5875763893127441 1 -1 -1 
607 80 8 7 0.579736053943634 4 -1 -1 
1173 223 12 31 0.5796512961387634 1 -1 -1 
987 140 47 20 0.5716338753700256 4 -1 -1 
593 141 6 21 0.5708235502243042 1 -1 -1 
951 207 51 34 0.5601054430007935 4 -1 -1 
1122 217 12 29 0.5451223254203796 1 -1 -1 
1242 248 13 31 0.5419298410415649 1 -1 -1 
768 181 21 21 0.5391607284545898 4 -1 -1 
756 567 92 130 0.5275144577026367 4 -1 -1 
962 182 10 25 0.5270159840583801 1 -1 -1 
928 196 17 21 0.5219712257385254 8 -1 -1 
390 199 11 26 0.5163962841033936 2 -1 -1 
85 161 18 15 0.5117278099060059 5 -1 -1 
1006 202 10 19 0.5066985487937927 3 -1 -1 
968 134 44 18 0.4967392086982727 4 -1 -1 
1036 178 97 59 0.49580201506614685 6 -1 -1 
604 75 9 6 0.4950117766857147 4 -1 -1 
1001 284 17 45 0.4939064085483551 1 -1 -1 
390 199 11 27 0.4936380684375763 1 -1 -1 
980 138 44 20 0.4755434989929199 4 -1 -1 
993 143 48 20 0.46969348192214966 4 -1 -1 
582 147 7 13 0.4696499705314636 10 -1 -1 
605 76 9 7 0.451645165681839 4 -1 -1 
742 148 31 27 0.45087680220603943 4 -1 -1 
951 207 51 34 0.43908554315567017 5 -1 -1 
80 264 18 25 0.43772777915000916 2 -1 -1 
10 132 28 25 0.436911940574646 4 -1 -1 
934 325 277 145 0.43557363748550415 9 -1 -1 
670 102 6 13 0.43255022168159485 1 -1 -1 
738 143 8 18 0.42862194776535034 1 -1 -1 
965 182 11 24 0.42441171407699585 1 -1 -1 
85 162 18 14 0.4223553240299225 6 -1 -1 
1000 228 24 26 0.41865071654319763 8 -1 -1 
933 322 350 195 0.41691407561302185 4 -1 -1 
1006 195 11 25 0.41573426127433777 1 -1 -1 
981 172 55 30 0.4114963114261627 4 -1 -1 
47 114 27 20 0.4104764461517334 4 -1 -1 
741 148 34 26 0.40975669026374817 5 -1 -1 
1131 233 21 20 0.398579865694046 10 -1 -1 
742 148 31 27 0.39420291781425476 6 -1 -1 
738 143 19 17 0.3936990201473236 4 -1 -1 
606 78 8 7 0.3932015597820282 4 -1 -1 
582 147 6 14 0.3926502466201782 3 -1 -1 
82 157 13 8 0.3891987204551697 4 -1 -1 
738 143 7 17 0.3838823437690735 2 -1 -1 
1133 226 20 24 0.3830423951148987 10 -1 -1 
376 198 10 25 0.3763042390346527 1 -1 -1 
1009 155 9 21 0.37564560770988464 1 -1 -1 
933 322 350 195 0.3740832805633545 10 -1 -1 
363 201 13 23 0.37251365184783936 2 -1 -1 
1245 424 23 46 0.371719628572464 1 -1 -1 
892 176 32 30 0.371473491191864 4 -1 -1 
85 258 15 23 0.37006184458732605 2 -1 -1 
1195 237 17 23 0.3683258593082428 10 -1 -1 
1151 221 23 22 0.3662562668323517 10 -1 -1 
969 180 10 25 0.364716112613678 1 -1 -1 
933 322 350 195 0.35485562682151794 7 -1 -1 
1054 154 29 20 0.35225987434387207 4 -1 -1 
1034 152 37 17 0.3472611904144287 4 -1 -1 
108 145 19 18 0.34484782814979553 5 -1 -1 
595 92 9 11 0.3437257409095764 8 -1 -1 
917 165 51 21 0.34216633439064026 4 -1 -1 
935 322 348 198 0.34201234579086304 3 -1 -1 
1056 161 40 25 0.34124258160591125 4 -1 -1 
1006 202 10 19 0.3382807672023773 10 -1 -1 
124 365 22 63 0.33671513199806213 1 -1 -1 
464 277 12 36 0.335906982421875 1 -1 -1 
390 208 11 22 0.3343347907066345 3 -1 -1 
933 322 355 194 0.3330025374889374 1 -1 -1 
973 179 11 25 0.3289327621459961 1 -1 -1 
25 111 23 12 0.3209720551967621 4 -1 -1 
582 143 7 16 0.320315957069397 1 -1 -1 
935 323 347 197 0.3177168667316437 2 -1 -1 
1015 152 45 18 0.3139635920524597 4 -1 -1 
1109 218 11 26 0.3108851909637451 1 -1 -1 
79 259 27 31 0.31020328402519226 2 -1 -1 
994 148 9 20 0.3080846071243286 1 -1 -1 
1059 165 45 25 0.3050602674484253 5 -1 -1 
935 322 348 198 0.3044344186782837 5 -1 -1 
679 102 6 15 0.3043084740638733 1 -1 -1 
85 162 18 14 0.30104658007621765 4 -1 -1 
1005 151 15 22 0.30011582374572754 1 -1 -1 
1025 156 38 20 0.29922541975975037 4 -1 -1 
670 100 6 15 0.2929965555667877 2 -1 -1 
1269 243 12 28 0.29286280274391174 1 -1 -1 
933 322 350 195 0.2882775068283081 6 -1 -1 
987 140 47 20 0.28488755226135254 5 -1 -1 
680 102 6 14 0.2845618426799774 2 -1 -1 
1194 243 21 20 0.2823876738548279 10 -1 -1 
1040 155 39 19 0.2811920940876007 4 -1 -1 
1246 265 36 29 0.28026559948921204 8 -1 -1 
756 149 20 24 0.2802623510360718 4 -1 -1 
755 162 8 20 0.2795465290546417 1 -1 -1 
1324 250 19 33 0.279276579618454 1 -1 -1 
992 148 16 20 0.2785138487815857 1 -1 -1 
1330 249 18 36 0.277752161026001 2 -1 -1 
47 114 28 21 0.2774565517902374 5 -1 -1 
918 161 47 19 0.2773861289024353 4 -1 -1 
959 134 39 22 0.27602535486221313 4 -1 -1 
1286 253 23 24 0.2743382751941681 10 -1 -1 
1005 193 13 17 0.2736346423625946 2 -1 -1 
22 113 21 11 0.2669117748737335 4 -1 -1 
757 159 25 22 0.26413974165916443 5 -1 -1 
84 158 13 9 0.2635454833507538 4 -1 -1 
768 177 16 18 0.2634064257144928 4 -1 -1 
980 138 44 20 0.2624702453613281 5 -1 -1 
933 322 350 195 0.2622843086719513 8 -1 -1 
1200 235 17 23 0.2620173394680023 10 -1 -1 
756 156 22 19 0.2616134285926819 4 -1 -1 
928 196 17 21 0.25933027267456055 7 -1 -1 
999 148 21 19 0.2592814862728119 1 -1 -1 
1077 393 12 33 0.2585543692111969 1 -1 -1 
462 275 10 38 0.25560545921325684 1 -1 -1 
1128 217 12 28 0.2542044520378113 1 -1 -1 
84 159 15 12 0.252616822719574 5 -1 -1 
84 159 15 12 0.25189125537872314 4 -1 -1 
1002 150 22 20 0.2514808177947998 1 -1 -1 
603 67 6 7 0.25039416551589966 4 -1 -1 
1196 223 14 32 0.2487916648387909 1 -1 -1 
79 263 19 26 0.24834425747394562 10 -1 -1 
977 180 10 24 0.2475890964269638 1 -1 -1 
1000 151 16 22 0.2448102980852127 1 -1 -1 
82 255 27 27 0.24480730295181274 2 -1 -1 
768 181 21 21 0.24386055767536163 7 -1 -1 
1246 249 16 29 0.24174350500106812 1 -1 -1 
351 201 26 23 0.24144570529460907 7 -1 -1 
971 134 45 20 0.2398047000169754 5 -1 -1 
752 155 30 25 0.19711048901081085 6 -1 -1 
105 146 35 21 0.18033231794834137 9 -1 -1 
1055 361 230 161 0.1727169305086136 6 -1 -1 
114 366 35 67 0.1680108606815338 1 -1 -1 
1055 361 230 161 0.16464555263519287 5 -1 -1 
1003 515 187 134 0.16377697885036469 1 -1 -1 
79 260 24 30 0.16003963351249695 1 -1 -1 
107 147 36 20 0.14685963094234467 4 -1 -1 
1037 177 61 56 0.12945300340652466 6 -1 -1 
1003 515 187 134 0.1262226104736328 9 -1 -1 
176 205 76 37 0.1248430460691452 5 -1 -1 
610 558 234 138 0.12454339116811752 9 -1 -1 
746 145 36 27 0.12413869798183441 4 -1 -1 
878 256 458 374 0.1234881579875946 6 -1 -1 
107 147 36 20 0.1202048808336258 6 -1 -1 
107 147 36 20 0.12007535248994827 5 -1 -1 
918 169 70 29 0.11962420493364334 5 -1 -1 
1055 361 230 161 0.11895546317100525 4 -1 -1 
610 558 234 138 0.11891911923885345 1 -1 -1 
116 209 81 40 0.11871213465929031 1 -1 -1 
940 322 150 58 0.11639872938394547 4 -1 -1 
350 200 42 26 0.11602726578712463 7 -1 -1 
350 201 34 24 0.11062509566545486 8 -1 -1 
878 256 458 374 0.11044414341449738 9 -1 -1 
1036 178 97 59 0.11032608896493912 5 -1 -1 
942 330 106 95 0.10913670063018799 6 -1 -1 
104 135 33 26 0.10777489095926285 9 -1 -1 
122 361 39 66 0.10589563101530075 1 -1 -1 
901 162 82 34 0.10400568693876266 4 -1 -1 
1034 179 141 67 0.10359730571508408 6 -1 -1 
741 141 33 27 0.1033499613404274 4 -1 -1 
753 150 32 27 0.10142681747674942 4 -1 -1 
10 132 27 25 0.10040662437677383 5 -1 -1 
1002 516 187 133 0.09900203347206116 5 -1 -1 
82 256 28 28 0.09792780876159668 1 -1 -1 
756 557 91 142 0.09753764420747757 5 -1 -1 
176 205 77 37 0.09719821810722351 1 -1 -1 
44 113 30 22 0.09500040858983994 6 -1 -1 
116 209 81 40 0.09476060420274734 5 -1 -1 
1049 351 235 166 0.0942235141992569 1 -1 -1 
857 170 68 37 0.09411747008562088 9 -1 -1 
878 256 458 374 0.09308457374572754 5 -1 -1 
989 144 71 29 0.0930471420288086 4 -1 -1 
1033 159 73 37 0.09264422208070755 4 -1 -1 
757 567 91 129 0.09160441905260086 1 -1 -1 
609 559 235 136 0.09052478522062302 5 -1 -1 
741 148 32 27 0.09043292701244354 8 -1 -1 
1245 266 67 46 0.08924853801727295 4 -1 -1 
850 164 76 43 0.08906535804271698 6 -1 -1 
678 261 57 47 0.08897749334573746 5 -1 -1 
782 226 58 41 0.08894427865743637 5 -1 -1 
387 196 18 33 0.08850383758544922 1 -1 -1 
23 219 59 41 0.08797658234834671 5 -1 -1 
610 559 235 136 0.08755054324865341 10 -1 -1 
1036 189 75 57 0.08711468428373337 6 -1 -1 
1036 343 249 111 0.08596442639827728 9 -1 -1 
735 138 26 30 0.08557222783565521 4 -1 -1 
918 168 70 31 0.08528384566307068 6 -1 -1 
767 173 31 23 0.08470360189676285 7 -1 -1 
864 512 101 83 0.08296147733926773 4 -1 -1 
747 156 32 26 0.08189709484577179 4 -1 -1 
462 273 18 40 0.08134205639362335 1 -1 -1 
942 333 122 80 0.07897043228149414 9 -1 -1 
73 260 23 31 0.0789259672164917 2 -1 -1 
1036 178 102 60 0.07883669435977936 9 -1 -1 
742 148 31 27 0.07870393246412277 9 -1 -1 
116 209 81 40 0.07862679660320282 9 -1 -1 
940 322 140 61 0.07845550775527954 5 -1 -1 
934 324 141 144 0.07776842266321182 9 -1 -1 
8 120 29 33 0.07688937336206436 4 -1 -1 
103 139 31 27 0.07617826759815216 6 -1 -1 
768 174 33 23 0.07500007003545761 4 -1 -1 
746 145 36 27 0.07426594942808151 6 -1 -1 
741 141 33 27 0.07424697279930115 6 -1 -1 
116 209 81 40 0.07375948876142502 10 -1 -1 
890 334 301 239 0.0734986662864685 9 -1 -1 
757 160 32 24 0.07349016517400742 6 -1 -1 
1265 202 66 38 0.072690948843956 4 -1 -1 
1049 351 235 166 0.07250773906707764 2 -1 -1 
103 139 31 27 0.07248679548501968 5 -1 -1 
1106 251 62 38 0.07244514673948288 9 -1 -1 
750 136 31 28 0.07093507051467896 4 -1 -1 
74 263 23 36 0.07077109068632126 1 -1 -1 
1154 203 73 41 0.07028629630804062 4 -1 -1 
350 202 37 25 0.07017631083726883 6 -1 -1 
1003 515 187 134 0.0701347142457962 6 -1 -1 
756 557 86 97 0.06967833638191223 4 -1 -1 
756 569 91 128 0.06957972049713135 9 -1 -1 
951 319 121 47 0.06893368065357208 4 -1 -1 
99 142 30 26 0.06863930076360703 9 -1 -1 
610 559 235 136 0.06844017654657364 7 -1 -1 
116 209 81 40 0.06777586042881012 7 -1 -1 
106 140 37 23 0.06751299649477005 4 -1 -1 
350 200 33 24 0.06729098409414291 2 -1 -1 
936 344 98 113 0.06699486076831818 6 -1 -1 
39 111 31 26 0.0668395459651947 4 -1 -1 
734 144 25 30 0.06678500771522522 6 -1 -1 
982 392 288 131 0.06646931916475296 9 -1 -1 
456 270 19 38 0.06540748476982117 1 -1 -1 
932 322 293 86 0.06493037194013596 9 -1 -1 
1037 177 91 57 0.06452525407075882 4 -1 -1 
103 143 32 25 0.06434827297925949 4 -1 -1 
868 152 59 54 0.0642501637339592 4 -1 -1 
935 347 91 110 0.06386268883943558 9 -1 -1 
942 333 122 80 0.0637902319431305 4 -1 -1 
942 330 106 95 0.06341961026191711 5 -1 -1 
741 148 32 27 0.062447741627693176 7 -1 -1 
765 167 32 26 0.062325652688741684 4 -1 -1 
116 209 81 40 0.06170507147908211 6 -1 -1 
1116 360 162 65 0.061570823192596436 9 -1 -1 
44 113 30 22 0.06106555834412575 9 -1 -1 
108 139 38 24 0.06104336306452751 9 -1 -1 
857 170 68 37 0.060945019125938416 4 -1 -1 
737 144 26 29 0.060920000076293945 9 -1 -1 
468 278 13 36 0.06058022007346153 4 -1 -1 
742 148 33 26 0.060358189046382904 1 -1 -1 
1059 184 106 50 0.06033894047141075 6 -1 -1 
918 168 70 31 0.060206808149814606 9 -1 -1 
935 323 260 150 0.060082271695137024 2 -1 -1 
878 256 458 374 0.060072124004364014 4 -1 -1 
679 261 56 46 0.059663284569978714 1 -1 -1 
101 132 31 27 0.05934416875243187 6 -1 -1 
941 334 97 120 0.05893804877996445 4 -1 -1 
754 157 28 24 0.05848334729671478 9 -1 -1 
101 132 31 27 0.058278363198041916 4 -1 -1 
1266 208 64 49 0.05818302556872368 4 -1 -1 
764 148 611 502 0.05810372158885002 6 -1 -1 
350 198 33 25 0.057623106986284256 1 -1 -1 
1106 252 62 37 0.05749658867716789 5 -1 -1 
765 167 32 26 0.05732009559869766 6 -1 -1 
1003 515 187 134 0.057200949639081955 7 -1 -1 
863 518 101 77 0.05704858899116516 9 -1 -1 
764 148 611 502 0.057038385421037674 9 -1 -1 
458 274 14 39 0.057001568377017975 4 -1 -1 
140 207 80 39 0.05654391273856163 4 -1 -1 
1247 203 71 44 0.05645248293876648 4 -1 -1 
759 161 32 27 0.056413669139146805 4 -1 -1 
1055 534 138 125 0.05633385851979256 4 -1 -1 
1261 276 56 42 0.05588254705071449 5 -1 -1 
610 559 235 136 0.05574259161949158 6 -1 -1 
1051 159 69 43 0.05534893646836281 4 -1 -1 
754 131 30 25 0.054967500269412994 4 -1 -1 
348 199 30 24 0.05489703640341759 6 -1 -1 
24 220 58 41 0.054832860827445984 9 -1 -1 
756 606 73 92 0.054466307163238525 4 -1 -1 
1019 494 177 87 0.054373811930418015 4 -1 -1 
458 273 13 40 0.0542721301317215 2 -1 -1 
176 205 76 37 0.05358726158738136 6 -1 -1 
176 205 76 37 0.053507979959249496 9 -1 -1 
1035 177 72 52 0.05344074219465256 9 -1 -1 
372 195 30 32 0.053069014102220535 1 -1 -1 
939 324 145 73 0.053008195012807846 8 -1 -1 
994 507 138 120 0.05285448953509331 9 -1 -1 
973 169 64 34 0.052540916949510574 6 -1 -1 
387 196 18 33 0.05252210050821304 2 -1 -1 
101 132 31 27 0.052499186247587204 5 -1 -1 
98 145 31 24 0.05245864391326904 6 -1 -1 
742 133 33 27 0.05245010554790497 4 -1 -1 
20 106 33 20 0.05234627425670624 4 -1 -1 
10 130 27 27 0.05233725160360336 6 -1 -1 
10 132 27 25 0.05190001800656319 1 -1 -1 
84 257 29 31 0.051428720355033875 9 -1 -1 
110 364 28 68 0.05096745118498802 4 -1 -1 
994 507 138 120 0.05083153769373894 4 -1 -1 
935 323 260 150 0.05064864829182625 1 -1 -1 
82 254 28 25 0.05032159015536308 9 -1 -1 
1036 343 249 111 0.05022416636347771 6 -1 -1 
734 144 25 30 0.05016995966434479 4 -1 -1 
