483 335 53 73 0.9976656436920166 6 -1 -1 
265 463 18 37 0.946509599685669 1 -1 -1 
281 464 18 41 0.9451815485954285 1 -1 -1 
562 46 15 16 0.9231680035591125 9 -1 -1 
701 470 47 56 0.9175899028778076 4 -1 -1 
617 330 10 21 0.9025605320930481 3 -1 -1 
862 595 155 171 0.9012302756309509 6 -1 -1 
356 493 118 50 0.896003782749176 4 -1 -1 
494 132 37 19 0.8945540189743042 6 -1 -1 
683 319 32 34 0.8751565217971802 4 -1 -1 
833 340 80 32 0.8483688831329346 4 -1 -1 
568 296 10 27 0.8368688821792603 1 -1 -1 
596 421 41 57 0.8314845561981201 4 -1 -1 
507 87 26 14 0.8017449975013733 5 -1 -1 
474 254 54 30 0.78402179479599 5 -1 -1 
676 177 20 16 0.7773069739341736 4 -1 -1 
698 183 16 16 0.7714381814002991 4 -1 -1 
648 144 17 14 0.7668395638465881 4 -1 -1 
655 184 19 19 0.7650238275527954 4 -1 -1 
636 130 15 12 0.7608270049095154 4 -1 -1 
500 150 6 15 0.7565486431121826 1 -1 -1 
617 323 11 23 0.7479079961776733 2 -1 -1 
678 138 5 14 0.7471566796302795 1 -1 -1 
680 164 16 16 0.7462550401687622 4 -1 -1 
618 135 16 14 0.7422656416893005 4 -1 -1 
698 162 6 15 0.736561119556427 1 -1 -1 
505 74 21 8 0.7361602783203125 4 -1 -1 
484 148 5 14 0.7342202663421631 1 -1 -1 
493 147 5 17 0.7302061915397644 1 -1 -1 
609 124 16 13 0.7276343107223511 4 -1 -1 
597 115 13 11 0.7114793062210083 4 -1 -1 
652 153 15 17 0.7106329202651978 4 -1 -1 
544 219 7 18 0.709449291229248 1 -1 -1 
725 120 23 11 0.7090699076652527 4 -1 -1 
495 305 15 8 0.7075477242469788 10 -1 -1 
755 411 14 23 0.7072575688362122 2 -1 -1 
793 253 54 22 0.7005730867385864 4 -1 -1 
647 166 19 17 0.6964423656463623 4 -1 -1 
684 139 6 13 0.6908323168754578 1 -1 -1 
704 232 9 16 0.6885665655136108 2 -1 -1 
704 163 5 14 0.6844881772994995 1 -1 -1 
670 200 19 20 0.6819127202033997 4 -1 -1 
489 60 21 8 0.6806393265724182 4 -1 -1 
477 149 6 15 0.6790316104888916 1 -1 -1 
755 417 14 27 0.6726927757263184 3 -1 -1 
445 148 6 16 0.6719568371772766 1 -1 -1 
669 231 25 24 0.6647875308990479 4 -1 -1 
562 46 15 16 0.6546632051467896 5 -1 -1 
725 234 8 16 0.6483694911003113 2 -1 -1 
545 194 22 18 0.6417523622512817 4 -1 -1 
573 223 23 24 0.639726459980011 4 -1 -1 
548 178 27 17 0.6349756121635437 4 -1 -1 
537 222 6 17 0.6346900463104248 1 -1 -1 
736 125 23 12 0.633013129234314 4 -1 -1 
439 178 5 13 0.6285147666931152 1 -1 -1 
434 178 6 13 0.6280705332756042 1 -1 -1 
671 137 5 13 0.6273180842399597 1 -1 -1 
892 349 72 37 0.6260877847671509 4 -1 -1 
459 147 6 12 0.6242699027061462 1 -1 -1 
480 163 5 14 0.6237692832946777 1 -1 -1 
796 243 53 22 0.6188886165618896 4 -1 -1 
520 555 18 36 0.6182484030723572 2 -1 -1 
501 66 18 8 0.6162084937095642 4 -1 -1 
520 565 18 42 0.6130567789077759 10 -1 -1 
468 146 7 15 0.6103957891464233 1 -1 -1 
523 95 23 10 0.6016253232955933 4 -1 -1 
591 143 12 15 0.6010857224464417 5 -1 -1 
609 89 11 9 0.5986642241477966 4 -1 -1 
494 102 25 10 0.5916522145271301 4 -1 -1 
586 84 11 9 0.5901882648468018 4 -1 -1 
703 139 6 13 0.5885258316993713 1 -1 -1 
941 465 21 34 0.5829970240592957 2 -1 -1 
693 138 5 13 0.5659154057502747 1 -1 -1 
430 154 5 11 0.5619702339172363 1 -1 -1 
725 704 75 60 0.5524700284004211 5 -1 -1 
952 487 18 27 0.532874345779419 2 -1 -1 
788 269 59 22 0.5326412916183472 4 -1 -1 
704 238 8 16 0.5260369181632996 3 -1 -1 
755 417 13 27 0.5260075926780701 10 -1 -1 
725 240 8 15 0.5193477272987366 3 -1 -1 
697 138 5 14 0.5164284110069275 1 -1 -1 
725 240 8 15 0.5111451148986816 10 -1 -1 
726 704 74 60 0.5110050439834595 4 -1 -1 
374 117 19 13 0.5077194571495056 4 -1 -1 
435 178 7 13 0.4942871332168579 1 -1 -1 
494 147 6 16 0.49173733592033386 1 -1 -1 
864 597 155 170 0.4915280342102051 4 -1 -1 
712 152 33 14 0.48757097125053406 4 -1 -1 
499 149 5 15 0.4760335087776184 1 -1 -1 
457 133 32 16 0.4725375771522522 5 -1 -1 
496 147 5 13 0.47144514322280884 1 -1 -1 
457 133 32 16 0.46864500641822815 4 -1 -1 
703 114 28 11 0.46573561429977417 4 -1 -1 
442 416 7 20 0.4602384567260742 1 -1 -1 
275 339 33 17 0.4443429410457611 3 -1 -1 
476 164 5 11 0.4377894401550293 1 -1 -1 
506 85 24 10 0.4344668686389923 5 -1 -1 
858 321 72 30 0.4260369837284088 4 -1 -1 
478 202 5 12 0.42468544840812683 1 -1 -1 
499 79 4 9 0.41534310579299927 1 -1 -1 
477 163 6 13 0.4097202718257904 1 -1 -1 
483 335 53 73 0.40431156754493713 4 -1 -1 
479 91 8 12 0.40005379915237427 1 -1 -1 
845 327 78 33 0.395942747592926 4 -1 -1 
648 119 5 10 0.3952258825302124 1 -1 -1 
704 237 8 17 0.3940815031528473 10 -1 -1 
478 144 6 16 0.39142951369285583 1 -1 -1 
483 335 53 73 0.38113099336624146 10 -1 -1 
617 107 5 10 0.380842924118042 1 -1 -1 
483 334 53 74 0.37883374094963074 5 -1 -1 
617 107 5 10 0.3492971658706665 10 -1 -1 
507 84 23 10 0.3481360375881195 4 -1 -1 
474 254 54 30 0.34459125995635986 4 -1 -1 
952 487 18 27 0.33908024430274963 1 -1 -1 
687 107 27 12 0.3360145390033722 4 -1 -1 
542 186 23 17 0.3341798484325409 4 -1 -1 
680 138 7 14 0.32903197407722473 1 -1 -1 
655 126 5 10 0.32899269461631775 1 -1 -1 
494 132 38 18 0.3197382986545563 5 -1 -1 
590 143 13 15 0.316763311624527 4 -1 -1 
372 254 8 15 0.31257638335227966 2 -1 -1 
699 139 5 13 0.31142887473106384 1 -1 -1 
822 308 61 30 0.3109670877456665 4 -1 -1 
372 255 8 15 0.3077227771282196 1 -1 -1 
617 330 10 21 0.3075283467769623 10 -1 -1 
483 335 53 73 0.30475950241088867 7 -1 -1 
265 463 18 37 0.299891859292984 4 -1 -1 
281 464 18 41 0.28640738129615784 4 -1 -1 
837 318 79 29 0.27769872546195984 4 -1 -1 
483 335 53 73 0.27480289340019226 9 -1 -1 
472 106 69 28 0.27370694279670715 6 -1 -1 
876 321 71 32 0.2640724778175354 4 -1 -1 
483 334 53 74 0.2623671293258667 2 -1 -1 
942 465 20 34 0.25380846858024597 1 -1 -1 
472 106 69 28 0.2533320188522339 9 -1 -1 
483 335 53 73 0.24681499600410461 8 -1 -1 
520 565 18 42 0.24498431384563446 3 -1 -1 
520 555 18 36 0.22361215949058533 1 -1 -1 
421 108 32 17 0.21940435469150543 4 -1 -1 
862 596 155 171 0.2185315489768982 7 -1 -1 
543 184 28 22 0.21006403863430023 4 -1 -1 
862 594 156 175 0.2068800926208496 5 -1 -1 
789 251 63 31 0.2049989402294159 4 -1 -1 
520 560 18 46 0.20276662707328796 2 -1 -1 
493 132 39 18 0.19883041083812714 4 -1 -1 
945 473 20 38 0.1907615214586258 2 -1 -1 
483 335 53 73 0.18933647871017456 3 -1 -1 
540 179 32 20 0.18850284814834595 4 -1 -1 
483 335 53 73 0.17469079792499542 1 -1 -1 
357 493 117 50 0.17409288883209229 5 -1 -1 
805 309 67 34 0.17351117730140686 4 -1 -1 
461 130 38 17 0.16332916915416718 5 -1 -1 
633 87 37 20 0.16310851275920868 8 -1 -1 
883 335 65 35 0.15431973338127136 4 -1 -1 
633 87 37 20 0.15361709892749786 6 -1 -1 
939 461 19 34 0.15149590373039246 2 -1 -1 
457 133 32 17 0.14924949407577515 6 -1 -1 
783 240 67 29 0.1469677984714508 4 -1 -1 
469 129 36 17 0.14183376729488373 6 -1 -1 
633 87 37 20 0.1404808759689331 7 -1 -1 
861 595 156 171 0.14029544591903687 8 -1 -1 
460 69 31 19 0.13851913809776306 4 -1 -1 
469 128 33 16 0.13800430297851562 5 -1 -1 
725 704 75 60 0.13707397878170013 9 -1 -1 
461 131 37 16 0.137067973613739 4 -1 -1 
834 340 81 32 0.13357724249362946 5 -1 -1 
469 128 33 16 0.13193067908287048 4 -1 -1 
891 351 69 35 0.12651070952415466 5 -1 -1 
505 86 30 16 0.12312762439250946 4 -1 -1 
522 92 32 14 0.12297080457210541 4 -1 -1 
457 121 53 18 0.12045085430145264 6 -1 -1 
945 473 20 38 0.11882609128952026 1 -1 -1 
422 108 33 17 0.11613402515649796 5 -1 -1 
859 321 74 31 0.11608699709177017 5 -1 -1 
723 117 31 15 0.11542603373527527 4 -1 -1 
845 327 78 33 0.11397146433591843 5 -1 -1 
475 113 49 19 0.11242440342903137 9 -1 -1 
545 178 31 18 0.11196400225162506 5 -1 -1 
861 595 156 173 0.11054772138595581 9 -1 -1 
520 556 18 40 0.10852563381195068 3 -1 -1 
549 172 31 18 0.10673844814300537 4 -1 -1 
789 266 67 33 0.10422082990407944 4 -1 -1 
596 421 42 57 0.10392764210700989 5 -1 -1 
477 106 51 23 0.10165328532457352 9 -1 -1 
788 241 63 27 0.10115377604961395 5 -1 -1 
520 562 18 44 0.10013476759195328 1 -1 -1 
271 464 20 40 0.0986664816737175 1 -1 -1 
942 465 20 34 0.09839925915002823 10 -1 -1 
939 461 19 34 0.09689199179410934 1 -1 -1 
707 137 33 16 0.09616996347904205 4 -1 -1 
712 151 34 15 0.09558285027742386 5 -1 -1 
718 152 35 17 0.0952562615275383 4 -1 -1 
461 131 37 16 0.09521514922380447 6 -1 -1 
707 145 33 20 0.09451174736022949 4 -1 -1 
457 133 32 17 0.09202132374048233 9 -1 -1 
716 147 35 18 0.0918504148721695 4 -1 -1 
754 408 17 31 0.09181903302669525 2 -1 -1 
356 493 118 50 0.090654656291008 1 -1 -1 
798 193 34 29 0.090493343770504 6 -1 -1 
726 704 74 60 0.08996150642633438 6 -1 -1 
417 110 32 19 0.08911411464214325 4 -1 -1 
702 109 36 15 0.08807751536369324 6 -1 -1 
722 116 33 15 0.0876322090625763 6 -1 -1 
413 106 34 19 0.08726536482572556 4 -1 -1 
892 335 77 41 0.08671224117279053 4 -1 -1 
726 704 74 60 0.08637610077857971 1 -1 -1 
351 266 33 19 0.08553141355514526 5 -1 -1 
452 111 65 24 0.08456669747829437 6 -1 -1 
451 107 72 34 0.08440326154232025 9 -1 -1 
535 175 32 20 0.08438222110271454 4 -1 -1 
669 231 24 24 0.08365095406770706 5 -1 -1 
788 264 63 29 0.08298064768314362 5 -1 -1 
477 105 60 23 0.08262792229652405 4 -1 -1 
867 327 75 35 0.08235599845647812 4 -1 -1 
845 319 74 29 0.08201038092374802 5 -1 -1 
831 313 77 31 0.0818096175789833 5 -1 -1 
473 123 41 17 0.08072233200073242 6 -1 -1 
701 471 47 55 0.07997217029333115 1 -1 -1 
811 309 68 34 0.07961337268352509 5 -1 -1 
519 570 19 38 0.0792892724275589 7 -1 -1 
822 334 75 32 0.07916201651096344 4 -1 -1 
890 323 76 39 0.07883147150278091 4 -1 -1 
834 339 79 33 0.07822524756193161 1 -1 -1 
901 342 79 42 0.07687024027109146 4 -1 -1 
468 109 69 39 0.0686226412653923 6 -1 -1 
472 106 69 28 0.06714917719364166 5 -1 -1 
305 691 135 71 0.06530088186264038 6 -1 -1 
468 109 69 39 0.06029485538601875 9 -1 -1 
