493 279 80 70 0.9986881613731384 9 -1 -1 
570 231 52 41 0.9984537363052368 9 -1 -1 
804 253 35 45 0.9977329969406128 9 -1 -1 
813 222 23 35 0.9643815159797668 9 -1 -1 
1188 393 16 23 0.9556450247764587 3 -1 -1 
644 498 58 65 0.9383078217506409 4 -1 -1 
803 529 67 67 0.9377880692481995 4 -1 -1 
787 329 39 29 0.9340859055519104 4 -1 -1 
767 349 35 31 0.9252256155014038 4 -1 -1 
372 417 60 54 0.9242327213287354 4 -1 -1 
828 342 33 31 0.9172155857086182 4 -1 -1 
526 441 55 54 0.9113330245018005 4 -1 -1 
759 673 95 91 0.9091057777404785 4 -1 -1 
591 345 36 34 0.9003601670265198 4 -1 -1 
719 391 40 38 0.8936679363250732 4 -1 -1 
1143 570 24 59 0.8935558199882507 1 -1 -1 
577 282 35 28 0.8924276232719421 4 -1 -1 
882 646 114 113 0.8843967914581299 4 -1 -1 
822 318 30 26 0.8816988468170166 4 -1 -1 
789 238 16 14 0.8754473924636841 4 -1 -1 
683 227 18 14 0.8698771595954895 4 -1 -1 
633 259 23 19 0.8462395071983337 4 -1 -1 
775 311 28 25 0.8426154851913452 4 -1 -1 
657 268 24 20 0.8383321762084961 4 -1 -1 
768 233 13 12 0.8314467072486877 4 -1 -1 
721 330 30 30 0.8277730345726013 4 -1 -1 
775 276 22 19 0.8250030875205994 4 -1 -1 
761 242 15 14 0.8173782229423523 4 -1 -1 
756 222 14 12 0.8074442744255066 4 -1 -1 
405 330 9 27 0.8064484000205994 1 -1 -1 
1130 371 11 18 0.8016970157623291 3 -1 -1 
616 251 20 18 0.7934656739234924 4 -1 -1 
795 222 14 13 0.7729286551475525 4 -1 -1 
748 261 19 17 0.7678476572036743 4 -1 -1 
752 250 18 16 0.7565338611602783 4 -1 -1 
741 267 18 18 0.7551306486129761 4 -1 -1 
793 231 16 12 0.7528448104858398 4 -1 -1 
768 300 24 22 0.7494271993637085 4 -1 -1 
720 313 29 24 0.7477937936782837 4 -1 -1 
641 235 17 16 0.7455467581748962 4 -1 -1 
765 285 23 21 0.7411488890647888 4 -1 -1 
811 303 24 23 0.7355087399482727 4 -1 -1 
718 223 15 13 0.7297872304916382 4 -1 -1 
702 212 16 16 0.7271638512611389 4 -1 -1 
839 183 8 8 0.7212361693382263 4 -1 -1 
466 290 7 22 0.7126758694648743 1 -1 -1 
724 299 26 20 0.7106812000274658 4 -1 -1 
777 267 21 15 0.7089782953262329 4 -1 -1 
1149 372 15 24 0.7084159255027771 10 -1 -1 
1200 381 15 18 0.7080920338630676 2 -1 -1 
806 292 22 21 0.7056716084480286 4 -1 -1 
528 349 37 41 0.6753858923912048 5 -1 -1 
554 245 7 16 0.6710991263389587 1 -1 -1 
1014 278 8 20 0.6697771549224854 1 -1 -1 
472 297 7 17 0.6688562035560608 1 -1 -1 
727 288 24 19 0.6687433123588562 4 -1 -1 
419 295 34 22 0.6678892374038696 8 -1 -1 
775 216 14 14 0.6654484868049622 4 -1 -1 
550 253 7 17 0.6652787923812866 1 -1 -1 
622 229 5 13 0.6466385722160339 1 -1 -1 
330 376 11 22 0.6456649303436279 1 -1 -1 
934 206 5 15 0.6433554887771606 1 -1 -1 
396 332 9 27 0.6267796158790588 1 -1 -1 
557 268 8 20 0.6210140585899353 1 -1 -1 
659 235 11 9 0.6205450892448425 10 -1 -1 
1023 510 39 30 0.618196964263916 3 -1 -1 
948 199 6 13 0.6106668710708618 1 -1 -1 
1082 318 43 29 0.6100417375564575 4 -1 -1 
987 462 37 30 0.5972296595573425 3 -1 -1 
661 231 7 11 0.5899483561515808 2 -1 -1 
794 227 15 11 0.5873189568519592 4 -1 -1 
991 325 34 35 0.5760028958320618 9 -1 -1 
976 271 26 26 0.5691978335380554 5 -1 -1 
647 242 7 16 0.5615748763084412 1 -1 -1 
733 273 22 21 0.5488479733467102 4 -1 -1 
782 255 18 20 0.540206253528595 5 -1 -1 
808 291 19 15 0.5323696136474609 4 -1 -1 
156 427 13 36 0.5301713347434998 1 -1 -1 
1027 499 34 31 0.5280632972717285 3 -1 -1 
781 259 19 18 0.520107626914978 4 -1 -1 
1023 492 36 30 0.5102818012237549 3 -1 -1 
525 258 9 23 0.5028635263442993 1 -1 -1 
818 183 9 9 0.4936901926994324 4 -1 -1 
827 186 9 8 0.48732420802116394 4 -1 -1 
841 294 9 15 0.4839828610420227 10 -1 -1 
922 394 34 27 0.48182234168052673 3 -1 -1 
724 215 16 14 0.48129117488861084 4 -1 -1 
953 386 7 20 0.47025710344314575 1 -1 -1 
156 440 13 27 0.46992379426956177 3 -1 -1 
1021 280 9 17 0.4685653746128082 1 -1 -1 
1004 488 33 27 0.4661678373813629 3 -1 -1 
753 175 9 9 0.46502256393432617 4 -1 -1 
419 296 34 21 0.463320791721344 5 -1 -1 
842 288 9 18 0.4630199372768402 2 -1 -1 
1082 317 43 30 0.4614260792732239 6 -1 -1 
632 227 5 12 0.46075066924095154 1 -1 -1 
783 255 17 14 0.45688390731811523 4 -1 -1 
909 231 8 16 0.4482775926589966 1 -1 -1 
993 303 8 18 0.44610223174095154 1 -1 -1 
993 472 31 24 0.4437664747238159 3 -1 -1 
825 187 10 9 0.43404853343963623 4 -1 -1 
313 359 14 24 0.431568443775177 3 -1 -1 
528 348 37 42 0.4286392033100128 4 -1 -1 
493 279 80 70 0.4251842498779297 4 -1 -1 
1075 562 19 31 0.4239967167377472 3 -1 -1 
733 273 22 22 0.42255961894989014 5 -1 -1 
569 232 53 40 0.41959160566329956 4 -1 -1 
999 484 33 27 0.413097620010376 3 -1 -1 
793 233 13 11 0.4129588305950165 4 -1 -1 
1343 576 9 17 0.403571754693985 2 -1 -1 
924 400 36 27 0.40193936228752136 3 -1 -1 
984 458 35 27 0.3983429968357086 3 -1 -1 
809 301 24 17 0.39778175950050354 4 -1 -1 
842 271 8 15 0.39248907566070557 2 -1 -1 
908 192 14 11 0.3886304199695587 4 -1 -1 
159 465 14 26 0.3850230574607849 2 -1 -1 
960 430 34 30 0.38343483209609985 7 -1 -1 
639 254 7 12 0.3830483853816986 1 -1 -1 
1015 490 34 28 0.3817272186279297 3 -1 -1 
824 189 10 8 0.37964972853660583 4 -1 -1 
1082 317 43 30 0.3742315173149109 5 -1 -1 
311 344 21 34 0.373302161693573 3 -1 -1 
467 293 8 20 0.37206488847732544 1 -1 -1 
494 280 79 68 0.3681967258453369 10 -1 -1 
1271 525 8 15 0.3664185106754303 2 -1 -1 
156 427 13 36 0.36520981788635254 2 -1 -1 
1036 505 26 34 0.3648524284362793 3 -1 -1 
909 231 7 15 0.3621540665626526 2 -1 -1 
995 478 31 26 0.36171212792396545 3 -1 -1 
961 432 28 28 0.36128905415534973 3 -1 -1 
781 266 18 13 0.3598484396934509 4 -1 -1 
1026 499 36 33 0.3590323328971863 10 -1 -1 
988 303 9 18 0.35894346237182617 1 -1 -1 
840 287 8 18 0.3571723997592926 2 -1 -1 
563 253 8 17 0.3549689054489136 1 -1 -1 
570 231 52 41 0.3540106415748596 10 -1 -1 
648 242 6 16 0.3527490496635437 2 -1 -1 
676 217 6 10 0.3503466844558716 2 -1 -1 
1019 507 43 32 0.34987303614616394 10 -1 -1 
938 403 24 31 0.3485689163208008 3 -1 -1 
945 409 16 26 0.3484140634536743 3 -1 -1 
999 466 25 26 0.34769874811172485 3 -1 -1 
563 253 8 18 0.3466283977031708 2 -1 -1 
1022 494 36 30 0.34584471583366394 10 -1 -1 
744 264 20 16 0.34562402963638306 4 -1 -1 
771 306 28 25 0.3455517888069153 4 -1 -1 
309 341 26 29 0.34390345215797424 3 -1 -1 
804 253 35 45 0.3410488963127136 4 -1 -1 
1150 372 13 19 0.3396602272987366 2 -1 -1 
661 234 9 10 0.3364342153072357 2 -1 -1 
493 279 80 70 0.32962164282798767 1 -1 -1 
153 474 23 35 0.3201426565647125 7 -1 -1 
494 280 79 69 0.31795594096183777 5 -1 -1 
418 295 35 22 0.31680819392204285 4 -1 -1 
570 231 52 41 0.3124654293060303 1 -1 -1 
569 232 53 40 0.29975762963294983 5 -1 -1 
494 280 79 68 0.2961874008178711 3 -1 -1 
493 279 80 70 0.29605230689048767 2 -1 -1 
976 271 26 27 0.2870989143848419 4 -1 -1 
569 232 53 40 0.28492963314056396 3 -1 -1 
976 271 26 27 0.284436970949173 9 -1 -1 
804 253 35 45 0.2745685279369354 1 -1 -1 
309 348 18 34 0.26746758818626404 3 -1 -1 
493 279 80 70 0.2606774866580963 6 -1 -1 
493 279 80 70 0.2583833634853363 7 -1 -1 
804 253 35 45 0.2564658224582672 5 -1 -1 
804 253 35 44 0.25323614478111267 10 -1 -1 
570 231 52 41 0.2510611116886139 6 -1 -1 
153 473 23 35 0.25075456500053406 10 -1 -1 
942 406 27 32 0.2471918910741806 3 -1 -1 
570 231 52 41 0.24643871188163757 7 -1 -1 
569 231 53 41 0.24293585121631622 2 -1 -1 
493 279 80 70 0.23109062016010284 8 -1 -1 
153 465 22 35 0.23090671002864838 2 -1 -1 
804 253 35 44 0.22962532937526703 2 -1 -1 
925 389 29 26 0.2218431830406189 3 -1 -1 
569 232 53 40 0.21913158893585205 8 -1 -1 
804 253 35 45 0.21728943288326263 6 -1 -1 
804 253 35 44 0.2167883813381195 3 -1 -1 
976 271 27 27 0.20828285813331604 6 -1 -1 
153 473 22 34 0.20319409668445587 8 -1 -1 
881 647 114 112 0.20266278088092804 5 -1 -1 
804 253 35 45 0.20170453190803528 7 -1 -1 
1014 489 50 52 0.19566363096237183 3 -1 -1 
931 390 29 29 0.19328513741493225 3 -1 -1 
804 253 35 45 0.190860778093338 8 -1 -1 
935 395 28 32 0.18476319313049316 3 -1 -1 
309 340 27 22 0.180582195520401 10 -1 -1 
723 303 27 25 0.1787194460630417 4 -1 -1 
810 268 35 36 0.17577901482582092 9 -1 -1 
419 295 34 22 0.17552195489406586 7 -1 -1 
153 473 23 35 0.17244185507297516 3 -1 -1 
728 279 25 25 0.17027074098587036 4 -1 -1 
720 322 30 30 0.15943020582199097 4 -1 -1 
1052 441 47 54 0.15784291923046112 5 -1 -1 
1051 443 49 58 0.1568523496389389 4 -1 -1 
310 341 25 34 0.1561182141304016 10 -1 -1 
1010 490 54 51 0.1556691974401474 10 -1 -1 
722 331 29 29 0.15138915181159973 5 -1 -1 
720 313 29 23 0.14733561873435974 5 -1 -1 
923 394 32 26 0.14231973886489868 10 -1 -1 
504 279 49 30 0.1416889876127243 4 -1 -1 
806 245 29 36 0.13683347404003143 9 -1 -1 
494 302 48 48 0.1331135779619217 6 -1 -1 
154 431 16 37 0.1324339061975479 3 -1 -1 
569 241 24 32 0.13099661469459534 9 -1 -1 
810 232 27 44 0.12933820486068726 9 -1 -1 
928 387 29 28 0.12825912237167358 10 -1 -1 
372 417 60 54 0.12792156636714935 5 -1 -1 
307 338 27 23 0.12754306197166443 3 -1 -1 
775 311 28 25 0.12547029554843903 5 -1 -1 
156 464 19 38 0.12146896868944168 1 -1 -1 
414 289 39 24 0.12116304039955139 5 -1 -1 
813 222 23 35 0.11879818886518478 4 -1 -1 
508 277 59 28 0.11856237798929214 4 -1 -1 
414 289 39 24 0.11751067638397217 4 -1 -1 
803 530 67 67 0.11665545403957367 5 -1 -1 
154 465 21 34 0.11531230807304382 10 -1 -1 
508 277 59 28 0.11349459737539291 9 -1 -1 
767 349 35 30 0.1133449524641037 5 -1 -1 
811 303 25 24 0.11147522926330566 5 -1 -1 
806 287 28 23 0.11019602417945862 4 -1 -1 
508 279 36 23 0.10985457897186279 4 -1 -1 
838 271 15 35 0.10710777342319489 10 -1 -1 
813 222 24 36 0.10708878189325333 6 -1 -1 
930 401 31 32 0.10675951093435287 10 -1 -1 
992 473 63 57 0.10629836469888687 3 -1 -1 
813 222 23 35 0.10600340366363525 5 -1 -1 
526 441 55 54 0.10599255561828613 1 -1 -1 
881 647 114 112 0.10401182621717453 1 -1 -1 
644 498 59 65 0.10296013951301575 5 -1 -1 
393 330 15 33 0.10293298214673996 1 -1 -1 
929 383 28 29 0.10256925225257874 3 -1 -1 
644 498 59 65 0.10241124033927917 1 -1 -1 
308 356 22 30 0.10212571918964386 3 -1 -1 
813 222 23 35 0.10148517787456512 1 -1 -1 
807 267 34 38 0.10133600234985352 6 -1 -1 
938 381 25 29 0.09985758364200592 1 -1 -1 
764 284 25 23 0.09960637986660004 5 -1 -1 
935 388 26 32 0.09940655529499054 10 -1 -1 
372 417 61 54 0.09927201271057129 1 -1 -1 
769 278 28 21 0.09904640913009644 4 -1 -1 
828 342 33 31 0.09898996353149414 5 -1 -1 
419 294 34 23 0.09666356444358826 6 -1 -1 
803 529 67 67 0.0964394137263298 1 -1 -1 
758 673 96 91 0.09632960706949234 5 -1 -1 
822 318 30 26 0.0962587222456932 5 -1 -1 
494 299 40 51 0.09600724279880524 9 -1 -1 
942 403 20 32 0.09551028907299042 10 -1 -1 
817 314 32 26 0.0951070711016655 4 -1 -1 
787 329 39 29 0.0949103906750679 1 -1 -1 
155 472 22 35 0.09361480921506882 2 -1 -1 
414 289 39 24 0.09295035153627396 8 -1 -1 
813 308 28 24 0.09225112944841385 4 -1 -1 
502 269 74 53 0.08991976082324982 9 -1 -1 
488 301 72 51 0.08083939552307129 9 -1 -1 
