7 230 54 26 0.9767012000083923 6 -1 -1 
525 344 43 41 0.9332563281059265 4 -1 -1 
198 346 88 41 0.9091771245002747 4 -1 -1 
145 291 61 43 0.8800740242004395 5 -1 -1 
456 231 21 19 0.8575972318649292 4 -1 -1 
491 175 10 12 0.8069339990615845 5 -1 -1 
207 271 34 38 0.7795708775520325 5 -1 -1 
563 233 12 16 0.7660304307937622 7 -1 -1 
107 235 50 18 0.7648627758026123 4 -1 -1 
571 212 33 18 0.7576574683189392 5 -1 -1 
496 167 8 7 0.7471553683280945 4 -1 -1 
112 284 55 35 0.7186673879623413 4 -1 -1 
499 158 7 6 0.7125616669654846 4 -1 -1 
206 295 15 32 0.6850979328155518 1 -1 -1 
115 373 43 25 0.6612849831581116 10 -1 -1 
431 221 7 10 0.6593332886695862 10 -1 -1 
552 239 9 12 0.6473344564437866 2 -1 -1 
665 418 22 36 0.6422182321548462 2 -1 -1 
539 204 5 10 0.6420723795890808 2 -1 -1 
373 284 10 19 0.635030210018158 2 -1 -1 
432 217 6 9 0.6334793567657471 2 -1 -1 
622 262 20 16 0.633219301700592 10 -1 -1 
637 281 27 19 0.6286221742630005 10 -1 -1 
408 235 8 12 0.6132075786590576 10 -1 -1 
408 232 7 12 0.6122646331787109 2 -1 -1 
539 208 5 10 0.6055806875228882 10 -1 -1 
19 269 25 26 0.6043161749839783 7 -1 -1 
552 244 8 12 0.5870184898376465 10 -1 -1 
373 292 10 18 0.5814762115478516 10 -1 -1 
439 208 5 9 0.5613753199577332 2 -1 -1 
127 364 17 28 0.5607659220695496 2 -1 -1 
561 255 7 13 0.5570297837257385 10 -1 -1 
439 212 5 9 0.556093156337738 10 -1 -1 
665 427 23 40 0.5554840564727783 10 -1 -1 
599 233 16 13 0.5501735806465149 7 -1 -1 
212 304 10 23 0.5492828488349915 1 -1 -1 
443 203 5 9 0.5370354652404785 2 -1 -1 
646 296 22 16 0.5309380888938904 10 -1 -1 
545 192 5 9 0.5208373069763184 2 -1 -1 
536 189 4 8 0.5198872685432434 2 -1 -1 
634 279 25 18 0.5163315534591675 10 -1 -1 
674 332 30 21 0.5147966146469116 10 -1 -1 
462 184 10 11 0.5107842683792114 8 -1 -1 
443 206 5 8 0.5058647394180298 10 -1 -1 
462 184 10 11 0.5033681392669678 7 -1 -1 
532 184 4 8 0.4945909082889557 2 -1 -1 
641 286 25 16 0.4821128845214844 10 -1 -1 
561 250 7 13 0.4796160161495209 2 -1 -1 
488 153 6 5 0.47612231969833374 4 -1 -1 
129 363 13 19 0.4759905934333801 2 -1 -1 
433 198 6 8 0.47544625401496887 2 -1 -1 
417 219 6 9 0.46857935190200806 10 -1 -1 
418 214 5 9 0.4670279622077942 2 -1 -1 
564 232 8 10 0.4636760354042053 2 -1 -1 
236 258 31 31 0.46170279383659363 4 -1 -1 
546 195 5 9 0.4562207758426666 10 -1 -1 
682 342 55 41 0.4551505744457245 7 -1 -1 
536 192 4 7 0.454229474067688 10 -1 -1 
235 256 31 33 0.45152032375335693 5 -1 -1 
476 167 5 8 0.4487871825695038 10 -1 -1 
550 190 10 7 0.4470524191856384 10 -1 -1 
34 240 44 20 0.4436071217060089 4 -1 -1 
545 173 8 10 0.4413421154022217 4 -1 -1 
531 188 5 7 0.4379895031452179 10 -1 -1 
39 273 9 22 0.43166491389274597 1 -1 -1 
225 286 9 26 0.4262246787548065 1 -1 -1 
133 364 11 20 0.42199698090553284 2 -1 -1 
476 164 5 8 0.4195275902748108 2 -1 -1 
256 244 56 28 0.41869115829467773 4 -1 -1 
433 200 6 8 0.41506409645080566 10 -1 -1 
531 167 4 8 0.40584731101989746 10 -1 -1 
30 279 7 21 0.397591769695282 1 -1 -1 
123 371 26 25 0.3944458067417145 2 -1 -1 
552 240 9 14 0.3932862877845764 10 -1 -1 
19 270 25 23 0.3931713104248047 4 -1 -1 
531 166 4 6 0.3924972712993622 2 -1 -1 
545 182 9 12 0.39178410172462463 5 -1 -1 
493 162 5 6 0.3799388110637665 8 -1 -1 
492 159 6 5 0.37855446338653564 4 -1 -1 
129 363 21 23 0.376713365316391 2 -1 -1 
524 172 4 7 0.37134218215942383 2 -1 -1 
660 315 43 36 0.36306676268577576 10 -1 -1 
417 212 6 8 0.36250728368759155 2 -1 -1 
539 204 5 6 0.3617251217365265 2 -1 -1 
563 233 11 16 0.3599666953086853 10 -1 -1 
509 141 5 5 0.35692188143730164 4 -1 -1 
524 173 4 6 0.3496846854686737 7 -1 -1 
524 173 4 6 0.34860652685165405 10 -1 -1 
462 184 10 11 0.3378390967845917 4 -1 -1 
125 371 13 24 0.3372120261192322 2 -1 -1 
519 146 4 3 0.33552494645118713 4 -1 -1 
418 215 5 10 0.33274245262145996 10 -1 -1 
374 292 10 18 0.3316445052623749 3 -1 -1 
484 160 4 6 0.3312699496746063 2 -1 -1 
641 293 26 17 0.3273066580295563 10 -1 -1 
206 271 35 38 0.32394567131996155 4 -1 -1 
487 171 4 6 0.3235706388950348 10 -1 -1 
698 370 15 26 0.3231492340564728 2 -1 -1 
116 372 43 26 0.32258567214012146 7 -1 -1 
546 195 5 9 0.3204309940338135 3 -1 -1 
545 182 9 12 0.31998294591903687 4 -1 -1 
524 172 4 5 0.3184937834739685 2 -1 -1 
510 145 4 5 0.31666645407676697 4 -1 -1 
571 212 33 18 0.31477275490760803 4 -1 -1 
24 284 7 16 0.3141075372695923 10 -1 -1 
532 184 4 9 0.3136237561702728 10 -1 -1 
121 374 11 21 0.3120514750480652 2 -1 -1 
637 252 9 25 0.30959686636924744 1 -1 -1 
433 198 6 8 0.30798760056495667 10 -1 -1 
143 371 14 16 0.3077147305011749 2 -1 -1 
141 367 12 17 0.30632513761520386 2 -1 -1 
545 173 8 10 0.3062514066696167 6 -1 -1 
484 162 3 7 0.30457013845443726 10 -1 -1 
541 170 4 7 0.30408063530921936 1 -1 -1 
39 273 9 22 0.30260351300239563 2 -1 -1 
487 171 4 6 0.30012112855911255 2 -1 -1 
510 144 4 5 0.29719454050064087 8 -1 -1 
576 205 33 18 0.29310837388038635 4 -1 -1 
125 371 21 25 0.29192039370536804 10 -1 -1 
487 171 4 6 0.29012081027030945 1 -1 -1 
536 188 4 6 0.28650718927383423 2 -1 -1 
506 141 5 4 0.28592145442962646 4 -1 -1 
659 308 42 33 0.28554075956344604 10 -1 -1 
37 273 8 22 0.2789608836174011 1 -1 -1 
145 291 61 43 0.2787048816680908 4 -1 -1 
221 280 15 32 0.27816957235336304 1 -1 -1 
564 232 9 11 0.27785220742225647 7 -1 -1 
31 277 8 21 0.2773728668689728 1 -1 -1 
138 366 9 19 0.2771265208721161 2 -1 -1 
485 163 4 6 0.2729760408401489 10 -1 -1 
541 170 4 6 0.27186906337738037 2 -1 -1 
492 159 6 6 0.2700360417366028 8 -1 -1 
669 326 35 23 0.26972174644470215 10 -1 -1 
544 171 8 8 0.2693643867969513 4 -1 -1 
546 193 5 10 0.2674785554409027 1 -1 -1 
563 232 10 14 0.2672980725765228 2 -1 -1 
524 173 4 6 0.26713982224464417 8 -1 -1 
699 376 37 23 0.2657833993434906 10 -1 -1 
536 189 4 9 0.26451733708381653 1 -1 -1 
683 344 63 40 0.26166293025016785 8 -1 -1 
39 238 60 23 0.2612994611263275 4 -1 -1 
476 164 5 8 0.25994643568992615 10 -1 -1 
134 369 23 22 0.257290780544281 2 -1 -1 
489 151 6 6 0.25705447793006897 4 -1 -1 
678 335 32 21 0.25657519698143005 10 -1 -1 
431 217 7 11 0.2563527226448059 10 -1 -1 
487 163 3 6 0.25494250655174255 10 -1 -1 
640 284 23 13 0.25312042236328125 10 -1 -1 
534 188 5 8 0.25257736444473267 2 -1 -1 
563 233 12 15 0.2520650327205658 8 -1 -1 
492 160 6 6 0.25117066502571106 4 -1 -1 
630 277 23 19 0.24961328506469727 10 -1 -1 
541 171 4 6 0.2483220249414444 10 -1 -1 
148 372 9 16 0.2481985241174698 2 -1 -1 
206 295 12 25 0.24723732471466064 2 -1 -1 
545 173 9 10 0.24697911739349365 7 -1 -1 
440 207 5 8 0.2459225207567215 2 -1 -1 
488 168 3 6 0.2450999617576599 2 -1 -1 
204 294 11 28 0.24426274001598358 1 -1 -1 
113 284 55 35 0.24364393949508667 5 -1 -1 
35 274 7 22 0.24238479137420654 1 -1 -1 
665 428 23 38 0.2342500388622284 2 -1 -1 
685 350 67 37 0.23068182170391083 7 -1 -1 
116 374 41 24 0.2286154329776764 2 -1 -1 
679 338 45 39 0.22558335959911346 7 -1 -1 
685 353 54 44 0.22351688146591187 7 -1 -1 
575 201 33 17 0.21931414306163788 4 -1 -1 
19 270 23 27 0.21894152462482452 8 -1 -1 
52 467 33 40 0.2106228619813919 3 -1 -1 
20 270 21 28 0.2104479819536209 1 -1 -1 
123 362 20 21 0.20785972476005554 2 -1 -1 
657 308 24 19 0.20083311200141907 10 -1 -1 
634 287 29 19 0.19981856644153595 10 -1 -1 
693 370 49 30 0.19669264554977417 10 -1 -1 
665 418 22 36 0.1961216926574707 1 -1 -1 
124 369 30 23 0.19571642577648163 10 -1 -1 
53 235 50 22 0.19362695515155792 4 -1 -1 
127 364 17 28 0.18341074883937836 1 -1 -1 
125 366 26 29 0.18331177532672882 7 -1 -1 
666 418 21 38 0.1823265105485916 10 -1 -1 
44 279 24 23 0.18077398836612701 8 -1 -1 
53 243 50 24 0.1798807680606842 4 -1 -1 
643 300 25 15 0.17901024222373962 10 -1 -1 
373 283 11 23 0.17489761114120483 1 -1 -1 
642 279 25 17 0.17464962601661682 10 -1 -1 
682 340 47 39 0.17439423501491547 8 -1 -1 
257 243 55 28 0.17249800264835358 5 -1 -1 
7 230 54 26 0.17005930840969086 4 -1 -1 
33 233 58 24 0.1696382462978363 4 -1 -1 
29 278 10 23 0.16857962310314178 2 -1 -1 
681 335 55 35 0.16717006266117096 7 -1 -1 
596 232 19 15 0.16634361445903778 4 -1 -1 
595 227 20 19 0.16405194997787476 7 -1 -1 
575 207 35 19 0.16403307020664215 5 -1 -1 
122 287 72 35 0.16345947980880737 4 -1 -1 
26 272 15 27 0.16253522038459778 2 -1 -1 
684 343 71 39 0.16189152002334595 6 -1 -1 
671 335 87 62 0.16077187657356262 7 -1 -1 
115 373 43 25 0.15976670384407043 3 -1 -1 
686 358 56 40 0.1579780876636505 10 -1 -1 
672 343 45 41 0.1553814560174942 7 -1 -1 
18 268 56 23 0.15235114097595215 6 -1 -1 
19 269 41 28 0.1515524685382843 6 -1 -1 
659 308 42 31 0.15145206451416016 4 -1 -1 
22 270 32 24 0.15038014948368073 1 -1 -1 
35 271 17 24 0.1503298282623291 2 -1 -1 
53 250 50 23 0.14887386560440063 4 -1 -1 
570 202 33 21 0.14837458729743958 4 -1 -1 
131 373 27 23 0.14811524748802185 2 -1 -1 
622 256 24 20 0.1477338820695877 10 -1 -1 
57 257 50 24 0.14702805876731873 4 -1 -1 
19 270 24 25 0.14634254574775696 2 -1 -1 
576 197 31 16 0.14533540606498718 4 -1 -1 
637 292 29 18 0.14487583935260773 3 -1 -1 
23 273 17 28 0.14196482300758362 7 -1 -1 
674 331 46 33 0.14076106250286102 10 -1 -1 
56 280 14 22 0.14068077504634857 2 -1 -1 
7 230 54 26 0.13790546357631683 5 -1 -1 
684 340 76 37 0.1377163827419281 7 -1 -1 
140 372 18 22 0.13714982569217682 2 -1 -1 
683 339 100 55 0.13579699397087097 6 -1 -1 
684 344 69 40 0.13526399433612823 4 -1 -1 
646 297 22 15 0.13519833981990814 3 -1 -1 
127 364 20 28 0.13451066613197327 10 -1 -1 
144 291 62 43 0.1336626261472702 6 -1 -1 
674 331 46 33 0.13297104835510254 7 -1 -1 
687 357 55 35 0.13255906105041504 8 -1 -1 
658 310 44 33 0.1323709934949875 7 -1 -1 
20 267 32 23 0.12972818315029144 7 -1 -1 
129 363 21 23 0.12932977080345154 1 -1 -1 
682 342 55 41 0.1265515387058258 10 -1 -1 
671 324 48 31 0.1251048743724823 10 -1 -1 
637 251 11 26 0.12376546114683151 2 -1 -1 
640 287 26 18 0.12372583895921707 3 -1 -1 
691 371 47 30 0.12345907837152481 7 -1 -1 
19 270 20 28 0.12018677592277527 9 -1 -1 
18 268 44 29 0.1183335930109024 7 -1 -1 
580 209 31 18 0.1180742159485817 4 -1 -1 
41 280 11 24 0.11537568271160126 1 -1 -1 
665 427 23 40 0.11490342020988464 7 -1 -1 
23 234 55 24 0.11424881964921951 6 -1 -1 
34 239 55 21 0.11368397623300552 5 -1 -1 
52 237 50 23 0.11335417628288269 5 -1 -1 
197 345 89 41 0.1129695326089859 5 -1 -1 
597 232 19 15 0.11280716955661774 8 -1 -1 
525 344 43 41 0.11246640235185623 5 -1 -1 
596 232 19 15 0.11205888539552689 6 -1 -1 
43 283 24 20 0.1119832769036293 7 -1 -1 
145 291 61 43 0.11143232882022858 8 -1 -1 
197 346 90 40 0.11104759573936462 9 -1 -1 
19 269 25 26 0.11100843548774719 6 -1 -1 
647 284 23 20 0.11033253371715546 10 -1 -1 
236 237 74 34 0.11011659353971481 4 -1 -1 
685 341 101 57 0.10865022987127304 4 -1 -1 
213 263 35 41 0.10848377645015717 5 -1 -1 
679 338 94 58 0.10807812213897705 8 -1 -1 
57 281 13 22 0.1076270267367363 10 -1 -1 
579 203 37 17 0.10720381140708923 4 -1 -1 
663 323 41 32 0.10669012367725372 3 -1 -1 
650 300 24 18 0.10552699863910675 10 -1 -1 
215 257 35 34 0.10518351197242737 5 -1 -1 
33 238 51 21 0.10430312156677246 6 -1 -1 
671 417 18 29 0.1038728877902031 2 -1 -1 
125 366 26 29 0.10234943777322769 1 -1 -1 
240 245 41 34 0.10197961330413818 4 -1 -1 
669 327 87 66 0.0945236086845398 6 -1 -1 
116 372 43 26 0.09200701117515564 8 -1 -1 
661 325 76 74 0.0916980654001236 7 -1 -1 
525 344 43 41 0.08926912397146225 9 -1 -1 
19 269 41 28 0.08616534620523453 8 -1 -1 
664 421 25 45 0.08615714311599731 9 -1 -1 
667 334 80 67 0.08345800638198853 8 -1 -1 
225 228 91 47 0.07915685325860977 6 -1 -1 
685 341 101 57 0.07714188098907471 5 -1 -1 
525 344 43 41 0.0771331936120987 1 -1 -1 
19 269 49 28 0.0761789083480835 9 -1 -1 
631 275 38 28 0.07331117242574692 10 -1 -1 
117 364 42 31 0.0687837302684784 2 -1 -1 
525 344 43 41 0.0669742077589035 6 -1 -1 
19 269 41 28 0.06649420410394669 4 -1 -1 
526 344 42 41 0.06472408771514893 10 -1 -1 
225 228 91 47 0.06366889923810959 4 -1 -1 
116 372 42 26 0.06311631202697754 4 -1 -1 
680 346 87 63 0.0588546060025692 7 -1 -1 
525 344 43 41 0.05863499268889427 7 -1 -1 
225 228 91 47 0.05694703385233879 5 -1 -1 
116 364 43 31 0.055946215987205505 9 -1 -1 
664 422 24 46 0.05581285059452057 3 -1 -1 
111 362 47 30 0.05370771884918213 7 -1 -1 
661 410 31 41 0.053551118820905685 2 -1 -1 
197 346 90 40 0.053422484546899796 10 -1 -1 
19 269 41 28 0.0533062107861042 5 -1 -1 
680 334 87 54 0.05304379388689995 4 -1 -1 
680 346 87 63 0.05302581191062927 6 -1 -1 
197 346 90 40 0.05106448009610176 1 -1 -1 
655 338 84 66 0.05041135102510452 6 -1 -1 
