755 30 30 41 0.9853546619415283 5 -1 -1 
392 501 98 157 0.953911304473877 4 -1 -1 
1054 585 201 102 0.9516932964324951 4 -1 -1 
590 244 53 74 0.9510245323181152 4 -1 -1 
595 159 47 60 0.9413670301437378 4 -1 -1 
686 352 57 82 0.9408290982246399 4 -1 -1 
306 138 58 51 0.9394671320915222 4 -1 -1 
808 601 110 165 0.9328949451446533 4 -1 -1 
979 161 66 57 0.9109501838684082 4 -1 -1 
1220 337 28 43 0.9072366952896118 1 -1 -1 
239 73 18 39 0.8664645552635193 1 -1 -1 
223 75 13 35 0.8656759858131409 1 -1 -1 
335 87 52 51 0.8581123948097229 4 -1 -1 
686 672 89 91 0.8178200721740723 4 -1 -1 
365 312 44 38 0.7879995107650757 10 -1 -1 
536 408 73 136 0.7712689638137817 5 -1 -1 
513 689 92 75 0.7690097093582153 4 -1 -1 
998 401 167 85 0.7537262439727783 4 -1 -1 
373 300 23 40 0.7101970911026001 2 -1 -1 
502 208 53 76 0.6989165544509888 4 -1 -1 
294 579 30 55 0.686479389667511 2 -1 -1 
368 139 18 38 0.6198980808258057 1 -1 -1 
0 377 26 53 0.6163465976715088 1 -1 -1 
1218 686 142 77 0.5993396043777466 4 -1 -1 
537 410 71 133 0.5838007926940918 4 -1 -1 
294 590 32 62 0.5604537129402161 10 -1 -1 
1037 114 84 35 0.5131052732467651 4 -1 -1 
368 305 31 39 0.4286744296550751 2 -1 -1 
296 596 28 56 0.3833647072315216 3 -1 -1 
369 304 31 41 0.3723281919956207 10 -1 -1 
998 401 166 85 0.365281879901886 5 -1 -1 
502 208 53 76 0.36271315813064575 5 -1 -1 
332 66 14 39 0.3389121890068054 1 -1 -1 
1156 109 49 49 0.3258211612701416 4 -1 -1 
373 300 23 40 0.3030247986316681 1 -1 -1 
374 138 15 38 0.28405195474624634 1 -1 -1 
1218 687 143 76 0.2818326950073242 5 -1 -1 
1158 109 50 53 0.26480379700660706 6 -1 -1 
369 139 17 36 0.26040905714035034 2 -1 -1 
294 578 30 59 0.25659334659576416 1 -1 -1 
367 148 19 33 0.25461438298225403 3 -1 -1 
755 30 30 41 0.24682150781154633 4 -1 -1 
370 299 24 29 0.2347719967365265 2 -1 -1 
367 141 19 38 0.22176052629947662 10 -1 -1 
0 238 91 141 0.217265322804451 6 -1 -1 
366 311 43 37 0.20915541052818298 2 -1 -1 
301 579 25 41 0.2063492387533188 2 -1 -1 
755 30 31 41 0.20529167354106903 8 -1 -1 
373 139 13 29 0.20361343026161194 2 -1 -1 
1211 342 12 21 0.2022952139377594 2 -1 -1 
1159 109 41 45 0.19799889624118805 5 -1 -1 
1022 101 85 45 0.1930149495601654 4 -1 -1 
1157 110 66 69 0.17731723189353943 6 -1 -1 
1158 109 72 60 0.17524079978466034 4 -1 -1 
514 689 90 75 0.16553965210914612 10 -1 -1 
1211 342 13 27 0.16343532502651215 1 -1 -1 
392 501 98 157 0.16015595197677612 9 -1 -1 
375 298 22 24 0.15994159877300262 2 -1 -1 
1218 342 17 38 0.1541571319103241 1 -1 -1 
364 313 45 37 0.1518399715423584 3 -1 -1 
809 601 108 164 0.1508980244398117 10 -1 -1 
1051 102 82 43 0.1504456251859665 4 -1 -1 
1160 109 40 35 0.14974573254585266 4 -1 -1 
1106 38 82 57 0.14876091480255127 6 -1 -1 
1054 585 202 102 0.14822393655776978 1 -1 -1 
755 30 30 41 0.14509475231170654 6 -1 -1 
755 30 31 41 0.14308372139930725 10 -1 -1 
1054 585 202 102 0.14164936542510986 9 -1 -1 
392 501 98 158 0.14081236720085144 1 -1 -1 
223 75 13 35 0.1407618671655655 4 -1 -1 
239 73 18 37 0.13998621702194214 4 -1 -1 
685 673 90 90 0.139669269323349 10 -1 -1 
364 313 45 37 0.13808336853981018 4 -1 -1 
294 605 22 47 0.13628041744232178 3 -1 -1 
294 590 33 62 0.13562896847724915 2 -1 -1 
374 300 23 39 0.13444165885448456 10 -1 -1 
294 577 27 38 0.1336490362882614 2 -1 -1 
1220 337 28 43 0.13324305415153503 4 -1 -1 
590 244 53 74 0.13251474499702454 1 -1 -1 
1158 109 59 55 0.1317044496536255 5 -1 -1 
595 159 47 60 0.1312200129032135 1 -1 -1 
808 601 110 165 0.12912678718566895 1 -1 -1 
1006 92 127 58 0.12870681285858154 4 -1 -1 
932 312 27 37 0.12841220200061798 3 -1 -1 
364 313 45 38 0.1282978653907776 7 -1 -1 
591 244 52 74 0.1275930106639862 9 -1 -1 
379 55 31 46 0.1252123862504959 3 -1 -1 
755 30 31 41 0.12261081486940384 7 -1 -1 
279 39 78 42 0.1225016862154007 6 -1 -1 
293 586 26 60 0.12217438966035843 3 -1 -1 
686 352 57 82 0.12081647664308548 1 -1 -1 
245 87 13 31 0.1202194020152092 1 -1 -1 
379 309 26 30 0.1199311763048172 2 -1 -1 
977 161 68 57 0.1187065988779068 5 -1 -1 
1035 95 90 45 0.1181662380695343 4 -1 -1 
306 138 58 51 0.11653561145067215 1 -1 -1 
1190 340 34 23 0.11615306884050369 3 -1 -1 
370 299 24 29 0.11492467671632767 1 -1 -1 
1157 109 51 49 0.11449633538722992 8 -1 -1 
1029 109 90 39 0.1144692599773407 5 -1 -1 
515 688 88 75 0.11420434713363647 1 -1 -1 
242 79 16 37 0.11363997310400009 3 -1 -1 
1259 185 98 128 0.11329138278961182 4 -1 -1 
686 352 57 82 0.11247757077217102 9 -1 -1 
1212 341 19 34 0.11214765906333923 1 -1 -1 
310 581 17 36 0.11117592453956604 2 -1 -1 
993 86 80 44 0.10955455154180527 4 -1 -1 
0 377 26 53 0.10883939266204834 2 -1 -1 
294 579 29 59 0.10796680301427841 10 -1 -1 
377 299 24 34 0.10752087831497192 2 -1 -1 
333 78 14 34 0.10622501373291016 1 -1 -1 
968 44 81 58 0.1061861515045166 4 -1 -1 
336 66 60 72 0.10602138936519623 4 -1 -1 
1218 687 143 76 0.10564830154180527 6 -1 -1 
1002 99 81 48 0.10550276190042496 4 -1 -1 
1158 107 64 42 0.10547976940870285 4 -1 -1 
392 501 98 157 0.10430780053138733 10 -1 -1 
244 77 18 37 0.10412408411502838 1 -1 -1 
298 580 28 59 0.10406354069709778 3 -1 -1 
684 672 91 91 0.10276607424020767 5 -1 -1 
755 30 31 41 0.10191500931978226 2 -1 -1 
296 595 28 57 0.10154677927494049 4 -1 -1 
246 88 12 29 0.10132800787687302 3 -1 -1 
1212 342 13 30 0.1011883020401001 2 -1 -1 
294 590 33 62 0.10030700266361237 1 -1 -1 
1218 686 142 77 0.10024449229240417 1 -1 -1 
911 278 23 39 0.10015014559030533 1 -1 -1 
286 38 72 43 0.09975621849298477 4 -1 -1 
929 300 32 27 0.09951725602149963 3 -1 -1 
755 30 30 41 0.09923950582742691 9 -1 -1 
365 153 16 29 0.09915760159492493 3 -1 -1 
1299 218 59 96 0.09870368242263794 4 -1 -1 
808 601 110 164 0.0977059006690979 9 -1 -1 
1146 110 53 60 0.09749798476696014 6 -1 -1 
914 320 43 29 0.09746383875608444 3 -1 -1 
976 69 142 73 0.09726449102163315 4 -1 -1 
595 159 47 60 0.09726128727197647 9 -1 -1 
367 139 19 38 0.09722169488668442 4 -1 -1 
1150 110 51 70 0.09654153138399124 4 -1 -1 
392 501 97 157 0.09610076248645782 5 -1 -1 
1158 110 14 30 0.09607202559709549 1 -1 -1 
1054 585 202 102 0.09544479101896286 10 -1 -1 
0 379 14 53 0.09496177732944489 1 -1 -1 
336 89 44 50 0.09488709270954132 1 -1 -1 
294 590 32 62 0.09471718966960907 7 -1 -1 
515 688 88 75 0.09463915973901749 5 -1 -1 
686 352 57 82 0.0944303572177887 10 -1 -1 
1229 336 20 38 0.094306081533432 1 -1 -1 
337 51 63 87 0.09372645616531372 6 -1 -1 
1128 24 126 76 0.09365711361169815 6 -1 -1 
370 167 16 33 0.0931599959731102 1 -1 -1 
375 298 22 24 0.09282912313938141 1 -1 -1 
0 238 91 141 0.0923067107796669 9 -1 -1 
968 32 56 67 0.09052374213933945 4 -1 -1 
392 501 97 157 0.09036561846733093 7 -1 -1 
365 153 16 29 0.08976996690034866 1 -1 -1 
986 103 70 44 0.08973943442106247 4 -1 -1 
1209 342 13 20 0.08921927213668823 1 -1 -1 
685 673 90 90 0.08890809863805771 1 -1 -1 
286 38 72 43 0.08886726945638657 5 -1 -1 
1131 35 63 60 0.08845864981412888 8 -1 -1 
1131 35 63 60 0.08829786628484726 7 -1 -1 
1160 109 37 29 0.08805666118860245 5 -1 -1 
370 139 17 39 0.08800429105758667 3 -1 -1 
1220 337 28 43 0.0879848375916481 2 -1 -1 
590 244 53 74 0.08793550729751587 10 -1 -1 
1159 109 39 38 0.0879044383764267 6 -1 -1 
686 352 57 83 0.08773258328437805 5 -1 -1 
239 73 18 39 0.08764313906431198 2 -1 -1 
979 161 66 57 0.08728908747434616 1 -1 -1 
536 408 74 136 0.08704777806997299 10 -1 -1 
1014 89 67 49 0.08702731877565384 4 -1 -1 
1054 585 201 102 0.08657782524824142 7 -1 -1 
373 139 17 41 0.086552694439888 2 -1 -1 
292 599 23 52 0.0865328311920166 10 -1 -1 
689 671 89 91 0.08637979626655579 9 -1 -1 
332 68 14 38 0.08581669628620148 2 -1 -1 
1259 195 100 119 0.08576225489377975 5 -1 -1 
1218 687 143 76 0.08553704619407654 9 -1 -1 
366 300 24 35 0.0853038802742958 2 -1 -1 
372 152 19 33 0.08464816212654114 3 -1 -1 
306 138 58 51 0.08444381505250931 9 -1 -1 
2 376 28 40 0.08439862728118896 1 -1 -1 
248 84 15 33 0.08437693119049072 1 -1 -1 
934 306 27 26 0.08415068686008453 3 -1 -1 
1289 259 69 56 0.08410456031560898 4 -1 -1 
301 579 25 41 0.08393294364213943 1 -1 -1 
969 57 127 67 0.08392899483442307 4 -1 -1 
910 307 47 43 0.08327148109674454 10 -1 -1 
302 604 27 49 0.08112804591655731 3 -1 -1 
967 39 123 69 0.08086361736059189 4 -1 -1 
998 401 167 85 0.08059962093830109 1 -1 -1 
591 244 52 74 0.08039861172437668 5 -1 -1 
1157 109 51 49 0.07936042547225952 7 -1 -1 
1141 107 57 47 0.07913020998239517 4 -1 -1 
1299 218 59 96 0.07910522818565369 5 -1 -1 
1158 109 92 53 0.07907424122095108 9 -1 -1 
369 304 31 41 0.07853449136018753 7 -1 -1 
1215 337 25 39 0.07835736125707626 1 -1 -1 
377 139 21 36 0.07828786224126816 1 -1 -1 
371 155 19 36 0.07794201374053955 1 -1 -1 
1092 38 96 58 0.07755155861377716 9 -1 -1 
306 138 58 51 0.07741957902908325 5 -1 -1 
965 27 87 55 0.0769568681716919 4 -1 -1 
225 73 18 33 0.07687259465456009 1 -1 -1 
929 300 32 26 0.07659213989973068 10 -1 -1 
595 159 47 60 0.076410673558712 5 -1 -1 
1054 585 202 102 0.07626885920763016 5 -1 -1 
1092 38 96 58 0.07615911215543747 4 -1 -1 
335 87 52 51 0.07609008997678757 5 -1 -1 
1106 38 82 57 0.0760343000292778 5 -1 -1 
392 501 98 158 0.07572019845247269 6 -1 -1 
538 410 70 133 0.07568937540054321 6 -1 -1 
755 30 30 41 0.0755910873413086 1 -1 -1 
292 577 26 41 0.07417835295200348 1 -1 -1 
590 244 53 74 0.07396435737609863 7 -1 -1 
306 579 19 29 0.07379505783319473 2 -1 -1 
1268 190 88 125 0.07355937361717224 9 -1 -1 
365 153 16 29 0.07346697896718979 10 -1 -1 
595 159 47 60 0.0729878768324852 10 -1 -1 
370 146 19 40 0.07293930649757385 10 -1 -1 
368 160 16 35 0.07230278849601746 1 -1 -1 
1146 108 106 90 0.07227230072021484 6 -1 -1 
374 137 19 28 0.07190518826246262 1 -1 -1 
369 297 20 24 0.07180070132017136 2 -1 -1 
1057 91 87 44 0.07173488289117813 4 -1 -1 
539 410 68 133 0.07134305685758591 9 -1 -1 
969 62 94 47 0.0712188109755516 4 -1 -1 
375 64 27 38 0.07083571702241898 3 -1 -1 
808 601 110 165 0.07075230032205582 7 -1 -1 
296 0 7 13 0.07038529962301254 1 -1 -1 
595 159 47 60 0.06999483704566956 7 -1 -1 
0 238 91 141 0.06884028017520905 5 -1 -1 
343 44 50 39 0.06874000281095505 4 -1 -1 
374 137 17 24 0.06851332634687424 2 -1 -1 
910 290 30 30 0.06832625716924667 1 -1 -1 
808 601 110 164 0.06814026832580566 5 -1 -1 
1156 109 30 35 0.06792756170034409 1 -1 -1 
240 86 17 35 0.06762997806072235 1 -1 -1 
928 311 31 37 0.0674302950501442 10 -1 -1 
306 138 58 51 0.06732538342475891 10 -1 -1 
247 91 14 32 0.06719710677862167 1 -1 -1 
223 75 14 35 0.06717704981565475 2 -1 -1 
306 138 58 51 0.06714166700839996 7 -1 -1 
1220 337 28 43 0.06694371998310089 10 -1 -1 
1259 185 98 128 0.06688040494918823 6 -1 -1 
1190 340 34 23 0.06680729985237122 10 -1 -1 
293 585 25 60 0.06652967631816864 2 -1 -1 
0 238 91 141 0.06636063754558563 8 -1 -1 
366 311 43 37 0.0662764236330986 1 -1 -1 
1156 109 46 55 0.06589081883430481 9 -1 -1 
302 604 27 49 0.0656951442360878 10 -1 -1 
1153 110 50 67 0.06550852954387665 5 -1 -1 
335 87 52 51 0.0654960349202156 6 -1 -1 
937 323 21 27 0.06548281759023666 3 -1 -1 
1027 73 125 71 0.0651155561208725 4 -1 -1 
590 244 53 74 0.06511510908603668 6 -1 -1 
1037 114 84 35 0.06483076512813568 10 -1 -1 
359 54 38 42 0.06481743603944778 4 -1 -1 
388 312 20 26 0.06475085020065308 2 -1 -1 
1215 341 18 38 0.06468717753887177 2 -1 -1 
373 136 13 21 0.06452969461679459 2 -1 -1 
253 76 61 51 0.06415873020887375 4 -1 -1 
1157 110 66 69 0.06409354507923126 9 -1 -1 
340 47 57 53 0.06403747200965881 4 -1 -1 
0 377 26 53 0.06360971182584763 4 -1 -1 
985 113 59 44 0.0631057396531105 4 -1 -1 
515 688 88 75 0.06286299228668213 2 -1 -1 
686 352 57 82 0.06225166469812393 7 -1 -1 
1231 163 116 113 0.062208499759435654 4 -1 -1 
1001 79 132 69 0.06209556385874748 5 -1 -1 
1157 109 76 72 0.061660297214984894 5 -1 -1 
1055 585 200 102 0.0613660104572773 6 -1 -1 
375 300 22 40 0.061362914741039276 3 -1 -1 
502 208 53 76 0.061043575406074524 8 -1 -1 
373 90 17 46 0.06068761274218559 1 -1 -1 
238 72 15 28 0.0603874996304512 1 -1 -1 
755 30 31 41 0.06031538546085358 3 -1 -1 
370 137 15 25 0.06020965054631233 1 -1 -1 
985 45 149 76 0.05991635471582413 4 -1 -1 
1221 349 14 31 0.05958946421742439 2 -1 -1 
295 615 20 38 0.05928223580121994 10 -1 -1 
927 303 33 35 0.05926821008324623 3 -1 -1 
9 33 34 40 0.05903136357665062 7 -1 -1 
1203 342 19 19 0.05901799350976944 2 -1 -1 
378 55 30 46 0.058465197682380676 10 -1 -1 
377 299 24 34 0.0584561750292778 1 -1 -1 
1279 247 80 68 0.05773632228374481 5 -1 -1 
1079 28 137 73 0.05764348432421684 6 -1 -1 
304 585 23 53 0.057467252016067505 2 -1 -1 
911 283 25 35 0.05731164291501045 2 -1 -1 
379 309 26 30 0.0571308471262455 1 -1 -1 
1214 342 13 21 0.05707414448261261 1 -1 -1 
1001 79 132 69 0.057054243981838226 9 -1 -1 
1312 247 46 65 0.05702215060591698 4 -1 -1 
364 313 45 38 0.05699615925550461 8 -1 -1 
242 79 16 37 0.056704483926296234 10 -1 -1 
248 80 16 35 0.05603799968957901 3 -1 -1 
7 304 9 21 0.05565265938639641 1 -1 -1 
246 89 13 29 0.05552550032734871 10 -1 -1 
0 238 91 141 0.05526483803987503 7 -1 -1 
955 25 117 75 0.05415167286992073 4 -1 -1 
1128 24 126 76 0.05141615867614746 7 -1 -1 
1030 48 134 68 0.05033760517835617 4 -1 -1 
