545 322 221 174 0.9537032842636108 4 -1 -1 
644 538 264 226 0.9393936991691589 4 -1 -1 
966 304 44 72 0.9183060526847839 1 -1 -1 
995 362 40 70 0.9024126529693604 1 -1 -1 
1037 105 95 91 0.9013459086418152 4 -1 -1 
227 157 173 91 0.894406795501709 4 -1 -1 
68 411 312 149 0.873399555683136 4 -1 -1 
1086 47 78 73 0.8553280234336853 4 -1 -1 
982 333 46 68 0.73997563123703 1 -1 -1 
751 168 40 75 0.7210512757301331 1 -1 -1 
982 358 50 58 0.6552134156227112 1 -1 -1 
41 110 154 73 0.6309396624565125 4 -1 -1 
994 334 31 60 0.3601430058479309 1 -1 -1 
549 0 120 33 0.35987699031829834 4 -1 -1 
0 85 45 68 0.3421741724014282 4 -1 -1 
52 105 198 86 0.2652433216571808 4 -1 -1 
1000 333 32 69 0.2337035834789276 1 -1 -1 
970 321 44 68 0.22556914389133453 1 -1 -1 
68 411 312 149 0.21290135383605957 5 -1 -1 
1279 0 52 14 0.21044383943080902 4 -1 -1 
750 168 40 75 0.20641791820526123 2 -1 -1 
547 0 126 55 0.20177006721496582 4 -1 -1 
42 110 156 73 0.19615712761878967 5 -1 -1 
986 338 32 55 0.1913468986749649 1 -1 -1 
547 436 163 57 0.1902783215045929 4 -1 -1 
738 165 50 62 0.1825549453496933 1 -1 -1 
991 334 26 48 0.17769159376621246 1 -1 -1 
69 102 186 88 0.17713791131973267 5 -1 -1 
966 304 44 72 0.17214751243591309 4 -1 -1 
985 305 43 76 0.171403169631958 1 -1 -1 
172 466 32 34 0.16250386834144592 2 -1 -1 
156 154 135 79 0.15635760128498077 4 -1 -1 
69 102 186 88 0.15305860340595245 6 -1 -1 
259 203 26 53 0.1516084372997284 1 -1 -1 
160 465 36 35 0.1497148871421814 2 -1 -1 
995 362 40 70 0.1495620310306549 4 -1 -1 
545 322 221 174 0.1493040770292282 9 -1 -1 
671 0 65 22 0.1408253014087677 4 -1 -1 
761 177 26 67 0.14067058265209198 1 -1 -1 
216 157 183 90 0.13632254302501678 1 -1 -1 
547 0 124 39 0.13170434534549713 5 -1 -1 
1012 361 26 71 0.131553515791893 1 -1 -1 
981 349 29 53 0.1299368143081665 1 -1 -1 
998 333 31 52 0.12680649757385254 2 -1 -1 
993 361 43 71 0.12540915608406067 2 -1 -1 
991 333 38 72 0.12496152520179749 2 -1 -1 
174 466 30 38 0.11935891956090927 1 -1 -1 
991 347 32 58 0.11873809248209 1 -1 -1 
999 331 30 49 0.11832229793071747 1 -1 -1 
545 322 221 174 0.11673418432474136 1 -1 -1 
545 322 222 175 0.114205002784729 7 -1 -1 
42 110 156 73 0.11281068623065948 6 -1 -1 
1086 47 78 75 0.11165854334831238 5 -1 -1 
983 343 46 68 0.10982086509466171 3 -1 -1 
545 322 222 175 0.10846423357725143 10 -1 -1 
765 168 33 75 0.10276704281568527 1 -1 -1 
642 539 267 226 0.10223699361085892 1 -1 -1 
248 199 35 62 0.10179238766431808 1 -1 -1 
671 0 60 24 0.10172709822654724 5 -1 -1 
985 343 34 54 0.10058097541332245 3 -1 -1 
166 153 185 89 0.10025597363710403 4 -1 -1 
160 465 32 36 0.09977161884307861 1 -1 -1 
644 537 264 227 0.09921339899301529 5 -1 -1 
137 150 259 107 0.09797781705856323 4 -1 -1 
1086 47 78 73 0.09623562544584274 1 -1 -1 
118 118 146 91 0.09590676426887512 4 -1 -1 
755 168 34 52 0.09520918130874634 1 -1 -1 
1043 71 102 114 0.09517106413841248 4 -1 -1 
41 112 148 74 0.09508698433637619 1 -1 -1 
53 114 235 124 0.09417517483234406 6 -1 -1 
643 539 266 225 0.09383333474397659 10 -1 -1 
994 332 25 46 0.09145386517047882 2 -1 -1 
158 464 24 37 0.09110655635595322 2 -1 -1 
644 538 264 226 0.09090042114257812 9 -1 -1 
1004 358 30 47 0.09038090705871582 2 -1 -1 
980 334 47 74 0.09017525613307953 4 -1 -1 
546 322 223 172 0.08961858600378036 5 -1 -1 
998 359 31 48 0.08865907043218613 1 -1 -1 
102 140 229 128 0.08620429784059525 4 -1 -1 
0 84 45 69 0.08448418229818344 5 -1 -1 
755 168 34 51 0.08440328389406204 2 -1 -1 
994 361 42 70 0.0843907818198204 3 -1 -1 
68 411 312 149 0.08300776779651642 1 -1 -1 
983 322 42 66 0.08232714235782623 2 -1 -1 
82 99 171 85 0.08172383159399033 9 -1 -1 
545 322 221 174 0.08142422884702682 6 -1 -1 
990 318 22 56 0.0809788703918457 1 -1 -1 
980 342 47 68 0.07916201651096344 10 -1 -1 
548 436 171 59 0.07806132733821869 5 -1 -1 
1038 106 93 90 0.07796517759561539 5 -1 -1 
227 157 173 91 0.0779397115111351 5 -1 -1 
738 165 50 62 0.07769077271223068 2 -1 -1 
71 127 209 174 0.07744335383176804 6 -1 -1 
1037 105 95 91 0.0774315670132637 1 -1 -1 
1310 124 12 28 0.07724175602197647 1 -1 -1 
102 140 229 128 0.07698985189199448 6 -1 -1 
978 356 47 55 0.07664872705936432 2 -1 -1 
966 304 44 72 0.07628317177295685 2 -1 -1 
754 174 28 61 0.07621275633573532 1 -1 -1 
259 199 27 58 0.07509345561265945 2 -1 -1 
1054 46 105 94 0.0724722295999527 4 -1 -1 
994 360 28 61 0.07230845093727112 1 -1 -1 
42 110 156 73 0.0722411647439003 9 -1 -1 
548 436 171 59 0.0710066705942154 9 -1 -1 
993 361 42 70 0.07037898153066635 10 -1 -1 
982 358 50 58 0.06981944292783737 4 -1 -1 
158 465 22 37 0.06981179863214493 1 -1 -1 
166 175 117 96 0.06963082402944565 4 -1 -1 
118 118 146 91 0.06938529014587402 5 -1 -1 
150 155 137 106 0.06891640275716782 5 -1 -1 
669 1 55 30 0.06687188148498535 4 -1 -1 
545 322 221 174 0.06643665581941605 8 -1 -1 
763 168 28 39 0.06640593707561493 2 -1 -1 
53 114 235 124 0.06611514091491699 4 -1 -1 
644 538 264 226 0.06541069597005844 7 -1 -1 
763 168 28 39 0.06529974937438965 1 -1 -1 
71 413 310 145 0.06405629962682724 9 -1 -1 
994 339 29 63 0.06390081346035004 3 -1 -1 
71 127 209 174 0.06347569823265076 4 -1 -1 
118 118 146 91 0.06341223418712616 6 -1 -1 
546 323 223 172 0.06313926726579666 3 -1 -1 
1017 360 31 71 0.06252244859933853 1 -1 -1 
981 299 44 62 0.06186438724398613 1 -1 -1 
999 348 37 70 0.06125090271234512 2 -1 -1 
182 467 23 38 0.06064489856362343 2 -1 -1 
543 3 110 54 0.06010821461677551 5 -1 -1 
975 331 35 43 0.060050588101148605 1 -1 -1 
1010 336 24 53 0.05986529216170311 1 -1 -1 
1012 352 23 47 0.059654947370290756 2 -1 -1 
67 95 153 81 0.05963655188679695 4 -1 -1 
130 131 40 68 0.059556931257247925 1 -1 -1 
761 177 26 67 0.05906529352068901 2 -1 -1 
1279 0 52 14 0.05902877077460289 5 -1 -1 
261 191 27 55 0.05884237959980965 1 -1 -1 
1006 338 37 67 0.0588235966861248 1 -1 -1 
1006 331 25 46 0.05815344303846359 2 -1 -1 
1037 105 95 91 0.05813698470592499 9 -1 -1 
82 110 107 63 0.05711313337087631 4 -1 -1 
1017 360 31 71 0.056761059910058975 9 -1 -1 
147 150 112 117 0.05631408840417862 4 -1 -1 
721 167 67 78 0.05629740655422211 1 -1 -1 
68 411 313 149 0.055949363857507706 10 -1 -1 
971 339 40 69 0.05522264540195465 1 -1 -1 
766 168 25 66 0.054843079298734665 2 -1 -1 
146 144 133 73 0.054195329546928406 5 -1 -1 
985 304 25 69 0.054152339696884155 2 -1 -1 
997 355 29 54 0.05412084609270096 2 -1 -1 
988 335 30 57 0.053955987095832825 2 -1 -1 
746 160 47 50 0.053341370075941086 2 -1 -1 
190 162 85 67 0.05333634838461876 4 -1 -1 
993 317 38 64 0.05331239476799965 2 -1 -1 
150 131 131 75 0.05300259590148926 4 -1 -1 
137 150 259 107 0.052975576370954514 6 -1 -1 
751 168 40 75 0.05245516821742058 4 -1 -1 
1308 121 17 36 0.0523117259144783 1 -1 -1 
1086 47 78 73 0.05228124186396599 9 -1 -1 
1017 361 20 56 0.05191280320286751 1 -1 -1 
1017 361 19 46 0.051869310438632965 2 -1 -1 
267 204 29 56 0.051643844693899155 1 -1 -1 
40 102 222 121 0.05155268311500549 9 -1 -1 
548 0 90 27 0.05105751380324364 4 -1 -1 
751 168 40 75 0.05105528607964516 3 -1 -1 
982 352 31 58 0.05099881812930107 3 -1 -1 
1010 336 24 53 0.050625722855329514 2 -1 -1 
978 331 46 68 0.05051400139927864 3 -1 -1 
1012 352 23 47 0.050340842455625534 1 -1 -1 
106 126 72 60 0.05016154795885086 1 -1 -1 
768 167 23 64 0.050087977200746536 1 -1 -1 
