1117 481 167 145 0.9462426900863647 4 -1 -1 
911 32 43 24 0.9049089550971985 4 -1 -1 
489 172 55 61 0.877429723739624 4 -1 -1 
71 646 86 90 0.8483843207359314 10 -1 -1 
781 115 45 36 0.8375446796417236 4 -1 -1 
529 33 38 39 0.8222259283065796 6 -1 -1 
-3 225 106 57 0.819469690322876 4 -1 -1 
950 17 33 25 0.8052383065223694 4 -1 -1 
495 420 87 118 0.7936608791351318 4 -1 -1 
22 265 32 57 0.7738051414489746 1 -1 -1 
1276 386 83 84 0.7730254530906677 4 -1 -1 
245 142 65 59 0.7665084600448608 5 -1 -1 
603 61 32 41 0.7600671648979187 5 -1 -1 
721 46 30 27 0.7583693265914917 4 -1 -1 
592 13 7 20 0.7514500021934509 1 -1 -1 
866 50 34 27 0.7189735174179077 4 -1 -1 
82 624 52 84 0.7182128429412842 2 -1 -1 
597 4 6 18 0.717507004737854 1 -1 -1 
7 253 25 53 0.6917623281478882 1 -1 -1 
556 22 23 23 0.6893694400787354 4 -1 -1 
1117 237 123 50 0.6688317060470581 4 -1 -1 
1183 301 168 60 0.6668937802314758 4 -1 -1 
559 13 22 19 0.6598235964775085 4 -1 -1 
1089 557 35 55 0.6505865454673767 2 -1 -1 
838 7 47 18 0.6417984962463379 4 -1 -1 
534 93 14 27 0.6340478658676147 10 -1 -1 
529 33 39 39 0.6240155100822449 5 -1 -1 
586 1 7 18 0.6230241656303406 1 -1 -1 
948 35 9 27 0.6067819595336914 1 -1 -1 
1225 324 135 79 0.6011530160903931 4 -1 -1 
1074 75 12 30 0.5952826142311096 1 -1 -1 
752 16 10 16 0.5900294184684753 7 -1 -1 
910 13 29 24 0.5893666744232178 4 -1 -1 
614 5 9 16 0.5756843686103821 10 -1 -1 
614 1 9 15 0.5672363042831421 2 -1 -1 
535 91 12 21 0.565895676612854 2 -1 -1 
1047 167 19 29 0.5622376203536987 2 -1 -1 
1079 82 9 27 0.5597622990608215 1 -1 -1 
1079 559 46 73 0.5573338866233826 10 -1 -1 
565 4 22 21 0.551122784614563 4 -1 -1 
591 1 6 18 0.5470004677772522 1 -1 -1 
850 33 33 26 0.544524073600769 4 -1 -1 
894 68 30 31 0.5437825322151184 8 -1 -1 
1085 138 53 43 0.5379214286804199 8 -1 -1 
1309 278 35 26 0.5294841527938843 10 -1 -1 
1084 565 38 67 0.5260503888130188 3 -1 -1 
1311 260 40 30 0.5245609283447266 10 -1 -1 
431 2 54 22 0.5051870346069336 4 -1 -1 
843 23 26 21 0.49944642186164856 4 -1 -1 
1003 199 12 28 0.48620671033859253 1 -1 -1 
295 100 34 27 0.48175033926963806 7 -1 -1 
585 19 8 18 0.480767160654068 2 -1 -1 
1022 147 10 27 0.47434869408607483 2 -1 -1 
1067 378 83 89 0.47011396288871765 4 -1 -1 
894 69 30 30 0.4628831744194031 5 -1 -1 
1315 283 33 26 0.4557354152202606 10 -1 -1 
790 11 23 18 0.4463590979576111 4 -1 -1 
753 11 8 14 0.4447309076786041 2 -1 -1 
566 4 21 21 0.4430215656757355 5 -1 -1 
1313 272 38 29 0.4379013776779175 10 -1 -1 
1034 161 19 30 0.4364088773727417 2 -1 -1 
1081 81 11 27 0.4343881607055664 1 -1 -1 
801 23 22 14 0.4314807057380676 7 -1 -1 
1225 324 135 79 0.43000906705856323 5 -1 -1 
801 23 22 13 0.4279889762401581 4 -1 -1 
585 25 8 14 0.42774471640586853 10 -1 -1 
818 0 24 16 0.4200180768966675 4 -1 -1 
1026 146 12 29 0.41791611909866333 2 -1 -1 
911 0 22 17 0.41570281982421875 4 -1 -1 
1087 145 52 40 0.4142168164253235 7 -1 -1 
1118 237 121 51 0.41387292742729187 5 -1 -1 
894 69 30 30 0.4090244770050049 4 -1 -1 
584 25 9 14 0.40307289361953735 3 -1 -1 
593 3 7 19 0.39373382925987244 1 -1 -1 
969 33 17 16 0.3917384147644043 10 -1 -1 
77 629 64 94 0.3840532600879669 10 -1 -1 
908 55 37 18 0.37819236516952515 7 -1 -1 
801 23 22 13 0.36505386233329773 8 -1 -1 
844 26 33 26 0.364327609539032 4 -1 -1 
603 61 32 41 0.3625409007072449 6 -1 -1 
293 84 89 42 0.3590465188026428 6 -1 -1 
292 46 72 39 0.357510507106781 4 -1 -1 
818 0 24 17 0.35220107436180115 5 -1 -1 
949 36 8 14 0.35200372338294983 2 -1 -1 
1038 164 28 30 0.349776953458786 2 -1 -1 
1022 146 11 29 0.3487713932991028 1 -1 -1 
545 33 24 27 0.3417741358280182 4 -1 -1 
914 57 27 17 0.3363092243671417 3 -1 -1 
931 77 9 12 0.3362849950790405 2 -1 -1 
21 263 32 58 0.33537906408309937 3 -1 -1 
1320 267 34 30 0.3332795202732086 10 -1 -1 
1307 283 31 22 0.33267560601234436 10 -1 -1 
585 18 8 18 0.33222782611846924 1 -1 -1 
375 17 45 25 0.33213546872138977 4 -1 -1 
1321 282 33 23 0.330360472202301 10 -1 -1 
908 56 23 17 0.3242533206939697 7 -1 -1 
1077 553 41 55 0.3208773136138916 2 -1 -1 
292 47 73 41 0.32062432169914246 9 -1 -1 
984 153 22 30 0.3166602849960327 4 -1 -1 
1025 146 14 29 0.30977392196655273 1 -1 -1 
76 634 74 98 0.3094707727432251 2 -1 -1 
246 142 64 56 0.3083566725254059 4 -1 -1 
837 7 49 18 0.30590006709098816 5 -1 -1 
990 111 13 23 0.30145442485809326 2 -1 -1 
615 0 8 10 0.29899004101753235 2 -1 -1 
914 57 27 17 0.29883038997650146 10 -1 -1 
752 16 10 16 0.29811346530914307 10 -1 -1 
614 4 9 17 0.2952437698841095 2 -1 -1 
301 130 35 28 0.2942023277282715 4 -1 -1 
1036 168 21 24 0.29377421736717224 2 -1 -1 
1044 168 49 30 0.29268568754196167 7 -1 -1 
1024 299 129 168 0.29108187556266785 5 -1 -1 
982 152 25 35 0.2894532382488251 7 -1 -1 
919 59 16 15 0.2880657911300659 3 -1 -1 
1309 267 31 28 0.28672537207603455 10 -1 -1 
1062 142 77 48 0.28389567136764526 7 -1 -1 
1084 559 39 73 0.2834102511405945 2 -1 -1 
603 61 32 41 0.2830412983894348 4 -1 -1 
842 10 34 24 0.28119856119155884 4 -1 -1 
1033 327 120 140 0.2788398265838623 4 -1 -1 
1024 299 129 168 0.27845263481140137 9 -1 -1 
588 18 8 17 0.2771799564361572 1 -1 -1 
1084 79 9 24 0.2763115167617798 1 -1 -1 
1080 555 45 76 0.2758331298828125 7 -1 -1 
292 46 72 39 0.2746952772140503 5 -1 -1 
585 25 8 15 0.2733609676361084 2 -1 -1 
972 32 18 15 0.27123507857322693 3 -1 -1 
1049 167 17 30 0.2694147229194641 1 -1 -1 
985 110 15 24 0.2690752446651459 2 -1 -1 
1043 168 16 24 0.26684245467185974 2 -1 -1 
752 15 10 16 0.2644394040107727 2 -1 -1 
12 261 36 58 0.26050153374671936 1 -1 -1 
845 12 24 30 0.26037657260894775 5 -1 -1 
0 285 43 33 0.2580150067806244 3 -1 -1 
850 33 33 26 0.25672054290771484 5 -1 -1 
1080 75 11 25 0.2557922899723053 1 -1 -1 
1308 276 26 25 0.2543758153915405 10 -1 -1 
1119 161 13 25 0.25067374110221863 2 -1 -1 
585 23 8 16 0.2501600682735443 1 -1 -1 
919 57 23 16 0.24736957252025604 7 -1 -1 
941 65 24 18 0.24681447446346283 3 -1 -1 
1160 133 36 29 0.24621610343456268 7 -1 -1 
585 19 8 18 0.24526530504226685 10 -1 -1 
250 141 63 27 0.2449817955493927 5 -1 -1 
1309 258 31 26 0.24304832518100739 10 -1 -1 
1059 74 11 13 0.24237406253814697 3 -1 -1 
587 21 8 16 0.24228520691394806 3 -1 -1 
1296 312 64 53 0.241819828748703 4 -1 -1 
1045 168 36 29 0.24147441983222961 2 -1 -1 
595 9 6 19 0.23750227689743042 1 -1 -1 
752 14 11 18 0.23622731864452362 8 -1 -1 
81 624 51 85 0.2324572056531906 1 -1 -1 
982 152 25 35 0.23034465312957764 8 -1 -1 
529 33 39 38 0.2290072739124298 4 -1 -1 
904 11 34 26 0.22878968715667725 5 -1 -1 
305 90 98 42 0.22000163793563843 6 -1 -1 
1024 299 129 168 0.21759819984436035 6 -1 -1 
843 22 30 23 0.21744662523269653 5 -1 -1 
780 5 33 25 0.21477010846138 4 -1 -1 
840 13 29 28 0.20947405695915222 4 -1 -1 
1059 327 91 140 0.20891867578029633 5 -1 -1 
897 10 40 27 0.20035478472709656 4 -1 -1 
865 51 35 26 0.1980457454919815 5 -1 -1 
1092 155 46 31 0.19721798598766327 8 -1 -1 
848 4 45 20 0.19579075276851654 4 -1 -1 
1159 133 36 29 0.19465607404708862 10 -1 -1 
1055 171 46 29 0.18994219601154327 7 -1 -1 
1075 162 55 33 0.18848364055156708 7 -1 -1 
3 258 55 61 0.187289759516716 3 -1 -1 
1059 327 91 140 0.1859842985868454 9 -1 -1 
1033 158 23 34 0.1816302388906479 1 -1 -1 
1160 133 36 29 0.17852164804935455 8 -1 -1 
71 646 86 89 0.17699065804481506 4 -1 -1 
1060 173 54 28 0.17140688002109528 4 -1 -1 
846 30 33 24 0.17003348469734192 5 -1 -1 
293 84 87 42 0.16597406566143036 4 -1 -1 
843 14 27 30 0.16534486413002014 6 -1 -1 
838 10 33 22 0.16505607962608337 5 -1 -1 
1080 552 45 63 0.16483749449253082 3 -1 -1 
292 47 73 41 0.16431865096092224 6 -1 -1 
903 3 33 28 0.16240568459033966 4 -1 -1 
490 172 55 61 0.16130121052265167 5 -1 -1 
1080 553 45 63 0.1610627919435501 1 -1 -1 
248 139 76 29 0.16008687019348145 4 -1 -1 
541 33 28 32 0.15585055947303772 5 -1 -1 
541 33 28 32 0.15379245579242706 6 -1 -1 
854 43 38 31 0.15306386351585388 4 -1 -1 
894 68 30 31 0.15187717974185944 7 -1 -1 
1024 142 36 30 0.14873184263706207 7 -1 -1 
794 22 29 25 0.1485598236322403 8 -1 -1 
894 68 30 31 0.14831365644931793 6 -1 -1 
900 0 33 19 0.14706039428710938 4 -1 -1 
794 22 29 24 0.14526811242103577 7 -1 -1 
1065 172 48 29 0.14428222179412842 7 -1 -1 
-1 225 104 57 0.14364643394947052 5 -1 -1 
72 640 86 97 0.1434418112039566 3 -1 -1 
1184 301 166 62 0.1407177895307541 5 -1 -1 
854 0 43 19 0.13973960280418396 4 -1 -1 
908 54 36 19 0.1387978196144104 8 -1 -1 
885 67 36 29 0.13493983447551727 4 -1 -1 
554 12 27 29 0.13478046655654907 4 -1 -1 
950 17 32 25 0.13477666676044464 5 -1 -1 
1059 327 91 140 0.13370251655578613 6 -1 -1 
1151 132 38 27 0.13333484530448914 7 -1 -1 
1044 167 26 29 0.13210971653461456 10 -1 -1 
249 48 104 45 0.13129964470863342 6 -1 -1 
1092 155 46 31 0.13044118881225586 10 -1 -1 
1038 164 28 30 0.1272878795862198 1 -1 -1 
1062 142 77 48 0.1261056512594223 6 -1 -1 
981 153 26 33 0.12337587773799896 5 -1 -1 
308 98 100 52 0.1232776939868927 6 -1 -1 
839 8 39 18 0.1222241073846817 6 -1 -1 
854 34 36 30 0.12019093334674835 4 -1 -1 
1043 169 27 30 0.11916805058717728 2 -1 -1 
1020 143 23 34 0.11897911131381989 2 -1 -1 
1117 481 167 145 0.1173478439450264 1 -1 -1 
180 25 63 97 0.11691439896821976 4 -1 -1 
982 152 24 34 0.11554825305938721 6 -1 -1 
280 70 81 50 0.11542847007513046 6 -1 -1 
1117 481 167 145 0.11451611667871475 9 -1 -1 
1077 550 42 62 0.11437984555959702 10 -1 -1 
836 7 34 20 0.11430007964372635 4 -1 -1 
550 26 27 30 0.11419308185577393 4 -1 -1 
1150 131 38 29 0.1140289455652237 3 -1 -1 
1045 167 28 29 0.11285439133644104 7 -1 -1 
1084 143 53 42 0.11205285042524338 10 -1 -1 
1082 138 56 42 0.11137884110212326 5 -1 -1 
1041 155 92 42 0.10884241759777069 7 -1 -1 
1116 481 167 142 0.10591165721416473 5 -1 -1 
1042 147 96 47 0.1041603609919548 8 -1 -1 
1052 142 87 46 0.07930124551057816 5 -1 -1 
138 28 131 97 0.07370756566524506 4 -1 -1 
1041 155 92 42 0.07035519927740097 6 -1 -1 
1051 139 86 48 0.06685663759708405 4 -1 -1 
1062 142 77 48 0.06542401760816574 3 -1 -1 
1041 143 98 46 0.06488506495952606 9 -1 -1 
1115 481 168 144 0.06307414174079895 7 -1 -1 
1117 481 167 145 0.06261064857244492 10 -1 -1 
150 25 174 92 0.06073908507823944 4 -1 -1 
1050 144 88 46 0.06008876487612724 10 -1 -1 
1117 481 167 145 0.05958549305796623 6 -1 -1 
1023 146 94 46 0.05622078478336334 7 -1 -1 
290 73 160 62 0.05203547328710556 6 -1 -1 
1093 486 89 149 0.05026289075613022 9 -1 -1 
