629 94 25 32 0.9828187823295593 5 -1 -1 
404 284 27 40 0.9535649418830872 7 -1 -1 
648 471 59 88 0.9446402788162231 4 -1 -1 
244 226 57 49 0.9311696887016296 4 -1 -1 
1111 514 106 95 0.9123635292053223 4 -1 -1 
642 345 50 61 0.9024686813354492 4 -1 -1 
145 56 42 25 0.9000483155250549 4 -1 -1 
548 517 69 103 0.8978915810585022 4 -1 -1 
52 382 103 70 0.896052896976471 4 -1 -1 
550 144 33 34 0.8959421515464783 4 -1 -1 
613 148 32 31 0.8918638229370117 4 -1 -1 
513 207 40 42 0.8915520906448364 4 -1 -1 
575 92 27 27 0.879726767539978 4 -1 -1 
218 77 61 23 0.8584144711494446 4 -1 -1 
530 100 27 29 0.8573834300041199 4 -1 -1 
674 41 19 23 0.8551410436630249 5 -1 -1 
218 106 68 25 0.8518809676170349 4 -1 -1 
290 207 22 29 0.8276676535606384 7 -1 -1 
541 66 25 26 0.8178620338439941 4 -1 -1 
590 50 22 23 0.8172725439071655 4 -1 -1 
572 14 20 17 0.8049694895744324 4 -1 -1 
341 177 12 30 0.7906709313392639 1 -1 -1 
647 27 20 18 0.7840614914894104 4 -1 -1 
207 137 14 27 0.7664505839347839 1 -1 -1 
149 129 24 16 0.7536752820014954 10 -1 -1 
601 228 41 44 0.751871645450592 4 -1 -1 
131 99 65 29 0.7414128184318542 4 -1 -1 
461 42 24 17 0.7392300367355347 4 -1 -1 
776 49 24 22 0.7363595366477966 4 -1 -1 
288 130 24 14 0.7152762413024902 10 -1 -1 
293 123 11 19 0.7052714824676514 2 -1 -1 
488 171 13 22 0.693743884563446 10 -1 -1 
561 47 21 21 0.6890720129013062 4 -1 -1 
832 187 10 19 0.6754164695739746 2 -1 -1 
637 57 21 21 0.6677412390708923 4 -1 -1 
738 418 17 37 0.6629443168640137 10 -1 -1 
512 103 10 19 0.6497054100036621 10 -1 -1 
831 193 11 21 0.6493391990661621 10 -1 -1 
489 163 12 23 0.6487345099449158 2 -1 -1 
293 202 14 23 0.6427240371704102 2 -1 -1 
735 703 27 40 0.6420391798019409 2 -1 -1 
991 550 44 30 0.6222452521324158 3 -1 -1 
908 277 14 32 0.6216807961463928 1 -1 -1 
933 151 11 27 0.620657742023468 1 -1 -1 
714 65 9 16 0.6122119426727295 2 -1 -1 
513 98 9 18 0.6046749949455261 2 -1 -1 
480 64 8 17 0.6042405962944031 1 -1 -1 
732 703 30 62 0.6037667393684387 10 -1 -1 
949 279 15 39 0.5965061187744141 1 -1 -1 
637 21 6 16 0.595170259475708 1 -1 -1 
405 284 15 24 0.5829094052314758 2 -1 -1 
427 215 12 25 0.579308807849884 3 -1 -1 
489 140 10 18 0.563642680644989 10 -1 -1 
705 25 7 12 0.5630808472633362 2 -1 -1 
489 132 9 16 0.5601952075958252 2 -1 -1 
470 29 23 19 0.552617073059082 4 -1 -1 
477 21 18 18 0.548271656036377 4 -1 -1 
429 205 10 26 0.5429151654243469 2 -1 -1 
356 124 25 16 0.519371509552002 10 -1 -1 
705 29 7 12 0.5148247480392456 10 -1 -1 
659 0 16 14 0.5122658014297485 4 -1 -1 
359 117 10 20 0.5088128447532654 2 -1 -1 
738 412 16 31 0.48225411772727966 2 -1 -1 
151 121 12 17 0.47977110743522644 2 -1 -1 
575 25 17 20 0.4785920977592468 5 -1 -1 
714 71 10 12 0.47488683462142944 10 -1 -1 
211 116 36 36 0.4510379731655121 8 -1 -1 
575 26 17 19 0.43997669219970703 4 -1 -1 
427 214 12 26 0.42187008261680603 10 -1 -1 
404 284 20 37 0.41097983717918396 2 -1 -1 
993 550 46 66 0.40126436948776245 7 -1 -1 
637 21 6 16 0.37994349002838135 2 -1 -1 
289 207 23 29 0.37349826097488403 10 -1 -1 
358 118 19 21 0.3711879253387451 10 -1 -1 
290 204 20 28 0.3705559968948364 2 -1 -1 
-1 362 34 54 0.36389532685279846 4 -1 -1 
637 25 7 13 0.35037869215011597 3 -1 -1 
149 125 20 19 0.34989458322525024 2 -1 -1 
544 45 5 12 0.3463032841682434 2 -1 -1 
151 123 14 18 0.34044283628463745 10 -1 -1 
292 123 13 20 0.33484354615211487 10 -1 -1 
575 25 17 20 0.3340841233730316 6 -1 -1 
227 133 19 17 0.3329252004623413 10 -1 -1 
775 49 24 21 0.3171422481536865 5 -1 -1 
714 65 9 17 0.31527307629585266 1 -1 -1 
659 0 17 15 0.3096312880516052 9 -1 -1 
738 411 16 21 0.30849558115005493 2 -1 -1 
739 420 15 28 0.30799806118011475 2 -1 -1 
993 549 45 66 0.3014211654663086 8 -1 -1 
359 117 10 19 0.2968384027481079 1 -1 -1 
738 413 15 31 0.29548075795173645 10 -1 -1 
489 135 9 19 0.2928623855113983 10 -1 -1 
659 0 17 15 0.29244479537010193 6 -1 -1 
292 122 9 17 0.2921765446662903 2 -1 -1 
714 71 10 13 0.2872416079044342 3 -1 -1 
659 0 17 16 0.28243085741996765 5 -1 -1 
404 285 27 39 0.28027844429016113 3 -1 -1 
217 132 29 20 0.27969807386398315 10 -1 -1 
765 55 8 19 0.2795233726501465 1 -1 -1 
705 26 7 11 0.27633634209632874 10 -1 -1 
489 163 12 23 0.27464815974235535 1 -1 -1 
715 69 9 14 0.2723079323768616 2 -1 -1 
731 702 31 63 0.2716851234436035 7 -1 -1 
992 549 47 65 0.2704225778579712 3 -1 -1 
358 118 19 21 0.2687019109725952 2 -1 -1 
634 23 6 14 0.2633267641067505 1 -1 -1 
213 129 33 23 0.2609444260597229 8 -1 -1 
544 48 5 12 0.256882905960083 10 -1 -1 
147 124 16 17 0.2559086084365845 2 -1 -1 
544 46 5 12 0.24978744983673096 1 -1 -1 
132 99 63 28 0.2489832490682602 5 -1 -1 
634 28 8 11 0.2468039095401764 3 -1 -1 
293 122 11 20 0.2467195838689804 1 -1 -1 
404 285 27 39 0.2464168518781662 8 -1 -1 
636 21 6 12 0.24456608295440674 2 -1 -1 
150 119 11 15 0.2438422441482544 2 -1 -1 
489 142 11 16 0.24223564565181732 3 -1 -1 
429 205 10 26 0.24079488217830658 1 -1 -1 
404 284 27 40 0.2380146086215973 6 -1 -1 
738 412 16 31 0.2359716147184372 1 -1 -1 
294 202 12 21 0.235562264919281 1 -1 -1 
706 21 8 15 0.23386172950267792 2 -1 -1 
735 704 27 40 0.23329690098762512 10 -1 -1 
832 187 10 19 0.22831273078918457 1 -1 -1 
731 702 32 62 0.21977843344211578 2 -1 -1 
628 94 26 32 0.20410630106925964 4 -1 -1 
468 28 26 20 0.20111815631389618 5 -1 -1 
404 284 20 37 0.2010219246149063 1 -1 -1 
642 345 50 61 0.19419769942760468 5 -1 -1 
629 94 25 32 0.18940304219722748 8 -1 -1 
961 120 36 18 0.1883092075586319 4 -1 -1 
674 41 20 24 0.18310169875621796 4 -1 -1 
590 50 22 24 0.17739729583263397 5 -1 -1 
405 284 26 39 0.1769864857196808 9 -1 -1 
471 24 24 23 0.17381936311721802 6 -1 -1 
211 119 36 33 0.1667957305908203 10 -1 -1 
960 125 37 19 0.16620153188705444 4 -1 -1 
629 94 25 32 0.16584008932113647 6 -1 -1 
476 20 21 25 0.1564643383026123 6 -1 -1 
216 131 30 21 0.1514279991388321 7 -1 -1 
473 21 23 24 0.15141825377941132 5 -1 -1 
962 118 33 18 0.14277803897857666 10 -1 -1 
355 122 26 18 0.14232970774173737 3 -1 -1 
405 284 26 39 0.14172863960266113 4 -1 -1 
211 119 36 33 0.13492447137832642 7 -1 -1 
426 205 13 31 0.1340636909008026 3 -1 -1 
629 94 25 32 0.13263379037380219 10 -1 -1 
738 415 16 36 0.13142643868923187 3 -1 -1 
404 284 27 40 0.13117428123950958 10 -1 -1 
220 132 27 20 0.12914873659610748 3 -1 -1 
210 117 36 36 0.12796878814697266 5 -1 -1 
530 101 27 28 0.12724699079990387 5 -1 -1 
775 49 24 21 0.12626636028289795 6 -1 -1 
404 283 23 27 0.12200484424829483 2 -1 -1 
575 92 27 28 0.11980189383029938 5 -1 -1 
470 20 25 19 0.11936310678720474 6 -1 -1 
648 471 59 88 0.1186450868844986 1 -1 -1 
404 284 19 30 0.11663081496953964 7 -1 -1 
731 702 31 63 0.11293133348226547 8 -1 -1 
353 115 20 25 0.112454354763031 10 -1 -1 
211 116 36 36 0.11142684519290924 4 -1 -1 
648 471 59 88 0.11087817698717117 9 -1 -1 
355 120 26 20 0.10924910008907318 7 -1 -1 
541 67 25 25 0.10915245115756989 5 -1 -1 
949 279 15 39 0.10904189944267273 2 -1 -1 
732 703 30 62 0.10652845352888107 3 -1 -1 
908 265 17 28 0.10620488226413727 10 -1 -1 
353 184 15 28 0.1054660752415657 1 -1 -1 
628 94 26 32 0.10538579523563385 9 -1 -1 
218 106 68 25 0.10516536980867386 1 -1 -1 
-1 362 34 53 0.10408114641904831 5 -1 -1 
345 178 15 31 0.10318374633789062 1 -1 -1 
217 105 69 26 0.10228031873703003 5 -1 -1 
959 121 31 21 0.10201825201511383 10 -1 -1 
962 113 36 21 0.10104746371507645 4 -1 -1 
52 382 103 70 0.10103880614042282 1 -1 -1 
992 553 45 63 0.10077249258756638 9 -1 -1 
467 20 26 22 0.09972197562456131 4 -1 -1 
218 78 61 22 0.09970947355031967 5 -1 -1 
402 284 17 31 0.09853120893239975 2 -1 -1 
244 226 57 49 0.09769045561552048 1 -1 -1 
560 47 22 21 0.09751778095960617 5 -1 -1 
629 94 25 32 0.0973706915974617 7 -1 -1 
1000 571 40 47 0.09734054654836655 7 -1 -1 
244 226 56 49 0.09667705744504929 9 -1 -1 
628 94 26 32 0.09657437354326248 2 -1 -1 
426 211 14 29 0.09574559330940247 1 -1 -1 
463 25 28 21 0.09557163715362549 4 -1 -1 
962 105 36 21 0.09503979235887527 10 -1 -1 
244 226 57 49 0.09502117335796356 5 -1 -1 
218 106 68 25 0.08981698751449585 9 -1 -1 
548 517 69 102 0.08362975716590881 9 -1 -1 
52 382 103 70 0.07456710934638977 5 -1 -1 
218 106 68 25 0.07037322223186493 6 -1 -1 
218 106 68 25 0.06950713694095612 10 -1 -1 
547 517 71 102 0.06661536544561386 1 -1 -1 
218 78 61 22 0.06441111117601395 9 -1 -1 
207 111 52 38 0.06295012682676315 8 -1 -1 
200 116 50 45 0.05970091372728348 8 -1 -1 
52 382 103 70 0.057161878794431686 9 -1 -1 
207 111 52 38 0.0557829923927784 4 -1 -1 
547 517 71 102 0.053065575659275055 5 -1 -1 
206 115 44 44 0.05096583440899849 6 -1 -1 
