725 260 58 85 0.9842145442962646 6 -1 -1 
523 200 27 36 0.9539245963096619 6 -1 -1 
485 104 31 14 0.9520667791366577 6 -1 -1 
700 528 56 68 0.9359534382820129 4 -1 -1 
1108 438 82 47 0.9348998665809631 4 -1 -1 
818 352 40 55 0.9220931529998779 5 -1 -1 
663 272 30 28 0.9130077958106995 4 -1 -1 
505 290 41 56 0.9100024104118347 6 -1 -1 
560 388 11 25 0.8989669680595398 3 -1 -1 
755 364 41 39 0.8921566605567932 4 -1 -1 
675 369 38 41 0.8766616582870483 4 -1 -1 
779 333 10 26 0.8553053140640259 1 -1 -1 
602 241 25 28 0.8321853280067444 4 -1 -1 
450 227 7 20 0.8287304639816284 1 -1 -1 
998 573 172 93 0.8105064630508423 5 -1 -1 
441 227 8 20 0.8047210574150085 1 -1 -1 
531 389 13 28 0.804492712020874 3 -1 -1 
731 204 52 20 0.795742392539978 4 -1 -1 
792 329 37 33 0.774562656879425 4 -1 -1 
1172 477 16 38 0.7676348090171814 1 -1 -1 
1016 473 81 42 0.7621999382972717 4 -1 -1 
601 189 20 23 0.757924497127533 4 -1 -1 
483 74 24 12 0.7388412952423096 5 -1 -1 
558 153 17 17 0.7339065074920654 4 -1 -1 
571 201 7 19 0.7324109673500061 1 -1 -1 
582 93 15 9 0.7316378355026245 4 -1 -1 
1030 439 64 39 0.7310866117477417 4 -1 -1 
327 506 124 63 0.7307395339012146 4 -1 -1 
1258 609 40 35 0.7298889756202698 3 -1 -1 
932 535 127 52 0.7284024357795715 4 -1 -1 
595 148 18 13 0.7246747612953186 7 -1 -1 
660 200 8 16 0.7078569531440735 2 -1 -1 
616 140 16 14 0.7068389058113098 4 -1 -1 
628 149 17 15 0.698311448097229 4 -1 -1 
588 157 16 17 0.6973564624786377 4 -1 -1 
646 134 12 12 0.6915274262428284 4 -1 -1 
740 383 13 23 0.6876203417778015 2 -1 -1 
661 205 7 13 0.6862089037895203 3 -1 -1 
327 506 124 63 0.681462287902832 5 -1 -1 
560 378 11 26 0.6761265397071838 2 -1 -1 
679 201 7 15 0.671604335308075 2 -1 -1 
666 96 22 10 0.6610710620880127 4 -1 -1 
531 381 13 25 0.6593233942985535 2 -1 -1 
477 64 20 8 0.6495303511619568 4 -1 -1 
480 121 4 13 0.6488707661628723 1 -1 -1 
739 388 14 24 0.6244567632675171 10 -1 -1 
536 140 15 12 0.6231379508972168 4 -1 -1 
632 138 18 13 0.6152549982070923 4 -1 -1 
653 468 12 37 0.6150625348091125 1 -1 -1 
577 184 6 11 0.6118161082267761 2 -1 -1 
487 115 5 11 0.599562406539917 1 -1 -1 
454 104 28 14 0.5860418081283569 5 -1 -1 
577 189 6 11 0.5802202820777893 10 -1 -1 
493 116 4 11 0.5749582648277283 1 -1 -1 
679 206 7 14 0.5742680430412292 3 -1 -1 
765 206 44 21 0.5685064196586609 4 -1 -1 
480 252 54 24 0.568145215511322 4 -1 -1 
1254 132 40 15 0.559975266456604 4 -1 -1 
631 113 5 12 0.5578066110610962 1 -1 -1 
460 113 5 10 0.5531598925590515 1 -1 -1 
724 709 77 56 0.552516758441925 4 -1 -1 
497 167 37 20 0.5469786524772644 4 -1 -1 
1182 488 95 58 0.5414164662361145 5 -1 -1 
643 128 5 11 0.540168285369873 1 -1 -1 
569 75 10 8 0.5341411828994751 4 -1 -1 
937 509 16 37 0.5291696190834045 1 -1 -1 
923 520 29 24 0.5274162888526917 3 -1 -1 
635 88 21 10 0.5235978960990906 4 -1 -1 
472 59 16 7 0.5171679854393005 4 -1 -1 
676 99 17 9 0.5144585967063904 4 -1 -1 
533 131 20 12 0.5085029602050781 5 -1 -1 
467 113 5 11 0.5075882077217102 1 -1 -1 
934 508 21 32 0.504669189453125 2 -1 -1 
452 131 5 13 0.5007284879684448 1 -1 -1 
639 128 4 11 0.49791258573532104 1 -1 -1 
610 129 16 13 0.49205756187438965 4 -1 -1 
988 587 17 43 0.4822525680065155 1 -1 -1 
633 107 5 11 0.4755229353904724 1 -1 -1 
1055 495 13 32 0.4754554033279419 1 -1 -1 
608 115 11 11 0.46755218505859375 4 -1 -1 
480 69 23 10 0.4667333662509918 4 -1 -1 
475 119 5 13 0.4562544822692871 1 -1 -1 
625 133 15 12 0.4547879695892334 4 -1 -1 
628 108 4 11 0.4543716609477997 1 -1 -1 
612 121 14 13 0.4442724287509918 4 -1 -1 
624 108 4 11 0.4429483115673065 1 -1 -1 
628 109 5 11 0.4397932291030884 1 -1 -1 
702 192 49 24 0.43939438462257385 4 -1 -1 
679 207 7 13 0.4368138015270233 10 -1 -1 
724 710 76 54 0.43643367290496826 5 -1 -1 
947 694 106 69 0.4306471347808838 4 -1 -1 
553 223 7 16 0.42972806096076965 1 -1 -1 
475 118 4 10 0.4290798008441925 1 -1 -1 
1183 488 99 56 0.4290488064289093 4 -1 -1 
640 108 4 11 0.4266606867313385 1 -1 -1 
536 131 18 12 0.4232005774974823 4 -1 -1 
553 222 6 12 0.4202069342136383 2 -1 -1 
540 127 19 12 0.4199317991733551 4 -1 -1 
642 128 4 12 0.41493770480155945 1 -1 -1 
629 111 6 13 0.41007912158966064 1 -1 -1 
479 112 5 12 0.4099521338939667 1 -1 -1 
473 85 29 13 0.4045328199863434 4 -1 -1 
443 154 19 9 0.4024326205253601 4 -1 -1 
946 694 107 69 0.39877691864967346 8 -1 -1 
497 166 36 21 0.39822664856910706 5 -1 -1 
632 111 5 12 0.3919031322002411 1 -1 -1 
664 151 7 14 0.3901406526565552 1 -1 -1 
577 69 14 8 0.3896053433418274 4 -1 -1 
662 90 24 11 0.38928109407424927 4 -1 -1 
538 242 9 13 0.38805562257766724 10 -1 -1 
933 516 19 34 0.3861439824104309 1 -1 -1 
734 198 55 23 0.3836207687854767 4 -1 -1 
1220 146 14 11 0.3798854351043701 4 -1 -1 
546 152 11 11 0.3772892951965332 7 -1 -1 
1185 149 25 11 0.3750598430633545 4 -1 -1 
652 468 13 38 0.36778223514556885 3 -1 -1 
82 420 113 99 0.36758801341056824 4 -1 -1 
539 130 17 11 0.36396756768226624 4 -1 -1 
648 93 20 10 0.3582402467727661 4 -1 -1 
1262 618 37 36 0.3539884388446808 3 -1 -1 
454 104 27 14 0.35283058881759644 4 -1 -1 
934 521 18 30 0.3519567549228668 3 -1 -1 
475 60 16 7 0.34966033697128296 4 -1 -1 
1255 133 38 14 0.34309011697769165 5 -1 -1 
653 468 12 36 0.34207215905189514 2 -1 -1 
149 444 121 95 0.3381642997264862 4 -1 -1 
100 432 164 97 0.3330422639846802 4 -1 -1 
504 290 43 57 0.3322983682155609 8 -1 -1 
661 205 7 14 0.3320179581642151 10 -1 -1 
477 62 17 8 0.3300955593585968 4 -1 -1 
482 72 22 9 0.32985439896583557 4 -1 -1 
461 112 6 12 0.3273746073246002 1 -1 -1 
595 148 19 13 0.32659703493118286 8 -1 -1 
931 511 17 35 0.32438403367996216 1 -1 -1 
740 389 13 24 0.3232686519622803 3 -1 -1 
1115 641 20 55 0.3199031949043274 1 -1 -1 
577 187 6 13 0.3181048333644867 2 -1 -1 
612 122 12 12 0.316418319940567 5 -1 -1 
609 86 10 8 0.31153085827827454 4 -1 -1 
485 104 31 14 0.310239315032959 5 -1 -1 
538 241 9 14 0.3060673177242279 7 -1 -1 
497 79 22 10 0.3054245710372925 4 -1 -1 
923 519 30 23 0.3042369782924652 10 -1 -1 
748 197 44 18 0.29650282859802246 4 -1 -1 
1076 686 294 80 0.2726214528083801 6 -1 -1 
100 444 168 128 0.26945650577545166 4 -1 -1 
923 515 32 27 0.2684760093688965 2 -1 -1 
505 290 41 56 0.25490856170654297 5 -1 -1 
1077 685 144 78 0.2433176338672638 6 -1 -1 
1265 132 33 17 0.23135845363140106 4 -1 -1 
998 573 172 93 0.2298532873392105 6 -1 -1 
477 252 56 23 0.2298484742641449 5 -1 -1 
1079 687 145 76 0.22569392621517181 5 -1 -1 
1080 686 143 78 0.22472262382507324 9 -1 -1 
724 260 59 85 0.22420498728752136 5 -1 -1 
998 572 172 93 0.22252796590328217 4 -1 -1 
115 444 155 94 0.21257613599300385 5 -1 -1 
1016 472 82 44 0.2082267552614212 5 -1 -1 
946 693 110 70 0.20642594993114471 5 -1 -1 
505 290 41 56 0.20145362615585327 9 -1 -1 
928 509 27 34 0.19816288352012634 3 -1 -1 
1182 149 32 17 0.19708402454853058 4 -1 -1 
724 261 59 84 0.19532297551631927 9 -1 -1 
1078 687 145 76 0.1926860213279724 4 -1 -1 
724 260 58 85 0.19063420593738556 8 -1 -1 
1077 685 144 79 0.18791073560714722 8 -1 -1 
80 426 182 99 0.18225127458572388 5 -1 -1 
523 200 27 36 0.1816122680902481 5 -1 -1 
792 329 37 33 0.17708484828472137 5 -1 -1 
487 245 47 27 0.17585191130638123 4 -1 -1 
1015 471 84 45 0.1729358583688736 6 -1 -1 
327 506 124 63 0.16766436398029327 6 -1 -1 
923 515 32 27 0.16535580158233643 1 -1 -1 
930 509 25 32 0.16398009657859802 10 -1 -1 
84 419 110 101 0.15748381614685059 5 -1 -1 
819 352 39 55 0.15725387632846832 4 -1 -1 
1180 154 35 15 0.15636827051639557 4 -1 -1 
523 200 27 36 0.15599697828292847 9 -1 -1 
923 520 29 24 0.15482032299041748 8 -1 -1 
725 260 58 85 0.1544404923915863 7 -1 -1 
725 260 58 85 0.1464575231075287 4 -1 -1 
1030 438 64 40 0.14533624053001404 5 -1 -1 
92 403 158 110 0.14314018189907074 4 -1 -1 
923 519 31 24 0.1410294622182846 7 -1 -1 
1172 152 38 18 0.13955748081207275 4 -1 -1 
484 104 32 14 0.1372167021036148 4 -1 -1 
94 439 174 94 0.1365358680486679 9 -1 -1 
945 693 111 71 0.13556532561779022 6 -1 -1 
499 160 37 23 0.13442066311836243 4 -1 -1 
93 533 156 145 0.13407424092292786 4 -1 -1 
1264 138 34 19 0.13390414416790009 4 -1 -1 
327 506 124 63 0.133703351020813 9 -1 -1 
559 378 13 33 0.13330934941768646 1 -1 -1 
526 382 18 34 0.13224589824676514 3 -1 -1 
94 439 174 94 0.132111057639122 6 -1 -1 
1079 689 237 75 0.13088536262512207 8 -1 -1 
998 572 172 95 0.13021786510944366 9 -1 -1 
173 444 98 100 0.12989462912082672 5 -1 -1 
523 128 31 16 0.129371777176857 9 -1 -1 
497 167 37 19 0.12729929387569427 6 -1 -1 
1254 132 39 15 0.12400582432746887 6 -1 -1 
168 417 102 103 0.12340319901704788 4 -1 -1 
1224 410 52 51 0.12315908819437027 4 -1 -1 
60 439 117 115 0.12198880314826965 4 -1 -1 
530 379 15 31 0.12139030545949936 3 -1 -1 
929 522 28 31 0.11948968470096588 10 -1 -1 
1076 686 294 80 0.11946167051792145 7 -1 -1 
77 441 192 134 0.11867481470108032 5 -1 -1 
1015 471 84 45 0.11860001087188721 8 -1 -1 
725 260 58 85 0.11859240382909775 2 -1 -1 
522 200 29 35 0.11554388701915741 4 -1 -1 
1265 132 33 17 0.11533837765455246 5 -1 -1 
504 290 43 57 0.11414983123540878 7 -1 -1 
530 379 15 31 0.1131945326924324 1 -1 -1 
724 260 58 85 0.11315345764160156 3 -1 -1 
1077 685 144 78 0.1127663105726242 7 -1 -1 
156 450 117 141 0.11275475472211838 4 -1 -1 
126 446 144 121 0.11240449547767639 9 -1 -1 
126 446 144 121 0.11236046999692917 6 -1 -1 
470 85 32 16 0.11228711903095245 5 -1 -1 
1188 485 128 73 0.11095922440290451 4 -1 -1 
120 517 142 113 0.11073976755142212 4 -1 -1 
1225 419 53 43 0.11018480360507965 5 -1 -1 
946 693 110 70 0.11006536334753036 7 -1 -1 
1186 488 122 73 0.10998062044382095 5 -1 -1 
724 260 59 85 0.10920867323875427 10 -1 -1 
1225 419 53 43 0.10873240977525711 6 -1 -1 
1079 689 237 75 0.10818719863891602 5 -1 -1 
725 709 77 55 0.10747212916612625 9 -1 -1 
939 509 19 37 0.10741639882326126 2 -1 -1 
523 128 31 16 0.10517202317714691 5 -1 -1 
60 435 209 183 0.09558936208486557 4 -1 -1 
68 420 203 160 0.08867581188678741 9 -1 -1 
68 420 203 160 0.06747084856033325 6 -1 -1 
77 434 200 223 0.059938084334135056 9 -1 -1 
77 434 200 223 0.05662503093481064 6 -1 -1 
68 434 203 213 0.0539681538939476 5 -1 -1 
511 190 43 48 0.05338945612311363 6 -1 -1 
73 492 204 192 0.05082068592309952 4 -1 -1 
