499 311 48 67 0.9853302240371704 5 -1 -1 
381 543 76 123 0.9844001531600952 5 -1 -1 
370 63 28 26 0.9804639220237732 5 -1 -1 
687 127 24 32 0.978186309337616 5 -1 -1 
546 397 41 60 0.9510754346847534 8 -1 -1 
804 639 82 125 0.9365726709365845 4 -1 -1 
671 332 45 55 0.9182316660881042 4 -1 -1 
770 455 51 72 0.9085425734519958 4 -1 -1 
613 220 35 43 0.9011735320091248 4 -1 -1 
11 169 72 30 0.8958733677864075 4 -1 -1 
618 172 31 36 0.8922251462936401 4 -1 -1 
213 124 40 35 0.8711784482002258 4 -1 -1 
636 126 28 32 0.8623039722442627 4 -1 -1 
682 225 36 39 0.8563465476036072 4 -1 -1 
648 105 24 26 0.8539695739746094 4 -1 -1 
24 157 76 25 0.8318973183631897 4 -1 -1 
742 122 30 35 0.8303447961807251 6 -1 -1 
191 81 45 23 0.8221977949142456 4 -1 -1 
728 96 24 23 0.8193723559379578 4 -1 -1 
646 17 6 15 0.7915719151496887 1 -1 -1 
517 682 80 83 0.7855116128921509 4 -1 -1 
599 269 40 50 0.7709987759590149 4 -1 -1 
759 135 9 25 0.7615985870361328 1 -1 -1 
769 129 8 23 0.7494640946388245 1 -1 -1 
776 107 8 22 0.7445293068885803 1 -1 -1 
750 47 6 16 0.7347216606140137 1 -1 -1 
857 548 127 65 0.7291486859321594 4 -1 -1 
61 139 81 30 0.728922963142395 4 -1 -1 
670 10 15 17 0.7274754643440247 4 -1 -1 
594 212 12 21 0.7251986861228943 2 -1 -1 
739 26 17 18 0.7196431159973145 4 -1 -1 
640 17 6 14 0.7142981886863708 1 -1 -1 
554 245 13 22 0.702376663684845 2 -1 -1 
607 61 23 28 0.6946054100990295 4 -1 -1 
978 38 38 15 0.693802535533905 4 -1 -1 
18 161 74 30 0.6855860948562622 4 -1 -1 
647 707 79 58 0.677665114402771 4 -1 -1 
656 62 7 13 0.6752382516860962 2 -1 -1 
594 220 12 22 0.6612405180931091 10 -1 -1 
448 472 25 45 0.6586906909942627 10 -1 -1 
736 76 21 21 0.6582034230232239 4 -1 -1 
655 67 8 14 0.6552964448928833 10 -1 -1 
694 26 6 18 0.6552242040634155 1 -1 -1 
397 70 26 21 0.6529171466827393 4 -1 -1 
62 139 80 30 0.6497949957847595 6 -1 -1 
967 27 39 16 0.6394007205963135 4 -1 -1 
234 51 51 24 0.6354297399520874 4 -1 -1 
264 710 25 55 0.6341777443885803 1 -1 -1 
554 251 14 26 0.6323676109313965 10 -1 -1 
858 472 113 55 0.627877950668335 4 -1 -1 
843 441 105 45 0.6206350326538086 4 -1 -1 
768 68 6 18 0.5854990482330322 1 -1 -1 
728 39 7 15 0.568397045135498 1 -1 -1 
781 303 28 47 0.5673543810844421 8 -1 -1 
719 8 6 10 0.5547394752502441 10 -1 -1 
276 19 26 18 0.5411426424980164 4 -1 -1 
451 67 8 20 0.5309115648269653 1 -1 -1 
827 304 75 34 0.5217736959457397 4 -1 -1 
720 3 5 11 0.5052374601364136 2 -1 -1 
792 135 37 34 0.5048399567604065 6 -1 -1 
767 127 7 24 0.4973694980144501 1 -1 -1 
812 269 58 32 0.4806998372077942 4 -1 -1 
268 121 8 16 0.47514086961746216 1 -1 -1 
752 5 7 13 0.4673539400100708 1 -1 -1 
546 396 40 61 0.45644012093544006 7 -1 -1 
793 132 41 37 0.4298970103263855 4 -1 -1 
729 36 6 10 0.4224708378314972 2 -1 -1 
97 124 26 16 0.41830554604530334 10 -1 -1 
235 51 50 24 0.4160030484199524 5 -1 -1 
935 8 39 15 0.4074173867702484 4 -1 -1 
948 16 28 13 0.39142173528671265 4 -1 -1 
728 39 8 14 0.39061322808265686 10 -1 -1 
940 12 35 17 0.38535332679748535 4 -1 -1 
644 17 6 14 0.3609267771244049 1 -1 -1 
310 88 9 15 0.3608980178833008 1 -1 -1 
806 131 41 21 0.3551112413406372 4 -1 -1 
742 122 30 35 0.3514622151851654 7 -1 -1 
827 345 51 26 0.3469923138618469 4 -1 -1 
420 107 8 18 0.3289979100227356 1 -1 -1 
768 74 5 13 0.3269277811050415 1 -1 -1 
736 76 22 21 0.3247479200363159 5 -1 -1 
218 64 29 15 0.3246185779571533 7 -1 -1 
944 11 30 13 0.32257771492004395 4 -1 -1 
781 305 28 46 0.3213767111301422 7 -1 -1 
743 126 8 22 0.31865912675857544 1 -1 -1 
310 88 9 15 0.3122900724411011 10 -1 -1 
763 127 8 21 0.31200385093688965 1 -1 -1 
455 472 16 26 0.3043045103549957 2 -1 -1 
458 62 7 16 0.30350133776664734 1 -1 -1 
811 280 13 39 0.3000642657279968 1 -1 -1 
977 36 33 14 0.2992876470088959 4 -1 -1 
743 126 8 19 0.2939535081386566 2 -1 -1 
218 64 29 15 0.29383397102355957 8 -1 -1 
807 131 38 20 0.2927234470844269 5 -1 -1 
450 472 23 37 0.28967323899269104 2 -1 -1 
827 322 63 44 0.28740736842155457 4 -1 -1 
741 127 8 23 0.28530094027519226 1 -1 -1 
448 472 24 45 0.27910032868385315 3 -1 -1 
175 112 17 11 0.27673420310020447 3 -1 -1 
825 283 72 47 0.2757226824760437 4 -1 -1 
674 0 4 9 0.27541878819465637 1 -1 -1 
847 430 123 48 0.27157363295555115 4 -1 -1 
218 64 29 15 0.27100449800491333 6 -1 -1 
595 220 11 22 0.269763320684433 3 -1 -1 
826 343 28 26 0.26804670691490173 3 -1 -1 
866 477 162 59 0.26660510897636414 4 -1 -1 
759 48 6 9 0.26500996947288513 1 -1 -1 
720 3 6 8 0.260066956281662 2 -1 -1 
820 277 68 43 0.25892698764801025 4 -1 -1 
798 130 37 28 0.25738492608070374 4 -1 -1 
761 133 8 22 0.25627902150154114 1 -1 -1 
499 311 48 67 0.2549569606781006 8 -1 -1 
546 396 40 61 0.2534544765949249 5 -1 -1 
827 306 98 42 0.25124233961105347 4 -1 -1 
854 451 114 50 0.24855877459049225 4 -1 -1 
607 62 22 26 0.2458338737487793 5 -1 -1 
1090 157 39 27 0.24280855059623718 4 -1 -1 
826 331 86 40 0.23988206684589386 4 -1 -1 
817 269 90 44 0.23982007801532745 4 -1 -1 
857 548 134 66 0.2387406975030899 5 -1 -1 
656 68 6 13 0.238101527094841 3 -1 -1 
176 112 16 10 0.23386020958423615 10 -1 -1 
453 63 9 24 0.23338662087917328 1 -1 -1 
309 87 9 13 0.23269525170326233 2 -1 -1 
886 494 150 64 0.230382040143013 4 -1 -1 
729 36 6 11 0.2302403748035431 10 -1 -1 
500 311 47 67 0.22630684077739716 9 -1 -1 
773 107 8 21 0.22627705335617065 1 -1 -1 
827 303 48 33 0.22619414329528809 4 -1 -1 
1069 146 61 38 0.2257360965013504 4 -1 -1 
826 335 60 35 0.224081352353096 7 -1 -1 
719 3 6 11 0.223943829536438 10 -1 -1 
381 543 76 123 0.22260072827339172 8 -1 -1 
959 29 43 17 0.22250232100486755 4 -1 -1 
170 111 21 12 0.22236713767051697 10 -1 -1 
806 131 27 18 0.2221454381942749 4 -1 -1 
742 122 30 35 0.22180546820163727 4 -1 -1 
728 39 8 14 0.22124874591827393 3 -1 -1 
546 397 40 60 0.2211948186159134 4 -1 -1 
720 3 5 11 0.22108791768550873 1 -1 -1 
457 62 8 24 0.21848423779010773 1 -1 -1 
729 37 7 13 0.21824990212917328 1 -1 -1 
794 132 43 37 0.2160215675830841 5 -1 -1 
694 26 6 16 0.21532422304153442 2 -1 -1 
967 31 40 18 0.21529951691627502 4 -1 -1 
803 227 36 42 0.21488353610038757 4 -1 -1 
656 62 7 8 0.21362166106700897 2 -1 -1 
370 63 28 26 0.20754306018352509 4 -1 -1 
1083 128 52 54 0.2073173224925995 4 -1 -1 
381 543 76 123 0.2065008133649826 10 -1 -1 
499 311 48 67 0.20431965589523315 10 -1 -1 
397 70 25 20 0.20391510426998138 5 -1 -1 
812 268 66 33 0.20210778713226318 5 -1 -1 
636 126 28 32 0.19933538138866425 5 -1 -1 
825 318 101 44 0.19687215983867645 4 -1 -1 
826 334 56 36 0.19548757374286652 8 -1 -1 
959 21 40 16 0.1943247765302658 4 -1 -1 
500 311 47 67 0.19218206405639648 4 -1 -1 
742 122 31 35 0.18928226828575134 8 -1 -1 
955 25 42 16 0.1868668794631958 4 -1 -1 
687 127 24 32 0.18658079206943512 4 -1 -1 
898 513 143 76 0.18649256229400635 4 -1 -1 
809 271 63 46 0.18582987785339355 4 -1 -1 
827 302 81 36 0.1836964637041092 5 -1 -1 
554 247 14 30 0.1833353489637375 2 -1 -1 
380 544 77 123 0.1829245537519455 4 -1 -1 
546 397 40 60 0.18124835193157196 6 -1 -1 
276 19 26 18 0.17865200340747833 5 -1 -1 
808 244 85 42 0.17695236206054688 4 -1 -1 
803 227 63 42 0.17429912090301514 4 -1 -1 
826 334 69 36 0.17029596865177155 6 -1 -1 
500 311 47 67 0.16616764664649963 6 -1 -1 
946 34 48 20 0.16585247218608856 4 -1 -1 
826 293 103 44 0.1646541953086853 4 -1 -1 
546 396 40 61 0.16396665573120117 2 -1 -1 
546 397 40 60 0.16297216713428497 3 -1 -1 
812 252 101 45 0.16108942031860352 4 -1 -1 
853 440 150 55 0.15662263333797455 4 -1 -1 
554 243 14 31 0.15608379244804382 1 -1 -1 
546 397 40 60 0.15477068722248077 1 -1 -1 
454 472 20 33 0.15423345565795898 10 -1 -1 
1091 141 53 44 0.15422314405441284 4 -1 -1 
804 235 90 38 0.15210331976413727 4 -1 -1 
1100 150 61 36 0.15054592490196228 4 -1 -1 
953 18 40 18 0.1491623818874359 4 -1 -1 
968 36 40 17 0.14914962649345398 4 -1 -1 
381 543 76 123 0.14832578599452972 6 -1 -1 
809 258 64 36 0.1478371024131775 4 -1 -1 
922 13 44 18 0.14719733595848083 4 -1 -1 
499 311 48 67 0.1462080031633377 7 -1 -1 
742 122 31 35 0.14586526155471802 5 -1 -1 
827 321 72 43 0.14550402760505676 5 -1 -1 
381 543 76 123 0.14496268332004547 7 -1 -1 
647 707 77 57 0.1448822319507599 10 -1 -1 
456 474 25 43 0.1429441273212433 10 -1 -1 
687 127 24 32 0.14158271253108978 8 -1 -1 
448 473 30 44 0.14146298170089722 7 -1 -1 
218 63 29 16 0.13957129418849945 4 -1 -1 
827 308 61 35 0.139566108584404 5 -1 -1 
984 39 42 19 0.13853538036346436 4 -1 -1 
826 331 86 40 0.1377682089805603 5 -1 -1 
943 19 35 16 0.1363477259874344 4 -1 -1 
514 680 85 85 0.13585613667964935 7 -1 -1 
646 708 77 57 0.13506001234054565 5 -1 -1 
826 334 56 36 0.1323470175266266 5 -1 -1 
381 543 76 123 0.13142786920070648 2 -1 -1 
825 286 80 47 0.13050182163715363 5 -1 -1 
897 535 146 68 0.12996885180473328 4 -1 -1 
553 247 15 30 0.1284712255001068 3 -1 -1 
817 269 90 44 0.12792019546031952 5 -1 -1 
811 258 86 40 0.12727133929729462 5 -1 -1 
827 322 63 44 0.12702183425426483 8 -1 -1 
380 543 77 123 0.1266636848449707 9 -1 -1 
370 63 28 26 0.12658262252807617 6 -1 -1 
949 15 36 17 0.12589219212532043 4 -1 -1 
939 497 106 96 0.12498226761817932 4 -1 -1 
861 470 158 62 0.12221623957157135 5 -1 -1 
889 249 97 95 0.09791460633277893 4 -1 -1 
824 309 112 71 0.09572172909975052 4 -1 -1 
513 677 85 88 0.09566190093755722 9 -1 -1 
844 255 133 85 0.09069313108921051 4 -1 -1 
514 679 86 86 0.0832550972700119 6 -1 -1 
515 680 84 85 0.08082146942615509 5 -1 -1 
515 680 84 85 0.08074149489402771 10 -1 -1 
514 678 86 87 0.0798172876238823 8 -1 -1 
823 296 122 62 0.0796690434217453 4 -1 -1 
821 264 112 73 0.07410047948360443 4 -1 -1 
824 309 112 71 0.07170429825782776 9 -1 -1 
231 48 55 28 0.06857798993587494 9 -1 -1 
824 309 112 71 0.06745991855859756 5 -1 -1 
811 253 111 69 0.06155094504356384 4 -1 -1 
844 255 133 85 0.061283715069293976 5 -1 -1 
889 249 97 95 0.06125268340110779 5 -1 -1 
820 259 122 73 0.06013460457324982 6 -1 -1 
824 309 112 71 0.05913131684064865 6 -1 -1 
823 296 122 62 0.057624202221632004 5 -1 -1 
514 678 86 87 0.05617399886250496 1 -1 -1 
813 243 154 71 0.05568742752075195 4 -1 -1 
231 48 55 28 0.055654700845479965 6 -1 -1 
812 250 116 61 0.05333538353443146 6 -1 -1 
444 470 34 51 0.05246987193822861 9 -1 -1 
880 278 106 92 0.0523366816341877 4 -1 -1 
514 678 86 87 0.0518733449280262 2 -1 -1 
844 255 133 85 0.05098597705364227 6 -1 -1 
