254 339 39 83 0.9229671955108643 1 -1 -1 
171 211 21 55 0.9077141880989075 1 -1 -1 
354 343 35 88 0.9076300263404846 1 -1 -1 
484 244 24 62 0.9059464931488037 1 -1 -1 
203 349 48 83 0.8905512690544128 1 -1 -1 
455 272 31 61 0.87677401304245 1 -1 -1 
435 250 28 61 0.8627176880836487 1 -1 -1 
590 232 25 58 0.8592088222503662 1 -1 -1 
624 212 25 54 0.8338574767112732 1 -1 -1 
470 221 21 53 0.8193105459213257 1 -1 -1 
81 280 24 51 0.8170694708824158 1 -1 -1 
272 136 34 28 0.8116419911384583 10 -1 -1 
527 301 39 67 0.7742809057235718 1 -1 -1 
31 212 18 38 0.7733055353164673 1 -1 -1 
454 218 17 48 0.7707949876785278 1 -1 -1 
200 148 16 39 0.7669663429260254 1 -1 -1 
266 181 12 28 0.7240147590637207 1 -1 -1 
108 271 35 33 0.6550452709197998 2 -1 -1 
387 192 24 38 0.6486706137657166 1 -1 -1 
532 202 20 23 0.6399089097976685 2 -1 -1 
120 392 38 59 0.630243182182312 2 -1 -1 
223 421 49 67 0.627321183681488 2 -1 -1 
206 211 11 26 0.6109371185302734 1 -1 -1 
221 207 15 25 0.602821409702301 2 -1 -1 
227 206 15 26 0.5437362194061279 2 -1 -1 
182 204 17 40 0.5296797156333923 1 -1 -1 
343 474 49 66 0.5229049324989319 1 -1 -1 
12 334 43 42 0.5206652283668518 1 -1 -1 
405 474 47 53 0.5045117139816284 1 -1 -1 
12 335 44 40 0.5034705400466919 2 -1 -1 
387 192 24 38 0.49040865898132324 2 -1 -1 
231 204 12 28 0.4711275100708008 1 -1 -1 
398 475 55 64 0.46791353821754456 2 -1 -1 
213 199 14 32 0.4669025242328644 2 -1 -1 
374 200 16 33 0.44767969846725464 2 -1 -1 
372 204 19 30 0.4260649085044861 10 -1 -1 
561 118 13 30 0.40946435928344727 1 -1 -1 
447 150 13 29 0.4087664484977722 1 -1 -1 
111 271 32 32 0.40394318103790283 1 -1 -1 
187 204 17 29 0.39144042134284973 1 -1 -1 
345 474 47 63 0.3890916705131531 2 -1 -1 
0 351 17 26 0.37659093737602234 2 -1 -1 
226 135 14 30 0.3750787675380707 1 -1 -1 
223 421 49 73 0.3668602705001831 1 -1 -1 
382 194 23 38 0.36506447196006775 2 -1 -1 
221 280 18 35 0.3521714210510254 1 -1 -1 
210 199 18 36 0.34184977412223816 1 -1 -1 
102 274 34 38 0.3402635157108307 2 -1 -1 
221 280 18 35 0.33660051226615906 2 -1 -1 
215 203 18 29 0.33635711669921875 2 -1 -1 
206 211 11 26 0.3285863697528839 2 -1 -1 
372 197 13 31 0.32655686140060425 2 -1 -1 
187 204 17 29 0.3263856768608093 2 -1 -1 
422 187 25 20 0.32458820939064026 10 -1 -1 
373 199 17 34 0.32324227690696716 1 -1 -1 
119 391 49 61 0.3224168121814728 1 -1 -1 
422 187 25 20 0.30975863337516785 3 -1 -1 
466 156 32 26 0.30003905296325684 10 -1 -1 
178 208 19 44 0.2995120584964752 1 -1 -1 
2 340 31 36 0.2989828586578369 2 -1 -1 
452 305 35 31 0.29620569944381714 1 -1 -1 
298 138 34 24 0.2943089008331299 10 -1 -1 
564 118 15 32 0.28695443272590637 1 -1 -1 
422 187 25 20 0.28471672534942627 2 -1 -1 
183 203 17 36 0.2834862470626831 2 -1 -1 
224 206 17 27 0.282760888338089 1 -1 -1 
189 305 29 21 0.2746581435203552 2 -1 -1 
532 202 20 23 0.27297013998031616 1 -1 -1 
371 197 14 33 0.26851147413253784 1 -1 -1 
395 477 53 62 0.26685401797294617 1 -1 -1 
98 278 29 34 0.2611016035079956 2 -1 -1 
563 115 13 28 0.2571967840194702 1 -1 -1 
1 350 28 28 0.2506788969039917 2 -1 -1 
569 118 12 31 0.24633218348026276 1 -1 -1 
190 283 30 42 0.24522697925567627 2 -1 -1 
454 154 40 27 0.24442997574806213 10 -1 -1 
561 118 13 27 0.2382361739873886 2 -1 -1 
190 286 27 39 0.2377481311559677 1 -1 -1 
535 514 47 25 0.2329576164484024 1 -1 -1 
313 139 11 21 0.2305266410112381 2 -1 -1 
382 194 23 38 0.22969470918178558 1 -1 -1 
470 159 29 24 0.2285405397415161 3 -1 -1 
443 152 20 32 0.22755225002765656 1 -1 -1 
447 150 13 26 0.22396975755691528 2 -1 -1 
572 125 8 24 0.221248060464859 1 -1 -1 
209 280 30 36 0.22007472813129425 2 -1 -1 
567 113 14 30 0.21564611792564392 1 -1 -1 
231 203 11 22 0.21377550065517426 2 -1 -1 
232 204 12 29 0.2136334329843521 2 -1 -1 
224 125 17 40 0.2101583033800125 1 -1 -1 
213 199 13 26 0.20911122858524323 1 -1 -1 
189 305 28 20 0.20600537955760956 1 -1 -1 
89 280 32 41 0.20049507915973663 2 -1 -1 
195 280 35 43 0.20000973343849182 2 -1 -1 
198 288 20 38 0.19917656481266022 2 -1 -1 
487 158 10 23 0.19737716019153595 10 -1 -1 
308 139 18 21 0.19615723192691803 10 -1 -1 
298 138 34 24 0.19539397954940796 3 -1 -1 
370 197 12 29 0.1952776461839676 2 -1 -1 
190 202 24 34 0.19438429176807404 1 -1 -1 
85 305 21 27 0.19256189465522766 1 -1 -1 
369 203 12 28 0.18975089490413666 1 -1 -1 
214 200 17 30 0.18773654103279114 1 -1 -1 
458 158 36 25 0.1874772161245346 3 -1 -1 
209 279 30 36 0.18689632415771484 1 -1 -1 
188 278 44 45 0.18668518960475922 1 -1 -1 
84 279 33 40 0.18624290823936462 1 -1 -1 
533 514 47 25 0.1857638955116272 2 -1 -1 
199 305 33 17 0.1837126761674881 2 -1 -1 
0 351 17 26 0.18257398903369904 1 -1 -1 
185 206 19 40 0.18240782618522644 1 -1 -1 
202 200 24 37 0.17887620627880096 1 -1 -1 
208 204 15 30 0.178861603140831 1 -1 -1 
368 197 19 36 0.1788613200187683 2 -1 -1 
223 207 11 16 0.1779322624206543 2 -1 -1 
225 205 13 18 0.17740418016910553 2 -1 -1 
225 136 14 29 0.1757553666830063 2 -1 -1 
214 208 14 25 0.17462493479251862 2 -1 -1 
83 280 22 51 0.17419478297233582 2 -1 -1 
218 305 21 10 0.1738748848438263 1 -1 -1 
122 388 57 61 0.17306604981422424 2 -1 -1 
561 111 21 38 0.15913048386573792 1 -1 -1 
226 343 56 83 0.1439148485660553 1 -1 -1 
511 162 57 35 0.1424548327922821 3 -1 -1 
448 475 250 59 0.14019033312797546 9 -1 -1 
254 339 39 83 0.13941606879234314 4 -1 -1 
213 201 27 34 0.13872653245925903 1 -1 -1 
354 343 35 88 0.13702794909477234 4 -1 -1 
177 210 22 57 0.13359755277633667 1 -1 -1 
273 137 34 26 0.12631332874298096 3 -1 -1 
273 137 34 26 0.12503816187381744 4 -1 -1 
181 198 25 34 0.1235060915350914 1 -1 -1 
376 194 19 37 0.12202216684818268 1 -1 -1 
442 255 41 73 0.11847202479839325 1 -1 -1 
284 138 41 26 0.11663524061441422 10 -1 -1 
510 168 38 28 0.11345317214727402 3 -1 -1 
430 421 281 116 0.11276291310787201 9 -1 -1 
372 189 27 38 0.1126854196190834 2 -1 -1 
213 201 27 34 0.1118064820766449 2 -1 -1 
171 211 21 55 0.1113395094871521 4 -1 -1 
202 350 50 81 0.1037534847855568 2 -1 -1 
285 139 40 26 0.10247988253831863 3 -1 -1 
467 251 36 69 0.10087083280086517 1 -1 -1 
203 349 48 83 0.10081193596124649 4 -1 -1 
426 145 73 37 0.10005658119916916 10 -1 -1 
-4 122 159 63 0.09808693081140518 3 -1 -1 
181 198 25 34 0.09668663889169693 2 -1 -1 
511 165 56 34 0.0926106870174408 10 -1 -1 
393 190 21 36 0.09253120422363281 1 -1 -1 
211 202 31 32 0.09232039004564285 10 -1 -1 
223 202 22 34 0.09213109314441681 2 -1 -1 
527 301 40 67 0.09190191328525543 2 -1 -1 
251 340 42 81 0.09142136573791504 2 -1 -1 
223 421 49 80 0.09069200605154037 10 -1 -1 
425 130 72 48 0.09025795012712479 4 -1 -1 
119 391 45 61 0.08884605765342712 10 -1 -1 
-6 123 173 61 0.08876737952232361 7 -1 -1 
508 163 30 31 0.08830586820840836 3 -1 -1 
353 475 62 65 0.08815903961658478 1 -1 -1 
171 211 20 55 0.08600769937038422 2 -1 -1 
177 206 19 40 0.08416546136140823 2 -1 -1 
199 209 20 35 0.08373056352138519 1 -1 -1 
551 115 25 39 0.0829082727432251 1 -1 -1 
561 119 22 45 0.08240184187889099 1 -1 -1 
31 212 18 38 0.0819384902715683 2 -1 -1 
169 209 21 39 0.08149977773427963 1 -1 -1 
341 474 51 65 0.0799049362540245 10 -1 -1 
1 381 41 71 0.078971728682518 3 -1 -1 
210 209 27 30 0.07852524518966675 1 -1 -1 
14 335 53 66 0.07726353406906128 1 -1 -1 
558 104 28 37 0.0766633078455925 1 -1 -1 
544 117 26 42 0.07496071606874466 1 -1 -1 
5 338 53 81 0.07475049793720245 1 -1 -1 
382 184 24 38 0.07462897896766663 1 -1 -1 
511 159 56 37 0.07358457893133163 7 -1 -1 
564 109 25 36 0.0732523649930954 1 -1 -1 
511 157 57 38 0.07207883894443512 9 -1 -1 
213 406 45 69 0.07175993174314499 2 -1 -1 
353 475 62 65 0.07154802978038788 2 -1 -1 
200 148 16 39 0.07154484838247299 4 -1 -1 
371 478 78 63 0.07142425328493118 10 -1 -1 
352 343 35 87 0.07066920399665833 2 -1 -1 
-4 122 159 63 0.06983271986246109 8 -1 -1 
511 155 38 38 0.06931126117706299 3 -1 -1 
559 116 20 38 0.0687883272767067 2 -1 -1 
268 133 26 30 0.06878508627414703 10 -1 -1 
425 130 72 48 0.06850925087928772 5 -1 -1 
224 125 17 40 0.06845084577798843 2 -1 -1 
230 423 53 78 0.0684451162815094 2 -1 -1 
31 212 18 38 0.06816980987787247 4 -1 -1 
200 148 16 39 0.06814730912446976 2 -1 -1 
209 199 19 36 0.06808368116617203 10 -1 -1 
387 169 25 29 0.06791913509368896 1 -1 -1 
422 150 75 32 0.067136250436306 4 -1 -1 
510 141 75 58 0.06668978184461594 3 -1 -1 
0 393 26 66 0.06654765456914902 3 -1 -1 
25 211 21 38 0.06652355939149857 1 -1 -1 
116 401 58 58 0.06648773699998856 2 -1 -1 
274 142 40 25 0.06585302948951721 10 -1 -1 
431 252 39 75 0.06556804478168488 1 -1 -1 
512 173 45 28 0.06548362970352173 3 -1 -1 
527 301 40 67 0.06435421109199524 4 -1 -1 
382 184 24 38 0.0634608194231987 2 -1 -1 
374 202 28 35 0.06335921585559845 2 -1 -1 
190 202 24 34 0.0631062388420105 2 -1 -1 
-6 123 173 61 0.06271915137767792 6 -1 -1 
535 496 107 43 0.06269457191228867 1 -1 -1 
339 341 45 87 0.06161319464445114 1 -1 -1 
512 173 45 28 0.06158125028014183 10 -1 -1 
202 208 22 32 0.06128907948732376 2 -1 -1 
534 306 53 60 0.06099019572138786 1 -1 -1 
170 208 21 39 0.060989465564489365 2 -1 -1 
475 231 36 74 0.060461148619651794 1 -1 -1 
265 132 23 30 0.06027378886938095 9 -1 -1 
18 341 59 80 0.06019926071166992 1 -1 -1 
208 196 24 35 0.060074202716350555 2 -1 -1 
534 482 173 53 0.05997217819094658 9 -1 -1 
184 209 22 56 0.0598907433450222 1 -1 -1 
272 136 35 27 0.05915489420294762 2 -1 -1 
525 503 85 37 0.05880123749375343 1 -1 -1 
213 390 51 80 0.05874279886484146 1 -1 -1 
511 156 54 39 0.05859033018350601 8 -1 -1 
14 335 53 66 0.057982008904218674 2 -1 -1 
9 378 60 74 0.05757579207420349 3 -1 -1 
273 137 34 26 0.05736244097352028 1 -1 -1 
540 119 21 39 0.0572468563914299 1 -1 -1 
326 449 148 92 0.05714600905776024 9 -1 -1 
120 411 63 54 0.05709344148635864 1 -1 -1 
510 168 38 28 0.05688963457942009 10 -1 -1 
528 195 27 30 0.056645024567842484 2 -1 -1 
376 194 19 37 0.056584060192108154 10 -1 -1 
558 107 23 39 0.05642698332667351 2 -1 -1 
431 434 281 103 0.05621993541717529 1 -1 -1 
617 206 38 65 0.056192994117736816 1 -1 -1 
190 350 45 81 0.05617837980389595 1 -1 -1 
387 193 22 38 0.05568213015794754 10 -1 -1 
555 125 21 44 0.055350977927446365 1 -1 -1 
219 208 25 31 0.05519181117415428 1 -1 -1 
222 136 22 39 0.055056132376194 1 -1 -1 
582 456 142 84 0.05461354926228523 9 -1 -1 
