954 463 253 107 0.9533677101135254 4 -1 -1 
1123 143 137 91 0.9476566910743713 4 -1 -1 
1009 140 129 100 0.9369826316833496 4 -1 -1 
812 560 33 77 0.935059666633606 1 -1 -1 
787 341 205 92 0.9323179125785828 4 -1 -1 
1277 155 80 99 0.9299342036247253 4 -1 -1 
778 549 39 58 0.8922309279441833 1 -1 -1 
960 -1 134 79 0.8687941431999207 6 -1 -1 
700 284 65 41 0.8536723852157593 10 -1 -1 
756 533 27 67 0.8502749800682068 1 -1 -1 
689 101 24 56 0.8479456901550293 1 -1 -1 
688 -1 107 49 0.8207452893257141 4 -1 -1 
0 490 58 69 0.8081915974617004 10 -1 -1 
214 292 70 43 0.8055848479270935 10 -1 -1 
824 0 46 58 0.7798911333084106 8 -1 -1 
283 48 22 36 0.7469901442527771 2 -1 -1 
1279 312 39 47 0.727489709854126 2 -1 -1 
284 56 23 42 0.7048816084861755 10 -1 -1 
228 277 31 51 0.7008190751075745 2 -1 -1 
1267 26 33 31 0.6877625584602356 3 -1 -1 
1254 53 23 29 0.6707542538642883 2 -1 -1 
1306 403 52 76 0.641235888004303 4 -1 -1 
884 30 29 46 0.6288108229637146 7 -1 -1 
1248 328 80 39 0.6155622601509094 10 -1 -1 
1284 9 38 29 0.6011514663696289 10 -1 -1 
1170 0 23 23 0.5844718813896179 10 -1 -1 
1296 45 33 40 0.5836099982261658 10 -1 -1 
900 25 17 48 0.5800600647926331 1 -1 -1 
884 33 22 43 0.5771750807762146 10 -1 -1 
1250 56 28 32 0.5696823000907898 10 -1 -1 
824 0 46 58 0.560504138469696 5 -1 -1 
404 0 16 36 0.5247615575790405 1 -1 -1 
720 273 30 46 0.5196982026100159 2 -1 -1 
225 279 40 52 0.5172491669654846 10 -1 -1 
1296 38 29 42 0.5105215907096863 2 -1 -1 
1336 6 22 33 0.506316065788269 10 -1 -1 
1338 119 20 42 0.4943632185459137 1 -1 -1 
2 485 47 59 0.4286549389362335 2 -1 -1 
710 279 49 44 0.4286397099494934 2 -1 -1 
744 280 22 44 0.4210757911205292 2 -1 -1 
1338 36 19 31 0.41754207015037537 10 -1 -1 
405 12 15 25 0.3939911127090454 1 -1 -1 
1270 315 48 50 0.39374005794525146 10 -1 -1 
886 30 20 40 0.3892231285572052 2 -1 -1 
1180 0 13 16 0.38458922505378723 2 -1 -1 
960 1 122 78 0.3797962963581085 4 -1 -1 
961 0 127 78 0.3739323318004608 5 -1 -1 
1342 5 16 26 0.3736329674720764 2 -1 -1 
1296 38 29 42 0.37028977274894714 1 -1 -1 
1268 35 33 28 0.3593750298023224 3 -1 -1 
1248 327 73 39 0.3591294586658478 3 -1 -1 
718 275 34 47 0.35130175948143005 10 -1 -1 
1336 6 22 33 0.3378118872642517 7 -1 -1 
1255 321 74 44 0.3376426100730896 2 -1 -1 
1276 41 24 33 0.33598530292510986 1 -1 -1 
887 25 30 50 0.3220484256744385 2 -1 -1 
215 287 66 46 0.3094806671142578 2 -1 -1 
898 24 19 46 0.2982838749885559 2 -1 -1 
1323 496 35 82 0.29104188084602356 4 -1 -1 
750 280 17 33 0.286795973777771 2 -1 -1 
1175 0 14 17 0.2834489941596985 2 -1 -1 
1271 41 29 30 0.28197070956230164 3 -1 -1 
730 273 22 44 0.2807226777076721 2 -1 -1 
897 28 20 46 0.2721586525440216 10 -1 -1 
1307 8 19 28 0.2625814974308014 10 -1 -1 
1173 2 18 17 0.26066407561302185 10 -1 -1 
1170 0 24 23 0.2601402997970581 3 -1 -1 
1270 31 47 34 0.2598424553871155 3 -1 -1 
888 29 26 45 0.258455753326416 10 -1 -1 
403 0 13 26 0.2577821612358093 1 -1 -1 
1262 319 50 44 0.25747284293174744 3 -1 -1 
1255 52 22 30 0.24618400633335114 1 -1 -1 
283 48 23 38 0.2432039976119995 1 -1 -1 
824 0 48 57 0.24099868535995483 6 -1 -1 
1250 55 28 33 0.2405015081167221 3 -1 -1 
1276 322 31 39 0.24022741615772247 2 -1 -1 
1336 5 22 34 0.2400464564561844 8 -1 -1 
1171 0 23 22 0.23820115625858307 2 -1 -1 
746 281 20 43 0.23531793057918549 1 -1 -1 
228 277 31 51 0.2301499843597412 1 -1 -1 
1336 5 22 34 0.23000429570674896 2 -1 -1 
1338 36 19 31 0.2286059558391571 2 -1 -1 
888 27 27 46 0.2244487851858139 1 -1 -1 
1295 312 25 45 0.22050893306732178 2 -1 -1 
763 532 19 29 0.21905143558979034 2 -1 -1 
284 54 23 43 0.21903036534786224 2 -1 -1 
1274 41 26 31 0.21887001395225525 2 -1 -1 
1280 312 38 49 0.21834997832775116 1 -1 -1 
732 278 35 43 0.217177152633667 2 -1 -1 
961 -1 130 79 0.21706192195415497 8 -1 -1 
215 290 69 44 0.21559813618659973 3 -1 -1 
824 0 46 58 0.21548223495483398 4 -1 -1 
758 545 33 59 0.21249307692050934 1 -1 -1 
1297 51 31 35 0.20995105803012848 3 -1 -1 
1268 326 31 35 0.20648622512817383 2 -1 -1 
757 543 20 57 0.20224842429161072 1 -1 -1 
761 532 22 43 0.20119141042232513 2 -1 -1 
720 273 30 46 0.19944778084754944 1 -1 -1 
1336 6 22 33 0.1980922818183899 3 -1 -1 
688 0 106 47 0.19785748422145844 5 -1 -1 
1181 0 13 15 0.1976626217365265 1 -1 -1 
787 341 206 91 0.1956857591867447 9 -1 -1 
1173 0 12 19 0.19558754563331604 2 -1 -1 
1251 49 36 40 0.19438855350017548 10 -1 -1 
1342 5 16 26 0.1923804134130478 1 -1 -1 
761 532 22 43 0.19211445748806 1 -1 -1 
283 49 23 38 0.1903824359178543 10 -1 -1 
798 552 39 57 0.1862121969461441 1 -1 -1 
812 560 33 77 0.18397842347621918 4 -1 -1 
824 0 48 57 0.18229971826076508 9 -1 -1 
766 541 38 61 0.1756298840045929 1 -1 -1 
1171 3 16 20 0.17544035613536835 10 -1 -1 
284 57 24 41 0.17466680705547333 3 -1 -1 
784 550 23 60 0.1732441782951355 1 -1 -1 
1269 23 47 35 0.17314811050891876 10 -1 -1 
1286 311 34 36 0.1728941947221756 2 -1 -1 
1347 5 11 23 0.1724410057067871 2 -1 -1 
1260 50 19 30 0.17189829051494598 2 -1 -1 
221 277 31 46 0.1651483178138733 2 -1 -1 
1283 321 43 44 0.16462086141109467 2 -1 -1 
0 490 58 69 0.16335047781467438 4 -1 -1 
18 494 30 37 0.16056855022907257 2 -1 -1 
888 27 20 32 0.16044948995113373 2 -1 -1 
404 0 11 20 0.1598365753889084 2 -1 -1 
700 284 65 41 0.15977710485458374 4 -1 -1 
1284 41 17 41 0.15959690511226654 1 -1 -1 
1255 52 22 30 0.15851232409477234 10 -1 -1 
884 33 22 43 0.15685388445854187 3 -1 -1 
1170 0 24 23 0.15584926307201385 1 -1 -1 
787 341 205 92 0.1546231210231781 10 -1 -1 
726 272 24 32 0.14962834119796753 2 -1 -1 
710 279 49 44 0.14949461817741394 1 -1 -1 
214 292 70 43 0.14930734038352966 4 -1 -1 
1308 40 23 43 0.1483728438615799 2 -1 -1 
778 549 39 58 0.1480935662984848 2 -1 -1 
0 490 58 70 0.14615145325660706 2 -1 -1 
792 553 36 87 0.14590896666049957 1 -1 -1 
715 274 26 39 0.1456703394651413 2 -1 -1 
738 275 23 39 0.14467154443264008 2 -1 -1 
884 30 29 46 0.144087016582489 8 -1 -1 
1341 5 16 25 0.14282943308353424 10 -1 -1 
12 484 39 45 0.14124596118927002 2 -1 -1 
763 532 19 29 0.1396668404340744 1 -1 -1 
5 486 41 49 0.1392306089401245 1 -1 -1 
954 463 253 107 0.1386769860982895 9 -1 -1 
1123 143 137 91 0.13820765912532806 1 -1 -1 
1173 1 18 18 0.13780516386032104 3 -1 -1 
897 28 20 46 0.1377692073583603 3 -1 -1 
1336 5 22 34 0.13769182562828064 1 -1 -1 
225 279 47 52 0.13674141466617584 3 -1 -1 
954 463 253 108 0.1364830881357193 1 -1 -1 
732 278 35 43 0.1358235776424408 1 -1 -1 
1177 0 15 16 0.1340397447347641 10 -1 -1 
1306 403 52 74 0.13387562334537506 5 -1 -1 
700 283 66 43 0.13154271245002747 3 -1 -1 
1266 31 32 41 0.13128431141376495 3 -1 -1 
1009 141 130 99 0.13115721940994263 5 -1 -1 
766 532 16 19 0.13101863861083984 2 -1 -1 
1 485 47 58 0.13066530227661133 10 -1 -1 
750 280 17 33 0.1269134134054184 1 -1 -1 
1176 0 15 16 0.12628792226314545 1 -1 -1 
1279 17 37 24 0.12581510841846466 10 -1 -1 
1249 327 77 39 0.1255604475736618 7 -1 -1 
1264 319 29 39 0.12528108060359955 2 -1 -1 
824 0 47 58 0.12478388845920563 7 -1 -1 
1270 19 47 37 0.1230328232049942 3 -1 -1 
1254 44 44 41 0.12216880917549133 10 -1 -1 
756 533 28 68 0.12179174274206161 2 -1 -1 
1266 43 28 34 0.12122675031423569 3 -1 -1 
0 500 36 59 0.12114718556404114 10 -1 -1 
893 24 24 38 0.12073852866888046 1 -1 -1 
883 43 17 33 0.12060299515724182 10 -1 -1 
961 -3 133 79 0.12056662142276764 9 -1 -1 
1347 5 11 23 0.1204451248049736 1 -1 -1 
961 -1 130 79 0.1201915442943573 7 -1 -1 
1258 321 48 40 0.12012486904859543 2 -1 -1 
1248 328 79 39 0.11836688220500946 4 -1 -1 
229 276 28 35 0.11710987240076065 2 -1 -1 
407 13 18 27 0.1155879944562912 1 -1 -1 
1279 37 40 40 0.11008801311254501 1 -1 -1 
1280 1 43 35 0.1096188947558403 9 -1 -1 
824 0 48 58 0.10949014872312546 2 -1 -1 
1123 143 137 91 0.10897552222013474 9 -1 -1 
895 24 23 50 0.10836400091648102 7 -1 -1 
824 0 48 58 0.10832390189170837 1 -1 -1 
787 341 206 91 0.10573486983776093 1 -1 -1 
1267 315 50 48 0.10546842962503433 7 -1 -1 
954 463 253 107 0.10293503850698471 7 -1 -1 
689 101 24 56 0.10268289595842361 4 -1 -1 
763 531 34 62 0.10213643312454224 1 -1 -1 
1306 403 52 76 0.10144009441137314 1 -1 -1 
778 549 39 58 0.10116709768772125 4 -1 -1 
1010 141 129 99 0.10050803422927856 1 -1 -1 
1123 143 137 91 0.10005666315555573 5 -1 -1 
756 533 27 67 0.09929712861776352 4 -1 -1 
1279 37 40 40 0.09894143790006638 3 -1 -1 
1268 27 43 33 0.0986015573143959 7 -1 -1 
225 279 40 52 0.09850278496742249 4 -1 -1 
961 0 130 78 0.09791306406259537 2 -1 -1 
1323 496 36 82 0.09790211170911789 5 -1 -1 
1268 305 47 46 0.09758865833282471 2 -1 -1 
954 463 253 107 0.0970921739935875 10 -1 -1 
1278 154 81 99 0.09600843489170074 5 -1 -1 
1275 32 48 35 0.09481949359178543 10 -1 -1 
1276 313 42 50 0.0943405032157898 3 -1 -1 
215 290 69 44 0.09402702748775482 7 -1 -1 
1170 0 24 23 0.09374549984931946 4 -1 -1 
1249 50 32 39 0.09367845207452774 2 -1 -1 
1170 0 23 23 0.09301191568374634 7 -1 -1 
1261 40 40 43 0.09287475794553757 3 -1 -1 
0 488 27 51 0.09284132719039917 2 -1 -1 
689 0 106 47 0.09259887039661407 1 -1 -1 
404 6 16 31 0.09251902997493744 2 -1 -1 
1277 155 80 99 0.09162364900112152 10 -1 -1 
1169 1 16 23 0.09132194519042969 3 -1 -1 
954 464 253 107 0.08690600842237473 5 -1 -1 
787 341 206 91 0.08601875603199005 5 -1 -1 
955 464 252 107 0.0806800127029419 6 -1 -1 
961 0 127 78 0.07729876041412354 1 -1 -1 
1277 155 80 99 0.077109195291996 9 -1 -1 
1277 155 80 98 0.07461205124855042 1 -1 -1 
1247 319 86 50 0.07038141041994095 9 -1 -1 
787 341 205 92 0.07014084607362747 7 -1 -1 
688 0 107 47 0.06624589115381241 10 -1 -1 
961 0 130 78 0.06468195468187332 3 -1 -1 
954 463 253 107 0.0642985925078392 8 -1 -1 
787 341 205 92 0.06254634261131287 6 -1 -1 
957 6 103 80 0.06235682964324951 9 -1 -1 
1278 154 80 99 0.06027631834149361 7 -1 -1 
954 464 253 107 0.055817585438489914 3 -1 -1 
