523 385 58 94 0.9971580505371094 6 -1 -1 
687 258 22 32 0.9966036081314087 9 -1 -1 
770 353 45 62 0.996243953704834 6 -1 -1 
635 175 14 21 0.930310845375061 6 -1 -1 
443 411 34 36 0.8692735433578491 4 -1 -1 
650 356 38 21 0.8539263606071472 4 -1 -1 
111 604 116 52 0.8434143662452698 4 -1 -1 
452 391 31 28 0.8272613286972046 4 -1 -1 
598 233 21 32 0.7948884963989258 8 -1 -1 
574 481 37 45 0.7915583848953247 4 -1 -1 
402 473 42 47 0.7860724925994873 4 -1 -1 
552 258 15 14 0.7783830165863037 4 -1 -1 
624 266 14 15 0.7745240330696106 4 -1 -1 
752 379 8 20 0.762414813041687 1 -1 -1 
505 323 22 19 0.750878095626831 4 -1 -1 
531 280 18 13 0.7388572692871094 4 -1 -1 
762 387 8 18 0.7372773885726929 1 -1 -1 
432 405 8 22 0.7106344699859619 1 -1 -1 
569 608 47 78 0.675419270992279 4 -1 -1 
630 248 13 14 0.6726697087287903 4 -1 -1 
579 222 11 11 0.6478092670440674 4 -1 -1 
502 418 12 19 0.6437798142433167 2 -1 -1 
706 218 11 9 0.6046313643455505 4 -1 -1 
542 324 16 13 0.5904734134674072 10 -1 -1 
502 419 13 27 0.5836104154586792 10 -1 -1 
548 236 20 11 0.576234757900238 4 -1 -1 
769 212 8 7 0.555264413356781 4 -1 -1 
545 319 10 14 0.5533570051193237 2 -1 -1 
576 175 16 23 0.5519421100616455 6 -1 -1 
513 306 21 21 0.5491744875907898 4 -1 -1 
540 271 14 13 0.5442959666252136 4 -1 -1 
714 219 18 17 0.5410218834877014 6 -1 -1 
436 392 9 25 0.5332735776901245 1 -1 -1 
560 223 13 10 0.5315887331962585 4 -1 -1 
416 247 75 48 0.5138670206069946 6 -1 -1 
236 449 45 22 0.4877588748931885 4 -1 -1 
534 277 17 11 0.48386287689208984 4 -1 -1 
556 236 12 11 0.46838265657424927 4 -1 -1 
915 347 20 17 0.45906537771224976 4 -1 -1 
561 175 14 24 0.4567418694496155 7 -1 -1 
450 390 11 21 0.44377651810646057 1 -1 -1 
542 236 19 11 0.43485450744628906 4 -1 -1 
544 323 13 13 0.4333874583244324 2 -1 -1 
450 392 33 31 0.43176016211509705 6 -1 -1 
690 255 13 11 0.40416648983955383 4 -1 -1 
645 177 45 26 0.3963072597980499 6 -1 -1 
572 236 6 9 0.37643861770629883 1 -1 -1 
454 234 29 13 0.36685681343078613 4 -1 -1 
560 175 14 23 0.36444294452667236 6 -1 -1 
543 325 15 13 0.36313295364379883 7 -1 -1 
598 233 21 33 0.3584059774875641 6 -1 -1 
540 237 15 10 0.357119619846344 4 -1 -1 
580 222 10 11 0.35668253898620605 5 -1 -1 
113 604 114 53 0.35212695598602295 5 -1 -1 
677 206 9 9 0.3483717441558838 5 -1 -1 
706 216 17 11 0.34402996301651 4 -1 -1 
714 220 18 16 0.34043386578559875 4 -1 -1 
570 607 47 79 0.33398309350013733 5 -1 -1 
523 385 58 94 0.33041778206825256 7 -1 -1 
688 258 21 32 0.32957178354263306 8 -1 -1 
540 272 15 12 0.3288705348968506 5 -1 -1 
523 385 58 94 0.32840749621391296 10 -1 -1 
523 385 58 94 0.31862038373947144 4 -1 -1 
543 185 11 12 0.31512725353240967 4 -1 -1 
450 392 33 31 0.314071923494339 7 -1 -1 
770 353 45 62 0.31310439109802246 10 -1 -1 
687 258 22 32 0.311577171087265 4 -1 -1 
543 325 15 13 0.308058500289917 3 -1 -1 
576 174 16 23 0.30586370825767517 9 -1 -1 
602 174 23 14 0.29777610301971436 10 -1 -1 
579 176 18 21 0.2955363094806671 6 -1 -1 
513 306 21 21 0.29257598519325256 5 -1 -1 
580 188 11 10 0.29181206226348877 4 -1 -1 
770 353 45 62 0.2888493537902832 7 -1 -1 
687 258 22 32 0.28725212812423706 1 -1 -1 
770 353 45 62 0.2830463945865631 4 -1 -1 
537 235 16 11 0.28296810388565063 4 -1 -1 
532 274 19 12 0.2824051082134247 4 -1 -1 
523 385 58 94 0.27685678005218506 5 -1 -1 
646 191 19 11 0.2757335901260376 4 -1 -1 
688 258 21 32 0.27421972155570984 3 -1 -1 
515 314 17 16 0.27421194314956665 4 -1 -1 
761 180 36 22 0.2717086970806122 6 -1 -1 
577 252 7 10 0.26923298835754395 10 -1 -1 
769 212 8 7 0.2685459554195404 5 -1 -1 
561 175 14 24 0.2666868269443512 8 -1 -1 
564 224 10 10 0.26384806632995605 4 -1 -1 
507 320 22 18 0.2629711329936981 4 -1 -1 
600 234 18 31 0.26139044761657715 7 -1 -1 
442 232 40 17 0.26100847125053406 4 -1 -1 
475 319 27 14 0.2593979835510254 4 -1 -1 
553 238 14 11 0.258950412273407 4 -1 -1 
509 311 23 17 0.25862759351730347 4 -1 -1 
502 420 13 26 0.2567084729671478 2 -1 -1 
576 251 8 12 0.25446388125419617 2 -1 -1 
555 222 15 10 0.2540861964225769 4 -1 -1 
554 236 14 11 0.25116631388664246 5 -1 -1 
549 235 18 12 0.24918390810489655 5 -1 -1 
561 178 14 21 0.24885791540145874 4 -1 -1 
688 258 21 32 0.24664217233657837 2 -1 -1 
501 315 10 19 0.2461475431919098 1 -1 -1 
630 249 13 12 0.24575453996658325 5 -1 -1 
572 235 6 10 0.24477557837963104 2 -1 -1 
769 354 47 60 0.2446155846118927 5 -1 -1 
561 223 12 10 0.24442613124847412 5 -1 -1 
714 219 18 17 0.2418162077665329 5 -1 -1 
286 580 19 31 0.2395879328250885 1 -1 -1 
529 261 19 12 0.23832149803638458 4 -1 -1 
385 261 70 34 0.23783813416957855 6 -1 -1 
412 263 59 29 0.23756420612335205 6 -1 -1 
236 449 45 22 0.23608563840389252 5 -1 -1 
503 270 21 15 0.23571842908859253 4 -1 -1 
467 311 30 14 0.23042088747024536 4 -1 -1 
603 174 23 14 0.23041220009326935 7 -1 -1 
523 385 58 93 0.22740627825260162 8 -1 -1 
447 392 11 22 0.2255711406469345 1 -1 -1 
534 277 17 11 0.22555705904960632 5 -1 -1 
579 183 12 15 0.22539815306663513 6 -1 -1 
566 223 11 9 0.22512781620025635 4 -1 -1 
545 240 17 11 0.22222895920276642 4 -1 -1 
502 275 24 14 0.22181732952594757 4 -1 -1 
714 212 27 23 0.21932795643806458 6 -1 -1 
635 182 12 15 0.2191515862941742 6 -1 -1 
554 236 14 11 0.21817827224731445 6 -1 -1 
762 387 8 16 0.21686244010925293 2 -1 -1 
285 579 19 31 0.21456953883171082 2 -1 -1 
530 265 21 14 0.21316350996494293 4 -1 -1 
915 347 20 17 0.21303245425224304 5 -1 -1 
549 235 18 12 0.21192210912704468 6 -1 -1 
552 222 8 10 0.21162541210651398 4 -1 -1 
501 310 11 20 0.20907007157802582 1 -1 -1 
548 223 8 9 0.2082361876964569 4 -1 -1 
532 263 17 12 0.20497214794158936 4 -1 -1 
523 385 58 94 0.20353379845619202 2 -1 -1 
687 258 22 32 0.20318707823753357 5 -1 -1 
236 450 34 19 0.20295488834381104 7 -1 -1 
714 225 15 11 0.20251747965812683 4 -1 -1 
769 354 47 60 0.20242930948734283 8 -1 -1 
634 183 12 14 0.2020624876022339 4 -1 -1 
544 267 12 14 0.20103487372398376 4 -1 -1 
505 323 22 20 0.20022717118263245 5 -1 -1 
687 258 22 32 0.19964785873889923 7 -1 -1 
761 181 35 23 0.19888652861118317 4 -1 -1 
688 258 21 32 0.1988173872232437 10 -1 -1 
540 242 18 11 0.19855475425720215 4 -1 -1 
523 278 25 14 0.19781385362148285 4 -1 -1 
544 234 19 11 0.1972050964832306 5 -1 -1 
532 279 16 14 0.19660703837871552 5 -1 -1 
545 317 9 13 0.1963367760181427 2 -1 -1 
661 187 27 16 0.19340138137340546 6 -1 -1 
502 320 17 18 0.19284263253211975 4 -1 -1 
598 233 21 33 0.19278773665428162 9 -1 -1 
504 314 17 17 0.19249428808689117 1 -1 -1 
541 230 12 11 0.1923840194940567 4 -1 -1 
780 220 18 12 0.1916649043560028 4 -1 -1 
623 266 14 15 0.191451296210289 5 -1 -1 
500 323 9 13 0.19140183925628662 1 -1 -1 
579 183 12 15 0.19121679663658142 4 -1 -1 
601 235 9 11 0.19021423161029816 2 -1 -1 
761 179 39 25 0.18952229619026184 5 -1 -1 
414 265 83 35 0.18857552111148834 6 -1 -1 
244 440 53 24 0.18770568072795868 4 -1 -1 
523 385 58 94 0.18695293366909027 9 -1 -1 
540 236 15 11 0.18539440631866455 5 -1 -1 
237 444 42 22 0.18421025574207306 4 -1 -1 
504 314 9 14 0.18370431661605835 1 -1 -1 
770 353 45 62 0.18356767296791077 3 -1 -1 
572 235 5 10 0.17997722327709198 10 -1 -1 
915 347 20 17 0.17989812791347504 8 -1 -1 
545 230 12 11 0.17943865060806274 4 -1 -1 
574 480 37 46 0.17917759716510773 5 -1 -1 
545 319 10 14 0.17886865139007568 1 -1 -1 
527 273 22 14 0.17863738536834717 4 -1 -1 
535 229 16 12 0.17859280109405518 4 -1 -1 
752 379 8 20 0.17858031392097473 2 -1 -1 
769 354 47 60 0.17819803953170776 2 -1 -1 
417 248 85 46 0.17744123935699463 9 -1 -1 
450 392 33 31 0.17737500369548798 8 -1 -1 
503 428 13 19 0.17657333612442017 10 -1 -1 
714 215 20 17 0.17650319635868073 6 -1 -1 
514 310 19 18 0.17523719370365143 6 -1 -1 
520 268 25 15 0.17442823946475983 4 -1 -1 
576 176 15 22 0.1737932562828064 5 -1 -1 
570 237 6 8 0.17335525155067444 1 -1 -1 
523 385 58 94 0.17264637351036072 3 -1 -1 
770 353 45 62 0.17257514595985413 9 -1 -1 
413 273 57 24 0.1724008321762085 6 -1 -1 
772 217 6 8 0.17233386635780334 1 -1 -1 
548 223 8 9 0.17223700881004333 1 -1 -1 
540 272 15 12 0.1717950850725174 8 -1 -1 
463 313 35 18 0.17133694887161255 4 -1 -1 
761 180 35 23 0.17123481631278992 8 -1 -1 
586 176 14 22 0.17012931406497955 6 -1 -1 
548 230 13 10 0.16995199024677277 4 -1 -1 
552 222 8 10 0.16888411343097687 1 -1 -1 
236 449 43 21 0.16884304583072662 8 -1 -1 
713 216 17 15 0.16854558885097504 4 -1 -1 
404 245 124 61 0.16759875416755676 6 -1 -1 
241 443 56 26 0.16694428026676178 5 -1 -1 
580 184 11 14 0.16667652130126953 5 -1 -1 
551 220 9 10 0.16540364921092987 4 -1 -1 
677 206 9 9 0.1651258021593094 4 -1 -1 
447 391 17 26 0.16507002711296082 1 -1 -1 
900 155 12 9 0.16491906344890594 4 -1 -1 
598 233 21 33 0.16467276215553284 5 -1 -1 
566 173 19 26 0.16379845142364502 6 -1 -1 
635 175 14 21 0.16302964091300964 5 -1 -1 
535 239 18 11 0.162653386592865 4 -1 -1 
466 235 20 11 0.16259072721004486 4 -1 -1 
597 182 31 18 0.1607862412929535 7 -1 -1 
581 175 42 26 0.1606144905090332 6 -1 -1 
502 418 12 19 0.15973736345767975 1 -1 -1 
236 450 34 19 0.15941603481769562 10 -1 -1 
581 174 27 25 0.14929157495498657 6 -1 -1 
350 252 151 69 0.1488693505525589 6 -1 -1 
523 385 58 94 0.14838315546512604 1 -1 -1 
356 257 89 36 0.1420796662569046 6 -1 -1 
598 233 21 33 0.13993585109710693 3 -1 -1 
669 176 30 26 0.13909459114074707 6 -1 -1 
642 187 37 22 0.13623717427253723 6 -1 -1 
688 258 21 32 0.13598410785198212 6 -1 -1 
650 356 39 21 0.13462451100349426 5 -1 -1 
278 580 19 32 0.13186652958393097 1 -1 -1 
761 180 35 23 0.13096356391906738 7 -1 -1 
409 287 80 33 0.13069210946559906 6 -1 -1 
770 353 45 62 0.12986977398395538 1 -1 -1 
915 344 28 24 0.12810121476650238 4 -1 -1 
278 580 19 32 0.12742602825164795 2 -1 -1 
599 175 29 21 0.1251915544271469 7 -1 -1 
755 177 33 24 0.12370850145816803 6 -1 -1 
585 179 42 23 0.12124063819646835 7 -1 -1 
443 411 34 36 0.11999084800481796 5 -1 -1 
289 342 71 30 0.11918293684720993 4 -1 -1 
403 290 70 38 0.11683886498212814 6 -1 -1 
429 400 15 29 0.11677108705043793 1 -1 -1 
915 344 28 24 0.11651315540075302 5 -1 -1 
416 264 92 40 0.11591614037752151 9 -1 -1 
402 473 42 47 0.1150842159986496 5 -1 -1 
597 184 31 17 0.113730788230896 10 -1 -1 
762 185 38 23 0.11330323666334152 6 -1 -1 
378 260 75 36 0.10945076495409012 4 -1 -1 
424 245 89 43 0.10927965492010117 6 -1 -1 
590 181 38 20 0.1079501360654831 6 -1 -1 
453 391 30 28 0.10723438858985901 5 -1 -1 
723 188 34 26 0.10723266750574112 6 -1 -1 
235 442 60 29 0.10678988695144653 6 -1 -1 
914 345 25 22 0.1060779020190239 6 -1 -1 
429 394 17 29 0.10252393782138824 1 -1 -1 
397 387 49 29 0.10244784504175186 8 -1 -1 
598 183 31 17 0.10233072936534882 4 -1 -1 
598 233 21 32 0.10082319378852844 2 -1 -1 
377 253 71 34 0.10007714480161667 6 -1 -1 
778 212 23 22 0.09992421418428421 4 -1 -1 
417 247 77 47 0.09915324300527573 5 -1 -1 
240 433 63 35 0.09909405559301376 4 -1 -1 
635 175 23 27 0.09733585268259048 6 -1 -1 
599 175 29 21 0.09728092700242996 10 -1 -1 
762 177 47 24 0.09696610271930695 4 -1 -1 
364 266 82 40 0.09662798047065735 6 -1 -1 
569 608 47 78 0.09600295126438141 6 -1 -1 
639 185 28 21 0.09522281587123871 6 -1 -1 
598 233 21 33 0.0950193703174591 1 -1 -1 
646 176 45 27 0.09458991885185242 5 -1 -1 
914 344 25 23 0.09454014152288437 7 -1 -1 
635 177 41 25 0.09385517239570618 6 -1 -1 
396 277 72 42 0.09377072006464005 6 -1 -1 
408 244 124 59 0.09287485480308533 9 -1 -1 
764 184 46 23 0.09139855206012726 4 -1 -1 
240 433 63 35 0.09115561097860336 6 -1 -1 
328 254 132 61 0.09032374620437622 6 -1 -1 
778 211 22 22 0.09004051238298416 9 -1 -1 
286 343 73 31 0.08936267346143723 6 -1 -1 
650 356 38 21 0.08917492628097534 1 -1 -1 
397 387 49 29 0.08849631249904633 7 -1 -1 
712 212 24 24 0.08764968812465668 4 -1 -1 
404 259 79 36 0.08677758276462555 9 -1 -1 
715 206 33 21 0.0864909440279007 6 -1 -1 
842 154 32 20 0.0862935483455658 9 -1 -1 
364 266 82 40 0.08584766834974289 4 -1 -1 
388 248 88 42 0.08486885577440262 6 -1 -1 
764 184 46 23 0.08471731841564178 5 -1 -1 
247 433 61 34 0.08396300673484802 5 -1 -1 
600 179 31 20 0.08351454138755798 6 -1 -1 
778 211 22 22 0.08313936740159988 5 -1 -1 
396 293 69 52 0.08279475569725037 6 -1 -1 
580 175 38 25 0.08271474391222 7 -1 -1 
343 254 102 40 0.0823424905538559 9 -1 -1 
723 188 34 26 0.08215339481830597 9 -1 -1 
842 154 32 20 0.08209112286567688 6 -1 -1 
598 233 21 32 0.08140174299478531 4 -1 -1 
408 291 78 36 0.07978852093219757 9 -1 -1 
442 244 104 41 0.07913321256637573 6 -1 -1 
601 174 31 19 0.07907003164291382 6 -1 -1 
644 194 44 20 0.07896013557910919 6 -1 -1 
570 607 47 79 0.07870832830667496 9 -1 -1 
368 376 80 38 0.0764147937297821 6 -1 -1 
344 260 101 38 0.07571693509817123 4 -1 -1 
353 353 92 40 0.07544121891260147 6 -1 -1 
367 239 131 65 0.06697531044483185 6 -1 -1 
633 183 58 31 0.06404409557580948 6 -1 -1 
338 256 146 66 0.061758846044540405 4 -1 -1 
397 386 53 43 0.059979382902383804 6 -1 -1 
405 243 122 60 0.058610253036022186 5 -1 -1 
112 603 116 55 0.05759377032518387 9 -1 -1 
329 269 128 70 0.05574324354529381 6 -1 -1 
409 243 125 59 0.05479590222239494 4 -1 -1 
641 191 55 29 0.05305347964167595 6 -1 -1 
375 248 147 70 0.05258111283183098 9 -1 -1 
382 265 126 73 0.0514981746673584 6 -1 -1 
336 255 147 62 0.05002506077289581 9 -1 -1 
