685 328 105 113 0.9956907629966736 6 -1 -1 
284 337 90 104 0.993381142616272 6 -1 -1 
-3 365 80 58 0.9653074741363525 5 -1 -1 
213 317 65 51 0.9416961669921875 4 -1 -1 
541 215 19 31 0.8839923143386841 6 -1 -1 
350 202 29 24 0.8293157815933228 4 -1 -1 
610 387 21 38 0.8255219459533691 10 -1 -1 
196 291 31 22 0.7499774694442749 10 -1 -1 
521 165 15 20 0.7241204380989075 5 -1 -1 
288 256 29 30 0.7167985439300537 7 -1 -1 
388 179 25 17 0.7132066488265991 4 -1 -1 
612 379 19 32 0.6873699426651001 2 -1 -1 
386 199 18 27 0.6812959313392639 8 -1 -1 
83 301 79 33 0.6752617955207825 4 -1 -1 
354 214 32 29 0.6722402572631836 5 -1 -1 
502 138 22 32 0.671190619468689 6 -1 -1 
548 184 7 18 0.6666149497032166 1 -1 -1 
303 208 50 61 0.6553147435188293 6 -1 -1 
505 185 23 21 0.653960108757019 4 -1 -1 
556 184 7 16 0.6309000849723816 1 -1 -1 
587 185 18 18 0.5873013138771057 4 -1 -1 
615 206 9 23 0.5846495032310486 1 -1 -1 
197 232 68 64 0.5767662525177002 6 -1 -1 
390 170 20 16 0.5695028901100159 4 -1 -1 
538 147 6 11 0.565446674823761 2 -1 -1 
597 202 7 17 0.5269990563392639 1 -1 -1 
549 169 6 16 0.5063863396644592 1 -1 -1 
566 152 16 17 0.48427942395210266 5 -1 -1 
482 121 11 12 0.47919416427612305 4 -1 -1 
538 150 6 10 0.4728962481021881 10 -1 -1 
71 351 98 50 0.472388356924057 6 -1 -1 
549 168 6 15 0.45760679244995117 2 -1 -1 
575 174 19 19 0.4531015157699585 4 -1 -1 
353 213 33 30 0.43310874700546265 4 -1 -1 
471 108 6 13 0.430225133895874 1 -1 -1 
549 172 6 14 0.42293834686279297 3 -1 -1 
566 152 16 17 0.40796512365341187 4 -1 -1 
386 200 17 26 0.39689335227012634 7 -1 -1 
464 110 5 12 0.392007440328598 1 -1 -1 
300 257 17 29 0.3909740149974823 7 -1 -1 
305 256 12 28 0.37912213802337646 1 -1 -1 
465 105 8 8 0.3767254650592804 4 -1 -1 
566 152 16 17 0.3709534704685211 6 -1 -1 
288 256 29 30 0.36997562646865845 8 -1 -1 
537 132 12 15 0.354252427816391 4 -1 -1 
305 256 12 28 0.34960055351257324 2 -1 -1 
72 354 91 48 0.34860652685165405 4 -1 -1 
439 138 10 14 0.34662774205207825 10 -1 -1 
482 121 11 12 0.34581509232521057 5 -1 -1 
565 148 18 15 0.3410988748073578 4 -1 -1 
538 151 6 10 0.34088194370269775 3 -1 -1 
529 134 4 12 0.3325537443161011 1 -1 -1 
284 337 90 104 0.3310636579990387 7 -1 -1 
597 195 8 23 0.32890281081199646 1 -1 -1 
443 135 12 12 0.32376137375831604 10 -1 -1 
527 142 5 10 0.32059213519096375 1 -1 -1 
538 147 6 12 0.3185440003871918 1 -1 -1 
440 136 12 13 0.31552714109420776 10 -1 -1 
413 158 6 13 0.308133602142334 1 -1 -1 
527 142 5 10 0.302170991897583 10 -1 -1 
558 147 5 12 0.29744043946266174 1 -1 -1 
469 107 6 13 0.2957014739513397 1 -1 -1 
521 165 15 20 0.2953960597515106 4 -1 -1 
541 215 19 31 0.29083409905433655 7 -1 -1 
389 178 20 18 0.2849727272987366 5 -1 -1 
462 134 5 10 0.2848249077796936 2 -1 -1 
597 205 7 15 0.2838875651359558 3 -1 -1 
392 180 17 19 0.28016483783721924 4 -1 -1 
574 169 23 26 0.27843162417411804 5 -1 -1 
482 121 11 12 0.2770247757434845 6 -1 -1 
479 106 3 7 0.2764233648777008 1 -1 -1 
462 109 5 13 0.2733616232872009 1 -1 -1 
595 199 8 18 0.2732418477535248 1 -1 -1 
537 146 6 9 0.27320370078086853 2 -1 -1 
288 257 28 29 0.2715891897678375 10 -1 -1 
298 254 18 27 0.2688659131526947 2 -1 -1 
244 213 34 36 0.26805832982063293 9 -1 -1 
527 139 6 11 0.2676490843296051 1 -1 -1 
198 232 67 64 0.26761364936828613 8 -1 -1 
685 328 105 113 0.26745226979255676 10 -1 -1 
596 200 8 19 0.2660753130912781 2 -1 -1 
595 206 7 14 0.264845073223114 3 -1 -1 
536 136 5 11 0.26439863443374634 1 -1 -1 
284 337 90 104 0.26353195309638977 4 -1 -1 
523 128 5 12 0.2633993625640869 1 -1 -1 
529 125 5 14 0.2631702423095703 1 -1 -1 
505 184 23 22 0.261989563703537 5 -1 -1 
685 328 105 113 0.2615920603275299 7 -1 -1 
300 257 17 29 0.2607133388519287 10 -1 -1 
388 207 17 20 0.2561633288860321 8 -1 -1 
685 329 105 112 0.25578776001930237 5 -1 -1 
392 189 7 11 0.25533851981163025 1 -1 -1 
536 133 12 14 0.25372248888015747 8 -1 -1 
561 147 20 15 0.2534295618534088 6 -1 -1 
685 328 105 113 0.25263816118240356 4 -1 -1 
473 107 4 12 0.25122106075286865 1 -1 -1 
586 182 26 22 0.25052765011787415 4 -1 -1 
465 105 7 10 0.25030240416526794 1 -1 -1 
411 158 8 14 0.250299334526062 10 -1 -1 
594 203 6 15 0.24838843941688538 1 -1 -1 
307 256 10 21 0.24663257598876953 1 -1 -1 
462 135 5 10 0.24329005181789398 1 -1 -1 
482 121 11 12 0.24327047169208527 8 -1 -1 
537 128 16 17 0.24317771196365356 4 -1 -1 
284 337 90 104 0.24184250831604004 10 -1 -1 
112 339 85 39 0.24116528034210205 4 -1 -1 
462 135 5 10 0.2378682643175125 10 -1 -1 
448 135 7 11 0.2369895726442337 2 -1 -1 
612 379 18 32 0.23392154276371002 1 -1 -1 
400 161 10 16 0.23318934440612793 1 -1 -1 
578 157 16 14 0.23309360444545746 4 -1 -1 
396 159 17 16 0.23076660931110382 4 -1 -1 
396 189 7 11 0.2299525886774063 1 -1 -1 
611 380 20 34 0.2297942042350769 10 -1 -1 
420 153 5 14 0.22978070378303528 1 -1 -1 
558 139 19 19 0.22798173129558563 6 -1 -1 
597 203 8 16 0.22679099440574646 10 -1 -1 
541 215 19 31 0.22664597630500793 8 -1 -1 
611 206 11 22 0.226434126496315 1 -1 -1 
685 343 8 16 0.22480572760105133 3 -1 -1 
595 206 7 14 0.22409334778785706 1 -1 -1 
70 355 55 47 0.22264443337917328 4 -1 -1 
687 341 13 19 0.22183802723884583 3 -1 -1 
545 140 15 12 0.22058135271072388 4 -1 -1 
387 199 16 26 0.2196372002363205 4 -1 -1 
548 169 7 16 0.21822024881839752 10 -1 -1 
361 184 7 14 0.21628624200820923 1 -1 -1 
536 131 13 16 0.2160901576280594 6 -1 -1 
70 338 127 65 0.21448923647403717 6 -1 -1 
288 256 29 29 0.21412326395511627 2 -1 -1 
545 144 9 10 0.21341197192668915 10 -1 -1 
411 159 7 14 0.21334123611450195 1 -1 -1 
244 213 34 36 0.21328963339328766 6 -1 -1 
538 127 13 14 0.21317382156848907 4 -1 -1 
388 198 15 20 0.21284517645835876 8 -1 -1 
835 370 116 134 0.2126605063676834 8 -1 -1 
9 338 11 24 0.20876823365688324 1 -1 -1 
-2 365 80 58 0.208531454205513 4 -1 -1 
474 106 4 9 0.20820598304271698 1 -1 -1 
359 186 7 12 0.20819537341594696 1 -1 -1 
122 223 141 73 0.20817957818508148 6 -1 -1 
439 136 9 15 0.20796890556812286 2 -1 -1 
72 353 94 49 0.20794768631458282 5 -1 -1 
558 142 15 17 0.20710252225399017 7 -1 -1 
438 141 9 12 0.20634891092777252 10 -1 -1 
548 183 7 17 0.2057512402534485 2 -1 -1 
545 142 14 12 0.20543919503688812 10 -1 -1 
362 183 10 15 0.2046077400445938 1 -1 -1 
839 385 112 119 0.20392681658267975 4 -1 -1 
536 135 5 10 0.2033996433019638 2 -1 -1 
545 136 14 14 0.2029224932193756 4 -1 -1 
195 291 32 23 0.20235459506511688 3 -1 -1 
529 131 4 12 0.20184458792209625 1 -1 -1 
554 184 7 17 0.2014085054397583 1 -1 -1 
404 160 9 14 0.20097219944000244 1 -1 -1 
579 181 24 18 0.20083580911159515 4 -1 -1 
358 173 9 25 0.200322225689888 1 -1 -1 
400 165 11 15 0.1997261345386505 1 -1 -1 
354 213 32 29 0.19900283217430115 6 -1 -1 
547 143 10 11 0.19804665446281433 7 -1 -1 
594 207 6 13 0.19768764078617096 3 -1 -1 
544 142 7 10 0.19589248299598694 2 -1 -1 
403 159 12 13 0.19462649524211884 4 -1 -1 
548 186 7 18 0.19381818175315857 3 -1 -1 
548 188 7 18 0.19357579946517944 1 -1 -1 
594 206 7 14 0.19331859052181244 10 -1 -1 
519 132 4 12 0.19302763044834137 1 -1 -1 
538 147 6 12 0.19289454817771912 3 -1 -1 
73 344 120 56 0.19261619448661804 4 -1 -1 
527 142 5 10 0.19062210619449615 3 -1 -1 
320 189 23 18 0.19058918952941895 4 -1 -1 
557 185 6 16 0.19011995196342468 3 -1 -1 
437 138 8 14 0.18924853205680847 10 -1 -1 
844 424 105 76 0.1888146847486496 4 -1 -1 
482 121 11 12 0.18855680525302887 7 -1 -1 
611 386 21 39 0.18850046396255493 2 -1 -1 
111 340 86 39 0.18848076462745667 5 -1 -1 
527 143 5 9 0.18815577030181885 2 -1 -1 
888 436 36 31 0.18777881562709808 2 -1 -1 
544 142 7 10 0.1856580376625061 1 -1 -1 
823 367 124 136 0.1848292499780655 6 -1 -1 
685 329 105 112 0.18458625674247742 8 -1 -1 
575 170 24 21 0.18283338844776154 4 -1 -1 
5 329 15 33 0.18236011266708374 1 -1 -1 
838 379 115 125 0.18217870593070984 7 -1 -1 
413 158 6 13 0.18197743594646454 2 -1 -1 
536 133 12 14 0.1817568689584732 5 -1 -1 
463 106 8 13 0.18069647252559662 1 -1 -1 
902 292 56 52 0.1765625923871994 4 -1 -1 
581 176 30 24 0.17637497186660767 4 -1 -1 
389 155 30 20 0.17270022630691528 4 -1 -1 
197 232 68 64 0.17224353551864624 7 -1 -1 
685 329 105 112 0.17063073813915253 9 -1 -1 
541 215 19 30 0.17048387229442596 5 -1 -1 
198 232 67 64 0.16790573298931122 5 -1 -1 
71 355 60 47 0.1662496030330658 5 -1 -1 
831 380 120 125 0.16467830538749695 5 -1 -1 
685 329 105 112 0.16063866019248962 2 -1 -1 
106 339 91 43 0.15859851241111755 6 -1 -1 
88 287 94 44 0.15783129632472992 4 -1 -1 
284 337 90 104 0.15522423386573792 5 -1 -1 
685 328 105 113 0.15311315655708313 3 -1 -1 
838 427 113 73 0.14966733753681183 6 -1 -1 
794 360 143 145 0.14857955276966095 4 -1 -1 
284 337 90 104 0.14810200035572052 8 -1 -1 
242 209 59 45 0.1478317826986313 9 -1 -1 
834 426 118 75 0.14713340997695923 7 -1 -1 
541 215 19 30 0.14483416080474854 4 -1 -1 
565 147 26 22 0.14280179142951965 4 -1 -1 
610 387 21 38 0.1406378298997879 3 -1 -1 
236 212 55 45 0.14056651294231415 4 -1 -1 
886 276 70 65 0.13646581768989563 4 -1 -1 
769 390 165 116 0.1357719898223877 9 -1 -1 
769 390 165 116 0.13531343638896942 6 -1 -1 
610 387 21 38 0.134463831782341 4 -1 -1 
365 177 26 28 0.1331772357225418 6 -1 -1 
501 139 23 32 0.13285912573337555 4 -1 -1 
284 337 90 104 0.13178010284900665 3 -1 -1 
63 275 91 40 0.1305413693189621 4 -1 -1 
242 210 59 45 0.1292366087436676 6 -1 -1 
781 352 76 48 0.12845565378665924 4 -1 -1 
387 167 27 23 0.12491361796855927 4 -1 -1 
211 220 63 64 0.12463198602199554 6 -1 -1 
794 360 143 145 0.12371964752674103 5 -1 -1 
-3 365 80 58 0.12281036376953125 8 -1 -1 
83 301 79 33 0.12123102694749832 5 -1 -1 
575 165 35 28 0.12090963870286942 6 -1 -1 
576 171 33 24 0.12072496861219406 4 -1 -1 
83 281 83 39 0.12025384604930878 4 -1 -1 
575 168 24 26 0.11872899532318115 6 -1 -1 
535 126 27 22 0.11813484877347946 6 -1 -1 
502 137 22 33 0.11799028515815735 5 -1 -1 
838 427 113 73 0.1175459548830986 8 -1 -1 
388 159 28 26 0.11583127081394196 4 -1 -1 
303 207 50 62 0.11490029841661453 9 -1 -1 
303 207 50 62 0.1120075061917305 5 -1 -1 
685 328 105 113 0.11155730485916138 1 -1 -1 
611 200 15 31 0.11060065776109695 1 -1 -1 
196 231 70 66 0.10787654668092728 9 -1 -1 
213 317 65 51 0.10659687966108322 1 -1 -1 
283 337 91 104 0.10604778677225113 2 -1 -1 
31 330 16 36 0.10573741793632507 1 -1 -1 
793 351 131 110 0.10550526529550552 4 -1 -1 
219 315 61 31 0.10458739101886749 4 -1 -1 
55 269 84 37 0.10439477860927582 4 -1 -1 
576 172 30 25 0.10394518822431564 5 -1 -1 
835 410 91 70 0.10255695879459381 4 -1 -1 
837 375 79 62 0.10235404968261719 4 -1 -1 
71 355 61 47 0.10208714008331299 6 -1 -1 
560 145 30 22 0.09850555658340454 6 -1 -1 
197 232 68 64 0.09788013249635696 4 -1 -1 
559 140 30 19 0.09707420319318771 6 -1 -1 
83 308 68 32 0.0958172008395195 4 -1 -1 
575 165 35 28 0.09460632503032684 5 -1 -1 
838 427 113 73 0.09369660913944244 5 -1 -1 
236 212 55 45 0.09326910227537155 5 -1 -1 
172 220 90 71 0.09274563938379288 6 -1 -1 
584 178 25 25 0.09179020673036575 5 -1 -1 
230 214 55 49 0.09177929908037186 6 -1 -1 
838 393 80 66 0.09079533070325851 4 -1 -1 
97 344 88 56 0.09074707329273224 6 -1 -1 
540 129 30 25 0.08952166885137558 6 -1 -1 
799 106 101 40 0.08885300159454346 6 -1 -1 
565 147 26 22 0.08882489800453186 5 -1 -1 
869 261 83 70 0.08860884606838226 4 -1 -1 
213 317 65 51 0.08858358860015869 6 -1 -1 
844 423 111 83 0.0880047157406807 9 -1 -1 
809 438 131 62 0.08795326948165894 4 -1 -1 
892 302 63 49 0.08765702694654465 4 -1 -1 
5 329 15 33 0.08606067299842834 2 -1 -1 
545 131 33 26 0.0851207971572876 6 -1 -1 
303 207 50 62 0.08437831699848175 8 -1 -1 
869 251 83 51 0.08212578296661377 4 -1 -1 
213 317 64 51 0.08145660161972046 9 -1 -1 
796 340 69 54 0.08000253885984421 4 -1 -1 
93 276 90 42 0.07991005480289459 6 -1 -1 
541 215 19 30 0.07974927127361298 9 -1 -1 
246 207 85 49 0.07905907928943634 6 -1 -1 
146 225 119 71 0.07886838167905807 9 -1 -1 
502 124 23 43 0.07885491847991943 6 -1 -1 
823 367 124 136 0.07873591035604477 9 -1 -1 
71 351 98 50 0.07868382334709167 9 -1 -1 
578 172 37 27 0.07792691886425018 6 -1 -1 
382 171 29 21 0.07772225141525269 4 -1 -1 
211 220 63 64 0.07770708203315735 5 -1 -1 
742 213 77 44 0.07764425128698349 4 -1 -1 
267 210 75 56 0.07643646001815796 6 -1 -1 
284 337 90 104 0.07641655951738358 9 -1 -1 
-3 365 80 58 0.07605433464050293 6 -1 -1 
575 160 28 31 0.07571820169687271 4 -1 -1 
213 318 65 50 0.0756850391626358 5 -1 -1 
864 260 66 58 0.07551595568656921 4 -1 -1 
88 288 95 39 0.07549881190061569 6 -1 -1 
-2 365 80 58 0.07540112733840942 9 -1 -1 
284 337 90 104 0.07522474229335785 1 -1 -1 
213 317 65 51 0.07503830641508102 7 -1 -1 
502 134 21 36 0.07467146962881088 7 -1 -1 
611 380 20 34 0.07396169006824493 3 -1 -1 
799 409 147 96 0.07383780181407928 7 -1 -1 
793 351 131 110 0.0737973004579544 5 -1 -1 
877 433 74 68 0.07360871881246567 4 -1 -1 
575 163 43 31 0.0735742598772049 4 -1 -1 
832 363 80 59 0.07313545793294907 4 -1 -1 
553 136 30 23 0.07304951548576355 6 -1 -1 
607 377 20 31 0.07300056517124176 2 -1 -1 
232 213 50 49 0.0724528357386589 9 -1 -1 
766 274 81 49 0.07230544090270996 4 -1 -1 
820 428 110 57 0.07195618003606796 4 -1 -1 
93 276 90 42 0.07146845012903214 9 -1 -1 
97 344 88 56 0.07121794670820236 5 -1 -1 
877 433 74 68 0.0707973912358284 7 -1 -1 
83 301 79 33 0.07075544446706772 1 -1 -1 
379 179 32 23 0.07025408744812012 4 -1 -1 
88 287 94 44 0.07020368427038193 5 -1 -1 
873 252 84 75 0.06998993456363678 5 -1 -1 
898 254 60 78 0.06993620097637177 4 -1 -1 
617 386 17 37 0.06861825287342072 10 -1 -1 
149 235 119 70 0.06818470358848572 6 -1 -1 
80 291 66 41 0.06800290942192078 4 -1 -1 
575 163 43 31 0.06791762262582779 9 -1 -1 
212 216 63 57 0.06732669472694397 9 -1 -1 
70 338 127 65 0.06627452373504639 5 -1 -1 
706 325 127 116 0.06583630293607712 9 -1 -1 
838 386 113 118 0.06192903593182564 10 -1 -1 
860 237 98 108 0.060928262770175934 4 -1 -1 
146 225 119 71 0.060587696731090546 5 -1 -1 
756 403 180 109 0.06013239175081253 5 -1 -1 
756 403 180 109 0.058147236704826355 4 -1 -1 
793 351 131 110 0.05691230669617653 6 -1 -1 
706 325 127 116 0.05604341998696327 6 -1 -1 
146 225 119 71 0.05452301353216171 8 -1 -1 
146 225 119 71 0.053412165492773056 7 -1 -1 
146 225 119 71 0.05332687124609947 4 -1 -1 
834 338 109 132 0.053247757256031036 4 -1 -1 
840 386 111 118 0.05119074136018753 3 -1 -1 
