420 231 19 53 0.8964783549308777 1 -1 -1 
441 231 19 50 0.8124988079071045 1 -1 -1 
408 232 17 50 0.7088238000869751 1 -1 -1 
813 195 7 10 0.5020341277122498 2 -1 -1 
839 188 17 10 0.4631468951702118 5 -1 -1 
629 215 9 16 0.4520868957042694 2 -1 -1 
629 214 9 25 0.4353686273097992 1 -1 -1 
808 198 15 8 0.4306947886943817 10 -1 -1 
704 205 7 12 0.39442306756973267 2 -1 -1 
814 196 7 10 0.3890812397003174 1 -1 -1 
774 189 5 13 0.3776317834854126 1 -1 -1 
778 212 15 11 0.3704175353050232 10 -1 -1 
629 216 9 23 0.36400651931762695 10 -1 -1 
839 188 17 10 0.34856095910072327 4 -1 -1 
745 177 14 34 0.34648197889328003 1 -1 -1 
573 227 12 30 0.33986803889274597 1 -1 -1 
696 209 10 12 0.33777689933776855 2 -1 -1 
810 196 10 10 0.33076706528663635 10 -1 -1 
781 210 10 12 0.3230651021003723 2 -1 -1 
699 205 10 13 0.32155466079711914 2 -1 -1 
813 197 9 9 0.31341636180877686 10 -1 -1 
818 199 5 8 0.30531471967697144 10 -1 -1 
782 189 5 12 0.304751992225647 1 -1 -1 
815 197 8 9 0.30000096559524536 2 -1 -1 
698 197 12 16 0.2974955439567566 2 -1 -1 
809 198 14 8 0.293504536151886 3 -1 -1 
819 199 5 8 0.28609809279441833 2 -1 -1 
697 207 8 11 0.2805270552635193 2 -1 -1 
699 204 8 11 0.27284061908721924 2 -1 -1 
732 176 13 43 0.27247947454452515 1 -1 -1 
701 202 10 12 0.2684260308742523 2 -1 -1 
423 234 15 20 0.267598956823349 2 -1 -1 
446 231 12 24 0.26526764035224915 1 -1 -1 
818 199 5 8 0.26429763436317444 1 -1 -1 
705 206 6 12 0.2593649625778198 1 -1 -1 
816 196 7 10 0.24650251865386963 1 -1 -1 
629 215 8 16 0.24271772801876068 1 -1 -1 
812 196 10 10 0.2421475201845169 3 -1 -1 
650 214 5 10 0.23853576183319092 1 -1 -1 
782 207 9 13 0.23693671822547913 2 -1 -1 
780 191 4 11 0.23496663570404053 1 -1 -1 
446 232 13 22 0.23422366380691528 2 -1 -1 
699 201 8 11 0.22842784225940704 2 -1 -1 
706 205 5 10 0.2225278913974762 2 -1 -1 
700 207 10 14 0.21992947161197662 2 -1 -1 
818 199 5 8 0.21901993453502655 3 -1 -1 
703 196 7 13 0.21886621415615082 1 -1 -1 
785 212 8 11 0.21797043085098267 2 -1 -1 
762 188 6 14 0.21788088977336884 1 -1 -1 
701 196 10 15 0.21544234454631805 2 -1 -1 
778 216 14 8 0.21174687147140503 10 -1 -1 
775 192 6 10 0.2085442692041397 1 -1 -1 
781 210 10 12 0.20464834570884705 10 -1 -1 
815 194 6 10 0.20017032325267792 2 -1 -1 
830 188 25 11 0.1978583186864853 4 -1 -1 
629 214 13 24 0.19692514836788177 2 -1 -1 
810 195 9 10 0.19594275951385498 2 -1 -1 
815 197 8 9 0.1939409226179123 3 -1 -1 
746 181 13 30 0.19296912848949432 2 -1 -1 
810 198 13 8 0.18864940106868744 2 -1 -1 
413 235 13 19 0.1854320764541626 2 -1 -1 
700 196 11 16 0.18542468547821045 1 -1 -1 
715 205 8 16 0.18380993604660034 1 -1 -1 
739 175 14 37 0.1835935413837433 1 -1 -1 
587 266 22 17 0.1790885180234909 3 -1 -1 
695 205 15 20 0.17769284546375275 2 -1 -1 
773 187 5 14 0.17768380045890808 1 -1 -1 
780 211 13 12 0.17766553163528442 7 -1 -1 
733 190 11 29 0.1749926656484604 1 -1 -1 
782 206 7 11 0.1749013364315033 2 -1 -1 
577 227 9 18 0.1738509237766266 1 -1 -1 
423 234 15 20 0.17121000587940216 1 -1 -1 
485 195 15 39 0.17117443680763245 1 -1 -1 
650 214 5 10 0.1710113286972046 2 -1 -1 
573 218 14 31 0.17012032866477966 1 -1 -1 
808 196 13 10 0.16821303963661194 2 -1 -1 
778 213 15 11 0.16586655378341675 3 -1 -1 
575 228 10 18 0.16544629633426666 2 -1 -1 
810 196 6 9 0.16248229146003723 2 -1 -1 
441 231 19 50 0.16233591735363007 4 -1 -1 
808 197 14 9 0.1599571257829666 7 -1 -1 
569 223 14 31 0.1593691110610962 1 -1 -1 
734 166 24 49 0.15853188931941986 1 -1 -1 
416 230 13 53 0.15850982069969177 1 -1 -1 
809 195 8 10 0.15842817723751068 10 -1 -1 
573 227 12 30 0.15755003690719604 2 -1 -1 
778 189 5 12 0.157282292842865 1 -1 -1 
748 184 9 26 0.1569349765777588 1 -1 -1 
575 223 14 29 0.1538063883781433 1 -1 -1 
411 225 14 45 0.15243664383888245 1 -1 -1 
630 217 9 22 0.15225325524806976 3 -1 -1 
695 210 10 14 0.15028037130832672 2 -1 -1 
570 216 17 33 0.14933092892169952 2 -1 -1 
630 213 11 16 0.14922760426998138 2 -1 -1 
468 239 11 30 0.14919771254062653 1 -1 -1 
826 185 4 9 0.14868727326393127 1 -1 -1 
813 200 10 7 0.14733172953128815 3 -1 -1 
818 186 6 9 0.14718206226825714 2 -1 -1 
713 225 14 25 0.1471128910779953 1 -1 -1 
780 188 6 12 0.14644914865493774 1 -1 -1 
113 208 7 18 0.14553692936897278 1 -1 -1 
697 196 14 23 0.1448192596435547 2 -1 -1 
809 188 8 7 0.14464813470840454 2 -1 -1 
818 186 6 9 0.14442402124404907 1 -1 -1 
577 232 9 21 0.14352600276470184 1 -1 -1 
779 212 14 11 0.14324407279491425 8 -1 -1 
580 265 23 17 0.14277619123458862 3 -1 -1 
628 215 10 24 0.1425403654575348 2 -1 -1 
771 189 4 12 0.142469123005867 1 -1 -1 
742 173 16 38 0.1419137716293335 2 -1 -1 
565 223 12 32 0.1411755234003067 1 -1 -1 
408 228 16 44 0.14041675627231598 2 -1 -1 
597 165 14 30 0.14010632038116455 1 -1 -1 
810 188 8 7 0.13962557911872864 10 -1 -1 
775 186 5 14 0.13824398815631866 1 -1 -1 
816 196 7 10 0.1381446123123169 10 -1 -1 
829 185 12 7 0.1376665085554123 4 -1 -1 
411 236 12 18 0.13540008664131165 1 -1 -1 
713 226 9 23 0.13458648324012756 1 -1 -1 
695 210 11 13 0.13360635936260223 1 -1 -1 
838 188 18 10 0.13348153233528137 6 -1 -1 
809 196 11 10 0.13341890275478363 1 -1 -1 
783 193 4 9 0.13294756412506104 1 -1 -1 
811 197 11 9 0.1326095312833786 4 -1 -1 
749 182 13 29 0.13174857199192047 1 -1 -1 
590 265 12 15 0.13105811178684235 2 -1 -1 
702 206 8 13 0.1302025020122528 1 -1 -1 
414 226 22 55 0.12959842383861542 1 -1 -1 
546 201 17 43 0.12952053546905518 1 -1 -1 
160 197 37 21 0.12824556231498718 4 -1 -1 
400 231 22 52 0.12754718959331512 1 -1 -1 
808 196 13 10 0.12714771926403046 8 -1 -1 
812 195 7 10 0.12624004483222961 1 -1 -1 
410 239 11 15 0.12478874623775482 2 -1 -1 
588 265 24 18 0.12453417479991913 10 -1 -1 
781 211 10 12 0.12443896383047104 1 -1 -1 
713 226 15 24 0.12373282015323639 2 -1 -1 
638 200 8 17 0.12227527052164078 1 -1 -1 
737 181 12 36 0.12128236144781113 1 -1 -1 
810 196 10 10 0.12088532745838165 7 -1 -1 
420 232 19 52 0.12060434371232986 4 -1 -1 
813 195 7 10 0.12010079622268677 4 -1 -1 
786 189 6 7 0.11949292570352554 4 -1 -1 
627 216 9 19 0.11861330270767212 1 -1 -1 
704 207 7 15 0.11821206659078598 1 -1 -1 
772 186 5 13 0.11814356595277786 1 -1 -1 
807 198 12 8 0.11786896735429764 3 -1 -1 
834 187 20 9 0.1162683367729187 4 -1 -1 
407 237 17 45 0.11473304033279419 2 -1 -1 
574 237 8 20 0.11446527391672134 1 -1 -1 
772 191 4 11 0.11440367251634598 1 -1 -1 
698 205 7 11 0.11415104568004608 1 -1 -1 
701 202 10 12 0.11378901451826096 1 -1 -1 
407 218 20 58 0.11152750253677368 1 -1 -1 
806 183 5 12 0.11080171167850494 1 -1 -1 
739 175 14 37 0.11077895760536194 2 -1 -1 
808 188 7 7 0.10995621234178543 2 -1 -1 
764 190 6 13 0.10988355427980423 1 -1 -1 
562 214 17 33 0.1097971647977829 2 -1 -1 
627 214 9 16 0.10908950865268707 2 -1 -1 
426 228 14 22 0.10894794017076492 2 -1 -1 
817 193 6 11 0.10885313898324966 2 -1 -1 
749 194 7 16 0.10678474605083466 1 -1 -1 
740 162 25 50 0.10596640408039093 1 -1 -1 
737 185 7 25 0.10577757656574249 1 -1 -1 
833 185 11 7 0.10396186262369156 4 -1 -1 
732 176 13 42 0.10353514552116394 2 -1 -1 
579 230 7 16 0.10334169864654541 1 -1 -1 
699 202 10 12 0.10262821614742279 4 -1 -1 
630 221 8 18 0.10146474093198776 2 -1 -1 
655 220 57 23 0.10080064833164215 4 -1 -1 
807 187 5 8 0.10075542330741882 1 -1 -1 
587 261 16 20 0.10044049471616745 3 -1 -1 
597 165 14 30 0.10043715685606003 2 -1 -1 
832 186 18 8 0.10030700266361237 4 -1 -1 
572 228 12 20 0.10019741207361221 2 -1 -1 
735 170 11 40 0.1000806912779808 1 -1 -1 
695 206 14 21 0.09944533556699753 1 -1 -1 
820 185 5 9 0.09920807927846909 1 -1 -1 
781 193 4 10 0.09911870956420898 1 -1 -1 
575 223 14 29 0.09908118098974228 2 -1 -1 
783 189 7 11 0.09882855415344238 1 -1 -1 
629 220 16 21 0.09876027703285217 10 -1 -1 
411 223 13 34 0.09872318804264069 1 -1 -1 
569 214 15 32 0.09781848639249802 1 -1 -1 
565 223 18 29 0.096486896276474 2 -1 -1 
671 210 24 12 0.09632234275341034 4 -1 -1 
573 236 14 22 0.09370877593755722 3 -1 -1 
698 195 13 22 0.0919395238161087 1 -1 -1 
717 227 16 24 0.09130342304706573 1 -1 -1 
564 217 18 32 0.0903950184583664 1 -1 -1 
565 207 31 38 0.09017667919397354 4 -1 -1 
570 235 14 25 0.08947480469942093 1 -1 -1 
730 172 13 37 0.08869575709104538 1 -1 -1 
604 204 34 18 0.08737118542194366 4 -1 -1 
565 230 15 28 0.08730489760637283 1 -1 -1 
0 218 11 33 0.08640696853399277 1 -1 -1 
420 231 19 53 0.08598274737596512 2 -1 -1 
453 231 24 47 0.08556560426950455 1 -1 -1 
562 200 37 37 0.08462374657392502 4 -1 -1 
562 215 13 37 0.08367440104484558 1 -1 -1 
408 239 23 48 0.08290520310401917 1 -1 -1 
631 213 17 26 0.08267418295145035 1 -1 -1 
586 264 18 18 0.08183619379997253 10 -1 -1 
818 187 34 13 0.08143129199743271 4 -1 -1 
624 211 15 23 0.08020058274269104 2 -1 -1 
568 213 23 19 0.07884535938501358 4 -1 -1 
696 202 15 21 0.07882829010486603 10 -1 -1 
571 214 17 24 0.07880204916000366 1 -1 -1 
597 200 45 23 0.07838504761457443 4 -1 -1 
0 214 16 32 0.07595670223236084 1 -1 -1 
564 163 13 31 0.07533277571201324 1 -1 -1 
481 194 21 47 0.07326777279376984 1 -1 -1 
629 220 11 27 0.0723625123500824 1 -1 -1 
571 214 17 24 0.0722905695438385 2 -1 -1 
777 208 16 16 0.07192525267601013 7 -1 -1 
717 227 16 24 0.07172218710184097 2 -1 -1 
805 194 19 14 0.07099331170320511 10 -1 -1 
574 228 12 29 0.07062558829784393 10 -1 -1 
656 224 40 19 0.07046005874872208 4 -1 -1 
730 172 13 37 0.07025100290775299 2 -1 -1 
632 212 16 25 0.07012131810188293 2 -1 -1 
441 231 19 50 0.06989951431751251 2 -1 -1 
574 234 18 23 0.06934808939695358 3 -1 -1 
743 185 15 31 0.06872428953647614 1 -1 -1 
826 184 26 12 0.06859027594327927 4 -1 -1 
166 202 27 21 0.06762421131134033 3 -1 -1 
555 210 29 42 0.06734908372163773 1 -1 -1 
778 206 15 18 0.06692523509263992 2 -1 -1 
829 188 26 11 0.06667818129062653 5 -1 -1 
629 220 16 21 0.0652606263756752 1 -1 -1 
724 228 11 24 0.06493587791919708 1 -1 -1 
628 206 14 26 0.06430426985025406 2 -1 -1 
407 231 17 52 0.06425608694553375 4 -1 -1 
574 234 18 23 0.06262384355068207 1 -1 -1 
569 211 34 19 0.06237271428108215 4 -1 -1 
553 198 34 45 0.061863649636507034 4 -1 -1 
836 188 21 11 0.061790455132722855 9 -1 -1 
574 240 17 18 0.06028135120868683 10 -1 -1 
566 212 25 41 0.06013074889779091 4 -1 -1 
595 268 27 16 0.05981580168008804 10 -1 -1 
647 209 33 14 0.05958858132362366 4 -1 -1 
768 207 23 17 0.059367600828409195 9 -1 -1 
721 165 28 49 0.059267859905958176 1 -1 -1 
166 202 27 21 0.05892433598637581 1 -1 -1 
550 199 32 44 0.0583544485270977 1 -1 -1 
737 181 12 36 0.058212243020534515 2 -1 -1 
655 220 57 23 0.05813807621598244 5 -1 -1 
656 220 59 23 0.057990044355392456 9 -1 -1 
598 163 19 28 0.057887785136699677 1 -1 -1 
713 200 11 23 0.057843614369630814 1 -1 -1 
564 211 26 42 0.056925076991319656 1 -1 -1 
668 213 27 16 0.05680578947067261 4 -1 -1 
656 224 40 19 0.05668575316667557 5 -1 -1 
0 213 16 27 0.05658826231956482 2 -1 -1 
577 221 17 30 0.056426145136356354 1 -1 -1 
29 202 29 19 0.05583636462688446 4 -1 -1 
567 206 28 20 0.05517412722110748 4 -1 -1 
562 214 23 24 0.05486470088362694 4 -1 -1 
573 242 17 17 0.05475948378443718 3 -1 -1 
709 229 22 23 0.05465295538306236 1 -1 -1 
624 211 15 23 0.05449077859520912 1 -1 -1 
171 205 18 19 0.05405515804886818 3 -1 -1 
629 220 16 21 0.05361317843198776 2 -1 -1 
699 195 17 23 0.05360402911901474 2 -1 -1 
734 190 10 29 0.05320161581039429 2 -1 -1 
179 105 55 87 0.05267459899187088 9 -1 -1 
564 201 25 22 0.052672844380140305 4 -1 -1 
548 207 25 44 0.05229206755757332 1 -1 -1 
459 226 23 46 0.05205415189266205 1 -1 -1 
773 210 19 15 0.05134671553969383 9 -1 -1 
780 204 16 19 0.05077982693910599 10 -1 -1 
736 163 24 50 0.05069452151656151 2 -1 -1 
394 222 16 51 0.05036509037017822 1 -1 -1 
773 210 19 15 0.0501391664147377 3 -1 -1 
