824 509 59 100 0.9908453822135925 6 -1 -1 
665 620 68 121 0.9757586717605591 5 -1 -1 
647 222 34 46 0.9719353914260864 5 -1 -1 
422 560 20 50 0.9485144019126892 1 -1 -1 
437 515 22 55 0.9392022490501404 1 -1 -1 
439 395 17 43 0.9361042380332947 1 -1 -1 
517 443 66 111 0.9023539423942566 4 -1 -1 
703 239 37 42 0.8892344236373901 4 -1 -1 
730 78 46 23 0.8871741890907288 4 -1 -1 
652 408 59 74 0.8836948871612549 4 -1 -1 
400 556 22 52 0.8762620091438293 1 -1 -1 
643 272 45 46 0.8667396306991577 4 -1 -1 
315 94 39 25 0.8507670164108276 4 -1 -1 
423 395 16 40 0.848042905330658 1 -1 -1 
464 171 10 28 0.8345328569412231 1 -1 -1 
258 115 45 23 0.8321675658226013 7 -1 -1 
645 331 48 58 0.8192138671875 4 -1 -1 
644 111 62 27 0.8182554841041565 4 -1 -1 
142 116 74 29 0.8036969900131226 4 -1 -1 
602 123 67 28 0.7995815277099609 4 -1 -1 
607 28 20 19 0.7942647933959961 4 -1 -1 
432 112 51 24 0.7842923998832703 4 -1 -1 
762 268 13 34 0.7772200703620911 1 -1 -1 
713 67 7 21 0.7426509857177734 1 -1 -1 
536 59 8 21 0.739171028137207 1 -1 -1 
757 264 14 36 0.7364409565925598 1 -1 -1 
562 153 46 38 0.7167613506317139 4 -1 -1 
521 314 13 29 0.6981058716773987 3 -1 -1 
521 304 13 30 0.6696391105651855 2 -1 -1 
99 97 11 25 0.667718768119812 1 -1 -1 
647 175 13 23 0.6622868776321411 2 -1 -1 
755 262 12 34 0.6615771651268005 1 -1 -1 
522 16 37 16 0.6582163572311401 4 -1 -1 
722 67 7 18 0.6361967325210571 1 -1 -1 
744 338 17 31 0.6351107954978943 10 -1 -1 
730 50 40 19 0.630621075630188 4 -1 -1 
545 98 8 19 0.6207942962646484 2 -1 -1 
601 72 24 29 0.6103542447090149 4 -1 -1 
744 332 18 31 0.6031742095947266 2 -1 -1 
405 26 17 27 0.5958375930786133 10 -1 -1 
709 33 40 19 0.5949617624282837 4 -1 -1 
708 30 38 16 0.5812627077102661 4 -1 -1 
724 41 41 16 0.5805171132087708 4 -1 -1 
543 105 10 15 0.5738188624382019 3 -1 -1 
736 188 12 27 0.5721973180770874 2 -1 -1 
529 60 7 21 0.5589773654937744 1 -1 -1 
724 60 37 22 0.5454408526420593 5 -1 -1 
646 183 15 21 0.5347765684127808 10 -1 -1 
607 39 17 16 0.5245239734649658 4 -1 -1 
732 218 13 15 0.5137419700622559 2 -1 -1 
736 196 12 21 0.5106201767921448 10 -1 -1 
692 36 6 13 0.5097124576568604 2 -1 -1 
606 46 20 25 0.508472740650177 4 -1 -1 
250 120 52 18 0.4840598404407501 4 -1 -1 
557 94 8 16 0.4818764328956604 3 -1 -1 
692 40 6 14 0.47886642813682556 10 -1 -1 
713 37 42 18 0.47042515873908997 4 -1 -1 
646 183 14 21 0.4665915071964264 3 -1 -1 
556 86 8 20 0.45765382051467896 1 -1 -1 
575 48 7 18 0.4521801769733429 1 -1 -1 
575 48 7 15 0.4483497738838196 2 -1 -1 
732 218 13 29 0.4469171464443207 10 -1 -1 
557 85 7 20 0.4460533559322357 2 -1 -1 
601 70 24 31 0.4441997706890106 5 -1 -1 
562 28 9 14 0.4434833824634552 2 -1 -1 
551 26 7 15 0.44272199273109436 1 -1 -1 
606 46 20 25 0.437855988740921 5 -1 -1 
100 105 11 18 0.43609553575515747 3 -1 -1 
825 509 58 101 0.43144315481185913 7 -1 -1 
736 188 12 27 0.4251970052719116 1 -1 -1 
739 82 10 23 0.40804290771484375 1 -1 -1 
726 55 40 21 0.40745243430137634 4 -1 -1 
267 89 35 15 0.3940296769142151 7 -1 -1 
576 53 6 14 0.384551078081131 10 -1 -1 
258 115 45 23 0.3702346682548523 8 -1 -1 
99 97 11 24 0.3684753477573395 2 -1 -1 
733 47 48 21 0.35927286744117737 4 -1 -1 
713 18 34 17 0.3561558127403259 4 -1 -1 
725 59 44 23 0.34883764386177063 4 -1 -1 
544 105 9 15 0.346800297498703 10 -1 -1 
736 196 12 21 0.34129413962364197 3 -1 -1 
556 26 6 12 0.3407413065433502 1 -1 -1 
576 53 6 14 0.33214372396469116 3 -1 -1 
690 0 15 8 0.3306407034397125 4 -1 -1 
241 50 64 25 0.3286334276199341 4 -1 -1 
732 218 12 27 0.32659152150154114 2 -1 -1 
691 38 7 15 0.31260427832603455 1 -1 -1 
553 25 9 16 0.3109193444252014 1 -1 -1 
544 98 9 19 0.30986034870147705 1 -1 -1 
557 96 8 18 0.30070337653160095 3 -1 -1 
733 47 48 21 0.3002278208732605 5 -1 -1 
551 30 6 15 0.2981245219707489 1 -1 -1 
888 552 17 25 0.29781848192214966 2 -1 -1 
562 29 9 13 0.29742297530174255 10 -1 -1 
724 60 46 22 0.2944253385066986 6 -1 -1 
422 560 19 50 0.2871633470058441 4 -1 -1 
732 218 12 28 0.28219500184059143 1 -1 -1 
732 218 13 29 0.2819131910800934 3 -1 -1 
418 106 7 16 0.27547040581703186 1 -1 -1 
686 0 4 8 0.27331456542015076 1 -1 -1 
692 41 6 14 0.273180216550827 3 -1 -1 
1219 589 40 31 0.2728269398212433 1 -1 -1 
732 82 36 20 0.26806527376174927 1 -1 -1 
264 111 22 22 0.2673281729221344 7 -1 -1 
855 556 28 47 0.26659321784973145 2 -1 -1 
521 312 13 31 0.2619379758834839 10 -1 -1 
562 153 45 38 0.2588963806629181 5 -1 -1 
675 12 9 16 0.25818806886672974 1 -1 -1 
521 304 13 30 0.2580207884311676 1 -1 -1 
729 44 44 18 0.25656843185424805 4 -1 -1 
728 50 43 19 0.25518321990966797 5 -1 -1 
557 84 7 14 0.2518109977245331 2 -1 -1 
437 515 22 55 0.2501729726791382 4 -1 -1 
745 339 17 30 0.24763371050357819 3 -1 -1 
726 54 38 21 0.24620552361011505 5 -1 -1 
744 332 17 31 0.23950563371181488 1 -1 -1 
556 95 8 16 0.23940467834472656 10 -1 -1 
888 552 17 25 0.23895922303199768 1 -1 -1 
533 54 9 25 0.23778754472732544 1 -1 -1 
561 26 8 13 0.23745609819889069 2 -1 -1 
647 175 13 23 0.23743104934692383 10 -1 -1 
235 107 23 15 0.23724624514579773 7 -1 -1 
794 186 105 57 0.22927111387252808 4 -1 -1 
711 23 40 18 0.2249806821346283 4 -1 -1 
712 12 37 18 0.2241237610578537 4 -1 -1 
712 36 40 18 0.22393713891506195 5 -1 -1 
913 170 60 75 0.22264854609966278 5 -1 -1 
439 395 17 43 0.21965548396110535 4 -1 -1 
790 206 113 44 0.21267257630825043 4 -1 -1 
790 216 110 55 0.1941596120595932 4 -1 -1 
727 58 48 23 0.19034063816070557 5 -1 -1 
787 213 90 43 0.18876831233501434 4 -1 -1 
662 618 75 123 0.18363814055919647 4 -1 -1 
729 63 52 21 0.18084251880645752 4 -1 -1 
226 118 78 25 0.18029607832431793 4 -1 -1 
825 509 58 101 0.17927250266075134 8 -1 -1 
792 177 167 76 0.1710929274559021 4 -1 -1 
423 395 16 40 0.17025470733642578 4 -1 -1 
724 41 41 17 0.1699899137020111 5 -1 -1 
653 408 57 74 0.16895993053913116 5 -1 -1 
914 169 58 70 0.16823136806488037 4 -1 -1 
233 109 69 30 0.1669180542230606 6 -1 -1 
713 6 38 17 0.1627417653799057 4 -1 -1 
824 509 59 100 0.16257478296756744 3 -1 -1 
708 33 40 17 0.1541590690612793 5 -1 -1 
793 169 79 70 0.15386202931404114 4 -1 -1 
664 618 70 124 0.15363384783267975 9 -1 -1 
824 509 59 100 0.15300500392913818 10 -1 -1 
824 509 59 100 0.15219615399837494 5 -1 -1 
475 53 56 29 0.1519141048192978 4 -1 -1 
226 49 82 34 0.15061859786510468 4 -1 -1 
824 509 59 100 0.1473921686410904 4 -1 -1 
723 60 35 22 0.14473848044872284 8 -1 -1 
729 44 44 18 0.14464795589447021 5 -1 -1 
732 73 48 22 0.144417867064476 4 -1 -1 
788 198 154 72 0.1438291072845459 4 -1 -1 
665 619 68 123 0.14355598390102386 10 -1 -1 
233 49 74 33 0.14265623688697815 5 -1 -1 
728 50 43 19 0.13734129071235657 6 -1 -1 
120 23 112 48 0.1372387856245041 6 -1 -1 
517 444 66 111 0.1354440450668335 5 -1 -1 
728 55 48 20 0.13484950363636017 6 -1 -1 
664 618 70 124 0.13267666101455688 6 -1 -1 
737 69 47 18 0.1314864158630371 4 -1 -1 
520 304 15 36 0.13130393624305725 3 -1 -1 
924 534 108 131 0.12966136634349823 4 -1 -1 
664 619 70 122 0.12838926911354065 8 -1 -1 
736 55 50 24 0.12785446643829346 4 -1 -1 
725 60 47 22 0.12724070250988007 9 -1 -1 
476 59 38 24 0.12428029626607895 10 -1 -1 
135 40 95 32 0.12375874072313309 6 -1 -1 
118 155 27 30 0.12371309846639633 10 -1 -1 
792 195 120 50 0.12062256038188934 5 -1 -1 
601 69 24 32 0.1205834448337555 6 -1 -1 
502 52 29 29 0.1201682761311531 4 -1 -1 
142 116 75 30 0.11988118290901184 5 -1 -1 
824 509 59 100 0.11882667243480682 2 -1 -1 
231 35 76 38 0.11877501755952835 4 -1 -1 
903 170 72 110 0.11539960652589798 5 -1 -1 
731 67 50 19 0.11182711273431778 5 -1 -1 
787 208 103 43 0.11087217181921005 5 -1 -1 
707 29 37 16 0.11085452139377594 5 -1 -1 
715 2 43 19 0.11032725870609283 4 -1 -1 
856 396 130 90 0.11026645451784134 4 -1 -1 
117 153 27 30 0.10955248028039932 1 -1 -1 
476 59 38 24 0.10932701826095581 7 -1 -1 
747 45 38 21 0.10831747949123383 4 -1 -1 
232 109 71 31 0.1057870164513588 7 -1 -1 
791 212 124 51 0.10523504763841629 5 -1 -1 
722 48 39 18 0.10490958392620087 4 -1 -1 
747 45 38 21 0.10471716523170471 5 -1 -1 
927 563 136 108 0.1040043756365776 4 -1 -1 
788 187 166 73 0.10249694436788559 5 -1 -1 
713 17 38 18 0.10248064994812012 5 -1 -1 
736 55 50 24 0.10078775137662888 5 -1 -1 
913 170 70 97 0.1004747599363327 4 -1 -1 
476 61 45 22 0.10046213120222092 4 -1 -1 
705 20 36 20 0.09968680888414383 4 -1 -1 
130 14 111 41 0.09960430860519409 6 -1 -1 
898 171 60 79 0.09921850264072418 4 -1 -1 
602 63 25 33 0.09848900884389877 4 -1 -1 
898 171 60 79 0.09757876396179199 5 -1 -1 
475 53 29 29 0.09728798270225525 10 -1 -1 
797 199 137 62 0.09706144779920578 9 -1 -1 
730 78 46 23 0.09637890011072159 5 -1 -1 
924 526 106 138 0.09615439921617508 6 -1 -1 
929 569 220 110 0.09559465944766998 4 -1 -1 
475 53 56 29 0.09547204524278641 5 -1 -1 
789 188 75 60 0.09495527297258377 4 -1 -1 
810 173 165 97 0.09413141757249832 5 -1 -1 
793 173 178 79 0.09374584257602692 9 -1 -1 
794 189 126 54 0.09336178749799728 9 -1 -1 
805 221 117 61 0.09332668781280518 4 -1 -1 
733 47 48 21 0.09309173375368118 6 -1 -1 
232 51 76 34 0.09297700971364975 9 -1 -1 
475 55 54 27 0.09283029288053513 7 -1 -1 
520 309 15 35 0.09240827709436417 9 -1 -1 
712 12 37 18 0.09226148575544357 5 -1 -1 
118 158 28 29 0.09106293320655823 4 -1 -1 
475 54 56 28 0.09041762351989746 8 -1 -1 
664 619 70 122 0.0901738703250885 2 -1 -1 
830 175 144 118 0.08966746926307678 4 -1 -1 
664 619 70 122 0.08958016335964203 7 -1 -1 
475 54 56 28 0.08928287774324417 6 -1 -1 
899 171 76 119 0.08928047865629196 9 -1 -1 
645 331 48 59 0.08923128992319107 5 -1 -1 
794 193 128 54 0.08778929710388184 6 -1 -1 
601 122 69 30 0.08771225064992905 5 -1 -1 
75 661 151 82 0.08762122690677643 4 -1 -1 
222 119 81 25 0.08753235638141632 5 -1 -1 
723 59 30 23 0.08642501384019852 4 -1 -1 
792 220 104 57 0.08629872649908066 5 -1 -1 
646 173 17 33 0.08530105650424957 10 -1 -1 
877 173 105 127 0.08431798964738846 5 -1 -1 
914 170 60 74 0.08400356769561768 9 -1 -1 
240 11 72 37 0.08394630998373032 4 -1 -1 
523 16 37 16 0.08372415602207184 5 -1 -1 
794 171 91 68 0.08354522287845612 5 -1 -1 
517 444 66 111 0.08297332376241684 1 -1 -1 
235 109 69 30 0.08262103796005249 8 -1 -1 
730 210 16 38 0.08232366293668747 1 -1 -1 
903 157 65 73 0.08202774822711945 4 -1 -1 
818 181 158 112 0.08184853941202164 9 -1 -1 
896 170 75 112 0.08107493817806244 4 -1 -1 
475 53 29 29 0.08091220259666443 7 -1 -1 
161 120 61 29 0.0806749016046524 5 -1 -1 
724 41 41 17 0.08047707378864288 6 -1 -1 
718 31 41 18 0.0803610309958458 4 -1 -1 
724 60 48 22 0.08031503111124039 1 -1 -1 
96 94 18 31 0.07892094552516937 1 -1 -1 
930 547 175 120 0.07823791354894638 6 -1 -1 
863 411 150 90 0.07786110788583755 4 -1 -1 
729 44 44 18 0.0770467147231102 6 -1 -1 
97 14 147 64 0.07686614245176315 6 -1 -1 
924 534 108 131 0.07649283111095428 5 -1 -1 
712 0 45 14 0.07621370255947113 4 -1 -1 
713 6 38 17 0.07318124175071716 5 -1 -1 
77 640 153 84 0.07293244451284409 4 -1 -1 
793 173 178 79 0.07259318977594376 6 -1 -1 
439 395 17 43 0.07254941761493683 2 -1 -1 
517 443 66 111 0.07161121070384979 9 -1 -1 
796 209 153 82 0.06564763933420181 5 -1 -1 
663 618 73 123 0.06294821947813034 1 -1 -1 
818 181 158 112 0.06149802356958389 6 -1 -1 
874 159 110 107 0.05985930189490318 4 -1 -1 
788 198 154 72 0.05481886491179466 6 -1 -1 
877 173 105 127 0.05468250811100006 6 -1 -1 
828 207 151 111 0.051263950765132904 4 -1 -1 
