260 169 44 65 0.9973185658454895 6 -1 -1 
32 690 77 51 0.9918437600135803 3 -1 -1 
574 392 109 58 0.9461272954940796 4 -1 -1 
1191 296 96 44 0.9329742193222046 4 -1 -1 
1164 455 77 75 0.9243386387825012 4 -1 -1 
1049 248 89 34 0.9235074520111084 4 -1 -1 
143 445 24 48 0.8961508274078369 1 -1 -1 
1228 385 22 43 0.8750374913215637 1 -1 -1 
729 645 120 121 0.8594321012496948 4 -1 -1 
655 227 75 31 0.8585288524627686 4 -1 -1 
96 349 21 41 0.847505509853363 1 -1 -1 
785 177 59 32 0.8216307163238525 4 -1 -1 
54 454 51 34 0.8156906366348267 10 -1 -1 
757 105 30 21 0.8047147393226624 4 -1 -1 
399 104 21 20 0.7987061738967896 4 -1 -1 
943 206 81 33 0.7963099479675293 4 -1 -1 
1285 216 71 36 0.7905185222625732 5 -1 -1 
491 194 37 36 0.7869875431060791 4 -1 -1 
1126 274 29 18 0.779140293598175 10 -1 -1 
642 204 57 28 0.7783191204071045 4 -1 -1 
190 263 13 34 0.7672130465507507 1 -1 -1 
885 217 12 27 0.7520907521247864 1 -1 -1 
787 103 32 23 0.7233058214187622 4 -1 -1 
374 60 18 17 0.7207851409912109 4 -1 -1 
447 77 21 17 0.7190250754356384 4 -1 -1 
974 163 12 26 0.7155560255050659 1 -1 -1 
1325 286 34 39 0.7108067274093628 4 -1 -1 
1018 325 30 30 0.7082751393318176 10 -1 -1 
126 265 17 32 0.7046149373054504 1 -1 -1 
1105 205 25 18 0.6799270510673523 10 -1 -1 
1026 187 22 17 0.6779336333274841 10 -1 -1 
469 175 31 31 0.6744784116744995 4 -1 -1 
1115 343 17 39 0.6615023612976074 1 -1 -1 
434 206 13 28 0.6601158380508423 1 -1 -1 
377 420 26 44 0.6571361422538757 7 -1 -1 
464 732 61 32 0.6487952470779419 3 -1 -1 
732 171 34 27 0.6444518566131592 4 -1 -1 
58 672 31 54 0.6409497857093811 2 -1 -1 
559 127 28 19 0.6398993134498596 4 -1 -1 
459 148 30 31 0.6362418532371521 4 -1 -1 
1138 262 12 23 0.617336630821228 2 -1 -1 
520 104 20 17 0.6139416098594666 4 -1 -1 
394 15 12 12 0.6058538556098938 5 -1 -1 
279 110 23 24 0.6034590601921082 4 -1 -1 
719 76 46 17 0.5952696800231934 4 -1 -1 
379 397 18 34 0.5887637138366699 2 -1 -1 
224 272 14 33 0.588060736656189 1 -1 -1 
1055 328 17 34 0.5862359404563904 2 -1 -1 
66 445 21 35 0.5844040513038635 2 -1 -1 
985 163 8 25 0.584011435508728 1 -1 -1 
32 690 77 51 0.574552595615387 9 -1 -1 
54 454 14 31 0.5709063410758972 2 -1 -1 
460 725 34 38 0.5635949373245239 2 -1 -1 
1041 206 21 15 0.5595437288284302 10 -1 -1 
672 137 24 23 0.5557107925415039 4 -1 -1 
781 343 20 26 0.5497194528579712 10 -1 -1 
738 90 44 18 0.5483043789863586 4 -1 -1 
1089 215 24 17 0.5481187105178833 3 -1 -1 
446 131 25 24 0.5450515151023865 4 -1 -1 
784 333 16 30 0.5386030077934265 2 -1 -1 
1027 317 17 32 0.5206946730613708 2 -1 -1 
365 15 18 10 0.5085261464118958 4 -1 -1 
1248 204 13 21 0.5048614740371704 10 -1 -1 
848 191 42 30 0.5025122165679932 4 -1 -1 
732 165 34 33 0.49794626235961914 7 -1 -1 
1050 340 21 27 0.4930642247200012 10 -1 -1 
1029 163 9 20 0.4886373281478882 1 -1 -1 
219 262 12 32 0.48793649673461914 1 -1 -1 
55 452 20 31 0.48455485701560974 2 -1 -1 
221 261 14 33 0.4836033582687378 1 -1 -1 
358 0 11 9 0.48161929845809937 4 -1 -1 
1057 160 10 21 0.4801575541496277 1 -1 -1 
945 222 13 30 0.4800207316875458 1 -1 -1 
63 447 17 35 0.4788106679916382 2 -1 -1 
1204 325 12 27 0.4776352047920227 1 -1 -1 
1184 224 9 23 0.4763917922973633 1 -1 -1 
1173 223 10 25 0.4753955900669098 2 -1 -1 
704 161 31 24 0.4723529815673828 4 -1 -1 
1192 220 64 25 0.46329978108406067 7 -1 -1 
1135 222 24 17 0.45909300446510315 10 -1 -1 
60 447 34 38 0.4566715955734253 2 -1 -1 
1084 203 9 22 0.4545900225639343 10 -1 -1 
1173 223 10 25 0.45375320315361023 1 -1 -1 
724 101 6 18 0.4514758884906769 1 -1 -1 
358 0 10 9 0.4472391903400421 5 -1 -1 
1151 208 23 17 0.4471380114555359 10 -1 -1 
1275 187 57 34 0.44706177711486816 8 -1 -1 
1093 204 13 24 0.4469720721244812 3 -1 -1 
292 26 27 13 0.4355469048023224 4 -1 -1 
1065 203 13 18 0.43317776918411255 10 -1 -1 
481 60 19 18 0.42883360385894775 4 -1 -1 
1093 184 10 22 0.42782798409461975 1 -1 -1 
1275 186 57 35 0.42159172892570496 7 -1 -1 
733 93 7 17 0.416098028421402 1 -1 -1 
422 45 17 16 0.41586634516716003 4 -1 -1 
888 217 9 17 0.41244521737098694 1 -1 -1 
32 690 77 51 0.4082963764667511 4 -1 -1 
1039 216 18 16 0.4073584973812103 10 -1 -1 
1037 217 10 16 0.40573960542678833 10 -1 -1 
32 690 77 51 0.4008603096008301 7 -1 -1 
60 447 34 38 0.4007362425327301 10 -1 -1 
1055 187 14 29 0.39900365471839905 1 -1 -1 
1089 207 22 23 0.398033082485199 3 -1 -1 
1154 203 16 21 0.3975737690925598 10 -1 -1 
1275 191 10 23 0.3969370722770691 1 -1 -1 
458 148 31 32 0.39451250433921814 5 -1 -1 
1169 203 9 19 0.3873017728328705 2 -1 -1 
1169 203 8 20 0.38657984137535095 1 -1 -1 
1049 339 25 29 0.38460981845855713 3 -1 -1 
433 206 13 26 0.38396409153938293 2 -1 -1 
1049 336 24 31 0.3835762143135071 2 -1 -1 
478 93 26 33 0.378595232963562 4 -1 -1 
947 194 19 16 0.37722522020339966 10 -1 -1 
848 192 42 29 0.37580978870391846 5 -1 -1 
260 169 44 65 0.3748014569282532 4 -1 -1 
1066 162 10 23 0.3731119930744171 1 -1 -1 
434 211 12 23 0.3727521598339081 10 -1 -1 
1181 204 10 15 0.370287150144577 2 -1 -1 
259 168 45 66 0.36977437138557434 5 -1 -1 
705 162 28 22 0.36890673637390137 5 -1 -1 
692 152 25 20 0.3668361008167267 4 -1 -1 
1084 204 9 22 0.3659510016441345 3 -1 -1 
1184 224 9 23 0.36471670866012573 2 -1 -1 
1187 165 9 18 0.36386340856552124 1 -1 -1 
259 168 45 66 0.3634776175022125 10 -1 -1 
41 680 64 57 0.36303821206092834 2 -1 -1 
785 333 16 34 0.3623928129673004 1 -1 -1 
533 227 12 22 0.35925716161727905 1 -1 -1 
944 222 13 28 0.3569771647453308 2 -1 -1 
768 139 9 25 0.3514484465122223 1 -1 -1 
1142 223 28 17 0.35117512941360474 3 -1 -1 
917 199 29 30 0.3503260612487793 8 -1 -1 
972 192 9 20 0.347225546836853 1 -1 -1 
1067 161 14 24 0.3459216058254242 3 -1 -1 
394 15 12 12 0.34493130445480347 6 -1 -1 
734 161 21 28 0.3439878225326538 7 -1 -1 
1141 223 29 16 0.3428085744380951 10 -1 -1 
1131 268 23 21 0.3415127694606781 2 -1 -1 
1191 220 20 17 0.34102877974510193 10 -1 -1 
279 110 23 24 0.339639812707901 5 -1 -1 
1104 212 10 19 0.3373415768146515 3 -1 -1 
924 188 28 16 0.33581721782684326 10 -1 -1 
1156 202 13 21 0.3356841802597046 2 -1 -1 
478 93 26 33 0.3350156843662262 5 -1 -1 
379 397 17 33 0.33377307653427124 1 -1 -1 
1012 190 12 18 0.3333095610141754 3 -1 -1 
1276 184 55 36 0.3315785527229309 6 -1 -1 
848 191 42 30 0.33100247383117676 8 -1 -1 
1222 181 13 22 0.3308594226837158 10 -1 -1 
1091 204 15 24 0.32920369505882263 10 -1 -1 
377 420 26 44 0.3288281261920929 10 -1 -1 
1165 164 10 20 0.3287728428840637 1 -1 -1 
973 196 7 13 0.32811814546585083 2 -1 -1 
762 171 20 18 0.3267100155353546 10 -1 -1 
292 26 26 13 0.3251973092556 5 -1 -1 
1185 165 8 19 0.3248433470726013 1 -1 -1 
394 15 12 12 0.3246101140975952 4 -1 -1 
947 194 19 16 0.3237086236476898 3 -1 -1 
954 195 12 16 0.32223978638648987 10 -1 -1 
1193 220 63 25 0.32116442918777466 8 -1 -1 
462 726 56 38 0.32114118337631226 2 -1 -1 
673 136 23 24 0.31964758038520813 5 -1 -1 
1127 173 10 21 0.31680187582969666 2 -1 -1 
1004 188 17 21 0.31665709614753723 3 -1 -1 
1328 182 16 23 0.3164173364639282 10 -1 -1 
1131 268 23 21 0.3134314715862274 10 -1 -1 
1020 320 27 33 0.3128138482570648 2 -1 -1 
1002 186 15 22 0.31234869360923767 10 -1 -1 
461 726 45 37 0.3121785521507263 3 -1 -1 
1327 178 19 22 0.3112625777721405 10 -1 -1 
1040 209 19 15 0.3103901445865631 10 -1 -1 
240 14 31 12 0.31015411019325256 4 -1 -1 
365 13 16 8 0.30968552827835083 4 -1 -1 
1240 175 12 19 0.30828195810317993 10 -1 -1 
973 199 7 12 0.3081035912036896 10 -1 -1 
887 217 10 17 0.3076252043247223 2 -1 -1 
259 169 45 65 0.2930961549282074 7 -1 -1 
1188 220 69 26 0.2871619462966919 6 -1 -1 
260 169 44 65 0.2847772538661957 2 -1 -1 
1052 328 20 35 0.26591917872428894 1 -1 -1 
1018 325 30 30 0.26373133063316345 3 -1 -1 
469 175 32 31 0.26250749826431274 5 -1 -1 
260 169 44 65 0.2576659023761749 8 -1 -1 
706 68 40 16 0.2571942210197449 4 -1 -1 
712 71 39 16 0.254758358001709 4 -1 -1 
698 156 32 24 0.24338068068027496 4 -1 -1 
1019 184 31 22 0.24288256466388702 10 -1 -1 
445 129 26 26 0.24188454449176788 5 -1 -1 
260 169 44 65 0.2373826801776886 9 -1 -1 
219 264 17 41 0.23047439754009247 1 -1 -1 
1024 317 21 33 0.2257922887802124 10 -1 -1 
1056 147 20 35 0.22539745271205902 3 -1 -1 
458 148 31 31 0.22057919204235077 6 -1 -1 
260 169 44 65 0.2125607132911682 1 -1 -1 
738 90 44 18 0.2086552381515503 5 -1 -1 
558 126 30 21 0.2074747234582901 5 -1 -1 
1025 316 20 34 0.2026929408311844 1 -1 -1 
477 103 26 29 0.1962575763463974 4 -1 -1 
1285 215 71 36 0.18789976835250854 4 -1 -1 
239 7 35 19 0.18602873384952545 4 -1 -1 
1188 220 69 26 0.185753732919693 4 -1 -1 
1061 147 20 36 0.1841767281293869 3 -1 -1 
32 689 77 53 0.18048697710037231 8 -1 -1 
259 168 45 66 0.17721465229988098 3 -1 -1 
1056 147 20 35 0.17644761502742767 10 -1 -1 
877 188 68 43 0.1751856654882431 6 -1 -1 
273 81 24 26 0.1740259826183319 4 -1 -1 
290 24 35 18 0.16960181295871735 4 -1 -1 
32 690 77 51 0.1658719927072525 1 -1 -1 
1049 339 24 29 0.16377945244312286 7 -1 -1 
728 645 121 121 0.16283012926578522 5 -1 -1 
754 99 34 23 0.1626870036125183 4 -1 -1 
782 332 19 33 0.16206489503383636 10 -1 -1 
719 76 46 17 0.1597183793783188 5 -1 -1 
1149 200 27 28 0.15825313329696655 10 -1 -1 
705 90 26 27 0.15775179862976074 4 -1 -1 
877 188 68 42 0.15754692256450653 9 -1 -1 
1086 205 28 25 0.15626533329486847 10 -1 -1 
1164 454 78 76 0.15397870540618896 5 -1 -1 
1188 220 69 26 0.15113070607185364 5 -1 -1 
1061 147 20 36 0.14887931942939758 10 -1 -1 
781 338 21 32 0.1487179696559906 2 -1 -1 
752 122 65 37 0.14824040234088898 6 -1 -1 
32 690 77 51 0.14815667271614075 10 -1 -1 
1018 324 29 30 0.14795200526714325 1 -1 -1 
742 85 46 21 0.14774446189403534 4 -1 -1 
1184 220 72 27 0.14666560292243958 9 -1 -1 
728 645 121 121 0.14623050391674042 9 -1 -1 
670 136 27 25 0.14032328128814697 6 -1 -1 
1147 209 28 25 0.138953298330307 10 -1 -1 
694 150 37 23 0.13859213888645172 4 -1 -1 
720 70 50 19 0.13811548054218292 4 -1 -1 
1038 202 27 28 0.13663166761398315 10 -1 -1 
737 82 41 20 0.13534468412399292 4 -1 -1 
698 156 32 24 0.13499332964420319 5 -1 -1 
1083 198 25 28 0.1347503811120987 10 -1 -1 
943 206 81 33 0.13394424319267273 5 -1 -1 
478 93 26 33 0.13378074765205383 8 -1 -1 
445 130 27 25 0.13316646218299866 6 -1 -1 
1227 385 23 44 0.13124239444732666 2 -1 -1 
239 1 35 16 0.1298520267009735 4 -1 -1 
1141 216 32 22 0.12830527126789093 10 -1 -1 
1191 309 29 29 0.12784577906131744 10 -1 -1 
475 101 26 30 0.1273479461669922 5 -1 -1 
1083 198 25 28 0.125491663813591 3 -1 -1 
1169 211 87 36 0.05621424317359924 6 -1 -1 
