342 196 80 91 0.9988100528717041 9 -1 -1 
301 0 31 37 0.997103750705719 9 -1 -1 
1090 253 113 52 0.9813615679740906 5 -1 -1 
1239 322 118 46 0.9366919994354248 4 -1 -1 
104 227 85 53 0.9337192177772522 4 -1 -1 
266 436 114 80 0.931150496006012 4 -1 -1 
1184 497 99 49 0.9310768842697144 7 -1 -1 
234 525 74 116 0.9285677671432495 4 -1 -1 
1259 249 69 29 0.9248855113983154 7 -1 -1 
1020 295 114 44 0.9221394658088684 4 -1 -1 
506 31 51 22 0.916060209274292 5 -1 -1 
956 330 122 52 0.9120180606842041 4 -1 -1 
349 150 33 47 0.9110687375068665 5 -1 -1 
226 78 30 36 0.9038107991218567 5 -1 -1 
428 175 82 41 0.901974081993103 5 -1 -1 
1112 318 103 53 0.8913827538490295 5 -1 -1 
168 135 49 55 0.8890951871871948 5 -1 -1 
794 206 16 26 0.8850055932998657 3 -1 -1 
241 267 52 57 0.8700280785560608 4 -1 -1 
1299 546 32 52 0.8686254620552063 1 -1 -1 
496 21 47 22 0.8636084794998169 5 -1 -1 
528 172 42 53 0.8558889627456665 8 -1 -1 
1180 197 69 37 0.8546862602233887 4 -1 -1 
379 570 102 125 0.8545966744422913 4 -1 -1 
975 603 25 56 0.8541858196258545 1 -1 -1 
513 234 13 36 0.8540747165679932 1 -1 -1 
1321 563 34 50 0.8531137108802795 1 -1 -1 
430 225 42 42 0.8467597961425781 4 -1 -1 
493 15 49 22 0.8463269472122192 5 -1 -1 
154 169 43 51 0.8409252166748047 5 -1 -1 
497 122 52 30 0.8362510204315186 5 -1 -1 
193 107 32 39 0.8308143615722656 5 -1 -1 
871 295 111 43 0.830386221408844 4 -1 -1 
1175 286 108 49 0.8288620114326477 4 -1 -1 
906 269 103 42 0.8231378793716431 4 -1 -1 
208 225 64 51 0.8127909302711487 4 -1 -1 
570 175 45 52 0.8067529797554016 5 -1 -1 
304 115 32 33 0.8030837178230286 4 -1 -1 
526 200 13 34 0.7873148322105408 1 -1 -1 
278 202 13 32 0.786462128162384 1 -1 -1 
60 670 213 94 0.7849382758140564 4 -1 -1 
23 233 26 37 0.7825706601142883 1 -1 -1 
522 160 41 33 0.7782406210899353 8 -1 -1 
1092 528 26 54 0.7757922410964966 1 -1 -1 
506 137 77 30 0.7742461562156677 4 -1 -1 
713 240 15 36 0.7406008243560791 1 -1 -1 
224 161 27 33 0.7402623295783997 7 -1 -1 
178 239 13 32 0.7399911880493164 1 -1 -1 
216 121 41 41 0.7349085807800293 5 -1 -1 
734 237 13 31 0.716420590877533 1 -1 -1 
1214 683 33 54 0.7141448259353638 1 -1 -1 
990 219 19 27 0.7133883833885193 10 -1 -1 
494 57 42 21 0.7100586891174316 5 -1 -1 
606 225 12 31 0.7090892195701599 1 -1 -1 
905 212 21 31 0.7071731686592102 10 -1 -1 
194 227 13 34 0.7003907561302185 1 -1 -1 
1207 660 33 55 0.7003465294837952 1 -1 -1 
451 22 7 19 0.6944984793663025 1 -1 -1 
117 174 14 30 0.6943126320838928 1 -1 -1 
342 54 9 15 0.6778069734573364 2 -1 -1 
809 197 29 20 0.6676910519599915 10 -1 -1 
594 137 24 25 0.6611320972442627 10 -1 -1 
692 252 15 36 0.6475911140441895 1 -1 -1 
1288 288 72 42 0.6396398544311523 4 -1 -1 
705 276 16 38 0.6370797753334045 1 -1 -1 
327 0 25 15 0.6356661915779114 6 -1 -1 
224 164 26 30 0.6237210631370544 10 -1 -1 
242 99 31 37 0.6210718154907227 5 -1 -1 
22 176 14 32 0.6197412014007568 1 -1 -1 
280 42 23 28 0.6174653768539429 5 -1 -1 
401 173 12 31 0.6080796718597412 1 -1 -1 
694 225 13 32 0.6075156927108765 1 -1 -1 
429 65 6 19 0.6055152416229248 1 -1 -1 
149 250 16 37 0.6020216345787048 1 -1 -1 
239 66 31 32 0.5907464027404785 4 -1 -1 
827 230 12 34 0.5862948894500732 1 -1 -1 
1147 631 27 61 0.5841948986053467 1 -1 -1 
607 156 30 20 0.5830115675926208 10 -1 -1 
493 315 85 58 0.5809695720672607 4 -1 -1 
521 49 41 20 0.5763584971427917 5 -1 -1 
522 44 45 22 0.5735368132591248 5 -1 -1 
465 8 17 22 0.5702352523803711 8 -1 -1 
228 157 16 25 0.5687859654426575 2 -1 -1 
278 130 13 22 0.5591821670532227 2 -1 -1 
274 108 9 23 0.5589205622673035 1 -1 -1 
1238 687 31 69 0.5551196336746216 1 -1 -1 
432 3 6 15 0.5535793304443359 1 -1 -1 
0 266 44 43 0.5501165390014648 4 -1 -1 
343 59 8 14 0.5492398142814636 10 -1 -1 
523 77 97 42 0.5381004214286804 6 -1 -1 
837 243 13 25 0.5348660945892334 10 -1 -1 
755 199 17 23 0.5305221676826477 10 -1 -1 
275 135 17 22 0.5259835720062256 10 -1 -1 
713 182 10 25 0.5258471369743347 1 -1 -1 
818 240 12 29 0.5210771560668945 10 -1 -1 
723 218 11 21 0.5201154947280884 2 -1 -1 
266 11 21 33 0.5198621153831482 5 -1 -1 
1214 536 24 46 0.5194513201713562 1 -1 -1 
524 67 52 22 0.519113302230835 4 -1 -1 
445 0 6 16 0.5163571834564209 1 -1 -1 
828 209 31 21 0.5150259137153625 10 -1 -1 
1141 536 136 125 0.5062387585639954 4 -1 -1 
570 77 51 38 0.5003443360328674 5 -1 -1 
493 56 46 23 0.48826178908348083 6 -1 -1 
610 188 33 46 0.48720303177833557 8 -1 -1 
1 184 17 28 0.48577338457107544 1 -1 -1 
467 87 9 18 0.4839608669281006 2 -1 -1 
493 315 86 58 0.4808945953845978 5 -1 -1 
317 53 18 23 0.4802264869213104 8 -1 -1 
494 79 9 22 0.4772516191005707 1 -1 -1 
1273 643 27 67 0.47683125734329224 1 -1 -1 
523 41 48 20 0.47379249334335327 4 -1 -1 
824 213 33 20 0.47235286235809326 10 -1 -1 
712 222 11 28 0.47165220975875854 1 -1 -1 
1238 628 26 54 0.47110602259635925 1 -1 -1 
188 193 11 31 0.46807605028152466 1 -1 -1 
1172 645 30 64 0.46153828501701355 1 -1 -1 
342 196 80 91 0.4561215341091156 4 -1 -1 
1218 665 32 64 0.4547322690486908 1 -1 -1 
490 116 9 21 0.4536575973033905 1 -1 -1 
665 193 11 23 0.453605592250824 2 -1 -1 
511 81 55 25 0.4479838013648987 5 -1 -1 
1281 661 27 63 0.4452318549156189 1 -1 -1 
467 87 8 19 0.44460609555244446 1 -1 -1 
1126 522 25 51 0.4393295645713806 1 -1 -1 
785 222 19 27 0.436368852853775 10 -1 -1 
818 218 20 27 0.43318846821784973 3 -1 -1 
243 54 25 25 0.42842361330986023 4 -1 -1 
755 199 17 24 0.4273020625114441 3 -1 -1 
511 79 75 33 0.4269021153450012 5 -1 -1 
584 217 16 23 0.42651453614234924 10 -1 -1 
614 231 28 21 0.4240833520889282 10 -1 -1 
1065 692 29 43 0.42193248867988586 1 -1 -1 
508 56 50 22 0.4211786985397339 5 -1 -1 
672 216 11 19 0.42072683572769165 2 -1 -1 
317 52 18 23 0.4175681173801422 7 -1 -1 
584 214 14 24 0.41186752915382385 2 -1 -1 
1272 645 27 41 0.41058045625686646 1 -1 -1 
782 239 15 24 0.4073738753795624 2 -1 -1 
1074 692 20 32 0.407013863325119 1 -1 -1 
217 121 40 41 0.40530675649642944 4 -1 -1 
548 208 16 23 0.4051893651485443 2 -1 -1 
167 154 40 31 0.4034850001335144 4 -1 -1 
666 193 11 26 0.40283387899398804 1 -1 -1 
1267 248 43 28 0.40075060725212097 7 -1 -1 
586 132 20 19 0.39889755845069885 10 -1 -1 
619 166 23 26 0.39674755930900574 10 -1 -1 
596 136 34 25 0.3958539664745331 10 -1 -1 
614 231 28 22 0.39335161447525024 3 -1 -1 
301 0 30 38 0.39287787675857544 5 -1 -1 
328 0 24 15 0.3925836682319641 4 -1 -1 
820 230 21 39 0.38981252908706665 10 -1 -1 
1111 317 105 54 0.38966628909111023 4 -1 -1 
466 93 9 16 0.387391597032547 3 -1 -1 
526 67 48 22 0.383899986743927 5 -1 -1 
394 173 14 32 0.38310039043426514 1 -1 -1 
1243 627 21 50 0.38122689723968506 2 -1 -1 
490 33 9 15 0.380950003862381 1 -1 -1 
720 224 19 22 0.37994372844696045 3 -1 -1 
712 221 11 29 0.3782980442047119 2 -1 -1 
342 196 80 91 0.37789565324783325 10 -1 -1 
677 196 8 20 0.3766573369503021 2 -1 -1 
243 99 30 37 0.3761144280433655 4 -1 -1 
501 17 55 24 0.3754383325576782 5 -1 -1 
588 217 13 23 0.37539222836494446 2 -1 -1 
581 129 22 18 0.3751300871372223 10 -1 -1 
0 184 18 28 0.37245646119117737 2 -1 -1 
225 160 25 31 0.37044188380241394 2 -1 -1 
709 183 11 24 0.3697311282157898 1 -1 -1 
560 128 19 17 0.3693121671676636 10 -1 -1 
513 165 13 24 0.3659382462501526 10 -1 -1 
328 0 24 15 0.3652742803096771 9 -1 -1 
342 196 80 91 0.3556138277053833 1 -1 -1 
342 196 80 90 0.34980881214141846 3 -1 -1 
342 195 80 91 0.3428877294063568 5 -1 -1 
1145 534 132 128 0.32980936765670776 6 -1 -1 
342 195 80 91 0.32744231820106506 2 -1 -1 
343 195 79 91 0.32469964027404785 7 -1 -1 
835 231 23 38 0.31875181198120117 10 -1 -1 
808 196 37 22 0.3140687644481659 7 -1 -1 
515 37 47 21 0.3125191926956177 5 -1 -1 
508 76 81 40 0.3087911307811737 6 -1 -1 
342 195 80 91 0.2874467372894287 6 -1 -1 
264 12 23 40 0.2851649224758148 4 -1 -1 
428 175 84 40 0.2836870849132538 4 -1 -1 
1184 497 98 48 0.2801421284675598 8 -1 -1 
820 213 37 27 0.27661439776420593 3 -1 -1 
1152 542 123 114 0.27276667952537537 8 -1 -1 
1157 548 119 108 0.2674066722393036 7 -1 -1 
1145 628 47 71 0.26156532764434814 1 -1 -1 
1154 547 122 110 0.2591884434223175 5 -1 -1 
343 195 79 91 0.2583310306072235 8 -1 -1 
511 15 47 18 0.2551124393939972 6 -1 -1 
824 210 37 23 0.24589699506759644 3 -1 -1 
505 15 53 18 0.24359825253486633 5 -1 -1 
463 0 57 21 0.23794737458229065 6 -1 -1 
1240 683 42 78 0.22973258793354034 1 -1 -1 
1137 537 114 85 0.22612416744232178 4 -1 -1 
1270 646 39 77 0.2219378501176834 1 -1 -1 
512 34 50 22 0.21943075954914093 4 -1 -1 
956 670 49 89 0.21942460536956787 10 -1 -1 
694 220 46 31 0.21531949937343597 7 -1 -1 
112 171 21 35 0.2132248878479004 1 -1 -1 
1090 252 113 54 0.21317411959171295 4 -1 -1 
871 295 111 43 0.21308839321136475 6 -1 -1 
471 5 54 22 0.21180875599384308 6 -1 -1 
498 24 44 20 0.2102552354335785 4 -1 -1 
506 15 52 19 0.20860184729099274 4 -1 -1 
501 17 55 24 0.20815037190914154 6 -1 -1 
530 76 93 41 0.20569075644016266 5 -1 -1 
1184 497 99 49 0.20463058352470398 3 -1 -1 
1277 653 39 80 0.2019341140985489 1 -1 -1 
1254 678 47 84 0.2007659375667572 1 -1 -1 
1128 532 80 76 0.19675607979297638 4 -1 -1 
817 202 38 28 0.19606266915798187 10 -1 -1 
808 196 37 22 0.19555795192718506 3 -1 -1 
496 0 61 21 0.1949215829372406 6 -1 -1 
767 211 31 40 0.1942932903766632 8 -1 -1 
1263 666 49 92 0.1898953765630722 1 -1 -1 
491 15 46 20 0.18937940895557404 4 -1 -1 
1216 624 58 73 0.1860397756099701 7 -1 -1 
1155 635 45 73 0.18277356028556824 1 -1 -1 
820 230 21 39 0.18235477805137634 1 -1 -1 
473 1 62 22 0.18012146651744843 6 -1 -1 
1176 286 107 48 0.17925198376178741 5 -1 -1 
829 231 22 38 0.17800936102867126 10 -1 -1 
611 220 34 29 0.17538262903690338 10 -1 -1 
505 30 52 22 0.1748134195804596 4 -1 -1 
278 42 28 29 0.17466437816619873 4 -1 -1 
765 235 35 29 0.1727696657180786 10 -1 -1 
818 217 29 33 0.17154377698898315 3 -1 -1 
1253 645 49 69 0.1700371652841568 1 -1 -1 
705 277 28 41 0.1690487563610077 1 -1 -1 
505 137 78 32 0.16810494661331177 6 -1 -1 
1090 253 114 53 0.16724702715873718 10 -1 -1 
870 295 112 43 0.16658194363117218 5 -1 -1 
1162 548 136 149 0.1657804697751999 6 -1 -1 
975 671 44 89 0.16396464407444 10 -1 -1 
1228 642 68 65 0.1626901477575302 7 -1 -1 
0 182 22 32 0.16093337535858154 10 -1 -1 
1143 528 100 81 0.16085019707679749 7 -1 -1 
56 670 217 93 0.15989653766155243 5 -1 -1 
1042 639 50 65 0.15897761285305023 1 -1 -1 
516 45 49 18 0.15784364938735962 4 -1 -1 
1025 638 47 77 0.15648385882377625 1 -1 -1 
1215 675 54 67 0.15630356967449188 1 -1 -1 
514 3 42 18 0.15585702657699585 6 -1 -1 
827 211 38 28 0.1555357575416565 10 -1 -1 
825 216 36 30 0.1550280898809433 10 -1 -1 
767 211 37 40 0.15482765436172485 10 -1 -1 
765 217 31 46 0.15479817986488342 10 -1 -1 
809 197 42 24 0.15434953570365906 10 -1 -1 
1146 510 96 78 0.15348252654075623 7 -1 -1 
492 6 63 21 0.15335263311862946 6 -1 -1 
1090 253 113 52 0.15216484665870667 8 -1 -1 
1257 311 102 44 0.15129290521144867 4 -1 -1 
497 21 50 23 0.15096022188663483 6 -1 -1 
545 78 79 40 0.1506805121898651 8 -1 -1 
1280 656 46 96 0.15043552219867706 1 -1 -1 
508 76 81 40 0.14913491904735565 4 -1 -1 
1174 501 83 71 0.1475437879562378 7 -1 -1 
1145 536 113 98 0.14718544483184814 5 -1 -1 
825 216 36 30 0.14712248742580414 3 -1 -1 
487 9 51 20 0.14647738635540009 6 -1 -1 
501 17 55 24 0.1460178792476654 4 -1 -1 
265 11 23 39 0.14565247297286987 9 -1 -1 
459 2 47 23 0.14409169554710388 6 -1 -1 
1150 534 99 82 0.14329689741134644 8 -1 -1 
1143 528 100 81 0.14255712926387787 6 -1 -1 
513 88 96 47 0.13972634077072144 6 -1 -1 
265 11 23 39 0.13854874670505524 6 -1 -1 
612 227 33 26 0.13838961720466614 7 -1 -1 
1043 440 70 54 0.13774386048316956 4 -1 -1 
707 222 37 30 0.13764908909797668 7 -1 -1 
1238 322 119 46 0.13689181208610535 1 -1 -1 
729 233 20 37 0.13670019805431366 1 -1 -1 
1287 288 71 41 0.136524498462677 5 -1 -1 
1233 671 49 73 0.1365002691745758 1 -1 -1 
829 223 30 38 0.13404306769371033 10 -1 -1 
617 223 33 29 0.133559450507164 10 -1 -1 
1183 576 134 159 0.13291436433792114 6 -1 -1 
697 220 44 31 0.13031324744224548 10 -1 -1 
1162 548 136 149 0.12489735335111618 4 -1 -1 
1131 518 136 136 0.12372081726789474 7 -1 -1 
1118 512 140 133 0.11928394436836243 6 -1 -1 
1162 548 136 149 0.1148192510008812 7 -1 -1 
467 -1 89 27 0.0976930558681488 6 -1 -1 
1141 489 148 100 0.09711617231369019 7 -1 -1 
1116 545 154 147 0.09607353806495667 6 -1 -1 
1189 554 131 165 0.0938267707824707 7 -1 -1 
1140 535 137 126 0.09263989329338074 9 -1 -1 
1105 506 153 132 0.09258172661066055 4 -1 -1 
1111 502 144 110 0.09175340831279755 7 -1 -1 
1162 548 136 149 0.08810637146234512 5 -1 -1 
1162 548 136 149 0.08671408891677856 8 -1 -1 
1160 622 150 139 0.07931073755025864 6 -1 -1 
1075 475 168 140 0.07860935479402542 6 -1 -1 
1127 517 143 132 0.07618192583322525 5 -1 -1 
1131 496 148 108 0.07442748546600342 6 -1 -1 
1182 530 121 128 0.0734441950917244 4 -1 -1 
1108 580 173 158 0.07202430814504623 6 -1 -1 
1161 482 130 80 0.07189062982797623 7 -1 -1 
1189 554 131 165 0.07123158127069473 4 -1 -1 
1118 512 140 133 0.07051081210374832 8 -1 -1 
1102 549 155 154 0.06578206270933151 7 -1 -1 
1141 489 148 100 0.06425768882036209 8 -1 -1 
1140 536 136 126 0.06424155086278915 1 -1 -1 
1102 549 155 154 0.06315043568611145 4 -1 -1 
1183 576 134 159 0.06225661560893059 8 -1 -1 
1182 530 121 128 0.06203693896532059 6 -1 -1 
1108 580 173 158 0.06088370829820633 7 -1 -1 
1160 622 150 139 0.06015400588512421 7 -1 -1 
1207 612 131 132 0.05798650532960892 6 -1 -1 
1160 511 131 131 0.05695313960313797 7 -1 -1 
1204 589 132 143 0.05670693516731262 7 -1 -1 
1189 554 131 165 0.05511234700679779 5 -1 -1 
1075 475 168 140 0.05419386178255081 7 -1 -1 
1102 549 155 154 0.0536896213889122 8 -1 -1 
1140 535 137 126 0.05054162070155144 3 -1 -1 
