1129 324 114 118 0.9497103095054626 4 -1 -1 
1067 139 39 34 0.9191415905952454 4 -1 -1 
1381 134 46 30 0.8889818787574768 4 -1 -1 
1168 130 37 32 0.8805985450744629 4 -1 -1 
1473 382 7 18 0.20233440399169922 1 -1 -1 
1381 134 46 30 0.18003647029399872 5 -1 -1 
1280 192 3 7 0.163249209523201 1 -1 -1 
1067 139 39 34 0.1587669998407364 5 -1 -1 
1846 106 62 24 0.15719199180603027 9 -1 -1 
1808 104 15 13 0.1562003195285797 10 -1 -1 
1129 324 114 118 0.15124522149562836 9 -1 -1 
1811 106 11 11 0.1491415798664093 10 -1 -1 
1808 104 7 14 0.14822177588939667 1 -1 -1 
1814 104 8 12 0.12941986322402954 2 -1 -1 
1895 124 3 8 0.126313716173172 1 -1 -1 
1130 323 114 119 0.1240798830986023 5 -1 -1 
1168 130 37 32 0.12017200887203217 5 -1 -1 
1798 103 24 14 0.11526388674974442 4 -1 -1 
1191 46 9 9 0.11479853093624115 4 -1 -1 
1815 109 7 8 0.11310237646102905 10 -1 -1 
1833 106 7 17 0.11003916710615158 1 -1 -1 
1460 113 6 13 0.11003204435110092 1 -1 -1 
1381 134 46 30 0.1056567057967186 1 -1 -1 
1129 324 114 118 0.10524488240480423 1 -1 -1 
1067 139 39 34 0.09403595328330994 1 -1 -1 
1168 130 37 32 0.09065897762775421 1 -1 -1 
1809 104 7 14 0.09038049727678299 2 -1 -1 
1278 180 11 9 0.08206618577241898 4 -1 -1 
1129 323 115 119 0.08014608174562454 10 -1 -1 
1381 134 46 30 0.07967562228441238 6 -1 -1 
1190 50 11 15 0.07875078171491623 4 -1 -1 
1068 139 38 34 0.07743483781814575 6 -1 -1 
1472 374 10 24 0.07648143172264099 1 -1 -1 
1811 104 7 12 0.07565277814865112 2 -1 -1 
1841 103 28 14 0.07477020472288132 4 -1 -1 
1460 112 6 13 0.07240400463342667 2 -1 -1 
1846 106 62 24 0.07095503062009811 6 -1 -1 
1895 123 5 9 0.06687835603952408 1 -1 -1 
1810 105 8 12 0.06625042855739594 1 -1 -1 
1129 323 115 119 0.06619255244731903 7 -1 -1 
1807 102 15 15 0.06539148837327957 2 -1 -1 
1190 44 11 15 0.06483910977840424 4 -1 -1 
1191 46 9 9 0.06390965729951859 6 -1 -1 
1321 220 21 16 0.06361006945371628 4 -1 -1 
1833 106 7 15 0.06279007345438004 2 -1 -1 
1816 108 6 9 0.062480829656124115 2 -1 -1 
1280 188 4 10 0.06244736909866333 1 -1 -1 
1067 139 39 34 0.062176480889320374 9 -1 -1 
1846 106 49 23 0.06167151778936386 4 -1 -1 
1129 323 115 119 0.05986505001783371 6 -1 -1 
1816 109 6 8 0.058836039155721664 1 -1 -1 
1381 134 46 30 0.05846014618873596 9 -1 -1 
340 585 8 11 0.05732940882444382 1 -1 -1 
1450 124 4 8 0.05719752237200737 1 -1 -1 
1837 106 7 16 0.05706167221069336 1 -1 -1 
1281 191 4 8 0.05701207369565964 1 -1 -1 
1285 184 9 8 0.05633588507771492 4 -1 -1 
1191 51 9 11 0.05619687959551811 4 -1 -1 
1812 105 10 12 0.05562687665224075 7 -1 -1 
1899 121 5 10 0.05470604822039604 1 -1 -1 
1318 214 28 23 0.05361391231417656 4 -1 -1 
1162 73 4 12 0.05322708562016487 1 -1 -1 
252 475 9 21 0.053078681230545044 1 -1 -1 
1278 180 12 10 0.0530397966504097 5 -1 -1 
1461 116 5 11 0.052926499396562576 1 -1 -1 
1846 106 62 24 0.052290767431259155 5 -1 -1 
1807 103 16 14 0.05210557207465172 1 -1 -1 
1871 107 35 23 0.05198877677321434 9 -1 -1 
1811 106 11 11 0.051598940044641495 2 -1 -1 
1168 130 37 32 0.050727229565382004 9 -1 -1 
1281 187 5 11 0.050041377544403076 1 -1 -1 
