552 439 52 82 0.9204862117767334 5 -1 -1 
537 520 66 88 0.9201903343200684 4 -1 -1 
465 481 36 54 0.8757429122924805 7 -1 -1 
328 546 23 55 0.8223184943199158 1 -1 -1 
469 481 22 32 0.7259148359298706 2 -1 -1 
300 548 19 59 0.7064692974090576 1 -1 -1 
424 518 21 41 0.6892436146736145 2 -1 -1 
431 492 22 32 0.6779612302780151 10 -1 -1 
466 485 33 50 0.6571934819221497 10 -1 -1 
425 534 20 40 0.6301417946815491 10 -1 -1 
432 476 20 32 0.6285014152526855 2 -1 -1 
564 146 14 13 0.5580778121948242 4 -1 -1 
617 141 13 14 0.4908563196659088 4 -1 -1 
586 129 5 9 0.4756811857223511 2 -1 -1 
587 133 5 9 0.47210025787353516 10 -1 -1 
592 113 14 15 0.45819953083992004 4 -1 -1 
467 481 26 45 0.42539718747138977 2 -1 -1 
617 141 13 14 0.4190211892127991 5 -1 -1 
146 615 25 49 0.37089210748672485 1 -1 -1 
585 126 6 10 0.34606701135635376 2 -1 -1 
506 266 8 11 0.34363654255867004 10 -1 -1 
639 126 6 11 0.3315110504627228 1 -1 -1 
431 481 23 40 0.32789158821105957 2 -1 -1 
244 550 28 45 0.3270670175552368 4 -1 -1 
586 132 6 9 0.32220372557640076 2 -1 -1 
548 97 11 8 0.31684792041778564 4 -1 -1 
474 479 19 29 0.30950993299484253 2 -1 -1 
586 122 6 10 0.28636178374290466 2 -1 -1 
332 209 100 53 0.2839585542678833 4 -1 -1 
592 113 15 16 0.2771374583244324 6 -1 -1 
595 116 12 14 0.27025431394577026 4 -1 -1 
642 125 5 9 0.2659817039966583 2 -1 -1 
424 518 21 52 0.2618650794029236 10 -1 -1 
587 133 5 9 0.26004868745803833 3 -1 -1 
640 126 6 11 0.24993489682674408 10 -1 -1 
465 481 36 53 0.24750220775604248 8 -1 -1 
639 129 5 9 0.24540619552135468 1 -1 -1 
432 477 21 40 0.2354043573141098 10 -1 -1 
639 131 5 8 0.22676219046115875 3 -1 -1 
424 517 21 40 0.22412364184856415 1 -1 -1 
424 530 20 44 0.22253210842609406 2 -1 -1 
587 130 6 9 0.21865804493427277 2 -1 -1 
586 132 6 9 0.21673180162906647 1 -1 -1 
593 113 14 16 0.2164851278066635 5 -1 -1 
468 480 22 35 0.2156713455915451 1 -1 -1 
642 126 5 9 0.21170614659786224 10 -1 -1 
642 125 5 9 0.21101674437522888 1 -1 -1 
639 128 6 10 0.21019886434078217 10 -1 -1 
506 264 8 10 0.20557770133018494 2 -1 -1 
586 130 5 9 0.19797788560390472 1 -1 -1 
551 439 53 83 0.19634892046451569 9 -1 -1 
479 479 16 24 0.19511468708515167 2 -1 -1 
1076 560 179 159 0.18945829570293427 6 -1 -1 
432 477 21 40 0.18806961178779602 1 -1 -1 
188 380 48 25 0.18787549436092377 4 -1 -1 
425 534 19 41 0.1846926212310791 3 -1 -1 
639 126 6 11 0.1821625530719757 2 -1 -1 
465 481 36 54 0.1818949431180954 3 -1 -1 
640 126 6 11 0.18090513348579407 3 -1 -1 
561 90 8 7 0.18048743903636932 4 -1 -1 
470 480 18 23 0.18003569543361664 2 -1 -1 
176 375 61 32 0.1800130009651184 4 -1 -1 
426 516 21 29 0.17386707663536072 2 -1 -1 
552 439 52 83 0.16863314807415009 4 -1 -1 
649 128 5 12 0.16847091913223267 1 -1 -1 
586 129 6 10 0.16628491878509521 10 -1 -1 
1077 568 119 141 0.16621842980384827 6 -1 -1 
437 476 17 27 0.16427789628505707 2 -1 -1 
592 112 13 11 0.1634000986814499 4 -1 -1 
551 439 53 83 0.16187067329883575 6 -1 -1 
155 358 84 47 0.1611660122871399 4 -1 -1 
643 124 5 8 0.1606714129447937 2 -1 -1 
434 476 17 29 0.16040587425231934 1 -1 -1 
586 127 6 10 0.15851756930351257 1 -1 -1 
435 496 22 30 0.15769414603710175 10 -1 -1 
467 481 23 42 0.15723353624343872 10 -1 -1 
567 94 4 9 0.1566624790430069 1 -1 -1 
367 211 72 54 0.15135011076927185 4 -1 -1 
153 622 19 44 0.14948183298110962 1 -1 -1 
297 546 20 44 0.14723050594329834 1 -1 -1 
584 128 6 9 0.14693714678287506 2 -1 -1 
144 609 24 43 0.14677543938159943 1 -1 -1 
480 480 19 28 0.14625567197799683 2 -1 -1 
435 476 14 15 0.1413453072309494 2 -1 -1 
550 95 9 8 0.14112280309200287 4 -1 -1 
429 477 18 28 0.14109717309474945 2 -1 -1 
650 130 5 11 0.13899491727352142 1 -1 -1 
586 122 6 10 0.13848616182804108 1 -1 -1 
465 481 36 54 0.13688242435455322 4 -1 -1 
640 125 6 8 0.13489212095737457 1 -1 -1 
643 126 6 11 0.13110068440437317 1 -1 -1 
587 134 5 8 0.13106860220432281 1 -1 -1 
562 88 9 7 0.13099752366542816 4 -1 -1 
554 164 6 15 0.13034990429878235 1 -1 -1 
329 546 22 34 0.12880298495292664 2 -1 -1 
595 117 12 13 0.12841090559959412 6 -1 -1 
145 609 24 47 0.12797430157661438 2 -1 -1 
506 266 8 11 0.12792587280273438 1 -1 -1 
303 565 16 43 0.12696382403373718 1 -1 -1 
593 113 14 16 0.12672439217567444 1 -1 -1 
588 135 5 8 0.12500442564487457 10 -1 -1 
641 127 7 12 0.12427947670221329 10 -1 -1 
639 129 5 9 0.12383576482534409 2 -1 -1 
593 114 14 16 0.12373095005750656 9 -1 -1 
638 132 6 10 0.12326102703809738 1 -1 -1 
586 127 5 10 0.12201213836669922 10 -1 -1 
330 546 22 35 0.12063368409872055 1 -1 -1 
536 519 67 89 0.11975998431444168 5 -1 -1 
585 122 6 7 0.11970128864049911 10 -1 -1 
564 146 14 13 0.11843390017747879 1 -1 -1 
225 521 47 69 0.11820539832115173 4 -1 -1 
566 86 7 6 0.11692818999290466 4 -1 -1 
240 562 25 34 0.11656996607780457 4 -1 -1 
631 96 6 8 0.11605063825845718 10 -1 -1 
431 493 23 31 0.11583296954631805 3 -1 -1 
469 480 23 36 0.11344248801469803 7 -1 -1 
401 246 17 16 0.11332031339406967 4 -1 -1 
641 124 5 8 0.11230778694152832 2 -1 -1 
425 518 20 48 0.11110593378543854 3 -1 -1 
639 132 6 10 0.10988229513168335 10 -1 -1 
528 108 14 11 0.10884519666433334 4 -1 -1 
586 129 6 10 0.10730837285518646 3 -1 -1 
647 125 6 13 0.10701700299978256 1 -1 -1 
474 481 24 38 0.10631384700536728 2 -1 -1 
583 108 5 8 0.10615161806344986 1 -1 -1 
295 533 22 41 0.10609600692987442 1 -1 -1 
465 482 35 53 0.10508717596530914 9 -1 -1 
464 483 18 35 0.10474094748497009 2 -1 -1 
254 567 15 28 0.10468696802854538 10 -1 -1 
641 127 7 12 0.10445588082075119 3 -1 -1 
551 438 53 83 0.10418274253606796 8 -1 -1 
585 121 6 8 0.10406634211540222 9 -1 -1 
86 616 27 25 0.10406126827001572 10 -1 -1 
231 552 36 42 0.10403142124414444 4 -1 -1 
562 91 8 8 0.10346579551696777 1 -1 -1 
546 98 10 7 0.1034337505698204 4 -1 -1 
575 103 11 12 0.10331161320209503 1 -1 -1 
586 132 6 9 0.10263767838478088 7 -1 -1 
211 541 59 53 0.10184323042631149 4 -1 -1 
463 490 26 45 0.10109887272119522 10 -1 -1 
640 131 6 10 0.10106165707111359 3 -1 -1 
588 135 5 8 0.10074374079704285 3 -1 -1 
546 95 11 8 0.09968574345111847 4 -1 -1 
425 534 20 40 0.09889968484640121 4 -1 -1 
474 479 19 29 0.09873070567846298 1 -1 -1 
37 303 36 27 0.09793271124362946 4 -1 -1 
335 547 20 42 0.09634760767221451 1 -1 -1 
148 378 86 46 0.09619522839784622 4 -1 -1 
328 546 23 55 0.09614165872335434 4 -1 -1 
537 520 67 88 0.0957736223936081 1 -1 -1 
250 497 62 54 0.09565575420856476 4 -1 -1 
597 120 10 10 0.09515252709388733 4 -1 -1 
246 512 30 37 0.09499936550855637 4 -1 -1 
617 141 13 14 0.09388425946235657 6 -1 -1 
660 242 11 20 0.09373674541711807 1 -1 -1 
562 86 8 8 0.09371616691350937 4 -1 -1 
640 131 6 10 0.09356199949979782 1 -1 -1 
643 123 6 8 0.09349319338798523 9 -1 -1 
400 247 18 15 0.09303712099790573 10 -1 -1 
567 91 5 9 0.09184455871582031 1 -1 -1 
633 80 8 9 0.09151501953601837 4 -1 -1 
563 146 15 13 0.09118441492319107 5 -1 -1 
638 126 7 9 0.09100627154111862 10 -1 -1 
289 530 31 71 0.09092225879430771 1 -1 -1 
251 562 19 34 0.0906677320599556 4 -1 -1 
207 518 65 55 0.09022876620292664 4 -1 -1 
583 123 8 9 0.08947118371725082 2 -1 -1 
200 375 38 27 0.08916136622428894 4 -1 -1 
423 517 24 57 0.08790333569049835 9 -1 -1 
254 553 17 42 0.08781343698501587 10 -1 -1 
643 126 6 11 0.08739002048969269 10 -1 -1 
136 367 101 48 0.08690109103918076 4 -1 -1 
464 481 37 54 0.08677352964878082 6 -1 -1 
194 552 75 46 0.08494695276021957 4 -1 -1 
254 567 15 28 0.08475271612405777 3 -1 -1 
537 520 67 89 0.08275905251502991 9 -1 -1 
244 497 39 53 0.08035816997289658 4 -1 -1 
299 551 28 61 0.08031760156154633 1 -1 -1 
207 498 63 52 0.07694273442029953 4 -1 -1 
170 380 66 36 0.07526493072509766 5 -1 -1 
234 502 46 63 0.0752156600356102 4 -1 -1 
464 481 37 54 0.07472703605890274 1 -1 -1 
150 363 87 44 0.07306866347789764 5 -1 -1 
1076 560 179 159 0.07289730757474899 9 -1 -1 
423 516 24 58 0.07093719393014908 1 -1 -1 
537 520 66 88 0.06996559351682663 10 -1 -1 
237 537 37 58 0.06826712191104889 4 -1 -1 
319 550 31 62 0.068050816655159 1 -1 -1 
149 358 90 47 0.06736680865287781 9 -1 -1 
78 354 163 70 0.06735468655824661 9 -1 -1 
249 483 67 53 0.06718633323907852 4 -1 -1 
551 438 53 83 0.06662248075008392 2 -1 -1 
247 505 52 53 0.06588442623615265 4 -1 -1 
363 208 77 54 0.06507199257612228 9 -1 -1 
148 378 86 46 0.06447318196296692 9 -1 -1 
155 350 87 53 0.06410706043243408 6 -1 -1 
124 368 124 64 0.06385822594165802 4 -1 -1 
148 378 86 46 0.06337630748748779 5 -1 -1 
283 525 34 50 0.06290987133979797 1 -1 -1 
146 355 115 61 0.06177132949233055 4 -1 -1 
234 492 40 56 0.06107646971940994 4 -1 -1 
188 358 134 62 0.06090938299894333 4 -1 -1 
145 590 40 73 0.060889024287462234 1 -1 -1 
131 359 75 48 0.060665030032396317 4 -1 -1 
192 376 60 39 0.06038811057806015 4 -1 -1 
107 369 132 62 0.059926778078079224 9 -1 -1 
106 358 133 62 0.059845220297575 4 -1 -1 
173 382 71 47 0.05969156697392464 4 -1 -1 
68 379 152 68 0.058682993054389954 9 -1 -1 
552 439 52 82 0.05834897980093956 10 -1 -1 
210 522 61 65 0.05795079842209816 5 -1 -1 
354 203 81 47 0.057564713060855865 4 -1 -1 
74 345 74 46 0.05743506923317909 4 -1 -1 
143 614 35 61 0.055223360657691956 1 -1 -1 
363 208 77 54 0.05366165563464165 5 -1 -1 
297 548 23 59 0.05340614914894104 9 -1 -1 
187 371 137 69 0.05323190614581108 4 -1 -1 
244 481 45 60 0.05307704210281372 4 -1 -1 
136 367 101 48 0.052845925092697144 9 -1 -1 
106 358 133 62 0.05256805941462517 6 -1 -1 
106 390 136 63 0.05092833936214447 9 -1 -1 
111 356 87 40 0.050662439316511154 4 -1 -1 
329 548 35 57 0.05039307102560997 1 -1 -1 
89 351 87 41 0.05008087679743767 4 -1 -1 
