723 18 23 28 0.9855933785438538 5 -1 -1 
453 551 148 97 0.956990122795105 5 -1 -1 
945 150 26 31 0.9456598162651062 7 -1 -1 
850 270 63 65 0.9433064460754395 4 -1 -1 
923 226 61 45 0.9315046072006226 4 -1 -1 
558 63 32 34 0.9134953618049622 4 -1 -1 
736 689 205 73 0.9048566222190857 4 -1 -1 
460 0 51 17 0.9014351963996887 4 -1 -1 
482 19 51 18 0.9014261960983276 4 -1 -1 
506 57 39 27 0.8966125845909119 4 -1 -1 
80 262 43 24 0.8900225162506104 3 -1 -1 
140 260 39 27 0.8849056959152222 10 -1 -1 
492 101 32 33 0.8759273290634155 4 -1 -1 
547 179 41 48 0.8451246023178101 4 -1 -1 
537 5 50 22 0.8429374098777771 4 -1 -1 
1193 168 31 24 0.8312982320785522 10 -1 -1 
1309 238 18 38 0.8206533789634705 1 -1 -1 
492 128 30 31 0.8132082223892212 4 -1 -1 
1140 320 25 32 0.8107743859291077 10 -1 -1 
352 155 27 24 0.806973397731781 10 -1 -1 
505 71 30 33 0.7926682233810425 4 -1 -1 
1290 287 17 37 0.7776123285293579 1 -1 -1 
1315 303 24 42 0.7723070979118347 1 -1 -1 
278 220 31 30 0.7438739538192749 10 -1 -1 
1324 244 23 35 0.7187994122505188 1 -1 -1 
329 204 30 27 0.6932154297828674 10 -1 -1 
586 11 15 12 0.6663625836372375 10 -1 -1 
170 245 18 23 0.6631556153297424 2 -1 -1 
859 31 56 23 0.6613723635673523 4 -1 -1 
1145 311 20 31 0.6527385115623474 2 -1 -1 
428 42 20 14 0.6450661420822144 10 -1 -1 
562 42 24 25 0.6420484185218811 4 -1 -1 
420 52 9 20 0.6286765336990356 10 -1 -1 
948 149 11 18 0.6250389814376831 2 -1 -1 
1061 10 29 21 0.611000657081604 4 -1 -1 
592 5 7 14 0.5938069224357605 2 -1 -1 
467 29 18 12 0.5756791830062866 10 -1 -1 
292 220 15 21 0.5643090009689331 2 -1 -1 
1303 220 49 41 0.5508080124855042 4 -1 -1 
438 32 17 12 0.5107056498527527 10 -1 -1 
880 0 6 16 0.5067505836486816 1 -1 -1 
275 202 11 25 0.5003762245178223 1 -1 -1 
1280 287 24 28 0.4889898896217346 10 -1 -1 
1258 123 29 26 0.488841712474823 10 -1 -1 
943 6 44 18 0.4853559136390686 4 -1 -1 
1335 244 14 35 0.4811297059059143 1 -1 -1 
80 262 43 24 0.46969011425971985 8 -1 -1 
272 191 16 37 0.46758899092674255 1 -1 -1 
428 42 21 14 0.46286848187446594 3 -1 -1 
868 55 30 25 0.4612092077732086 8 -1 -1 
190 242 13 27 0.4606010317802429 2 -1 -1 
1298 164 41 21 0.4566587805747986 7 -1 -1 
1073 96 9 12 0.4506523013114929 2 -1 -1 
80 262 43 24 0.4492000937461853 10 -1 -1 
1299 162 17 23 0.4488160014152527 2 -1 -1 
1269 128 18 21 0.44716739654541016 10 -1 -1 
853 4 29 23 0.43926405906677246 6 -1 -1 
1283 281 19 30 0.4320392608642578 2 -1 -1 
438 32 17 12 0.4201308786869049 3 -1 -1 
0 252 12 17 0.4143873155117035 10 -1 -1 
1325 243 22 36 0.4025500416755676 2 -1 -1 
458 20 19 16 0.4022074341773987 10 -1 -1 
1278 291 26 33 0.3960236608982086 10 -1 -1 
950 149 13 20 0.39590680599212646 2 -1 -1 
329 204 30 27 0.39258790016174316 3 -1 -1 
940 72 32 21 0.3898423910140991 4 -1 -1 
1279 288 27 34 0.3892035186290741 3 -1 -1 
1151 325 16 23 0.3888304531574249 2 -1 -1 
484 164 31 33 0.3836444914340973 4 -1 -1 
190 242 14 27 0.380089670419693 1 -1 -1 
1288 288 19 35 0.3796687424182892 10 -1 -1 
1284 283 19 29 0.3758592903614044 1 -1 -1 
868 55 38 25 0.3716621398925781 7 -1 -1 
850 7 31 21 0.37126389145851135 7 -1 -1 
589 7 12 14 0.3710867762565613 2 -1 -1 
468 25 15 14 0.36266830563545227 10 -1 -1 
554 28 6 14 0.36111265420913696 1 -1 -1 
868 55 49 26 0.35866010189056396 8 -1 -1 
288 222 17 22 0.34893572330474854 2 -1 -1 
1141 318 25 33 0.34703728556632996 2 -1 -1 
473 180 40 67 0.341915100812912 6 -1 -1 
589 7 12 14 0.33906087279319763 10 -1 -1 
420 51 9 17 0.3386997878551483 2 -1 -1 
281 225 16 19 0.3352476954460144 2 -1 -1 
1144 312 21 35 0.323114275932312 10 -1 -1 
1074 96 8 12 0.309969425201416 1 -1 -1 
452 551 149 97 0.3064790368080139 4 -1 -1 
947 153 11 19 0.3048318028450012 2 -1 -1 
-1 730 72 34 0.29859963059425354 4 -1 -1 
223 209 13 32 0.2982366681098938 1 -1 -1 
1298 163 32 22 0.29550182819366455 2 -1 -1 
562 42 24 25 0.2947562634944916 5 -1 -1 
1313 240 20 37 0.2927261292934418 1 -1 -1 
504 159 13 37 0.2912750542163849 1 -1 -1 
860 13 19 15 0.2865833342075348 10 -1 -1 
140 261 39 26 0.2831765413284302 4 -1 -1 
594 7 8 13 0.28293365240097046 2 -1 -1 
940 72 33 20 0.2809652090072632 8 -1 -1 
480 163 10 25 0.2774873971939087 1 -1 -1 
1281 284 21 28 0.27011561393737793 3 -1 -1 
1284 287 22 34 0.2653978765010834 2 -1 -1 
181 245 11 22 0.26096686720848083 2 -1 -1 
954 150 11 19 0.25933173298835754 2 -1 -1 
332 202 12 24 0.2523098886013031 2 -1 -1 
1321 231 19 40 0.2522161304950714 1 -1 -1 
440 29 18 13 0.25137102603912354 10 -1 -1 
437 31 19 13 0.2502076327800751 7 -1 -1 
850 7 31 21 0.25011467933654785 8 -1 -1 
1298 164 42 22 0.2490188330411911 8 -1 -1 
80 262 43 24 0.24583026766777039 7 -1 -1 
279 220 30 29 0.2454911172389984 2 -1 -1 
1282 280 19 31 0.24422098696231842 10 -1 -1 
1303 219 47 41 0.2431352585554123 5 -1 -1 
420 59 8 13 0.24238333106040955 10 -1 -1 
174 243 23 25 0.23841020464897156 2 -1 -1 
1280 289 26 35 0.23721463978290558 1 -1 -1 
587 10 15 13 0.237081840634346 2 -1 -1 
1258 123 29 26 0.23585288226604462 3 -1 -1 
940 70 30 21 0.23523905873298645 5 -1 -1 
505 71 30 33 0.23497453331947327 5 -1 -1 
859 31 61 24 0.23497149348258972 5 -1 -1 
723 18 23 28 0.2341071516275406 8 -1 -1 
592 5 7 14 0.2340056449174881 1 -1 -1 
275 206 11 21 0.23309820890426636 2 -1 -1 
940 72 33 20 0.23194587230682373 6 -1 -1 
940 73 34 19 0.2312999814748764 7 -1 -1 
80 262 43 24 0.2304406613111496 4 -1 -1 
1144 312 14 29 0.229807049036026 2 -1 -1 
1321 240 16 37 0.22687463462352753 1 -1 -1 
1145 311 20 31 0.22205455601215363 1 -1 -1 
1074 97 8 12 0.22186055779457092 10 -1 -1 
945 150 26 31 0.22156906127929688 8 -1 -1 
461 26 16 12 0.2204490453004837 10 -1 -1 
860 13 19 15 0.22018486261367798 7 -1 -1 
945 150 26 31 0.2157181203365326 6 -1 -1 
949 149 11 19 0.21373656392097473 1 -1 -1 
272 191 11 29 0.21350932121276855 1 -1 -1 
944 5 43 18 0.2121829092502594 5 -1 -1 
471 22 13 15 0.21205851435661316 10 -1 -1 
466 29 19 12 0.20807527005672455 3 -1 -1 
184 242 16 25 0.20763351023197174 2 -1 -1 
1061 10 29 21 0.20542989671230316 5 -1 -1 
352 161 27 17 0.20392760634422302 3 -1 -1 
1299 162 18 23 0.20375856757164001 1 -1 -1 
867 56 25 23 0.20208780467510223 7 -1 -1 
461 22 18 14 0.2011120319366455 7 -1 -1 
437 31 19 13 0.1992136538028717 8 -1 -1 
1287 280 13 28 0.19678978621959686 1 -1 -1 
723 19 23 28 0.19678916037082672 4 -1 -1 
1268 128 19 21 0.1955339014530182 3 -1 -1 
850 7 31 21 0.19507479667663574 4 -1 -1 
774 47 8 11 0.19413089752197266 1 -1 -1 
945 150 26 31 0.1937379539012909 3 -1 -1 
452 551 150 97 0.19342482089996338 8 -1 -1 
442 30 15 12 0.1932106763124466 3 -1 -1 
945 150 26 31 0.19162435829639435 2 -1 -1 
491 128 31 31 0.19154709577560425 5 -1 -1 
224 210 12 32 0.19118225574493408 10 -1 -1 
170 245 18 23 0.1902410238981247 1 -1 -1 
476 181 36 32 0.19021183252334595 4 -1 -1 
461 22 24 19 0.18972627818584442 10 -1 -1 
1303 220 49 50 0.18674011528491974 6 -1 -1 
457 24 16 12 0.18625342845916748 3 -1 -1 
472 180 41 67 0.18617555499076843 8 -1 -1 
1142 317 12 23 0.18457099795341492 2 -1 -1 
475 182 37 35 0.1843814104795456 6 -1 -1 
941 73 18 17 0.18321818113327026 4 -1 -1 
292 220 15 21 0.18202044069766998 1 -1 -1 
1323 303 17 33 0.1819809526205063 1 -1 -1 
482 172 31 35 0.17772750556468964 4 -1 -1 
1289 285 14 26 0.17537720501422882 2 -1 -1 
868 56 8 21 0.17521978914737701 1 -1 -1 
441 27 17 11 0.17448173463344574 10 -1 -1 
420 54 8 18 0.1732569932937622 3 -1 -1 
586 11 15 12 0.17262080311775208 3 -1 -1 
1291 288 15 27 0.17243175208568573 2 -1 -1 
723 19 23 28 0.17180117964744568 10 -1 -1 
723 19 23 28 0.17090760171413422 6 -1 -1 
723 19 23 28 0.17011626064777374 9 -1 -1 
940 63 28 27 0.16845180094242096 8 -1 -1 
952 1 36 20 0.16818994283676147 4 -1 -1 
940 63 28 27 0.16716568171977997 4 -1 -1 
1193 168 31 24 0.16649535298347473 4 -1 -1 
852 4 30 23 0.1664794683456421 5 -1 -1 
859 1 32 25 0.16498535871505737 6 -1 -1 
278 220 31 30 0.16470852494239807 7 -1 -1 
941 77 35 21 0.16385699808597565 8 -1 -1 
928 1 60 25 0.16278627514839172 4 -1 -1 
1289 287 18 37 0.16142964363098145 3 -1 -1 
223 210 14 32 0.15310038626194 2 -1 -1 
478 160 39 51 0.15222258865833282 4 -1 -1 
1193 168 32 24 0.14894883334636688 3 -1 -1 
1052 8 35 21 0.14880318939685822 4 -1 -1 
537 5 50 22 0.14869976043701172 5 -1 -1 
456 20 27 18 0.1484357714653015 10 -1 -1 
945 152 26 30 0.1483001857995987 4 -1 -1 
940 63 28 27 0.14795330166816711 6 -1 -1 
1148 323 20 29 0.14070932567119598 10 -1 -1 
945 150 26 31 0.140167236328125 10 -1 -1 
271 189 17 38 0.13789480924606323 10 -1 -1 
472 180 41 67 0.13611577451229095 7 -1 -1 
734 687 206 74 0.13449686765670776 5 -1 -1 
1279 288 22 28 0.13367946445941925 1 -1 -1 
352 155 27 24 0.13296669721603394 4 -1 -1 
723 19 23 28 0.13285009562969208 7 -1 -1 
474 166 42 60 0.1328224241733551 6 -1 -1 
506 57 39 27 0.12878495454788208 5 -1 -1 
272 191 16 37 0.1287795752286911 2 -1 -1 
1140 320 25 32 0.12661603093147278 4 -1 -1 
929 2 59 25 0.07623835653066635 5 -1 -1 
929 2 59 25 0.06571482867002487 9 -1 -1 
1011 0 55 35 0.06066321209073067 6 -1 -1 
929 2 59 25 0.050736989825963974 6 -1 -1 
1013 0 58 36 0.05056440830230713 4 -1 -1 
