55 314 32 23 0.9625409841537476 3 -1 -1 
385 389 52 73 0.9370691180229187 4 -1 -1 
374 224 28 31 0.922454833984375 4 -1 -1 
239 305 43 35 0.9223787784576416 8 -1 -1 
510 303 27 37 0.9182577729225159 8 -1 -1 
431 469 48 61 0.9127653241157532 8 -1 -1 
620 303 13 31 0.8839742541313171 1 -1 -1 
886 425 41 24 0.8298436403274536 10 -1 -1 
378 304 39 48 0.8269325494766235 4 -1 -1 
563 311 22 22 0.7855115532875061 10 -1 -1 
674 501 38 36 0.7369322180747986 10 -1 -1 
604 402 34 25 0.713598906993866 10 -1 -1 
779 459 48 31 0.7102944850921631 10 -1 -1 
84 358 24 27 0.6939175724983215 10 -1 -1 
682 495 20 32 0.6794456839561462 2 -1 -1 
459 283 12 20 0.6672184467315674 10 -1 -1 
353 212 10 17 0.664250373840332 2 -1 -1 
353 219 11 17 0.6594430804252625 10 -1 -1 
460 277 11 19 0.6504738926887512 2 -1 -1 
366 285 16 22 0.638972818851471 10 -1 -1 
240 284 12 27 0.6355730295181274 1 -1 -1 
409 212 8 16 0.6310975551605225 2 -1 -1 
536 338 14 29 0.6303571462631226 10 -1 -1 
518 350 19 31 0.6276401877403259 10 -1 -1 
723 282 60 33 0.6237145066261292 7 -1 -1 
22 310 18 27 0.6083239316940308 10 -1 -1 
83 346 27 20 0.599714994430542 10 -1 -1 
184 297 24 26 0.5981612205505371 10 -1 -1 
723 282 59 34 0.5971503257751465 6 -1 -1 
408 218 10 14 0.5943899154663086 10 -1 -1 
285 280 13 22 0.590713620185852 10 -1 -1 
460 231 8 18 0.5886691212654114 2 -1 -1 
388 192 8 14 0.5879026055335999 10 -1 -1 
490 289 11 18 0.5829645395278931 2 -1 -1 
339 244 10 20 0.5827617645263672 2 -1 -1 
321 232 11 20 0.5810728669166565 2 -1 -1 
489 292 14 23 0.5805026292800903 10 -1 -1 
368 279 10 19 0.5795543193817139 2 -1 -1 
356 258 10 17 0.5789742469787598 2 -1 -1 
420 241 28 28 0.5683528184890747 8 -1 -1 
362 247 10 16 0.5670042634010315 2 -1 -1 
363 252 9 18 0.5589718818664551 10 -1 -1 
84 338 16 22 0.5576677322387695 2 -1 -1 
736 312 42 51 0.5557453632354736 7 -1 -1 
418 209 8 16 0.5468477010726929 2 -1 -1 
569 303 13 24 0.539134681224823 2 -1 -1 
552 241 9 25 0.5390453934669495 1 -1 -1 
610 393 19 29 0.5382768511772156 2 -1 -1 
420 241 28 28 0.5340344905853271 4 -1 -1 
356 266 10 17 0.5319132804870605 10 -1 -1 
792 449 27 41 0.5283339023590088 2 -1 -1 
453 222 10 15 0.5276806950569153 2 -1 -1 
779 433 24 31 0.5273723602294922 2 -1 -1 
537 337 14 24 0.5174232721328735 2 -1 -1 
264 259 12 19 0.5169945359230042 2 -1 -1 
85 352 16 25 0.5168248414993286 2 -1 -1 
417 214 9 15 0.5101680159568787 10 -1 -1 
397 184 7 14 0.5097926259040833 2 -1 -1 
382 180 8 15 0.5096585154533386 10 -1 -1 
336 256 11 18 0.5035578608512878 2 -1 -1 
466 265 12 16 0.5006470680236816 10 -1 -1 
468 261 9 18 0.497677206993103 2 -1 -1 
748 321 29 41 0.4960589110851288 7 -1 -1 
23 310 17 27 0.4832446873188019 7 -1 -1 
451 226 12 14 0.48168909549713135 10 -1 -1 
528 242 32 30 0.4813385307788849 7 -1 -1 
299 224 26 24 0.4778876304626465 10 -1 -1 
470 220 9 22 0.4741652309894562 1 -1 -1 
507 236 34 24 0.4735385775566101 7 -1 -1 
736 278 8 19 0.47329795360565186 1 -1 -1 
899 414 20 31 0.46299120783805847 2 -1 -1 
263 264 15 25 0.46147412061691284 7 -1 -1 
388 187 8 14 0.4605900049209595 2 -1 -1 
442 201 21 22 0.4501427412033081 7 -1 -1 
397 189 8 13 0.4489717483520508 10 -1 -1 
365 282 9 19 0.4472397267818451 2 -1 -1 
768 311 161 60 0.44259950518608093 7 -1 -1 
441 183 13 20 0.4420633316040039 2 -1 -1 
71 282 35 24 0.44044989347457886 10 -1 -1 
202 289 23 27 0.4387945830821991 10 -1 -1 
382 177 8 12 0.43786850571632385 2 -1 -1 
502 250 15 22 0.43374529480934143 10 -1 -1 
337 266 7 18 0.43130794167518616 3 -1 -1 
897 422 14 25 0.4287627339363098 2 -1 -1 
760 437 43 28 0.42148157954216003 10 -1 -1 
420 241 28 27 0.42038047313690186 7 -1 -1 
367 281 13 23 0.4196145236492157 2 -1 -1 
568 305 15 24 0.4073435366153717 10 -1 -1 
792 449 27 41 0.4056280851364136 10 -1 -1 
566 225 12 21 0.40559765696525574 10 -1 -1 
263 310 15 21 0.40128207206726074 2 -1 -1 
460 233 8 19 0.3900870382785797 10 -1 -1 
172 296 22 23 0.38699373602867126 10 -1 -1 
452 222 11 16 0.3860677480697632 10 -1 -1 
607 397 27 28 0.3841751217842102 2 -1 -1 
507 251 13 21 0.38136303424835205 2 -1 -1 
763 435 39 29 0.3800112009048462 2 -1 -1 
789 272 23 26 0.3798083961009979 10 -1 -1 
168 294 23 20 0.3768479526042938 10 -1 -1 
288 218 34 20 0.37640976905822754 10 -1 -1 
83 339 23 27 0.376396119594574 2 -1 -1 
410 187 21 14 0.3722645342350006 10 -1 -1 
743 310 34 52 0.37051820755004883 8 -1 -1 
798 448 19 31 0.3701536953449249 2 -1 -1 
891 417 33 30 0.36906033754348755 2 -1 -1 
518 236 28 23 0.36768651008605957 7 -1 -1 
470 220 8 22 0.3672809302806854 2 -1 -1 
239 304 43 36 0.36635905504226685 7 -1 -1 
906 414 14 27 0.3564596176147461 2 -1 -1 
429 194 9 18 0.35597699880599976 1 -1 -1 
338 251 11 19 0.35326582193374634 10 -1 -1 
723 282 60 33 0.3512241542339325 8 -1 -1 
370 156 16 19 0.3508714735507965 4 -1 -1 
240 284 12 28 0.3495599329471588 2 -1 -1 
337 258 9 25 0.3490314185619354 3 -1 -1 
681 251 35 26 0.3467467427253723 10 -1 -1 
480 201 22 18 0.34595558047294617 10 -1 -1 
743 241 13 16 0.34067243337631226 2 -1 -1 
769 312 156 56 0.3397843837738037 6 -1 -1 
678 259 21 20 0.3395901322364807 10 -1 -1 
336 255 11 26 0.33952876925468445 10 -1 -1 
83 339 21 25 0.33630868792533875 10 -1 -1 
676 497 32 37 0.3351292908191681 2 -1 -1 
455 212 8 16 0.33039921522140503 1 -1 -1 
436 185 6 19 0.3275781273841858 1 -1 -1 
429 194 9 18 0.3268723487854004 2 -1 -1 
518 348 16 28 0.3265518248081207 2 -1 -1 
502 250 15 22 0.3254985511302948 2 -1 -1 
577 222 13 14 0.32174012064933777 10 -1 -1 
857 276 70 37 0.3217061758041382 8 -1 -1 
320 235 13 19 0.31740617752075195 10 -1 -1 
190 292 19 28 0.31699028611183167 10 -1 -1 
899 420 16 32 0.31664320826530457 2 -1 -1 
778 440 27 28 0.3140614330768585 10 -1 -1 
455 212 8 16 0.3118850290775299 2 -1 -1 
55 314 32 23 0.31150662899017334 7 -1 -1 
353 214 11 18 0.31062397360801697 10 -1 -1 
510 303 27 38 0.31024083495140076 7 -1 -1 
451 190 11 20 0.3095420300960541 2 -1 -1 
460 231 9 19 0.30944088101387024 1 -1 -1 
370 152 17 23 0.30843251943588257 7 -1 -1 
518 352 18 28 0.30829918384552 7 -1 -1 
490 289 12 19 0.30662333965301514 10 -1 -1 
892 418 33 29 0.3057064116001129 10 -1 -1 
528 242 32 30 0.3055447041988373 8 -1 -1 
885 425 42 24 0.3042382299900055 7 -1 -1 
530 234 14 16 0.3032141923904419 2 -1 -1 
774 431 26 27 0.30133482813835144 2 -1 -1 
516 190 28 17 0.3008304536342621 7 -1 -1 
564 222 13 20 0.29978471994400024 10 -1 -1 
301 223 23 18 0.2971688508987427 10 -1 -1 
626 266 23 16 0.29621684551239014 3 -1 -1 
518 346 18 32 0.29525208473205566 8 -1 -1 
609 394 21 30 0.2950647473335266 10 -1 -1 
382 179 8 15 0.2949715256690979 2 -1 -1 
569 221 21 20 0.29465535283088684 10 -1 -1 
397 184 7 15 0.2929023802280426 10 -1 -1 
16 262 32 26 0.2923537492752075 10 -1 -1 
196 292 23 26 0.29063910245895386 10 -1 -1 
388 187 8 16 0.2881631851196289 10 -1 -1 
759 425 52 41 0.26603448390960693 10 -1 -1 
440 183 23 27 0.25926679372787476 2 -1 -1 
516 188 29 19 0.24620421230793 3 -1 -1 
239 304 43 36 0.24591416120529175 3 -1 -1 
516 188 28 19 0.23577652871608734 8 -1 -1 
431 469 48 61 0.23534710705280304 5 -1 -1 
858 275 69 37 0.2320963740348816 7 -1 -1 
335 253 14 31 0.22939492762088776 3 -1 -1 
56 314 30 23 0.2194996178150177 10 -1 -1 
85 350 24 27 0.21040001511573792 10 -1 -1 
610 393 19 29 0.20882275700569153 1 -1 -1 
55 314 32 23 0.20761476457118988 8 -1 -1 
902 413 17 31 0.2019520252943039 1 -1 -1 
103 249 122 66 0.20123611390590668 6 -1 -1 
262 258 16 30 0.19407252967357635 2 -1 -1 
441 186 23 27 0.192104309797287 7 -1 -1 
83 339 23 27 0.19158345460891724 1 -1 -1 
730 300 49 61 0.19126896560192108 8 -1 -1 
730 289 56 39 0.18979813158512115 7 -1 -1 
82 346 24 24 0.18633191287517548 2 -1 -1 
431 469 48 61 0.18562234938144684 4 -1 -1 
516 189 28 18 0.18491992354393005 10 -1 -1 
84 345 25 21 0.18393149971961975 3 -1 -1 
431 469 48 61 0.18146653473377228 7 -1 -1 
363 148 23 26 0.17774459719657898 4 -1 -1 
899 414 20 31 0.17551517486572266 10 -1 -1 
773 313 156 56 0.17538027465343475 8 -1 -1 
828 270 95 38 0.17378588020801544 6 -1 -1 
369 150 19 26 0.16956329345703125 5 -1 -1 
886 425 41 24 0.16788837313652039 4 -1 -1 
856 275 71 37 0.1661413460969925 10 -1 -1 
112 255 95 49 0.16572785377502441 6 -1 -1 
262 259 16 30 0.16552196443080902 10 -1 -1 
440 183 23 27 0.16324198246002197 1 -1 -1 
420 241 28 28 0.15707440674304962 5 -1 -1 
370 148 20 27 0.15467342734336853 4 -1 -1 
239 304 43 36 0.15439270436763763 2 -1 -1 
607 397 27 28 0.15331746637821198 1 -1 -1 
307 225 25 27 0.15291130542755127 10 -1 -1 
764 439 55 37 0.15008176863193512 10 -1 -1 
336 247 14 34 0.14830785989761353 10 -1 -1 
854 274 73 38 0.14613574743270874 4 -1 -1 
891 417 33 30 0.14508989453315735 7 -1 -1 
735 302 147 63 0.14493492245674133 6 -1 -1 
747 304 36 47 0.14339762926101685 7 -1 -1 
604 403 33 24 0.14252111315727234 3 -1 -1 
239 285 16 38 0.13986878097057343 1 -1 -1 
431 469 48 61 0.1393006294965744 2 -1 -1 
442 200 23 23 0.13791917264461517 8 -1 -1 
388 100 89 42 0.13327078521251678 4 -1 -1 
834 312 96 49 0.13317106664180756 7 -1 -1 
885 425 42 24 0.1320609748363495 3 -1 -1 
70 267 67 39 0.1311611533164978 7 -1 -1 
499 228 47 43 0.13015665113925934 7 -1 -1 
301 232 31 22 0.12961797416210175 10 -1 -1 
370 149 19 27 0.12889467179775238 6 -1 -1 
364 280 19 28 0.12667159736156464 7 -1 -1 
84 345 25 21 0.12649282813072205 7 -1 -1 
55 314 32 23 0.12638704478740692 4 -1 -1 
724 294 54 64 0.12625440955162048 7 -1 -1 
107 102 99 36 0.12557651102542877 4 -1 -1 
458 275 16 29 0.12472771108150482 10 -1 -1 
837 272 89 39 0.12435527890920639 5 -1 -1 
846 277 81 36 0.12399856746196747 6 -1 -1 
817 311 110 45 0.12376275658607483 6 -1 -1 
829 269 97 40 0.12354851514101028 8 -1 -1 
441 184 22 26 0.12297752499580383 10 -1 -1 
237 282 19 30 0.12250920385122299 1 -1 -1 
80 346 24 24 0.121494360268116 10 -1 -1 
442 200 23 23 0.12144731730222702 10 -1 -1 
22 310 18 27 0.12088320404291153 8 -1 -1 
612 398 23 26 0.120790496468544 10 -1 -1 
420 241 28 28 0.1207098439335823 1 -1 -1 
239 305 43 35 0.11984927952289581 4 -1 -1 
444 204 23 25 0.11881280690431595 7 -1 -1 
230 301 17 29 0.11771191656589508 1 -1 -1 
420 241 28 28 0.11696886271238327 2 -1 -1 
369 150 19 26 0.1155581995844841 8 -1 -1 
407 133 71 30 0.11415758728981018 4 -1 -1 
82 350 20 29 0.11344734579324722 10 -1 -1 
431 469 48 61 0.11308422684669495 1 -1 -1 
829 262 94 42 0.11284316331148148 4 -1 -1 
891 417 33 30 0.11274833977222443 1 -1 -1 
84 359 24 26 0.11245124042034149 3 -1 -1 
743 295 48 44 0.11216724663972855 7 -1 -1 
760 423 52 42 0.11185013502836227 8 -1 -1 
235 289 16 35 0.11038479954004288 1 -1 -1 
604 403 33 24 0.10977815091609955 7 -1 -1 
901 421 24 27 0.1096678078174591 2 -1 -1 
54 313 30 23 0.10899405181407928 2 -1 -1 
829 269 97 40 0.10849817097187042 7 -1 -1 
736 313 41 49 0.10849086940288544 6 -1 -1 
420 241 28 28 0.10835602879524231 3 -1 -1 
863 327 79 45 0.10803510993719101 7 -1 -1 
299 216 26 22 0.10780496895313263 10 -1 -1 
427 183 13 31 0.10716678947210312 1 -1 -1 
885 323 64 37 0.10663595795631409 7 -1 -1 
385 389 52 73 0.10660370439291 9 -1 -1 
420 241 27 28 0.10629844665527344 9 -1 -1 
70 269 53 37 0.1060468852519989 10 -1 -1 
715 285 127 81 0.10573316365480423 6 -1 -1 
755 270 166 91 0.10560064017772675 6 -1 -1 
399 118 80 42 0.1046474501490593 4 -1 -1 
885 425 42 24 0.10414209961891174 8 -1 -1 
126 263 86 50 0.10394959151744843 6 -1 -1 
239 305 43 35 0.10377345979213715 5 -1 -1 
119 242 90 52 0.10371002554893494 6 -1 -1 
363 148 23 26 0.10341323912143707 5 -1 -1 
22 310 18 27 0.10318610072135925 3 -1 -1 
394 113 83 42 0.10249779373407364 9 -1 -1 
239 304 43 36 0.10222039371728897 10 -1 -1 
813 308 137 70 0.10043264180421829 6 -1 -1 
732 302 155 63 0.092619888484478 7 -1 -1 
72 234 138 73 0.09043524414300919 6 -1 -1 
755 270 166 91 0.08356419205665588 7 -1 -1 
721 275 136 71 0.07953722774982452 6 -1 -1 
90 250 125 65 0.07771335542201996 8 -1 -1 
62 254 136 60 0.07701057940721512 6 -1 -1 
813 307 136 68 0.07507609575986862 7 -1 -1 
780 257 148 70 0.072276771068573 6 -1 -1 
229 300 44 43 0.07057426124811172 8 -1 -1 
103 249 122 66 0.06511451303958893 5 -1 -1 
25 217 154 84 0.062440525740385056 6 -1 -1 
817 253 122 62 0.060906581580638885 6 -1 -1 
90 250 125 65 0.0599023774266243 7 -1 -1 
771 311 159 59 0.059345345944166183 3 -1 -1 
789 244 137 59 0.05855932459235191 6 -1 -1 
113 229 132 82 0.05798826366662979 6 -1 -1 
755 270 166 91 0.05483612045645714 8 -1 -1 
226 305 48 46 0.05364307388663292 9 -1 -1 
62 229 140 78 0.053132008761167526 8 -1 -1 
723 312 117 71 0.05308642238378525 6 -1 -1 
715 261 119 69 0.05227109417319298 6 -1 -1 
780 257 148 70 0.05164327844977379 7 -1 -1 
715 276 128 84 0.05138704180717468 7 -1 -1 
