714 255 24 32 0.9987512826919556 9 -1 -1 
616 204 16 24 0.9968170523643494 9 -1 -1 
545 326 41 81 0.9673817157745361 6 -1 -1 
266 606 73 66 0.9393481016159058 4 -1 -1 
442 492 29 28 0.9322878122329712 7 -1 -1 
1193 569 79 56 0.9265094995498657 4 -1 -1 
455 362 28 25 0.9065355062484741 4 -1 -1 
358 495 53 49 0.8631342649459839 4 -1 -1 
498 315 22 22 0.8450596332550049 4 -1 -1 
473 344 22 22 0.8078956007957458 4 -1 -1 
740 220 24 27 0.778544545173645 8 -1 -1 
398 442 40 41 0.7615077495574951 4 -1 -1 
511 272 18 15 0.7579008936882019 4 -1 -1 
383 452 11 29 0.7384117245674133 1 -1 -1 
448 484 14 22 0.7201926708221436 2 -1 -1 
746 199 10 9 0.702519953250885 4 -1 -1 
523 248 15 13 0.6636766791343689 4 -1 -1 
792 228 9 8 0.622931182384491 4 -1 -1 
585 214 10 8 0.6039012670516968 4 -1 -1 
533 179 17 27 0.5844963192939758 7 -1 -1 
414 255 16 12 0.5708851218223572 4 -1 -1 
740 219 24 28 0.5630010366439819 9 -1 -1 
951 702 138 62 0.5625491142272949 6 -1 -1 
738 204 9 8 0.5621294975280762 4 -1 -1 
548 246 14 15 0.5540023446083069 4 -1 -1 
707 251 13 14 0.5466552972793579 5 -1 -1 
502 265 16 12 0.5157370567321777 4 -1 -1 
492 271 16 14 0.4733746647834778 4 -1 -1 
534 271 5 12 0.4673983156681061 1 -1 -1 
707 251 13 14 0.4616078734397888 4 -1 -1 
263 328 139 66 0.45113223791122437 6 -1 -1 
556 180 16 25 0.4509851932525635 6 -1 -1 
548 246 15 15 0.44635435938835144 5 -1 -1 
385 451 13 30 0.43425631523132324 1 -1 -1 
535 271 7 12 0.43384355306625366 1 -1 -1 
714 255 24 32 0.42183297872543335 4 -1 -1 
453 231 26 12 0.4179002046585083 4 -1 -1 
415 483 15 39 0.41559433937072754 1 -1 -1 
446 247 19 14 0.4152466356754303 4 -1 -1 
620 180 19 25 0.41113609075546265 6 -1 -1 
808 239 28 18 0.4080694913864136 6 -1 -1 
427 244 16 11 0.40617018938064575 4 -1 -1 
568 220 12 11 0.39497435092926025 4 -1 -1 
714 255 24 32 0.38216084241867065 10 -1 -1 
714 255 24 32 0.3768191635608673 1 -1 -1 
714 255 24 32 0.3692055344581604 3 -1 -1 
568 220 12 11 0.3647659718990326 5 -1 -1 
397 442 41 41 0.36363857984542847 6 -1 -1 
373 287 42 37 0.360561341047287 5 -1 -1 
442 492 29 28 0.3585090935230255 4 -1 -1 
739 219 25 28 0.3565636873245239 5 -1 -1 
492 271 16 14 0.35320961475372314 5 -1 -1 
498 264 15 12 0.34838199615478516 4 -1 -1 
442 234 24 10 0.34764841198921204 4 -1 -1 
714 255 24 32 0.34708717465400696 7 -1 -1 
431 244 16 11 0.34672465920448303 4 -1 -1 
496 203 14 7 0.34639665484428406 4 -1 -1 
262 341 68 47 0.3389292061328888 8 -1 -1 
448 246 25 13 0.33581748604774475 4 -1 -1 
414 255 17 12 0.3333992660045624 5 -1 -1 
544 326 42 81 0.33149391412734985 8 -1 -1 
460 230 26 11 0.3303748667240143 4 -1 -1 
390 451 9 30 0.3276554346084595 1 -1 -1 
616 204 16 24 0.3266562223434448 4 -1 -1 
373 288 41 36 0.32543569803237915 4 -1 -1 
551 178 9 27 0.32542476058006287 1 -1 -1 
519 246 18 12 0.3195247948169708 4 -1 -1 
714 255 24 32 0.31876811385154724 5 -1 -1 
377 258 23 16 0.30819249153137207 4 -1 -1 
714 255 24 32 0.3052257001399994 2 -1 -1 
714 255 24 32 0.30431318283081055 8 -1 -1 
533 177 16 29 0.2971200942993164 6 -1 -1 
534 270 6 13 0.2948276400566101 2 -1 -1 
491 268 16 14 0.29482561349868774 4 -1 -1 
395 449 10 28 0.2942909598350525 1 -1 -1 
714 255 24 32 0.2897442877292633 6 -1 -1 
378 454 13 26 0.2874400019645691 1 -1 -1 
393 451 9 29 0.28419530391693115 1 -1 -1 
557 181 15 24 0.283671498298645 7 -1 -1 
450 233 25 12 0.28316572308540344 4 -1 -1 
598 179 17 26 0.28304216265678406 7 -1 -1 
802 220 9 7 0.2822345197200775 4 -1 -1 
442 492 29 28 0.2807886302471161 9 -1 -1 
468 231 19 9 0.2806094288825989 4 -1 -1 
401 251 6 12 0.27695369720458984 1 -1 -1 
511 272 18 14 0.27340462803840637 5 -1 -1 
957 716 23 42 0.2700032591819763 1 -1 -1 
739 219 25 28 0.26689109206199646 4 -1 -1 
558 219 22 12 0.2639303505420685 5 -1 -1 
429 239 17 12 0.2612740099430084 4 -1 -1 
616 204 16 24 0.25965598225593567 5 -1 -1 
580 196 14 11 0.25844988226890564 4 -1 -1 
543 177 16 27 0.25815314054489136 6 -1 -1 
533 179 17 27 0.25713610649108887 8 -1 -1 
550 219 30 13 0.2559148073196411 9 -1 -1 
557 181 15 24 0.25480905175209045 8 -1 -1 
443 491 28 29 0.25462043285369873 10 -1 -1 
491 263 16 13 0.25378838181495667 4 -1 -1 
535 270 7 13 0.2529735565185547 2 -1 -1 
499 266 17 12 0.2527278661727905 5 -1 -1 
515 246 7 11 0.25120866298675537 2 -1 -1 
515 247 5 11 0.25120213627815247 1 -1 -1 
504 248 5 9 0.25097087025642395 1 -1 -1 
560 179 21 24 0.24988828599452972 6 -1 -1 
458 245 17 13 0.24825230240821838 4 -1 -1 
568 220 12 11 0.24674588441848755 8 -1 -1 
616 204 16 23 0.24269339442253113 8 -1 -1 
442 246 18 12 0.24231497943401337 4 -1 -1 
375 255 25 14 0.2399417608976364 4 -1 -1 
394 479 11 25 0.23951356112957 1 -1 -1 
455 231 25 12 0.23915323615074158 5 -1 -1 
739 219 25 28 0.23881696164608002 7 -1 -1 
524 248 14 12 0.23752425611019135 5 -1 -1 
616 204 16 24 0.2371625453233719 10 -1 -1 
616 204 16 23 0.2347603738307953 2 -1 -1 
435 245 19 11 0.23438242077827454 4 -1 -1 
746 199 9 8 0.23347581923007965 5 -1 -1 
953 701 138 63 0.23264455795288086 5 -1 -1 
417 250 18 9 0.23213313519954681 4 -1 -1 
495 271 20 13 0.23138704895973206 4 -1 -1 
457 230 27 12 0.23112650215625763 6 -1 -1 
448 242 21 14 0.22911250591278076 4 -1 -1 
504 261 13 13 0.22834412753582 4 -1 -1 
793 233 10 10 0.2277071624994278 8 -1 -1 
143 330 174 73 0.22705835103988647 6 -1 -1 
262 341 68 47 0.2227829098701477 7 -1 -1 
534 271 6 13 0.22057461738586426 10 -1 -1 
599 196 15 11 0.21968591213226318 4 -1 -1 
616 204 16 23 0.21651534736156464 7 -1 -1 
503 245 6 12 0.2160368114709854 2 -1 -1 
616 204 16 23 0.2149784117937088 6 -1 -1 
616 204 16 23 0.21418726444244385 1 -1 -1 
537 179 20 26 0.213139608502388 7 -1 -1 
433 242 17 11 0.21285009384155273 4 -1 -1 
491 268 16 14 0.21232126653194427 5 -1 -1 
201 339 111 50 0.21088923513889313 6 -1 -1 
504 247 5 10 0.20934465527534485 10 -1 -1 
483 262 22 14 0.20932431519031525 4 -1 -1 
334 303 59 25 0.20887015759944916 4 -1 -1 
616 204 16 23 0.20841342210769653 3 -1 -1 
443 484 23 32 0.2081904113292694 2 -1 -1 
506 271 16 12 0.2074715793132782 4 -1 -1 
431 244 14 11 0.20691539347171783 5 -1 -1 
535 271 7 12 0.20632292330265045 10 -1 -1 
558 219 22 12 0.2051558643579483 4 -1 -1 
448 484 14 22 0.20505070686340332 1 -1 -1 
954 716 20 37 0.20467062294483185 1 -1 -1 
489 192 32 19 0.20404963195323944 6 -1 -1 
455 229 23 11 0.20393292605876923 4 -1 -1 
953 703 138 61 0.20240792632102966 4 -1 -1 
1194 569 78 56 0.20161840319633484 6 -1 -1 
516 248 8 11 0.20092158019542694 1 -1 -1 
396 447 15 34 0.19946466386318207 1 -1 -1 
427 241 26 13 0.19894978404045105 4 -1 -1 
740 205 10 7 0.19816625118255615 4 -1 -1 
446 489 20 19 0.19805100560188293 10 -1 -1 
792 234 9 9 0.1976998746395111 7 -1 -1 
724 191 10 9 0.1975502222776413 4 -1 -1 
510 267 15 12 0.1971544623374939 4 -1 -1 
442 492 29 28 0.19665415585041046 3 -1 -1 
462 301 34 26 0.1960746943950653 6 -1 -1 
803 236 10 10 0.19602838158607483 4 -1 -1 
442 492 29 28 0.19588696956634521 8 -1 -1 
398 442 39 41 0.19584117829799652 5 -1 -1 
741 220 22 27 0.19557608664035797 6 -1 -1 
454 241 20 14 0.195500448346138 4 -1 -1 
228 337 86 53 0.19546259939670563 8 -1 -1 
482 270 25 15 0.19454048573970795 4 -1 -1 
381 287 36 26 0.1930759996175766 5 -1 -1 
382 286 39 29 0.19153980910778046 4 -1 -1 
401 253 9 11 0.19001305103302002 1 -1 -1 
460 240 18 14 0.18860745429992676 4 -1 -1 
276 324 100 60 0.1880405992269516 6 -1 -1 
515 247 10 11 0.18800488114356995 4 -1 -1 
419 243 17 10 0.18749193847179413 4 -1 -1 
443 491 28 29 0.1863812357187271 2 -1 -1 
585 214 11 8 0.18512292206287384 5 -1 -1 
743 201 9 8 0.18430735170841217 4 -1 -1 
518 245 14 11 0.18374040722846985 4 -1 -1 
756 180 10 13 0.18264159560203552 8 -1 -1 
514 247 5 10 0.18247252702713013 2 -1 -1 
365 259 34 16 0.18090492486953735 4 -1 -1 
792 234 9 9 0.18080905079841614 10 -1 -1 
544 178 15 27 0.18072392046451569 7 -1 -1 
792 227 9 9 0.1801941990852356 5 -1 -1 
480 264 26 16 0.1795334815979004 4 -1 -1 
600 189 16 16 0.1794767528772354 4 -1 -1 
276 353 54 34 0.17931661009788513 8 -1 -1 
598 191 17 15 0.17872308194637299 7 -1 -1 
786 223 5 9 0.17761734127998352 1 -1 -1 
274 353 55 34 0.17735989391803741 7 -1 -1 
515 248 6 12 0.17536641657352448 2 -1 -1 
443 242 17 12 0.1753658503293991 4 -1 -1 
498 264 15 12 0.1740799993276596 5 -1 -1 
452 228 20 10 0.17225192487239838 4 -1 -1 
747 181 18 13 0.17175158858299255 6 -1 -1 
389 286 39 23 0.17099735140800476 4 -1 -1 
707 251 13 14 0.1709534376859665 8 -1 -1 
808 240 28 16 0.17070868611335754 4 -1 -1 
490 260 15 13 0.17034488916397095 4 -1 -1 
493 201 15 9 0.169993057847023 4 -1 -1 
799 196 25 17 0.16989204287528992 8 -1 -1 
474 344 21 22 0.16892056167125702 5 -1 -1 
515 245 8 10 0.16830064356327057 4 -1 -1 
655 190 12 20 0.1681670993566513 6 -1 -1 
754 181 12 12 0.16721606254577637 6 -1 -1 
516 245 10 12 0.16614603996276855 1 -1 -1 
228 337 86 53 0.15872788429260254 7 -1 -1 
559 179 32 28 0.15590235590934753 6 -1 -1 
267 331 96 56 0.1458456814289093 8 -1 -1 
572 179 27 28 0.1458018273115158 6 -1 -1 
442 492 29 28 0.14543573558330536 6 -1 -1 
621 175 25 30 0.14334321022033691 6 -1 -1 
268 318 96 53 0.1422806978225708 6 -1 -1 
545 326 41 81 0.1420542299747467 9 -1 -1 
630 183 36 28 0.14180493354797363 6 -1 -1 
263 332 83 55 0.14001615345478058 6 -1 -1 
797 196 29 19 0.13942302763462067 6 -1 -1 
740 219 24 28 0.13849568367004395 1 -1 -1 
572 179 27 28 0.1374995857477188 7 -1 -1 
267 316 176 84 0.13664186000823975 6 -1 -1 
183 319 135 73 0.13582676649093628 6 -1 -1 
267 331 96 56 0.1353628784418106 7 -1 -1 
953 701 138 63 0.13113291561603546 9 -1 -1 
655 189 30 21 0.13096052408218384 6 -1 -1 
807 236 29 21 0.1306944191455841 5 -1 -1 
355 288 62 41 0.1300128549337387 4 -1 -1 
545 325 41 82 0.12907303869724274 5 -1 -1 
740 220 24 27 0.1281537413597107 3 -1 -1 
374 284 67 40 0.12755344808101654 6 -1 -1 
380 265 81 30 0.12716680765151978 6 -1 -1 
620 178 23 27 0.12692637741565704 5 -1 -1 
547 176 17 29 0.12686307728290558 6 -1 -1 
544 326 42 81 0.12632620334625244 7 -1 -1 
381 270 93 36 0.1262488067150116 6 -1 -1 
380 280 83 39 0.12537716329097748 6 -1 -1 
443 484 23 32 0.12446974962949753 7 -1 -1 
544 326 42 81 0.12130522727966309 3 -1 -1 
740 220 24 27 0.12065409123897552 2 -1 -1 
303 322 87 58 0.12046652287244797 6 -1 -1 
191 332 156 77 0.11978356540203094 6 -1 -1 
268 341 99 53 0.11849065870046616 6 -1 -1 
235 310 135 84 0.11739900708198547 6 -1 -1 
262 300 145 82 0.11615462601184845 6 -1 -1 
324 303 76 30 0.11489105969667435 6 -1 -1 
378 284 82 41 0.11395201832056046 9 -1 -1 
619 179 21 27 0.11348357796669006 9 -1 -1 
266 606 73 66 0.11134134232997894 1 -1 -1 
337 293 68 36 0.11121729761362076 4 -1 -1 
620 182 32 27 0.11031289398670197 6 -1 -1 
808 237 29 21 0.10854409635066986 9 -1 -1 
534 177 24 29 0.10824327915906906 8 -1 -1 
545 326 41 81 0.108223557472229 10 -1 -1 
595 178 20 28 0.10813145339488983 6 -1 -1 
256 324 86 58 0.10672455281019211 8 -1 -1 
544 326 42 81 0.10584910213947296 1 -1 -1 
264 346 157 76 0.1053566038608551 6 -1 -1 
318 302 78 32 0.10465658456087112 4 -1 -1 
374 285 63 43 0.10439726710319519 4 -1 -1 
525 182 25 26 0.10287673026323318 6 -1 -1 
556 179 23 27 0.10188522189855576 7 -1 -1 
305 306 86 45 0.1017993614077568 6 -1 -1 
545 326 41 81 0.10174134373664856 2 -1 -1 
198 335 117 53 0.10152312368154526 9 -1 -1 
263 348 67 41 0.1011224240064621 6 -1 -1 
806 231 30 22 0.0987687036395073 6 -1 -1 
358 495 53 49 0.09847339987754822 5 -1 -1 
1193 569 79 57 0.0980149656534195 5 -1 -1 
611 176 29 30 0.09749756753444672 6 -1 -1 
952 701 137 63 0.09701169282197952 8 -1 -1 
796 195 30 20 0.09620372951030731 7 -1 -1 
489 192 32 19 0.0959119200706482 7 -1 -1 
624 188 36 24 0.09589514136314392 6 -1 -1 
547 177 16 29 0.09421946108341217 7 -1 -1 
84 244 57 38 0.09391328692436218 6 -1 -1 
740 220 24 27 0.09331010282039642 10 -1 -1 
506 186 38 22 0.09251050651073456 6 -1 -1 
1193 569 79 57 0.09154558926820755 1 -1 -1 
266 333 110 57 0.09148804843425751 5 -1 -1 
531 166 25 38 0.08994325250387192 6 -1 -1 
619 178 23 27 0.08968254178762436 4 -1 -1 
84 244 57 38 0.08951897919178009 4 -1 -1 
370 286 62 41 0.08941596746444702 9 -1 -1 
374 285 63 43 0.08933324366807938 5 -1 -1 
451 276 57 52 0.08894570916891098 9 -1 -1 
398 442 40 41 0.08793121576309204 1 -1 -1 
1193 569 78 57 0.08776979148387909 7 -1 -1 
389 282 102 37 0.08770707994699478 9 -1 -1 
496 188 37 22 0.08734827488660812 6 -1 -1 
525 182 25 26 0.08608604967594147 7 -1 -1 
563 176 31 24 0.08562925457954407 6 -1 -1 
786 186 36 25 0.0854186937212944 6 -1 -1 
383 450 14 32 0.08533065021038055 2 -1 -1 
556 179 23 27 0.08521635830402374 8 -1 -1 
139 327 176 78 0.08518406003713608 5 -1 -1 
545 326 41 81 0.08500391244888306 4 -1 -1 
271 348 77 45 0.08500360697507858 7 -1 -1 
263 335 73 52 0.0849640741944313 5 -1 -1 
247 323 89 58 0.08489103615283966 6 -1 -1 
358 495 53 49 0.08462389558553696 1 -1 -1 
362 288 60 42 0.08456149697303772 5 -1 -1 
266 606 73 65 0.08450157940387726 5 -1 -1 
657 191 49 20 0.08443355560302734 6 -1 -1 
559 179 32 28 0.08426947891712189 7 -1 -1 
451 232 32 16 0.08313827216625214 4 -1 -1 
451 276 57 52 0.082749143242836 6 -1 -1 
442 492 29 28 0.08226820081472397 1 -1 -1 
360 287 67 45 0.08123643696308136 6 -1 -1 
389 276 110 38 0.08115249127149582 6 -1 -1 
619 179 21 27 0.08026754856109619 8 -1 -1 
448 230 34 14 0.0794120654463768 6 -1 -1 
600 179 32 28 0.07920799404382706 6 -1 -1 
292 323 92 60 0.0781475082039833 4 -1 -1 
638 184 42 28 0.07806986570358276 6 -1 -1 
531 183 25 26 0.07787635177373886 6 -1 -1 
267 327 175 79 0.0771530494093895 9 -1 -1 
151 318 171 74 0.07671185582876205 9 -1 -1 
256 324 86 58 0.07655967772006989 7 -1 -1 
384 264 77 27 0.0763326957821846 9 -1 -1 
451 227 35 15 0.0761864110827446 6 -1 -1 
415 484 15 38 0.07614340633153915 2 -1 -1 
290 312 87 44 0.07610557973384857 6 -1 -1 
127 329 193 87 0.07593842595815659 4 -1 -1 
398 442 40 41 0.07550425082445145 8 -1 -1 
266 320 146 73 0.07539790123701096 5 -1 -1 
256 320 136 76 0.0746508464217186 7 -1 -1 
167 332 161 71 0.07351811230182648 7 -1 -1 
163 341 172 88 0.06966320425271988 6 -1 -1 
267 348 167 83 0.06750024110078812 9 -1 -1 
255 325 135 72 0.06461003422737122 8 -1 -1 
171 328 153 72 0.06327369064092636 8 -1 -1 
263 328 139 66 0.062438108026981354 4 -1 -1 
129 332 191 77 0.06222240626811981 9 -1 -1 
183 319 135 73 0.059950996190309525 5 -1 -1 
264 321 138 71 0.057230446487665176 9 -1 -1 
194 318 132 73 0.055315811187028885 7 -1 -1 
358 495 53 49 0.05523243546485901 9 -1 -1 
349 484 58 54 0.05411353334784508 4 -1 -1 
358 495 53 49 0.05372288078069687 6 -1 -1 
267 316 176 84 0.051170364022254944 4 -1 -1 
233 306 138 84 0.05076826736330986 7 -1 -1 
209 293 133 93 0.050210315734148026 6 -1 -1 
