647 269 31 48 0.999119222164154 9 -1 -1 
816 236 26 38 0.9987906813621521 9 -1 -1 
842 203 23 32 0.9747434258460999 6 -1 -1 
827 666 61 73 0.9395250678062439 4 -1 -1 
540 188 29 27 0.9040076732635498 9 -1 -1 
292 598 69 74 0.9022096991539001 4 -1 -1 
468 314 27 26 0.831731379032135 4 -1 -1 
369 280 30 19 0.8161415457725525 4 -1 -1 
541 316 7 18 0.8091397881507874 1 -1 -1 
501 317 25 24 0.7828115224838257 4 -1 -1 
557 240 17 16 0.7791125774383545 4 -1 -1 
359 530 46 53 0.7770124077796936 4 -1 -1 
895 229 13 12 0.7742400765419006 4 -1 -1 
490 302 23 21 0.73899906873703 4 -1 -1 
541 188 29 27 0.7268551588058472 8 -1 -1 
437 432 42 47 0.7268247008323669 4 -1 -1 
425 242 35 13 0.7132896184921265 4 -1 -1 
464 234 29 13 0.6531552076339722 4 -1 -1 
482 224 13 12 0.6514528393745422 4 -1 -1 
518 264 6 16 0.6472131013870239 1 -1 -1 
566 265 17 22 0.634122371673584 5 -1 -1 
602 277 20 22 0.6328350305557251 4 -1 -1 
532 269 18 17 0.6075468063354492 4 -1 -1 
493 244 6 13 0.5942837595939636 1 -1 -1 
532 319 7 16 0.5772353410720825 1 -1 -1 
647 269 31 48 0.5683748722076416 4 -1 -1 
760 213 13 14 0.5622428059577942 5 -1 -1 
40 584 103 82 0.519803524017334 4 -1 -1 
591 161 18 30 0.5014503002166748 6 -1 -1 
447 236 27 14 0.49777892231941223 4 -1 -1 
488 251 6 16 0.49756920337677 1 -1 -1 
760 213 13 14 0.45773932337760925 4 -1 -1 
704 131 6 5 0.45240023732185364 4 -1 -1 
647 269 31 48 0.4466663599014282 10 -1 -1 
546 158 35 31 0.4451984763145447 6 -1 -1 
533 314 6 16 0.4389339089393616 1 -1 -1 
445 236 27 15 0.43244457244873047 5 -1 -1 
520 263 7 16 0.4290909469127655 1 -1 -1 
511 298 7 17 0.4259110689163208 1 -1 -1 
358 275 6 14 0.42449453473091125 1 -1 -1 
565 265 18 22 0.42137131094932556 4 -1 -1 
815 236 27 38 0.4163881540298462 4 -1 -1 
456 231 28 11 0.4107111692428589 4 -1 -1 
648 268 30 49 0.4032409191131592 3 -1 -1 
816 236 26 38 0.39962059259414673 10 -1 -1 
434 262 29 13 0.39211177825927734 4 -1 -1 
480 244 5 12 0.3912530541419983 1 -1 -1 
360 280 5 10 0.390448659658432 1 -1 -1 
480 293 6 16 0.3902442753314972 1 -1 -1 
531 261 17 19 0.385492742061615 4 -1 -1 
299 526 46 45 0.38127055764198303 4 -1 -1 
292 295 14 28 0.372995525598526 2 -1 -1 
292 295 15 29 0.36516836285591125 1 -1 -1 
587 265 5 15 0.3644680976867676 1 -1 -1 
527 265 6 16 0.36389920115470886 1 -1 -1 
815 236 27 38 0.35923564434051514 1 -1 -1 
446 229 26 13 0.3591206669807434 4 -1 -1 
647 269 31 48 0.3586845397949219 5 -1 -1 
345 329 30 18 0.35804495215415955 5 -1 -1 
647 269 31 48 0.35045260190963745 6 -1 -1 
357 275 5 14 0.34776178002357483 1 -1 -1 
815 236 27 38 0.34729355573654175 3 -1 -1 
647 269 31 48 0.3461349606513977 1 -1 -1 
476 244 5 12 0.34096547961235046 1 -1 -1 
436 431 43 49 0.3397715091705322 5 -1 -1 
648 268 30 49 0.33346104621887207 2 -1 -1 
40 584 103 82 0.33119869232177734 5 -1 -1 
648 269 30 48 0.3301132321357727 7 -1 -1 
816 236 26 38 0.329754114151001 2 -1 -1 
487 293 7 16 0.327129602432251 1 -1 -1 
528 266 7 16 0.3262088894844055 1 -1 -1 
915 188 39 19 0.3246016502380371 6 -1 -1 
358 278 7 11 0.3215891718864441 3 -1 -1 
815 236 27 38 0.31974679231643677 5 -1 -1 
471 245 5 11 0.31816327571868896 1 -1 -1 
816 236 26 38 0.31800922751426697 7 -1 -1 
524 264 7 16 0.31498008966445923 1 -1 -1 
926 249 44 28 0.3148411810398102 4 -1 -1 
648 268 30 49 0.305020272731781 8 -1 -1 
474 245 6 11 0.3030034601688385 1 -1 -1 
405 298 26 18 0.3024751842021942 4 -1 -1 
484 293 8 16 0.29965323209762573 1 -1 -1 
530 262 17 15 0.29448533058166504 5 -1 -1 
341 527 17 32 0.29227569699287415 1 -1 -1 
358 531 47 52 0.29145392775535583 5 -1 -1 
298 326 34 19 0.2901868522167206 4 -1 -1 
532 315 7 15 0.2893679738044739 2 -1 -1 
559 157 26 30 0.2866787612438202 6 -1 -1 
592 164 17 26 0.2864260673522949 7 -1 -1 
501 318 25 23 0.28565138578414917 6 -1 -1 
704 131 6 6 0.28282296657562256 5 -1 -1 
1036 408 9 10 0.28246214985847473 4 -1 -1 
592 164 17 26 0.27912551164627075 8 -1 -1 
445 229 27 13 0.27550235390663147 5 -1 -1 
487 294 7 18 0.27460235357284546 10 -1 -1 
816 236 26 38 0.27404046058654785 8 -1 -1 
532 319 7 15 0.27272874116897583 2 -1 -1 
704 131 6 6 0.2721289098262787 6 -1 -1 
816 236 26 38 0.26862630248069763 6 -1 -1 
926 248 44 29 0.26845699548721313 5 -1 -1 
708 123 6 5 0.267789751291275 4 -1 -1 
353 279 9 11 0.2631842792034149 3 -1 -1 
563 169 17 22 0.26237791776657104 8 -1 -1 
669 160 27 24 0.25857609510421753 4 -1 -1 
459 233 31 11 0.2576828896999359 4 -1 -1 
487 294 9 19 0.2569110691547394 1 -1 -1 
424 262 38 16 0.25584062933921814 4 -1 -1 
911 188 9 15 0.2546798884868622 1 -1 -1 
561 164 21 27 0.25377026200294495 7 -1 -1 
463 234 30 14 0.25322288274765015 6 -1 -1 
345 333 21 13 0.2517600357532501 5 -1 -1 
903 186 15 13 0.25153541564941406 10 -1 -1 
345 334 22 12 0.2495802491903305 4 -1 -1 
909 184 42 20 0.2477920651435852 6 -1 -1 
602 277 20 23 0.24741250276565552 5 -1 -1 
1036 409 9 9 0.24525712430477142 7 -1 -1 
345 329 29 18 0.24426232278347015 4 -1 -1 
588 170 9 21 0.2433893382549286 1 -1 -1 
451 231 25 12 0.2431674599647522 4 -1 -1 
1036 408 9 10 0.2411402016878128 8 -1 -1 
552 162 29 29 0.2402830421924591 8 -1 -1 
541 188 29 27 0.2390236109495163 6 -1 -1 
1339 631 13 28 0.23717086017131805 1 -1 -1 
487 293 7 16 0.23619800806045532 2 -1 -1 
531 262 19 24 0.2354363352060318 5 -1 -1 
913 188 9 18 0.23284251987934113 1 -1 -1 
620 179 21 12 0.23141628503799438 4 -1 -1 
784 217 4 6 0.23134028911590576 10 -1 -1 
456 230 26 12 0.23124881088733673 5 -1 -1 
546 171 7 18 0.23103965818881989 1 -1 -1 
358 278 7 11 0.23077620565891266 10 -1 -1 
482 224 14 12 0.23007646203041077 5 -1 -1 
484 293 9 16 0.227864071726799 10 -1 -1 
512 298 6 16 0.22710302472114563 2 -1 -1 
704 131 6 6 0.225235253572464 9 -1 -1 
893 180 28 20 0.22464025020599365 7 -1 -1 
343 527 13 30 0.2238776534795761 2 -1 -1 
532 321 7 14 0.22343315184116364 10 -1 -1 
911 187 10 15 0.22318698465824127 2 -1 -1 
561 164 21 27 0.22241321206092834 6 -1 -1 
506 264 5 10 0.22223711013793945 2 -1 -1 
907 186 12 13 0.219512477517128 2 -1 -1 
903 270 10 17 0.21935994923114777 2 -1 -1 
527 263 10 16 0.2169249802827835 1 -1 -1 
784 216 7 7 0.21675756573677063 10 -1 -1 
384 322 33 18 0.21606823801994324 4 -1 -1 
533 313 6 13 0.21458257734775543 2 -1 -1 
451 284 28 52 0.21439242362976074 6 -1 -1 
484 292 7 14 0.2128848433494568 2 -1 -1 
446 234 27 13 0.21132907271385193 5 -1 -1 
488 251 6 15 0.2105007916688919 2 -1 -1 
352 282 5 13 0.20982208847999573 1 -1 -1 
753 182 9 12 0.20980802178382874 5 -1 -1 
505 264 6 13 0.20920684933662415 1 -1 -1 
551 159 31 31 0.20865996181964874 7 -1 -1 
488 257 6 11 0.20827241241931915 3 -1 -1 
479 246 5 12 0.20821021497249603 1 -1 -1 
903 270 11 18 0.20600229501724243 7 -1 -1 
480 293 6 15 0.2053273320198059 2 -1 -1 
530 263 12 18 0.20506258308887482 1 -1 -1 
358 276 7 13 0.20465858280658722 2 -1 -1 
551 154 35 26 0.20354773104190826 6 -1 -1 
353 279 9 11 0.2031935155391693 10 -1 -1 
617 181 20 11 0.2004953771829605 4 -1 -1 
559 157 26 30 0.19883179664611816 7 -1 -1 
422 263 36 20 0.19255484640598297 6 -1 -1 
54 577 121 81 0.19218434393405914 4 -1 -1 
593 160 26 30 0.1907327026128769 6 -1 -1 
541 188 29 27 0.19064980745315552 5 -1 -1 
574 157 24 28 0.1880168616771698 7 -1 -1 
562 156 29 25 0.1868325173854828 6 -1 -1 
925 185 30 18 0.18371641635894775 6 -1 -1 
541 188 29 27 0.1809559315443039 7 -1 -1 
567 158 26 31 0.17567624151706696 7 -1 -1 
570 155 28 26 0.1726953387260437 6 -1 -1 
562 161 24 30 0.17251338064670563 8 -1 -1 
567 158 26 31 0.17046308517456055 6 -1 -1 
54 577 121 81 0.16846364736557007 5 -1 -1 
-1 530 127 86 0.16691343486309052 6 -1 -1 
455 237 35 14 0.16534313559532166 6 -1 -1 
551 190 19 27 0.16398848593235016 9 -1 -1 
925 247 45 30 0.16041605174541473 6 -1 -1 
443 237 30 14 0.15998148918151855 6 -1 -1 
591 161 18 30 0.15790638327598572 5 -1 -1 
463 234 30 14 0.1576905995607376 5 -1 -1 
450 233 32 14 0.15753954648971558 4 -1 -1 
369 280 30 19 0.15298888087272644 6 -1 -1 
23 459 213 199 0.1516665667295456 6 -1 -1 
944 197 23 31 0.15084132552146912 6 -1 -1 
842 203 23 32 0.15060563385486603 5 -1 -1 
540 188 29 27 0.14941273629665375 1 -1 -1 
547 160 34 31 0.1459599882364273 5 -1 -1 
404 265 29 20 0.1429908722639084 3 -1 -1 
578 156 20 32 0.14182224869728088 6 -1 -1 
545 159 22 31 0.14151440560817719 6 -1 -1 
425 242 36 13 0.1409139186143875 5 -1 -1 
610 160 27 32 0.13971634209156036 6 -1 -1 
541 188 29 28 0.13921840488910675 3 -1 -1 
914 225 20 34 0.1367267370223999 6 -1 -1 
405 241 36 17 0.13627752661705017 4 -1 -1 
591 163 20 28 0.13547998666763306 4 -1 -1 
893 180 28 20 0.13409464061260223 8 -1 -1 
549 170 31 23 0.1328878253698349 6 -1 -1 
368 280 31 19 0.13171933591365814 5 -1 -1 
562 156 30 26 0.1307116150856018 7 -1 -1 
842 203 23 32 0.13046304881572723 9 -1 -1 
926 189 36 21 0.1296653300523758 6 -1 -1 
917 196 39 22 0.1294344663619995 6 -1 -1 
433 240 32 13 0.12597008049488068 4 -1 -1 
466 239 31 14 0.12530642747879028 6 -1 -1 
948 202 23 31 0.12487540394067764 6 -1 -1 
569 159 26 29 0.12186778336763382 8 -1 -1 
545 156 27 27 0.12068087607622147 6 -1 -1 
555 170 26 23 0.11976668238639832 7 -1 -1 
41 583 106 82 0.11931139975786209 6 -1 -1 
925 192 37 28 0.11660540848970413 6 -1 -1 
616 158 29 28 0.11613371968269348 6 -1 -1 
540 188 29 27 0.1141577810049057 4 -1 -1 
425 242 36 13 0.11298076063394547 6 -1 -1 
358 531 47 52 0.11268362402915955 6 -1 -1 
431 261 33 14 0.11258295178413391 5 -1 -1 
466 239 31 14 0.11228370666503906 4 -1 -1 
842 203 23 32 0.11222947388887405 4 -1 -1 
448 234 33 15 0.11213092505931854 6 -1 -1 
582 159 17 32 0.11001435667276382 1 -1 -1 
921 247 35 30 0.10881748795509338 4 -1 -1 
423 263 36 20 0.10759995877742767 5 -1 -1 
547 160 34 31 0.10754694789648056 4 -1 -1 
915 218 25 40 0.10725602507591248 4 -1 -1 
547 155 38 28 0.1068485751748085 7 -1 -1 
586 155 22 34 0.10631337761878967 6 -1 -1 
576 157 23 29 0.10538346320390701 8 -1 -1 
70 546 166 84 0.10513023287057877 6 -1 -1 
404 264 28 21 0.10447841882705688 10 -1 -1 
842 203 23 32 0.10440362244844437 8 -1 -1 
559 159 25 30 0.10415316373109818 5 -1 -1 
556 165 25 27 0.10356491059064865 4 -1 -1 
842 203 23 32 0.10353580862283707 7 -1 -1 
411 239 37 16 0.10337714850902557 4 -1 -1 
456 233 32 13 0.10331659018993378 6 -1 -1 
921 247 35 30 0.10306384414434433 5 -1 -1 
525 260 24 21 0.10242318361997604 5 -1 -1 
530 262 20 25 0.10164014995098114 6 -1 -1 
616 157 38 19 0.1015467420220375 6 -1 -1 
418 243 40 17 0.10112099349498749 4 -1 -1 
842 203 23 32 0.10055050253868103 10 -1 -1 
6 580 104 79 0.10005395859479904 4 -1 -1 
540 188 29 26 0.09997682273387909 2 -1 -1 
556 165 25 27 0.0999748706817627 5 -1 -1 
448 234 33 15 0.09993615746498108 5 -1 -1 
893 180 28 20 0.09989426285028458 6 -1 -1 
926 246 43 31 0.09907718002796173 8 -1 -1 
669 160 27 24 0.09835636615753174 5 -1 -1 
65 542 123 87 0.09720643609762192 4 -1 -1 
577 154 24 23 0.09688868373632431 6 -1 -1 
827 666 61 73 0.09527429938316345 9 -1 -1 
358 531 47 52 0.09524057805538177 9 -1 -1 
659 164 34 28 0.0951930359005928 4 -1 -1 
429 257 35 16 0.09467791020870209 4 -1 -1 
914 220 22 38 0.09446606040000916 9 -1 -1 
65 501 158 116 0.09445534646511078 6 -1 -1 
827 666 62 73 0.09378380328416824 1 -1 -1 
419 239 38 14 0.09350461512804031 4 -1 -1 
827 666 61 73 0.09260331839323044 5 -1 -1 
551 190 19 27 0.09235802292823792 6 -1 -1 
573 158 23 33 0.0920792743563652 1 -1 -1 
586 167 22 26 0.09196000546216965 6 -1 -1 
404 245 34 17 0.09169454872608185 4 -1 -1 
559 156 28 27 0.09098182618618011 8 -1 -1 
399 224 37 16 0.08985291421413422 4 -1 -1 
62 569 162 85 0.0897316187620163 6 -1 -1 
1337 630 15 30 0.08954762667417526 2 -1 -1 
930 198 31 27 0.08946182578802109 6 -1 -1 
926 243 45 34 0.08936990797519684 9 -1 -1 
600 160 32 30 0.08931811153888702 6 -1 -1 
56 549 129 96 0.08914156258106232 6 -1 -1 
559 159 25 30 0.08749131113290787 4 -1 -1 
543 155 56 36 0.08666812628507614 6 -1 -1 
550 156 34 27 0.08566442877054214 5 -1 -1 
917 222 49 53 0.07486338168382645 6 -1 -1 
915 240 53 39 0.07449345290660858 5 -1 -1 
41 516 244 165 0.06336282938718796 6 -1 -1 
916 199 43 66 0.062260787934064865 6 -1 -1 
256 326 143 59 0.06001896783709526 6 -1 -1 
914 243 54 37 0.059032242745161057 4 -1 -1 
917 221 56 50 0.0590103417634964 9 -1 -1 
5 483 207 231 0.05794243514537811 6 -1 -1 
1 470 212 176 0.05394492670893669 4 -1 -1 
916 199 43 66 0.0504540354013443 9 -1 -1 
543 155 56 36 0.05034954845905304 7 -1 -1 
