250 535 110 102 0.9644132256507874 5 -1 -1 
938 465 163 76 0.9554484486579895 5 -1 -1 
40 640 117 113 0.9534501433372498 4 -1 -1 
253 597 136 107 0.9487314820289612 4 -1 -1 
689 623 64 104 0.93720543384552 4 -1 -1 
921 616 140 81 0.9214709401130676 4 -1 -1 
1117 606 138 65 0.9145156741142273 4 -1 -1 
634 204 37 39 0.8988862633705139 4 -1 -1 
173 495 107 64 0.8838818669319153 4 -1 -1 
643 6 17 17 0.8453188538551331 4 -1 -1 
1062 633 20 48 0.8436946868896484 1 -1 -1 
1076 641 19 43 0.819923996925354 1 -1 -1 
1270 594 89 63 0.7960191369056702 4 -1 -1 
361 355 38 23 0.7945036888122559 10 -1 -1 
1113 485 132 54 0.7941712141036987 4 -1 -1 
875 424 13 42 0.792858362197876 1 -1 -1 
1270 484 88 52 0.7831618785858154 4 -1 -1 
21 583 25 45 0.7786164283752441 10 -1 -1 
479 265 13 32 0.7660656571388245 1 -1 -1 
968 55 6 18 0.763232409954071 1 -1 -1 
736 149 8 17 0.7527536153793335 3 -1 -1 
1050 78 7 18 0.7146353125572205 1 -1 -1 
62 256 34 19 0.708692193031311 10 -1 -1 
736 142 9 19 0.6970963478088379 2 -1 -1 
605 35 7 18 0.6895708441734314 1 -1 -1 
0 642 68 105 0.6785159111022949 4 -1 -1 
31 459 104 51 0.677629828453064 4 -1 -1 
966 37 6 16 0.6770901679992676 1 -1 -1 
600 34 6 17 0.6684575080871582 1 -1 -1 
760 456 14 26 0.667255699634552 2 -1 -1 
1295 467 20 36 0.6579990983009338 1 -1 -1 
759 461 14 33 0.6480867266654968 10 -1 -1 
502 190 12 33 0.6427997946739197 1 -1 -1 
612 39 6 15 0.640753448009491 1 -1 -1 
938 465 163 75 0.636060893535614 9 -1 -1 
370 347 16 28 0.6341204047203064 2 -1 -1 
752 365 13 25 0.6304999589920044 2 -1 -1 
626 15 7 10 0.6126155853271484 10 -1 -1 
911 9 6 16 0.6110197305679321 1 -1 -1 
751 374 12 26 0.5993068814277649 10 -1 -1 
1328 111 12 21 0.5962128639221191 1 -1 -1 
509 438 14 25 0.5936409831047058 2 -1 -1 
1283 78 7 17 0.5658861398696899 1 -1 -1 
592 65 10 21 0.561415433883667 10 -1 -1 
723 17 6 13 0.5510213375091553 2 -1 -1 
1286 80 11 17 0.544718861579895 1 -1 -1 
1069 635 20 49 0.536726176738739 1 -1 -1 
1345 114 10 20 0.536666750907898 1 -1 -1 
500 196 10 28 0.5287786722183228 1 -1 -1 
509 442 14 35 0.5259323120117188 3 -1 -1 
627 11 6 10 0.5256558656692505 2 -1 -1 
1248 65 8 20 0.5254858732223511 1 -1 -1 
1004 37 6 15 0.5177889466285706 1 -1 -1 
603 35 7 17 0.5163698196411133 1 -1 -1 
1285 79 8 17 0.5124809145927429 1 -1 -1 
147 717 158 46 0.5094146728515625 4 -1 -1 
67 250 17 22 0.5083431601524353 2 -1 -1 
267 532 93 49 0.5056660175323486 5 -1 -1 
1304 110 11 19 0.5036723017692566 1 -1 -1 
0 204 10 23 0.4852955937385559 1 -1 -1 
1290 80 8 16 0.4839080572128296 1 -1 -1 
509 438 14 38 0.47717583179473877 10 -1 -1 
607 37 6 17 0.44237059354782104 1 -1 -1 
723 23 6 10 0.42602449655532837 3 -1 -1 
49 530 79 37 0.4071368873119354 7 -1 -1 
603 71 8 16 0.394383043050766 10 -1 -1 
1004 36 7 15 0.39356380701065063 2 -1 -1 
627 13 6 11 0.38680651783943176 2 -1 -1 
50 530 78 37 0.3836562931537628 10 -1 -1 
723 22 6 11 0.35930919647216797 10 -1 -1 
609 39 6 15 0.3493031859397888 1 -1 -1 
1004 42 6 10 0.3483878970146179 3 -1 -1 
723 18 6 14 0.33997175097465515 1 -1 -1 
365 350 25 26 0.32623565196990967 2 -1 -1 
612 5 8 9 0.32597270607948303 10 -1 -1 
1232 69 8 20 0.32545655965805054 1 -1 -1 
751 366 14 30 0.325442373752594 10 -1 -1 
1224 66 8 21 0.31654393672943115 1 -1 -1 
907 9 8 16 0.3072603940963745 1 -1 -1 
736 144 9 19 0.3035556375980377 3 -1 -1 
1247 70 8 19 0.2984994947910309 1 -1 -1 
66 255 22 19 0.29496562480926514 2 -1 -1 
917 323 7 17 0.2927817702293396 1 -1 -1 
752 365 13 25 0.29262083768844604 1 -1 -1 
249 535 111 103 0.2861422896385193 4 -1 -1 
1247 76 8 16 0.28355172276496887 1 -1 -1 
760 460 13 34 0.2780163288116455 3 -1 -1 
1146 83 9 21 0.27566099166870117 1 -1 -1 
603 70 8 17 0.27446985244750977 3 -1 -1 
50 530 24 35 0.2659454047679901 10 -1 -1 
593 71 8 15 0.26345208287239075 3 -1 -1 
736 142 9 19 0.26001426577568054 1 -1 -1 
760 456 14 26 0.25816550850868225 1 -1 -1 
1226 67 10 20 0.2579048275947571 1 -1 -1 
66 458 99 55 0.2573583424091339 4 -1 -1 
1050 78 7 17 0.25441160798072815 2 -1 -1 
361 356 38 22 0.25045812129974365 3 -1 -1 
175 468 111 56 0.24982565641403198 4 -1 -1 
1004 38 7 14 0.2477506548166275 10 -1 -1 
73 249 15 23 0.24573323130607605 2 -1 -1 
885 196 6 19 0.2454839050769806 1 -1 -1 
374 350 15 26 0.24093589186668396 2 -1 -1 
592 72 9 14 0.24041356146335602 10 -1 -1 
49 530 79 37 0.23820823431015015 4 -1 -1 
881 187 6 19 0.23797264695167542 1 -1 -1 
92 702 40 49 0.23794753849506378 4 -1 -1 
1223 64 8 16 0.2373138815164566 1 -1 -1 
1306 110 10 17 0.23729828000068665 2 -1 -1 
1050 83 7 15 0.23585577309131622 3 -1 -1 
723 22 6 11 0.23389461636543274 1 -1 -1 
1247 86 8 20 0.22433118522167206 1 -1 -1 
1115 479 131 60 0.224298357963562 5 -1 -1 
365 350 25 26 0.2228686809539795 10 -1 -1 
1269 103 8 17 0.22078579664230347 1 -1 -1 
736 149 9 17 0.22027288377285004 10 -1 -1 
1232 72 9 21 0.21987825632095337 1 -1 -1 
1243 66 12 23 0.21955609321594238 1 -1 -1 
1250 66 10 20 0.21941831707954407 1 -1 -1 
612 4 8 9 0.218248650431633 2 -1 -1 
504 191 10 24 0.21788275241851807 1 -1 -1 
370 347 16 28 0.21776267886161804 1 -1 -1 
1222 69 8 21 0.21751141548156738 1 -1 -1 
614 39 7 15 0.21398688852787018 1 -1 -1 
1229 66 9 19 0.21341148018836975 1 -1 -1 
1295 467 20 35 0.21318404376506805 2 -1 -1 
49 530 79 37 0.21089138090610504 8 -1 -1 
608 15 8 12 0.2088300883769989 10 -1 -1 
271 211 35 12 0.20630387961864471 7 -1 -1 
1270 483 87 53 0.20550653338432312 5 -1 -1 
602 16 14 11 0.2013009637594223 10 -1 -1 
1347 113 9 17 0.20127323269844055 1 -1 -1 
759 459 15 35 0.2010602056980133 2 -1 -1 
171 464 102 45 0.19930140674114227 4 -1 -1 
1306 109 10 15 0.19900141656398773 1 -1 -1 
751 370 13 29 0.19881859421730042 2 -1 -1 
77 467 100 56 0.19804608821868896 4 -1 -1 
598 25 14 12 0.1978895366191864 10 -1 -1 
1082 641 17 43 0.19755563139915466 1 -1 -1 
627 10 5 8 0.1957857310771942 2 -1 -1 
1258 65 7 16 0.18917638063430786 1 -1 -1 
723 22 6 11 0.1878756582736969 2 -1 -1 
1231 68 8 20 0.18780672550201416 2 -1 -1 
168 453 119 89 0.18700841069221497 4 -1 -1 
1050 83 7 15 0.18676133453845978 10 -1 -1 
219 514 61 44 0.18522034585475922 4 -1 -1 
1290 80 8 16 0.1840541958808899 2 -1 -1 
1271 593 88 64 0.18245863914489746 5 -1 -1 
938 465 163 75 0.1788509637117386 10 -1 -1 
759 455 15 31 0.17805929481983185 10 -1 -1 
938 465 163 76 0.1760614812374115 8 -1 -1 
269 211 39 15 0.17124958336353302 4 -1 -1 
28 433 103 44 0.16986724734306335 4 -1 -1 
938 465 163 76 0.167397141456604 2 -1 -1 
938 465 163 75 0.16227620840072632 4 -1 -1 
28 440 110 52 0.16091080009937286 4 -1 -1 
1120 459 115 44 0.15386967360973358 4 -1 -1 
62 257 34 18 0.1480189859867096 3 -1 -1 
267 532 93 49 0.14707051217556 4 -1 -1 
921 616 140 81 0.141788512468338 5 -1 -1 
509 439 15 38 0.1411099135875702 7 -1 -1 
938 465 163 76 0.13853706419467926 7 -1 -1 
1115 485 131 55 0.13843271136283875 6 -1 -1 
30 451 149 63 0.1377307027578354 4 -1 -1 
40 641 117 112 0.13699233531951904 9 -1 -1 
201 467 88 86 0.1369411200284958 4 -1 -1 
50 530 78 37 0.13605068624019623 3 -1 -1 
252 595 138 109 0.13278469443321228 1 -1 -1 
938 468 158 70 0.13270312547683716 6 -1 -1 
40 641 117 112 0.12890100479125977 1 -1 -1 
252 595 138 109 0.12680914998054504 9 -1 -1 
30 459 105 52 0.12674997746944427 5 -1 -1 
759 459 15 35 0.12632857263088226 1 -1 -1 
1117 607 137 63 0.12489360570907593 9 -1 -1 
361 355 38 23 0.12397629767656326 4 -1 -1 
239 464 81 73 0.12040254473686218 4 -1 -1 
166 450 96 53 0.1203809529542923 4 -1 -1 
1117 605 138 66 0.1203635036945343 10 -1 -1 
143 717 164 47 0.1195029467344284 5 -1 -1 
269 211 39 15 0.1188819631934166 6 -1 -1 
361 356 38 22 0.1159617230296135 7 -1 -1 
238 476 69 76 0.1156948134303093 4 -1 -1 
1276 737 83 27 0.11397793143987656 4 -1 -1 
250 535 110 102 0.11146537959575653 8 -1 -1 
144 699 162 63 0.11130108684301376 9 -1 -1 
508 432 17 33 0.11097114533185959 2 -1 -1 
180 11 67 34 0.10952723026275635 4 -1 -1 
269 211 39 14 0.10864923894405365 10 -1 -1 
495 192 17 33 0.10691051930189133 1 -1 -1 
362 354 35 23 0.10670432448387146 1 -1 -1 
509 436 15 34 0.10629616677761078 1 -1 -1 
145 436 127 93 0.1051342636346817 4 -1 -1 
172 497 109 61 0.10391966998577118 5 -1 -1 
689 623 64 104 0.1012316644191742 5 -1 -1 
1115 480 132 60 0.10101863741874695 9 -1 -1 
253 597 135 107 0.10042725503444672 6 -1 -1 
173 450 123 88 0.09984556585550308 6 -1 -1 
271 450 63 59 0.09951528161764145 4 -1 -1 
1117 605 138 66 0.09913580119609833 5 -1 -1 
509 434 15 33 0.0988767147064209 3 -1 -1 
877 424 18 41 0.09845317155122757 1 -1 -1 
921 616 140 81 0.0980701670050621 10 -1 -1 
253 598 137 106 0.09782879799604416 7 -1 -1 
39 638 119 113 0.09709072858095169 7 -1 -1 
268 205 37 17 0.09611432999372482 4 -1 -1 
31 459 104 51 0.0957811251282692 1 -1 -1 
252 578 130 110 0.09568137675523758 5 -1 -1 
168 453 119 89 0.09537335485219955 5 -1 -1 
40 639 118 113 0.0951363742351532 5 -1 -1 
24 449 94 54 0.09504782408475876 4 -1 -1 
1270 484 88 52 0.09456294029951096 1 -1 -1 
255 462 75 51 0.09433705359697342 4 -1 -1 
62 257 34 18 0.0942876860499382 4 -1 -1 
689 624 64 103 0.09367974102497101 1 -1 -1 
875 424 13 42 0.09341853857040405 4 -1 -1 
66 450 150 67 0.09305132180452347 4 -1 -1 
689 623 64 104 0.09302351623773575 9 -1 -1 
197 443 123 95 0.09273071587085724 4 -1 -1 
368 351 28 25 0.09226403385400772 3 -1 -1 
250 536 110 101 0.09194792807102203 10 -1 -1 
689 624 64 103 0.09187550842761993 10 -1 -1 
252 595 138 109 0.09111949801445007 10 -1 -1 
40 641 117 112 0.0893234834074974 6 -1 -1 
269 211 39 15 0.08795475959777832 8 -1 -1 
50 529 78 37 0.08727752417325974 5 -1 -1 
269 211 39 15 0.0862637385725975 5 -1 -1 
1278 737 83 27 0.0861944705247879 5 -1 -1 
39 639 119 112 0.08592969924211502 10 -1 -1 
268 205 37 17 0.08506368845701218 7 -1 -1 
175 468 111 56 0.08480580151081085 5 -1 -1 
226 462 73 83 0.08456123620271683 4 -1 -1 
62 257 34 18 0.08408040553331375 7 -1 -1 
1120 459 115 44 0.08312308043241501 5 -1 -1 
921 616 140 81 0.08185430616140366 7 -1 -1 
1298 107 21 29 0.08069224655628204 1 -1 -1 
1117 605 138 66 0.08002122491598129 1 -1 -1 
172 498 108 60 0.0795387551188469 1 -1 -1 
1270 482 88 52 0.0779651403427124 9 -1 -1 
251 535 109 102 0.0773208811879158 6 -1 -1 
921 616 140 81 0.07640407979488373 1 -1 -1 
938 466 163 74 0.07472708821296692 3 -1 -1 
267 532 93 49 0.07438588887453079 6 -1 -1 
77 467 100 56 0.07382627576589584 5 -1 -1 
1113 485 132 54 0.07324051856994629 1 -1 -1 
66 458 99 55 0.0731031522154808 5 -1 -1 
1136 452 96 39 0.07198560982942581 4 -1 -1 
1271 594 88 63 0.07154994457960129 1 -1 -1 
144 719 162 45 0.07081890106201172 10 -1 -1 
921 616 141 81 0.06795617938041687 9 -1 -1 
174 438 127 86 0.06569050252437592 9 -1 -1 
30 431 128 75 0.06543430685997009 4 -1 -1 
162 435 124 86 0.06419551372528076 6 -1 -1 
1117 605 138 66 0.06263726204633713 6 -1 -1 
145 436 127 93 0.06115465238690376 5 -1 -1 
938 465 163 76 0.06108587980270386 1 -1 -1 
921 616 140 81 0.060757752507925034 6 -1 -1 
1117 605 138 66 0.058900464326143265 7 -1 -1 
233 442 107 110 0.05743599683046341 4 -1 -1 
38 447 158 66 0.05736330524086952 6 -1 -1 
126 430 120 84 0.053825683891773224 4 -1 -1 
167 490 115 69 0.05162928253412247 9 -1 -1 
921 616 140 81 0.05152793228626251 8 -1 -1 
144 699 162 63 0.05067393183708191 6 -1 -1 
121 451 124 82 0.05040943995118141 4 -1 -1 
38 447 158 66 0.05020223930478096 5 -1 -1 
