991 232 50 48 0.8820458650588989 4 -1 -1 
1094 90 13 12 0.6523067951202393 4 -1 -1 
1124 138 29 25 0.553144097328186 5 -1 -1 
1104 73 9 9 0.4436226487159729 4 -1 -1 
1124 138 29 26 0.4029056429862976 4 -1 -1 
1600 625 29 45 0.33147481083869934 10 -1 -1 
1836 914 44 58 0.32961657643318176 4 -1 -1 
1813 913 68 88 0.2869815528392792 5 -1 -1 
1599 625 31 49 0.25729405879974365 4 -1 -1 
1124 138 29 26 0.2554720342159271 6 -1 -1 
1837 914 43 58 0.21167060732841492 5 -1 -1 
1873 140 9 8 0.19872543215751648 4 -1 -1 
1848 152 6 9 0.19433023035526276 1 -1 -1 
1109 77 6 9 0.185419961810112 4 -1 -1 
1118 151 5 11 0.1737821251153946 10 -1 -1 
1596 625 33 54 0.1711927354335785 1 -1 -1 
1420 151 3 6 0.1701957881450653 1 -1 -1 
311 241 3 7 0.15786173939704895 1 -1 -1 
1118 151 6 11 0.1562436819076538 1 -1 -1 
1902 150 10 9 0.14620493352413177 4 -1 -1 
1851 152 4 10 0.14598225057125092 1 -1 -1 
1839 914 40 57 0.1454087644815445 10 -1 -1 
210 266 4 8 0.14498136937618256 1 -1 -1 
1124 138 29 26 0.14414669573307037 9 -1 -1 
1109 77 6 9 0.1409294456243515 5 -1 -1 
991 232 50 48 0.13515479862689972 5 -1 -1 
1588 626 41 54 0.13365700840950012 10 -1 -1 
1839 914 40 56 0.13132867217063904 1 -1 -1 
1829 913 51 85 0.11544229835271835 4 -1 -1 
1419 149 4 8 0.11367785185575485 1 -1 -1 
1124 138 29 26 0.11281119287014008 8 -1 -1 
1117 151 6 9 0.1091136783361435 2 -1 -1 
1605 626 24 33 0.1078108549118042 4 -1 -1 
1109 74 6 9 0.10395384579896927 4 -1 -1 
217 267 4 10 0.10233443975448608 1 -1 -1 
210 267 4 8 0.09842549264431 10 -1 -1 
1600 625 29 44 0.09819065034389496 2 -1 -1 
210 266 4 8 0.09777248650789261 2 -1 -1 
1848 153 4 9 0.09525652229785919 1 -1 -1 
1095 86 11 12 0.09370794892311096 4 -1 -1 
991 232 49 48 0.0922556072473526 1 -1 -1 
1849 934 34 49 0.08763892203569412 10 -1 -1 
1590 623 44 67 0.08520656079053879 4 -1 -1 
1829 148 6 11 0.08492174744606018 1 -1 -1 
1094 90 13 11 0.08454293012619019 5 -1 -1 
1586 625 39 39 0.0841609388589859 10 -1 -1 
1604 624 27 43 0.08191218972206116 1 -1 -1 
1420 151 3 6 0.07925452291965485 2 -1 -1 
1810 913 70 90 0.07764536142349243 9 -1 -1 
991 232 49 48 0.0771757960319519 9 -1 -1 
1831 915 45 60 0.07717197388410568 9 -1 -1 
1104 76 11 9 0.07569988071918488 4 -1 -1 
1589 626 41 62 0.07562748342752457 9 -1 -1 
1117 150 5 8 0.0745331421494484 2 -1 -1 
1811 913 70 90 0.073908232152462 6 -1 -1 
1839 914 40 56 0.07340729236602783 2 -1 -1 
1094 85 16 16 0.07294479012489319 4 -1 -1 
1605 625 28 59 0.07278706133365631 9 -1 -1 
1585 626 41 42 0.07236156612634659 1 -1 -1 
210 267 4 8 0.06988026201725006 3 -1 -1 
1858 128 6 11 0.06859663128852844 1 -1 -1 
1851 151 6 10 0.06720271706581116 1 -1 -1 
1583 623 50 72 0.0657234713435173 5 -1 -1 
216 267 5 9 0.06569264084100723 2 -1 -1 
210 269 4 8 0.06441740691661835 1 -1 -1 
1119 152 7 11 0.06295657157897949 1 -1 -1 
1848 152 5 9 0.06265407800674438 2 -1 -1 
1102 69 14 15 0.06230366975069046 4 -1 -1 
1873 140 9 7 0.061326466500759125 5 -1 -1 
311 241 3 6 0.060760583728551865 2 -1 -1 
1840 914 54 84 0.06069840490818024 5 -1 -1 
991 232 50 47 0.059794217348098755 10 -1 -1 
1840 914 54 84 0.059626255184412 9 -1 -1 
1579 630 36 37 0.0593273751437664 10 -1 -1 
1094 90 13 11 0.05914921686053276 1 -1 -1 
1115 74 16 13 0.05910981819033623 4 -1 -1 
1118 77 11 9 0.05889470875263214 4 -1 -1 
1419 149 4 8 0.057634834200143814 2 -1 -1 
1104 73 9 9 0.057401809841394424 5 -1 -1 
1849 934 34 49 0.05659312754869461 1 -1 -1 
216 267 4 7 0.05594903603196144 1 -1 -1 
1109 74 6 9 0.05580286309123039 5 -1 -1 
1443 499 7 15 0.055295705795288086 1 -1 -1 
1857 130 5 9 0.05519505962729454 1 -1 -1 
1859 126 7 12 0.054551299661397934 1 -1 -1 
1596 625 34 55 0.054422527551651 5 -1 -1 
1836 914 44 58 0.054168011993169785 6 -1 -1 
1591 624 38 37 0.05372439697384834 4 -1 -1 
1850 151 6 10 0.0532335489988327 2 -1 -1 
1574 625 56 77 0.051951128989458084 4 -1 -1 
1845 154 6 9 0.0502234622836113 1 -1 -1 
