436 387 52 32 0.9853691458702087 6 -1 -1 
274 468 34 16 0.8905730843544006 4 -1 -1 
436 388 52 31 0.8738710284233093 9 -1 -1 
655 481 20 21 0.870631992816925 5 -1 -1 
373 481 18 23 0.8415036201477051 4 -1 -1 
535 431 13 19 0.8149241805076599 6 -1 -1 
507 317 13 5 0.8093199729919434 4 -1 -1 
392 450 14 19 0.8089072704315186 4 -1 -1 
255 487 21 21 0.8028470277786255 4 -1 -1 
400 415 12 16 0.7992849349975586 4 -1 -1 
374 404 12 14 0.7919845581054688 4 -1 -1 
471 426 12 15 0.7644823789596558 4 -1 -1 
357 440 14 18 0.7573376893997192 4 -1 -1 
376 362 18 9 0.7453674674034119 4 -1 -1 
515 403 20 9 0.7397580146789551 4 -1 -1 
546 417 12 17 0.7248164415359497 4 -1 -1 
415 403 12 15 0.7245786786079407 4 -1 -1 
546 494 34 16 0.7073504328727722 4 -1 -1 
542 402 24 10 0.7015595436096191 4 -1 -1 
426 359 9 10 0.6719512343406677 4 -1 -1 
344 455 19 22 0.6628119945526123 4 -1 -1 
335 369 13 10 0.6570358276367188 4 -1 -1 
448 313 6 8 0.6379653811454773 4 -1 -1 
484 363 9 10 0.6364417672157288 4 -1 -1 
475 475 19 18 0.6302545666694641 4 -1 -1 
534 416 11 13 0.6301129460334778 4 -1 -1 
480 455 11 17 0.6264144778251648 4 -1 -1 
361 481 5 13 0.6252540349960327 1 -1 -1 
468 381 10 9 0.6227849125862122 4 -1 -1 
524 395 20 11 0.62269127368927 5 -1 -1 
689 520 41 18 0.6215136051177979 4 -1 -1 
484 354 8 9 0.620476245880127 4 -1 -1 
319 416 28 15 0.5982508659362793 4 -1 -1 
457 282 4 4 0.5953578948974609 4 -1 -1 
483 492 16 22 0.5917699933052063 4 -1 -1 
401 348 12 15 0.5903885960578918 6 -1 -1 
518 304 5 6 0.5836772322654724 4 -1 -1 
504 310 13 6 0.5823571681976318 4 -1 -1 
333 475 21 30 0.5595940351486206 4 -1 -1 
439 329 7 7 0.546663224697113 4 -1 -1 
548 520 46 17 0.5384693145751953 4 -1 -1 
368 427 16 16 0.5108270645141602 4 -1 -1 
369 427 15 16 0.510689914226532 5 -1 -1 
507 323 10 6 0.49249064922332764 4 -1 -1 
465 288 5 5 0.489146888256073 4 -1 -1 
441 287 7 10 0.47609633207321167 5 -1 -1 
546 481 31 15 0.46734505891799927 4 -1 -1 
333 475 21 30 0.4546331465244293 5 -1 -1 
462 266 4 4 0.4532387852668762 4 -1 -1 
361 481 5 13 0.4519432783126831 3 -1 -1 
546 481 31 15 0.4483537971973419 5 -1 -1 
377 354 19 9 0.4312306344509125 4 -1 -1 
402 351 10 12 0.4292029142379761 5 -1 -1 
361 481 5 12 0.4216615855693817 2 -1 -1 
504 302 6 6 0.4212397038936615 4 -1 -1 
504 304 7 6 0.409706175327301 4 -1 -1 
362 341 8 9 0.4084828197956085 9 -1 -1 
576 479 6 12 0.40803924202919006 1 -1 -1 
371 415 6 8 0.4011898934841156 10 -1 -1 
407 342 6 9 0.39987561106681824 4 -1 -1 
390 423 4 8 0.39023280143737793 2 -1 -1 
439 329 7 7 0.38882994651794434 5 -1 -1 
459 272 4 4 0.3858410120010376 4 -1 -1 
389 424 5 10 0.38542822003364563 10 -1 -1 
361 481 5 13 0.37605932354927063 10 -1 -1 
441 287 7 10 0.36925557255744934 4 -1 -1 
704 508 14 16 0.3635965883731842 5 -1 -1 
503 312 10 6 0.3559322655200958 4 -1 -1 
402 351 10 12 0.3514174818992615 4 -1 -1 
512 351 13 20 0.34954971075057983 6 -1 -1 
544 519 51 18 0.3466480076313019 5 -1 -1 
515 298 7 5 0.3457472324371338 4 -1 -1 
504 307 7 6 0.34512606263160706 4 -1 -1 
563 457 7 15 0.34230726957321167 1 -1 -1 
482 325 8 7 0.3416528105735779 4 -1 -1 
474 327 3 5 0.3336923122406006 1 -1 -1 
459 275 4 4 0.3292146921157837 4 -1 -1 
534 426 12 11 0.324297696352005 4 -1 -1 
459 277 4 4 0.31628718972206116 4 -1 -1 
440 287 8 10 0.3032917082309723 6 -1 -1 
524 395 20 10 0.30120840668678284 4 -1 -1 
440 287 8 10 0.3007117807865143 8 -1 -1 
378 357 18 8 0.29794976115226746 4 -1 -1 
646 461 4 10 0.29716941714286804 1 -1 -1 
468 381 10 9 0.2964433431625366 5 -1 -1 
486 373 14 16 0.29540908336639404 4 -1 -1 
475 474 19 19 0.29360631108283997 5 -1 -1 
355 375 20 10 0.2920893728733063 4 -1 -1 
428 336 3 6 0.2868375778198242 10 -1 -1 
485 373 10 11 0.28566619753837585 4 -1 -1 
704 508 14 16 0.2856604754924774 4 -1 -1 
436 388 52 31 0.2835514545440674 10 -1 -1 
509 347 15 24 0.2789170742034912 9 -1 -1 
515 293 10 7 0.27804380655288696 9 -1 -1 
184 523 42 16 0.2775951325893402 4 -1 -1 
516 376 20 18 0.27590975165367126 5 -1 -1 
483 491 16 23 0.2744572162628174 5 -1 -1 
515 295 8 6 0.27230820059776306 4 -1 -1 
362 341 8 9 0.27021363377571106 5 -1 -1 
682 473 7 10 0.268682599067688 10 -1 -1 
362 341 8 9 0.26806822419166565 4 -1 -1 
448 313 6 8 0.26789817214012146 5 -1 -1 
413 360 3 5 0.26588594913482666 2 -1 -1 
510 311 8 6 0.2622213661670685 4 -1 -1 
335 403 5 10 0.25907525420188904 1 -1 -1 
440 287 8 10 0.25591376423835754 9 -1 -1 
344 455 19 22 0.25515908002853394 5 -1 -1 
362 341 8 9 0.2539331614971161 6 -1 -1 
506 345 18 26 0.2531997859477997 6 -1 -1 
461 268 3 4 0.25108736753463745 4 -1 -1 
465 288 5 5 0.25052109360694885 5 -1 -1 
460 267 5 3 0.2503141164779663 4 -1 -1 
534 416 11 13 0.2502989172935486 5 -1 -1 
507 324 9 6 0.2458512783050537 4 -1 -1 
480 333 11 9 0.24225062131881714 7 -1 -1 
682 472 6 9 0.24063411355018616 2 -1 -1 
642 463 5 8 0.24034275114536285 10 -1 -1 
348 354 9 5 0.23704585433006287 4 -1 -1 
455 267 3 4 0.23571771383285522 4 -1 -1 
515 295 8 7 0.23569008708000183 9 -1 -1 
682 473 7 10 0.23398660123348236 4 -1 -1 
390 422 4 6 0.2331807166337967 2 -1 -1 
483 526 17 12 0.23308946192264557 4 -1 -1 
534 430 15 20 0.23263119161128998 5 -1 -1 
376 360 19 9 0.231778085231781 4 -1 -1 
426 359 9 10 0.23167017102241516 5 -1 -1 
480 382 3 7 0.23106011748313904 1 -1 -1 
421 319 3 5 0.23074616491794586 1 -1 -1 
482 508 23 10 0.23074515163898468 4 -1 -1 
481 508 23 11 0.22984854876995087 5 -1 -1 
308 391 7 14 0.2287457436323166 1 -1 -1 
378 352 17 8 0.22854295372962952 4 -1 -1 
468 269 4 5 0.22733251750469208 6 -1 -1 
689 520 41 18 0.2272595763206482 5 -1 -1 
640 473 3 6 0.22642304003238678 1 -1 -1 
436 388 52 31 0.22452092170715332 7 -1 -1 
516 294 12 7 0.224229633808136 4 -1 -1 
479 283 4 4 0.2218317687511444 4 -1 -1 
519 294 8 7 0.218368262052536 4 -1 -1 
504 304 6 6 0.21808019280433655 5 -1 -1 
416 403 12 15 0.2168971449136734 5 -1 -1 
510 357 14 14 0.21506954729557037 6 -1 -1 
436 388 52 31 0.21072876453399658 4 -1 -1 
546 494 34 16 0.20513424277305603 5 -1 -1 
516 376 20 18 0.2032928168773651 4 -1 -1 
436 388 52 31 0.2025754749774933 3 -1 -1 
184 523 42 16 0.20184750854969025 5 -1 -1 
336 401 24 15 0.2006608545780182 4 -1 -1 
481 508 30 13 0.1930435299873352 4 -1 -1 
436 387 52 32 0.1920420527458191 5 -1 -1 
481 509 30 13 0.19072048366069794 5 -1 -1 
655 481 20 21 0.18911561369895935 4 -1 -1 
480 508 27 13 0.17841565608978271 9 -1 -1 
436 387 52 32 0.17666994035243988 2 -1 -1 
24 333 146 45 0.17164471745491028 6 -1 -1 
654 481 21 21 0.16975153982639313 9 -1 -1 
320 416 34 21 0.1695440262556076 4 -1 -1 
333 475 21 30 0.15206274390220642 6 -1 -1 
255 487 21 21 0.1490185707807541 5 -1 -1 
319 416 28 15 0.14789476990699768 5 -1 -1 
436 388 52 31 0.14499813318252563 8 -1 -1 
513 376 22 17 0.13975293934345245 9 -1 -1 
547 516 44 16 0.13803252577781677 4 -1 -1 
509 347 15 24 0.13636504113674164 5 -1 -1 
494 346 31 24 0.1337970644235611 6 -1 -1 
321 413 35 17 0.1313478648662567 4 -1 -1 
534 430 15 20 0.12938626110553741 4 -1 -1 
503 343 22 24 0.12808150053024292 9 -1 -1 
692 509 28 17 0.12636423110961914 4 -1 -1 
336 402 20 19 0.1250215768814087 4 -1 -1 
345 455 18 22 0.12214921414852142 6 -1 -1 
541 484 36 17 0.12214130163192749 4 -1 -1 
540 491 38 16 0.11963984370231628 4 -1 -1 
509 348 15 23 0.1195688471198082 4 -1 -1 
704 506 23 17 0.11798294633626938 4 -1 -1 
654 481 21 21 0.11617930978536606 6 -1 -1 
340 451 22 21 0.11521384119987488 4 -1 -1 
317 417 23 19 0.11425285041332245 4 -1 -1 
505 355 19 17 0.11380451172590256 9 -1 -1 
502 375 33 17 0.11150328814983368 6 -1 -1 
534 430 14 20 0.11080815643072128 9 -1 -1 
542 402 24 10 0.11063619703054428 5 -1 -1 
496 373 39 18 0.11043492704629898 4 -1 -1 
24 333 146 45 0.11015735566616058 9 -1 -1 
333 438 19 19 0.10789497196674347 4 -1 -1 
274 468 34 16 0.10642720758914948 5 -1 -1 
514 375 22 19 0.10641756653785706 6 -1 -1 
475 474 19 19 0.10471142083406448 6 -1 -1 
327 407 28 19 0.1034529060125351 4 -1 -1 
436 387 52 32 0.10336022078990936 1 -1 -1 
495 355 29 17 0.1024770587682724 6 -1 -1 
549 517 44 16 0.10135918855667114 5 -1 -1 
476 509 26 13 0.09975314140319824 4 -1 -1 
693 508 26 17 0.0987931340932846 5 -1 -1 
515 397 23 12 0.09823604673147202 4 -1 -1 
164 490 11 24 0.09781111776828766 10 -1 -1 
482 509 32 13 0.09543091803789139 6 -1 -1 
689 520 41 18 0.09466538578271866 6 -1 -1 
494 346 31 24 0.0924655869603157 9 -1 -1 
472 509 29 13 0.09115016460418701 5 -1 -1 
521 373 23 21 0.09104474633932114 5 -1 -1 
333 475 21 30 0.09082453697919846 9 -1 -1 
319 416 29 16 0.09078177809715271 6 -1 -1 
479 443 17 28 0.09069854766130447 4 -1 -1 
373 481 18 23 0.09044875204563141 5 -1 -1 
704 510 27 20 0.08947589248418808 4 -1 -1 
520 376 19 20 0.08926276117563248 9 -1 -1 
483 523 33 15 0.08751753717660904 4 -1 -1 
688 518 43 21 0.07004141062498093 9 -1 -1 
182 517 50 20 0.0561290867626667 4 -1 -1 
544 518 50 18 0.05486443638801575 9 -1 -1 
544 518 50 18 0.05331062525510788 6 -1 -1 
