899 641 93 109 0.994306743144989 6 -1 -1 
860 509 59 72 0.9305534362792969 4 -1 -1 
836 553 18 40 0.8985463976860046 1 -1 -1 
800 300 32 31 0.8881229162216187 4 -1 -1 
240 51 56 29 0.8789600729942322 6 -1 -1 
783 272 34 30 0.8672063946723938 4 -1 -1 
768 225 26 25 0.8470557928085327 4 -1 -1 
667 3 7 9 0.8149240612983704 6 -1 -1 
740 196 24 22 0.8105629682540894 4 -1 -1 
667 232 41 72 0.8085740208625793 8 -1 -1 
0 395 56 44 0.8080757260322571 4 -1 -1 
787 301 9 29 0.7783657908439636 1 -1 -1 
647 57 9 8 0.7547360062599182 4 -1 -1 
773 199 20 20 0.7329070568084717 4 -1 -1 
143 73 21 10 0.7302417755126953 4 -1 -1 
672 104 14 13 0.7274073362350464 4 -1 -1 
841 305 10 25 0.7234862446784973 1 -1 -1 
694 63 19 30 0.7184559106826782 8 -1 -1 
822 187 43 22 0.6753615140914917 5 -1 -1 
694 63 19 30 0.6622628569602966 7 -1 -1 
673 13 5 5 0.6461203694343567 4 -1 -1 
737 53 14 27 0.6354206800460815 6 -1 -1 
793 561 40 47 0.6325047612190247 7 -1 -1 
125 71 18 12 0.6114043593406677 4 -1 -1 
660 33 8 6 0.6002926826477051 4 -1 -1 
897 652 19 53 0.5932984948158264 1 -1 -1 
108 71 17 11 0.5842981934547424 4 -1 -1 
679 22 7 5 0.5781245231628418 4 -1 -1 
402 57 38 16 0.5529083609580994 4 -1 -1 
86 70 23 10 0.5480165481567383 4 -1 -1 
684 42 9 9 0.5070403814315796 5 -1 -1 
560 47 15 9 0.499428391456604 4 -1 -1 
934 558 12 43 0.49858352541923523 1 -1 -1 
808 559 19 27 0.47888612747192383 2 -1 -1 
727 32 11 15 0.46967917680740356 6 -1 -1 
309 59 46 29 0.4678475856781006 6 -1 -1 
809 559 17 27 0.4543232023715973 1 -1 -1 
684 42 9 9 0.44557079672813416 4 -1 -1 
937 556 16 36 0.425980806350708 1 -1 -1 
835 297 10 25 0.4257473051548004 1 -1 -1 
683 10 5 5 0.418396532535553 4 -1 -1 
936 540 18 42 0.4178892970085144 1 -1 -1 
403 36 33 15 0.404196560382843 4 -1 -1 
759 197 7 18 0.3908677399158478 1 -1 -1 
700 13 9 14 0.3906303346157074 6 -1 -1 
937 541 17 37 0.3890480697154999 2 -1 -1 
806 273 15 18 0.3801075518131256 4 -1 -1 
112 71 19 11 0.37857818603515625 4 -1 -1 
899 641 93 109 0.37550604343414307 4 -1 -1 
821 187 46 21 0.37493202090263367 4 -1 -1 
273 35 42 18 0.3740828037261963 6 -1 -1 
934 557 16 43 0.3526269495487213 3 -1 -1 
727 32 11 15 0.3484541177749634 8 -1 -1 
238 61 25 22 0.34733709692955017 6 -1 -1 
215 71 27 25 0.3460180461406708 6 -1 -1 
694 64 19 29 0.34500014781951904 6 -1 -1 
902 147 15 11 0.3385147452354431 4 -1 -1 
238 61 25 22 0.3299087584018707 4 -1 -1 
938 555 16 37 0.32464203238487244 3 -1 -1 
943 553 12 26 0.3232318162918091 1 -1 -1 
793 561 40 47 0.3189208507537842 6 -1 -1 
746 90 39 64 0.3176400363445282 6 -1 -1 
899 641 93 109 0.3075942099094391 7 -1 -1 
894 138 23 11 0.30353474617004395 4 -1 -1 
793 561 40 47 0.3003723919391632 8 -1 -1 
837 301 11 25 0.2963874340057373 1 -1 -1 
600 55 10 9 0.294831246137619 4 -1 -1 
902 147 17 11 0.29410520195961 5 -1 -1 
318 53 39 27 0.2826303541660309 6 -1 -1 
939 552 16 34 0.28065890073776245 2 -1 -1 
844 553 11 40 0.27642375230789185 1 -1 -1 
905 150 14 11 0.27074548602104187 4 -1 -1 
125 71 18 12 0.27069801092147827 5 -1 -1 
700 13 8 14 0.2698298692703247 8 -1 -1 
308 59 47 30 0.26151639223098755 5 -1 -1 
752 111 30 44 0.26115530729293823 6 -1 -1 
83 70 19 9 0.2580280601978302 4 -1 -1 
667 232 42 72 0.2569887042045593 6 -1 -1 
840 301 10 24 0.2568289041519165 1 -1 -1 
732 65 5 9 0.2554507553577423 10 -1 -1 
118 71 17 11 0.2553555965423584 4 -1 -1 
402 57 38 16 0.25486183166503906 5 -1 -1 
943 553 12 26 0.25157102942466736 2 -1 -1 
744 91 32 36 0.24914975464344025 6 -1 -1 
326 49 33 26 0.2474849671125412 6 -1 -1 
897 140 18 12 0.2460014522075653 4 -1 -1 
801 559 26 33 0.2442503422498703 1 -1 -1 
935 564 17 38 0.2370598167181015 1 -1 -1 
769 40 9 8 0.23664405941963196 4 -1 -1 
682 8 6 6 0.23517823219299316 4 -1 -1 
562 44 16 10 0.2331271767616272 4 -1 -1 
799 560 26 34 0.2325097620487213 2 -1 -1 
899 144 16 11 0.2320861518383026 4 -1 -1 
667 232 41 71 0.23181192576885223 5 -1 -1 
667 232 41 72 0.23107559978961945 9 -1 -1 
732 65 4 8 0.2309681475162506 2 -1 -1 
907 152 15 10 0.23004470765590668 4 -1 -1 
938 540 16 28 0.2259574681520462 1 -1 -1 
904 148 20 11 0.22578440606594086 4 -1 -1 
798 580 34 28 0.2238074541091919 7 -1 -1 
146 75 15 11 0.22234158217906952 4 -1 -1 
799 560 16 28 0.22226814925670624 2 -1 -1 
559 48 10 8 0.22226032614707947 4 -1 -1 
533 136 7 7 0.22064048051834106 4 -1 -1 
726 32 12 15 0.2200169712305069 5 -1 -1 
351 45 38 17 0.21834632754325867 6 -1 -1 
667 3 7 9 0.2165275514125824 5 -1 -1 
732 65 5 9 0.21455693244934082 1 -1 -1 
667 232 41 72 0.21271900832653046 3 -1 -1 
611 3 12 8 0.21217086911201477 4 -1 -1 
93 69 20 10 0.2118804007768631 4 -1 -1 
935 556 17 40 0.21131114661693573 2 -1 -1 
936 541 18 45 0.21102029085159302 3 -1 -1 
681 23 6 5 0.2102053165435791 4 -1 -1 
108 71 17 11 0.20987020432949066 5 -1 -1 
215 70 29 21 0.20825710892677307 4 -1 -1 
835 297 10 21 0.20654237270355225 2 -1 -1 
891 135 16 12 0.20639152824878693 4 -1 -1 
312 51 66 36 0.20530496537685394 6 -1 -1 
402 36 33 15 0.20511071383953094 9 -1 -1 
239 55 32 27 0.20510278642177582 6 -1 -1 
911 185 10 19 0.20418499410152435 1 -1 -1 
794 561 39 47 0.20255836844444275 4 -1 -1 
275 35 40 18 0.20252679288387299 5 -1 -1 
672 104 13 13 0.2023342102766037 5 -1 -1 
898 142 13 12 0.20097492635250092 4 -1 -1 
769 39 15 10 0.2006160318851471 4 -1 -1 
807 273 14 18 0.19791372120380402 5 -1 -1 
247 46 62 30 0.19726891815662384 6 -1 -1 
259 31 56 23 0.19673804938793182 6 -1 -1 
246 51 49 27 0.1961086094379425 5 -1 -1 
328 48 42 21 0.1952642947435379 6 -1 -1 
943 554 13 34 0.19507555663585663 3 -1 -1 
660 33 8 6 0.19323040544986725 5 -1 -1 
323 52 26 20 0.19299829006195068 6 -1 -1 
936 556 17 40 0.19276857376098633 10 -1 -1 
899 641 93 109 0.19241473078727722 10 -1 -1 
803 559 27 45 0.19169214367866516 1 -1 -1 
700 13 8 14 0.19119209051132202 7 -1 -1 
934 558 15 44 0.19100376963615417 10 -1 -1 
795 560 17 34 0.18817049264907837 2 -1 -1 
899 144 16 11 0.18812738358974457 5 -1 -1 
301 57 50 25 0.18676987290382385 6 -1 -1 
327 48 27 20 0.1846761256456375 6 -1 -1 
856 102 19 9 0.18409737944602966 5 -1 -1 
940 543 15 26 0.1835797280073166 2 -1 -1 
306 59 48 29 0.183513343334198 4 -1 -1 
700 13 9 13 0.1826830357313156 5 -1 -1 
667 3 7 9 0.18122471868991852 8 -1 -1 
939 566 15 34 0.18094445765018463 1 -1 -1 
761 38 19 11 0.18080830574035645 4 -1 -1 
524 57 22 11 0.1802523285150528 4 -1 -1 
794 561 23 45 0.18004514276981354 7 -1 -1 
683 10 5 5 0.17852114140987396 10 -1 -1 
750 66 32 15 0.17819730937480927 4 -1 -1 
612 4 14 11 0.17819562554359436 4 -1 -1 
611 4 9 8 0.17780311405658722 4 -1 -1 
934 555 12 30 0.17597374320030212 1 -1 -1 
299 66 18 16 0.17504429817199707 4 -1 -1 
612 44 11 6 0.17485283315181732 4 -1 -1 
143 73 21 10 0.17414307594299316 5 -1 -1 
939 565 14 34 0.17410039901733398 3 -1 -1 
936 553 15 32 0.17409446835517883 2 -1 -1 
395 53 39 17 0.17357589304447174 4 -1 -1 
838 297 10 23 0.17327380180358887 1 -1 -1 
409 55 38 17 0.1707068681716919 4 -1 -1 
889 134 14 11 0.1685621291399002 5 -1 -1 
773 199 20 20 0.1683749258518219 5 -1 -1 
313 56 39 25 0.1671914905309677 5 -1 -1 
446 90 40 17 0.1669817417860031 4 -1 -1 
307 45 7 10 0.16697360575199127 1 -1 -1 
934 545 14 36 0.16671912372112274 1 -1 -1 
250 38 63 29 0.16626064479351044 6 -1 -1 
856 102 20 9 0.16566972434520721 4 -1 -1 
360 44 29 15 0.16473758220672607 6 -1 -1 
615 43 9 6 0.16396145522594452 4 -1 -1 
667 232 41 71 0.16393016278743744 2 -1 -1 
810 567 21 35 0.16376236081123352 1 -1 -1 
612 5 16 14 0.16344282031059265 4 -1 -1 
884 129 13 11 0.16262534260749817 4 -1 -1 
323 46 65 30 0.16179519891738892 6 -1 -1 
0 395 56 43 0.16114528477191925 5 -1 -1 
897 642 95 110 0.15645314753055573 5 -1 -1 
694 63 19 30 0.14846615493297577 2 -1 -1 
667 232 42 72 0.1463196575641632 7 -1 -1 
694 64 19 29 0.13955016434192657 3 -1 -1 
737 54 28 25 0.1343233436346054 6 -1 -1 
783 272 34 30 0.1334022730588913 5 -1 -1 
755 136 31 20 0.13313928246498108 10 -1 -1 
667 232 41 72 0.13050729036331177 4 -1 -1 
899 641 93 109 0.12762564420700073 8 -1 -1 
899 641 93 109 0.1259480118751526 3 -1 -1 
754 113 30 43 0.122622050344944 5 -1 -1 
362 42 75 28 0.12104564905166626 6 -1 -1 
77 72 31 15 0.11905752867460251 4 -1 -1 
667 232 42 72 0.11766823381185532 1 -1 -1 
819 186 33 20 0.11497964709997177 4 -1 -1 
818 186 34 22 0.11359862983226776 5 -1 -1 
694 63 19 31 0.11329232901334763 1 -1 -1 
752 68 37 18 0.11310140043497086 4 -1 -1 
767 100 26 19 0.1129055917263031 8 -1 -1 
239 50 57 31 0.1114925891160965 4 -1 -1 
768 226 26 24 0.11020050942897797 5 -1 -1 
897 642 95 110 0.10991707444190979 2 -1 -1 
297 60 57 30 0.10965748131275177 8 -1 -1 
793 561 40 47 0.1087128147482872 9 -1 -1 
800 300 32 31 0.10820137709379196 5 -1 -1 
765 42 33 22 0.10750540345907211 4 -1 -1 
363 38 75 28 0.10555849969387054 9 -1 -1 
787 302 15 29 0.10456988960504532 1 -1 -1 
744 97 26 38 0.10322387516498566 6 -1 -1 
754 116 33 40 0.10147634893655777 4 -1 -1 
748 88 37 28 0.10146437585353851 6 -1 -1 
794 271 28 24 0.10075287520885468 4 -1 -1 
793 561 40 47 0.09997480362653732 10 -1 -1 
931 538 25 62 0.0976736843585968 1 -1 -1 
740 196 24 22 0.09721009433269501 5 -1 -1 
742 64 34 16 0.0970025435090065 4 -1 -1 
1290 28 45 17 0.09461353719234467 9 -1 -1 
735 48 19 29 0.0939708948135376 6 -1 -1 
897 642 95 110 0.09319748729467392 1 -1 -1 
694 64 19 29 0.09101574122905731 10 -1 -1 
897 642 95 110 0.09088393300771713 9 -1 -1 
793 561 40 47 0.08941511064767838 3 -1 -1 
767 100 26 19 0.08905559033155441 7 -1 -1 
298 59 56 31 0.0875529795885086 7 -1 -1 
821 184 55 26 0.08686210215091705 9 -1 -1 
747 60 35 19 0.0868324339389801 4 -1 -1 
859 509 61 73 0.08676863461732864 5 -1 -1 
373 35 72 30 0.08676686137914658 6 -1 -1 
298 59 56 31 0.08630552142858505 9 -1 -1 
316 51 92 43 0.08606038242578506 6 -1 -1 
0 395 56 44 0.08511289209127426 6 -1 -1 
859 509 60 72 0.0848177969455719 1 -1 -1 
74 75 30 14 0.08439627289772034 4 -1 -1 
740 196 24 22 0.08434002846479416 1 -1 -1 
832 293 17 30 0.0842212364077568 1 -1 -1 
736 53 16 26 0.0841493159532547 5 -1 -1 
838 298 19 30 0.08405402302742004 1 -1 -1 
761 37 33 20 0.08323465287685394 4 -1 -1 
304 45 58 36 0.08316222578287125 6 -1 -1 
793 561 40 47 0.08257393538951874 5 -1 -1 
767 97 27 21 0.08228465914726257 6 -1 -1 
331 42 66 28 0.08203954994678497 6 -1 -1 
755 129 31 27 0.08176368474960327 5 -1 -1 
821 183 58 29 0.08162801712751389 4 -1 -1 
756 85 33 20 0.08129376173019409 5 -1 -1 
840 305 16 30 0.07951756566762924 1 -1 -1 
768 225 26 25 0.07945740967988968 1 -1 -1 
357 48 78 31 0.07861357182264328 6 -1 -1 
783 272 35 29 0.07848386466503143 1 -1 -1 
376 30 68 28 0.07821659743785858 9 -1 -1 
859 509 60 72 0.07806389778852463 10 -1 -1 
694 63 19 31 0.07756199687719345 5 -1 -1 
213 68 52 37 0.07666867971420288 6 -1 -1 
800 300 32 31 0.07635284960269928 1 -1 -1 
755 134 30 22 0.07627438008785248 4 -1 -1 
768 45 32 25 0.0757768526673317 6 -1 -1 
833 115 29 15 0.07555628567934036 4 -1 -1 
123 69 26 15 0.075301393866539 6 -1 -1 
833 295 13 29 0.07529529929161072 2 -1 -1 
767 97 27 21 0.07511787116527557 4 -1 -1 
751 66 39 18 0.07417445629835129 5 -1 -1 
757 95 33 24 0.07389575988054276 8 -1 -1 
305 61 52 43 0.07367439568042755 6 -1 -1 
0 395 56 43 0.07338088750839233 1 -1 -1 
767 97 27 21 0.07252313196659088 5 -1 -1 
365 45 73 27 0.07247577607631683 9 -1 -1 
227 57 64 41 0.07188472896814346 6 -1 -1 
746 97 42 30 0.07134490460157394 6 -1 -1 
286 53 60 32 0.07121486961841583 6 -1 -1 
818 109 33 20 0.0711941197514534 6 -1 -1 
895 138 29 14 0.07093662768602371 4 -1 -1 
746 89 39 66 0.0705731064081192 5 -1 -1 
754 49 47 25 0.06972211599349976 4 -1 -1 
752 60 49 19 0.06894776970148087 4 -1 -1 
885 130 29 15 0.06893959641456604 6 -1 -1 
738 58 34 21 0.0683012381196022 4 -1 -1 
736 52 15 28 0.06826034933328629 9 -1 -1 
892 135 29 14 0.06792156398296356 6 -1 -1 
756 86 32 18 0.06779281049966812 6 -1 -1 
240 51 56 29 0.06756459176540375 9 -1 -1 
256 29 61 25 0.06739634275436401 5 -1 -1 
821 187 47 21 0.06728433817625046 6 -1 -1 
256 29 61 25 0.06716518849134445 9 -1 -1 
818 109 30 18 0.06674002856016159 4 -1 -1 
750 106 29 49 0.06598662585020065 4 -1 -1 
736 52 16 27 0.0657939463853836 1 -1 -1 
107 69 28 13 0.06577000766992569 4 -1 -1 
757 95 33 24 0.065493643283844 6 -1 -1 
745 90 30 34 0.06542894244194031 5 -1 -1 
746 102 32 39 0.06542133539915085 6 -1 -1 
834 115 31 16 0.06539170444011688 6 -1 -1 
242 30 69 29 0.06510414928197861 6 -1 -1 
750 106 29 49 0.0650131106376648 9 -1 -1 
229 49 57 36 0.06430839747190475 6 -1 -1 
859 509 60 72 0.06416025012731552 9 -1 -1 
756 85 33 20 0.06387297064065933 4 -1 -1 
667 232 41 72 0.062351904809474945 10 -1 -1 
781 301 15 30 0.062186967581510544 1 -1 -1 
559 642 296 114 0.05961761251091957 6 -1 -1 
746 89 39 66 0.053940653800964355 4 -1 -1 
