842 271 104 201 0.9319674372673035 4 -1 -1 
738 541 31 67 0.7380163073539734 3 -1 -1 
738 541 31 66 0.3912486732006073 1 -1 -1 
742 541 27 44 0.35467004776000977 2 -1 -1 
738 541 31 64 0.33823591470718384 10 -1 -1 
917 596 52 92 0.242844820022583 4 -1 -1 
745 541 23 37 0.24280792474746704 1 -1 -1 
738 541 31 66 0.22572268545627594 2 -1 -1 
742 541 27 43 0.2156088650226593 3 -1 -1 
746 539 21 30 0.1762678176164627 2 -1 -1 
916 588 53 100 0.14451222121715546 6 -1 -1 
906 540 66 151 0.14438726007938385 4 -1 -1 
841 270 104 201 0.13758350908756256 5 -1 -1 
915 561 57 127 0.13586284220218658 9 -1 -1 
917 581 53 107 0.1318376660346985 5 -1 -1 
899 499 82 195 0.1258365660905838 9 -1 -1 
1105 144 88 150 0.12428472191095352 4 -1 -1 
-6 105 257 611 0.11780307441949844 9 -1 -1 
906 540 66 151 0.11763481050729752 5 -1 -1 
738 541 31 66 0.11556508392095566 4 -1 -1 
742 541 27 43 0.11130998283624649 10 -1 -1 
1168 424 36 37 0.10346639901399612 1 -1 -1 
745 541 29 50 0.10185448825359344 1 -1 -1 
749 540 25 34 0.09941957145929337 2 -1 -1 
1257 448 55 53 0.0987684428691864 4 -1 -1 
842 271 104 200 0.09287390857934952 9 -1 -1 
842 271 104 200 0.09205469489097595 1 -1 -1 
1173 264 11 20 0.09059459716081619 1 -1 -1 
705 469 24 22 0.0898127630352974 3 -1 -1 
682 549 13 20 0.08958159387111664 1 -1 -1 
1226 503 96 48 0.08918192982673645 4 -1 -1 
0 0 420 749 0.08845364302396774 9 -1 -1 
904 516 72 177 0.08556672185659409 6 -1 -1 
904 495 86 199 0.08449438959360123 5 -1 -1 
55 0 318 497 0.08353570848703384 9 -1 -1 
682 549 13 21 0.08289232105016708 3 -1 -1 
865 522 102 168 0.08136498928070068 9 -1 -1 
715 469 16 21 0.08027536422014236 1 -1 -1 
493 350 84 133 0.07848762720823288 4 -1 -1 
736 553 26 56 0.07781917601823807 3 -1 -1 
115 20 16 21 0.07699237763881683 1 -1 -1 
922 567 56 120 0.07629647850990295 4 -1 -1 
701 465 27 25 0.07323919981718063 1 -1 -1 
700 470 16 21 0.07316861301660538 3 -1 -1 
910 490 104 201 0.07304105162620544 9 -1 -1 
910 504 84 191 0.07249785959720612 4 -1 -1 
288 612 184 87 0.07099141925573349 4 -1 -1 
432 633 49 46 0.07031138986349106 10 -1 -1 
842 271 104 200 0.06988571584224701 10 -1 -1 
1161 417 56 49 0.06924661993980408 1 -1 -1 
865 522 102 168 0.0685398057103157 4 -1 -1 
1167 423 36 38 0.0681309700012207 10 -1 -1 
865 522 102 168 0.06746159493923187 5 -1 -1 
715 469 15 22 0.06690700352191925 3 -1 -1 
1220 507 57 71 0.06601518392562866 4 -1 -1 
919 603 50 86 0.06457241624593735 9 -1 -1 
749 539 20 29 0.06352311372756958 1 -1 -1 
288 585 185 110 0.0632871463894844 6 -1 -1 
1218 553 109 114 0.06177815794944763 4 -1 -1 
907 555 57 128 0.061446309089660645 6 -1 -1 
701 469 16 21 0.06138744577765465 1 -1 -1 
926 629 45 61 0.06089462712407112 4 -1 -1 
432 635 44 37 0.059486594051122665 1 -1 -1 
1162 423 40 38 0.05881013348698616 3 -1 -1 
434 633 51 47 0.05877969413995743 4 -1 -1 
736 553 26 56 0.05873947590589523 1 -1 -1 
-6 105 257 611 0.05853446573019028 4 -1 -1 
738 541 31 66 0.058213576674461365 7 -1 -1 
842 271 104 200 0.05790669098496437 6 -1 -1 
1255 448 56 53 0.057792000472545624 5 -1 -1 
842 271 104 200 0.05750483274459839 7 -1 -1 
1130 239 50 36 0.057137083262205124 4 -1 -1 
429 633 31 35 0.056883495301008224 1 -1 -1 
1119 247 32 22 0.056644778698682785 4 -1 -1 
273 533 218 187 0.0560779795050621 4 -1 -1 
735 538 31 37 0.05576176941394806 2 -1 -1 
921 616 47 74 0.055136725306510925 5 -1 -1 
747 539 21 29 0.054617270827293396 9 -1 -1 
865 522 102 168 0.0543583519756794 6 -1 -1 
-6 105 257 611 0.05351414158940315 6 -1 -1 
1105 144 88 150 0.05315638706088066 5 -1 -1 
1340 727 16 34 0.05292940139770508 1 -1 -1 
736 553 26 56 0.05289062112569809 10 -1 -1 
518 95 54 78 0.05254540964961052 4 -1 -1 
287 567 151 128 0.051974207162857056 4 -1 -1 
910 490 104 201 0.051285479217767715 6 -1 -1 
700 470 16 21 0.050967540591955185 9 -1 -1 
1222 513 87 61 0.050889816135168076 4 -1 -1 
494 147 94 72 0.050303198397159576 4 -1 -1 
