235 212 127 67 0.9624002575874329 5 -1 -1 
236 175 125 68 0.9346975684165955 5 -1 -1 
362 323 173 79 0.9324765801429749 4 -1 -1 
950 267 128 62 0.9206517934799194 4 -1 -1 
743 236 126 57 0.9090750217437744 4 -1 -1 
636 280 134 62 0.8867977261543274 4 -1 -1 
272 245 19 48 0.8854941725730896 1 -1 -1 
598 216 21 46 0.8845702409744263 1 -1 -1 
1080 242 112 55 0.884219765663147 4 -1 -1 
809 277 138 79 0.8814150094985962 4 -1 -1 
634 202 22 48 0.8797683715820312 1 -1 -1 
166 243 17 48 0.8696421980857849 1 -1 -1 
71 212 18 46 0.8674546480178833 1 -1 -1 
290 255 16 37 0.8667889833450317 1 -1 -1 
19 168 124 44 0.858208179473877 4 -1 -1 
1212 131 85 33 0.8557849526405334 4 -1 -1 
436 347 182 96 0.8506272435188293 4 -1 -1 
426 244 17 48 0.8492836356163025 1 -1 -1 
789 208 17 33 0.8480579257011414 1 -1 -1 
358 238 15 53 0.8469147086143494 1 -1 -1 
1200 210 92 56 0.8426200747489929 4 -1 -1 
55 245 23 49 0.8410149812698364 1 -1 -1 
152 237 14 42 0.8328248858451843 1 -1 -1 
129 204 119 49 0.831914484500885 4 -1 -1 
371 247 14 48 0.8304470181465149 1 -1 -1 
982 205 16 35 0.8188417553901672 1 -1 -1 
579 202 18 50 0.8176354169845581 1 -1 -1 
750 210 16 39 0.8001498579978943 1 -1 -1 
1260 155 65 32 0.799262523651123 4 -1 -1 
405 243 20 47 0.7849326133728027 1 -1 -1 
112 211 19 43 0.779379665851593 1 -1 -1 
1178 166 78 38 0.7725722193717957 4 -1 -1 
863 209 16 40 0.7693576216697693 1 -1 -1 
967 192 19 40 0.7606809139251709 1 -1 -1 
392 235 17 44 0.7571777701377869 1 -1 -1 
780 294 44 39 0.7242830991744995 10 -1 -1 
790 280 28 44 0.6922102570533752 2 -1 -1 
69 341 174 121 0.6819878220558167 8 -1 -1 
825 209 16 37 0.6795253157615662 1 -1 -1 
677 216 13 29 0.6739310026168823 1 -1 -1 
974 169 17 41 0.6688522100448608 1 -1 -1 
1221 104 44 29 0.6537277102470398 4 -1 -1 
1099 175 78 34 0.6366381049156189 4 -1 -1 
1270 141 88 36 0.6274160146713257 4 -1 -1 
61 194 17 51 0.6203130483627319 1 -1 -1 
67 342 175 119 0.6057723164558411 7 -1 -1 
15 150 115 45 0.5781126618385315 4 -1 -1 
854 199 14 38 0.5748456120491028 1 -1 -1 
775 181 27 27 0.5687361359596252 10 -1 -1 
14 149 111 44 0.5531752705574036 5 -1 -1 
361 242 21 51 0.5530092716217041 1 -1 -1 
776 181 25 28 0.5431033372879028 3 -1 -1 
-2 124 91 45 0.5306320190429688 4 -1 -1 
1024 196 15 42 0.526582658290863 1 -1 -1 
1060 202 12 32 0.5149768590927124 1 -1 -1 
1207 152 38 28 0.5017833709716797 7 -1 -1 
799 185 18 20 0.4925949275493622 10 -1 -1 
789 179 26 26 0.485891193151474 10 -1 -1 
1057 208 11 25 0.4856540858745575 1 -1 -1 
717 201 27 24 0.46665021777153015 10 -1 -1 
105 132 37 23 0.466247022151947 3 -1 -1 
1300 194 59 53 0.4545063376426697 4 -1 -1 
1221 104 46 30 0.44754651188850403 5 -1 -1 
1208 152 38 26 0.43800991773605347 8 -1 -1 
1105 203 104 46 0.4301758408546448 4 -1 -1 
782 179 27 27 0.4274737536907196 10 -1 -1 
392 220 35 32 0.41624313592910767 3 -1 -1 
951 121 13 37 0.4159668982028961 1 -1 -1 
233 241 23 49 0.4140068292617798 1 -1 -1 
783 179 27 27 0.4121401309967041 3 -1 -1 
161 238 18 47 0.4114762246608734 1 -1 -1 
107 131 39 23 0.41131144762039185 10 -1 -1 
409 230 19 45 0.4101504981517792 1 -1 -1 
395 237 19 50 0.40968936681747437 1 -1 -1 
230 280 28 34 0.3934854567050934 10 -1 -1 
1026 202 10 36 0.3917424976825714 1 -1 -1 
0 43 24 21 0.3844039738178253 5 -1 -1 
399 232 24 53 0.3806841969490051 1 -1 -1 
1324 9 32 25 0.3656903803348541 5 -1 -1 
-1 43 24 21 0.36514124274253845 4 -1 -1 
115 132 36 22 0.35760441422462463 3 -1 -1 
1311 58 39 17 0.35046401619911194 10 -1 -1 
856 202 18 43 0.34603196382522583 1 -1 -1 
784 282 36 47 0.343874454498291 10 -1 -1 
-2 124 91 45 0.34084880352020264 5 -1 -1 
127 199 35 28 0.33945709466934204 10 -1 -1 
156 237 18 43 0.33585110306739807 1 -1 -1 
1103 207 72 40 0.3331695795059204 4 -1 -1 
3 125 84 35 0.33130696415901184 7 -1 -1 
1102 192 81 45 0.3284349739551544 4 -1 -1 
125 199 35 28 0.3238491714000702 3 -1 -1 
395 228 32 43 0.32379788160324097 1 -1 -1 
103 137 32 20 0.31972968578338623 3 -1 -1 
233 275 24 33 0.31814044713974 2 -1 -1 
635 224 21 26 0.3138796389102936 1 -1 -1 
239 241 17 39 0.31305640935897827 1 -1 -1 
1328 79 25 21 0.3126619756221771 7 -1 -1 
87 91 23 22 0.31099656224250793 3 -1 -1 
20 74 24 15 0.3101207911968231 7 -1 -1 
108 207 19 44 0.30806028842926025 1 -1 -1 
677 216 13 29 0.307493656873703 2 -1 -1 
17 158 117 51 0.3054574728012085 5 -1 -1 
592 214 21 46 0.3047683835029602 1 -1 -1 
718 181 14 36 0.30431511998176575 1 -1 -1 
1305 59 33 14 0.30157220363616943 10 -1 -1 
103 135 33 22 0.3009575605392456 10 -1 -1 
3 141 88 38 0.3007166385650635 4 -1 -1 
235 268 23 32 0.29945629835128784 2 -1 -1 
116 200 41 28 0.29773133993148804 10 -1 -1 
114 203 43 27 0.2951675355434418 3 -1 -1 
1204 158 12 22 0.2932587265968323 1 -1 -1 
4 121 85 35 0.29235443472862244 8 -1 -1 
1304 18 35 18 0.2917349636554718 7 -1 -1 
717 201 26 23 0.2893546521663666 3 -1 -1 
18 73 26 18 0.2891846299171448 10 -1 -1 
1102 182 78 42 0.2889042794704437 4 -1 -1 
792 186 9 21 0.288478285074234 1 -1 -1 
394 222 33 50 0.2875242233276367 3 -1 -1 
436 346 181 97 0.2799801230430603 5 -1 -1 
1234 120 13 23 0.2773561477661133 1 -1 -1 
235 259 23 41 0.2769020199775696 1 -1 -1 
-1 127 92 42 0.27348756790161133 8 -1 -1 
797 183 17 17 0.27348092198371887 10 -1 -1 
717 193 19 30 0.2717457413673401 2 -1 -1 
790 280 29 44 0.2711254954338074 1 -1 -1 
774 180 18 25 0.2711135447025299 3 -1 -1 
1062 211 11 23 0.26854002475738525 1 -1 -1 
1215 142 19 26 0.2681967318058014 7 -1 -1 
400 224 27 49 0.2669822573661804 2 -1 -1 
392 226 23 48 0.26694539189338684 1 -1 -1 
227 280 30 36 0.2652132213115692 2 -1 -1 
13 71 31 20 0.2623615562915802 7 -1 -1 
220 309 26 33 0.2613588273525238 3 -1 -1 
112 206 23 35 0.2613316774368286 1 -1 -1 
383 212 39 33 0.2597399353981018 3 -1 -1 
1304 18 35 18 0.2580760419368744 3 -1 -1 
417 239 20 50 0.2555919289588928 1 -1 -1 
10 120 79 36 0.2508735656738281 4 -1 -1 
0 43 22 21 0.24899683892726898 9 -1 -1 
113 127 30 23 0.24779804050922394 3 -1 -1 
27 122 63 33 0.24450702965259552 7 -1 -1 
392 220 35 44 0.24439340829849243 10 -1 -1 
779 295 47 39 0.241829052567482 2 -1 -1 
228 287 31 32 0.23990289866924286 3 -1 -1 
1306 17 33 19 0.23893801867961884 10 -1 -1 
378 209 33 31 0.23803430795669556 3 -1 -1 
807 278 141 78 0.23453600704669952 5 -1 -1 
1319 13 30 23 0.23271723091602325 4 -1 -1 
717 200 26 26 0.23210939764976501 2 -1 -1 
718 189 13 28 0.22673682868480682 2 -1 -1 
136 195 32 28 0.22542168200016022 3 -1 -1 
1204 154 18 26 0.22518043220043182 1 -1 -1 
1246 0 21 28 0.22486956417560577 1 -1 -1 
228 242 42 40 0.22374561429023743 10 -1 -1 
1006 149 18 24 0.22354756295681 1 -1 -1 
583 212 22 46 0.2231464684009552 1 -1 -1 
111 207 20 40 0.22280442714691162 2 -1 -1 
1162 250 21 37 0.21707949042320251 1 -1 -1 
1099 175 77 34 0.21666501462459564 5 -1 -1 
1005 187 31 50 0.21429899334907532 1 -1 -1 
1319 58 31 17 0.21420292556285858 7 -1 -1 
-1 122 91 47 0.20970892906188965 6 -1 -1 
94 91 30 25 0.19412924349308014 3 -1 -1 
1212 131 85 33 0.19269707798957825 6 -1 -1 
68 342 174 119 0.18495029211044312 4 -1 -1 
1021 197 17 41 0.18483665585517883 2 -1 -1 
83 92 35 24 0.1824009269475937 3 -1 -1 
1199 210 94 57 0.18233516812324524 5 -1 -1 
219 211 89 51 0.18146197497844696 4 -1 -1 
2 138 93 38 0.17954085767269135 5 -1 -1 
219 211 89 51 0.17733514308929443 5 -1 -1 
1104 206 83 42 0.1765509843826294 5 -1 -1 
998 179 33 55 0.17502759397029877 1 -1 -1 
235 212 127 67 0.17237244546413422 4 -1 -1 
1101 212 91 44 0.1714434027671814 4 -1 -1 
68 342 174 119 0.17136982083320618 6 -1 -1 
236 176 125 68 0.17098723351955414 4 -1 -1 
236 176 125 68 0.16969774663448334 6 -1 -1 
1300 194 60 53 0.16830620169639587 5 -1 -1 
-1 131 91 40 0.16736915707588196 7 -1 -1 
130 205 113 48 0.16655974090099335 5 -1 -1 
2 138 93 38 0.15290798246860504 8 -1 -1 
1258 155 67 33 0.15032941102981567 5 -1 -1 
2 138 93 38 0.15002675354480743 6 -1 -1 
1003 180 33 57 0.14516431093215942 2 -1 -1 
1178 166 78 38 0.14404252171516418 5 -1 -1 
1102 182 78 42 0.14110015332698822 5 -1 -1 
1270 142 90 36 0.13803339004516602 5 -1 -1 
1012 199 24 40 0.13703376054763794 1 -1 -1 
1104 206 83 42 0.13426274061203003 6 -1 -1 
743 236 125 57 0.13304807245731354 5 -1 -1 
1212 131 85 33 0.13034480810165405 5 -1 -1 
1102 192 81 45 0.12490663677453995 5 -1 -1 
237 175 124 65 0.12388163059949875 9 -1 -1 
217 267 41 60 0.12255744636058807 10 -1 -1 
998 178 22 47 0.1221892237663269 1 -1 -1 
221 194 134 64 0.12089074403047562 5 -1 -1 
701 106 42 72 0.12056821584701538 1 -1 -1 
11 106 80 44 0.11851691454648972 8 -1 -1 
1257 155 69 33 0.11828327178955078 9 -1 -1 
361 323 174 80 0.11694325506687164 1 -1 -1 
68 341 174 120 0.11669071763753891 5 -1 -1 
975 194 20 41 0.11525356024503708 1 -1 -1 
229 211 134 67 0.11454936861991882 9 -1 -1 
861 203 20 39 0.1140882670879364 1 -1 -1 
1012 177 29 61 0.11333829909563065 1 -1 -1 
0 40 32 27 0.1105876937508583 4 -1 -1 
967 176 22 47 0.10892229527235031 1 -1 -1 
99 96 27 28 0.10880637168884277 3 -1 -1 
984 205 25 35 0.10811594128608704 1 -1 -1 
235 212 127 67 0.10808129608631134 6 -1 -1 
794 207 20 37 0.10780563950538635 1 -1 -1 
967 192 19 40 0.10627201944589615 2 -1 -1 
1180 156 75 39 0.10547713935375214 4 -1 -1 
636 280 134 62 0.10455174744129181 5 -1 -1 
110 198 82 42 0.10439365357160568 7 -1 -1 
0 42 32 27 0.10428132116794586 5 -1 -1 
221 196 80 50 0.10371040552854538 4 -1 -1 
998 173 28 33 0.10261907428503036 1 -1 -1 
808 277 141 79 0.10259295254945755 9 -1 -1 
739 234 133 62 0.10241281241178513 9 -1 -1 
1000 144 24 31 0.10239473730325699 1 -1 -1 
129 204 119 49 0.10184379667043686 1 -1 -1 
1002 148 23 27 0.10116629302501678 2 -1 -1 
950 267 128 61 0.10064613074064255 5 -1 -1 
361 323 174 80 0.10005515068769455 5 -1 -1 
637 279 132 63 0.09974723309278488 1 -1 -1 
67 342 175 119 0.09943018108606339 3 -1 -1 
1012 199 24 40 0.09918476641178131 2 -1 -1 
1080 242 112 55 0.09891462326049805 1 -1 -1 
1103 207 72 40 0.09855412691831589 8 -1 -1 
951 267 128 62 0.09846387803554535 1 -1 -1 
3 147 74 42 0.09837134927511215 4 -1 -1 
1258 156 66 33 0.09730445593595505 6 -1 -1 
1000 196 29 41 0.09713870286941528 2 -1 -1 
88 96 34 27 0.09542673826217651 3 -1 -1 
1002 174 35 46 0.09524809569120407 1 -1 -1 
743 236 126 57 0.09503759443759918 1 -1 -1 
436 347 182 95 0.09466587007045746 1 -1 -1 
-2 124 91 45 0.09433957934379578 9 -1 -1 
1087 172 75 34 0.09385546296834946 4 -1 -1 
19 168 124 44 0.09383366256952286 1 -1 -1 
1198 210 95 56 0.09382162243127823 1 -1 -1 
219 219 76 60 0.09300006926059723 4 -1 -1 
10 132 111 41 0.0919213518500328 4 -1 -1 
1159 13 67 53 0.09179969131946564 5 -1 -1 
1178 167 78 37 0.09144064038991928 1 -1 -1 
223 186 106 59 0.0913563147187233 4 -1 -1 
223 196 128 61 0.09091906249523163 4 -1 -1 
825 209 17 37 0.09013819694519043 2 -1 -1 
974 169 17 40 0.08967027813196182 2 -1 -1 
741 237 84 36 0.08903995901346207 4 -1 -1 
11 106 80 44 0.08823812007904053 5 -1 -1 
1079 241 113 55 0.08700133115053177 5 -1 -1 
97 155 48 47 0.0860617384314537 4 -1 -1 
949 262 131 66 0.08554157614707947 9 -1 -1 
993 201 22 37 0.0854656994342804 1 -1 -1 
1212 131 85 33 0.08482717722654343 1 -1 -1 
807 278 141 77 0.07979800552129745 10 -1 -1 
635 269 133 70 0.07580200582742691 9 -1 -1 
807 278 141 77 0.06839462369680405 7 -1 -1 
806 279 143 76 0.06535954773426056 6 -1 -1 
809 277 138 79 0.061555758118629456 1 -1 -1 
739 234 133 62 0.057039547711610794 6 -1 -1 
166 182 149 78 0.0552927665412426 4 -1 -1 
807 278 141 77 0.05071934685111046 8 -1 -1 
130 195 149 65 0.05027559772133827 4 -1 -1 
