993 109 81 37 0.9899852275848389 6 -1 -1 
502 309 56 71 0.9404844641685486 4 -1 -1 
646 595 92 145 0.9398695230484009 4 -1 -1 
628 453 70 94 0.9280967712402344 4 -1 -1 
569 71 20 30 0.9196804761886597 8 -1 -1 
620 287 52 56 0.9159193634986877 4 -1 -1 
445 173 58 44 0.9029182195663452 4 -1 -1 
548 116 32 35 0.86936354637146 4 -1 -1 
0 459 167 67 0.868329644203186 4 -1 -1 
617 184 38 41 0.8489111661911011 4 -1 -1 
767 626 93 138 0.847851574420929 4 -1 -1 
415 107 67 32 0.837123453617096 4 -1 -1 
1292 86 60 29 0.83139967918396 4 -1 -1 
619 117 29 29 0.8271111845970154 4 -1 -1 
1220 95 75 33 0.8113096356391907 4 -1 -1 
515 80 28 28 0.8011354804039001 4 -1 -1 
705 152 57 38 0.7985867857933044 4 -1 -1 
647 57 28 27 0.7892606854438782 4 -1 -1 
534 43 14 16 0.7841014266014099 7 -1 -1 
582 48 8 21 0.7789214253425598 1 -1 -1 
484 9 33 18 0.7775904536247253 5 -1 -1 
717 61 57 29 0.7644293308258057 4 -1 -1 
511 133 18 27 0.7627208828926086 7 -1 -1 
704 114 9 19 0.7620363831520081 3 -1 -1 
671 161 12 23 0.7516849040985107 2 -1 -1 
59 371 49 32 0.7509688138961792 10 -1 -1 
908 110 67 24 0.7382030487060547 4 -1 -1 
564 39 23 22 0.7249457836151123 4 -1 -1 
-1 340 56 94 0.7239482402801514 5 -1 -1 
704 107 9 20 0.7124466300010681 2 -1 -1 
567 18 21 22 0.7009694576263428 4 -1 -1 
990 86 12 25 0.6963473558425903 1 -1 -1 
345 372 19 39 0.6956837773323059 2 -1 -1 
199 129 84 35 0.6904891133308411 4 -1 -1 
512 130 15 23 0.6892669796943665 2 -1 -1 
477 138 11 23 0.6871745586395264 10 -1 -1 
573 8 18 18 0.6866155862808228 4 -1 -1 
551 152 12 23 0.6854066848754883 2 -1 -1 
477 131 11 23 0.6532880067825317 2 -1 -1 
481 19 35 18 0.6470012068748474 4 -1 -1 
346 384 19 38 0.6432337164878845 10 -1 -1 
1091 90 16 22 0.6356160640716553 10 -1 -1 
567 698 31 64 0.6243407726287842 8 -1 -1 
432 246 15 28 0.6213663220405579 2 -1 -1 
701 44 49 25 0.6095189452171326 4 -1 -1 
901 120 57 26 0.6088456511497498 4 -1 -1 
1001 79 8 21 0.6073401570320129 1 -1 -1 
419 319 17 33 0.6004167795181274 2 -1 -1 
510 134 18 26 0.60005122423172 10 -1 -1 
662 77 9 18 0.5930766463279724 2 -1 -1 
229 194 77 34 0.5868544578552246 4 -1 -1 
527 0 18 20 0.5854957103729248 4 -1 -1 
512 111 12 19 0.5815410614013672 10 -1 -1 
550 158 13 25 0.5800380110740662 10 -1 -1 
432 256 15 31 0.5754034519195557 10 -1 -1 
671 169 11 23 0.5746355652809143 3 -1 -1 
197 140 80 36 0.5693729519844055 4 -1 -1 
1260 82 19 15 0.5692009925842285 10 -1 -1 
559 59 23 25 0.5653620958328247 4 -1 -1 
456 152 12 20 0.5549403429031372 2 -1 -1 
749 178 14 22 0.5546814799308777 3 -1 -1 
751 167 12 26 0.5416424870491028 2 -1 -1 
907 96 8 23 0.5413363575935364 1 -1 -1 
427 75 60 25 0.5378844141960144 4 -1 -1 
575 0 18 15 0.5372538566589355 4 -1 -1 
195 148 78 37 0.5366399884223938 4 -1 -1 
841 71 8 17 0.5348993539810181 1 -1 -1 
0 545 95 62 0.5312971472740173 4 -1 -1 
419 329 19 35 0.521725594997406 10 -1 -1 
421 59 31 33 0.5215452313423157 4 -1 -1 
535 39 10 16 0.5104742050170898 2 -1 -1 
1174 82 17 17 0.51004558801651 10 -1 -1 
549 4 9 14 0.5051313638687134 2 -1 -1 
918 78 41 29 0.5011594891548157 8 -1 -1 
456 157 13 20 0.49943262338638306 10 -1 -1 
566 697 32 67 0.4937137961387634 10 -1 -1 
1160 48 32 50 0.48227474093437195 8 -1 -1 
978 81 9 21 0.48109152913093567 1 -1 -1 
549 8 9 18 0.47843635082244873 10 -1 -1 
661 84 10 16 0.47158506512641907 10 -1 -1 
836 97 15 15 0.4678342044353485 10 -1 -1 
512 105 10 19 0.46575888991355896 2 -1 -1 
999 82 8 20 0.4625084400177002 1 -1 -1 
462 47 45 25 0.46232011914253235 4 -1 -1 
671 169 12 23 0.4579211473464966 10 -1 -1 
567 709 30 55 0.4547058343887329 2 -1 -1 
1129 100 9 17 0.4502641260623932 10 -1 -1 
918 78 41 29 0.4413606524467468 7 -1 -1 
749 178 14 22 0.43610841035842896 10 -1 -1 
527 0 18 20 0.4312532842159271 5 -1 -1 
481 17 35 20 0.4287726581096649 5 -1 -1 
519 36 8 14 0.4280402660369873 3 -1 -1 
816 87 26 26 0.4256969094276428 10 -1 -1 
482 14 35 18 0.4218675196170807 4 -1 -1 
346 383 19 39 0.4168093800544739 3 -1 -1 
1205 79 11 19 0.4126066565513611 10 -1 -1 
521 31 7 16 0.40802592039108276 2 -1 -1 
847 92 13 13 0.4042617976665497 7 -1 -1 
60 371 48 32 0.3983708322048187 3 -1 -1 
1343 78 14 18 0.3971339464187622 10 -1 -1 
902 113 68 28 0.3915822505950928 4 -1 -1 
1200 79 16 18 0.3813871443271637 3 -1 -1 
865 96 19 22 0.38082054257392883 9 -1 -1 
1161 78 16 21 0.3768364489078522 10 -1 -1 
907 96 8 20 0.3762478232383728 2 -1 -1 
706 53 50 24 0.37478286027908325 5 -1 -1 
995 80 10 25 0.3744366765022278 1 -1 -1 
824 76 37 26 0.3720286786556244 8 -1 -1 
1228 93 15 18 0.36777636408805847 2 -1 -1 
844 86 16 19 0.3564433157444 7 -1 -1 
660 13 15 16 0.353840172290802 7 -1 -1 
1172 81 20 18 0.351218581199646 3 -1 -1 
1258 81 23 18 0.348600834608078 3 -1 -1 
661 83 10 17 0.34823882579803467 3 -1 -1 
549 13 7 13 0.34607020020484924 10 -1 -1 
113 210 99 58 0.3390914499759674 4 -1 -1 
433 256 14 30 0.3387875258922577 3 -1 -1 
521 31 6 16 0.33828088641166687 1 -1 -1 
419 329 19 35 0.33826231956481934 3 -1 -1 
750 167 13 27 0.3333611488342285 1 -1 -1 
-1 342 56 93 0.33188214898109436 4 -1 -1 
551 159 12 25 0.33098724484443665 3 -1 -1 
750 167 13 27 0.3300785422325134 3 -1 -1 
993 84 9 20 0.3288378119468689 1 -1 -1 
816 97 26 17 0.32782942056655884 10 -1 -1 
345 371 19 40 0.3171578049659729 1 -1 -1 
709 54 51 25 0.3170853853225708 4 -1 -1 
1092 89 14 22 0.3161535859107971 2 -1 -1 
828 76 33 27 0.31530889868736267 7 -1 -1 
704 114 9 20 0.3144949674606323 10 -1 -1 
423 64 60 33 0.31134071946144104 4 -1 -1 
519 38 8 12 0.30952873826026917 10 -1 -1 
703 48 47 24 0.3092549443244934 5 -1 -1 
993 109 81 37 0.30205270648002625 7 -1 -1 
906 102 8 17 0.30016830563545227 10 -1 -1 
932 117 38 24 0.29891690611839294 4 -1 -1 
817 87 24 22 0.29678791761398315 3 -1 -1 
1129 100 10 18 0.2954897880554199 3 -1 -1 
1162 71 16 27 0.2923482656478882 8 -1 -1 
569 72 20 30 0.28677302598953247 7 -1 -1 
534 28 7 14 0.28412583470344543 1 -1 -1 
549 12 7 14 0.283643513917923 3 -1 -1 
1160 64 25 35 0.26587092876434326 8 -1 -1 
559 59 24 25 0.2650642395019531 5 -1 -1 
419 319 17 33 0.2545449137687683 1 -1 -1 
903 296 32 22 0.2515706419944763 3 -1 -1 
908 299 26 30 0.2414812594652176 3 -1 -1 
766 625 94 139 0.24078373610973358 10 -1 -1 
993 109 81 37 0.2401704490184784 4 -1 -1 
559 59 24 25 0.23869146406650543 8 -1 -1 
562 65 25 29 0.23806875944137573 8 -1 -1 
566 697 32 67 0.23257574439048767 3 -1 -1 
483 9 34 18 0.23145027458667755 4 -1 -1 
182 119 87 41 0.2311496138572693 4 -1 -1 
895 295 33 21 0.2224116176366806 3 -1 -1 
817 85 32 23 0.21733194589614868 10 -1 -1 
991 108 82 39 0.21671579778194427 8 -1 -1 
197 145 78 39 0.21388772130012512 5 -1 -1 
0 549 98 94 0.21176697313785553 4 -1 -1 
991 108 82 39 0.20863217115402222 5 -1 -1 
199 134 78 34 0.19955602288246155 5 -1 -1 
819 79 39 27 0.19443689286708832 7 -1 -1 
510 130 19 30 0.19367392361164093 2 -1 -1 
424 53 66 39 0.18606159090995789 4 -1 -1 
1161 73 29 26 0.1855154186487198 10 -1 -1 
1220 95 75 33 0.17727252840995789 5 -1 -1 
133 203 94 55 0.17600494623184204 4 -1 -1 
180 154 89 39 0.1741243600845337 4 -1 -1 
1160 48 32 50 0.17139315605163574 7 -1 -1 
895 298 31 27 0.16018526256084442 3 -1 -1 
569 72 20 30 0.16014152765274048 2 -1 -1 
432 246 15 33 0.1596037596464157 10 -1 -1 
-4 547 99 90 0.1592254787683487 6 -1 -1 
98 199 130 76 0.1572776585817337 4 -1 -1 
432 246 15 33 0.1561514437198639 1 -1 -1 
817 85 32 23 0.15606354176998138 7 -1 -1 
438 42 68 31 0.15378990769386292 4 -1 -1 
97 184 62 57 0.15157069265842438 4 -1 -1 
559 59 24 25 0.15108700096607208 7 -1 -1 
566 698 33 66 0.1510494202375412 7 -1 -1 
190 125 89 37 0.15079043805599213 5 -1 -1 
310 229 65 43 0.15049943327903748 4 -1 -1 
213 197 78 41 0.15012989938259125 4 -1 -1 
619 117 29 29 0.15010763704776764 5 -1 -1 
1256 75 26 23 0.14878727495670319 10 -1 -1 
166 116 72 44 0.14809812605381012 4 -1 -1 
113 210 99 58 0.14784355461597443 5 -1 -1 
569 71 20 30 0.14783255755901337 5 -1 -1 
346 381 19 40 0.14551033079624176 2 -1 -1 
190 115 88 33 0.1443929374217987 4 -1 -1 
514 79 29 29 0.14427340030670166 5 -1 -1 
899 292 33 19 0.14365626871585846 3 -1 -1 
150 62 127 58 0.14223068952560425 9 -1 -1 
497 21 41 17 0.14152829349040985 4 -1 -1 
203 213 74 38 0.13736595213413239 4 -1 -1 
559 59 24 25 0.13695329427719116 6 -1 -1 
819 79 39 27 0.1365240514278412 10 -1 -1 
815 92 27 24 0.1362278014421463 3 -1 -1 
569 71 20 30 0.13589543104171753 4 -1 -1 
150 62 127 58 0.13563689589500427 6 -1 -1 
767 626 94 137 0.13484665751457214 1 -1 -1 
102 199 70 65 0.1347036510705948 4 -1 -1 
305 221 69 49 0.13467584550380707 6 -1 -1 
345 372 20 39 0.13448089361190796 10 -1 -1 
817 85 32 23 0.1339266449213028 8 -1 -1 
569 72 20 29 0.133422389626503 10 -1 -1 
1161 73 29 26 0.13050830364227295 3 -1 -1 
834 77 27 31 0.13039524853229523 8 -1 -1 
229 194 78 34 0.13029544055461884 5 -1 -1 
1160 64 25 35 0.12799181044101715 7 -1 -1 
485 0 34 18 0.12792661786079407 4 -1 -1 
422 55 64 40 0.1265585720539093 5 -1 -1 
993 109 81 37 0.12634065747261047 10 -1 -1 
487 3 33 21 0.12515851855278015 5 -1 -1 
645 595 93 145 0.12484160810709 1 -1 -1 
818 85 34 25 0.12441205233335495 3 -1 -1 
646 595 92 145 0.12352868914604187 9 -1 -1 
133 121 67 48 0.12352678179740906 4 -1 -1 
1160 70 21 29 0.12336046248674393 10 -1 -1 
167 74 113 44 0.1232440322637558 5 -1 -1 
510 131 19 30 0.12241193652153015 8 -1 -1 
692 35 61 35 0.12215252965688705 4 -1 -1 
432 254 16 32 0.12106578052043915 2 -1 -1 
175 163 93 40 0.12078408151865005 4 -1 -1 
241 196 89 36 0.12070214748382568 4 -1 -1 
569 72 20 29 0.11902059614658356 1 -1 -1 
7 531 134 134 0.11847084760665894 6 -1 -1 
419 319 17 34 0.11806675791740417 10 -1 -1 
209 162 71 38 0.11697574704885483 4 -1 -1 
99 197 131 75 0.07873737812042236 5 -1 -1 
102 181 134 80 0.0779380202293396 6 -1 -1 
85 172 128 93 0.06807731837034225 4 -1 -1 
98 200 129 75 0.060219742357730865 6 -1 -1 
108 173 140 83 0.05576518550515175 4 -1 -1 
118 191 155 82 0.052748825401067734 4 -1 -1 
1158 44 38 57 0.0525607205927372 4 -1 -1 
102 181 134 80 0.05112121254205704 9 -1 -1 
