379 368 100 99 0.9844621419906616 6 -1 -1 
406 412 112 109 0.9641420841217041 5 -1 -1 
54 293 69 43 0.9219255447387695 4 -1 -1 
116 406 108 80 0.8742998242378235 4 -1 -1 
0 327 73 46 0.8429141044616699 4 -1 -1 
538 455 124 86 0.7893552184104919 4 -1 -1 
700 391 16 41 0.7704798579216003 1 -1 -1 
371 354 63 61 0.6959635019302368 8 -1 -1 
41 128 22 9 0.5501505732536316 4 -1 -1 
9 125 27 12 0.4344543516635895 4 -1 -1 
154 196 39 21 0.38062307238578796 4 -1 -1 
827 261 102 57 0.3487304151058197 6 -1 -1 
903 338 54 46 0.31538695096969604 4 -1 -1 
54 274 29 21 0.31326374411582947 3 -1 -1 
407 412 111 110 0.31193146109580994 4 -1 -1 
59 126 17 11 0.3115839958190918 4 -1 -1 
375 347 114 78 0.30912935733795166 6 -1 -1 
146 191 27 26 0.29608920216560364 4 -1 -1 
54 273 30 21 0.29033464193344116 10 -1 -1 
68 277 15 21 0.27529579401016235 3 -1 -1 
277 332 88 38 0.27317309379577637 4 -1 -1 
290 376 30 26 0.265396386384964 3 -1 -1 
65 116 4 10 0.26035916805267334 1 -1 -1 
61 273 48 26 0.25713568925857544 10 -1 -1 
12 122 20 11 0.25210919976234436 4 -1 -1 
305 466 72 73 0.24512755870819092 7 -1 -1 
209 339 6 15 0.24408534169197083 1 -1 -1 
0 306 15 22 0.23816801607608795 10 -1 -1 
378 368 105 98 0.22657816112041473 5 -1 -1 
374 352 86 62 0.21858881413936615 9 -1 -1 
145 190 28 27 0.2094593644142151 5 -1 -1 
16 124 20 7 0.2087927907705307 4 -1 -1 
36 127 32 13 0.20854948461055756 4 -1 -1 
373 354 74 59 0.20825611054897308 5 -1 -1 
75 277 19 19 0.20802471041679382 3 -1 -1 
305 465 57 49 0.20790360867977142 7 -1 -1 
379 368 100 99 0.20732538402080536 4 -1 -1 
407 411 112 110 0.20366662740707397 6 -1 -1 
104 291 19 18 0.2034842073917389 3 -1 -1 
55 273 17 20 0.19792507588863373 10 -1 -1 
56 271 44 24 0.1886008083820343 10 -1 -1 
1 326 73 48 0.18848571181297302 5 -1 -1 
271 447 110 91 0.18673045933246613 7 -1 -1 
154 196 39 21 0.18215791881084442 5 -1 -1 
375 342 114 77 0.18170040845870972 9 -1 -1 
301 326 69 43 0.18108494579792023 4 -1 -1 
821 259 139 76 0.1790483593940735 6 -1 -1 
99 284 25 25 0.1776808202266693 3 -1 -1 
148 294 9 15 0.1758451610803604 3 -1 -1 
305 466 72 73 0.17558471858501434 8 -1 -1 
406 412 112 109 0.17535901069641113 8 -1 -1 
56 273 46 24 0.1745818555355072 3 -1 -1 
72 276 14 20 0.1722005158662796 10 -1 -1 
13 99 12 9 0.16512387990951538 5 -1 -1 
299 467 76 70 0.1626765877008438 6 -1 -1 
374 352 86 62 0.16255773603916168 6 -1 -1 
59 276 31 25 0.15424025058746338 3 -1 -1 
148 288 12 21 0.15161778032779694 3 -1 -1 
22 117 16 7 0.15052852034568787 4 -1 -1 
57 276 37 22 0.15017962455749512 10 -1 -1 
74 276 20 20 0.14946521818637848 10 -1 -1 
60 278 20 21 0.14924731850624084 3 -1 -1 
270 452 112 85 0.14909964799880981 6 -1 -1 
13 99 12 9 0.14758017659187317 4 -1 -1 
31 115 19 8 0.14708521962165833 4 -1 -1 
54 271 15 21 0.14358823001384735 3 -1 -1 
77 277 23 17 0.14247307181358337 3 -1 -1 
125 235 53 31 0.1418420523405075 4 -1 -1 
206 338 8 18 0.14109791815280914 1 -1 -1 
116 405 108 82 0.14109744131565094 5 -1 -1 
12 103 16 16 0.14063942432403564 6 -1 -1 
538 454 124 85 0.14062829315662384 5 -1 -1 
160 199 41 20 0.13976822793483734 4 -1 -1 
276 448 45 38 0.13848064839839935 5 -1 -1 
268 333 94 38 0.13745559751987457 5 -1 -1 
103 279 28 27 0.13663947582244873 3 -1 -1 
305 465 57 49 0.13570228219032288 6 -1 -1 
277 448 44 36 0.1353359967470169 4 -1 -1 
276 449 46 38 0.13479311764240265 6 -1 -1 
51 128 20 10 0.13393723964691162 4 -1 -1 
911 341 48 31 0.13318878412246704 4 -1 -1 
369 376 13 36 0.13161681592464447 1 -1 -1 
16 128 22 11 0.13153304159641266 4 -1 -1 
379 368 100 99 0.13151276111602783 10 -1 -1 
158 199 29 17 0.13123740255832672 4 -1 -1 
798 7 17 27 0.1310769021511078 2 -1 -1 
406 411 112 109 0.13001854717731476 10 -1 -1 
278 491 99 48 0.1282811164855957 7 -1 -1 
272 496 108 43 0.12825296819210052 6 -1 -1 
1 313 14 21 0.1278858333826065 3 -1 -1 
51 266 30 25 0.1267593801021576 3 -1 -1 
150 190 34 27 0.12655070424079895 5 -1 -1 
110 275 24 31 0.12512975931167603 7 -1 -1 
305 465 57 49 0.12443819642066956 8 -1 -1 
73 281 15 20 0.12300828099250793 3 -1 -1 
0 310 11 19 0.12297210097312927 10 -1 -1 
371 354 63 61 0.12245833873748779 7 -1 -1 
61 127 19 13 0.12172885239124298 4 -1 -1 
276 375 34 27 0.12101061642169952 3 -1 -1 
375 342 114 77 0.12087484449148178 5 -1 -1 
372 361 17 19 0.12082403898239136 10 -1 -1 
77 277 23 17 0.12046793103218079 10 -1 -1 
287 452 66 56 0.11961250752210617 7 -1 -1 
63 116 6 10 0.11917737126350403 1 -1 -1 
370 379 20 38 0.11869125813245773 9 -1 -1 
66 282 15 21 0.11793352663516998 3 -1 -1 
0 124 12 10 0.11690790206193924 4 -1 -1 
373 333 80 66 0.11594951897859573 9 -1 -1 
1 309 12 25 0.11575356125831604 10 -1 -1 
12 101 15 11 0.11565021425485611 5 -1 -1 
94 266 12 24 0.11491049826145172 1 -1 -1 
108 293 18 18 0.11476698517799377 3 -1 -1 
146 191 27 26 0.11413074284791946 6 -1 -1 
373 388 20 33 0.11335915327072144 9 -1 -1 
913 245 46 29 0.11330701410770416 4 -1 -1 
806 263 101 62 0.11232513189315796 6 -1 -1 
104 284 17 21 0.11164482682943344 3 -1 -1 
57 270 20 21 0.11101380735635757 3 -1 -1 
371 354 63 61 0.1109689399600029 4 -1 -1 
68 278 14 22 0.11087975651025772 10 -1 -1 
150 291 15 19 0.11013498157262802 3 -1 -1 
55 267 37 26 0.10987880080938339 3 -1 -1 
371 367 35 47 0.10982075333595276 8 -1 -1 
0 327 74 48 0.10932403057813644 1 -1 -1 
165 193 41 23 0.10614512860774994 4 -1 -1 
110 274 25 32 0.10609064996242523 10 -1 -1 
278 491 99 48 0.10523082315921783 8 -1 -1 
369 371 14 29 0.10507748275995255 1 -1 -1 
54 293 69 43 0.1047905683517456 5 -1 -1 
371 366 13 19 0.10455068945884705 1 -1 -1 
20 119 17 8 0.10389449447393417 4 -1 -1 
55 294 67 42 0.10369972884654999 1 -1 -1 
56 265 37 26 0.10341213643550873 10 -1 -1 
379 368 100 99 0.10334713757038116 7 -1 -1 
901 339 47 30 0.10331466048955917 4 -1 -1 
62 125 20 12 0.1030220091342926 4 -1 -1 
9 125 27 12 0.10285913199186325 5 -1 -1 
702 392 20 41 0.1026419997215271 1 -1 -1 
68 276 51 26 0.10245797038078308 10 -1 -1 
538 454 124 87 0.102257639169693 1 -1 -1 
276 449 45 38 0.10225266963243484 8 -1 -1 
261 332 99 42 0.10188037902116776 6 -1 -1 
863 361 46 66 0.10147295892238617 5 -1 -1 
378 368 105 98 0.10145200788974762 2 -1 -1 
0 308 16 22 0.10075834393501282 3 -1 -1 
700 391 16 41 0.10044971853494644 4 -1 -1 
12 100 14 12 0.10032976418733597 4 -1 -1 
204 340 8 17 0.09953169524669647 1 -1 -1 
110 274 25 32 0.09866658598184586 3 -1 -1 
860 386 13 34 0.09837979078292847 1 -1 -1 
89 277 14 20 0.09815286844968796 3 -1 -1 
378 368 105 98 0.09762561321258545 8 -1 -1 
370 375 17 40 0.09761833399534225 8 -1 -1 
399 389 117 101 0.09743557125329971 6 -1 -1 
51 266 30 25 0.09725379198789597 10 -1 -1 
277 449 59 47 0.09712166339159012 7 -1 -1 
700 391 16 43 0.09668952971696854 3 -1 -1 
57 128 15 12 0.096381776034832 4 -1 -1 
0 305 13 21 0.09608562290668488 2 -1 -1 
798 7 17 27 0.09602873772382736 1 -1 -1 
373 333 80 66 0.09555010497570038 6 -1 -1 
57 270 20 21 0.09550044685602188 10 -1 -1 
63 271 22 19 0.0954018384218216 10 -1 -1 
64 115 5 8 0.09424030035734177 1 -1 -1 
136 182 37 34 0.09422852098941803 4 -1 -1 
94 266 12 24 0.09312230348587036 2 -1 -1 
269 340 87 42 0.09231080114841461 4 -1 -1 
364 364 54 55 0.0919680967926979 8 -1 -1 
863 358 48 68 0.09157359600067139 4 -1 -1 
0 308 7 17 0.09123554080724716 10 -1 -1 
406 412 112 109 0.0906662568449974 2 -1 -1 
307 331 55 31 0.09047912061214447 4 -1 -1 
277 459 74 58 0.09044451266527176 6 -1 -1 
93 275 34 29 0.09029003977775574 3 -1 -1 
55 273 28 21 0.09002363681793213 7 -1 -1 
371 367 17 30 0.0897478386759758 1 -1 -1 
701 390 14 42 0.0893714427947998 2 -1 -1 
264 360 22 32 0.08905009180307388 1 -1 -1 
13 121 11 8 0.08823537081480026 4 -1 -1 
93 277 13 21 0.08793904632329941 3 -1 -1 
298 336 65 30 0.0877411738038063 5 -1 -1 
135 196 37 22 0.08724241703748703 4 -1 -1 
377 404 19 21 0.08689656853675842 3 -1 -1 
261 332 99 42 0.08686842024326324 9 -1 -1 
111 285 18 24 0.08660212904214859 3 -1 -1 
14 121 17 9 0.08626250922679901 4 -1 -1 
103 279 28 27 0.08615241199731827 10 -1 -1 
26 130 16 10 0.08590374886989594 4 -1 -1 
162 197 33 16 0.08578001707792282 4 -1 -1 
68 116 5 9 0.08557499945163727 1 -1 -1 
81 267 32 28 0.08532854914665222 10 -1 -1 
149 200 22 18 0.0851651132106781 4 -1 -1 
66 115 5 9 0.08510059863328934 1 -1 -1 
380 368 97 99 0.08501413464546204 9 -1 -1 
406 412 112 109 0.08497792482376099 7 -1 -1 
16 121 20 8 0.0848500058054924 4 -1 -1 
704 392 12 32 0.08478523045778275 1 -1 -1 
151 194 35 23 0.08461157977581024 6 -1 -1 
92 267 10 24 0.08458761870861053 1 -1 -1 
12 109 18 13 0.08438102900981903 6 -1 -1 
310 463 74 71 0.08348376303911209 9 -1 -1 
116 406 109 80 0.08285193145275116 1 -1 -1 
57 278 24 19 0.08249811083078384 10 -1 -1 
103 232 73 35 0.08237068355083466 4 -1 -1 
74 279 14 20 0.08209052681922913 10 -1 -1 
58 276 45 24 0.08195565640926361 7 -1 -1 
40 129 19 12 0.08182768523693085 4 -1 -1 
267 359 55 47 0.08180472254753113 3 -1 -1 
371 363 17 19 0.08176003396511078 1 -1 -1 
903 338 54 56 0.08137907087802887 6 -1 -1 
371 364 16 20 0.08034222573041916 10 -1 -1 
86 277 16 17 0.08016140758991241 10 -1 -1 
54 293 69 43 0.0800032913684845 9 -1 -1 
205 336 7 14 0.0799776092171669 1 -1 -1 
204 337 6 12 0.07994957268238068 1 -1 -1 
375 342 114 77 0.07986081391572952 4 -1 -1 
369 374 13 37 0.07926180958747864 2 -1 -1 
700 391 13 29 0.07920388877391815 2 -1 -1 
99 284 25 25 0.07898767292499542 10 -1 -1 
903 338 55 47 0.07835130393505096 5 -1 -1 
538 454 124 86 0.0781506821513176 10 -1 -1 
112 293 18 17 0.07813502103090286 3 -1 -1 
65 117 4 9 0.07759342342615128 2 -1 -1 
65 114 5 8 0.07722406834363937 1 -1 -1 
12 102 16 16 0.0771506056189537 5 -1 -1 
701 391 14 43 0.0769195705652237 9 -1 -1 
264 360 22 30 0.07680194824934006 2 -1 -1 
370 371 17 42 0.07679451256990433 1 -1 -1 
0 326 74 48 0.07678025215864182 9 -1 -1 
41 128 22 9 0.07655294239521027 5 -1 -1 
220 345 9 14 0.07590825110673904 1 -1 -1 
170 201 36 21 0.07554613053798676 4 -1 -1 
61 279 39 26 0.07544372975826263 3 -1 -1 
798 264 153 117 0.0753239318728447 6 -1 -1 
20 126 20 11 0.07495266944169998 4 -1 -1 
12 122 20 11 0.07466654479503632 5 -1 -1 
0 306 7 17 0.07436147332191467 2 -1 -1 
270 452 112 85 0.07435408234596252 8 -1 -1 
165 196 40 22 0.07433398813009262 5 -1 -1 
97 272 33 28 0.07390056550502777 10 -1 -1 
376 399 138 68 0.07388165593147278 6 -1 -1 
0 308 14 22 0.07378088682889938 1 -1 -1 
798 16 13 17 0.07372108101844788 2 -1 -1 
156 195 27 18 0.07356824725866318 4 -1 -1 
374 363 18 26 0.07279179245233536 1 -1 -1 
61 279 39 26 0.07279172539710999 10 -1 -1 
4 125 22 10 0.0727277547121048 4 -1 -1 
371 364 14 18 0.07246661931276321 2 -1 -1 
538 454 124 86 0.07211573421955109 9 -1 -1 
0 124 23 10 0.07189285755157471 4 -1 -1 
378 368 105 98 0.07159419357776642 3 -1 -1 
50 129 18 12 0.07148613780736923 4 -1 -1 
77 276 22 21 0.07137692719697952 9 -1 -1 
143 295 14 16 0.07120915502309799 3 -1 -1 
149 296 12 15 0.07063695788383484 3 -1 -1 
376 400 19 24 0.07034341245889664 9 -1 -1 
286 322 83 45 0.07017390429973602 5 -1 -1 
372 378 29 40 0.07001633942127228 9 -1 -1 
370 369 13 29 0.06983735412359238 2 -1 -1 
379 368 100 99 0.069698765873909 1 -1 -1 
55 279 22 17 0.06923021376132965 3 -1 -1 
136 182 37 34 0.06918521225452423 5 -1 -1 
293 337 67 29 0.06895467638969421 9 -1 -1 
92 276 12 19 0.06893140822649002 10 -1 -1 
163 190 38 24 0.06892170011997223 5 -1 -1 
0 122 16 11 0.06892017275094986 4 -1 -1 
389 363 83 49 0.0684986263513565 6 -1 -1 
91 262 20 30 0.06820833683013916 1 -1 -1 
117 406 107 80 0.06806928664445877 9 -1 -1 
111 268 25 37 0.06800064444541931 8 -1 -1 
95 270 11 24 0.06799160689115524 10 -1 -1 
161 194 39 23 0.06797908991575241 6 -1 -1 
278 450 71 58 0.06779726594686508 8 -1 -1 
99 292 23 16 0.06684309989213943 10 -1 -1 
377 361 92 69 0.06663300096988678 5 -1 -1 
99 267 11 23 0.06662583351135254 1 -1 -1 
75 274 14 18 0.06662572920322418 10 -1 -1 
0 304 17 29 0.06637762486934662 9 -1 -1 
206 343 8 15 0.06635577231645584 3 -1 -1 
221 345 8 14 0.0663139671087265 2 -1 -1 
538 454 124 86 0.06617603451013565 6 -1 -1 
92 267 10 24 0.06616900861263275 2 -1 -1 
107 280 18 23 0.06609085202217102 3 -1 -1 
64 264 45 29 0.06603923439979553 10 -1 -1 
373 367 25 43 0.06597558408975601 1 -1 -1 
208 339 7 18 0.06546134501695633 3 -1 -1 
167 202 25 17 0.06545519083738327 4 -1 -1 
277 374 21 26 0.06542347371578217 3 -1 -1 
368 367 13 24 0.06527620553970337 1 -1 -1 
377 392 25 29 0.06521560251712799 9 -1 -1 
61 279 39 26 0.0651761069893837 9 -1 -1 
789 261 137 82 0.06507348269224167 6 -1 -1 
97 285 19 18 0.06476514041423798 3 -1 -1 
106 288 24 26 0.06474082916975021 3 -1 -1 
208 343 7 15 0.06465990096330643 1 -1 -1 
85 277 16 20 0.06449603289365768 9 -1 -1 
88 270 34 28 0.06446067243814468 10 -1 -1 
406 411 112 109 0.06437137722969055 3 -1 -1 
399 389 117 101 0.06393777579069138 5 -1 -1 
406 412 113 109 0.06392742693424225 9 -1 -1 
371 346 65 63 0.0637822151184082 6 -1 -1 
288 383 27 26 0.06366092711687088 3 -1 -1 
148 286 14 24 0.0636419877409935 10 -1 -1 
59 126 16 11 0.06357031315565109 5 -1 -1 
110 264 26 37 0.06348253786563873 7 -1 -1 
102 282 26 27 0.06308833509683609 7 -1 -1 
55 294 67 42 0.06272102892398834 10 -1 -1 
738 350 17 37 0.06232320889830589 1 -1 -1 
265 344 74 54 0.06201707199215889 6 -1 -1 
265 344 74 54 0.06184609979391098 9 -1 -1 
0 308 19 34 0.06170625612139702 10 -1 -1 
116 405 108 82 0.06133547052741051 10 -1 -1 
311 334 75 38 0.0612449124455452 4 -1 -1 
78 274 44 28 0.06123020872473717 3 -1 -1 
539 454 123 86 0.06089061126112938 7 -1 -1 
136 182 37 34 0.06070666387677193 6 -1 -1 
110 264 26 37 0.06038648262619972 6 -1 -1 
0 296 12 35 0.06037702411413193 10 -1 -1 
46 269 26 25 0.06015664339065552 3 -1 -1 
54 266 67 31 0.0601104199886322 4 -1 -1 
277 459 74 58 0.05988802760839462 9 -1 -1 
145 189 28 28 0.05987802892923355 9 -1 -1 
151 186 41 26 0.059844136238098145 4 -1 -1 
295 475 83 64 0.05968746542930603 3 -1 -1 
55 294 67 42 0.05928543955087662 7 -1 -1 
98 268 36 33 0.059245143085718155 3 -1 -1 
116 406 109 80 0.05872998759150505 6 -1 -1 
308 488 71 51 0.05858030542731285 6 -1 -1 
863 359 45 68 0.058133162558078766 6 -1 -1 
372 328 66 56 0.0578838549554348 9 -1 -1 
389 363 83 49 0.05765363201498985 9 -1 -1 
370 356 61 57 0.05754733085632324 1 -1 -1 
173 221 33 18 0.05749494582414627 9 -1 -1 
271 483 82 50 0.05736446753144264 6 -1 -1 
797 10 19 36 0.05713837221264839 1 -1 -1 
539 454 123 86 0.05706660822033882 8 -1 -1 
91 262 20 30 0.05669272691011429 2 -1 -1 
373 333 80 66 0.05657581984996796 5 -1 -1 
373 354 74 59 0.056397005915641785 3 -1 -1 
308 464 52 43 0.05636750906705856 4 -1 -1 
0 302 17 30 0.055895738303661346 2 -1 -1 
894 348 63 53 0.05579984560608864 4 -1 -1 
276 322 91 46 0.05563393607735634 9 -1 -1 
146 284 20 26 0.05562300607562065 3 -1 -1 
264 508 93 30 0.055539265275001526 6 -1 -1 
132 232 66 38 0.05550285801291466 4 -1 -1 
65 274 47 25 0.05522306635975838 4 -1 -1 
307 463 71 72 0.05485495924949646 4 -1 -1 
87 277 37 29 0.05459976941347122 10 -1 -1 
828 262 106 56 0.05446691811084747 5 -1 -1 
110 264 26 37 0.05444440245628357 9 -1 -1 
148 185 38 29 0.053908564150333405 6 -1 -1 
135 196 37 22 0.053776394575834274 5 -1 -1 
102 272 30 30 0.053381193429231644 7 -1 -1 
408 366 82 45 0.05326062813401222 4 -1 -1 
816 288 133 114 0.05324624106287956 6 -1 -1 
89 263 21 29 0.053164295852184296 10 -1 -1 
154 196 39 21 0.053058743476867676 9 -1 -1 
173 220 34 17 0.05300514027476311 4 -1 -1 
265 344 74 54 0.05290639027953148 4 -1 -1 
165 185 36 26 0.052893586456775665 4 -1 -1 
312 321 70 44 0.05278685688972473 4 -1 -1 
376 407 55 63 0.05254578962922096 9 -1 -1 
0 308 19 34 0.05203218013048172 3 -1 -1 
91 287 31 28 0.05182458832859993 3 -1 -1 
371 354 64 60 0.05176374316215515 10 -1 -1 
118 279 18 30 0.05167144164443016 9 -1 -1 
91 287 31 28 0.05152823403477669 10 -1 -1 
173 221 33 18 0.05152277648448944 6 -1 -1 
299 467 76 70 0.05123358219861984 5 -1 -1 
387 364 140 109 0.05090712383389473 9 -1 -1 
812 278 69 62 0.05072809383273125 6 -1 -1 
354 346 100 87 0.050540294498205185 9 -1 -1 
0 326 74 48 0.05030907317996025 6 -1 -1 
