325 267 35 33 0.974480152130127 3 -1 -1 
522 152 89 39 0.9360697865486145 4 -1 -1 
309 380 137 78 0.9336816072463989 5 -1 -1 
756 494 80 105 0.9275820851325989 4 -1 -1 
655 323 59 84 0.9263092279434204 4 -1 -1 
530 291 56 59 0.9228782653808594 4 -1 -1 
951 467 90 91 0.9214168190956116 4 -1 -1 
1149 631 205 107 0.9212893843650818 4 -1 -1 
523 196 92 50 0.9200597405433655 4 -1 -1 
573 375 18 51 0.9147820472717285 1 -1 -1 
555 376 21 52 0.9131726026535034 1 -1 -1 
599 380 17 54 0.9076109528541565 1 -1 -1 
334 336 110 62 0.8991486430168152 4 -1 -1 
508 136 91 34 0.8987492918968201 4 -1 -1 
884 318 66 65 0.8956696391105652 4 -1 -1 
360 217 62 59 0.8841843605041504 4 -1 -1 
958 272 103 58 0.8813650608062744 4 -1 -1 
791 230 30 52 0.871139645576477 7 -1 -1 
585 110 38 40 0.8701567649841309 4 -1 -1 
407 246 15 41 0.8617026209831238 1 -1 -1 
841 232 59 47 0.8478779792785645 4 -1 -1 
612 22 24 33 0.8405288457870483 5 -1 -1 
805 123 39 36 0.8068448901176453 4 -1 -1 
549 227 50 66 0.7974064350128174 4 -1 -1 
1138 351 19 50 0.7852194905281067 1 -1 -1 
467 100 13 32 0.7847822308540344 1 -1 -1 
918 365 102 72 0.7846055626869202 4 -1 -1 
784 65 33 28 0.7822721600532532 4 -1 -1 
892 271 76 53 0.7689918875694275 4 -1 -1 
256 454 149 86 0.7607027292251587 4 -1 -1 
783 55 64 23 0.7520182132720947 4 -1 -1 
997 314 101 59 0.7411748170852661 4 -1 -1 
760 4 22 20 0.7395601272583008 4 -1 -1 
851 154 62 46 0.7392042279243469 4 -1 -1 
1190 294 26 34 0.7364313006401062 3 -1 -1 
144 461 84 133 0.718132734298706 4 -1 -1 
773 33 9 22 0.711402177810669 1 -1 -1 
577 41 47 23 0.7102497816085815 5 -1 -1 
296 292 37 24 0.6838555932044983 10 -1 -1 
706 56 29 34 0.6586316227912903 5 -1 -1 
453 310 43 30 0.6380563378334045 3 -1 -1 
741 13 8 15 0.634484589099884 2 -1 -1 
819 345 21 40 0.6295669078826904 10 -1 -1 
793 225 15 28 0.6202530264854431 2 -1 -1 
800 226 18 28 0.6037797331809998 2 -1 -1 
711 0 20 17 0.6005629301071167 4 -1 -1 
761 100 9 22 0.5876282453536987 3 -1 -1 
820 336 19 36 0.5846731066703796 2 -1 -1 
761 92 9 23 0.583202064037323 2 -1 -1 
486 90 63 27 0.5820794105529785 4 -1 -1 
622 6 22 18 0.5672963857650757 4 -1 -1 
620 14 23 21 0.5618687868118286 4 -1 -1 
1282 390 27 43 0.5573667287826538 10 -1 -1 
794 153 8 19 0.5527502298355103 2 -1 -1 
846 76 11 22 0.547093391418457 10 -1 -1 
514 144 94 35 0.5448727607727051 4 -1 -1 
822 159 13 30 0.5439730286598206 1 -1 -1 
660 30 10 18 0.5377382636070251 10 -1 -1 
741 18 8 16 0.5323618650436401 10 -1 -1 
706 56 30 33 0.5315284729003906 4 -1 -1 
660 25 9 16 0.529076874256134 2 -1 -1 
457 291 40 29 0.5273460745811462 10 -1 -1 
733 33 9 22 0.5257638096809387 1 -1 -1 
777 115 11 23 0.5251560807228088 2 -1 -1 
757 12 7 19 0.5213314890861511 1 -1 -1 
456 83 13 22 0.5145338773727417 10 -1 -1 
775 122 15 23 0.49752548336982727 10 -1 -1 
953 253 36 25 0.4969072937965393 3 -1 -1 
911 97 27 29 0.49158403277397156 5 -1 -1 
478 66 10 16 0.4874402582645416 2 -1 -1 
822 346 18 30 0.4828340411186218 2 -1 -1 
787 10 44 21 0.46867460012435913 4 -1 -1 
793 49 8 17 0.46761858463287354 1 -1 -1 
474 213 16 30 0.4646342098712921 10 -1 -1 
1316 574 42 79 0.4637293517589569 4 -1 -1 
455 291 42 32 0.45619264245033264 8 -1 -1 
475 70 16 15 0.4552462697029114 10 -1 -1 
774 33 8 18 0.4487513601779938 2 -1 -1 
793 158 10 20 0.44226014614105225 3 -1 -1 
474 213 17 30 0.4369221329689026 8 -1 -1 
474 213 16 30 0.43230530619621277 3 -1 -1 
792 227 28 42 0.42833951115608215 2 -1 -1 
458 83 11 21 0.42770659923553467 3 -1 -1 
1336 514 23 33 0.4183533489704132 2 -1 -1 
787 11 46 20 0.41290509700775146 5 -1 -1 
761 92 9 24 0.41276735067367554 1 -1 -1 
752 0 7 15 0.41212520003318787 1 -1 -1 
453 309 43 29 0.40176472067832947 10 -1 -1 
1129 350 21 49 0.3895849287509918 1 -1 -1 
1283 390 26 42 0.38612881302833557 3 -1 -1 
1123 349 20 46 0.3857940137386322 1 -1 -1 
474 212 17 31 0.3843918442726135 7 -1 -1 
471 245 41 38 0.37890294194221497 7 -1 -1 
424 118 19 32 0.37784311175346375 10 -1 -1 
1281 388 19 30 0.37669751048088074 10 -1 -1 
475 212 14 27 0.37237077951431274 2 -1 -1 
733 33 9 21 0.37223759293556213 2 -1 -1 
324 263 28 28 0.3543757200241089 3 -1 -1 
412 115 7 19 0.35269895195961 1 -1 -1 
846 79 10 17 0.3462773561477661 2 -1 -1 
740 19 9 15 0.3458446264266968 3 -1 -1 
953 253 35 25 0.34169426560401917 10 -1 -1 
793 49 8 16 0.33938342332839966 2 -1 -1 
794 153 9 21 0.33609142899513245 1 -1 -1 
741 16 8 17 0.32939043641090393 2 -1 -1 
455 291 42 32 0.3208470344543457 7 -1 -1 
459 318 37 26 0.3192136883735657 3 -1 -1 
775 120 14 24 0.31903794407844543 2 -1 -1 
757 18 7 15 0.3111008107662201 3 -1 -1 
1280 388 24 35 0.3104206919670105 3 -1 -1 
-2 528 48 72 0.31022167205810547 4 -1 -1 
784 58 47 29 0.3073115944862366 4 -1 -1 
793 158 10 20 0.3063722848892212 10 -1 -1 
453 301 44 36 0.3058452904224396 8 -1 -1 
732 40 10 19 0.30153322219848633 1 -1 -1 
618 5 27 26 0.30078524351119995 4 -1 -1 
775 124 14 24 0.30003929138183594 3 -1 -1 
822 159 13 30 0.29991331696510315 2 -1 -1 
252 455 153 85 0.29986461997032166 5 -1 -1 
794 162 12 19 0.29708316922187805 3 -1 -1 
648 0 22 14 0.2958531975746155 4 -1 -1 
804 123 40 35 0.29486775398254395 5 -1 -1 
1336 514 23 33 0.2932611405849457 1 -1 -1 
757 12 7 19 0.29043206572532654 2 -1 -1 
883 179 12 28 0.2881225049495697 1 -1 -1 
914 98 23 27 0.2874605357646942 4 -1 -1 
654 46 9 19 0.2856985628604889 2 -1 -1 
1190 291 20 28 0.28450843691825867 3 -1 -1 
453 301 44 36 0.2844078838825226 7 -1 -1 
580 40 44 24 0.28023943305015564 4 -1 -1 
679 0 23 12 0.2741110622882843 4 -1 -1 
711 0 21 17 0.2734662890434265 5 -1 -1 
571 30 41 21 0.2731420695781708 4 -1 -1 
317 263 27 28 0.2727947533130646 3 -1 -1 
776 116 13 25 0.27087610960006714 1 -1 -1 
918 365 102 72 0.27060386538505554 5 -1 -1 
414 152 15 20 0.26894938945770264 3 -1 -1 
660 29 9 18 0.26889440417289734 2 -1 -1 
475 213 14 31 0.2686762809753418 1 -1 -1 
822 167 14 27 0.26374825835227966 3 -1 -1 
847 73 10 20 0.26124244928359985 2 -1 -1 
457 292 40 29 0.25946471095085144 3 -1 -1 
793 224 15 29 0.25907188653945923 1 -1 -1 
295 292 38 25 0.2535129487514496 7 -1 -1 
800 226 18 28 0.253257155418396 1 -1 -1 
1288 390 17 34 0.2530035376548767 10 -1 -1 
733 40 9 20 0.2525295615196228 3 -1 -1 
477 66 11 16 0.2495976686477661 10 -1 -1 
786 11 46 20 0.24907372891902924 6 -1 -1 
820 336 20 36 0.24800395965576172 1 -1 -1 
618 11 27 26 0.24739304184913635 5 -1 -1 
612 22 24 33 0.24243764579296112 4 -1 -1 
309 380 137 78 0.24150414764881134 4 -1 -1 
549 227 50 67 0.23471306264400482 5 -1 -1 
819 336 20 38 0.22652176022529602 10 -1 -1 
1316 574 42 79 0.22548164427280426 5 -1 -1 
569 35 53 27 0.22031573951244354 5 -1 -1 
564 31 54 25 0.21962618827819824 4 -1 -1 
910 97 27 29 0.2177056521177292 9 -1 -1 
488 83 81 34 0.20744886994361877 4 -1 -1 
614 14 26 29 0.20352241396903992 4 -1 -1 
338 269 23 32 0.18839748203754425 3 -1 -1 
892 271 73 52 0.18442676961421967 5 -1 -1 
1190 294 26 34 0.18128907680511475 10 -1 -1 
784 55 62 23 0.1782095581293106 5 -1 -1 
485 85 74 33 0.17694568634033203 5 -1 -1 
229 512 139 94 0.1762237548828125 4 -1 -1 
910 97 27 29 0.17510104179382324 6 -1 -1 
616 5 28 26 0.17452311515808105 5 -1 -1 
784 65 33 28 0.171942338347435 5 -1 -1 
958 272 103 58 0.1717289388179779 5 -1 -1 
819 345 21 40 0.16400140523910522 3 -1 -1 
325 267 35 33 0.1597139835357666 4 -1 -1 
894 123 33 23 0.15806901454925537 4 -1 -1 
322 278 37 25 0.15681064128875732 3 -1 -1 
819 344 21 39 0.15541788935661316 1 -1 -1 
325 267 35 33 0.15294711291790009 7 -1 -1 
360 217 63 59 0.1499539613723755 5 -1 -1 
851 155 61 45 0.1489194929599762 5 -1 -1 
1278 384 20 34 0.14879706501960754 3 -1 -1 
655 323 59 84 0.14312925934791565 5 -1 -1 
843 67 20 32 0.14016865193843842 10 -1 -1 
522 196 93 50 0.13964439928531647 5 -1 -1 
1004 327 105 55 0.13850060105323792 4 -1 -1 
323 349 125 79 0.13309773802757263 4 -1 -1 
572 30 46 23 0.13212355971336365 5 -1 -1 
885 318 66 65 0.12689852714538574 5 -1 -1 
1313 579 45 116 0.12647399306297302 4 -1 -1 
309 380 137 78 0.12510865926742554 6 -1 -1 
602 27 32 32 0.12493472546339035 5 -1 -1 
522 152 89 39 0.12448878586292267 1 -1 -1 
1282 404 29 33 0.1229081079363823 3 -1 -1 
773 114 18 34 0.12252579629421234 1 -1 -1 
563 25 46 22 0.1222936287522316 4 -1 -1 
451 290 48 52 0.12139525264501572 10 -1 -1 
510 141 95 38 0.12096928060054779 1 -1 -1 
622 8 26 31 0.11904627084732056 4 -1 -1 
581 32 45 28 0.1172959953546524 4 -1 -1 
536 216 71 62 0.11646591871976852 4 -1 -1 
1333 503 25 37 0.11512260138988495 1 -1 -1 
996 309 143 70 0.1125011295080185 4 -1 -1 
995 310 131 69 0.07407033443450928 5 -1 -1 
781 53 67 33 0.05967867374420166 9 -1 -1 
995 310 131 69 0.05762357637286186 6 -1 -1 
995 310 131 69 0.05473867803812027 9 -1 -1 
