597 76 26 43 0.9772636294364929 9 -1 -1 
1057 199 28 25 0.8805410265922546 4 -1 -1 
642 168 29 31 0.8714917898178101 4 -1 -1 
616 63 13 11 0.7528261542320251 4 -1 -1 
598 76 25 43 0.7471305131912231 6 -1 -1 
1298 164 61 97 0.5766924023628235 6 -1 -1 
1307 154 28 17 0.5495617389678955 4 -1 -1 
1259 129 17 18 0.5135195851325989 4 -1 -1 
521 123 6 12 0.42610594630241394 1 -1 -1 
512 133 5 14 0.4238012433052063 1 -1 -1 
537 71 6 12 0.4214973449707031 1 -1 -1 
531 86 8 15 0.4150727689266205 1 -1 -1 
512 136 6 14 0.32301753759384155 1 -1 -1 
567 19 8 8 0.30289629101753235 4 -1 -1 
536 75 6 12 0.29309144616127014 1 -1 -1 
516 122 5 10 0.2819797694683075 1 -1 -1 
508 150 6 12 0.2706585228443146 1 -1 -1 
517 126 5 10 0.2321510910987854 1 -1 -1 
1195 120 20 22 0.22063420712947845 1 -1 -1 
1326 204 32 54 0.20244616270065308 4 -1 -1 
1259 129 16 18 0.1977018117904663 5 -1 -1 
551 9 7 6 0.18841098248958588 4 -1 -1 
1195 120 20 23 0.18340322375297546 2 -1 -1 
541 140 8 16 0.18241038918495178 1 -1 -1 
513 138 6 14 0.1813930720090866 1 -1 -1 
1326 204 32 54 0.18122269213199615 9 -1 -1 
517 121 5 9 0.1785830706357956 1 -1 -1 
512 132 5 13 0.1770026534795761 2 -1 -1 
532 156 11 26 0.17450451850891113 1 -1 -1 
1325 197 33 61 0.17388619482517242 6 -1 -1 
564 16 11 11 0.17034544050693512 4 -1 -1 
597 76 26 43 0.1687231808900833 10 -1 -1 
597 76 26 43 0.1663658618927002 5 -1 -1 
1308 156 31 21 0.1623789370059967 4 -1 -1 
531 86 8 14 0.16003349423408508 2 -1 -1 
535 78 6 11 0.1596754640340805 1 -1 -1 
597 76 26 43 0.15853898227214813 3 -1 -1 
509 149 9 11 0.15808384120464325 1 -1 -1 
1149 111 27 20 0.15754415094852448 9 -1 -1 
642 168 29 31 0.1533643901348114 5 -1 -1 
534 156 10 17 0.15301546454429626 1 -1 -1 
597 76 26 43 0.15073220431804657 4 -1 -1 
522 122 7 12 0.1481046825647354 1 -1 -1 
598 77 25 42 0.14434780180454254 2 -1 -1 
1321 166 37 92 0.14363570511341095 6 -1 -1 
532 85 8 12 0.14361459016799927 1 -1 -1 
516 122 5 7 0.14359240233898163 1 -1 -1 
1295 47 33 19 0.14327849447727203 4 -1 -1 
597 76 26 43 0.1407444328069687 7 -1 -1 
1326 204 32 54 0.13834454119205475 5 -1 -1 
502 131 6 10 0.1367969959974289 1 -1 -1 
1306 154 29 19 0.13588838279247284 5 -1 -1 
503 158 6 10 0.13555221259593964 1 -1 -1 
534 81 7 10 0.13540035486221313 1 -1 -1 
1245 163 112 98 0.13395725190639496 6 -1 -1 
566 19 9 8 0.13388130068778992 5 -1 -1 
657 94 4 7 0.13384190201759338 1 -1 -1 
551 83 5 10 0.1333620250225067 1 -1 -1 
530 90 7 13 0.13174259662628174 1 -1 -1 
512 132 5 10 0.13167555630207062 1 -1 -1 
508 150 7 11 0.13048018515110016 2 -1 -1 
1026 308 9 25 0.12987950444221497 1 -1 -1 
597 76 26 43 0.12965738773345947 8 -1 -1 
551 67 6 13 0.12865190207958221 1 -1 -1 
508 153 6 13 0.12780286371707916 1 -1 -1 
506 155 7 12 0.1267644166946411 1 -1 -1 
1290 159 68 101 0.12607623636722565 9 -1 -1 
551 7 7 8 0.1254933476448059 9 -1 -1 
545 52 6 9 0.1251574009656906 1 -1 -1 
552 69 6 13 0.12173983454704285 1 -1 -1 
1001 347 30 19 0.12110713869333267 4 -1 -1 
537 71 6 10 0.1155208945274353 2 -1 -1 
512 133 6 15 0.11547975242137909 3 -1 -1 
511 148 7 11 0.11470796167850494 1 -1 -1 
518 128 6 9 0.11382152140140533 1 -1 -1 
513 132 6 11 0.11325910687446594 1 -1 -1 
508 151 6 13 0.1127534881234169 3 -1 -1 
532 85 8 12 0.11078469455242157 2 -1 -1 
538 142 7 16 0.10987570136785507 1 -1 -1 
449 537 5 13 0.10973935574293137 1 -1 -1 
549 5 8 9 0.10850701481103897 9 -1 -1 
856 691 24 27 0.10761424899101257 4 -1 -1 
552 73 6 11 0.10708160698413849 1 -1 -1 
521 119 5 9 0.1070096418261528 1 -1 -1 
1292 48 30 24 0.10637592524290085 4 -1 -1 
538 73 7 12 0.10463102906942368 1 -1 -1 
549 3 8 7 0.10321979969739914 9 -1 -1 
812 670 10 18 0.10263735055923462 1 -1 -1 
1193 128 18 21 0.10244929045438766 10 -1 -1 
534 73 8 13 0.10205702483654022 1 -1 -1 
564 14 9 8 0.10083475708961487 4 -1 -1 
1196 123 17 22 0.10055392980575562 10 -1 -1 
534 83 6 12 0.09867065399885178 1 -1 -1 
532 75 8 13 0.097714364528656 1 -1 -1 
565 17 10 10 0.09757834672927856 6 -1 -1 
549 5 8 9 0.09698359668254852 4 -1 -1 
505 152 7 13 0.09512662142515182 1 -1 -1 
513 131 5 9 0.09455787390470505 2 -1 -1 
550 67 6 9 0.09424883127212524 1 -1 -1 
841 661 13 12 0.09371104836463928 1 -1 -1 
597 76 27 43 0.09370994567871094 1 -1 -1 
510 141 7 14 0.09334897994995117 1 -1 -1 
507 148 8 11 0.09326153993606567 1 -1 -1 
534 70 6 10 0.09265153855085373 1 -1 -1 
1299 164 60 97 0.09223166853189468 5 -1 -1 
537 71 6 12 0.09168034046888351 3 -1 -1 
1048 398 9 13 0.09076248109340668 1 -1 -1 
551 2 9 11 0.08963749557733536 9 -1 -1 
1320 172 38 87 0.08947726339101791 9 -1 -1 
1047 398 9 17 0.08862144500017166 1 -1 -1 
1304 150 29 17 0.08675182610750198 4 -1 -1 
501 129 7 8 0.08672580122947693 1 -1 -1 
1340 142 9 17 0.08647090196609497 1 -1 -1 
551 9 7 6 0.08596763014793396 5 -1 -1 
509 149 9 11 0.08569394052028656 2 -1 -1 
515 131 6 11 0.08521685749292374 1 -1 -1 
1057 199 28 25 0.08438938856124878 5 -1 -1 
565 17 10 10 0.08418909460306168 9 -1 -1 
1177 106 6 11 0.0839398130774498 1 -1 -1 
1056 199 29 25 0.0832861140370369 1 -1 -1 
551 7 7 8 0.08271250128746033 6 -1 -1 
510 132 7 11 0.08163432776927948 1 -1 -1 
517 129 5 9 0.08120782673358917 1 -1 -1 
616 63 13 11 0.08067376911640167 5 -1 -1 
616 63 14 11 0.08044646680355072 1 -1 -1 
1320 172 38 87 0.08004791289567947 5 -1 -1 
508 150 10 12 0.07971947640180588 3 -1 -1 
521 128 6 10 0.07896634191274643 1 -1 -1 
1262 350 6 12 0.07894439250230789 1 -1 -1 
549 5 8 9 0.07836159318685532 6 -1 -1 
1320 172 38 87 0.0780002549290657 4 -1 -1 
1195 120 20 24 0.07797820121049881 3 -1 -1 
512 133 6 15 0.07787242531776428 10 -1 -1 
1259 129 17 18 0.07782118022441864 6 -1 -1 
1195 119 18 16 0.07755997776985168 2 -1 -1 
598 76 14 17 0.07720750570297241 6 -1 -1 
508 150 7 12 0.07719731330871582 10 -1 -1 
511 148 7 11 0.07661455124616623 2 -1 -1 
1005 352 23 15 0.07620374858379364 4 -1 -1 
531 86 8 15 0.07616766542196274 3 -1 -1 
1337 228 20 29 0.07583875954151154 4 -1 -1 
597 75 24 27 0.07556287199258804 6 -1 -1 
642 168 29 31 0.07524049282073975 1 -1 -1 
1194 128 15 16 0.07498294115066528 1 -1 -1 
534 81 7 10 0.0749024972319603 2 -1 -1 
501 126 7 10 0.07463344186544418 1 -1 -1 
1295 48 32 34 0.07331110537052155 4 -1 -1 
1196 119 41 25 0.07326032966375351 4 -1 -1 
534 83 6 12 0.0728183314204216 2 -1 -1 
552 10 8 6 0.07271398603916168 4 -1 -1 
544 143 9 14 0.07215506583452225 1 -1 -1 
1194 125 16 18 0.07204998284578323 2 -1 -1 
512 145 7 13 0.07060711085796356 1 -1 -1 
720 131 6 13 0.07048726826906204 1 -1 -1 
534 69 5 8 0.06989763677120209 1 -1 -1 
509 135 7 14 0.069513700902462 1 -1 -1 
612 61 16 12 0.06947071850299835 4 -1 -1 
532 87 9 15 0.06935503333806992 1 -1 -1 
1193 128 18 21 0.06932239979505539 3 -1 -1 
1239 163 118 102 0.06921705603599548 9 -1 -1 
1301 162 58 69 0.06910966336727142 9 -1 -1 
642 168 29 31 0.0690910592675209 6 -1 -1 
1029 312 9 22 0.06905224174261093 1 -1 -1 
1305 160 55 68 0.0679725706577301 6 -1 -1 
552 77 6 12 0.06789378076791763 1 -1 -1 
506 155 7 12 0.06771145761013031 3 -1 -1 
512 135 6 15 0.06761297583580017 2 -1 -1 
537 76 9 12 0.0675753802061081 1 -1 -1 
535 77 7 12 0.06715530157089233 2 -1 -1 
1149 111 27 20 0.06708637624979019 6 -1 -1 
1197 114 21 22 0.06702914834022522 2 -1 -1 
532 71 7 13 0.06651970744132996 1 -1 -1 
549 5 8 9 0.06646022200584412 5 -1 -1 
1029 318 9 25 0.06645918637514114 1 -1 -1 
447 540 6 12 0.06628333032131195 1 -1 -1 
504 158 9 12 0.06564291566610336 1 -1 -1 
564 14 10 9 0.06558770686388016 5 -1 -1 
549 3 7 7 0.06550968438386917 4 -1 -1 
504 131 6 11 0.06525281816720963 1 -1 -1 
512 133 7 15 0.06499096751213074 2 -1 -1 
564 14 9 8 0.06428223848342896 9 -1 -1 
531 84 7 11 0.06386325508356094 1 -1 -1 
548 7 8 8 0.06377669423818588 4 -1 -1 
501 129 7 8 0.06361019611358643 9 -1 -1 
502 127 7 12 0.06357589364051819 1 -1 -1 
597 75 24 27 0.06356365978717804 9 -1 -1 
1290 48 28 17 0.06340059638023376 4 -1 -1 
551 67 6 13 0.06333957612514496 3 -1 -1 
1149 111 27 20 0.06324323266744614 5 -1 -1 
543 50 7 10 0.0631435289978981 1 -1 -1 
564 14 10 9 0.06293710321187973 6 -1 -1 
528 152 18 31 0.06281782686710358 1 -1 -1 
1051 399 8 11 0.06257878988981247 1 -1 -1 
536 155 8 14 0.06246277689933777 1 -1 -1 
567 19 9 8 0.06237863376736641 9 -1 -1 
974 349 30 17 0.06222118064761162 4 -1 -1 
549 3 8 7 0.06219925731420517 6 -1 -1 
949 42 20 11 0.061642177402973175 4 -1 -1 
548 4 8 8 0.06053169444203377 4 -1 -1 
1261 122 20 23 0.06040750816464424 4 -1 -1 
536 80 8 11 0.06012014299631119 1 -1 -1 
519 119 5 9 0.05995766073465347 1 -1 -1 
598 76 18 18 0.05984004959464073 4 -1 -1 
540 139 8 13 0.05950973927974701 1 -1 -1 
550 262 7 13 0.05949919670820236 1 -1 -1 
511 149 8 11 0.05936463177204132 9 -1 -1 
480 190 9 20 0.0592736080288887 1 -1 -1 
1292 108 22 25 0.05924973636865616 6 -1 -1 
860 698 18 19 0.05914841592311859 4 -1 -1 
598 77 19 20 0.05896103382110596 6 -1 -1 
534 156 9 15 0.0588715635240078 2 -1 -1 
518 128 5 8 0.05883883312344551 9 -1 -1 
551 67 6 13 0.05871699005365372 10 -1 -1 
1156 110 20 17 0.05868954956531525 9 -1 -1 
1299 164 60 97 0.058624397963285446 4 -1 -1 
536 75 6 11 0.05861222743988037 3 -1 -1 
512 138 6 14 0.05775647610425949 3 -1 -1 
536 72 7 13 0.05756708234548569 2 -1 -1 
1047 397 7 13 0.05700865387916565 1 -1 -1 
550 3 8 9 0.05696525797247887 4 -1 -1 
503 158 6 10 0.05682992562651634 2 -1 -1 
642 168 29 31 0.056810859590768814 9 -1 -1 
514 133 7 15 0.05665387585759163 1 -1 -1 
1259 129 16 18 0.056587714701890945 9 -1 -1 
1339 139 7 17 0.056403353810310364 1 -1 -1 
1234 105 14 15 0.05636246129870415 1 -1 -1 
1057 199 28 25 0.05626587197184563 9 -1 -1 
1154 126 10 7 0.05559013783931732 4 -1 -1 
504 158 7 10 0.05549261346459389 3 -1 -1 
1310 208 48 53 0.05419198051095009 6 -1 -1 
1255 124 87 31 0.0532386340200901 6 -1 -1 
1149 111 27 20 0.052981797605752945 4 -1 -1 
1148 114 23 22 0.051445964723825455 9 -1 -1 
