419 14 75 120 0.9558514952659607 4 -1 -1 
886 390 212 104 0.9502031207084656 4 -1 -1 
312 480 196 183 0.9467713236808777 5 -1 -1 
761 21 144 80 0.9245585203170776 4 -1 -1 
843 290 182 100 0.9027854204177856 4 -1 -1 
811 196 171 97 0.8993897438049316 4 -1 -1 
777 89 148 84 0.8992547392845154 4 -1 -1 
219 731 38 32 0.6245197653770447 1 -1 -1 
313 481 195 183 0.3999575078487396 4 -1 -1 
220 731 36 31 0.3868820071220398 2 -1 -1 
865 289 138 30 0.2600765526294708 4 -1 -1 
885 390 213 104 0.2141571193933487 9 -1 -1 
419 15 75 119 0.1679299771785736 9 -1 -1 
885 391 213 103 0.1589653193950653 10 -1 -1 
760 21 145 81 0.15866567194461823 1 -1 -1 
868 289 133 30 0.14947335422039032 5 -1 -1 
857 276 143 40 0.14619682729244232 4 -1 -1 
314 480 195 184 0.1431157886981964 10 -1 -1 
313 480 195 184 0.13845402002334595 8 -1 -1 
313 481 195 183 0.13376881182193756 6 -1 -1 
219 731 42 33 0.13367219269275665 3 -1 -1 
843 290 182 100 0.1310730129480362 1 -1 -1 
885 390 213 104 0.1248464360833168 7 -1 -1 
419 14 75 120 0.12467694282531738 10 -1 -1 
843 290 182 100 0.12462829798460007 10 -1 -1 
885 390 213 104 0.1240294948220253 1 -1 -1 
777 89 148 84 0.11874166876077652 1 -1 -1 
813 196 173 97 0.11774137616157532 10 -1 -1 
420 16 74 119 0.11746115982532501 1 -1 -1 
812 196 173 97 0.11598804593086243 1 -1 -1 
419 14 75 120 0.10952980071306229 7 -1 -1 
419 15 75 119 0.1058831736445427 5 -1 -1 
840 284 183 102 0.09954092651605606 9 -1 -1 
885 390 213 104 0.09455130249261856 5 -1 -1 
829 263 167 40 0.08834296464920044 4 -1 -1 
814 195 187 99 0.08685026317834854 9 -1 -1 
419 15 75 119 0.08456920832395554 6 -1 -1 
313 480 195 184 0.08382488787174225 7 -1 -1 
807 234 185 87 0.08192253112792969 4 -1 -1 
789 243 188 78 0.08191331475973129 9 -1 -1 
313 480 195 184 0.0810207799077034 2 -1 -1 
885 391 213 103 0.07772170752286911 6 -1 -1 
219 730 29 26 0.07659879326820374 1 -1 -1 
857 276 143 40 0.07422713935375214 5 -1 -1 
226 742 34 22 0.07094382494688034 1 -1 -1 
777 89 156 84 0.07086978107690811 5 -1 -1 
886 390 212 104 0.06991706043481827 8 -1 -1 
419 14 75 120 0.06864280253648758 8 -1 -1 
760 21 145 81 0.06759224832057953 9 -1 -1 
313 481 195 183 0.06639594584703445 9 -1 -1 
419 14 75 120 0.06501282006502151 3 -1 -1 
761 20 151 82 0.064170241355896 5 -1 -1 
760 21 145 81 0.06379302591085434 10 -1 -1 
843 291 179 100 0.06325317919254303 5 -1 -1 
779 87 182 86 0.06066107749938965 9 -1 -1 
219 731 42 33 0.06063411012291908 10 -1 -1 
778 89 147 84 0.05631937459111214 10 -1 -1 
885 390 213 104 0.056249797344207764 3 -1 -1 
812 196 171 97 0.055091630667448044 5 -1 -1 
843 290 182 100 0.055021945387125015 2 -1 -1 
807 234 185 87 0.05454222485423088 6 -1 -1 
829 263 167 40 0.05399398133158684 5 -1 -1 
258 0 254 344 0.05245446413755417 9 -1 -1 
-120 532 253 344 0.05245446413755417 9 -1 -1 
30 555 254 344 0.05245446413755417 9 -1 -1 
761 21 144 80 0.051483750343322754 7 -1 -1 
219 730 27 26 0.05128195136785507 2 -1 -1 
200 430 217 167 0.050636276602745056 4 -1 -1 
843 290 182 100 0.050386134535074234 7 -1 -1 
