184 400 77 94 0.9877930283546448 5 -1 -1 
662 149 28 37 0.976005494594574 5 -1 -1 
635 450 58 84 0.9406741261482239 4 -1 -1 
277 460 83 88 0.931601345539093 4 -1 -1 
20 422 93 94 0.9296550154685974 4 -1 -1 
167 504 87 94 0.92745441198349 4 -1 -1 
507 154 38 36 0.9264090657234192 4 -1 -1 
434 290 63 61 0.9249757528305054 4 -1 -1 
848 428 128 61 0.9096082448959351 4 -1 -1 
840 313 101 41 0.9070987701416016 4 -1 -1 
759 601 80 129 0.8904241919517517 4 -1 -1 
493 191 42 39 0.8808672428131104 4 -1 -1 
733 232 40 44 0.8592606782913208 4 -1 -1 
428 502 90 113 0.8573344945907593 4 -1 -1 
351 396 18 46 0.8510314226150513 1 -1 -1 
841 496 133 66 0.843748152256012 4 -1 -1 
629 48 20 21 0.8421556353569031 4 -1 -1 
61 501 114 99 0.8394692540168762 4 -1 -1 
644 219 38 41 0.8349868655204773 4 -1 -1 
524 129 33 33 0.8337451815605164 4 -1 -1 
466 222 52 46 0.8316279649734497 4 -1 -1 
108 425 71 79 0.830801784992218 4 -1 -1 
1040 364 32 36 0.8306806087493896 7 -1 -1 
634 314 45 56 0.8232399225234985 4 -1 -1 
634 30 18 19 0.8207820653915405 4 -1 -1 
538 314 55 77 0.8032886385917664 4 -1 -1 
635 14 18 17 0.7988706231117249 4 -1 -1 
600 43 6 17 0.7945788502693176 1 -1 -1 
705 691 29 38 0.7244484424591064 2 -1 -1 
710 23 6 16 0.7166403532028198 1 -1 -1 
562 114 20 28 0.7157504558563232 5 -1 -1 
706 287 15 25 0.713505208492279 2 -1 -1 
715 20 7 18 0.7055889964103699 1 -1 -1 
607 123 9 18 0.704094409942627 2 -1 -1 
605 34 6 16 0.7039248943328857 1 -1 -1 
844 397 124 49 0.6978450417518616 4 -1 -1 
784 208 70 32 0.6952669024467468 4 -1 -1 
681 117 28 27 0.6926160454750061 4 -1 -1 
599 75 8 16 0.6826657652854919 2 -1 -1 
548 94 28 26 0.6820065379142761 4 -1 -1 
589 116 8 18 0.6688066720962524 2 -1 -1 
590 42 7 17 0.6406258344650269 1 -1 -1 
607 129 8 19 0.6324267387390137 10 -1 -1 
986 299 29 21 0.6318535804748535 10 -1 -1 
805 289 102 41 0.6310415267944336 4 -1 -1 
705 691 30 71 0.6285591125488281 10 -1 -1 
125 2 31 18 0.6234245896339417 4 -1 -1 
977 265 14 31 0.6169136762619019 10 -1 -1 
713 21 7 18 0.6145172715187073 1 -1 -1 
706 297 15 26 0.6093797087669373 10 -1 -1 
1100 502 59 44 0.6011903882026672 10 -1 -1 
589 122 8 20 0.586765468120575 10 -1 -1 
599 81 8 16 0.5736757516860962 10 -1 -1 
776 190 68 31 0.5718650221824646 4 -1 -1 
1134 503 56 49 0.5627440214157104 10 -1 -1 
705 39 7 14 0.5609105229377747 2 -1 -1 
561 114 21 28 0.5451104640960693 8 -1 -1 
803 274 88 35 0.5276591181755066 4 -1 -1 
815 221 81 33 0.5212022066116333 4 -1 -1 
1023 352 21 40 0.5146417617797852 2 -1 -1 
705 45 7 12 0.49958527088165283 10 -1 -1 
771 130 74 33 0.4993799924850464 4 -1 -1 
457 702 83 62 0.4925743341445923 4 -1 -1 
643 0 15 9 0.48827651143074036 4 -1 -1 
725 53 19 20 0.4799276888370514 4 -1 -1 
802 253 72 30 0.47732463479042053 4 -1 -1 
212 711 26 52 0.47554290294647217 2 -1 -1 
1126 502 38 45 0.4681052565574646 10 -1 -1 
1108 503 75 48 0.4650195837020874 10 -1 -1 
802 274 65 27 0.4639240503311157 4 -1 -1 
794 344 29 53 0.462687611579895 7 -1 -1 
1065 410 34 28 0.45292192697525024 3 -1 -1 
717 21 8 19 0.4449930191040039 1 -1 -1 
794 344 29 55 0.4414311647415161 8 -1 -1 
212 710 27 53 0.41394126415252686 10 -1 -1 
82 0 41 19 0.40752536058425903 4 -1 -1 
802 265 77 35 0.402047336101532 4 -1 -1 
1017 422 21 26 0.3974400460720062 3 -1 -1 
1062 410 21 28 0.38194045424461365 3 -1 -1 
809 208 83 38 0.37480273842811584 4 -1 -1 
1103 503 38 41 0.3628156781196594 10 -1 -1 
845 408 127 55 0.35988399386405945 4 -1 -1 
1016 424 23 27 0.35808035731315613 1 -1 -1 
1017 423 23 27 0.3559328615665436 10 -1 -1 
815 220 82 34 0.35443753004074097 5 -1 -1 
599 36 6 15 0.3519015610218048 1 -1 -1 
1022 352 22 39 0.34346309304237366 1 -1 -1 
599 39 7 18 0.34209564328193665 1 -1 -1 
901 153 13 20 0.33748769760131836 2 -1 -1 
877 88 10 16 0.33644771575927734 10 -1 -1 
1077 411 26 35 0.3359207212924957 3 -1 -1 
622 0 5 9 0.33242255449295044 1 -1 -1 
602 35 8 15 0.3318207561969757 1 -1 -1 
815 219 49 30 0.32987937331199646 4 -1 -1 
706 296 15 27 0.32927799224853516 2 -1 -1 
457 272 28 22 0.32799088954925537 3 -1 -1 
720 23 7 18 0.32260844111442566 1 -1 -1 
1020 421 37 30 0.3221360146999359 3 -1 -1 
705 39 7 14 0.3177989423274994 1 -1 -1 
562 115 20 26 0.31685250997543335 4 -1 -1 
212 711 26 52 0.31377261877059937 1 -1 -1 
0 420 28 77 0.3124772310256958 4 -1 -1 
887 547 101 102 0.3018646836280823 4 -1 -1 
886 548 123 117 0.2988325357437134 5 -1 -1 
589 122 8 20 0.2949240505695343 3 -1 -1 
901 153 14 20 0.2847345173358917 1 -1 -1 
807 210 55 36 0.2837146520614624 4 -1 -1 
656 49 7 14 0.2836265563964844 10 -1 -1 
213 710 24 35 0.2818405032157898 2 -1 -1 
705 691 30 71 0.28166311979293823 2 -1 -1 
803 281 73 45 0.27934882044792175 4 -1 -1 
844 398 125 50 0.2777285873889923 5 -1 -1 
592 38 7 19 0.2727190852165222 1 -1 -1 
1178 581 30 60 0.27083781361579895 1 -1 -1 
807 236 84 34 0.26906508207321167 4 -1 -1 
183 400 77 94 0.26817241311073303 8 -1 -1 
599 80 8 16 0.2675932049751282 2 -1 -1 
82 0 41 19 0.2675425708293915 5 -1 -1 
705 45 7 12 0.26732560992240906 3 -1 -1 
124 2 32 18 0.2666049599647522 5 -1 -1 
183 400 78 95 0.26598912477493286 4 -1 -1 
1023 364 17 28 0.26447489857673645 2 -1 -1 
457 271 27 23 0.26126623153686523 10 -1 -1 
599 75 8 16 0.254652202129364 1 -1 -1 
599 75 8 17 0.2534424364566803 10 -1 -1 
622 0 5 8 0.2531861364841461 10 -1 -1 
596 36 8 13 0.252957284450531 1 -1 -1 
1030 352 15 37 0.25096607208251953 1 -1 -1 
622 0 5 9 0.2493593394756317 3 -1 -1 
1023 364 17 28 0.24827516078948975 1 -1 -1 
901 153 13 20 0.24825312197208405 10 -1 -1 
885 549 127 142 0.24591651558876038 4 -1 -1 
1151 512 42 46 0.2449462115764618 10 -1 -1 
1020 421 37 30 0.2400321215391159 10 -1 -1 
885 548 135 188 0.23982471227645874 5 -1 -1 
1100 503 25 36 0.2396087348461151 10 -1 -1 
1150 581 30 58 0.2388516664505005 3 -1 -1 
706 290 15 27 0.23829962313175201 10 -1 -1 
599 82 8 15 0.23702658712863922 3 -1 -1 
183 400 77 94 0.23688951134681702 10 -1 -1 
724 49 31 25 0.23582454025745392 4 -1 -1 
1040 364 32 36 0.23463797569274902 8 -1 -1 
538 314 55 77 0.23395881056785583 5 -1 -1 
859 135 12 20 0.2338401824235916 1 -1 -1 
1087 412 17 26 0.23317161202430725 3 -1 -1 
819 229 77 34 0.23202238976955414 4 -1 -1 
809 208 83 38 0.22975976765155792 5 -1 -1 
876 84 11 16 0.2281300127506256 2 -1 -1 
607 123 9 18 0.22776196897029877 1 -1 -1 
885 546 149 214 0.22719353437423706 4 -1 -1 
562 114 20 28 0.2269207090139389 6 -1 -1 
1037 417 22 34 0.22443386912345886 3 -1 -1 
825 301 107 43 0.22231923043727875 4 -1 -1 
1072 409 25 24 0.22209113836288452 3 -1 -1 
777 174 77 39 0.21921822428703308 4 -1 -1 
183 400 78 95 0.20957455039024353 6 -1 -1 
806 277 104 41 0.20372404158115387 4 -1 -1 
779 198 78 29 0.19620637595653534 4 -1 -1 
887 548 178 110 0.18711356818675995 4 -1 -1 
109 425 68 80 0.1858159303665161 5 -1 -1 
886 547 135 212 0.1854439079761505 6 -1 -1 
887 548 183 135 0.18534216284751892 5 -1 -1 
804 288 106 40 0.1852176934480667 5 -1 -1 
457 703 83 61 0.1791362315416336 5 -1 -1 
183 400 77 94 0.1750355213880539 7 -1 -1 
1031 353 35 42 0.17264053225517273 7 -1 -1 
773 128 92 38 0.16823838651180267 5 -1 -1 
776 186 75 35 0.16674195230007172 5 -1 -1 
803 296 78 37 0.16586486995220184 4 -1 -1 
82 0 41 18 0.16470758616924286 6 -1 -1 
784 208 77 32 0.1642678827047348 5 -1 -1 
1026 352 28 43 0.15841123461723328 2 -1 -1 
61 501 117 99 0.15619757771492004 5 -1 -1 
0 420 28 83 0.1547296941280365 5 -1 -1 
183 400 77 94 0.15173713862895966 2 -1 -1 
183 400 78 95 0.14963357150554657 9 -1 -1 
886 548 120 134 0.14511509239673615 6 -1 -1 
1040 364 32 36 0.14304938912391663 2 -1 -1 
807 236 84 34 0.142631396651268 5 -1 -1 
8 420 35 88 0.14025524258613586 4 -1 -1 
804 275 100 40 0.13912837207317352 5 -1 -1 
776 136 87 36 0.13307121396064758 4 -1 -1 
771 119 66 38 0.13259807229042053 4 -1 -1 
1031 353 35 42 0.132205069065094 2 -1 -1 
794 214 81 35 0.1305065006017685 4 -1 -1 
1175 303 28 28 0.12934716045856476 10 -1 -1 
797 202 76 40 0.12569372355937958 4 -1 -1 
82 0 41 18 0.12475603818893433 9 -1 -1 
2 42 160 66 0.12375006079673767 4 -1 -1 
887 546 135 221 0.12190408259630203 9 -1 -1 
1039 416 20 34 0.12084551155567169 10 -1 -1 
837 313 105 40 0.11747326701879501 5 -1 -1 
797 254 68 42 0.11219704896211624 4 -1 -1 
351 396 18 46 0.1120944395661354 4 -1 -1 
725 39 35 33 0.11208963394165039 4 -1 -1 
704 689 31 75 0.11167394369840622 3 -1 -1 
681 117 28 27 0.11143815517425537 5 -1 -1 
781 182 85 39 0.11050526797771454 4 -1 -1 
803 272 83 32 0.10893416404724121 5 -1 -1 
887 548 178 110 0.10760630667209625 6 -1 -1 
1026 352 28 43 0.10432702302932739 1 -1 -1 
773 128 92 38 0.10412159562110901 6 -1 -1 
635 450 58 84 0.10244782269001007 9 -1 -1 
777 174 77 39 0.10208839923143387 5 -1 -1 
860 514 125 86 0.10121612995862961 4 -1 -1 
778 157 83 36 0.0999908521771431 4 -1 -1 
459 703 80 62 0.09995425492525101 1 -1 -1 
1041 364 31 36 0.09686973690986633 1 -1 -1 
759 600 80 130 0.09200578927993774 9 -1 -1 
759 600 80 130 0.0745311975479126 5 -1 -1 
759 600 81 131 0.07276458293199539 1 -1 -1 
60 501 118 99 0.05188816785812378 10 -1 -1 
61 501 113 99 0.05182219669222832 1 -1 -1 
