1135 460 41 34 0.9635257124900818 3 -1 -1 
475 602 138 116 0.9497483968734741 4 -1 -1 
581 339 91 61 0.9490787386894226 4 -1 -1 
636 357 92 67 0.9487318992614746 4 -1 -1 
542 313 88 61 0.9467580914497375 4 -1 -1 
497 291 97 60 0.9450718760490417 4 -1 -1 
378 238 88 57 0.9413892030715942 4 -1 -1 
1019 277 72 62 0.9354411959648132 4 -1 -1 
446 261 84 52 0.9313405156135559 4 -1 -1 
102 366 126 71 0.9301160573959351 4 -1 -1 
380 573 130 112 0.9260625839233398 4 -1 -1 
211 412 116 87 0.9242774248123169 4 -1 -1 
285 484 120 87 0.9174243211746216 4 -1 -1 
584 153 67 40 0.9050824046134949 4 -1 -1 
800 63 62 31 0.9025478959083557 4 -1 -1 
311 532 135 100 0.9014754891395569 4 -1 -1 
546 251 12 35 0.87469083070755 1 -1 -1 
1027 474 142 88 0.8710919618606567 4 -1 -1 
660 172 66 39 0.8656647205352783 4 -1 -1 
801 216 63 47 0.8560784459114075 4 -1 -1 
35 569 128 99 0.8530711531639099 4 -1 -1 
16 465 110 81 0.8512220978736877 4 -1 -1 
934 260 67 53 0.8449341654777527 4 -1 -1 
300 675 39 51 0.840400755405426 7 -1 -1 
478 402 109 78 0.823621928691864 4 -1 -1 
494 124 23 20 0.8192827105522156 10 -1 -1 
451 466 18 43 0.8179627656936646 1 -1 -1 
578 690 114 74 0.8021389842033386 4 -1 -1 
464 453 16 39 0.7985355257987976 1 -1 -1 
574 443 107 90 0.7943472266197205 4 -1 -1 
858 235 67 49 0.7927135825157166 4 -1 -1 
663 37 19 18 0.7811721563339233 10 -1 -1 
765 416 94 78 0.7726792693138123 4 -1 -1 
875 32 68 30 0.7720398306846619 4 -1 -1 
62 695 31 58 0.7471821308135986 1 -1 -1 
423 446 15 37 0.7440829277038574 1 -1 -1 
820 50 69 33 0.7426289319992065 4 -1 -1 
325 135 12 24 0.7393019199371338 10 -1 -1 
168 341 18 32 0.7334960699081421 1 -1 -1 
851 37 62 31 0.7319892048835754 4 -1 -1 
162 712 79 52 0.7317348718643188 6 -1 -1 
783 0 50 21 0.7268867492675781 4 -1 -1 
527 100 11 27 0.7176355123519897 1 -1 -1 
1 320 20 29 0.7136067748069763 2 -1 -1 
662 217 90 54 0.7080278992652893 4 -1 -1 
683 142 10 30 0.7064268589019775 1 -1 -1 
49 241 95 53 0.6921586394309998 4 -1 -1 
0 237 68 57 0.686651349067688 4 -1 -1 
648 134 14 20 0.6864076256752014 2 -1 -1 
93 155 18 30 0.6782381534576416 10 -1 -1 
76 151 17 34 0.6775926947593689 3 -1 -1 
338 142 14 24 0.6651926040649414 10 -1 -1 
117 159 24 21 0.63801109790802 3 -1 -1 
34 181 12 25 0.6195228099822998 1 -1 -1 
239 151 22 23 0.619437575340271 10 -1 -1 
62 160 20 33 0.6155529618263245 1 -1 -1 
1164 8 11 27 0.6047366261482239 1 -1 -1 
584 54 19 21 0.5983922481536865 10 -1 -1 
699 24 15 18 0.5872541666030884 10 -1 -1 
43 167 19 32 0.5702409148216248 1 -1 -1 
501 116 11 22 0.5667962431907654 2 -1 -1 
-2 640 70 105 0.5402933955192566 5 -1 -1 
53 171 22 25 0.537063479423523 3 -1 -1 
937 6 6 16 0.5195464491844177 1 -1 -1 
13 170 15 31 0.5133388042449951 1 -1 -1 
474 402 114 39 0.5050746202468872 4 -1 -1 
522 42 13 18 0.5006850361824036 10 -1 -1 
303 684 36 39 0.49746623635292053 2 -1 -1 
415 121 18 21 0.4968121647834778 1 -1 -1 
511 122 8 19 0.49182912707328796 2 -1 -1 
646 139 15 17 0.4819038212299347 3 -1 -1 
302 677 37 49 0.47365686297416687 10 -1 -1 
684 148 12 26 0.4669438898563385 1 -1 -1 
300 675 40 50 0.46023255586624146 8 -1 -1 
415 122 18 19 0.4541553854942322 2 -1 -1 
1133 458 46 34 0.4506939947605133 10 -1 -1 
928 6 7 17 0.4439111649990082 1 -1 -1 
457 466 17 42 0.44293543696403503 1 -1 -1 
39 192 16 24 0.4422573447227478 2 -1 -1 
30 251 76 61 0.43905845284461975 8 -1 -1 
303 678 22 33 0.4345003366470337 2 -1 -1 
922 9 9 17 0.4305891990661621 2 -1 -1 
25 169 11 28 0.42816323041915894 1 -1 -1 
316 690 22 31 0.4262918531894684 2 -1 -1 
503 119 12 20 0.42102867364883423 2 -1 -1 
555 51 8 15 0.4079079031944275 3 -1 -1 
925 7 10 18 0.40516397356987 2 -1 -1 
586 49 13 22 0.4027610123157501 2 -1 -1 
810 0 46 17 0.39055687189102173 4 -1 -1 
389 101 10 25 0.38293084502220154 1 -1 -1 
511 122 8 19 0.35835710167884827 1 -1 -1 
-1 639 68 104 0.3548995554447174 4 -1 -1 
53 171 23 25 0.3475417494773865 10 -1 -1 
188 159 27 19 0.34669893980026245 3 -1 -1 
43 168 19 31 0.3439902365207672 2 -1 -1 
501 116 11 23 0.3420160412788391 1 -1 -1 
310 563 40 67 0.33037570118904114 4 -1 -1 
1135 460 41 34 0.3279392421245575 4 -1 -1 
930 6 9 17 0.32491058111190796 1 -1 -1 
924 8 9 17 0.3188583254814148 1 -1 -1 
19 166 15 33 0.3186374008655548 1 -1 -1 
766 416 92 78 0.3180062472820282 5 -1 -1 
35 245 106 62 0.3173169791698456 8 -1 -1 
523 44 17 19 0.316851407289505 10 -1 -1 
465 463 14 36 0.31578266620635986 1 -1 -1 
40 192 17 24 0.3136183023452759 1 -1 -1 
161 715 82 49 0.30957964062690735 8 -1 -1 
661 217 91 54 0.30823177099227905 5 -1 -1 
162 713 80 51 0.3049021363258362 9 -1 -1 
458 455 20 46 0.3041594326496124 1 -1 -1 
648 134 14 20 0.30137553811073303 1 -1 -1 
918 10 11 17 0.29849812388420105 2 -1 -1 
40 193 15 23 0.296511709690094 10 -1 -1 
646 139 15 17 0.2907795011997223 10 -1 -1 
922 9 8 17 0.28949111700057983 1 -1 -1 
62 160 20 33 0.28593963384628296 2 -1 -1 
43 169 21 30 0.2857172191143036 10 -1 -1 
574 444 106 89 0.28489309549331665 5 -1 -1 
1 320 20 29 0.28391698002815247 1 -1 -1 
76 151 17 34 0.2816895544528961 10 -1 -1 
477 403 108 36 0.2798343300819397 5 -1 -1 
35 182 15 29 0.27748987078666687 1 -1 -1 
555 51 8 15 0.2768465280532837 10 -1 -1 
91 261 15 29 0.2728143632411957 2 -1 -1 
915 12 12 16 0.2720971703529358 2 -1 -1 
527 46 16 22 0.2658948302268982 10 -1 -1 
584 52 18 23 0.2652101218700409 2 -1 -1 
1113 482 55 79 0.2640644609928131 4 -1 -1 
937 6 6 16 0.26246142387390137 2 -1 -1 
91 261 15 29 0.2599160969257355 1 -1 -1 
90 257 27 33 0.25856462121009827 2 -1 -1 
371 120 19 16 0.2531369626522064 2 -1 -1 
494 123 23 20 0.25227609276771545 2 -1 -1 
1087 0 6 12 0.2517530024051666 1 -1 -1 
857 34 71 28 0.25115397572517395 4 -1 -1 
1094 0 9 17 0.251116007566452 1 -1 -1 
523 42 14 18 0.25008639693260193 3 -1 -1 
43 169 21 30 0.2500796616077423 3 -1 -1 
503 119 12 20 0.2492053508758545 1 -1 -1 
82 255 51 35 0.24790988862514496 2 -1 -1 
685 161 12 15 0.24561049044132233 10 -1 -1 
66 155 24 34 0.23855943977832794 3 -1 -1 
161 715 82 49 0.2368076592683792 7 -1 -1 
479 402 108 78 0.23220930993556976 5 -1 -1 
507 83 52 27 0.22226664423942566 4 -1 -1 
-1 639 68 104 0.2209114283323288 6 -1 -1 
61 159 22 34 0.21459978818893433 3 -1 -1 
575 690 118 74 0.20675969123840332 5 -1 -1 
30 251 76 61 0.18825878202915192 5 -1 -1 
-1 639 68 101 0.18784059584140778 9 -1 -1 
8 247 86 59 0.17848847806453705 4 -1 -1 
35 245 106 62 0.17627742886543274 5 -1 -1 
52 241 92 50 0.17415976524353027 5 -1 -1 
-1 639 68 103 0.17140795290470123 8 -1 -1 
-1 237 70 57 0.16540686786174774 5 -1 -1 
12 162 20 39 0.16118787229061127 1 -1 -1 
1027 474 141 88 0.15891867876052856 5 -1 -1 
783 0 50 21 0.15350082516670227 5 -1 -1 
475 603 138 116 0.15214791893959045 9 -1 -1 
61 158 26 32 0.14714810252189636 10 -1 -1 
7 239 120 54 0.1459784358739853 4 -1 -1 
30 251 76 61 0.1454222947359085 4 -1 -1 
161 714 82 50 0.1412290781736374 5 -1 -1 
53 165 27 32 0.13875417411327362 1 -1 -1 
66 155 24 34 0.1349847912788391 1 -1 -1 
934 260 66 53 0.1336766928434372 5 -1 -1 
-1 633 98 125 0.12787608802318573 4 -1 -1 
1161 406 198 271 0.12781105935573578 9 -1 -1 
482 60 32 27 0.1226363405585289 4 -1 -1 
8 247 86 59 0.12214072048664093 5 -1 -1 
496 291 97 60 0.12150190025568008 1 -1 -1 
543 313 87 61 0.12121754139661789 1 -1 -1 
581 339 91 61 0.12019885331392288 1 -1 -1 
161 715 82 49 0.11954087764024734 3 -1 -1 
475 602 138 116 0.11866524815559387 7 -1 -1 
475 602 138 116 0.11845719814300537 10 -1 -1 
88 152 23 34 0.11586569994688034 3 -1 -1 
811 0 44 17 0.11576469242572784 5 -1 -1 
52 241 92 50 0.11514750123023987 8 -1 -1 
378 238 88 57 0.1126730889081955 1 -1 -1 
309 533 138 96 0.11255624145269394 9 -1 -1 
379 574 132 111 0.11003956198692322 1 -1 -1 
636 357 92 67 0.10845623165369034 1 -1 -1 
380 574 131 113 0.10839526355266571 9 -1 -1 
380 574 131 113 0.10804872959852219 5 -1 -1 
57 162 26 33 0.10685867816209793 10 -1 -1 
497 291 97 60 0.10606937110424042 6 -1 -1 
451 465 18 44 0.10571502149105072 4 -1 -1 
475 602 138 116 0.10559378564357758 1 -1 -1 
55 241 89 50 0.10499875247478485 7 -1 -1 
1026 474 142 88 0.10352819412946701 9 -1 -1 
379 574 132 111 0.10337203741073608 10 -1 -1 
52 241 92 50 0.10295157879590988 6 -1 -1 
48 169 31 30 0.10231131315231323 3 -1 -1 
636 357 92 67 0.10202943533658981 9 -1 -1 
446 261 84 52 0.10091383010149002 5 -1 -1 
45 167 32 31 0.10087862610816956 10 -1 -1 
1019 277 72 62 0.10068308562040329 9 -1 -1 
581 339 91 61 0.10057348757982254 9 -1 -1 
102 366 126 71 0.10053599625825882 1 -1 -1 
-4 630 98 125 0.10021649301052094 5 -1 -1 
180 155 35 26 0.09948208183050156 3 -1 -1 
102 366 126 71 0.09924214333295822 5 -1 -1 
35 245 106 62 0.0981426015496254 7 -1 -1 
310 533 136 99 0.09769672900438309 5 -1 -1 
475 605 137 113 0.09752188622951508 5 -1 -1 
484 60 63 29 0.0974317118525505 6 -1 -1 
506 82 53 28 0.09741058200597763 5 -1 -1 
35 245 106 62 0.09603089094161987 6 -1 -1 
482 61 38 26 0.09548544883728027 6 -1 -1 
1019 277 72 62 0.09533911943435669 5 -1 -1 
309 533 138 97 0.0953373983502388 10 -1 -1 
-2 639 69 104 0.0933978259563446 7 -1 -1 
58 157 27 31 0.0931663066148758 1 -1 -1 
497 291 97 60 0.09229867905378342 9 -1 -1 
0 237 68 57 0.09222615510225296 1 -1 -1 
502 72 54 34 0.09199312329292297 4 -1 -1 
580 46 26 31 0.0919884443283081 10 -1 -1 
581 339 91 61 0.09171542525291443 7 -1 -1 
497 291 98 60 0.09169389307498932 5 -1 -1 
1019 277 72 62 0.09156641364097595 1 -1 -1 
475 602 138 116 0.09096606820821762 6 -1 -1 
49 241 95 53 0.09093699604272842 1 -1 -1 
378 238 88 57 0.09085367619991302 5 -1 -1 
16 243 101 57 0.09071442484855652 8 -1 -1 
542 314 88 60 0.09039488434791565 9 -1 -1 
-1 633 98 125 0.08981548994779587 6 -1 -1 
16 164 23 37 0.08932680636644363 1 -1 -1 
378 238 88 57 0.08799564093351364 9 -1 -1 
35 569 128 99 0.07709581404924393 5 -1 -1 
1161 406 198 271 0.06629744917154312 6 -1 -1 
1161 406 198 271 0.06171231344342232 5 -1 -1 
1027 474 141 88 0.06024696305394173 10 -1 -1 
1161 406 198 271 0.0572357177734375 4 -1 -1 
1026 475 142 87 0.05471646785736084 6 -1 -1 
1027 474 141 88 0.05296116694808006 1 -1 -1 
482 67 78 42 0.050321973860263824 6 -1 -1 
