146 350 113 116 0.9882234930992126 6 -1 -1 
307 335 105 53 0.9814768433570862 6 -1 -1 
264 387 71 86 0.9721170663833618 5 -1 -1 
283 304 56 41 0.8738409876823425 4 -1 -1 
610 217 28 25 0.8654683232307434 4 -1 -1 
502 251 31 31 0.8401984572410583 4 -1 -1 
72 460 165 78 0.812992513179779 5 -1 -1 
426 316 14 30 0.7874391078948975 1 -1 -1 
461 234 9 25 0.7723429799079895 1 -1 -1 
532 361 28 47 0.7361858487129211 8 -1 -1 
585 115 17 10 0.7268823385238647 4 -1 -1 
577 242 9 16 0.6985989212989807 2 -1 -1 
538 139 6 15 0.6966080069541931 1 -1 -1 
454 235 9 21 0.6879501938819885 1 -1 -1 
447 211 9 23 0.6578319668769836 1 -1 -1 
555 241 10 17 0.6457434892654419 2 -1 -1 
462 269 11 20 0.6182364225387573 10 -1 -1 
554 247 11 18 0.6174764037132263 10 -1 -1 
477 167 18 19 0.5789612531661987 4 -1 -1 
490 159 16 15 0.5775477886199951 4 -1 -1 
494 185 6 15 0.5760971903800964 1 -1 -1 
551 216 7 15 0.5738481283187866 2 -1 -1 
505 189 7 13 0.5696481466293335 2 -1 -1 
440 220 10 21 0.5651289224624634 1 -1 -1 
577 248 8 17 0.5646378993988037 10 -1 -1 
459 310 14 28 0.5642363429069519 10 -1 -1 
386 388 14 32 0.564166784286499 3 -1 -1 
464 262 10 15 0.5596078634262085 2 -1 -1 
527 133 6 9 0.5550113916397095 10 -1 -1 
460 304 12 24 0.5516580939292908 2 -1 -1 
523 144 6 11 0.5439541339874268 2 -1 -1 
493 150 17 13 0.5432857871055603 4 -1 -1 
532 360 28 48 0.5262987017631531 7 -1 -1 
550 222 7 15 0.5230563879013062 10 -1 -1 
589 135 5 12 0.5198351740837097 1 -1 -1 
501 176 7 12 0.5181994438171387 10 -1 -1 
386 381 14 30 0.5069605112075806 2 -1 -1 
578 83 10 8 0.5049355626106262 4 -1 -1 
505 193 7 14 0.5021002292633057 10 -1 -1 
520 114 14 14 0.4976872503757477 9 -1 -1 
528 130 5 8 0.4953245222568512 2 -1 -1 
501 173 7 11 0.49140939116477966 2 -1 -1 
584 163 6 14 0.48395004868507385 1 -1 -1 
517 170 11 18 0.4831141233444214 10 -1 -1 
494 185 5 15 0.4827709197998047 2 -1 -1 
489 189 5 12 0.48084795475006104 2 -1 -1 
488 190 8 16 0.47064948081970215 10 -1 -1 
609 265 30 29 0.46901723742485046 4 -1 -1 
521 114 13 14 0.46785518527030945 4 -1 -1 
577 168 7 12 0.4643042981624603 10 -1 -1 
738 158 15 14 0.4412739872932434 10 -1 -1 
523 151 6 11 0.43912553787231445 10 -1 -1 
461 210 21 13 0.42459097504615784 10 -1 -1 
568 142 6 11 0.41511014103889465 2 -1 -1 
512 152 6 12 0.41061073541641235 1 -1 -1 
578 90 9 7 0.39504069089889526 4 -1 -1 
615 191 18 10 0.38975152373313904 10 -1 -1 
568 144 6 12 0.38840043544769287 10 -1 -1 
490 186 8 14 0.38728755712509155 2 -1 -1 
570 111 5 12 0.38326147198677063 1 -1 -1 
289 334 66 48 0.3797144889831543 6 -1 -1 
462 243 8 17 0.37713074684143066 1 -1 -1 
618 248 37 17 0.37535372376441956 4 -1 -1 
386 381 14 32 0.3738977909088135 1 -1 -1 
585 162 5 11 0.373155802488327 2 -1 -1 
502 177 5 12 0.37000176310539246 3 -1 -1 
307 334 104 53 0.3695225715637207 4 -1 -1 
518 169 10 14 0.3693408966064453 2 -1 -1 
513 151 5 10 0.3692738711833954 2 -1 -1 
518 135 5 11 0.36621803045272827 10 -1 -1 
771 155 8 15 0.36492031812667847 1 -1 -1 
458 212 10 23 0.36469370126724243 1 -1 -1 
488 193 7 13 0.36240535974502563 3 -1 -1 
535 128 4 9 0.3616025447845459 1 -1 -1 
618 235 29 17 0.3600258231163025 8 -1 -1 
523 151 6 11 0.35659050941467285 3 -1 -1 
578 166 6 12 0.35316070914268494 2 -1 -1 
577 93 8 9 0.35238686203956604 4 -1 -1 
578 73 10 9 0.3501524031162262 4 -1 -1 
462 188 19 15 0.3489689528942108 10 -1 -1 
584 163 6 14 0.34790006279945374 10 -1 -1 
518 134 5 12 0.34586191177368164 1 -1 -1 
919 97 10 18 0.34055769443511963 1 -1 -1 
577 243 8 18 0.3393562436103821 10 -1 -1 
523 143 5 8 0.336357057094574 2 -1 -1 
619 205 7 13 0.33388733863830566 1 -1 -1 
460 312 13 25 0.3335869014263153 3 -1 -1 
518 134 5 11 0.3311038315296173 2 -1 -1 
470 187 11 16 0.3301815390586853 10 -1 -1 
574 104 5 12 0.3240034580230713 1 -1 -1 
533 112 4 10 0.3233487904071808 1 -1 -1 
523 148 6 12 0.32317349314689636 2 -1 -1 
502 176 6 12 0.3226569592952728 2 -1 -1 
426 218 7 12 0.3208821713924408 1 -1 -1 
577 94 8 8 0.3190958499908447 8 -1 -1 
489 189 10 16 0.3188558518886566 10 -1 -1 
367 306 29 31 0.3177454471588135 7 -1 -1 
206 240 14 19 0.31549903750419617 2 -1 -1 
502 176 6 13 0.31392747163772583 1 -1 -1 
566 129 6 12 0.31228917837142944 10 -1 -1 
618 237 36 20 0.3100835978984833 8 -1 -1 
570 111 5 10 0.3090297281742096 2 -1 -1 
513 151 5 11 0.3054800033569336 10 -1 -1 
575 104 4 9 0.2987610697746277 2 -1 -1 
611 264 41 23 0.2963346838951111 4 -1 -1 
505 192 7 14 0.29469820857048035 2 -1 -1 
351 300 45 37 0.29258301854133606 8 -1 -1 
146 350 113 116 0.29242584109306335 4 -1 -1 
610 180 15 9 0.2918904721736908 10 -1 -1 
307 334 104 53 0.28812938928604126 5 -1 -1 
579 81 8 7 0.28730279207229614 4 -1 -1 
577 248 8 17 0.28552502393722534 3 -1 -1 
604 121 11 10 0.28241589665412903 4 -1 -1 
457 209 19 24 0.27993685007095337 10 -1 -1 
489 186 6 13 0.2792957127094269 2 -1 -1 
520 114 14 14 0.2788519263267517 6 -1 -1 
579 167 10 12 0.2746388912200928 10 -1 -1 
511 152 6 11 0.27367690205574036 1 -1 -1 
492 191 7 12 0.27361443638801575 3 -1 -1 
359 298 39 37 0.269626259803772 4 -1 -1 
769 153 9 15 0.26909321546554565 1 -1 -1 
509 126 9 10 0.26808419823646545 10 -1 -1 
537 125 5 9 0.2680509090423584 10 -1 -1 
458 234 10 24 0.2668846845626831 1 -1 -1 
459 219 9 19 0.2657622694969177 1 -1 -1 
595 108 12 10 0.26547592878341675 4 -1 -1 
492 188 8 16 0.2641327977180481 10 -1 -1 
739 157 12 12 0.26290079951286316 2 -1 -1 
506 189 6 9 0.2626301348209381 2 -1 -1 
457 207 24 20 0.26072579622268677 10 -1 -1 
555 97 16 14 0.2601231634616852 4 -1 -1 
521 115 13 14 0.2598276436328888 5 -1 -1 
865 443 43 26 0.25966256856918335 10 -1 -1 
489 178 6 13 0.2586277723312378 1 -1 -1 
570 112 5 12 0.25842374563217163 10 -1 -1 
509 152 4 10 0.2582644820213318 1 -1 -1 
518 177 12 11 0.2565613090991974 10 -1 -1 
459 304 14 27 0.2557004392147064 10 -1 -1 
555 242 10 18 0.25304731726646423 10 -1 -1 
457 210 12 25 0.24672402441501617 10 -1 -1 
610 272 41 26 0.24492594599723816 4 -1 -1 
488 152 20 21 0.23391945660114288 4 -1 -1 
617 249 34 16 0.2323816567659378 7 -1 -1 
615 242 25 17 0.23157931864261627 7 -1 -1 
466 147 25 18 0.23115521669387817 4 -1 -1 
616 240 28 19 0.22415480017662048 8 -1 -1 
77 310 18 26 0.22358959913253784 2 -1 -1 
614 247 29 16 0.21838435530662537 4 -1 -1 
336 299 60 37 0.21388137340545654 4 -1 -1 
616 251 29 16 0.21102702617645264 4 -1 -1 
609 265 34 30 0.20988522469997406 5 -1 -1 
729 392 11 31 0.20717571675777435 1 -1 -1 
617 253 35 18 0.2070302665233612 4 -1 -1 
618 251 33 15 0.20472009479999542 8 -1 -1 
617 239 40 21 0.204628586769104 4 -1 -1 
354 298 43 39 0.20449364185333252 7 -1 -1 
614 188 27 15 0.19960375130176544 10 -1 -1 
614 247 29 16 0.19765976071357727 7 -1 -1 
617 236 26 19 0.19685129821300507 7 -1 -1 
616 239 36 20 0.19392359256744385 7 -1 -1 
459 304 13 25 0.19312849640846252 1 -1 -1 
71 459 166 79 0.1906585693359375 6 -1 -1 
487 149 22 19 0.18875786662101746 4 -1 -1 
386 386 13 34 0.18861940503120422 10 -1 -1 
617 231 24 19 0.18855829536914825 8 -1 -1 
610 272 41 26 0.185808002948761 5 -1 -1 
307 334 105 54 0.17805500328540802 7 -1 -1 
618 248 37 17 0.17744199931621552 6 -1 -1 
617 236 24 17 0.1738971620798111 10 -1 -1 
146 350 113 116 0.17331606149673462 5 -1 -1 
614 242 26 17 0.17195165157318115 10 -1 -1 
615 247 31 17 0.1711522787809372 8 -1 -1 
471 146 28 20 0.16863994300365448 4 -1 -1 
459 310 14 27 0.1659349799156189 2 -1 -1 
264 387 72 86 0.16389840841293335 4 -1 -1 
70 461 166 77 0.1627284437417984 9 -1 -1 
460 150 26 16 0.16229651868343353 4 -1 -1 
264 387 72 86 0.16114221513271332 6 -1 -1 
618 249 36 16 0.1576501876115799 5 -1 -1 
464 148 25 17 0.15668682754039764 5 -1 -1 
610 280 29 19 0.1542840451002121 4 -1 -1 
475 148 34 19 0.1537470519542694 4 -1 -1 
459 185 22 18 0.15373419225215912 4 -1 -1 
146 351 113 115 0.15325920283794403 9 -1 -1 
77 310 19 25 0.15303462743759155 7 -1 -1 
610 280 37 25 0.14734573662281036 4 -1 -1 
453 232 14 26 0.1460365504026413 1 -1 -1 
615 248 27 17 0.14572429656982422 10 -1 -1 
854 438 56 35 0.14536957442760468 10 -1 -1 
616 251 27 17 0.14486315846443176 7 -1 -1 
205 238 20 21 0.14341133832931519 1 -1 -1 
617 254 29 17 0.14266955852508545 8 -1 -1 
146 350 113 116 0.14114104211330414 10 -1 -1 
610 264 44 23 0.14067718386650085 5 -1 -1 
513 112 21 16 0.13984541594982147 4 -1 -1 
512 112 22 17 0.13941772282123566 9 -1 -1 
480 158 25 17 0.13748469948768616 4 -1 -1 
479 162 22 20 0.13630728423595428 4 -1 -1 
618 240 37 20 0.1350686252117157 6 -1 -1 
492 147 25 16 0.13465279340744019 4 -1 -1 
351 297 46 38 0.1343311071395874 5 -1 -1 
917 97 14 23 0.13401581346988678 1 -1 -1 
471 141 24 18 0.1332465559244156 4 -1 -1 
607 265 21 28 0.13257284462451935 4 -1 -1 
457 209 15 25 0.1323048323392868 8 -1 -1 
723 392 12 31 0.13110260665416718 1 -1 -1 
618 232 25 18 0.1306198537349701 7 -1 -1 
492 148 23 16 0.12988898158073425 6 -1 -1 
476 153 29 19 0.12904225289821625 4 -1 -1 
532 360 28 49 0.1273701936006546 4 -1 -1 
265 387 70 87 0.12646642327308655 8 -1 -1 
476 167 20 20 0.12500016391277313 5 -1 -1 
204 239 20 22 0.12357671558856964 10 -1 -1 
330 300 65 38 0.12353075295686722 5 -1 -1 
610 217 28 26 0.1228763610124588 5 -1 -1 
483 146 27 18 0.12273386120796204 4 -1 -1 
471 147 26 19 0.12205122411251068 5 -1 -1 
77 311 18 25 0.12036900222301483 1 -1 -1 
167 273 15 39 0.11910160630941391 1 -1 -1 
618 240 37 20 0.11861582845449448 5 -1 -1 
459 304 14 27 0.1181766539812088 3 -1 -1 
264 387 71 86 0.11627011746168137 9 -1 -1 
261 222 29 21 0.11619717627763748 4 -1 -1 
531 359 30 50 0.114348404109478 1 -1 -1 
610 280 37 25 0.1141253337264061 5 -1 -1 
146 350 113 116 0.11332602053880692 7 -1 -1 
459 310 14 27 0.11290536820888519 1 -1 -1 
530 360 29 50 0.11244324594736099 6 -1 -1 
532 360 28 49 0.11168848723173141 10 -1 -1 
167 260 14 29 0.10921291261911392 1 -1 -1 
462 261 13 27 0.10895410925149918 10 -1 -1 
610 280 29 19 0.10895053297281265 5 -1 -1 
612 261 32 20 0.10827823728322983 4 -1 -1 
618 235 35 19 0.10758201032876968 5 -1 -1 
197 237 25 19 0.10755056887865067 2 -1 -1 
471 169 23 20 0.1073303371667862 4 -1 -1 
439 215 15 26 0.10690461099147797 1 -1 -1 
530 360 29 50 0.10681556910276413 9 -1 -1 
616 241 29 18 0.10622461885213852 4 -1 -1 
724 382 15 40 0.10621369630098343 1 -1 -1 
460 268 16 24 0.10546936094760895 10 -1 -1 
307 336 106 53 0.10501645505428314 8 -1 -1 
426 316 14 30 0.10440807789564133 4 -1 -1 
457 207 24 20 0.10428287833929062 8 -1 -1 
608 265 31 28 0.10116074979305267 6 -1 -1 
71 459 166 79 0.10093776136636734 4 -1 -1 
532 360 28 49 0.10071907192468643 2 -1 -1 
475 159 21 22 0.10054951906204224 4 -1 -1 
468 144 24 20 0.10023754090070724 5 -1 -1 
618 235 35 19 0.09906964749097824 4 -1 -1 
514 111 21 18 0.09798909723758698 6 -1 -1 
315 292 79 45 0.09704217314720154 4 -1 -1 
475 147 33 18 0.09625828266143799 6 -1 -1 
610 281 28 33 0.09572763741016388 4 -1 -1 
618 251 33 16 0.09559427201747894 10 -1 -1 
264 387 71 86 0.09529997408390045 10 -1 -1 
384 389 14 32 0.09471026062965393 1 -1 -1 
351 297 46 38 0.09466054290533066 6 -1 -1 
617 253 35 18 0.09420774132013321 7 -1 -1 
834 431 75 42 0.09318949282169342 4 -1 -1 
302 280 95 60 0.09265030920505524 6 -1 -1 
307 334 105 54 0.0813138484954834 10 -1 -1 
307 333 104 54 0.07770358771085739 9 -1 -1 
273 332 98 62 0.07346148043870926 6 -1 -1 
607 212 45 36 0.07091478258371353 4 -1 -1 
143 318 144 152 0.06529996544122696 6 -1 -1 
608 265 45 37 0.06410413980484009 6 -1 -1 
610 258 48 34 0.06359011679887772 6 -1 -1 
614 242 46 30 0.061304811388254166 6 -1 -1 
302 280 95 60 0.06065000593662262 5 -1 -1 
609 266 47 38 0.060302745550870895 5 -1 -1 
609 270 46 42 0.05890112742781639 4 -1 -1 
607 266 38 39 0.058333225548267365 4 -1 -1 
615 232 44 32 0.05316158011555672 6 -1 -1 
