371 370 62 77 0.9259421229362488 4 -1 -1 
658 343 75 69 0.9230397343635559 4 -1 -1 
338 128 11 19 0.9225758910179138 8 -1 -1 
383 111 9 13 0.9202225804328918 8 -1 -1 
383 183 27 26 0.9104422330856323 4 -1 -1 
476 143 31 22 0.8665940761566162 8 -1 -1 
502 257 42 35 0.8649731278419495 4 -1 -1 
207 258 56 45 0.8505975008010864 4 -1 -1 
418 208 31 31 0.8416432738304138 4 -1 -1 
375 104 11 14 0.8380321264266968 5 -1 -1 
366 263 38 39 0.8304513096809387 4 -1 -1 
419 122 14 17 0.8295319676399231 5 -1 -1 
457 142 15 22 0.8231050968170166 8 -1 -1 
295 151 27 20 0.8199914693832397 4 -1 -1 
232 467 22 54 0.8190106749534607 3 -1 -1 
386 88 10 8 0.8017544150352478 4 -1 -1 
217 369 24 43 0.7573298215866089 10 -1 -1 
467 218 10 29 0.728397786617279 1 -1 -1 
494 229 31 30 0.7250216007232666 4 -1 -1 
471 374 19 35 0.6933813095092773 2 -1 -1 
454 200 10 19 0.6618980765342712 2 -1 -1 
399 225 11 21 0.651622474193573 2 -1 -1 
238 231 12 21 0.6499369144439697 2 -1 -1 
437 144 19 19 0.6459500193595886 4 -1 -1 
471 384 19 36 0.643034815788269 10 -1 -1 
619 441 27 38 0.6425546407699585 2 -1 -1 
486 195 27 24 0.6418318152427673 4 -1 -1 
428 305 16 26 0.6414711475372314 2 -1 -1 
591 274 71 57 0.6409292817115784 4 -1 -1 
279 154 8 17 0.6405390501022339 1 -1 -1 
218 357 22 41 0.6382028460502625 2 -1 -1 
451 113 12 11 0.636029064655304 4 -1 -1 
480 211 25 25 0.6284483671188354 4 -1 -1 
615 436 31 59 0.6256881356239319 10 -1 -1 
401 127 6 10 0.6216493248939514 2 -1 -1 
231 447 24 56 0.6207515597343445 2 -1 -1 
462 266 13 26 0.6204227805137634 2 -1 -1 
449 109 12 10 0.6166796088218689 4 -1 -1 
100 439 24 45 0.6113404631614685 10 -1 -1 
401 149 8 11 0.6086211204528809 10 -1 -1 
399 232 10 21 0.6037046909332275 10 -1 -1 
438 274 12 24 0.6014391779899597 10 -1 -1 
496 307 16 29 0.6007820963859558 2 -1 -1 
385 166 7 15 0.5983248949050903 2 -1 -1 
427 312 17 31 0.5959819555282593 10 -1 -1 
438 267 12 25 0.591701090335846 2 -1 -1 
238 238 12 21 0.5908687710762024 10 -1 -1 
101 421 23 49 0.5840417742729187 2 -1 -1 
401 131 6 10 0.584011435508728 10 -1 -1 
402 144 6 12 0.5837731957435608 2 -1 -1 
447 186 9 16 0.5836071968078613 10 -1 -1 
447 183 9 15 0.5827743411064148 2 -1 -1 
107 222 11 27 0.5809274911880493 1 -1 -1 
406 154 7 13 0.5797365307807922 2 -1 -1 
426 254 11 21 0.5782386660575867 10 -1 -1 
461 274 14 24 0.575116753578186 10 -1 -1 
177 232 44 34 0.571553111076355 4 -1 -1 
304 175 9 14 0.5686016082763672 10 -1 -1 
80 360 38 38 0.5651704668998718 7 -1 -1 
426 245 11 21 0.5645628571510315 2 -1 -1 
426 114 10 14 0.5624032616615295 8 -1 -1 
84 133 30 13 0.5577273368835449 4 -1 -1 
450 244 11 22 0.5571344494819641 10 -1 -1 
52 156 40 20 0.5531088709831238 5 -1 -1 
455 206 9 17 0.5517293810844421 10 -1 -1 
500 320 13 21 0.5476345419883728 2 -1 -1 
406 159 7 13 0.5476183295249939 10 -1 -1 
426 115 10 13 0.5375193357467651 7 -1 -1 
385 171 7 15 0.5334123969078064 3 -1 -1 
471 173 9 14 0.5302718877792358 2 -1 -1 
477 268 15 30 0.5270251035690308 10 -1 -1 
469 322 16 29 0.5251341462135315 10 -1 -1 
469 178 13 13 0.5224717259407043 10 -1 -1 
78 147 37 18 0.5204652547836304 4 -1 -1 
81 358 37 39 0.5143803954124451 8 -1 -1 
335 123 6 8 0.5133338570594788 10 -1 -1 
357 112 17 19 0.5079630613327026 4 -1 -1 
496 317 17 30 0.5071608424186707 10 -1 -1 
485 186 18 19 0.5050433278083801 8 -1 -1 
480 175 33 24 0.5010308027267456 8 -1 -1 
423 143 8 11 0.5008536577224731 10 -1 -1 
470 310 15 31 0.5008455514907837 2 -1 -1 
458 230 9 21 0.49879390001296997 2 -1 -1 
336 120 5 7 0.4968825578689575 2 -1 -1 
115 188 53 22 0.49469712376594543 4 -1 -1 
477 267 14 22 0.49339064955711365 2 -1 -1 
427 156 6 11 0.49154624342918396 10 -1 -1 
423 139 7 11 0.487357497215271 2 -1 -1 
479 175 29 20 0.4833309054374695 7 -1 -1 
29 158 49 26 0.4796123504638672 4 -1 -1 
451 238 9 21 0.47517693042755127 2 -1 -1 
458 230 9 24 0.4746191203594208 1 -1 -1 
336 112 9 9 0.4667834937572479 4 -1 -1 
442 119 6 12 0.4659491777420044 1 -1 -1 
360 81 8 8 0.46299436688423157 4 -1 -1 
591 274 71 56 0.4616744816303253 5 -1 -1 
426 152 7 11 0.45958396792411804 2 -1 -1 
270 140 6 13 0.4456167221069336 2 -1 -1 
492 135 17 17 0.4434756934642792 4 -1 -1 
305 165 8 15 0.4404875636100769 2 -1 -1 
357 112 17 19 0.43758073449134827 5 -1 -1 
93 138 29 13 0.4314834475517273 4 -1 -1 
426 251 11 20 0.43129441142082214 2 -1 -1 
486 195 27 25 0.4284569025039673 5 -1 -1 
811 355 86 38 0.42263269424438477 4 -1 -1 
442 118 6 12 0.4209834039211273 2 -1 -1 
478 233 14 21 0.417472779750824 10 -1 -1 
480 212 25 24 0.4147879183292389 8 -1 -1 
305 169 8 16 0.4119003117084503 2 -1 -1 
458 234 9 22 0.40833407640457153 10 -1 -1 
75 150 35 19 0.40654581785202026 4 -1 -1 
158 219 30 31 0.40071284770965576 7 -1 -1 
423 91 4 7 0.39710062742233276 2 -1 -1 
270 141 6 14 0.3958471715450287 1 -1 -1 
383 111 9 14 0.3919556438922882 7 -1 -1 
270 143 6 13 0.39038482308387756 10 -1 -1 
346 108 6 10 0.3879401981830597 2 -1 -1 
90 349 19 30 0.3866666555404663 1 -1 -1 
348 115 5 9 0.3851904273033142 10 -1 -1 
476 145 32 20 0.3843863010406494 7 -1 -1 
486 195 27 25 0.3812728226184845 6 -1 -1 
620 442 26 39 0.37961238622665405 10 -1 -1 
197 191 8 20 0.377827525138855 1 -1 -1 
489 224 9 20 0.3769260346889496 1 -1 -1 
90 348 19 29 0.37563738226890564 2 -1 -1 
54 155 37 21 0.3745742738246918 4 -1 -1 
174 202 30 24 0.37297555804252625 8 -1 -1 
442 119 6 13 0.3709852397441864 10 -1 -1 
481 227 9 19 0.36869916319847107 2 -1 -1 
68 154 38 18 0.3675851821899414 4 -1 -1 
88 128 34 16 0.3665274977684021 4 -1 -1 
365 98 5 9 0.3639412224292755 2 -1 -1 
479 277 13 22 0.3622042238712311 10 -1 -1 
423 139 7 12 0.36211511492729187 10 -1 -1 
423 92 4 6 0.35837283730506897 10 -1 -1 
93 127 26 13 0.35344308614730835 4 -1 -1 
304 116 6 14 0.351924866437912 1 -1 -1 
88 135 28 13 0.35088953375816345 4 -1 -1 
361 99 3 9 0.3501208424568176 1 -1 -1 
347 112 6 11 0.3499982953071594 10 -1 -1 
82 201 51 32 0.34612753987312317 8 -1 -1 
58 201 68 43 0.3458269536495209 6 -1 -1 
107 222 11 26 0.34507206082344055 2 -1 -1 
437 90 4 9 0.3448522984981537 1 -1 -1 
31 158 47 25 0.34221118688583374 5 -1 -1 
45 158 39 22 0.336055189371109 5 -1 -1 
427 155 6 11 0.33535099029541016 2 -1 -1 
452 102 13 12 0.3353414535522461 4 -1 -1 
500 324 14 24 0.33442574739456177 10 -1 -1 
347 110 5 10 0.33383169770240784 10 -1 -1 
426 152 7 12 0.3298376500606537 10 -1 -1 
480 211 25 25 0.32915356755256653 7 -1 -1 
812 395 84 43 0.32841458916664124 4 -1 -1 
217 367 24 42 0.32131874561309814 2 -1 -1 
75 201 59 34 0.320467472076416 6 -1 -1 
485 179 27 26 0.29844391345977783 8 -1 -1 
486 195 27 25 0.29502585530281067 8 -1 -1 
92 133 33 16 0.2908116579055786 4 -1 -1 
427 305 17 29 0.2895713746547699 10 -1 -1 
81 200 58 33 0.2852937579154968 5 -1 -1 
481 138 31 21 0.2812057435512543 8 -1 -1 
480 211 25 25 0.2746434211730957 5 -1 -1 
62 201 65 41 0.2676457464694977 5 -1 -1 
461 266 15 28 0.26739129424095154 10 -1 -1 
61 201 67 41 0.2664116621017456 8 -1 -1 
471 374 19 35 0.25893038511276245 1 -1 -1 
81 200 58 33 0.2495313435792923 4 -1 -1 
543 214 20 33 0.24827337265014648 4 -1 -1 
485 188 27 27 0.24547450244426727 8 -1 -1 
427 304 17 28 0.24427706003189087 1 -1 -1 
615 436 31 58 0.23924976587295532 2 -1 -1 
496 307 16 29 0.23647278547286987 1 -1 -1 
218 357 22 41 0.2359314262866974 1 -1 -1 
812 358 95 51 0.22955253720283508 4 -1 -1 
497 312 17 31 0.2272769808769226 2 -1 -1 
495 223 26 27 0.22651654481887817 4 -1 -1 
84 132 32 15 0.22223319113254547 5 -1 -1 
454 140 18 24 0.21931494772434235 7 -1 -1 
811 332 83 56 0.2185201197862625 4 -1 -1 
471 385 19 35 0.2175205796957016 3 -1 -1 
484 184 23 23 0.2030339241027832 7 -1 -1 
479 175 33 22 0.20054660737514496 6 -1 -1 
92 127 30 13 0.1984502375125885 5 -1 -1 
450 233 13 30 0.19305820763111115 10 -1 -1 
470 310 15 31 0.1924208700656891 1 -1 -1 
231 447 24 56 0.1911723017692566 1 -1 -1 
157 200 46 51 0.19092917442321777 7 -1 -1 
811 354 76 36 0.18819692730903625 5 -1 -1 
810 339 112 61 0.18790945410728455 4 -1 -1 
480 211 25 25 0.18624281883239746 6 -1 -1 
82 126 33 15 0.1845320612192154 4 -1 -1 
463 266 19 26 0.1827978938817978 2 -1 -1 
496 307 16 30 0.18149305880069733 10 -1 -1 
89 136 30 14 0.18134845793247223 5 -1 -1 
476 143 31 22 0.18117330968379974 5 -1 -1 
26 203 89 41 0.17966638505458832 6 -1 -1 
476 145 33 20 0.17864277958869934 4 -1 -1 
494 229 31 30 0.17806817591190338 6 -1 -1 
811 390 64 41 0.1774948388338089 4 -1 -1 
813 403 70 46 0.17252349853515625 4 -1 -1 
4 226 91 36 0.16767854988574982 4 -1 -1 
469 321 16 30 0.16755171120166779 2 -1 -1 
1 522 25 17 0.16724471747875214 1 -1 -1 
231 448 24 56 0.16669313609600067 3 -1 -1 
492 175 30 23 0.16490532457828522 7 -1 -1 
427 311 17 31 0.16401894390583038 2 -1 -1 
495 223 26 27 0.16319867968559265 7 -1 -1 
811 383 89 41 0.16280195116996765 4 -1 -1 
810 355 125 82 0.16187508404254913 6 -1 -1 
461 266 14 26 0.1612965613603592 1 -1 -1 
476 268 16 30 0.16129375994205475 2 -1 -1 
811 351 112 79 0.16057433187961578 4 -1 -1 
92 133 33 16 0.16027377545833588 5 -1 -1 
453 229 15 28 0.1593380570411682 1 -1 -1 
470 313 16 33 0.15769286453723907 10 -1 -1 
494 228 31 31 0.15756134688854218 5 -1 -1 
295 152 27 19 0.15637248754501343 5 -1 -1 
62 201 65 41 0.15540027618408203 4 -1 -1 
486 139 31 20 0.15497919917106628 4 -1 -1 
489 135 25 19 0.15394191443920135 8 -1 -1 
452 230 15 27 0.1533350795507431 10 -1 -1 
157 198 48 53 0.15275372564792633 6 -1 -1 
811 382 116 67 0.15167774260044098 6 -1 -1 
176 258 53 45 0.15044501423835754 4 -1 -1 
496 175 32 20 0.1504070907831192 8 -1 -1 
494 229 31 30 0.14924892783164978 7 -1 -1 
809 381 110 72 0.14891552925109863 4 -1 -1 
8 199 117 66 0.12558571994304657 6 -1 -1 
808 336 114 84 0.11829604208469391 6 -1 -1 
808 336 114 84 0.11066547781229019 5 -1 -1 
801 332 104 89 0.10006681084632874 4 -1 -1 
809 381 110 72 0.09902369230985641 5 -1 -1 
811 394 109 78 0.09846208244562149 6 -1 -1 
811 357 119 79 0.09809721261262894 5 -1 -1 
484 215 43 46 0.09205575287342072 6 -1 -1 
799 322 105 72 0.09050877392292023 6 -1 -1 
812 395 117 86 0.08589749783277512 4 -1 -1 
476 208 46 47 0.07516937702894211 6 -1 -1 
781 320 106 76 0.0725092887878418 4 -1 -1 
214 363 28 50 0.06994274258613586 9 -1 -1 
813 330 135 92 0.06991354376077652 4 -1 -1 
2 213 102 78 0.06768696010112762 6 -1 -1 
3 201 110 69 0.06237513944506645 4 -1 -1 
487 217 42 45 0.06191621720790863 4 -1 -1 
2 213 102 78 0.058124952018260956 4 -1 -1 
812 395 117 86 0.05794646963477135 5 -1 -1 
808 324 107 67 0.05469341203570366 9 -1 -1 
474 195 44 52 0.05452163517475128 6 -1 -1 
781 320 106 76 0.05174477398395538 5 -1 -1 
3 201 110 69 0.05143793672323227 5 -1 -1 
