183 358 68 73 0.9438621401786804 4 -1 -1 
670 269 97 45 0.9405866861343384 4 -1 -1 
804 228 98 36 0.938432514667511 4 -1 -1 
560 104 39 23 0.9374058842658997 5 -1 -1 
567 284 87 53 0.9325115084648132 4 -1 -1 
644 232 71 42 0.9283586740493774 4 -1 -1 
981 232 77 50 0.913098156452179 4 -1 -1 
1054 495 201 112 0.907887876033783 4 -1 -1 
388 284 75 58 0.8928006887435913 4 -1 -1 
398 164 49 28 0.8912696838378906 4 -1 -1 
292 225 60 42 0.8758306503295898 4 -1 -1 
465 349 19 48 0.8757468461990356 1 -1 -1 
229 104 35 20 0.8727858066558838 4 -1 -1 
410 142 43 23 0.871281623840332 4 -1 -1 
371 125 34 22 0.8680892586708069 4 -1 -1 
949 263 15 41 0.867074191570282 1 -1 -1 
746 207 80 40 0.8645639419555664 4 -1 -1 
0 387 24 59 0.8481854796409607 1 -1 -1 
218 179 51 35 0.8430670499801636 4 -1 -1 
647 117 45 22 0.8297779560089111 4 -1 -1 
673 193 75 32 0.8269351720809937 4 -1 -1 
89 195 50 42 0.8161448240280151 4 -1 -1 
1179 196 69 27 0.8126174807548523 4 -1 -1 
415 348 42 30 0.8122172355651855 10 -1 -1 
609 106 20 23 0.8106718063354492 5 -1 -1 
53 30 18 10 0.809929370880127 4 -1 -1 
926 166 13 25 0.8052995204925537 1 -1 -1 
319 261 34 39 0.8033154606819153 7 -1 -1 
195 162 42 31 0.7984081506729126 4 -1 -1 
94 99 29 21 0.7983684539794922 4 -1 -1 
970 208 71 33 0.7919466495513916 4 -1 -1 
82 19 20 15 0.7859786748886108 6 -1 -1 
325 155 45 30 0.7848466634750366 4 -1 -1 
1001 307 13 39 0.7820819020271301 1 -1 -1 
1048 411 46 41 0.7778271436691284 10 -1 -1 
868 265 14 40 0.7747081518173218 1 -1 -1 
84 48 19 13 0.7596719264984131 4 -1 -1 
936 193 66 33 0.7579435110092163 4 -1 -1 
714 196 75 38 0.7483347058296204 4 -1 -1 
98 408 28 41 0.7461235523223877 3 -1 -1 
809 140 35 23 0.7400627732276917 8 -1 -1 
1061 402 25 40 0.7379887104034424 2 -1 -1 
314 87 30 17 0.7364556789398193 4 -1 -1 
546 127 55 20 0.7267090678215027 4 -1 -1 
258 198 46 38 0.7260884642601013 7 -1 -1 
699 166 63 28 0.7256248593330383 4 -1 -1 
856 264 13 39 0.7159042954444885 1 -1 -1 
165 87 25 19 0.7112707495689392 4 -1 -1 
55 60 36 18 0.7009514570236206 4 -1 -1 
945 164 18 22 0.6926517486572266 10 -1 -1 
583 140 59 26 0.6823540329933167 4 -1 -1 
376 84 69 21 0.6807835698127747 4 -1 -1 
1298 381 29 44 0.6758692264556885 10 -1 -1 
124 83 26 19 0.6744512915611267 4 -1 -1 
57 110 31 25 0.6724041700363159 4 -1 -1 
8 39 17 15 0.6714044809341431 4 -1 -1 
233 60 38 12 0.6692301630973816 4 -1 -1 
93 387 27 54 0.6583402752876282 2 -1 -1 
1301 295 59 67 0.6567983627319336 5 -1 -1 
140 39 28 12 0.6561429500579834 4 -1 -1 
353 88 7 18 0.6527553796768188 1 -1 -1 
702 136 51 26 0.6509339809417725 4 -1 -1 
258 198 46 38 0.6461788415908813 8 -1 -1 
0 9 9 7 0.6431471705436707 4 -1 -1 
171 37 30 13 0.6265929937362671 4 -1 -1 
561 136 48 23 0.6262192130088806 4 -1 -1 
194 52 6 15 0.6216921806335449 1 -1 -1 
358 93 8 15 0.6178346276283264 2 -1 -1 
133 42 4 11 0.6149565577507019 1 -1 -1 
182 45 32 13 0.6116762757301331 4 -1 -1 
1302 372 26 45 0.6100093126296997 2 -1 -1 
1045 182 9 18 0.6019946932792664 3 -1 -1 
136 68 24 20 0.5957065224647522 5 -1 -1 
423 335 21 40 0.5935011506080627 2 -1 -1 
333 263 20 37 0.5927545428276062 7 -1 -1 
223 54 27 13 0.5753656625747681 4 -1 -1 
129 28 25 11 0.5645816326141357 4 -1 -1 
122 25 14 11 0.5609424710273743 4 -1 -1 
126 43 6 12 0.5523372292518616 1 -1 -1 
214 77 20 25 0.5477931499481201 8 -1 -1 
1049 238 15 22 0.546629011631012 2 -1 -1 
530 103 32 14 0.5406897664070129 4 -1 -1 
415 338 21 36 0.5405869483947754 2 -1 -1 
145 30 20 10 0.5371933579444885 4 -1 -1 
136 122 35 29 0.5339930057525635 4 -1 -1 
136 122 35 29 0.5184034705162048 5 -1 -1 
1094 241 14 31 0.5175759196281433 1 -1 -1 
9 15 11 9 0.5167548656463623 4 -1 -1 
15 19 13 11 0.5160102844238281 4 -1 -1 
555 89 5 15 0.5149758458137512 1 -1 -1 
214 77 20 25 0.5117326378822327 7 -1 -1 
8 12 11 9 0.49738648533821106 4 -1 -1 
0 71 15 17 0.4941231906414032 4 -1 -1 
1046 182 8 15 0.49320730566978455 2 -1 -1 
676 152 58 25 0.49231693148612976 4 -1 -1 
1038 237 12 23 0.487811416387558 2 -1 -1 
31 21 14 11 0.4858652353286743 4 -1 -1 
336 261 16 28 0.4828123152256012 2 -1 -1 
355 100 14 11 0.47507020831108093 3 -1 -1 
214 49 25 14 0.47495684027671814 5 -1 -1 
30 16 16 16 0.4701366126537323 4 -1 -1 
355 100 14 11 0.4664869010448456 10 -1 -1 
1041 237 18 24 0.46017563343048096 2 -1 -1 
202 54 5 12 0.4551246464252472 1 -1 -1 
420 108 45 19 0.4542478621006012 4 -1 -1 
0 151 17 29 0.448150098323822 4 -1 -1 
121 37 5 11 0.44770148396492004 1 -1 -1 
333 262 20 37 0.4425079822540283 10 -1 -1 
554 153 19 17 0.4385809600353241 3 -1 -1 
56 25 12 9 0.4377884864807129 4 -1 -1 
68 17 16 10 0.42388105392456055 4 -1 -1 
136 69 24 19 0.41786816716194153 4 -1 -1 
355 99 13 11 0.4174388349056244 2 -1 -1 
809 140 35 23 0.4165495038032532 7 -1 -1 
466 350 13 37 0.4115423560142517 1 -1 -1 
11 17 11 9 0.4105185270309448 4 -1 -1 
167 39 6 16 0.4100132882595062 1 -1 -1 
414 341 40 36 0.40991076827049255 2 -1 -1 
202 50 27 14 0.40984034538269043 4 -1 -1 
917 143 9 24 0.40817970037460327 1 -1 -1 
13 18 11 9 0.4079095721244812 4 -1 -1 
555 132 48 23 0.4064127206802368 4 -1 -1 
800 139 13 15 0.4013080596923828 3 -1 -1 
1095 241 13 28 0.3981461524963379 2 -1 -1 
1038 237 12 24 0.39650556445121765 1 -1 -1 
808 136 21 21 0.39536136388778687 3 -1 -1 
1052 406 38 43 0.3886433243751526 2 -1 -1 
425 99 29 17 0.385385662317276 5 -1 -1 
863 265 12 39 0.384949266910553 1 -1 -1 
214 77 19 25 0.3826850652694702 4 -1 -1 
410 100 44 22 0.375918447971344 5 -1 -1 
8 12 11 9 0.37565332651138306 5 -1 -1 
320 261 17 31 0.3748328387737274 2 -1 -1 
1046 184 8 16 0.366427481174469 10 -1 -1 
129 43 7 11 0.3616057336330414 1 -1 -1 
128 32 19 9 0.35736119747161865 4 -1 -1 
1056 403 33 43 0.3560028672218323 10 -1 -1 
63 15 15 10 0.35565340518951416 4 -1 -1 
556 145 11 22 0.3544178009033203 2 -1 -1 
375 84 62 22 0.35392361879348755 5 -1 -1 
703 136 50 26 0.3523564636707306 5 -1 -1 
320 261 17 31 0.34781593084335327 1 -1 -1 
555 89 5 13 0.3467436134815216 2 -1 -1 
93 387 26 54 0.3467350900173187 1 -1 -1 
358 93 8 15 0.34193867444992065 1 -1 -1 
420 106 43 21 0.3416057229042053 5 -1 -1 
410 100 44 22 0.3365844488143921 6 -1 -1 
807 139 12 17 0.3330244719982147 3 -1 -1 
981 249 11 28 0.3311464190483093 1 -1 -1 
406 84 39 16 0.32993441820144653 4 -1 -1 
731 203 79 37 0.32881394028663635 4 -1 -1 
96 399 25 44 0.3280371427536011 3 -1 -1 
414 104 43 22 0.31991663575172424 4 -1 -1 
1301 297 59 65 0.30645033717155457 4 -1 -1 
807 135 33 24 0.29926663637161255 8 -1 -1 
55 60 36 19 0.2897989749908447 5 -1 -1 
714 196 74 39 0.2786525785923004 5 -1 -1 
483 112 42 21 0.27425509691238403 4 -1 -1 
745 207 81 39 0.2707485556602478 5 -1 -1 
936 192 66 34 0.26249608397483826 5 -1 -1 
413 106 43 19 0.23968009650707245 6 -1 -1 
981 232 77 50 0.23851795494556427 6 -1 -1 
808 138 35 25 0.2179870754480362 3 -1 -1 
175 39 33 14 0.2175283133983612 4 -1 -1 
1052 495 202 112 0.21570654213428497 5 -1 -1 
169 37 33 14 0.21487587690353394 5 -1 -1 
982 231 76 51 0.21368446946144104 5 -1 -1 
163 36 34 15 0.2098143994808197 4 -1 -1 
207 48 34 16 0.20786115527153015 4 -1 -1 
421 99 37 21 0.2077452391386032 4 -1 -1 
57 110 31 25 0.19983334839344025 5 -1 -1 
420 109 44 18 0.1964133232831955 6 -1 -1 
409 101 43 22 0.19611026346683502 8 -1 -1 
213 77 22 26 0.1933903694152832 5 -1 -1 
-1 150 19 30 0.19280856847763062 5 -1 -1 
974 215 74 38 0.1919354498386383 4 -1 -1 
227 56 36 14 0.18853531777858734 4 -1 -1 
807 135 32 23 0.1869032084941864 7 -1 -1 
216 49 32 16 0.1779959797859192 4 -1 -1 
213 77 22 26 0.17743852734565735 6 -1 -1 
412 108 41 18 0.16803595423698425 5 -1 -1 
947 201 66 28 0.16764718294143677 4 -1 -1 
94 99 29 21 0.16721834242343903 5 -1 -1 
157 33 35 17 0.16281698644161224 4 -1 -1 
162 34 34 16 0.16110265254974365 5 -1 -1 
164 86 27 21 0.1607440561056137 5 -1 -1 
83 17 44 17 0.15842857956886292 6 -1 -1 
609 160 104 44 0.1584177017211914 6 -1 -1 
189 46 35 14 0.15665096044540405 4 -1 -1 
177 42 33 13 0.1565612554550171 4 -1 -1 
674 151 62 29 0.15393099188804626 6 -1 -1 
1178 195 69 28 0.15312907099723816 5 -1 -1 
580 139 63 26 0.15239761769771576 5 -1 -1 
676 180 82 35 0.14949895441532135 4 -1 -1 
388 284 75 58 0.1466081440448761 5 -1 -1 
409 101 43 22 0.14657920598983765 7 -1 -1 
203 48 34 16 0.14572367072105408 5 -1 -1 
125 27 33 14 0.14335741102695465 4 -1 -1 
222 53 32 15 0.14276418089866638 5 -1 -1 
410 100 40 22 0.14239096641540527 4 -1 -1 
91 400 37 57 0.14213043451309204 3 -1 -1 
1041 172 19 29 0.1414981186389923 3 -1 -1 
427 101 38 21 0.13969723880290985 5 -1 -1 
372 125 32 20 0.13870559632778168 7 -1 -1 
216 49 32 16 0.13613030314445496 5 -1 -1 
203 49 34 15 0.1360696405172348 6 -1 -1 
612 156 146 51 0.05047992989420891 6 -1 -1 
