943 255 45 52 0.9804068207740784 5 -1 -1 
969 122 61 34 0.8986133933067322 4 -1 -1 
1072 167 45 35 0.8941269516944885 5 -1 -1 
840 539 14 38 0.8652870059013367 1 -1 -1 
853 640 19 50 0.8526031374931335 1 -1 -1 
917 25 36 28 0.8445609211921692 4 -1 -1 
1516 562 30 42 0.8429269790649414 10 -1 -1 
853 535 12 37 0.8388049602508545 1 -1 -1 
1341 568 22 44 0.8356465697288513 10 -1 -1 
785 562 38 33 0.8344084620475769 10 -1 -1 
888 473 12 34 0.8341855406761169 1 -1 -1 
576 815 54 34 0.8339939713478088 10 -1 -1 
1216 892 22 47 0.8249834179878235 1 -1 -1 
1267 569 47 33 0.8203304409980774 10 -1 -1 
1122 398 46 26 0.8180869817733765 10 -1 -1 
785 632 44 34 0.802395761013031 10 -1 -1 
898 253 35 30 0.8006920218467712 10 -1 -1 
891 439 12 28 0.8001046776771545 1 -1 -1 
1176 117 21 21 0.7954158186912537 10 -1 -1 
1140 334 37 26 0.7880364060401917 10 -1 -1 
970 389 12 38 0.7829154133796692 1 -1 -1 
1144 305 40 27 0.7753766775131226 10 -1 -1 
869 251 12 31 0.7724393606185913 1 -1 -1 
1035 649 55 36 0.768318772315979 10 -1 -1 
944 155 8 28 0.7682569622993469 1 -1 -1 
840 636 16 46 0.7600364089012146 1 -1 -1 
880 245 11 32 0.7529135346412659 1 -1 -1 
1706 67 11 24 0.7451833486557007 1 -1 -1 
1031 538 33 29 0.7377965450286865 10 -1 -1 
946 400 16 33 0.7371866106987 10 -1 -1 
785 605 39 29 0.7291695475578308 10 -1 -1 
1719 66 10 26 0.7285259962081909 1 -1 -1 
1003 768 27 55 0.7273710370063782 10 -1 -1 
951 196 36 38 0.726989209651947 4 -1 -1 
1136 373 42 26 0.7258108854293823 10 -1 -1 
1100 283 12 34 0.7245791554450989 1 -1 -1 
1670 23 23 17 0.7243180274963379 10 -1 -1 
585 840 52 29 0.7163719534873962 10 -1 -1 
1169 497 24 41 0.7092809677124023 10 -1 -1 
1141 349 35 23 0.7030187845230103 10 -1 -1 
623 813 44 33 0.7003222107887268 10 -1 -1 
1216 513 50 33 0.6950772404670715 10 -1 -1 
1201 143 10 28 0.6945979595184326 1 -1 -1 
881 484 12 32 0.6940270662307739 1 -1 -1 
1840 597 81 68 0.6918293833732605 8 -1 -1 
877 553 24 52 0.6917964220046997 10 -1 -1 
1120 422 41 25 0.6904580593109131 10 -1 -1 
848 903 26 46 0.6845664978027344 2 -1 -1 
973 106 10 26 0.6778824329376221 1 -1 -1 
1686 47 22 17 0.6754851937294006 10 -1 -1 
1114 435 38 26 0.6735782027244568 10 -1 -1 
1171 490 21 36 0.6673685908317566 2 -1 -1 
1149 777 56 34 0.663352370262146 10 -1 -1 
1136 263 35 25 0.6596930027008057 10 -1 -1 
1035 676 46 33 0.658449649810791 10 -1 -1 
1074 553 49 31 0.6562672853469849 10 -1 -1 
1172 659 51 29 0.6557515859603882 10 -1 -1 
1061 160 27 19 0.6546287536621094 3 -1 -1 
934 222 29 23 0.6527227163314819 10 -1 -1 
792 990 26 46 0.6521285176277161 2 -1 -1 
1661 594 35 35 0.6520013809204102 10 -1 -1 
1228 713 47 30 0.6454300880432129 10 -1 -1 
971 483 41 29 0.6451317667961121 10 -1 -1 
1148 763 52 28 0.6425490975379944 10 -1 -1 
792 1004 26 51 0.6398165225982666 10 -1 -1 
850 580 19 42 0.6393812894821167 2 -1 -1 
1195 18 17 38 0.6375927329063416 10 -1 -1 
1181 610 44 27 0.6265227198600769 10 -1 -1 
1166 688 57 34 0.6252066493034363 10 -1 -1 
1054 513 18 41 0.6245862245559692 1 -1 -1 
1069 571 47 30 0.6189205050468445 10 -1 -1 
899 632 17 44 0.6170797944068909 1 -1 -1 
1263 1039 83 39 0.61067134141922 10 -1 -1 
1156 291 38 24 0.6097594499588013 10 -1 -1 
1238 798 18 44 0.6091679930686951 1 -1 -1 
1100 500 41 31 0.5993165969848633 10 -1 -1 
1160 708 63 34 0.5981522798538208 10 -1 -1 
1198 188 62 39 0.5914326310157776 8 -1 -1 
895 333 31 44 0.5877891182899475 8 -1 -1 
1746 781 28 36 0.5859095454216003 2 -1 -1 
1679 17 12 19 0.5798411965370178 2 -1 -1 
873 1007 26 45 0.5797476768493652 2 -1 -1 
1151 295 40 26 0.5791114568710327 10 -1 -1 
1058 603 49 37 0.5785501599311829 10 -1 -1 
1327 525 19 36 0.5741733312606812 2 -1 -1 
1184 625 46 27 0.5722436904907227 10 -1 -1 
1251 742 15 38 0.5683784484863281 1 -1 -1 
1262 317 46 33 0.5653281211853027 10 -1 -1 
1714 68 9 24 0.5650470852851868 1 -1 -1 
1160 587 27 40 0.5624557137489319 10 -1 -1 
1217 522 43 33 0.5599738359451294 10 -1 -1 
1144 738 50 32 0.5537391304969788 10 -1 -1 
914 190 30 37 0.5510437488555908 8 -1 -1 
1202 543 43 27 0.5467263460159302 10 -1 -1 
1110 482 50 30 0.5424062013626099 10 -1 -1 
1090 529 46 27 0.5411924719810486 10 -1 -1 
953 160 20 27 0.540127694606781 10 -1 -1 
924 487 15 25 0.5381488800048828 2 -1 -1 
848 916 26 56 0.5376153588294983 10 -1 -1 
1356 537 17 28 0.5364753603935242 2 -1 -1 
930 518 24 40 0.5360527038574219 10 -1 -1 
1097 507 41 30 0.5325981974601746 10 -1 -1 
1344 530 14 26 0.528374433517456 2 -1 -1 
1047 647 45 28 0.5277053713798523 10 -1 -1 
1182 634 47 28 0.5256671905517578 10 -1 -1 
1250 384 43 26 0.522297739982605 10 -1 -1 
1010 26 9 19 0.5221392512321472 1 -1 -1 
868 194 55 49 0.5206218361854553 8 -1 -1 
1054 619 48 31 0.5197211503982544 10 -1 -1 
1239 418 49 33 0.517378568649292 10 -1 -1 
1074 152 12 20 0.5157056450843811 2 -1 -1 
1031 1042 29 36 0.5151979923248291 2 -1 -1 
1177 640 52 29 0.5111799240112305 10 -1 -1 
1075 190 64 34 0.5086901187896729 4 -1 -1 
807 456 33 26 0.5070913434028625 10 -1 -1 
1716 67 11 26 0.5064767599105835 1 -1 -1 
1104 492 40 30 0.5056317448616028 10 -1 -1 
931 226 26 24 0.5050785541534424 10 -1 -1 
850 595 18 38 0.5047825574874878 10 -1 -1 
1075 190 66 34 0.5020459294319153 5 -1 -1 
1387 559 22 43 0.5008871555328369 10 -1 -1 
1183 615 47 31 0.49963220953941345 10 -1 -1 
1072 167 45 35 0.4982525706291199 8 -1 -1 
1168 1044 76 35 0.49798208475112915 7 -1 -1 
1694 40 11 19 0.4958028197288513 2 -1 -1 
1195 556 49 31 0.4933910071849823 10 -1 -1 
1865 700 22 25 0.4905158579349518 2 -1 -1 
1173 676 46 28 0.4898223876953125 10 -1 -1 
1860 716 29 33 0.48941299319267273 2 -1 -1 
1031 682 49 39 0.48860105872154236 10 -1 -1 
1839 601 81 63 0.4882713258266449 7 -1 -1 
1655 584 25 30 0.48822593688964844 2 -1 -1 
1202 591 45 37 0.48547640442848206 10 -1 -1 
1009 333 14 26 0.4843898415565491 2 -1 -1 
1875 715 23 32 0.48324424028396606 2 -1 -1 
875 1018 24 44 0.4831969439983368 2 -1 -1 
1427 407 21 56 0.47796860337257385 1 -1 -1 
1056 597 52 30 0.4779133200645447 10 -1 -1 
1144 788 55 31 0.47688838839530945 10 -1 -1 
1369 536 15 30 0.4737943708896637 2 -1 -1 
1860 31 10 20 0.47258657217025757 1 -1 -1 
928 160 12 27 0.47238871455192566 1 -1 -1 
908 191 36 36 0.47141069173812866 7 -1 -1 
1233 403 37 26 0.47038963437080383 10 -1 -1 
908 479 32 36 0.46884092688560486 10 -1 -1 
1241 743 24 40 0.46801283955574036 1 -1 -1 
1069 185 13 29 0.4679681062698364 1 -1 -1 
985 379 15 26 0.4667145609855652 2 -1 -1 
1105 154 21 26 0.46645253896713257 8 -1 -1 
1863 31 10 20 0.466335654258728 1 -1 -1 
992 354 14 17 0.4658855199813843 2 -1 -1 
1200 551 44 28 0.46550506353378296 10 -1 -1 
1711 68 9 23 0.46433791518211365 1 -1 -1 
849 595 20 37 0.46360623836517334 3 -1 -1 
1173 647 53 29 0.4596441090106964 10 -1 -1 
928 160 13 26 0.4591251313686371 2 -1 -1 
1089 539 44 27 0.4590054750442505 10 -1 -1 
1199 146 10 24 0.4573934078216553 1 -1 -1 
999 30 7 18 0.4571548104286194 1 -1 -1 
1100 455 55 31 0.4554797112941742 10 -1 -1 
1110 443 41 27 0.4546080231666565 10 -1 -1 
1001 321 16 31 0.45193928480148315 2 -1 -1 
1129 392 40 25 0.4509163498878479 10 -1 -1 
1155 717 60 34 0.4507388174533844 10 -1 -1 
934 459 14 32 0.4491029977798462 2 -1 -1 
1075 190 66 35 0.44909030199050903 8 -1 -1 
1253 377 42 27 0.44867944717407227 10 -1 -1 
1197 567 47 32 0.4485916495323181 10 -1 -1 
1189 203 32 22 0.44842398166656494 10 -1 -1 
1823 845 36 49 0.4483005106449127 8 -1 -1 
1082 544 45 31 0.4471512734889984 10 -1 -1 
941 743 28 49 0.44664883613586426 10 -1 -1 
1251 215 23 23 0.4446088671684265 10 -1 -1 
1170 682 50 29 0.44352206587791443 10 -1 -1 
1081 206 45 41 0.4428185224533081 8 -1 -1 
875 1019 24 56 0.44267621636390686 10 -1 -1 
1538 7 26 18 0.4403216242790222 10 -1 -1 
1237 415 41 29 0.43886271119117737 10 -1 -1 
1448 18 12 16 0.4382707476615906 10 -1 -1 
1155 591 18 35 0.43328383564949036 2 -1 -1 
1210 534 40 26 0.43060043454170227 10 -1 -1 
1155 591 19 36 0.4289170205593109 10 -1 -1 
1148 127 9 18 0.42670121788978577 2 -1 -1 
975 83 10 19 0.42571359872817993 10 -1 -1 
1214 201 16 30 0.424741268157959 2 -1 -1 
1746 781 27 36 0.4049154818058014 1 -1 -1 
995 334 34 28 0.3979266881942749 10 -1 -1 
1237 26 20 43 0.3611854016780853 10 -1 -1 
930 462 28 33 0.3588528633117676 10 -1 -1 
1168 1040 77 39 0.3372112214565277 8 -1 -1 
832 482 32 36 0.30667904019355774 7 -1 -1 
884 472 17 43 0.29316315054893494 1 -1 -1 
585 837 79 42 0.29250940680503845 10 -1 -1 
831 475 37 31 0.28424718976020813 7 -1 -1 
784 382 68 54 0.2794368863105774 8 -1 -1 
833 485 32 34 0.2727600038051605 8 -1 -1 
1328 527 30 35 0.2512947618961334 2 -1 -1 
1144 743 64 57 0.2465234100818634 10 -1 -1 
1538 6 32 31 0.2408686727285385 10 -1 -1 
841 535 20 42 0.23258838057518005 1 -1 -1 
930 462 28 32 0.2316090613603592 7 -1 -1 
1327 525 19 38 0.22391954064369202 1 -1 -1 
1029 1032 72 47 0.22367478907108307 10 -1 -1 
578 811 70 51 0.2178521305322647 10 -1 -1 
906 472 30 36 0.21120889484882355 10 -1 -1 
995 324 28 32 0.20784004032611847 10 -1 -1 
916 464 40 32 0.20057857036590576 10 -1 -1 
807 454 32 28 0.2002663016319275 7 -1 -1 
911 470 40 36 0.19979029893875122 10 -1 -1 
830 471 40 28 0.1906050443649292 8 -1 -1 
1284 273 78 39 0.188225656747818 7 -1 -1 
826 470 44 29 0.18766885995864868 7 -1 -1 
831 471 39 29 0.18103672564029694 10 -1 -1 
971 390 19 40 0.17616881430149078 1 -1 -1 
1192 571 63 57 0.17476719617843628 7 -1 -1 
915 481 31 37 0.17420357465744019 10 -1 -1 
933 460 26 35 0.17363446950912476 2 -1 -1 
1144 732 69 45 0.17262430489063263 10 -1 -1 
1192 566 64 57 0.17234840989112854 8 -1 -1 
1100 454 63 56 0.1709211766719818 7 -1 -1 
1051 597 59 54 0.17090162634849548 10 -1 -1 
1188 186 72 43 0.17024977505207062 7 -1 -1 
1343 531 25 37 0.16974234580993652 2 -1 -1 
865 181 71 55 0.1677793264389038 8 -1 -1 
981 688 88 46 0.16674034297466278 7 -1 -1 
1167 1040 80 39 0.16573354601860046 3 -1 -1 
1145 760 63 55 0.15894481539726257 10 -1 -1 
784 383 68 53 0.15863361954689026 7 -1 -1 
1285 265 75 43 0.15123289823532104 10 -1 -1 
865 191 62 53 0.147975891828537 6 -1 -1 
898 253 35 30 0.1475035697221756 4 -1 -1 
1100 454 63 56 0.1468227356672287 10 -1 -1 
1188 186 72 43 0.14682266116142273 5 -1 -1 
993 754 41 71 0.145554780960083 10 -1 -1 
865 189 63 53 0.14530247449874878 7 -1 -1 
975 396 23 41 0.14507102966308594 1 -1 -1 
1188 186 72 43 0.14455106854438782 6 -1 -1 
995 328 31 29 0.14355620741844177 2 -1 -1 
1285 261 93 47 0.141476571559906 7 -1 -1 
1284 273 78 39 0.14004307985305786 8 -1 -1 
825 474 37 40 0.13721153140068054 7 -1 -1 
1261 317 76 44 0.1351679563522339 10 -1 -1 
975 403 26 36 0.13411565124988556 10 -1 -1 
916 629 113 106 0.13380961120128632 8 -1 -1 
928 463 29 31 0.13194401562213898 8 -1 -1 
978 687 92 47 0.13075213134288788 8 -1 -1 
1188 186 72 43 0.13066443800926208 4 -1 -1 
807 454 32 28 0.13001297414302826 8 -1 -1 
784 383 68 53 0.12929296493530273 6 -1 -1 
807 456 33 27 0.12762559950351715 3 -1 -1 
1149 718 68 48 0.1270950585603714 10 -1 -1 
992 336 28 33 0.12459167838096619 10 -1 -1 
993 685 80 44 0.12364141643047333 10 -1 -1 
1197 17 22 40 0.12346454709768295 10 -1 -1 
1284 248 81 38 0.12291991710662842 7 -1 -1 
1351 534 28 34 0.12058815360069275 2 -1 -1 
1153 1027 92 53 0.11979494988918304 7 -1 -1 
1157 691 67 49 0.11937914043664932 10 -1 -1 
969 673 106 59 0.11886859685182571 7 -1 -1 
783 384 71 52 0.11855266243219376 10 -1 -1 
1261 317 74 43 0.11666394770145416 7 -1 -1 
957 586 52 71 0.11552540212869644 8 -1 -1 
927 630 65 106 0.1153504028916359 8 -1 -1 
878 479 20 40 0.11527164280414581 1 -1 -1 
1840 598 81 67 0.11420455574989319 2 -1 -1 
917 466 39 31 0.1136791929602623 7 -1 -1 
783 384 71 52 0.11354295164346695 4 -1 -1 
1192 566 64 57 0.11316311359405518 10 -1 -1 
784 383 68 53 0.11184636503458023 5 -1 -1 
995 319 27 34 0.10904007405042648 2 -1 -1 
1328 527 30 35 0.10865750163793564 1 -1 -1 
828 476 38 37 0.10781436413526535 8 -1 -1 
922 468 36 38 0.10754820704460144 10 -1 -1 
1284 248 81 38 0.10734295099973679 8 -1 -1 
1283 262 98 44 0.10728681087493896 8 -1 -1 
1032 630 69 51 0.10681230574846268 10 -1 -1 
1286 277 79 38 0.10638734698295593 10 -1 -1 
932 460 26 34 0.10621529817581177 1 -1 -1 
966 385 22 41 0.10456428676843643 1 -1 -1 
1100 454 63 56 0.10361471027135849 8 -1 -1 
981 377 24 42 0.10210223495960236 1 -1 -1 
1041 615 67 58 0.10172319412231445 10 -1 -1 
1287 272 110 46 0.10169422626495361 7 -1 -1 
977 398 22 40 0.10151579231023788 2 -1 -1 
1359 534 27 35 0.10139264166355133 2 -1 -1 
996 322 26 34 0.10134080052375793 1 -1 -1 
1284 287 74 43 0.09893731772899628 7 -1 -1 
978 385 25 41 0.09738368541002274 1 -1 -1 
866 182 70 46 0.09678098559379578 7 -1 -1 
1171 111 30 30 0.09600172936916351 10 -1 -1 
1029 1032 72 47 0.09489058703184128 3 -1 -1 
976 400 26 37 0.09389182180166245 7 -1 -1 
1746 781 27 36 0.09274475276470184 10 -1 -1 
1194 17 18 39 0.09244901686906815 3 -1 -1 
1237 26 20 43 0.09181414544582367 3 -1 -1 
1287 272 133 51 0.0903710350394249 4 -1 -1 
1327 525 19 38 0.09005457162857056 10 -1 -1 
866 182 70 46 0.09005318582057953 6 -1 -1 
908 478 34 37 0.09002141654491425 2 -1 -1 
1261 317 74 43 0.08986204862594604 8 -1 -1 
866 246 21 37 0.08966466039419174 1 -1 -1 
833 483 33 35 0.08923269063234329 10 -1 -1 
1276 290 82 47 0.0889546349644661 10 -1 -1 
1187 581 66 51 0.08820647746324539 10 -1 -1 
981 536 29 39 0.08814064413309097 7 -1 -1 
1222 434 51 69 0.08795265853404999 10 -1 -1 
941 662 129 74 0.0873284712433815 6 -1 -1 
981 544 27 43 0.08706250041723251 1 -1 -1 
1537 0 30 29 0.08676888048648834 10 -1 -1 
1736 574 68 54 0.08669056743383408 8 -1 -1 
1078 201 66 52 0.08541975915431976 8 -1 -1 
909 472 42 33 0.08539033681154251 7 -1 -1 
1330 525 38 36 0.0849246233701706 7 -1 -1 
1269 304 81 42 0.08492063730955124 7 -1 -1 
1269 304 81 42 0.08473856002092361 10 -1 -1 
1752 781 31 37 0.08459088206291199 1 -1 -1 
996 697 70 51 0.08452320843935013 8 -1 -1 
976 400 26 37 0.0844481885433197 8 -1 -1 
981 540 29 39 0.08443114161491394 2 -1 -1 
1839 599 81 65 0.08440068364143372 10 -1 -1 
1343 531 25 37 0.0837542712688446 1 -1 -1 
1284 256 116 53 0.08345787227153778 4 -1 -1 
1284 269 121 45 0.08345624059438705 6 -1 -1 
965 683 97 63 0.083333820104599 7 -1 -1 
865 184 38 61 0.0832313597202301 8 -1 -1 
997 683 82 43 0.08319021761417389 7 -1 -1 
974 392 25 41 0.08271050453186035 10 -1 -1 
822 469 30 35 0.08249587565660477 7 -1 -1 
1727 781 41 38 0.08228415250778198 1 -1 -1 
980 533 30 43 0.08207003772258759 8 -1 -1 
924 630 93 105 0.08164910972118378 7 -1 -1 
1029 1032 72 47 0.08129102736711502 7 -1 -1 
957 586 52 68 0.08126053959131241 6 -1 -1 
908 478 34 33 0.08079398423433304 7 -1 -1 
1023 740 37 81 0.08054262399673462 10 -1 -1 
1736 576 72 56 0.0799911841750145 7 -1 -1 
1359 534 27 35 0.07997582107782364 10 -1 -1 
927 596 88 95 0.07978689670562744 8 -1 -1 
957 586 52 68 0.07971828430891037 7 -1 -1 
898 253 35 30 0.0795246958732605 3 -1 -1 
1002 735 40 87 0.07952141761779785 10 -1 -1 
1284 287 74 43 0.0794968456029892 8 -1 -1 
1168 1041 77 39 0.0794120505452156 6 -1 -1 
908 630 149 160 0.07836025208234787 8 -1 -1 
