435 0 31 28 0.9985796213150024 9 -1 -1 
336 148 39 34 0.9648929834365845 6 -1 -1 
471 0 24 11 0.9507392048835754 9 -1 -1 
359 64 30 28 0.947026789188385 6 -1 -1 
343 91 25 21 0.8998395800590515 4 -1 -1 
205 189 43 39 0.8733405470848083 4 -1 -1 
373 98 15 16 0.7722449898719788 7 -1 -1 
494 36 23 16 0.7667586207389832 4 -1 -1 
391 20 32 13 0.740150511264801 4 -1 -1 
297 123 29 27 0.696952760219574 4 -1 -1 
344 147 32 12 0.4306420683860779 7 -1 -1 
435 0 31 28 0.4045621454715729 4 -1 -1 
374 98 7 9 0.3938083350658417 2 -1 -1 
373 97 15 17 0.39275696873664856 8 -1 -1 
495 90 38 20 0.35934141278266907 6 -1 -1 
435 0 31 28 0.3356238007545471 10 -1 -1 
372 107 5 8 0.32940590381622314 1 -1 -1 
435 0 31 28 0.3289375603199005 1 -1 -1 
496 90 40 20 0.3176132142543793 4 -1 -1 
435 0 31 28 0.3067581057548523 2 -1 -1 
373 98 10 11 0.3052052855491638 7 -1 -1 
435 0 31 28 0.30194368958473206 3 -1 -1 
435 0 31 28 0.2821226716041565 5 -1 -1 
467 0 20 11 0.28212031722068787 9 -1 -1 
435 0 31 28 0.26961180567741394 7 -1 -1 
435 0 31 28 0.24892891943454742 6 -1 -1 
91 155 13 20 0.24637648463249207 10 -1 -1 
429 8 5 12 0.23952995240688324 1 -1 -1 
436 0 30 28 0.23027203977108002 8 -1 -1 
390 20 31 13 0.228988915681839 5 -1 -1 
489 133 17 30 0.2251209020614624 6 -1 -1 
92 151 10 19 0.22465136647224426 2 -1 -1 
498 0 11 6 0.2226303368806839 4 -1 -1 
401 32 8 9 0.21826551854610443 7 -1 -1 
401 32 8 9 0.2155773937702179 8 -1 -1 
373 98 10 11 0.21359604597091675 8 -1 -1 
491 144 31 17 0.21234887838363647 4 -1 -1 
746 330 8 9 0.20420622825622559 1 -1 -1 
349 147 28 12 0.2016003429889679 4 -1 -1 
373 99 8 12 0.200454443693161 2 -1 -1 
581 95 10 9 0.19618171453475952 4 -1 -1 
471 0 23 7 0.19253312051296234 9 -1 -1 
373 97 12 16 0.19051700830459595 2 -1 -1 
841 344 9 10 0.1899206042289734 1 -1 -1 
686 361 10 9 0.18941666185855865 3 -1 -1 
350 147 27 12 0.1864895522594452 8 -1 -1 
489 135 18 29 0.18358463048934937 4 -1 -1 
629 290 86 39 0.182765930891037 6 -1 -1 
297 123 30 27 0.18272621929645538 5 -1 -1 
607 72 7 6 0.1781681478023529 4 -1 -1 
358 71 26 21 0.17789481580257416 6 -1 -1 
427 9 6 10 0.17567728459835052 1 -1 -1 
495 90 39 20 0.17379800975322723 5 -1 -1 
498 90 17 15 0.17149513959884644 2 -1 -1 
470 0 24 12 0.17046953737735748 4 -1 -1 
495 88 23 20 0.16828452050685883 6 -1 -1 
470 0 24 12 0.16818177700042725 6 -1 -1 
374 98 6 9 0.16809798777103424 1 -1 -1 
449 215 8 6 0.1647598147392273 1 -1 -1 
491 138 40 22 0.162390798330307 4 -1 -1 
373 103 12 12 0.16072353720664978 7 -1 -1 
495 90 37 19 0.1605338305234909 8 -1 -1 
425 9 5 10 0.15961512923240662 1 -1 -1 
92 151 8 14 0.15916334092617035 2 -1 -1 
490 142 23 24 0.15687674283981323 4 -1 -1 
373 99 7 11 0.15472489595413208 7 -1 -1 
359 74 17 18 0.15278638899326324 6 -1 -1 
490 134 31 28 0.1507268100976944 4 -1 -1 
336 148 39 34 0.15063606202602386 4 -1 -1 
373 101 14 13 0.14969879388809204 10 -1 -1 
372 103 9 11 0.14838729798793793 10 -1 -1 
359 64 30 28 0.1464032083749771 5 -1 -1 
372 106 6 9 0.1449008584022522 10 -1 -1 
572 101 4 11 0.14342506229877472 1 -1 -1 
495 89 33 20 0.14287003874778748 7 -1 -1 
470 0 24 12 0.142621710896492 5 -1 -1 
350 147 27 12 0.14235375821590424 6 -1 -1 
599 284 121 47 0.1399088203907013 6 -1 -1 
496 92 18 16 0.13763804733753204 7 -1 -1 
725 315 6 14 0.13687972724437714 1 -1 -1 
493 36 23 16 0.13661061227321625 5 -1 -1 
373 98 10 13 0.13656669855117798 10 -1 -1 
93 160 13 16 0.1337829977273941 10 -1 -1 
91 152 13 20 0.13304631412029266 1 -1 -1 
372 97 16 17 0.1329626590013504 6 -1 -1 
336 148 39 34 0.13215050101280212 5 -1 -1 
755 351 6 9 0.13129808008670807 1 -1 -1 
379 100 9 13 0.13118669390678406 1 -1 -1 
374 98 7 9 0.13074560463428497 10 -1 -1 
712 311 7 16 0.12797720730304718 1 -1 -1 
91 152 13 22 0.12694989144802094 7 -1 -1 
418 31 5 15 0.12580043077468872 1 -1 -1 
372 105 7 10 0.12541364133358002 2 -1 -1 
205 190 43 38 0.12459145486354828 5 -1 -1 
92 159 12 17 0.12366986274719238 3 -1 -1 
373 99 8 12 0.1227327287197113 1 -1 -1 
373 99 7 11 0.12251894921064377 10 -1 -1 
357 61 22 30 0.12028968334197998 6 -1 -1 
359 64 30 28 0.11941312998533249 9 -1 -1 
372 103 9 11 0.11748848110437393 1 -1 -1 
373 98 15 16 0.11705352365970612 3 -1 -1 
383 99 5 12 0.11653347313404083 1 -1 -1 
498 91 19 15 0.11385221779346466 1 -1 -1 
343 91 25 21 0.11287424713373184 6 -1 -1 
800 364 9 15 0.1118478924036026 3 -1 -1 
359 64 30 28 0.11044362932443619 4 -1 -1 
373 103 11 11 0.10958400368690491 8 -1 -1 
400 29 10 10 0.10937108099460602 7 -1 -1 
607 72 7 6 0.10896369814872742 6 -1 -1 
99 237 15 13 0.10893234610557556 3 -1 -1 
336 148 39 34 0.10751563310623169 7 -1 -1 
746 328 8 9 0.1056617721915245 1 -1 -1 
107 221 4 7 0.10485906898975372 1 -1 -1 
491 141 33 18 0.10458607226610184 5 -1 -1 
490 129 56 35 0.10396446287631989 6 -1 -1 
375 97 13 13 0.10352784395217896 9 -1 -1 
498 0 11 6 0.10269052535295486 5 -1 -1 
495 88 23 20 0.10265129804611206 8 -1 -1 
709 312 8 15 0.10184463113546371 1 -1 -1 
432 8 4 11 0.10102412104606628 1 -1 -1 
572 101 7 11 0.1009533628821373 1 -1 -1 
689 363 8 7 0.10085822641849518 3 -1 -1 
286 117 42 34 0.10079436749219894 4 -1 -1 
713 315 7 14 0.100356325507164 1 -1 -1 
495 88 45 22 0.10012263059616089 9 -1 -1 
489 133 18 29 0.09999445825815201 5 -1 -1 
375 96 9 12 0.09927772730588913 9 -1 -1 
382 103 5 9 0.09895475208759308 1 -1 -1 
90 152 9 16 0.09871074557304382 2 -1 -1 
841 338 12 15 0.09854644536972046 1 -1 -1 
333 165 6 9 0.09853535145521164 1 -1 -1 
896 366 6 10 0.09851007163524628 1 -1 -1 
351 54 40 38 0.09849580377340317 6 -1 -1 
357 71 21 21 0.09833573549985886 9 -1 -1 
579 94 11 10 0.09772226959466934 10 -1 -1 
713 308 8 18 0.09745605289936066 1 -1 -1 
373 102 6 11 0.09717978537082672 7 -1 -1 
391 20 31 13 0.09696240723133087 6 -1 -1 
571 99 6 11 0.09632367640733719 1 -1 -1 
498 0 12 6 0.09582645446062088 6 -1 -1 
372 102 11 13 0.09505413472652435 2 -1 -1 
710 314 8 15 0.0949128121137619 2 -1 -1 
590 102 6 13 0.09487327188253403 1 -1 -1 
429 8 5 11 0.09461880475282669 2 -1 -1 
392 19 25 10 0.09449557214975357 4 -1 -1 
423 8 5 9 0.09426303952932358 1 -1 -1 
490 132 24 27 0.0941154733300209 6 -1 -1 
465 0 22 11 0.09390939027070999 6 -1 -1 
581 95 10 9 0.0937405675649643 1 -1 -1 
570 93 20 11 0.0935959592461586 4 -1 -1 
373 99 7 11 0.09352342784404755 8 -1 -1 
411 17 8 10 0.09305386245250702 1 -1 -1 
374 105 8 10 0.09190074354410172 10 -1 -1 
409 16 8 8 0.09181008487939835 1 -1 -1 
713 313 7 15 0.090508371591568 2 -1 -1 
359 74 17 18 0.09028445929288864 4 -1 -1 
374 101 13 13 0.09023281931877136 1 -1 -1 
490 145 29 18 0.09021826833486557 5 -1 -1 
608 71 8 6 0.08970993012189865 4 -1 -1 
343 91 25 21 0.08949053287506104 5 -1 -1 
401 32 8 9 0.08939684182405472 10 -1 -1 
400 29 10 10 0.08878465741872787 8 -1 -1 
91 152 13 22 0.08853517472743988 8 -1 -1 
721 311 9 18 0.08846189826726913 1 -1 -1 
357 68 22 24 0.08741803467273712 5 -1 -1 
95 154 11 19 0.08536063879728317 2 -1 -1 
358 71 26 21 0.08527202159166336 4 -1 -1 
381 104 6 10 0.08526398986577988 1 -1 -1 
492 134 40 25 0.0851777195930481 5 -1 -1 
401 31 8 10 0.08449061959981918 9 -1 -1 
466 0 21 11 0.08434402197599411 4 -1 -1 
375 97 6 10 0.08319156616926193 9 -1 -1 
333 147 40 12 0.08315137773752213 4 -1 -1 
495 88 23 20 0.08295978605747223 4 -1 -1 
422 7 4 10 0.08265174180269241 1 -1 -1 
345 147 31 12 0.08227097243070602 10 -1 -1 
453 192 5 5 0.08177559822797775 1 -1 -1 
284 127 36 23 0.08164122700691223 4 -1 -1 
357 52 25 39 0.08136486262083054 9 -1 -1 
489 142 19 24 0.08057975023984909 6 -1 -1 
581 95 10 9 0.08045355975627899 5 -1 -1 
690 357 7 7 0.08034134656190872 3 -1 -1 
583 94 10 10 0.0799408107995987 4 -1 -1 
492 134 40 25 0.07984285801649094 6 -1 -1 
581 95 10 9 0.07949820905923843 8 -1 -1 
428 242 3 4 0.07949749380350113 1 -1 -1 
358 74 17 18 0.07935599237680435 5 -1 -1 
94 156 12 19 0.07902786135673523 7 -1 -1 
685 362 11 8 0.07901625335216522 10 -1 -1 
391 20 31 13 0.07900205999612808 1 -1 -1 
430 8 5 9 0.0789574459195137 1 -1 -1 
607 72 7 6 0.07870186120271683 5 -1 -1 
492 124 69 33 0.07851313799619675 6 -1 -1 
489 131 16 29 0.07810186594724655 9 -1 -1 
430 10 5 11 0.07808481156826019 1 -1 -1 
413 16 8 12 0.07807430624961853 1 -1 -1 
571 98 10 11 0.07793683558702469 1 -1 -1 
578 93 12 10 0.07759708911180496 4 -1 -1 
688 357 9 11 0.07757346332073212 3 -1 -1 
952 393 6 11 0.076642245054245 1 -1 -1 
750 352 11 8 0.07652439922094345 1 -1 -1 
391 20 31 13 0.07640054076910019 9 -1 -1 
373 97 12 16 0.07611818611621857 1 -1 -1 
575 101 6 11 0.0759999006986618 1 -1 -1 
377 104 10 10 0.07580818235874176 1 -1 -1 
406 16 11 8 0.07575871050357819 10 -1 -1 
492 130 35 24 0.07550962269306183 4 -1 -1 
800 365 9 13 0.07533024251461029 10 -1 -1 
496 92 21 16 0.07493917644023895 2 -1 -1 
856 398 76 124 0.07481274008750916 6 -1 -1 
711 305 9 16 0.07471943646669388 1 -1 -1 
297 123 30 27 0.07444684952497482 1 -1 -1 
343 91 25 21 0.07128098607063293 7 -1 -1 
343 91 25 21 0.07062125205993652 1 -1 -1 
343 91 25 21 0.06795266270637512 9 -1 -1 
345 147 31 12 0.06760317087173462 3 -1 -1 
205 190 43 38 0.066738061606884 1 -1 -1 
206 190 42 38 0.06574365496635437 6 -1 -1 
206 190 42 38 0.06457659602165222 9 -1 -1 
495 85 34 21 0.06388546526432037 5 -1 -1 
89 153 17 24 0.06377322971820831 3 -1 -1 
494 36 23 16 0.06294482946395874 6 -1 -1 
293 55 20 27 0.06204221025109291 4 -1 -1 
655 299 65 32 0.06157674640417099 6 -1 -1 
372 95 17 20 0.061063673347234726 9 -1 -1 
433 2 23 27 0.06102846935391426 9 -1 -1 
297 123 30 27 0.06079297140240669 6 -1 -1 
333 147 40 12 0.05905139818787575 6 -1 -1 
359 64 30 28 0.05850549787282944 7 -1 -1 
283 120 45 33 0.05815371498465538 5 -1 -1 
346 147 31 12 0.05702954903244972 9 -1 -1 
89 152 16 24 0.05622372031211853 9 -1 -1 
297 123 30 27 0.05616264417767525 9 -1 -1 
350 146 36 13 0.054806433618068695 7 -1 -1 
494 36 23 16 0.054326511919498444 1 -1 -1 
292 116 29 32 0.05300896242260933 4 -1 -1 
359 64 30 28 0.051755473017692566 10 -1 -1 
491 128 69 34 0.051498621702194214 9 -1 -1 
495 94 33 19 0.05117855966091156 9 -1 -1 
206 190 42 38 0.05097632110118866 10 -1 -1 
490 139 56 34 0.05079424008727074 6 -1 -1 
490 129 59 31 0.05036398768424988 5 -1 -1 
