1244 681 114 66 0.9645155668258667 5 -1 -1 
670 264 18 26 0.9566335678100586 8 -1 -1 
840 645 71 89 0.9328012466430664 4 -1 -1 
320 434 59 57 0.9296342134475708 4 -1 -1 
1083 695 21 53 0.9276776909828186 1 -1 -1 
990 487 61 60 0.9248998165130615 6 -1 -1 
1139 345 51 21 0.9243273138999939 7 -1 -1 
1156 586 139 50 0.9105100035667419 4 -1 -1 
1069 681 21 49 0.9089587926864624 1 -1 -1 
469 291 32 28 0.8973580598831177 4 -1 -1 
725 207 20 18 0.8871029019355774 4 -1 -1 
1253 334 68 26 0.8864306807518005 4 -1 -1 
377 393 59 49 0.8828951716423035 4 -1 -1 
950 347 70 25 0.8816549181938171 4 -1 -1 
1135 543 121 48 0.8749285936355591 4 -1 -1 
362 330 78 29 0.87037193775177 4 -1 -1 
714 402 34 38 0.8631668090820312 4 -1 -1 
892 303 35 29 0.8614833354949951 4 -1 -1 
1077 490 105 39 0.8496720194816589 4 -1 -1 
721 87 10 9 0.8488429188728333 4 -1 -1 
684 155 17 16 0.8471375107765198 4 -1 -1 
756 169 17 15 0.8456577062606812 4 -1 -1 
115 698 106 66 0.8435940146446228 4 -1 -1 
1012 319 10 26 0.8407768607139587 1 -1 -1 
650 168 18 16 0.8403846025466919 4 -1 -1 
765 351 11 28 0.8098036050796509 1 -1 -1 
762 185 19 17 0.806244969367981 4 -1 -1 
561 176 19 18 0.8004457950592041 4 -1 -1 
725 97 10 10 0.7966352105140686 4 -1 -1 
1108 517 108 41 0.7829213738441467 4 -1 -1 
864 309 9 23 0.7736606001853943 1 -1 -1 
967 433 54 58 0.7731046676635742 4 -1 -1 
872 302 7 23 0.7591516971588135 1 -1 -1 
657 117 14 12 0.748907208442688 4 -1 -1 
700 76 9 9 0.7485209107398987 4 -1 -1 
578 143 16 14 0.7375622391700745 4 -1 -1 
753 122 12 11 0.7355601191520691 4 -1 -1 
687 97 11 11 0.7347208261489868 4 -1 -1 
1303 383 56 36 0.7274355292320251 4 -1 -1 
1102 706 89 57 0.726597011089325 4 -1 -1 
304 382 22 19 0.726388692855835 10 -1 -1 
878 311 9 24 0.7231440544128418 1 -1 -1 
1165 623 143 57 0.7202705144882202 4 -1 -1 
575 197 6 17 0.7133498787879944 1 -1 -1 
1280 367 78 32 0.7065473794937134 4 -1 -1 
701 66 8 7 0.7023081183433533 4 -1 -1 
820 182 28 19 0.6932716965675354 4 -1 -1 
796 278 8 17 0.6865045428276062 2 -1 -1 
1076 464 96 38 0.6740062236785889 4 -1 -1 
1260 439 14 29 0.6587693095207214 1 -1 -1 
965 285 9 24 0.6557338237762451 1 -1 -1 
990 486 61 61 0.6375704407691956 4 -1 -1 
619 105 12 11 0.6251322031021118 4 -1 -1 
796 285 8 14 0.6249417662620544 10 -1 -1 
696 59 7 7 0.6238582730293274 4 -1 -1 
851 216 21 24 0.6205488443374634 4 -1 -1 
843 203 22 18 0.6160972118377686 4 -1 -1 
332 381 12 30 0.6083613038063049 1 -1 -1 
1248 407 89 75 0.6057882308959961 8 -1 -1 
642 77 9 7 0.6056854724884033 4 -1 -1 
868 248 29 20 0.6051053404808044 4 -1 -1 
990 295 8 19 0.6019147634506226 1 -1 -1 
1018 338 8 23 0.5932736992835999 1 -1 -1 
925 325 9 20 0.5931221842765808 10 -1 -1 
485 260 39 32 0.5866485238075256 4 -1 -1 
788 98 14 14 0.5861234068870544 4 -1 -1 
814 131 28 15 0.5827651023864746 5 -1 -1 
836 213 19 17 0.5701965689659119 4 -1 -1 
704 58 8 8 0.5685207843780518 4 -1 -1 
675 77 10 9 0.5675262808799744 4 -1 -1 
720 55 8 8 0.5584976673126221 4 -1 -1 
706 39 8 9 0.5547761917114258 4 -1 -1 
803 128 15 15 0.5529194474220276 4 -1 -1 
974 291 7 19 0.5423650741577148 1 -1 -1 
570 154 24 23 0.5420511960983276 4 -1 -1 
634 73 10 8 0.5337682962417603 4 -1 -1 
920 285 39 21 0.5250774621963501 4 -1 -1 
709 724 64 39 0.522958517074585 4 -1 -1 
730 55 9 11 0.5219129920005798 4 -1 -1 
886 174 6 12 0.5107840895652771 2 -1 -1 
853 171 15 11 0.48637473583221436 10 -1 -1 
583 197 6 17 0.476509690284729 1 -1 -1 
987 286 9 18 0.4740513563156128 1 -1 -1 
550 180 6 14 0.47359707951545715 2 -1 -1 
306 371 17 19 0.45799535512924194 10 -1 -1 
872 274 33 34 0.4532330632209778 4 -1 -1 
841 191 15 16 0.4525459408760071 7 -1 -1 
981 290 8 20 0.45083996653556824 1 -1 -1 
706 39 8 9 0.4457240104675293 5 -1 -1 
585 198 6 16 0.4455828070640564 1 -1 -1 
857 231 26 25 0.4455296993255615 4 -1 -1 
587 198 5 16 0.445198118686676 1 -1 -1 
485 258 39 34 0.4421413540840149 5 -1 -1 
1253 413 37 57 0.44130071997642517 8 -1 -1 
974 286 8 19 0.43863195180892944 1 -1 -1 
987 286 9 15 0.43834948539733887 2 -1 -1 
610 117 13 13 0.43760746717453003 4 -1 -1 
823 172 21 18 0.4337768852710724 4 -1 -1 
719 50 8 6 0.43148404359817505 4 -1 -1 
717 49 8 7 0.4277172386646271 4 -1 -1 
677 108 5 8 0.4265039563179016 2 -1 -1 
715 134 5 10 0.4261934161186218 1 -1 -1 
841 191 15 16 0.4248809814453125 8 -1 -1 
886 181 6 15 0.4135276675224304 1 -1 -1 
1056 430 98 38 0.4128935635089874 4 -1 -1 
550 180 6 14 0.4108520448207855 1 -1 -1 
886 174 6 14 0.40742987394332886 1 -1 -1 
972 294 8 20 0.4048931896686554 1 -1 -1 
857 231 26 25 0.4020328223705292 6 -1 -1 
857 230 25 26 0.4000431001186371 5 -1 -1 
809 141 5 12 0.39942771196365356 1 -1 -1 
1010 299 10 23 0.3928944766521454 1 -1 -1 
716 48 6 8 0.38664495944976807 4 -1 -1 
868 251 32 25 0.37835508584976196 4 -1 -1 
716 135 4 8 0.37766075134277344 2 -1 -1 
842 660 21 32 0.37193095684051514 1 -1 -1 
702 63 8 7 0.37183183431625366 4 -1 -1 
612 113 14 14 0.37093237042427063 4 -1 -1 
677 109 5 9 0.36316269636154175 10 -1 -1 
549 185 7 11 0.36109283566474915 10 -1 -1 
550 185 6 11 0.35744786262512207 3 -1 -1 
695 82 4 8 0.35221123695373535 1 -1 -1 
974 286 9 17 0.34860455989837646 2 -1 -1 
719 53 9 8 0.346391886472702 4 -1 -1 
639 76 10 7 0.345828115940094 4 -1 -1 
967 326 8 18 0.3452620506286621 1 -1 -1 
886 181 6 11 0.33839288353919983 10 -1 -1 
926 325 8 17 0.3377017676830292 2 -1 -1 
615 100 5 13 0.33594393730163574 1 -1 -1 
1072 455 98 38 0.33431169390678406 4 -1 -1 
1081 473 98 37 0.33430349826812744 4 -1 -1 
977 290 8 19 0.33134859800338745 1 -1 -1 
683 76 4 9 0.33064523339271545 1 -1 -1 
869 260 33 32 0.3298525810241699 4 -1 -1 
1139 345 50 21 0.32853269577026367 8 -1 -1 
704 59 9 7 0.3280201852321625 5 -1 -1 
851 215 21 24 0.3273400068283081 5 -1 -1 
872 216 15 11 0.3254224359989166 10 -1 -1 
886 178 6 13 0.32505086064338684 2 -1 -1 
577 197 8 17 0.3250412344932556 1 -1 -1 
1046 475 18 37 0.3246106803417206 2 -1 -1 
370 397 16 22 0.3230228126049042 2 -1 -1 
987 409 40 31 0.3214578926563263 7 -1 -1 
570 153 24 24 0.31894156336784363 6 -1 -1 
1010 418 25 22 0.31395423412323 3 -1 -1 
803 177 5 12 0.31322944164276123 1 -1 -1 
779 87 13 12 0.3127453923225403 4 -1 -1 
898 169 7 18 0.31207090616226196 1 -1 -1 
1119 531 102 48 0.3070814609527588 4 -1 -1 
823 171 21 18 0.30365607142448425 5 -1 -1 
967 434 55 57 0.2827608585357666 5 -1 -1 
1044 425 90 40 0.2761876881122589 4 -1 -1 
922 290 44 20 0.2664942443370819 4 -1 -1 
1166 623 140 58 0.2660246193408966 5 -1 -1 
1064 437 102 41 0.2660127878189087 4 -1 -1 
990 487 61 60 0.25937843322753906 7 -1 -1 
938 306 38 20 0.24833887815475464 4 -1 -1 
933 302 40 21 0.23025323450565338 4 -1 -1 
255 520 85 63 0.22933870553970337 4 -1 -1 
875 277 29 32 0.2271166443824768 5 -1 -1 
895 245 40 24 0.2171568125486374 4 -1 -1 
1086 510 119 40 0.2134879231452942 4 -1 -1 
1161 605 142 65 0.2091895490884781 4 -1 -1 
1110 517 107 43 0.20815974473953247 5 -1 -1 
927 296 40 20 0.19721360504627228 4 -1 -1 
868 248 33 21 0.19513191282749176 5 -1 -1 
871 246 43 23 0.19506506621837616 4 -1 -1 
1245 681 113 65 0.1922546923160553 4 -1 -1 
919 293 37 21 0.18973764777183533 4 -1 -1 
919 276 38 27 0.1870030015707016 4 -1 -1 
1249 414 42 59 0.18670374155044556 7 -1 -1 
1280 367 78 32 0.18400035798549652 5 -1 -1 
920 288 40 19 0.17801080644130707 5 -1 -1 
880 279 28 30 0.17580679059028625 4 -1 -1 
302 373 26 29 0.17574049532413483 10 -1 -1 
1090 445 91 40 0.1713762730360031 4 -1 -1 
1078 489 104 41 0.1704147458076477 5 -1 -1 
870 264 33 43 0.16391953825950623 5 -1 -1 
1061 432 98 39 0.1615150272846222 5 -1 -1 
667 263 22 29 0.16026198863983154 5 -1 -1 
869 260 33 32 0.15970821678638458 5 -1 -1 
892 302 36 30 0.15816202759742737 5 -1 -1 
1248 407 89 75 0.15712204575538635 5 -1 -1 
818 166 28 28 0.1561148762702942 4 -1 -1 
1076 465 95 37 0.15274065732955933 5 -1 -1 
1102 706 90 57 0.15156425535678864 5 -1 -1 
814 162 29 27 0.15103355050086975 4 -1 -1 
890 242 30 27 0.14920610189437866 4 -1 -1 
1167 623 139 60 0.14553086459636688 6 -1 -1 
838 203 28 27 0.14083945751190186 4 -1 -1 
810 152 33 28 0.14054453372955322 4 -1 -1 
1068 446 99 41 0.1369268000125885 5 -1 -1 
258 517 76 44 0.13653351366519928 4 -1 -1 
807 125 35 19 0.134955033659935 5 -1 -1 
1123 538 118 47 0.13493692874908447 5 -1 -1 
709 723 63 41 0.13341648876667023 5 -1 -1 
1033 414 69 51 0.13256002962589264 4 -1 -1 
920 270 44 28 0.1280202567577362 4 -1 -1 
869 260 32 26 0.12747059762477875 6 -1 -1 
944 309 35 26 0.12569762766361237 4 -1 -1 
852 224 27 28 0.12380396574735641 4 -1 -1 
252 559 69 42 0.1196354478597641 10 -1 -1 
1245 680 115 68 0.11741840839385986 6 -1 -1 
813 129 33 19 0.1164589524269104 4 -1 -1 
921 278 53 28 0.11623091250658035 4 -1 -1 
819 169 28 28 0.11587320268154144 5 -1 -1 
814 162 29 27 0.11550270020961761 5 -1 -1 
900 247 47 24 0.11527370661497116 4 -1 -1 
819 180 29 21 0.11490339785814285 5 -1 -1 
817 150 30 26 0.11453597992658615 4 -1 -1 
1166 623 141 59 0.11452151834964752 9 -1 -1 
892 302 35 30 0.11440768837928772 6 -1 -1 
1098 430 83 42 0.11376933753490448 4 -1 -1 
1047 426 98 40 0.1115449070930481 5 -1 -1 
1155 586 141 50 0.11081510782241821 5 -1 -1 
862 243 30 23 0.10989508032798767 4 -1 -1 
1108 517 108 41 0.1097412034869194 1 -1 -1 
1055 417 98 44 0.10743395239114761 4 -1 -1 
985 392 78 47 0.10704919695854187 6 -1 -1 
873 260 30 44 0.10650365799665451 6 -1 -1 
363 330 77 29 0.10633896291255951 5 -1 -1 
1156 586 139 50 0.10587213933467865 1 -1 -1 
859 236 29 28 0.10502532869577408 4 -1 -1 
1248 407 89 75 0.10446608066558838 7 -1 -1 
863 188 38 20 0.10393765568733215 4 -1 -1 
667 262 22 29 0.10314178466796875 4 -1 -1 
1326 444 33 76 0.10306939482688904 9 -1 -1 
990 487 61 60 0.10187850147485733 5 -1 -1 
570 153 25 27 0.10175865143537521 5 -1 -1 
895 244 39 24 0.10149431228637695 5 -1 -1 
1142 543 114 48 0.10119909793138504 1 -1 -1 
570 154 25 27 0.10090699791908264 9 -1 -1 
1298 377 62 39 0.10077491402626038 5 -1 -1 
1126 533 93 32 0.10001229494810104 5 -1 -1 
933 302 40 21 0.09967347234487534 5 -1 -1 
927 296 40 20 0.09920576959848404 5 -1 -1 
1081 473 98 37 0.09771594405174255 5 -1 -1 
363 330 77 29 0.0974302664399147 9 -1 -1 
916 288 37 22 0.09527703374624252 4 -1 -1 
113 699 107 65 0.09405122697353363 10 -1 -1 
1049 443 110 44 0.09261950850486755 4 -1 -1 
1153 583 145 58 0.08300138264894485 9 -1 -1 
1161 605 142 65 0.07111120969057083 5 -1 -1 
1154 584 144 56 0.05912361666560173 6 -1 -1 
1142 554 129 58 0.05492140352725983 4 -1 -1 
