444 342 42 65 0.9647970199584961 5 -1 -1 
372 357 42 52 0.9359245300292969 4 -1 -1 
497 385 44 54 0.9233614802360535 4 -1 -1 
353 440 19 44 0.8982095718383789 1 -1 -1 
382 446 71 92 0.8192214369773865 4 -1 -1 
411 397 13 37 0.744020402431488 1 -1 -1 
552 461 19 36 0.716599702835083 2 -1 -1 
442 318 12 22 0.6834129095077515 2 -1 -1 
516 503 21 35 0.653154194355011 10 -1 -1 
477 248 9 15 0.6480996608734131 2 -1 -1 
517 497 19 30 0.6384883522987366 2 -1 -1 
406 390 12 36 0.6213128566741943 1 -1 -1 
478 166 6 9 0.615671694278717 8 -1 -1 
492 225 23 24 0.6063249111175537 4 -1 -1 
554 472 17 36 0.6044676899909973 10 -1 -1 
441 325 13 22 0.6009294986724854 10 -1 -1 
476 253 10 16 0.5771623253822327 10 -1 -1 
446 254 9 13 0.5704092979431152 2 -1 -1 
528 267 9 23 0.5256996750831604 1 -1 -1 
463 188 6 11 0.5217081904411316 2 -1 -1 
472 188 7 9 0.5175861716270447 10 -1 -1 
454 168 13 11 0.5143333077430725 4 -1 -1 
445 259 10 15 0.4923321306705475 10 -1 -1 
463 190 6 12 0.4751783311367035 10 -1 -1 
477 159 7 8 0.4731118381023407 4 -1 -1 
477 163 7 10 0.46968814730644226 8 -1 -1 
435 414 17 29 0.4647011160850525 2 -1 -1 
495 259 9 13 0.46308863162994385 2 -1 -1 
417 295 8 16 0.46209514141082764 3 -1 -1 
473 187 5 8 0.4460802972316742 2 -1 -1 
499 192 5 10 0.43859195709228516 2 -1 -1 
435 424 19 28 0.42718005180358887 10 -1 -1 
473 185 5 8 0.4263173043727875 2 -1 -1 
289 177 13 10 0.4152606725692749 7 -1 -1 
437 170 13 11 0.41377297043800354 4 -1 -1 
505 244 8 14 0.4104016423225403 2 -1 -1 
501 276 12 16 0.4007461965084076 10 -1 -1 
418 287 8 20 0.3970073163509369 1 -1 -1 
552 464 20 32 0.39436817169189453 10 -1 -1 
473 188 6 9 0.3869739770889282 7 -1 -1 
504 270 8 13 0.38523975014686584 2 -1 -1 
418 287 8 18 0.38388311862945557 2 -1 -1 
446 254 9 17 0.3692020773887634 10 -1 -1 
505 245 8 16 0.3683225214481354 10 -1 -1 
494 264 10 15 0.36406347155570984 10 -1 -1 
442 164 13 11 0.363898903131485 4 -1 -1 
478 168 6 7 0.3583172559738159 4 -1 -1 
339 145 5 9 0.3576982915401459 1 -1 -1 
471 173 4 7 0.3574827313423157 2 -1 -1 
463 192 6 10 0.34823882579803467 3 -1 -1 
478 167 6 8 0.3473567068576813 7 -1 -1 
441 318 13 23 0.3402060270309448 10 -1 -1 
529 267 8 14 0.33998778462409973 2 -1 -1 
469 154 7 6 0.33869504928588867 4 -1 -1 
499 196 5 9 0.3381439745426178 10 -1 -1 
470 174 6 10 0.33800533413887024 10 -1 -1 
348 151 5 11 0.3364849090576172 1 -1 -1 
255 147 4 11 0.33639273047447205 1 -1 -1 
277 173 12 11 0.3284432888031006 10 -1 -1 
505 244 8 15 0.3266421854496002 1 -1 -1 
437 177 17 10 0.3232775926589966 4 -1 -1 
407 249 25 28 0.322530061006546 4 -1 -1 
287 160 7 10 0.31504398584365845 10 -1 -1 
456 172 9 11 0.31355273723602295 8 -1 -1 
289 177 13 10 0.3091726005077362 10 -1 -1 
471 173 4 10 0.3058282732963562 1 -1 -1 
464 195 5 8 0.3004499077796936 10 -1 -1 
477 159 7 8 0.29959365725517273 5 -1 -1 
446 256 9 17 0.298096626996994 3 -1 -1 
321 159 8 13 0.29747632145881653 1 -1 -1 
437 175 13 10 0.29742634296417236 4 -1 -1 
499 193 5 10 0.29702579975128174 1 -1 -1 
464 188 4 7 0.2961024343967438 2 -1 -1 
553 461 19 34 0.2957060933113098 1 -1 -1 
496 176 3 7 0.29528313875198364 1 -1 -1 
455 168 12 12 0.2941564917564392 8 -1 -1 
496 177 4 9 0.2909772992134094 1 -1 -1 
409 395 12 32 0.28994908928871155 1 -1 -1 
272 144 8 17 0.28568342328071594 1 -1 -1 
476 251 10 17 0.2854844033718109 2 -1 -1 
414 299 11 15 0.2853449583053589 3 -1 -1 
445 263 8 12 0.28217992186546326 10 -1 -1 
463 189 6 11 0.27925625443458557 1 -1 -1 
502 273 11 17 0.2763391137123108 2 -1 -1 
499 196 5 9 0.2731700539588928 3 -1 -1 
112 142 9 9 0.27047258615493774 7 -1 -1 
452 196 5 8 0.26970821619033813 2 -1 -1 
472 182 5 9 0.268530011177063 2 -1 -1 
505 249 7 14 0.26808664202690125 3 -1 -1 
244 155 5 9 0.2660786509513855 1 -1 -1 
419 292 8 17 0.2641044855117798 3 -1 -1 
439 167 13 11 0.26376453042030334 4 -1 -1 
439 182 19 12 0.2635434865951538 4 -1 -1 
471 173 4 8 0.26329299807548523 10 -1 -1 
499 193 5 10 0.26157814264297485 10 -1 -1 
309 158 8 13 0.2610730826854706 2 -1 -1 
427 255 7 16 0.26054027676582336 1 -1 -1 
435 414 18 32 0.2599852979183197 10 -1 -1 
554 471 17 37 0.25958186388015747 3 -1 -1 
348 151 5 10 0.25949808955192566 2 -1 -1 
269 173 6 11 0.2593604028224945 1 -1 -1 
499 191 5 8 0.256661057472229 2 -1 -1 
243 155 5 9 0.25447002053260803 2 -1 -1 
418 292 8 18 0.25325843691825867 10 -1 -1 
289 170 12 14 0.2510296702384949 10 -1 -1 
473 186 5 8 0.2505261301994324 10 -1 -1 
459 166 11 9 0.24969322979450226 4 -1 -1 
495 264 10 15 0.24878664314746857 2 -1 -1 
496 257 7 12 0.24771234393119812 2 -1 -1 
471 174 5 10 0.2470335215330124 3 -1 -1 
309 180 5 12 0.2469208985567093 1 -1 -1 
277 192 16 11 0.24636192619800568 10 -1 -1 
504 249 8 14 0.2461344301700592 10 -1 -1 
478 168 6 7 0.24341729283332825 6 -1 -1 
477 160 7 7 0.24056793749332428 8 -1 -1 
461 159 11 9 0.23908770084381104 4 -1 -1 
465 159 8 8 0.23850250244140625 4 -1 -1 
467 155 7 6 0.23530937731266022 4 -1 -1 
451 196 6 9 0.23321807384490967 10 -1 -1 
436 415 15 18 0.23253345489501953 2 -1 -1 
502 279 11 19 0.22983792424201965 10 -1 -1 
408 266 20 11 0.22879940271377563 10 -1 -1 
438 432 11 22 0.22773218154907227 10 -1 -1 
495 176 4 7 0.22715674340724945 2 -1 -1 
446 257 9 16 0.22472605109214783 2 -1 -1 
288 170 11 10 0.2243063747882843 10 -1 -1 
442 318 12 22 0.2241484820842743 1 -1 -1 
466 170 4 8 0.22262507677078247 1 -1 -1 
515 502 22 36 0.2223067432641983 2 -1 -1 
278 188 13 13 0.22133231163024902 10 -1 -1 
273 176 8 9 0.2207159548997879 10 -1 -1 
268 157 10 11 0.22037404775619507 10 -1 -1 
306 163 11 14 0.2200995832681656 8 -1 -1 
412 396 11 27 0.21895578503608704 1 -1 -1 
471 174 4 9 0.21650788187980652 2 -1 -1 
528 267 9 21 0.21531406044960022 2 -1 -1 
462 164 8 9 0.21402990818023682 4 -1 -1 
404 247 27 30 0.21098779141902924 5 -1 -1 
445 183 14 11 0.21050108969211578 4 -1 -1 
411 401 12 36 0.2100493609905243 3 -1 -1 
244 156 4 8 0.20935066044330597 10 -1 -1 
398 254 31 24 0.20903988182544708 4 -1 -1 
517 497 19 30 0.20881134271621704 1 -1 -1 
430 180 27 14 0.19639331102371216 4 -1 -1 
444 248 12 26 0.19228650629520416 10 -1 -1 
410 253 24 24 0.1891038566827774 10 -1 -1 
382 447 71 91 0.18772254884243011 5 -1 -1 
444 342 41 65 0.18008796870708466 4 -1 -1 
444 342 42 65 0.1796429306268692 8 -1 -1 
122 143 45 23 0.17853997647762299 6 -1 -1 
407 401 14 35 0.1658390760421753 1 -1 -1 
435 422 19 29 0.15993176400661469 2 -1 -1 
412 397 12 35 0.15632185339927673 2 -1 -1 
726 457 53 37 0.15587709844112396 10 -1 -1 
405 389 13 37 0.15019333362579346 2 -1 -1 
411 290 17 25 0.14865724742412567 3 -1 -1 
429 185 27 15 0.1479446291923523 4 -1 -1 
405 259 26 20 0.14478427171707153 10 -1 -1 
515 502 22 36 0.14391514658927917 3 -1 -1 
435 414 18 29 0.13961312174797058 1 -1 -1 
513 497 17 30 0.1351940929889679 2 -1 -1 
584 440 88 45 0.13100360333919525 4 -1 -1 
426 190 28 15 0.12730327248573303 4 -1 -1 
409 406 14 33 0.12516485154628754 1 -1 -1 
360 440 15 44 0.12440811097621918 1 -1 -1 
435 423 18 29 0.12424634397029877 3 -1 -1 
122 146 31 21 0.1240217387676239 6 -1 -1 
354 440 18 45 0.12225644290447235 4 -1 -1 
515 502 22 36 0.12071949243545532 7 -1 -1 
437 411 21 26 0.11785488575696945 2 -1 -1 
343 439 22 44 0.11778822541236877 1 -1 -1 
422 193 29 15 0.11715168505907059 4 -1 -1 
410 253 23 24 0.11568789929151535 5 -1 -1 
438 429 18 28 0.11203568428754807 10 -1 -1 
444 342 41 65 0.11148087680339813 6 -1 -1 
647 404 61 41 0.11135633289813995 4 -1 -1 
408 252 24 25 0.10665050894021988 8 -1 -1 
647 417 61 37 0.10413798689842224 4 -1 -1 
411 401 12 36 0.10296451300382614 10 -1 -1 
553 471 18 38 0.10256987065076828 2 -1 -1 
372 357 42 52 0.10230240970849991 9 -1 -1 
424 176 30 17 0.10086534172296524 4 -1 -1 
431 410 19 26 0.10079412162303925 2 -1 -1 
414 285 14 27 0.0987432599067688 1 -1 -1 
517 497 20 31 0.09754244983196259 10 -1 -1 
404 247 27 30 0.09726434201002121 6 -1 -1 
431 172 25 15 0.09679330140352249 4 -1 -1 
394 244 36 33 0.09642679989337921 9 -1 -1 
551 465 18 38 0.09628854691982269 3 -1 -1 
444 342 41 65 0.09533613920211792 9 -1 -1 
545 260 32 16 0.09505528956651688 4 -1 -1 
372 357 42 52 0.09381148219108582 1 -1 -1 
444 342 42 65 0.09358030557632446 10 -1 -1 
404 250 27 27 0.09357251226902008 9 -1 -1 
121 141 27 23 0.09355095773935318 6 -1 -1 
500 271 15 27 0.09300365298986435 10 -1 -1 
513 497 17 30 0.09173978865146637 1 -1 -1 
497 385 43 54 0.09090843796730042 1 -1 -1 
392 254 37 24 0.09050119668245316 5 -1 -1 
444 248 12 26 0.09023342281579971 3 -1 -1 
122 143 36 22 0.08905820548534393 9 -1 -1 
492 223 23 25 0.08759558200836182 5 -1 -1 
497 385 44 54 0.0875193178653717 5 -1 -1 
582 422 107 66 0.08690659701824188 6 -1 -1 
398 254 31 24 0.08616428077220917 8 -1 -1 
516 503 21 35 0.085917167365551 4 -1 -1 
654 423 57 46 0.0854392871260643 4 -1 -1 
381 447 71 91 0.08543429523706436 9 -1 -1 
553 471 18 37 0.0852401852607727 4 -1 -1 
444 342 42 65 0.08522450178861618 2 -1 -1 
586 443 87 43 0.0851152315735817 7 -1 -1 
410 253 24 24 0.08453798294067383 3 -1 -1 
728 456 56 40 0.08410457521677017 3 -1 -1 
515 502 22 36 0.08384271711111069 8 -1 -1 
511 497 13 30 0.08355383574962616 1 -1 -1 
508 498 14 31 0.08321549743413925 9 -1 -1 
122 146 24 22 0.08236254006624222 9 -1 -1 
421 187 32 16 0.08180920779705048 9 -1 -1 
410 253 24 24 0.08078407496213913 7 -1 -1 
497 386 43 53 0.0798540860414505 9 -1 -1 
411 397 13 37 0.07956884801387787 4 -1 -1 
353 440 19 44 0.07880596071481705 2 -1 -1 
521 496 19 29 0.07870963960886002 2 -1 -1 
516 502 21 36 0.07850415259599686 1 -1 -1 
382 447 71 91 0.07790721952915192 1 -1 -1 
355 438 15 33 0.07668869942426682 1 -1 -1 
416 398 14 35 0.07635660469532013 1 -1 -1 
382 446 71 91 0.07567406445741653 6 -1 -1 
587 442 88 44 0.07534751296043396 6 -1 -1 
371 358 43 51 0.07516229152679443 5 -1 -1 
348 442 20 46 0.07514477521181107 1 -1 -1 
645 394 62 41 0.07477637380361557 4 -1 -1 
408 411 15 35 0.07386157661676407 3 -1 -1 
435 414 18 32 0.0738489180803299 3 -1 -1 
581 424 77 54 0.07378515601158142 4 -1 -1 
496 221 23 26 0.07335556298494339 4 -1 -1 
492 223 23 25 0.07233551144599915 6 -1 -1 
490 219 24 26 0.07215546071529388 9 -1 -1 
431 179 26 15 0.0718499943614006 5 -1 -1 
582 422 107 66 0.07115983963012695 4 -1 -1 
298 321 72 38 0.07097962498664856 4 -1 -1 
421 191 31 16 0.07080608606338501 5 -1 -1 
372 357 42 52 0.07053205370903015 6 -1 -1 
657 411 58 38 0.07044694572687149 4 -1 -1 
553 471 18 37 0.07026486843824387 1 -1 -1 
406 395 13 34 0.07022813707590103 3 -1 -1 
307 398 19 27 0.07010003924369812 1 -1 -1 
432 429 17 29 0.07004915922880173 10 -1 -1 
583 436 82 49 0.06922102719545364 8 -1 -1 
444 342 42 65 0.06911541521549225 7 -1 -1 
411 252 24 24 0.06910455226898193 9 -1 -1 
306 399 20 27 0.06880992650985718 10 -1 -1 
405 259 26 20 0.0685838833451271 3 -1 -1 
497 386 44 53 0.06841494143009186 10 -1 -1 
657 398 59 41 0.06824468076229095 4 -1 -1 
441 252 15 28 0.06819615513086319 10 -1 -1 
405 259 26 20 0.06761142611503601 4 -1 -1 
510 501 16 35 0.06723695993423462 9 -1 -1 
354 437 16 35 0.06642606854438782 2 -1 -1 
495 229 26 21 0.06631113588809967 4 -1 -1 
433 169 26 15 0.06552224606275558 4 -1 -1 
554 461 19 37 0.06546347588300705 3 -1 -1 
513 492 22 26 0.06520002335309982 2 -1 -1 
829 423 76 64 0.06516671925783157 4 -1 -1 
372 357 42 52 0.06476785987615585 7 -1 -1 
413 397 12 36 0.06427085399627686 3 -1 -1 
442 413 16 30 0.06421566754579544 2 -1 -1 
305 397 20 26 0.06401937454938889 2 -1 -1 
735 459 56 40 0.06392616033554077 10 -1 -1 
488 224 16 25 0.0630979910492897 9 -1 -1 
411 252 23 25 0.06305554509162903 6 -1 -1 
124 149 36 21 0.06266626715660095 6 -1 -1 
167 115 21 20 0.06261616200208664 4 -1 -1 
406 387 15 28 0.06261363625526428 1 -1 -1 
555 480 19 31 0.06242549419403076 3 -1 -1 
422 182 34 17 0.06195692718029022 9 -1 -1 
434 419 20 32 0.06183058023452759 7 -1 -1 
409 390 15 33 0.06183049827814102 2 -1 -1 
122 143 44 23 0.06117134168744087 5 -1 -1 
403 386 14 28 0.06097646802663803 1 -1 -1 
410 252 24 25 0.060758739709854126 2 -1 -1 
121 137 50 31 0.059395406395196915 9 -1 -1 
376 248 55 30 0.05284643545746803 4 -1 -1 
