667 129 12 16 0.9973140358924866 9 -1 -1 
247 351 61 59 0.9728500843048096 5 -1 -1 
501 259 33 34 0.9691752195358276 5 -1 -1 
346 436 68 62 0.9505423903465271 4 -1 -1 
1005 515 95 75 0.9503206014633179 4 -1 -1 
191 562 126 127 0.9302541017532349 4 -1 -1 
381 390 62 54 0.9268781542778015 4 -1 -1 
949 454 77 61 0.9250791072845459 4 -1 -1 
296 496 89 71 0.924244225025177 4 -1 -1 
356 287 40 31 0.9110077023506165 4 -1 -1 
382 263 33 34 0.9034590125083923 5 -1 -1 
494 282 31 29 0.8969207406044006 4 -1 -1 
327 314 42 32 0.8902881145477295 4 -1 -1 
622 192 17 15 0.8901130557060242 4 -1 -1 
288 330 50 39 0.8894015550613403 4 -1 -1 
454 337 39 36 0.8833697438240051 4 -1 -1 
635 286 29 27 0.8813496232032776 4 -1 -1 
591 197 17 16 0.860930860042572 4 -1 -1 
606 207 21 18 0.855095624923706 4 -1 -1 
622 218 21 18 0.843305766582489 4 -1 -1 
631 157 12 11 0.8384777903556824 4 -1 -1 
888 354 38 33 0.8367740511894226 4 -1 -1 
658 195 17 15 0.8355332016944885 4 -1 -1 
658 159 11 10 0.8287732005119324 4 -1 -1 
188 386 22 25 0.8209490180015564 3 -1 -1 
620 147 20 10 0.8038857579231262 4 -1 -1 
679 160 11 11 0.7986285090446472 4 -1 -1 
631 176 13 12 0.795335054397583 4 -1 -1 
406 252 34 28 0.774533748626709 4 -1 -1 
106 688 130 74 0.7667199373245239 4 -1 -1 
591 172 14 12 0.7599658966064453 4 -1 -1 
568 201 18 15 0.7595121264457703 4 -1 -1 
587 178 13 12 0.7569756507873535 4 -1 -1 
662 149 10 10 0.7566797733306885 4 -1 -1 
777 216 19 17 0.7467642426490784 4 -1 -1 
161 349 91 41 0.7404751777648926 4 -1 -1 
676 409 50 51 0.71808260679245 4 -1 -1 
572 193 17 15 0.7132245898246765 4 -1 -1 
580 239 25 24 0.702322244644165 4 -1 -1 
557 210 25 20 0.698275089263916 5 -1 -1 
733 293 9 20 0.6816150546073914 2 -1 -1 
865 327 36 32 0.6812029480934143 4 -1 -1 
636 131 10 9 0.6771124601364136 4 -1 -1 
659 239 25 23 0.675905704498291 4 -1 -1 
646 128 8 9 0.6727464199066162 4 -1 -1 
545 228 21 18 0.6681975722312927 4 -1 -1 
757 191 14 12 0.6588529944419861 4 -1 -1 
602 158 11 11 0.6587899327278137 4 -1 -1 
733 301 10 18 0.6577118039131165 3 -1 -1 
692 204 7 11 0.654783308506012 2 -1 -1 
692 208 7 11 0.6541556119918823 10 -1 -1 
531 245 22 19 0.653790295124054 4 -1 -1 
596 167 14 11 0.6496145725250244 4 -1 -1 
658 131 8 7 0.647966206073761 4 -1 -1 
578 190 15 12 0.6071977615356445 4 -1 -1 
808 246 25 20 0.6026220321655273 4 -1 -1 
910 394 50 46 0.6000492572784424 4 -1 -1 
522 251 26 27 0.5956971049308777 4 -1 -1 
661 141 8 8 0.5866162776947021 4 -1 -1 
548 218 27 20 0.5849044919013977 4 -1 -1 
762 196 14 13 0.5848841667175293 4 -1 -1 
621 126 12 10 0.5525380373001099 4 -1 -1 
753 181 13 12 0.5410253405570984 4 -1 -1 
594 168 12 12 0.5380772948265076 4 -1 -1 
91 440 91 76 0.5299205183982849 4 -1 -1 
575 191 16 13 0.5187556147575378 4 -1 -1 
639 145 8 6 0.5144875645637512 4 -1 -1 
767 198 20 15 0.5056028962135315 4 -1 -1 
680 151 11 12 0.498962938785553 6 -1 -1 
535 233 22 21 0.4985654056072235 5 -1 -1 
752 207 6 13 0.4946169853210449 2 -1 -1 
813 260 26 20 0.485077828168869 4 -1 -1 
94 441 90 72 0.47109347581863403 5 -1 -1 
370 262 7 18 0.4577178955078125 1 -1 -1 
597 186 5 12 0.4513985216617584 1 -1 -1 
425 234 8 18 0.4370596408843994 1 -1 -1 
753 184 13 12 0.4332354962825775 4 -1 -1 
752 174 13 12 0.4332105815410614 4 -1 -1 
639 141 8 10 0.43230077624320984 8 -1 -1 
600 162 11 12 0.430919349193573 4 -1 -1 
662 125 7 5 0.43084967136383057 4 -1 -1 
734 300 8 19 0.42406508326530457 10 -1 -1 
763 196 21 14 0.421535462141037 4 -1 -1 
683 143 4 9 0.42034488916397095 2 -1 -1 
481 177 32 24 0.41305944323539734 6 -1 -1 
650 116 9 9 0.41113412380218506 4 -1 -1 
425 234 7 16 0.4102003276348114 2 -1 -1 
292 315 10 17 0.4094877243041992 2 -1 -1 
535 233 22 21 0.40729737281799316 4 -1 -1 
635 130 9 8 0.39728790521621704 4 -1 -1 
667 128 12 17 0.39473628997802734 4 -1 -1 
597 185 5 12 0.38788947463035583 2 -1 -1 
752 210 6 13 0.3861643970012665 10 -1 -1 
570 197 17 16 0.37875041365623474 4 -1 -1 
624 125 12 10 0.37524116039276123 4 -1 -1 
759 193 16 13 0.37314850091934204 4 -1 -1 
591 176 11 11 0.37314310669898987 4 -1 -1 
733 299 9 19 0.3707616925239563 2 -1 -1 
660 130 8 8 0.3699958026409149 4 -1 -1 
771 196 35 24 0.36772140860557556 9 -1 -1 
842 306 42 30 0.36767855286598206 4 -1 -1 
1333 344 25 30 0.3650709092617035 4 -1 -1 
752 212 6 11 0.3643222749233246 3 -1 -1 
287 318 16 16 0.36032623052597046 10 -1 -1 
692 207 7 12 0.35797789692878723 2 -1 -1 
114 330 32 21 0.35456570982933044 10 -1 -1 
754 195 5 13 0.351285845041275 1 -1 -1 
361 263 7 17 0.35063520073890686 1 -1 -1 
623 147 17 10 0.34463557600975037 6 -1 -1 
908 394 52 47 0.34398123621940613 5 -1 -1 
679 128 10 9 0.3416236937046051 4 -1 -1 
557 210 25 20 0.33807867765426636 4 -1 -1 
192 380 17 24 0.33672356605529785 2 -1 -1 
752 208 5 15 0.33597078919410706 1 -1 -1 
288 317 15 16 0.33392539620399475 2 -1 -1 
807 254 31 25 0.330453097820282 4 -1 -1 
639 141 8 10 0.33016282320022583 7 -1 -1 
188 385 22 26 0.32861247658729553 10 -1 -1 
677 146 4 8 0.3269372880458832 2 -1 -1 
422 238 10 17 0.32523298263549805 10 -1 -1 
631 127 11 8 0.32454046607017517 4 -1 -1 
644 121 7 5 0.3188011050224304 4 -1 -1 
527 248 23 19 0.3176630437374115 4 -1 -1 
733 267 7 17 0.3165566921234131 3 -1 -1 
479 198 30 14 0.31240785121917725 4 -1 -1 
547 218 28 19 0.31090718507766724 5 -1 -1 
646 126 8 9 0.30814769864082336 4 -1 -1 
753 175 14 14 0.3073517382144928 4 -1 -1 
755 187 13 12 0.3042091727256775 4 -1 -1 
752 206 5 9 0.303766667842865 2 -1 -1 
774 202 26 15 0.30293139815330505 4 -1 -1 
732 264 7 17 0.30287355184555054 3 -1 -1 
393 248 30 22 0.30145761370658875 4 -1 -1 
276 317 28 16 0.30096572637557983 10 -1 -1 
639 141 8 10 0.2990332245826721 5 -1 -1 
365 263 7 17 0.2988595962524414 1 -1 -1 
768 198 19 16 0.2987373173236847 6 -1 -1 
661 126 8 7 0.295599102973938 4 -1 -1 
751 179 14 11 0.2942459285259247 4 -1 -1 
423 233 8 18 0.2939123511314392 2 -1 -1 
682 144 6 9 0.2933005392551422 7 -1 -1 
717 133 11 9 0.2904069721698761 4 -1 -1 
683 143 4 9 0.2890724241733551 1 -1 -1 
627 126 14 8 0.2887713611125946 4 -1 -1 
661 141 8 8 0.2881258726119995 5 -1 -1 
767 198 20 15 0.2870638370513916 5 -1 -1 
126 330 19 19 0.28568485379219055 10 -1 -1 
660 128 8 7 0.2844303250312805 4 -1 -1 
423 233 8 18 0.28371500968933105 1 -1 -1 
383 263 32 34 0.25813397765159607 4 -1 -1 
397 250 38 26 0.24847543239593506 4 -1 -1 
767 194 31 22 0.2404492348432541 9 -1 -1 
552 214 28 21 0.2294541299343109 5 -1 -1 
847 308 53 53 0.21820230782032013 4 -1 -1 
246 351 63 59 0.21066072583198547 4 -1 -1 
154 349 100 41 0.20612740516662598 6 -1 -1 
552 214 28 21 0.20527487993240356 4 -1 -1 
501 259 33 34 0.1981927901506424 4 -1 -1 
272 315 32 18 0.19286687672138214 3 -1 -1 
539 224 30 22 0.19232091307640076 4 -1 -1 
659 239 25 24 0.185615673661232 5 -1 -1 
536 228 27 23 0.18017761409282684 5 -1 -1 
107 688 128 74 0.1775456815958023 5 -1 -1 
811 248 34 28 0.174647256731987 4 -1 -1 
386 245 35 20 0.17180457711219788 4 -1 -1 
822 239 32 27 0.16826462745666504 4 -1 -1 
483 179 38 28 0.16267533600330353 6 -1 -1 
413 251 42 29 0.16034772992134094 4 -1 -1 
536 228 27 23 0.15786112844944 4 -1 -1 
820 305 61 40 0.15504023432731628 4 -1 -1 
805 248 29 26 0.1548181176185608 4 -1 -1 
478 199 35 19 0.15166711807250977 9 -1 -1 
820 250 36 29 0.14861074090003967 4 -1 -1 
773 196 35 25 0.1468604952096939 5 -1 -1 
479 198 34 20 0.14679160714149475 5 -1 -1 
190 563 127 125 0.14573848247528076 5 -1 -1 
478 192 34 23 0.1439111977815628 6 -1 -1 
771 196 35 24 0.1392805278301239 6 -1 -1 
773 196 35 25 0.13850027322769165 4 -1 -1 
96 441 88 99 0.13707371056079865 6 -1 -1 
483 177 30 22 0.13583090901374817 5 -1 -1 
523 251 25 27 0.1343943178653717 5 -1 -1 
767 194 31 22 0.1331978291273117 6 -1 -1 
296 497 89 70 0.13258768618106842 5 -1 -1 
1005 515 95 75 0.13214322924613953 1 -1 -1 
532 233 24 29 0.13213171064853668 4 -1 -1 
482 177 30 22 0.1301117241382599 8 -1 -1 
475 193 35 21 0.12922175228595734 4 -1 -1 
327 313 43 33 0.1292203813791275 6 -1 -1 
843 307 55 53 0.12881463766098022 5 -1 -1 
765 192 27 21 0.12845134735107422 9 -1 -1 
406 252 34 28 0.12808412313461304 5 -1 -1 
482 177 30 22 0.1259699910879135 7 -1 -1 
160 349 92 41 0.1258419007062912 5 -1 -1 
474 179 34 30 0.12420830875635147 6 -1 -1 
852 316 59 51 0.12252786010503769 4 -1 -1 
347 437 67 61 0.12251026183366776 1 -1 -1 
483 177 30 22 0.12150522321462631 4 -1 -1 
143 343 101 37 0.1209334135055542 4 -1 -1 
392 248 30 22 0.12083130329847336 8 -1 -1 
247 351 61 59 0.12032468616962433 8 -1 -1 
392 248 30 22 0.11942838877439499 7 -1 -1 
539 224 30 22 0.11481241136789322 5 -1 -1 
827 246 34 31 0.11469772458076477 4 -1 -1 
501 259 33 34 0.11444954574108124 6 -1 -1 
816 259 37 24 0.11426221579313278 4 -1 -1 
483 177 30 21 0.11329486966133118 9 -1 -1 
501 259 33 34 0.11098608374595642 8 -1 -1 
805 245 29 23 0.10961559414863586 5 -1 -1 
327 313 43 33 0.10840984433889389 5 -1 -1 
408 249 39 25 0.10816261917352676 4 -1 -1 
1005 515 95 75 0.10732321441173553 9 -1 -1 
93 441 90 74 0.10655562579631805 9 -1 -1 
393 248 30 22 0.10651274770498276 5 -1 -1 
356 287 40 31 0.10590899735689163 1 -1 -1 
830 308 60 50 0.10574356466531754 4 -1 -1 
478 178 32 30 0.10388447344303131 7 -1 -1 
346 436 68 62 0.10301114618778229 9 -1 -1 
501 259 33 34 0.10242438316345215 9 -1 -1 
357 287 39 31 0.10207638889551163 5 -1 -1 
247 351 61 59 0.10183760523796082 6 -1 -1 
949 454 76 60 0.10181435942649841 5 -1 -1 
288 330 50 39 0.10059081017971039 5 -1 -1 
382 390 61 54 0.09967557340860367 5 -1 -1 
191 562 126 127 0.09701378643512726 1 -1 -1 
288 330 50 39 0.0969173014163971 1 -1 -1 
765 192 27 21 0.09570077061653137 6 -1 -1 
949 454 77 61 0.09525704383850098 1 -1 -1 
635 286 29 27 0.09453587234020233 5 -1 -1 
822 239 32 27 0.09433652460575104 5 -1 -1 
483 179 38 28 0.09400453418493271 9 -1 -1 
272 315 32 18 0.09335765242576599 4 -1 -1 
346 436 68 62 0.09269146621227264 7 -1 -1 
247 351 61 59 0.09255596995353699 10 -1 -1 
93 441 90 74 0.09147898852825165 1 -1 -1 
477 199 34 19 0.0909898430109024 6 -1 -1 
427 252 31 31 0.09062352776527405 4 -1 -1 
347 437 67 61 0.09009414911270142 5 -1 -1 
484 187 38 27 0.08936887979507446 6 -1 -1 
381 390 61 55 0.08895725011825562 1 -1 -1 
391 250 32 31 0.08859623968601227 4 -1 -1 
767 194 31 22 0.08843173086643219 5 -1 -1 
635 286 29 27 0.08838469535112381 1 -1 -1 
296 496 89 71 0.08813897520303726 1 -1 -1 
676 409 49 51 0.08733508735895157 5 -1 -1 
346 436 68 62 0.08653560280799866 6 -1 -1 
580 238 26 26 0.08572856336832047 5 -1 -1 
80 440 104 110 0.08511947095394135 5 -1 -1 
343 246 38 34 0.08493582904338837 8 -1 -1 
494 282 31 29 0.08351614326238632 1 -1 -1 
394 243 38 24 0.08314748853445053 4 -1 -1 
143 343 101 37 0.08313284069299698 6 -1 -1 
820 305 61 40 0.08210745453834534 5 -1 -1 
770 211 30 23 0.08190356194972992 4 -1 -1 
69 441 114 119 0.07716802507638931 4 -1 -1 
69 441 114 119 0.07261598855257034 9 -1 -1 
59 443 121 121 0.05983848497271538 6 -1 -1 
