1133 391 100 56 0.9698513746261597 5 -1 -1 
1185 164 176 139 0.9618207216262817 6 -1 -1 
325 524 87 75 0.9427917003631592 4 -1 -1 
229 424 73 89 0.9412172436714172 4 -1 -1 
1167 275 91 65 0.9306433796882629 4 -1 -1 
1169 534 84 44 0.9175219535827637 5 -1 -1 
1033 514 55 89 0.9174420833587646 4 -1 -1 
176 397 70 92 0.9135516881942749 4 -1 -1 
1160 345 92 51 0.8949210047721863 4 -1 -1 
288 469 79 85 0.8828644156455994 4 -1 -1 
1241 157 87 58 0.878951370716095 4 -1 -1 
1285 80 74 77 0.8742520809173584 4 -1 -1 
306 697 16 17 0.7672207951545715 1 -1 -1 
82 562 37 46 0.7296520471572876 7 -1 -1 
448 613 50 92 0.6605793833732605 4 -1 -1 
387 610 55 100 0.6539182066917419 4 -1 -1 
-1 323 30 94 0.6449294686317444 4 -1 -1 
1157 660 37 19 0.593533456325531 10 -1 -1 
32 540 87 68 0.5134612917900085 8 -1 -1 
32 540 87 68 0.4697418808937073 7 -1 -1 
448 612 50 93 0.4673294723033905 5 -1 -1 
588 748 21 15 0.45475584268569946 1 -1 -1 
79 561 41 47 0.4137853682041168 8 -1 -1 
595 749 14 14 0.38601917028427124 1 -1 -1 
1329 637 29 17 0.37893056869506836 2 -1 -1 
82 562 37 46 0.3661620318889618 10 -1 -1 
1186 164 148 88 0.36466455459594727 6 -1 -1 
387 610 55 100 0.35731029510498047 6 -1 -1 
1162 662 32 16 0.3538983464241028 1 -1 -1 
95 579 23 29 0.35063332319259644 2 -1 -1 
174 581 14 30 0.34336748719215393 3 -1 -1 
369 218 192 61 0.3407471179962158 6 -1 -1 
1200 533 54 40 0.34028735756874084 5 -1 -1 
1182 178 23 31 0.29949235916137695 3 -1 -1 
30 541 87 66 0.2959338128566742 10 -1 -1 
587 749 16 12 0.29555198550224304 1 -1 -1 
387 610 55 101 0.29111918807029724 5 -1 -1 
101 588 17 20 0.268085241317749 2 -1 -1 
1160 662 33 16 0.24778281152248383 2 -1 -1 
1330 638 28 14 0.24615563452243805 10 -1 -1 
1168 533 85 45 0.24544775485992432 4 -1 -1 
83 564 36 44 0.2452591359615326 2 -1 -1 
358 652 12 11 0.2448718398809433 1 -1 -1 
1330 638 28 14 0.242851123213768 1 -1 -1 
28 541 55 60 0.24017958343029022 10 -1 -1 
1286 535 23 17 0.22262512147426605 1 -1 -1 
1133 391 99 56 0.2210715115070343 4 -1 -1 
267 444 35 66 0.21730951964855194 4 -1 -1 
306 697 17 17 0.2167532593011856 10 -1 -1 
596 749 14 14 0.21512994170188904 2 -1 -1 
1278 534 30 20 0.2032468020915985 3 -1 -1 
1275 534 33 20 0.20180636644363403 10 -1 -1 
589 748 20 14 0.20127102732658386 2 -1 -1 
1286 535 23 17 0.19637364149093628 2 -1 -1 
174 582 14 29 0.1952090710401535 10 -1 -1 
1201 533 53 40 0.19395673274993896 4 -1 -1 
0 326 48 92 0.19390825927257538 4 -1 -1 
29 542 63 59 0.1898471564054489 7 -1 -1 
174 582 14 29 0.1892339140176773 1 -1 -1 
1158 661 36 18 0.18722914159297943 3 -1 -1 
175 595 13 17 0.18589052557945251 3 -1 -1 
1209 471 23 14 0.18505048751831055 1 -1 -1 
1168 533 85 45 0.181980699300766 9 -1 -1 
368 230 175 69 0.17998135089874268 6 -1 -1 
31 541 46 30 0.17691105604171753 2 -1 -1 
171 669 62 95 0.17485299706459045 4 -1 -1 
1203 666 18 15 0.17311875522136688 3 -1 -1 
1169 665 24 16 0.17244820296764374 1 -1 -1 
306 697 16 17 0.17194117605686188 2 -1 -1 
1170 664 23 15 0.16671857237815857 2 -1 -1 
172 670 61 94 0.1656382530927658 5 -1 -1 
40 541 32 23 0.16479438543319702 2 -1 -1 
587 749 16 12 0.16249197721481323 2 -1 -1 
97 566 22 35 0.1615656316280365 2 -1 -1 
1192 663 30 19 0.16152378916740417 3 -1 -1 
29 542 63 59 0.16109710931777954 8 -1 -1 
40 540 27 21 0.1600046455860138 1 -1 -1 
1286 533 23 18 0.15359598398208618 3 -1 -1 
1184 163 177 133 0.15334776043891907 5 -1 -1 
1330 639 28 27 0.15319442749023438 2 -1 -1 
32 541 38 25 0.1507071852684021 1 -1 -1 
288 469 80 84 0.14879854023456573 5 -1 -1 
1317 503 38 43 0.1486099511384964 4 -1 -1 
428 218 134 50 0.1481470763683319 6 -1 -1 
1 538 109 129 0.14673864841461182 6 -1 -1 
1167 534 85 44 0.14455680549144745 6 -1 -1 
172 670 61 94 0.13936005532741547 6 -1 -1 
1203 666 19 15 0.13501077890396118 10 -1 -1 
325 524 87 75 0.13500432670116425 9 -1 -1 
1201 533 51 43 0.1316615492105484 6 -1 -1 
1275 534 33 20 0.13087749481201172 1 -1 -1 
30 541 87 66 0.1304662525653839 3 -1 -1 
1133 391 100 56 0.13013771176338196 6 -1 -1 
101 593 16 15 0.12983357906341553 1 -1 -1 
1158 661 36 18 0.12722238898277283 4 -1 -1 
497 217 64 52 0.12520724534988403 4 -1 -1 
585 742 26 22 0.12508457899093628 1 -1 -1 
89 572 29 37 0.1246604174375534 7 -1 -1 
586 744 21 16 0.12461846321821213 1 -1 -1 
44 540 29 24 0.12459075450897217 1 -1 -1 
81 562 38 46 0.12353349477052689 3 -1 -1 
1022 714 12 14 0.1230970174074173 1 -1 -1 
362 253 211 65 0.12119057774543762 6 -1 -1 
95 579 23 29 0.12039149552583694 1 -1 -1 
1160 345 92 51 0.11899525672197342 5 -1 -1 
1187 165 128 79 0.11842210590839386 5 -1 -1 
31 542 49 33 0.11582235246896744 1 -1 -1 
1220 657 44 38 0.11496873199939728 6 -1 -1 
30 541 89 67 0.11470966041088104 6 -1 -1 
1183 165 100 80 0.11336325854063034 6 -1 -1 
171 669 62 95 0.1128736138343811 8 -1 -1 
1203 666 18 14 0.11271969974040985 2 -1 -1 
1133 391 100 56 0.11197710782289505 10 -1 -1 
1272 536 34 19 0.11154124140739441 7 -1 -1 
100 586 19 22 0.11126100271940231 1 -1 -1 
177 398 69 90 0.10961329191923141 5 -1 -1 
587 746 23 15 0.10941200703382492 10 -1 -1 
1326 255 32 48 0.10858511179685593 4 -1 -1 
1168 534 85 44 0.10784351825714111 8 -1 -1 
1265 536 42 20 0.10653004795312881 3 -1 -1 
1275 534 33 20 0.10644357651472092 2 -1 -1 
369 217 193 61 0.10602061450481415 4 -1 -1 
45 540 23 19 0.10601017624139786 2 -1 -1 
229 424 73 89 0.10597483068704605 9 -1 -1 
1185 164 176 139 0.1058795377612114 7 -1 -1 
-1 324 30 94 0.10512825101613998 5 -1 -1 
387 615 55 97 0.10480304807424545 9 -1 -1 
325 524 87 75 0.10200551897287369 1 -1 -1 
173 579 13 26 0.1018214300274849 1 -1 -1 
230 424 72 89 0.10176528990268707 1 -1 -1 
1185 164 176 139 0.10163184255361557 4 -1 -1 
306 697 17 17 0.10148389637470245 3 -1 -1 
1133 391 100 56 0.10145643353462219 2 -1 -1 
1173 663 47 20 0.10133031010627747 3 -1 -1 
1199 165 126 75 0.0998128205537796 4 -1 -1 
587 746 23 15 0.09935962408781052 3 -1 -1 
1241 157 87 58 0.09925013780593872 1 -1 -1 
1291 537 19 16 0.09904330223798752 1 -1 -1 
1167 275 92 65 0.09844552725553513 1 -1 -1 
1338 633 20 15 0.09768261015415192 2 -1 -1 
1188 161 142 77 0.09755294024944305 9 -1 -1 
387 610 55 100 0.09741315990686417 8 -1 -1 
1182 184 21 32 0.09667126834392548 3 -1 -1 
28 543 52 42 0.09654153138399124 2 -1 -1 
175 594 13 18 0.09630551934242249 1 -1 -1 
1285 80 74 76 0.09533237665891647 5 -1 -1 
1167 275 91 65 0.09532400965690613 9 -1 -1 
132 666 105 99 0.0949297696352005 6 -1 -1 
177 398 69 90 0.09465457499027252 1 -1 -1 
359 269 248 66 0.09420201182365417 6 -1 -1 
1167 663 26 16 0.0940876230597496 10 -1 -1 
598 746 13 16 0.09398175776004791 1 -1 -1 
497 217 64 52 0.0938807874917984 6 -1 -1 
1203 666 18 14 0.0931047648191452 1 -1 -1 
1209 471 23 14 0.09274006634950638 2 -1 -1 
174 670 59 95 0.0926286056637764 7 -1 -1 
517 225 45 44 0.09244725853204727 4 -1 -1 
387 610 55 100 0.09199962764978409 7 -1 -1 
25 542 51 73 0.09192443639039993 4 -1 -1 
1223 657 45 74 0.09188297390937805 4 -1 -1 
357 653 15 22 0.09165780246257782 1 -1 -1 
229 424 73 89 0.09162752330303192 10 -1 -1 
1326 637 32 17 0.09119175374507904 3 -1 -1 
1133 391 100 56 0.09115999937057495 8 -1 -1 
42 542 42 33 0.09000188112258911 2 -1 -1 
497 217 64 52 0.0896395817399025 9 -1 -1 
175 595 13 17 0.08955668658018112 10 -1 -1 
448 613 50 91 0.08927232027053833 6 -1 -1 
1291 537 19 16 0.08898181468248367 3 -1 -1 
267 444 36 65 0.08894996345043182 5 -1 -1 
1033 514 55 90 0.0883893221616745 5 -1 -1 
1328 633 29 16 0.08823110163211823 2 -1 -1 
1169 533 84 45 0.0882217064499855 2 -1 -1 
299 694 25 23 0.08812312036752701 1 -1 -1 
288 469 80 85 0.08795592933893204 1 -1 -1 
1184 163 177 135 0.08729374408721924 8 -1 -1 
173 579 13 26 0.08718205988407135 2 -1 -1 
1285 80 73 77 0.08705412596464157 1 -1 -1 
27 537 102 102 0.0868077501654625 7 -1 -1 
306 697 17 17 0.08648542314767838 4 -1 -1 
30 541 79 64 0.086453877389431 4 -1 -1 
1178 666 16 12 0.08595183491706848 1 -1 -1 
1189 178 18 20 0.08555679023265839 3 -1 -1 
176 398 70 90 0.08537004142999649 9 -1 -1 
1280 527 28 25 0.08509033918380737 2 -1 -1 
229 424 73 89 0.08499868959188461 7 -1 -1 
-7 529 241 238 0.08487628400325775 6 -1 -1 
1160 345 92 51 0.08438853919506073 1 -1 -1 
326 524 86 75 0.0841723158955574 10 -1 -1 
1344 636 14 13 0.08400554209947586 2 -1 -1 
29 541 65 52 0.08371023833751678 3 -1 -1 
1220 656 44 36 0.08367417007684708 4 -1 -1 
28 541 55 55 0.08367166668176651 1 -1 -1 
230 424 72 89 0.08324223756790161 5 -1 -1 
0 323 29 95 0.08241607248783112 10 -1 -1 
97 583 21 26 0.08231678605079651 10 -1 -1 
171 677 62 88 0.08144816756248474 9 -1 -1 
1332 633 26 16 0.08110547810792923 1 -1 -1 
141 669 89 95 0.08058200776576996 9 -1 -1 
102 581 17 24 0.08035869896411896 2 -1 -1 
43 548 44 38 0.08032434433698654 10 -1 -1 
1287 537 22 16 0.08017946034669876 10 -1 -1 
1167 275 91 64 0.0797942653298378 5 -1 -1 
1154 664 39 22 0.07951569557189941 10 -1 -1 
288 469 79 85 0.07926832139492035 10 -1 -1 
1033 514 55 89 0.0791098028421402 9 -1 -1 
364 650 8 11 0.07894564419984818 1 -1 -1 
1283 535 25 18 0.07839909195899963 7 -1 -1 
307 497 97 93 0.07817143946886063 4 -1 -1 
27 537 102 102 0.07813955098390579 6 -1 -1 
92 447 17 24 0.07799651473760605 10 -1 -1 
40 548 66 71 0.07795400172472 7 -1 -1 
44 541 38 33 0.07787175476551056 10 -1 -1 
369 217 193 61 0.07786831259727478 5 -1 -1 
1033 515 55 88 0.07782027125358582 10 -1 -1 
288 469 80 85 0.07765237987041473 9 -1 -1 
1033 515 55 88 0.07756243646144867 6 -1 -1 
1 611 73 60 0.0769629180431366 4 -1 -1 
1276 533 32 24 0.0768580213189125 9 -1 -1 
-1 322 30 92 0.0767844170331955 9 -1 -1 
326 524 86 75 0.0766255334019661 5 -1 -1 
30 541 87 67 0.07641460001468658 5 -1 -1 
291 757 5 6 0.07628236711025238 1 -1 -1 
92 447 17 25 0.07594137638807297 7 -1 -1 
1192 664 30 19 0.07592583447694778 10 -1 -1 
1267 534 40 21 0.07554929703474045 8 -1 -1 
176 397 70 92 0.07547962665557861 10 -1 -1 
1199 540 43 33 0.07540972530841827 9 -1 -1 
1298 356 62 162 0.07532475888729095 6 -1 -1 
229 424 73 89 0.07484889030456543 6 -1 -1 
173 578 12 26 0.07471492141485214 3 -1 -1 
425 218 136 50 0.07439296692609787 9 -1 -1 
497 217 64 52 0.07402264326810837 5 -1 -1 
448 613 50 91 0.07394420355558395 9 -1 -1 
1161 661 44 20 0.0734105184674263 3 -1 -1 
1167 275 92 65 0.07339774072170258 10 -1 -1 
304 701 16 16 0.07300038635730743 1 -1 -1 
1339 637 20 13 0.07267942279577255 1 -1 -1 
364 652 9 12 0.0725652426481247 1 -1 -1 
1288 679 34 22 0.07214903831481934 10 -1 -1 
1160 345 92 51 0.07189349085092545 9 -1 -1 
1326 637 24 14 0.07156863808631897 1 -1 -1 
97 594 19 15 0.07151073962450027 2 -1 -1 
1321 254 37 49 0.07134317606687546 5 -1 -1 
1292 534 22 17 0.07126285135746002 1 -1 -1 
1133 391 100 56 0.07115668058395386 7 -1 -1 
-2 329 30 92 0.07067961990833282 6 -1 -1 
1033 515 55 88 0.07051918655633926 7 -1 -1 
1168 534 85 44 0.07039391249418259 10 -1 -1 
1033 514 55 89 0.06973260641098022 1 -1 -1 
326 524 86 75 0.06966909021139145 7 -1 -1 
387 610 55 100 0.06928492337465286 1 -1 -1 
1286 80 72 77 0.06927279382944107 10 -1 -1 
1241 157 86 58 0.06894882768392563 5 -1 -1 
83 564 36 44 0.06894044578075409 1 -1 -1 
359 652 12 11 0.06874914467334747 2 -1 -1 
17 543 59 81 0.06862203031778336 10 -1 -1 
97 566 22 35 0.0684909000992775 1 -1 -1 
1291 537 19 16 0.0678655281662941 2 -1 -1 
1167 275 91 64 0.0676618441939354 6 -1 -1 
1145 665 41 27 0.06744147092103958 3 -1 -1 
1342 638 17 18 0.06713972985744476 2 -1 -1 
27 543 39 42 0.0665028914809227 1 -1 -1 
40 548 66 71 0.06637383997440338 10 -1 -1 
81 562 38 46 0.06621085852384567 4 -1 -1 
1151 662 42 26 0.06618615984916687 3 -1 -1 
1133 391 99 55 0.06604752689599991 9 -1 -1 
0 546 99 135 0.0659080371260643 4 -1 -1 
1167 275 92 65 0.06585389375686646 7 -1 -1 
134 669 91 94 0.06494240462779999 5 -1 -1 
3 544 149 146 0.06433213502168655 6 -1 -1 
452 218 111 51 0.06347339600324631 4 -1 -1 
28 542 43 28 0.06296710669994354 10 -1 -1 
1183 162 178 137 0.06274961680173874 9 -1 -1 
1155 653 68 31 0.06234293431043625 3 -1 -1 
1 538 109 129 0.061731189489364624 9 -1 -1 
27 537 102 102 0.05994599312543869 8 -1 -1 
1155 653 67 31 0.059305161237716675 9 -1 -1 
1 538 109 129 0.058892156928777695 5 -1 -1 
1 538 109 129 0.058667778968811035 7 -1 -1 
3 544 149 146 0.05575424060225487 9 -1 -1 
1185 164 176 139 0.054564692080020905 10 -1 -1 
103 624 138 141 0.053715500980615616 6 -1 -1 
