0 2 97 110 0.7674643397331238 4 -1 -1 
695 188 37 63 0.697489857673645 2 -1 -1 
1249 276 108 118 0.6668168306350708 4 -1 -1 
664 207 80 47 0.5981158018112183 3 -1 -1 
623 278 32 56 0.5672356486320496 2 -1 -1 
1106 147 36 49 0.5355789661407471 2 -1 -1 
594 289 87 53 0.5288549661636353 10 -1 -1 
1094 155 53 55 0.4998032748699188 10 -1 -1 
607 278 44 57 0.43905454874038696 2 -1 -1 
1346 240 11 17 0.437208890914917 1 -1 -1 
1100 151 47 57 0.4172477722167969 2 -1 -1 
1136 135 25 49 0.37141183018684387 2 -1 -1 
1114 135 44 57 0.3576449155807495 2 -1 -1 
686 214 56 38 0.35611027479171753 3 -1 -1 
594 303 86 38 0.3455294072628021 3 -1 -1 
663 207 82 46 0.34487390518188477 10 -1 -1 
687 202 53 51 0.30871856212615967 2 -1 -1 
600 285 38 48 0.29339849948883057 2 -1 -1 
1097 146 79 64 0.2897857427597046 10 -1 -1 
1346 239 11 17 0.2865530252456665 2 -1 -1 
598 296 23 30 0.2764771282672882 2 -1 -1 
696 187 36 64 0.2726367712020874 1 -1 -1 
1249 274 109 121 0.27258503437042236 5 -1 -1 
593 285 87 57 0.25747743248939514 7 -1 -1 
689 201 51 52 0.25645872950553894 10 -1 -1 
1138 135 30 54 0.24911195039749146 1 -1 -1 
1131 135 28 65 0.23351173102855682 2 -1 -1 
705 187 29 52 0.23028679192066193 2 -1 -1 
1331 244 13 23 0.22831964492797852 1 -1 -1 
344 126 38 20 0.221817746758461 3 -1 -1 
592 278 78 59 0.2163827270269394 2 -1 -1 
199 98 46 42 0.21439045667648315 7 -1 -1 
1128 135 31 56 0.20485340058803558 1 -1 -1 
0 0 99 111 0.20379772782325745 5 -1 -1 
0 0 98 110 0.20224425196647644 6 -1 -1 
601 280 54 56 0.1984841674566269 10 -1 -1 
1096 148 43 51 0.19645531475543976 10 -1 -1 
343 117 43 27 0.18948769569396973 3 -1 -1 
1106 137 45 41 0.18724536895751953 2 -1 -1 
691 189 42 63 0.18691641092300415 3 -1 -1 
623 278 33 56 0.1853683888912201 1 -1 -1 
606 304 20 29 0.17578653991222382 2 -1 -1 
1113 134 46 65 0.17498983442783356 1 -1 -1 
1115 151 46 59 0.16996845602989197 2 -1 -1 
593 285 87 57 0.1676783263683319 8 -1 -1 
1346 239 11 17 0.1673617959022522 10 -1 -1 
1122 134 37 39 0.16689899563789368 2 -1 -1 
1094 155 53 55 0.16626547276973724 3 -1 -1 
0 0 98 110 0.15938296914100647 9 -1 -1 
664 209 80 48 0.1581580936908722 7 -1 -1 
615 310 67 32 0.15767532587051392 3 -1 -1 
1106 147 36 49 0.15702874958515167 1 -1 -1 
593 302 72 36 0.15648457407951355 10 -1 -1 
198 101 46 40 0.1514427363872528 8 -1 -1 
1112 161 37 49 0.1510172188282013 2 -1 -1 
622 279 34 57 0.1481817215681076 10 -1 -1 
199 95 43 45 0.14534147083759308 10 -1 -1 
1344 237 11 16 0.14379188418388367 2 -1 -1 
1100 151 47 57 0.14342491328716278 1 -1 -1 
1345 239 10 13 0.14024420082569122 1 -1 -1 
677 207 43 45 0.1382056474685669 2 -1 -1 
595 295 63 42 0.13741661608219147 2 -1 -1 
595 295 63 42 0.13716720044612885 3 -1 -1 
699 185 31 43 0.13657528162002563 2 -1 -1 
1132 138 41 69 0.13643604516983032 1 -1 -1 
622 279 34 57 0.13585273921489716 3 -1 -1 
685 186 42 56 0.13209369778633118 2 -1 -1 
1113 171 25 27 0.13202224671840668 2 -1 -1 
592 281 77 59 0.13072767853736877 3 -1 -1 
1107 147 24 34 0.12967105209827423 2 -1 -1 
618 274 34 39 0.12860287725925446 2 -1 -1 
673 191 68 61 0.12700164318084717 1 -1 -1 
1328 241 13 22 0.12617099285125732 1 -1 -1 
663 224 79 31 0.12592557072639465 3 -1 -1 
1135 134 29 40 0.12496619671583176 1 -1 -1 
630 280 36 56 0.12428350746631622 2 -1 -1 
1096 146 81 63 0.12357968837022781 2 -1 -1 
1331 245 14 22 0.12154147773981094 3 -1 -1 
700 201 41 53 0.11958596110343933 3 -1 -1 
1097 150 84 61 0.1195545494556427 3 -1 -1 
341 115 43 28 0.11952076852321625 10 -1 -1 
1124 156 49 56 0.11870069056749344 10 -1 -1 
1106 145 44 58 0.11628702282905579 10 -1 -1 
666 195 74 55 0.11584598571062088 2 -1 -1 
596 296 50 39 0.11536698788404465 10 -1 -1 
599 274 46 49 0.11439304053783417 2 -1 -1 
1109 156 27 32 0.11268600821495056 2 -1 -1 
3 45 96 70 0.11064202338457108 4 -1 -1 
1117 148 62 63 0.10844834893941879 7 -1 -1 
603 292 24 29 0.10470034182071686 2 -1 -1 
1112 161 37 49 0.10445214807987213 10 -1 -1 
154 0 17 23 0.10342840850353241 1 -1 -1 
705 187 29 52 0.10341310501098633 1 -1 -1 
627 275 34 46 0.10267575830221176 2 -1 -1 
626 276 22 31 0.1016220971941948 2 -1 -1 
611 304 23 29 0.10029538720846176 2 -1 -1 
592 278 78 59 0.09923948347568512 1 -1 -1 
667 201 37 45 0.09901359677314758 2 -1 -1 
597 309 84 33 0.09784864634275436 10 -1 -1 
1119 135 37 43 0.0975462943315506 1 -1 -1 
599 296 23 33 0.09675557911396027 1 -1 -1 
1104 144 74 64 0.09610968083143234 1 -1 -1 
597 315 36 19 0.09601598978042603 3 -1 -1 
207 94 49 45 0.09534195810556412 7 -1 -1 
1327 237 12 21 0.09511488676071167 1 -1 -1 
678 202 41 47 0.09461717307567596 3 -1 -1 
357 107 47 27 0.09353029727935791 3 -1 -1 
199 98 46 42 0.09292066842317581 3 -1 -1 
1343 241 12 22 0.09231031686067581 1 -1 -1 
600 285 38 48 0.09217347949743271 10 -1 -1 
224 95 12 24 0.09193091094493866 2 -1 -1 
1096 148 43 51 0.09162775427103043 3 -1 -1 
1115 151 46 59 0.0915001630783081 1 -1 -1 
1103 148 22 38 0.09146431088447571 2 -1 -1 
596 296 34 38 0.09127336740493774 2 -1 -1 
1126 153 46 60 0.09122281521558762 2 -1 -1 
362 105 47 22 0.09113840758800507 3 -1 -1 
623 289 56 52 0.09085788577795029 3 -1 -1 
464 0 23 11 0.08995678275823593 4 -1 -1 
696 189 37 61 0.08967525511980057 10 -1 -1 
696 223 48 32 0.08951602876186371 3 -1 -1 
340 109 43 28 0.08853047341108322 3 -1 -1 
1115 151 46 59 0.08734643459320068 10 -1 -1 
600 285 38 48 0.08728685975074768 1 -1 -1 
671 206 23 28 0.08672857284545898 2 -1 -1 
1138 146 36 57 0.08640984445810318 2 -1 -1 
217 95 18 26 0.08614185452461243 2 -1 -1 
1112 161 37 49 0.08609408885240555 1 -1 -1 
1140 135 35 40 0.08550360798835754 1 -1 -1 
2 43 95 70 0.08519985526800156 5 -1 -1 
134 1 28 35 0.08494272828102112 1 -1 -1 
1346 240 11 17 0.0847163274884224 3 -1 -1 
683 205 59 47 0.08468811213970184 4 -1 -1 
1119 174 25 33 0.08436229825019836 2 -1 -1 
678 192 39 53 0.0838986337184906 2 -1 -1 
1093 149 71 61 0.08371036499738693 7 -1 -1 
1250 277 107 115 0.08252020925283432 1 -1 -1 
627 276 20 22 0.08233588933944702 1 -1 -1 
1138 136 19 44 0.08187513798475266 1 -1 -1 
687 202 53 51 0.0814993679523468 7 -1 -1 
659 210 82 52 0.08074930310249329 9 -1 -1 
708 187 21 36 0.07973796129226685 2 -1 -1 
604 311 28 23 0.0792338028550148 2 -1 -1 
691 186 38 47 0.07909031957387924 1 -1 -1 
1331 244 13 23 0.07893864065408707 2 -1 -1 
1094 154 52 55 0.07884068787097931 4 -1 -1 
661 193 76 59 0.07858812063932419 9 -1 -1 
1347 243 10 18 0.07848472893238068 1 -1 -1 
198 92 64 52 0.07844264805316925 8 -1 -1 
1250 272 108 114 0.07835409045219421 6 -1 -1 
347 124 36 20 0.07776915282011032 10 -1 -1 
1222 275 132 144 0.07700870931148529 9 -1 -1 
1334 241 14 24 0.07696649432182312 1 -1 -1 
709 187 22 42 0.07548266649246216 1 -1 -1 
616 298 60 42 0.07535794377326965 10 -1 -1 
259 147 7 14 0.07535087317228317 1 -1 -1 
1124 156 49 56 0.07533668726682663 3 -1 -1 
685 198 41 53 0.0748307928442955 1 -1 -1 
39 0 64 104 0.0742407888174057 4 -1 -1 
1332 244 13 23 0.07402338087558746 10 -1 -1 
197 108 35 35 0.07359661161899567 7 -1 -1 
590 278 69 56 0.07336321473121643 7 -1 -1 
464 0 23 11 0.07317856699228287 5 -1 -1 
604 293 76 48 0.07236844301223755 2 -1 -1 
224 95 12 24 0.07208685576915741 1 -1 -1 
1114 160 27 31 0.07168887555599213 2 -1 -1 
627 276 22 32 0.07096060365438461 1 -1 -1 
1250 272 108 114 0.07075861841440201 9 -1 -1 
687 205 55 47 0.07025464624166489 1 -1 -1 
686 193 40 56 0.07000330835580826 10 -1 -1 
662 206 31 42 0.0698375254869461 3 -1 -1 
594 287 87 55 0.06981799751520157 4 -1 -1 
1262 15 96 131 0.06969598680734634 6 -1 -1 
671 213 56 43 0.0696580559015274 3 -1 -1 
619 281 25 29 0.06959943473339081 2 -1 -1 
629 311 52 31 0.06889638304710388 10 -1 -1 
1331 237 12 24 0.06869249045848846 1 -1 -1 
664 209 80 48 0.06844218075275421 8 -1 -1 
618 274 34 39 0.06742330640554428 1 -1 -1 
1120 167 39 45 0.06654725223779678 10 -1 -1 
1094 150 39 47 0.0664946511387825 2 -1 -1 
693 218 26 30 0.06645062565803528 2 -1 -1 
1104 140 40 38 0.06595570594072342 1 -1 -1 
691 188 51 63 0.06571980565786362 9 -1 -1 
1091 139 66 64 0.06560156494379044 2 -1 -1 
1346 239 11 17 0.06528940051794052 4 -1 -1 
683 224 59 31 0.06485312432050705 10 -1 -1 
1105 147 24 37 0.06481306254863739 1 -1 -1 
1114 173 25 25 0.06437478959560394 1 -1 -1 
594 309 52 28 0.06435630470514297 3 -1 -1 
207 89 42 46 0.06419752538204193 10 -1 -1 
637 292 21 37 0.06398666650056839 2 -1 -1 
1111 150 28 31 0.06386466324329376 2 -1 -1 
630 280 36 56 0.06331551820039749 1 -1 -1 
1134 131 29 36 0.06309989094734192 2 -1 -1 
565 735 84 28 0.06269754469394684 4 -1 -1 
1336 239 15 24 0.06249695271253586 1 -1 -1 
364 113 23 26 0.06185508146882057 3 -1 -1 
1146 143 33 50 0.06178626790642738 1 -1 -1 
703 188 23 44 0.06167732924222946 1 -1 -1 
1120 167 39 45 0.06129555031657219 2 -1 -1 
1119 171 37 40 0.06122566759586334 1 -1 -1 
1 1 97 111 0.06121004745364189 1 -1 -1 
39 0 64 104 0.06096556410193443 9 -1 -1 
605 297 21 34 0.06057390570640564 1 -1 -1 
597 315 36 19 0.060520388185977936 10 -1 -1 
5 45 100 74 0.060361314564943314 9 -1 -1 
635 315 47 28 0.06011585146188736 3 -1 -1 
599 294 27 39 0.059802159667015076 10 -1 -1 
346 112 32 22 0.059317655861377716 3 -1 -1 
148 -2 28 31 0.05899457633495331 1 -1 -1 
589 276 64 55 0.05895903706550598 9 -1 -1 
608 304 21 29 0.0589345283806324 1 -1 -1 
1347 235 10 15 0.0587453655898571 2 -1 -1 
1120 176 25 33 0.058727163821458817 1 -1 -1 
705 190 38 62 0.0580475851893425 10 -1 -1 
346 112 32 22 0.057957012206315994 10 -1 -1 
596 298 40 37 0.05789852514863014 3 -1 -1 
217 95 18 26 0.05771869421005249 1 -1 -1 
627 275 34 46 0.057630620896816254 1 -1 -1 
1113 161 25 34 0.05752372369170189 1 -1 -1 
1109 156 27 32 0.05745542421936989 1 -1 -1 
203 91 37 39 0.05708566680550575 3 -1 -1 
1157 156 16 20 0.057029712945222855 1 -1 -1 
1112 161 37 49 0.056736260652542114 3 -1 -1 
1117 177 23 25 0.05651148408651352 2 -1 -1 
667 203 41 44 0.0565023235976696 3 -1 -1 
1117 152 68 60 0.05637145787477493 9 -1 -1 
594 277 94 59 0.05608232691884041 9 -1 -1 
629 282 42 57 0.055926211178302765 10 -1 -1 
1140 135 19 30 0.055649202316999435 1 -1 -1 
1108 147 28 29 0.05556826665997505 1 -1 -1 
1343 241 12 22 0.05545584484934807 10 -1 -1 
712 185 27 47 0.05540580302476883 2 -1 -1 
1113 134 46 65 0.055400099605321884 10 -1 -1 
691 189 42 63 0.05507056415081024 4 -1 -1 
593 278 41 49 0.0543193593621254 2 -1 -1 
336 122 45 26 0.05390992760658264 10 -1 -1 
198 94 65 51 0.05388425290584564 9 -1 -1 
667 190 71 60 0.0537133663892746 7 -1 -1 
212 98 26 30 0.05344965681433678 2 -1 -1 
1100 174 47 38 0.053333695977926254 3 -1 -1 
197 106 32 36 0.05308691784739494 2 -1 -1 
337 112 45 30 0.05302744358778 7 -1 -1 
626 276 20 21 0.053004197776317596 2 -1 -1 
358 110 27 24 0.0529356524348259 3 -1 -1 
565 735 84 28 0.05283546820282936 9 -1 -1 
1098 173 48 40 0.05273495241999626 10 -1 -1 
1152 156 28 46 0.05273173749446869 1 -1 -1 
594 304 38 32 0.052687834948301315 10 -1 -1 
1219 278 132 158 0.05268239602446556 4 -1 -1 
1123 135 42 73 0.05262484773993492 10 -1 -1 
599 276 48 46 0.05258610099554062 1 -1 -1 
1106 147 34 25 0.05228652432560921 2 -1 -1 
632 287 20 44 0.052071258425712585 2 -1 -1 
607 277 77 57 0.05134539306163788 10 -1 -1 
592 735 56 28 0.051014870405197144 10 -1 -1 
148 0 17 24 0.050936706364154816 1 -1 -1 
594 314 67 28 0.050774265080690384 3 -1 -1 
620 277 24 30 0.05032242834568024 1 -1 -1 
590 278 69 56 0.05030070245265961 8 -1 -1 
629 300 45 40 0.05027637258172035 2 -1 -1 
198 111 25 29 0.05025804415345192 10 -1 -1 
1288 270 70 81 0.0501118041574955 4 -1 -1 
