881 302 122 62 0.9490219354629517 4 -1 -1 
1164 336 122 67 0.9481685161590576 4 -1 -1 
435 527 178 193 0.9408559799194336 4 -1 -1 
265 497 243 119 0.9405194520950317 4 -1 -1 
948 431 163 96 0.9360449910163879 4 -1 -1 
659 309 134 65 0.9348520636558533 4 -1 -1 
1089 269 99 47 0.9328649640083313 4 -1 -1 
1297 379 29 61 0.918876051902771 1 -1 -1 
25 372 153 86 0.9176931381225586 4 -1 -1 
920 212 85 36 0.9153310060501099 4 -1 -1 
378 241 92 41 0.9043318033218384 4 -1 -1 
766 221 94 35 0.8913677930831909 4 -1 -1 
81 214 87 39 0.8796462416648865 4 -1 -1 
339 201 55 36 0.8787052631378174 4 -1 -1 
1077 192 69 32 0.8723100423812866 4 -1 -1 
1242 210 69 34 0.8698896765708923 4 -1 -1 
11 279 28 49 0.8648343682289124 1 -1 -1 
239 177 55 38 0.860109269618988 5 -1 -1 
481 215 42 37 0.8505805134773254 4 -1 -1 
543 215 40 36 0.8445358872413635 4 -1 -1 
34 279 23 47 0.8402318358421326 1 -1 -1 
1006 206 76 31 0.8371312618255615 4 -1 -1 
601 374 41 47 0.8183954358100891 10 -1 -1 
403 207 57 36 0.815097987651825 4 -1 -1 
198 411 210 110 0.8125108480453491 4 -1 -1 
636 215 13 37 0.8101263642311096 1 -1 -1 
698 212 28 44 0.774185836315155 8 -1 -1 
282 263 17 49 0.7715945243835449 1 -1 -1 
298 198 22 26 0.757597804069519 7 -1 -1 
870 190 11 31 0.739501416683197 1 -1 -1 
1276 680 68 83 0.7230844497680664 2 -1 -1 
417 177 9 29 0.7191261649131775 1 -1 -1 
607 354 27 50 0.7049611806869507 2 -1 -1 
648 182 9 30 0.6952914595603943 1 -1 -1 
993 184 16 30 0.6942225694656372 1 -1 -1 
276 116 56 20 0.6937575340270996 4 -1 -1 
610 228 14 37 0.6935451626777649 1 -1 -1 
699 158 9 27 0.6681858897209167 1 -1 -1 
264 139 57 34 0.6509776711463928 5 -1 -1 
248 392 68 48 0.6501627564430237 10 -1 -1 
1248 679 102 84 0.6427924036979675 10 -1 -1 
617 172 9 28 0.637503981590271 1 -1 -1 
885 193 10 30 0.6333341002464294 1 -1 -1 
197 142 74 33 0.6300874352455139 4 -1 -1 
310 126 40 24 0.6284855008125305 4 -1 -1 
768 211 12 24 0.6082358956336975 10 -1 -1 
684 157 8 22 0.6053884029388428 1 -1 -1 
638 163 9 28 0.5952046513557434 1 -1 -1 
986 173 49 39 0.5899200439453125 8 -1 -1 
625 227 13 35 0.5780534148216248 1 -1 -1 
877 199 11 26 0.5635105967521667 1 -1 -1 
410 171 10 27 0.5611327886581421 1 -1 -1 
259 109 52 22 0.555962860584259 4 -1 -1 
1069 169 22 18 0.5533458590507507 10 -1 -1 
295 197 25 27 0.548270046710968 8 -1 -1 
276 369 25 46 0.5475178956985474 2 -1 -1 
692 542 38 72 0.5459573864936829 10 -1 -1 
977 182 14 32 0.5382002592086792 1 -1 -1 
923 195 21 21 0.5375357270240784 10 -1 -1 
938 195 32 24 0.5370898842811584 10 -1 -1 
1089 152 23 19 0.5246877074241638 4 -1 -1 
754 209 13 25 0.5091224312782288 10 -1 -1 
744 219 14 24 0.5075944662094116 10 -1 -1 
1245 680 102 83 0.5034220814704895 3 -1 -1 
693 506 38 87 0.5014792084693909 2 -1 -1 
273 372 35 52 0.5014249086380005 2 -1 -1 
1126 159 12 21 0.49981147050857544 2 -1 -1 
344 130 39 25 0.49736353754997253 4 -1 -1 
697 502 31 56 0.49552488327026367 2 -1 -1 
929 195 31 22 0.4718273878097534 10 -1 -1 
750 160 11 27 0.47071370482444763 1 -1 -1 
613 135 9 25 0.4656512141227722 1 -1 -1 
653 189 10 25 0.46134790778160095 1 -1 -1 
660 184 10 24 0.4570145308971405 1 -1 -1 
251 107 51 21 0.4429154694080353 4 -1 -1 
873 193 12 31 0.4428153932094574 1 -1 -1 
753 150 13 20 0.43775126338005066 2 -1 -1 
853 154 9 20 0.4289005696773529 2 -1 -1 
860 198 9 24 0.42578694224357605 2 -1 -1 
674 177 7 18 0.4232335686683655 1 -1 -1 
1052 169 22 19 0.4221377372741699 10 -1 -1 
585 140 7 18 0.41543352603912354 1 -1 -1 
723 208 24 25 0.41521012783050537 10 -1 -1 
0 159 12 27 0.4149412214756012 2 -1 -1 
1085 153 8 18 0.41447216272354126 1 -1 -1 
753 150 13 21 0.4112110435962677 1 -1 -1 
263 140 57 34 0.41060060262680054 4 -1 -1 
401 178 11 25 0.4085826873779297 2 -1 -1 
195 141 77 33 0.4045572578907013 5 -1 -1 
860 198 9 24 0.40365809202194214 1 -1 -1 
787 193 13 21 0.40336066484451294 10 -1 -1 
0 159 12 26 0.39827439188957214 1 -1 -1 
164 154 40 31 0.3948037326335907 4 -1 -1 
666 222 20 29 0.3940158784389496 8 -1 -1 
807 202 39 19 0.3878509998321533 10 -1 -1 
841 155 9 20 0.38758960366249084 2 -1 -1 
278 387 38 43 0.3828198313713074 2 -1 -1 
652 205 14 28 0.37945571541786194 10 -1 -1 
1213 187 32 17 0.3785252869129181 4 -1 -1 
0 167 14 24 0.37303340435028076 3 -1 -1 
733 210 14 26 0.37178099155426025 10 -1 -1 
602 362 36 51 0.3699513077735901 2 -1 -1 
656 187 10 26 0.36812248826026917 1 -1 -1 
803 209 10 24 0.3672701120376587 1 -1 -1 
657 144 10 26 0.3668278753757477 1 -1 -1 
239 178 56 37 0.36481624841690063 4 -1 -1 
975 181 13 26 0.36220067739486694 1 -1 -1 
415 174 9 27 0.36098870635032654 1 -1 -1 
684 204 17 26 0.36059021949768066 1 -1 -1 
200 485 26 59 0.35929903388023376 1 -1 -1 
353 137 42 23 0.3581083416938782 4 -1 -1 
1125 165 12 18 0.3554115891456604 10 -1 -1 
692 545 38 72 0.3542739152908325 3 -1 -1 
607 354 27 51 0.3527694046497345 1 -1 -1 
849 185 12 23 0.35055163502693176 3 -1 -1 
401 178 11 25 0.34669026732444763 1 -1 -1 
739 217 18 24 0.34581640362739563 10 -1 -1 
262 386 53 46 0.34457382559776306 10 -1 -1 
1345 169 8 22 0.34306517243385315 1 -1 -1 
841 155 9 21 0.34178614616394043 1 -1 -1 
790 181 9 23 0.34105250239372253 1 -1 -1 
526 209 28 25 0.3372308611869812 8 -1 -1 
653 204 23 29 0.33443042635917664 10 -1 -1 
600 376 42 45 0.3340282738208771 3 -1 -1 
691 517 41 85 0.33348262310028076 10 -1 -1 
804 204 26 19 0.3323171138763428 10 -1 -1 
643 156 12 26 0.3304997682571411 1 -1 -1 
2 171 12 20 0.329237163066864 10 -1 -1 
750 160 10 26 0.32813504338264465 2 -1 -1 
756 205 12 25 0.3268681764602661 10 -1 -1 
241 399 53 56 0.3265393078327179 10 -1 -1 
725 197 12 25 0.32515981793403625 2 -1 -1 
1213 184 46 21 0.32211458683013916 4 -1 -1 
652 143 12 26 0.3217099606990814 1 -1 -1 
745 229 19 18 0.3170132339000702 10 -1 -1 
316 123 52 24 0.3150521218776703 4 -1 -1 
1125 166 11 17 0.3112906217575073 2 -1 -1 
256 384 59 48 0.31126776337623596 2 -1 -1 
1032 172 12 19 0.3099285364151001 10 -1 -1 
821 202 29 19 0.3097715675830841 3 -1 -1 
820 201 29 22 0.3093976080417633 10 -1 -1 
695 503 35 75 0.30934321880340576 1 -1 -1 
280 380 26 42 0.3087990880012512 2 -1 -1 
1060 168 17 19 0.3082312345504761 10 -1 -1 
1147 189 54 26 0.3081992268562317 4 -1 -1 
1244 691 106 74 0.3081895709037781 2 -1 -1 
795 182 7 23 0.30818721652030945 1 -1 -1 
708 197 10 21 0.3068546652793884 2 -1 -1 
1085 153 8 18 0.3051072657108307 2 -1 -1 
977 182 14 32 0.30505988001823425 2 -1 -1 
684 204 16 26 0.3042677342891693 2 -1 -1 
658 205 29 26 0.30385059118270874 7 -1 -1 
687 225 13 17 0.30303841829299927 2 -1 -1 
286 386 24 37 0.30303534865379333 2 -1 -1 
1277 680 67 84 0.27719151973724365 1 -1 -1 
804 199 45 23 0.2569025456905365 7 -1 -1 
699 211 27 40 0.24559472501277924 7 -1 -1 
0 142 29 31 0.2349911779165268 5 -1 -1 
198 411 209 110 0.22906173765659332 5 -1 -1 
663 218 24 34 0.2157214730978012 10 -1 -1 
378 241 92 41 0.21440687775611877 5 -1 -1 
662 200 39 23 0.21387003362178802 7 -1 -1 
664 219 23 33 0.20677155256271362 7 -1 -1 
656 203 30 31 0.20390762388706207 10 -1 -1 
766 220 96 36 0.20249228179454803 5 -1 -1 
807 199 42 25 0.19836437702178955 3 -1 -1 
629 217 19 39 0.19177016615867615 1 -1 -1 
725 203 26 34 0.18634362518787384 10 -1 -1 
985 173 50 38 0.17874522507190704 7 -1 -1 
1316 165 39 25 0.1757187843322754 10 -1 -1 
1317 164 38 25 0.17500704526901245 4 -1 -1 
181 134 86 37 0.17493778467178345 4 -1 -1 
692 517 39 84 0.17457103729248047 1 -1 -1 
81 214 87 39 0.16982044279575348 5 -1 -1 
986 173 49 39 0.167012557387352 5 -1 -1 
803 192 39 23 0.1663333922624588 10 -1 -1 
743 206 25 37 0.16482815146446228 10 -1 -1 
728 209 29 33 0.16266481578350067 10 -1 -1 
653 198 36 29 0.16260036826133728 7 -1 -1 
802 204 49 24 0.16103829443454742 10 -1 -1 
0 156 16 37 0.1569959968328476 1 -1 -1 
659 310 133 64 0.15615756809711456 5 -1 -1 
637 156 19 37 0.15380451083183289 1 -1 -1 
699 209 30 31 0.1518677920103073 8 -1 -1 
1080 148 32 24 0.14869935810565948 4 -1 -1 
661 212 28 32 0.14776696264743805 7 -1 -1 
690 535 42 80 0.1469721794128418 2 -1 -1 
653 201 29 33 0.14553862810134888 7 -1 -1 
815 195 36 24 0.14349210262298584 10 -1 -1 
720 199 28 32 0.14242669939994812 10 -1 -1 
689 210 36 32 0.14056062698364258 7 -1 -1 
817 195 34 26 0.14003728330135345 3 -1 -1 
-1 143 31 27 0.1398354172706604 4 -1 -1 
654 203 31 31 0.13968616724014282 8 -1 -1 
1089 269 99 47 0.13930644094944 1 -1 -1 
662 201 39 25 0.13919726014137268 8 -1 -1 
1248 679 102 84 0.13838748633861542 4 -1 -1 
658 210 30 27 0.1350320726633072 8 -1 -1 
991 179 23 35 0.13087260723114014 1 -1 -1 
689 210 36 32 0.13030874729156494 8 -1 -1 
699 210 27 35 0.12893874943256378 6 -1 -1 
265 497 243 119 0.1288871169090271 1 -1 -1 
815 195 36 24 0.12838214635849 7 -1 -1 
881 302 122 62 0.1278764307498932 9 -1 -1 
1259 680 86 83 0.1275767982006073 7 -1 -1 
608 227 17 38 0.12427932769060135 2 -1 -1 
880 302 124 62 0.12229492515325546 1 -1 -1 
804 193 41 24 0.12168404459953308 3 -1 -1 
654 203 31 31 0.12011834979057312 3 -1 -1 
435 527 178 193 0.1200607493519783 9 -1 -1 
803 192 39 23 0.12003180384635925 7 -1 -1 
620 228 19 41 0.11966153979301453 1 -1 -1 
435 527 178 193 0.1184922382235527 1 -1 -1 
698 212 28 44 0.11819964647293091 5 -1 -1 
1001 163 43 25 0.11817673593759537 10 -1 -1 
1164 337 122 66 0.11808296293020248 5 -1 -1 
1244 691 106 74 0.11804284155368805 1 -1 -1 
736 214 24 33 0.11784060299396515 10 -1 -1 
608 227 17 38 0.11750718951225281 10 -1 -1 
989 175 44 39 0.11651699244976044 1 -1 -1 
436 527 175 193 0.11496993899345398 5 -1 -1 
987 173 48 39 0.11494191735982895 6 -1 -1 
993 168 44 34 0.11483167111873627 8 -1 -1 
702 209 31 31 0.1140168234705925 7 -1 -1 
949 431 160 96 0.11328136920928955 5 -1 -1 
993 168 44 34 0.11304082721471786 7 -1 -1 
948 431 162 96 0.11273142695426941 1 -1 -1 
802 204 49 24 0.11171789467334747 7 -1 -1 
766 221 94 35 0.11132890731096268 1 -1 -1 
691 517 41 85 0.11123218387365341 3 -1 -1 
699 227 27 30 0.11093554645776749 7 -1 -1 
25 372 153 86 0.11043650656938553 5 -1 -1 
765 220 94 36 0.10992863774299622 9 -1 -1 
920 212 86 36 0.10970962047576904 5 -1 -1 
1087 144 31 26 0.10952398926019669 4 -1 -1 
385 227 83 48 0.10886120051145554 4 -1 -1 
1080 147 34 24 0.10840368270874023 7 -1 -1 
1165 336 121 66 0.10834939777851105 1 -1 -1 
804 196 43 24 0.10811948031187057 8 -1 -1 
378 241 92 41 0.10665297508239746 1 -1 -1 
661 201 38 27 0.10590343922376633 10 -1 -1 
881 302 122 62 0.10489785671234131 5 -1 -1 
690 497 45 73 0.10415124893188477 2 -1 -1 
664 212 26 35 0.1005411297082901 8 -1 -1 
805 205 47 25 0.09912853688001633 3 -1 -1 
267 497 243 119 0.09779130667448044 9 -1 -1 
986 173 49 39 0.09775546938180923 4 -1 -1 
1090 269 99 48 0.0969465896487236 5 -1 -1 
765 220 94 36 0.09687311202287674 6 -1 -1 
662 209 27 29 0.09684769809246063 10 -1 -1 
190 139 80 35 0.09623134881258011 6 -1 -1 
663 220 24 33 0.09533854573965073 9 -1 -1 
378 241 92 41 0.09454532712697983 6 -1 -1 
742 217 28 33 0.09454464912414551 10 -1 -1 
195 410 212 111 0.09452059119939804 1 -1 -1 
666 219 22 33 0.0941101685166359 2 -1 -1 
25 372 153 86 0.09323529154062271 1 -1 -1 
1164 336 122 67 0.09316281229257584 9 -1 -1 
661 198 40 25 0.09027803689241409 4 -1 -1 
672 201 31 31 0.08919327706098557 7 -1 -1 
949 431 160 96 0.08868497610092163 9 -1 -1 
1261 672 79 74 0.08858487755060196 2 -1 -1 
1006 205 76 33 0.08783714473247528 5 -1 -1 
766 221 94 35 0.07836329936981201 10 -1 -1 
766 221 94 35 0.06310289353132248 7 -1 -1 
