353 471 78 100 0.9806271195411682 5 -1 -1 
931 582 113 68 0.9339797496795654 5 -1 -1 
459 481 56 58 0.9295584559440613 4 -1 -1 
473 557 70 83 0.9158502817153931 4 -1 -1 
791 543 15 40 0.894022524356842 1 -1 -1 
673 414 37 39 0.8894348740577698 4 -1 -1 
546 283 48 23 0.887870728969574 4 -1 -1 
454 333 67 24 0.8853384256362915 4 -1 -1 
769 542 15 42 0.8831841945648193 1 -1 -1 
395 314 11 25 0.8802984952926636 1 -1 -1 
605 379 35 41 0.8751033544540405 4 -1 -1 
409 315 9 26 0.8615755438804626 1 -1 -1 
772 291 46 25 0.8597479462623596 4 -1 -1 
647 165 13 18 0.8570446372032166 6 -1 -1 
601 283 8 20 0.8376026153564453 1 -1 -1 
450 282 9 23 0.8345208168029785 1 -1 -1 
792 348 61 29 0.8321086764335632 4 -1 -1 
423 320 10 24 0.8310453295707703 1 -1 -1 
442 283 8 21 0.8163636326789856 1 -1 -1 
735 268 8 18 0.7955698370933533 1 -1 -1 
230 668 25 53 0.7929732799530029 1 -1 -1 
655 280 25 27 0.7854199409484863 4 -1 -1 
709 176 12 12 0.7822896838188171 4 -1 -1 
436 283 7 20 0.7806696891784668 1 -1 -1 
747 469 51 47 0.777488112449646 4 -1 -1 
752 273 7 18 0.7731840014457703 1 -1 -1 
778 314 8 19 0.7657825946807861 1 -1 -1 
683 169 12 11 0.7590944170951843 4 -1 -1 
457 290 7 21 0.7484757900238037 1 -1 -1 
751 239 42 18 0.7458897829055786 4 -1 -1 
659 191 26 13 0.7393138408660889 4 -1 -1 
692 176 10 11 0.7350894808769226 4 -1 -1 
684 127 10 7 0.7193065285682678 4 -1 -1 
863 528 124 53 0.7186684608459473 4 -1 -1 
436 313 59 25 0.7159827351570129 4 -1 -1 
609 189 32 14 0.7150729298591614 4 -1 -1 
673 128 7 7 0.7141271233558655 4 -1 -1 
825 476 81 43 0.712592601776123 4 -1 -1 
823 405 77 34 0.703741192817688 4 -1 -1 
735 584 19 37 0.6998335719108582 10 -1 -1 
694 140 9 8 0.6955496072769165 4 -1 -1 
785 261 43 20 0.6941014528274536 4 -1 -1 
730 161 18 23 0.6735844612121582 6 -1 -1 
681 148 8 8 0.6574254035949707 4 -1 -1 
685 154 9 12 0.6570562720298767 5 -1 -1 
774 245 40 17 0.657001256942749 4 -1 -1 
662 143 10 9 0.6419362425804138 4 -1 -1 
722 280 8 15 0.6382558345794678 2 -1 -1 
735 574 19 33 0.6217789649963379 2 -1 -1 
750 258 6 15 0.6212018728256226 1 -1 -1 
427 302 8 21 0.6180582046508789 1 -1 -1 
645 218 6 10 0.6120521426200867 2 -1 -1 
651 721 60 42 0.607285737991333 5 -1 -1 
609 207 31 14 0.5873211026191711 4 -1 -1 
702 193 6 13 0.5811679363250732 1 -1 -1 
663 159 4 9 0.5703930854797363 1 -1 -1 
664 131 9 7 0.5658557415008545 4 -1 -1 
645 222 6 10 0.5492160320281982 10 -1 -1 
738 587 16 22 0.5417104959487915 2 -1 -1 
722 284 7 15 0.532436192035675 10 -1 -1 
803 319 57 32 0.5142754316329956 6 -1 -1 
827 290 11 30 0.5139168500900269 1 -1 -1 
669 159 4 9 0.5069136023521423 1 -1 -1 
945 404 33 22 0.5064542889595032 10 -1 -1 
207 368 11 26 0.4945117235183716 1 -1 -1 
710 139 10 11 0.4840397238731384 4 -1 -1 
692 132 8 8 0.4798262119293213 4 -1 -1 
746 156 21 10 0.4577649235725403 4 -1 -1 
375 331 8 19 0.4402126669883728 1 -1 -1 
914 714 97 51 0.42713671922683716 4 -1 -1 
722 186 6 11 0.4233308732509613 1 -1 -1 
649 153 11 13 0.40495917201042175 6 -1 -1 
734 181 12 12 0.4039575457572937 4 -1 -1 
730 171 17 14 0.39386701583862305 6 -1 -1 
691 134 9 9 0.3862961530685425 4 -1 -1 
651 137 11 9 0.37360239028930664 4 -1 -1 
649 153 11 13 0.37089014053344727 9 -1 -1 
702 161 7 9 0.37024420499801636 2 -1 -1 
722 185 6 9 0.36667943000793457 2 -1 -1 
199 361 19 34 0.35419148206710815 1 -1 -1 
657 128 9 9 0.35258933901786804 4 -1 -1 
768 237 33 16 0.35254809260368347 4 -1 -1 
708 138 9 10 0.3515826165676117 4 -1 -1 
705 137 8 8 0.35043448209762573 4 -1 -1 
803 319 58 31 0.3501869738101959 5 -1 -1 
659 129 10 9 0.34899258613586426 4 -1 -1 
609 185 30 11 0.34868308901786804 4 -1 -1 
647 186 6 7 0.34191030263900757 2 -1 -1 
744 151 22 11 0.3393382132053375 4 -1 -1 
722 284 8 15 0.3391909599304199 3 -1 -1 
703 138 8 7 0.33676469326019287 4 -1 -1 
609 189 32 14 0.3318782448768616 5 -1 -1 
651 721 57 42 0.3253012001514435 4 -1 -1 
742 147 20 9 0.31684067845344543 4 -1 -1 
722 186 6 11 0.31566256284713745 10 -1 -1 
722 186 6 11 0.31565359234809875 3 -1 -1 
685 154 9 12 0.3136938512325287 4 -1 -1 
825 476 85 43 0.30114468932151794 5 -1 -1 
987 415 9 20 0.30092158913612366 1 -1 -1 
692 137 9 8 0.29805731773376465 4 -1 -1 
670 129 6 7 0.29143255949020386 4 -1 -1 
652 140 10 8 0.2899322807788849 4 -1 -1 
741 148 23 13 0.28834712505340576 4 -1 -1 
722 282 8 17 0.28769469261169434 1 -1 -1 
695 129 7 8 0.28651511669158936 4 -1 -1 
690 133 8 8 0.2842262387275696 4 -1 -1 
645 222 6 10 0.28419238328933716 3 -1 -1 
647 186 6 7 0.28412818908691406 10 -1 -1 
738 269 5 15 0.2832397222518921 1 -1 -1 
438 282 8 20 0.2786267101764679 1 -1 -1 
785 261 45 19 0.27769312262535095 5 -1 -1 
737 587 17 24 0.275682270526886 10 -1 -1 
663 159 4 8 0.27220556139945984 2 -1 -1 
690 136 7 8 0.27114397287368774 4 -1 -1 
449 282 7 23 0.26757699251174927 1 -1 -1 
750 258 6 13 0.2657467722892761 2 -1 -1 
663 159 4 9 0.2554151117801666 10 -1 -1 
650 141 9 8 0.25449204444885254 4 -1 -1 
709 136 9 9 0.2525348663330078 4 -1 -1 
669 158 4 9 0.2507931590080261 2 -1 -1 
770 239 35 18 0.25059568881988525 4 -1 -1 
956 372 22 18 0.24906042218208313 3 -1 -1 
701 136 8 8 0.24828800559043884 4 -1 -1 
750 259 6 15 0.24520227313041687 3 -1 -1 
702 163 7 9 0.24513007700443268 10 -1 -1 
702 162 3 10 0.24424044787883759 1 -1 -1 
735 581 19 40 0.23430462181568146 2 -1 -1 
929 582 114 69 0.23419995605945587 4 -1 -1 
735 574 19 33 0.23401519656181335 1 -1 -1 
783 181 38 17 0.222672700881958 4 -1 -1 
773 245 38 18 0.21121223270893097 5 -1 -1 
781 247 39 17 0.21070356667041779 4 -1 -1 
912 698 153 66 0.199264794588089 4 -1 -1 
353 471 78 100 0.19296160340309143 4 -1 -1 
353 471 78 100 0.19284392893314362 6 -1 -1 
751 239 42 18 0.17982305586338043 5 -1 -1 
823 405 77 34 0.1794084757566452 5 -1 -1 
913 712 100 54 0.17859883606433868 5 -1 -1 
495 263 39 25 0.17757633328437805 4 -1 -1 
931 582 113 68 0.17674924433231354 8 -1 -1 
772 291 46 25 0.16811245679855347 5 -1 -1 
435 314 59 25 0.1659536063671112 5 -1 -1 
863 528 124 53 0.16294042766094208 5 -1 -1 
735 574 19 34 0.1623203009366989 10 -1 -1 
783 181 38 17 0.16093483567237854 5 -1 -1 
760 191 60 24 0.1577683985233307 6 -1 -1 
547 284 47 23 0.15719692409038544 5 -1 -1 
352 470 79 101 0.15557712316513062 8 -1 -1 
752 202 36 23 0.15107910335063934 7 -1 -1 
831 506 113 22 0.1503024846315384 4 -1 -1 
755 196 56 26 0.14850430190563202 6 -1 -1 
785 192 41 19 0.1436818391084671 4 -1 -1 
945 404 33 22 0.1430697739124298 3 -1 -1 
352 470 79 101 0.1419774442911148 10 -1 -1 
769 542 15 42 0.14069443941116333 4 -1 -1 
768 236 35 16 0.13903293013572693 5 -1 -1 
791 543 15 40 0.13849788904190063 4 -1 -1 
788 250 36 17 0.13831910490989685 4 -1 -1 
808 195 37 18 0.13792218267917633 4 -1 -1 
735 584 19 37 0.13642488420009613 3 -1 -1 
983 688 85 63 0.13607972860336304 4 -1 -1 
734 147 33 18 0.13465777039527893 4 -1 -1 
885 537 103 57 0.1340927928686142 4 -1 -1 
827 396 87 36 0.12961770594120026 4 -1 -1 
503 262 51 29 0.1285199224948883 4 -1 -1 
509 263 29 29 0.12731137871742249 4 -1 -1 
945 404 32 22 0.12730157375335693 7 -1 -1 
787 185 40 21 0.12689320743083954 4 -1 -1 
753 201 33 24 0.12175282835960388 6 -1 -1 
782 256 37 18 0.11954668164253235 4 -1 -1 
473 558 70 83 0.11864820122718811 5 -1 -1 
928 583 115 68 0.11815257370471954 6 -1 -1 
899 572 92 39 0.11697859317064285 4 -1 -1 
923 524 64 56 0.1169026643037796 4 -1 -1 
770 239 35 18 0.11574458330869675 5 -1 -1 
777 241 42 18 0.11556588858366013 4 -1 -1 
655 280 25 27 0.11441982537508011 5 -1 -1 
753 201 33 24 0.11403241753578186 8 -1 -1 
956 371 23 27 0.1132301315665245 10 -1 -1 
789 256 57 22 0.11266420781612396 4 -1 -1 
651 721 60 42 0.11197789013385773 9 -1 -1 
828 399 101 44 0.11000438779592514 4 -1 -1 
803 319 62 34 0.10995443910360336 9 -1 -1 
772 234 37 16 0.10950267314910889 4 -1 -1 
546 283 48 23 0.1090143620967865 6 -1 -1 
530 263 34 17 0.10893983393907547 4 -1 -1 
353 471 78 100 0.10893139243125916 9 -1 -1 
735 581 19 40 0.10864385962486267 1 -1 -1 
846 507 112 32 0.10742412507534027 4 -1 -1 
511 275 47 21 0.10608714073896408 4 -1 -1 
803 319 62 34 0.1035100519657135 4 -1 -1 
751 190 36 32 0.10317990183830261 6 -1 -1 
454 333 67 24 0.10152953118085861 5 -1 -1 
794 194 38 20 0.10141110420227051 4 -1 -1 
224 661 35 63 0.10007254034280777 1 -1 -1 
651 721 60 42 0.09817462414503098 6 -1 -1 
454 333 67 24 0.09742215275764465 1 -1 -1 
730 153 22 29 0.09726539254188538 6 -1 -1 
352 470 79 101 0.09624600410461426 2 -1 -1 
749 186 73 39 0.09563533216714859 6 -1 -1 
499 263 42 27 0.09520310163497925 5 -1 -1 
785 237 39 20 0.09456712007522583 4 -1 -1 
547 284 47 23 0.09407447278499603 1 -1 -1 
899 578 98 50 0.09394624829292297 4 -1 -1 
748 468 51 48 0.0934259444475174 5 -1 -1 
870 510 118 62 0.09220241755247116 4 -1 -1 
514 261 46 24 0.09206199645996094 4 -1 -1 
942 407 30 23 0.09009334444999695 10 -1 -1 
200 361 18 34 0.08845158666372299 2 -1 -1 
436 313 59 25 0.08791150152683258 1 -1 -1 
751 239 42 18 0.08761082589626312 1 -1 -1 
435 309 68 29 0.08449849486351013 6 -1 -1 
914 689 151 72 0.07292661815881729 9 -1 -1 
490 257 72 36 0.07228916138410568 9 -1 -1 
887 567 140 76 0.0720323845744133 5 -1 -1 
490 257 72 36 0.06930418312549591 4 -1 -1 
454 331 68 26 0.06849757581949234 9 -1 -1 
912 701 155 62 0.06836958974599838 5 -1 -1 
435 309 68 29 0.06638917326927185 9 -1 -1 
887 567 140 76 0.06128368526697159 4 -1 -1 
751 186 75 36 0.058820560574531555 5 -1 -1 
751 186 75 36 0.056309401988983154 4 -1 -1 
751 186 75 36 0.054216574877500534 9 -1 -1 
443 320 77 27 0.051749516278505325 4 -1 -1 
490 257 72 36 0.0517449751496315 5 -1 -1 
490 257 72 36 0.051471248269081116 6 -1 -1 
863 524 126 60 0.050605788826942444 6 -1 -1 
