768 437 34 39 0.9548770189285278 5 -1 -1 
1078 563 62 30 0.9439115524291992 7 -1 -1 
399 526 77 51 0.9402158856391907 4 -1 -1 
847 624 63 61 0.9383580088615417 4 -1 -1 
357 503 93 35 0.9334278702735901 4 -1 -1 
305 482 92 35 0.9305748343467712 4 -1 -1 
425 465 38 38 0.9141508936882019 8 -1 -1 
461 400 36 33 0.9021993279457092 4 -1 -1 
241 639 90 76 0.8826326727867126 4 -1 -1 
359 607 14 44 0.8771532773971558 1 -1 -1 
692 391 28 27 0.8581671714782715 4 -1 -1 
364 425 66 25 0.8380788564682007 4 -1 -1 
846 469 45 34 0.8281455636024475 4 -1 -1 
830 458 10 30 0.8031759858131409 1 -1 -1 
879 484 45 33 0.7959400415420532 4 -1 -1 
759 421 32 27 0.7787607312202454 4 -1 -1 
687 302 33 13 0.7746782898902893 4 -1 -1 
271 448 76 33 0.765596866607666 4 -1 -1 
729 358 6 19 0.7577832937240601 1 -1 -1 
370 609 13 41 0.7555298805236816 1 -1 -1 
743 392 22 26 0.7465275526046753 7 -1 -1 
799 684 20 42 0.7371255159378052 10 -1 -1 
532 325 20 19 0.7338584661483765 4 -1 -1 
799 674 21 37 0.7279572486877441 2 -1 -1 
300 532 12 32 0.7228426933288574 1 -1 -1 
757 463 10 28 0.72165447473526 1 -1 -1 
484 379 29 23 0.7182998657226562 4 -1 -1 
802 468 9 24 0.7106513977050781 1 -1 -1 
677 279 23 12 0.7059094905853271 4 -1 -1 
325 521 12 33 0.6996915340423584 1 -1 -1 
555 313 6 14 0.67849200963974 1 -1 -1 
814 465 10 27 0.6751821637153625 1 -1 -1 
559 302 31 12 0.6730682849884033 4 -1 -1 
437 420 36 40 0.671988308429718 5 -1 -1 
491 273 21 12 0.6673398613929749 4 -1 -1 
543 353 7 18 0.6594247817993164 1 -1 -1 
763 285 26 12 0.6413938999176025 5 -1 -1 
734 358 6 17 0.6355329751968384 1 -1 -1 
774 284 25 10 0.6134956479072571 4 -1 -1 
415 449 41 38 0.5990242958068848 4 -1 -1 
817 450 10 27 0.5885672569274902 1 -1 -1 
511 350 31 22 0.5689470171928406 8 -1 -1 
518 343 21 18 0.5682917833328247 4 -1 -1 
1112 559 14 25 0.5551241040229797 2 -1 -1 
737 370 26 19 0.5509262084960938 4 -1 -1 
714 285 28 11 0.5499714016914368 4 -1 -1 
678 267 5 11 0.542762815952301 1 -1 -1 
749 353 7 15 0.5422607064247131 1 -1 -1 
474 269 22 16 0.5288731455802917 5 -1 -1 
530 321 15 15 0.5279436707496643 4 -1 -1 
561 345 7 11 0.5174869894981384 2 -1 -1 
566 273 21 12 0.5015629529953003 4 -1 -1 
285 512 31 43 0.4967266321182251 8 -1 -1 
520 341 16 15 0.4760035574436188 4 -1 -1 
762 285 27 13 0.4657589793205261 4 -1 -1 
548 318 7 13 0.4636957347393036 1 -1 -1 
736 347 7 14 0.46215423941612244 2 -1 -1 
166 725 86 38 0.4589676558971405 4 -1 -1 
1093 560 39 31 0.4547228515148163 7 -1 -1 
323 526 10 27 0.4524458348751068 1 -1 -1 
791 309 31 16 0.42826980352401733 5 -1 -1 
436 421 39 39 0.4250008761882782 4 -1 -1 
503 369 12 14 0.4199867248535156 10 -1 -1 
735 366 28 23 0.41798317432403564 5 -1 -1 
364 607 17 43 0.4154455363750458 1 -1 -1 
844 378 7 17 0.4106377959251404 1 -1 -1 
797 288 22 13 0.40958791971206665 4 -1 -1 
511 350 31 22 0.40748652815818787 7 -1 -1 
97 496 96 67 0.4043835401535034 6 -1 -1 
768 385 8 21 0.4030454754829407 1 -1 -1 
399 411 9 19 0.4012323021888733 1 -1 -1 
512 275 13 9 0.3993086814880371 4 -1 -1 
736 347 7 16 0.3959682583808899 1 -1 -1 
374 420 19 14 0.3939807415008545 10 -1 -1 
316 539 9 22 0.39081117510795593 1 -1 -1 
520 327 15 10 0.38965824246406555 10 -1 -1 
796 284 21 11 0.38965702056884766 4 -1 -1 
398 411 10 19 0.3885994553565979 2 -1 -1 
561 347 7 14 0.3881668448448181 10 -1 -1 
540 354 7 16 0.3855654299259186 1 -1 -1 
678 267 5 9 0.38426053524017334 2 -1 -1 
305 519 10 30 0.3836504817008972 1 -1 -1 
415 448 41 39 0.37913230061531067 5 -1 -1 
425 465 38 37 0.3750578761100769 5 -1 -1 
768 408 15 15 0.37235015630722046 10 -1 -1 
506 369 9 15 0.3708788752555847 1 -1 -1 
561 347 7 14 0.37062594294548035 3 -1 -1 
511 354 8 18 0.36742332577705383 1 -1 -1 
1093 560 39 31 0.3658646047115326 2 -1 -1 
548 318 7 13 0.3602166175842285 2 -1 -1 
736 352 7 12 0.3571854829788208 10 -1 -1 
669 268 5 10 0.355122834444046 1 -1 -1 
787 306 30 16 0.35116735100746155 5 -1 -1 
506 369 9 13 0.3488712012767792 2 -1 -1 
436 434 31 26 0.34791696071624756 4 -1 -1 
474 268 21 17 0.34662163257598877 4 -1 -1 
832 419 9 17 0.34528306126594543 2 -1 -1 
514 273 20 11 0.3414694368839264 4 -1 -1 
539 354 6 15 0.34085577726364136 1 -1 -1 
462 299 30 16 0.3403087258338928 4 -1 -1 
771 406 10 16 0.33968064188957214 2 -1 -1 
552 314 8 14 0.3354375660419464 1 -1 -1 
425 465 38 38 0.33316320180892944 4 -1 -1 
790 404 10 12 0.33168306946754456 2 -1 -1 
519 344 20 16 0.33087146282196045 5 -1 -1 
564 272 5 10 0.32880035042762756 1 -1 -1 
287 540 17 18 0.3250618278980255 3 -1 -1 
743 391 22 27 0.3215585947036743 8 -1 -1 
41 469 92 39 0.3198060989379883 4 -1 -1 
700 283 23 11 0.3197581171989441 4 -1 -1 
498 368 16 12 0.3152232766151428 10 -1 -1 
425 465 38 38 0.3126753866672516 7 -1 -1 
678 268 5 9 0.3123728036880493 10 -1 -1 
1109 559 14 21 0.3061862885951996 2 -1 -1 
768 408 15 15 0.30569490790367126 3 -1 -1 
321 530 11 26 0.30193182826042175 3 -1 -1 
1078 563 62 30 0.2971127927303314 8 -1 -1 
1116 563 16 26 0.29565638303756714 2 -1 -1 
510 350 32 21 0.29162612557411194 6 -1 -1 
292 533 11 23 0.2895587980747223 2 -1 -1 
831 420 10 17 0.28867942094802856 1 -1 -1 
693 281 27 12 0.288482666015625 4 -1 -1 
768 284 27 12 0.28779923915863037 4 -1 -1 
547 318 8 14 0.286381334066391 10 -1 -1 
786 305 28 15 0.2847166061401367 4 -1 -1 
136 453 12 15 0.2844389081001282 10 -1 -1 
1111 559 13 29 0.2841794192790985 1 -1 -1 
398 412 10 20 0.2837653160095215 3 -1 -1 
421 429 9 16 0.28298309445381165 2 -1 -1 
479 365 7 17 0.2808528244495392 1 -1 -1 
770 406 12 17 0.2806979715824127 1 -1 -1 
730 358 7 16 0.2796977162361145 1 -1 -1 
380 439 9 18 0.27913329005241394 1 -1 -1 
669 267 5 10 0.27769339084625244 2 -1 -1 
736 347 7 15 0.2774495482444763 10 -1 -1 
768 407 8 17 0.2756896913051605 3 -1 -1 
453 299 29 14 0.27537381649017334 4 -1 -1 
749 353 6 13 0.2733078896999359 2 -1 -1 
520 327 15 10 0.273147851228714 7 -1 -1 
40 541 55 30 0.27310413122177124 4 -1 -1 
398 412 10 20 0.2730582058429718 10 -1 -1 
831 420 10 17 0.2725423574447632 10 -1 -1 
488 376 24 17 0.27237942814826965 4 -1 -1 
769 406 9 14 0.2718237340450287 2 -1 -1 
677 283 5 10 0.26905331015586853 1 -1 -1 
547 321 7 13 0.2681306004524231 1 -1 -1 
34 529 64 43 0.2595401406288147 4 -1 -1 
767 437 35 39 0.2543977200984955 4 -1 -1 
285 512 31 43 0.24834595620632172 7 -1 -1 
451 298 40 19 0.24439910054206848 4 -1 -1 
799 674 21 38 0.24328604340553284 1 -1 -1 
743 391 22 27 0.24018433690071106 6 -1 -1 
785 307 36 18 0.23172442615032196 4 -1 -1 
43 495 148 70 0.22751466929912567 6 -1 -1 
443 297 37 18 0.22505448758602142 4 -1 -1 
484 379 29 23 0.2246260643005371 6 -1 -1 
271 447 76 34 0.223774716258049 5 -1 -1 
791 307 40 23 0.21607907116413116 5 -1 -1 
713 283 40 14 0.21360890567302704 4 -1 -1 
799 684 20 42 0.21334201097488403 3 -1 -1 
318 520 18 35 0.20952998101711273 1 -1 -1 
356 503 94 35 0.20951879024505615 6 -1 -1 
165 725 87 38 0.2061033844947815 5 -1 -1 
511 350 30 22 0.20555545389652252 4 -1 -1 
34 529 64 43 0.20126008987426758 5 -1 -1 
510 350 32 21 0.1958533227443695 5 -1 -1 
779 307 41 20 0.19525183737277985 5 -1 -1 
48 469 83 37 0.19289520382881165 5 -1 -1 
274 514 42 45 0.1885223686695099 6 -1 -1 
461 299 42 19 0.18168729543685913 4 -1 -1 
796 283 31 18 0.18037284910678864 4 -1 -1 
241 639 90 76 0.17603445053100586 5 -1 -1 
295 532 21 32 0.1699320524930954 2 -1 -1 
289 520 26 42 0.16748769581317902 1 -1 -1 
753 284 35 15 0.15607312321662903 6 -1 -1 
783 303 36 17 0.15117603540420532 5 -1 -1 
274 511 39 37 0.15002751350402832 8 -1 -1 
377 512 74 25 0.1483452171087265 4 -1 -1 
316 532 17 32 0.14694461226463318 3 -1 -1 
94 491 150 77 0.14597779512405396 6 -1 -1 
775 305 41 18 0.14372245967388153 4 -1 -1 
764 304 34 18 0.14186915755271912 4 -1 -1 
829 457 16 32 0.14059829711914062 1 -1 -1 
42 513 111 51 0.14051778614521027 6 -1 -1 
790 307 38 22 0.14026811718940735 4 -1 -1 
294 518 24 36 0.13997289538383484 1 -1 -1 
799 673 21 38 0.13921771943569183 10 -1 -1 
97 496 96 67 0.13921456038951874 8 -1 -1 
274 511 39 37 0.13872690498828888 7 -1 -1 
279 514 57 45 0.13760842382907867 6 -1 -1 
274 514 55 46 0.13635431230068207 8 -1 -1 
38 521 69 43 0.13413909077644348 4 -1 -1 
714 282 44 15 0.1309984177350998 6 -1 -1 
305 482 92 35 0.1308741420507431 1 -1 -1 
750 284 37 16 0.13037912547588348 4 -1 -1 
18 514 76 54 0.1289176642894745 4 -1 -1 
763 424 40 29 0.12715482711791992 4 -1 -1 
284 514 31 43 0.12621061503887177 5 -1 -1 
961 687 40 63 0.12467550486326218 2 -1 -1 
317 530 16 33 0.1237931177020073 1 -1 -1 
1078 562 62 32 0.12306832522153854 6 -1 -1 
40 651 68 35 0.12271147966384888 4 -1 -1 
512 344 29 22 0.12117782980203629 4 -1 -1 
759 421 32 27 0.11870963871479034 5 -1 -1 
40 651 68 35 0.11721695214509964 5 -1 -1 
289 536 27 27 0.11709906905889511 3 -1 -1 
288 515 39 37 0.1170969232916832 1 -1 -1 
359 607 14 44 0.11628735810518265 4 -1 -1 
34 529 64 43 0.11576206237077713 6 -1 -1 
484 380 29 23 0.1135609820485115 5 -1 -1 
961 687 40 63 0.1126890629529953 1 -1 -1 
40 519 81 44 0.11203174293041229 6 -1 -1 
274 511 37 34 0.11194615066051483 6 -1 -1 
363 425 68 25 0.11157312244176865 5 -1 -1 
357 503 93 35 0.11086593568325043 1 -1 -1 
692 391 27 27 0.1103489026427269 5 -1 -1 
929 644 46 66 0.11010672897100449 4 -1 -1 
735 366 28 23 0.10853268951177597 6 -1 -1 
309 531 21 33 0.10852118581533432 1 -1 -1 
324 520 14 35 0.10662800818681717 2 -1 -1 
788 307 37 21 0.1060822382569313 6 -1 -1 
13 478 54 63 0.10579540580511093 4 -1 -1 
512 344 29 22 0.1056545227766037 8 -1 -1 
97 496 96 67 0.10526461899280548 5 -1 -1 
399 526 77 51 0.10506410151720047 1 -1 -1 
512 344 29 22 0.10506138950586319 6 -1 -1 
798 681 22 44 0.10495582967996597 1 -1 -1 
356 503 94 35 0.1048474833369255 7 -1 -1 
274 514 55 46 0.10467421263456345 7 -1 -1 
814 447 15 34 0.10429076105356216 1 -1 -1 
798 286 33 20 0.10416486114263535 4 -1 -1 
301 519 28 35 0.10143622756004333 1 -1 -1 
815 456 15 35 0.10121042281389236 1 -1 -1 
511 337 30 22 0.1009078174829483 4 -1 -1 
847 625 62 60 0.10024407505989075 1 -1 -1 
38 521 69 43 0.10004319995641708 5 -1 -1 
768 437 34 39 0.09926305711269379 8 -1 -1 
288 514 43 35 0.09889309108257294 7 -1 -1 
721 277 36 17 0.09816479682922363 6 -1 -1 
846 625 63 61 0.09816434234380722 5 -1 -1 
558 300 33 14 0.09774968028068542 6 -1 -1 
767 304 37 18 0.09749540686607361 5 -1 -1 
399 525 78 51 0.09701697528362274 5 -1 -1 
12 509 68 47 0.09663569182157516 4 -1 -1 
799 684 21 42 0.0961715430021286 4 -1 -1 
285 512 31 43 0.09580687433481216 4 -1 -1 
27 472 105 51 0.0938996821641922 4 -1 -1 
32 470 100 43 0.09371596574783325 6 -1 -1 
274 514 55 46 0.0699969157576561 5 -1 -1 
30 495 156 74 0.05554119497537613 5 -1 -1 
96 494 149 76 0.05507304519414902 9 -1 -1 
283 514 54 46 0.05318286269903183 9 -1 -1 
