441 97 34 44 0.993492066860199 6 -1 -1 
1081 277 93 36 0.9310108423233032 4 -1 -1 
86 185 81 38 0.9307464957237244 5 -1 -1 
37 312 118 41 0.9290334582328796 4 -1 -1 
13 566 194 95 0.9178678393363953 4 -1 -1 
522 555 31 54 0.9126681685447693 1 -1 -1 
9 523 174 81 0.9096063375473022 4 -1 -1 
438 130 24 33 0.9005391001701355 5 -1 -1 
1213 245 89 35 0.8807666301727295 4 -1 -1 
949 262 99 42 0.8741539120674133 4 -1 -1 
837 43 46 20 0.8600172400474548 6 -1 -1 
743 220 42 34 0.8486390113830566 4 -1 -1 
1008 175 70 26 0.8426578044891357 4 -1 -1 
26 467 154 78 0.8383616209030151 4 -1 -1 
457 77 21 20 0.8262115716934204 4 -1 -1 
6 341 43 26 0.8218076229095459 10 -1 -1 
1134 193 12 27 0.8139517307281494 1 -1 -1 
1171 197 81 28 0.8117730617523193 4 -1 -1 
1301 521 35 45 0.7829050421714783 10 -1 -1 
404 239 10 29 0.7785265445709229 1 -1 -1 
413 241 10 30 0.7766996622085571 1 -1 -1 
1009 321 19 38 0.773823618888855 1 -1 -1 
12 539 184 103 0.7734782695770264 4 -1 -1 
1226 295 16 32 0.7693593502044678 1 -1 -1 
98 284 77 39 0.7673708200454712 4 -1 -1 
623 73 20 18 0.7511761784553528 4 -1 -1 
1310 514 26 38 0.7483872175216675 2 -1 -1 
400 222 13 31 0.7400875091552734 1 -1 -1 
248 589 69 122 0.7375035285949707 7 -1 -1 
142 429 103 60 0.735846757888794 4 -1 -1 
11 437 125 75 0.7340951561927795 4 -1 -1 
1215 295 18 32 0.7250000238418579 1 -1 -1 
1091 226 27 20 0.7196640372276306 10 -1 -1 
457 511 23 47 0.7160047888755798 2 -1 -1 
899 222 12 23 0.7147035002708435 2 -1 -1 
723 357 94 72 0.707272469997406 5 -1 -1 
908 173 10 25 0.7033578157424927 1 -1 -1 
879 86 23 17 0.7023232579231262 4 -1 -1 
831 138 27 22 0.7012044787406921 4 -1 -1 
906 84 27 21 0.7007312178611755 4 -1 -1 
854 61 41 15 0.6894711852073669 4 -1 -1 
874 143 51 26 0.6843827366828918 4 -1 -1 
2 695 196 68 0.6839233040809631 4 -1 -1 
928 157 34 25 0.6778720021247864 4 -1 -1 
560 22 14 14 0.6750218868255615 4 -1 -1 
867 73 43 16 0.6728079915046692 4 -1 -1 
12 330 22 32 0.6724438071250916 2 -1 -1 
7 195 71 29 0.6662798523902893 4 -1 -1 
579 78 20 19 0.6649428009986877 4 -1 -1 
1188 265 14 28 0.654917299747467 1 -1 -1 
300 431 24 38 0.6521493792533875 2 -1 -1 
461 55 17 21 0.650429368019104 5 -1 -1 
616 174 12 32 0.6479445695877075 1 -1 -1 
478 13 15 12 0.6466012001037598 4 -1 -1 
458 529 22 42 0.6425777077674866 10 -1 -1 
1100 219 13 22 0.6395809650421143 2 -1 -1 
1060 242 13 33 0.6387900710105896 1 -1 -1 
831 55 37 14 0.635702908039093 4 -1 -1 
435 106 6 16 0.6318413615226746 1 -1 -1 
599 300 16 30 0.630454957485199 2 -1 -1 
300 450 33 27 0.630221426486969 10 -1 -1 
60 164 10 28 0.6299411058425903 1 -1 -1 
898 230 12 22 0.62758469581604 10 -1 -1 
611 59 17 15 0.6259881258010864 4 -1 -1 
787 113 28 21 0.622081995010376 4 -1 -1 
1021 322 10 37 0.6166261434555054 1 -1 -1 
1094 182 19 14 0.6158527731895447 10 -1 -1 
1201 160 12 28 0.6144569516181946 1 -1 -1 
1243 189 56 27 0.6008058786392212 7 -1 -1 
1185 267 10 26 0.5978043079376221 1 -1 -1 
420 249 9 23 0.5895001888275146 3 -1 -1 
1124 174 14 15 0.585111677646637 10 -1 -1 
800 89 37 18 0.5829535126686096 4 -1 -1 
1113 252 13 29 0.5724472999572754 1 -1 -1 
811 127 21 21 0.5692858695983887 4 -1 -1 
1087 257 12 26 0.5605555176734924 2 -1 -1 
1103 176 18 13 0.5544716119766235 10 -1 -1 
1043 248 11 28 0.553734540939331 1 -1 -1 
861 97 55 40 0.5488036870956421 6 -1 -1 
251 633 44 56 0.5469380617141724 2 -1 -1 
69 180 13 19 0.5422092080116272 2 -1 -1 
1192 264 10 26 0.5355852842330933 1 -1 -1 
106 157 73 36 0.5249797701835632 4 -1 -1 
245 587 72 124 0.5205533504486084 8 -1 -1 
723 357 94 71 0.5079526901245117 4 -1 -1 
458 528 22 43 0.5068193078041077 3 -1 -1 
290 457 23 44 0.4984205365180969 2 -1 -1 
1126 255 10 26 0.4887133240699768 1 -1 -1 
201 277 7 25 0.4867803454399109 1 -1 -1 
1029 260 20 21 0.4853686988353729 10 -1 -1 
0 282 70 42 0.4852410852909088 4 -1 -1 
1133 136 9 22 0.48391038179397583 1 -1 -1 
8 333 35 32 0.4825577437877655 2 -1 -1 
1111 146 8 20 0.48050376772880554 1 -1 -1 
288 476 31 35 0.475521057844162 3 -1 -1 
777 100 26 20 0.4747844636440277 4 -1 -1 
289 472 31 39 0.4701608419418335 10 -1 -1 
10 331 17 29 0.4592601954936981 2 -1 -1 
1155 178 14 22 0.45822781324386597 10 -1 -1 
1339 179 12 17 0.4545997381210327 2 -1 -1 
843 63 7 17 0.4485795497894287 1 -1 -1 
536 21 14 14 0.43848952651023865 4 -1 -1 
1238 185 61 31 0.43830275535583496 6 -1 -1 
1075 268 29 19 0.436180055141449 10 -1 -1 
600 312 15 23 0.4330447316169739 10 -1 -1 
622 47 31 14 0.4284675419330597 4 -1 -1 
1037 248 13 29 0.4238152801990509 1 -1 -1 
898 231 12 22 0.4211074113845825 3 -1 -1 
1141 175 10 17 0.4181649386882782 10 -1 -1 
290 457 20 43 0.4167719781398773 1 -1 -1 
1090 183 13 15 0.4066050350666046 10 -1 -1 
1155 177 24 21 0.4022369682788849 10 -1 -1 
1206 180 32 16 0.399090439081192 10 -1 -1 
1142 161 9 14 0.3973368704319 3 -1 -1 
1035 248 12 28 0.39696452021598816 2 -1 -1 
299 439 30 36 0.3945938050746918 2 -1 -1 
1162 174 24 22 0.38980841636657715 3 -1 -1 
984 166 33 27 0.38779017329216003 7 -1 -1 
860 96 35 39 0.3873170018196106 6 -1 -1 
1040 153 6 13 0.38395047187805176 2 -1 -1 
1096 222 20 22 0.3836095631122589 2 -1 -1 
1185 267 11 24 0.3804076910018921 2 -1 -1 
299 439 30 36 0.37521836161613464 10 -1 -1 
1324 246 35 29 0.37170377373695374 4 -1 -1 
420 247 10 24 0.3654040992259979 10 -1 -1 
461 130 9 23 0.36526554822921753 1 -1 -1 
461 55 17 21 0.36199548840522766 4 -1 -1 
1032 252 16 27 0.36188045144081116 10 -1 -1 
1086 257 13 27 0.36187097430229187 1 -1 -1 
1095 161 15 12 0.36054980754852295 10 -1 -1 
804 119 23 18 0.36048081517219543 4 -1 -1 
1118 157 8 16 0.3543935716152191 1 -1 -1 
1039 158 7 14 0.35136309266090393 2 -1 -1 
415 242 12 30 0.3487084209918976 1 -1 -1 
1030 254 17 25 0.3480076491832733 2 -1 -1 
1040 165 8 11 0.3466207981109619 10 -1 -1 
865 68 40 17 0.3464311361312866 4 -1 -1 
911 173 9 27 0.3438647389411926 1 -1 -1 
1038 248 15 29 0.3417908251285553 2 -1 -1 
211 139 53 26 0.34001749753952026 4 -1 -1 
874 143 51 26 0.3398190438747406 5 -1 -1 
1038 165 8 11 0.3390255570411682 10 -1 -1 
1159 178 31 21 0.33588868379592896 3 -1 -1 
800 89 37 18 0.33530327677726746 5 -1 -1 
1142 175 9 15 0.3345976173877716 2 -1 -1 
1141 153 7 16 0.3342018127441406 2 -1 -1 
921 149 9 23 0.33284154534339905 1 -1 -1 
1141 153 7 16 0.3315393626689911 1 -1 -1 
1242 188 57 28 0.32725125551223755 8 -1 -1 
1160 113 7 19 0.3236163556575775 1 -1 -1 
928 157 34 25 0.320519357919693 5 -1 -1 
1328 193 29 31 0.2811940610408783 4 -1 -1 
798 84 39 19 0.27118629217147827 4 -1 -1 
928 157 34 25 0.2439669966697693 6 -1 -1 
830 51 47 17 0.24128299951553345 6 -1 -1 
441 97 34 44 0.23928900063037872 10 -1 -1 
598 310 18 34 0.23887832462787628 10 -1 -1 
525 1 26 35 0.23477168381214142 6 -1 -1 
442 97 33 45 0.23445862531661987 5 -1 -1 
1199 153 16 37 0.23146571218967438 1 -1 -1 
863 98 57 40 0.2298789918422699 8 -1 -1 
98 284 77 39 0.22980497777462006 5 -1 -1 
984 166 33 27 0.22936511039733887 8 -1 -1 
238 581 71 92 0.2206249237060547 7 -1 -1 
831 49 48 18 0.21285001933574677 4 -1 -1 
786 112 33 23 0.21171501278877258 5 -1 -1 
599 299 17 35 0.21145346760749817 1 -1 -1 
861 98 55 40 0.2089221328496933 5 -1 -1 
852 56 39 17 0.20824724435806274 4 -1 -1 
441 97 34 44 0.20007789134979248 4 -1 -1 
9 436 130 76 0.19956925511360168 5 -1 -1 
771 92 31 29 0.197801873087883 4 -1 -1 
817 110 29 28 0.1973951905965805 4 -1 -1 
106 157 73 36 0.19436584413051605 5 -1 -1 
441 97 34 44 0.19296574592590332 9 -1 -1 
798 77 40 19 0.19257479906082153 4 -1 -1 
882 96 36 38 0.1922987401485443 6 -1 -1 
816 110 31 29 0.19096378982067108 5 -1 -1 
441 97 34 44 0.189620703458786 2 -1 -1 
438 130 24 33 0.18834306299686432 6 -1 -1 
872 90 42 40 0.1829649806022644 6 -1 -1 
86 185 80 38 0.1772526651620865 4 -1 -1 
868 72 41 17 0.1756090223789215 5 -1 -1 
817 110 29 28 0.17442631721496582 6 -1 -1 
441 97 34 44 0.1732434630393982 7 -1 -1 
4 695 195 66 0.17264345288276672 5 -1 -1 
805 120 29 27 0.17000582814216614 4 -1 -1 
4 194 73 31 0.1697937697172165 5 -1 -1 
31 467 149 79 0.16747763752937317 5 -1 -1 
778 91 34 26 0.16711178421974182 4 -1 -1 
801 73 39 19 0.16627825796604156 4 -1 -1 
1214 245 87 34 0.1627826690673828 5 -1 -1 
765 88 33 27 0.161479189991951 4 -1 -1 
438 130 24 33 0.15883959829807281 4 -1 -1 
437 130 25 33 0.15835672616958618 9 -1 -1 
88 165 87 35 0.15798117220401764 4 -1 -1 
802 67 39 19 0.1542746126651764 4 -1 -1 
1047 166 46 14 0.1530148983001709 4 -1 -1 
245 610 64 99 0.15240074694156647 2 -1 -1 
772 87 36 26 0.1516013890504837 4 -1 -1 
853 61 42 15 0.15146318078041077 5 -1 -1 
793 112 33 24 0.15142206847667694 4 -1 -1 
810 121 31 28 0.15104423463344574 4 -1 -1 
881 93 36 24 0.15068046748638153 6 -1 -1 
441 97 34 44 0.14679937064647675 3 -1 -1 
782 106 30 26 0.1466139554977417 4 -1 -1 
248 589 69 122 0.14536063373088837 3 -1 -1 
441 97 34 44 0.14362876117229462 8 -1 -1 
949 263 99 41 0.14241842925548553 5 -1 -1 
980 162 33 27 0.1402122676372528 8 -1 -1 
860 94 35 42 0.13781262934207916 5 -1 -1 
798 84 39 19 0.13506925106048584 5 -1 -1 
882 102 40 36 0.13401278853416443 8 -1 -1 
877 85 31 26 0.13358376920223236 4 -1 -1 
879 91 37 26 0.13314054906368256 4 -1 -1 
1328 192 30 32 0.1327146589756012 5 -1 -1 
925 152 39 24 0.13227178156375885 9 -1 -1 
882 97 37 39 0.131962850689888 5 -1 -1 
782 97 32 25 0.130265474319458 4 -1 -1 
613 175 16 39 0.12928873300552368 1 -1 -1 
1016 319 18 39 0.12894152104854584 1 -1 -1 
1217 296 24 36 0.1285407543182373 1 -1 -1 
9 522 181 85 0.1284782439470291 1 -1 -1 
934 152 49 21 0.1276763528585434 9 -1 -1 
242 584 78 128 0.12745311856269836 9 -1 -1 
247 596 70 114 0.12677417695522308 10 -1 -1 
703 251 48 58 0.12591730058193207 4 -1 -1 
13 566 193 95 0.12519490718841553 5 -1 -1 
441 97 34 44 0.12516261637210846 1 -1 -1 
1008 175 70 26 0.12473654001951218 5 -1 -1 
1073 271 30 26 0.12453977763652802 10 -1 -1 
925 152 39 24 0.12358876317739487 5 -1 -1 
87 185 79 38 0.12305548787117004 6 -1 -1 
12 566 195 94 0.1221034973859787 1 -1 -1 
786 113 34 22 0.1217242181301117 6 -1 -1 
887 97 33 24 0.12160894274711609 6 -1 -1 
784 85 39 20 0.12097076326608658 4 -1 -1 
875 96 43 39 0.12095578759908676 4 -1 -1 
859 102 26 34 0.12012501060962677 6 -1 -1 
11 522 173 81 0.11797425895929337 5 -1 -1 
865 68 40 17 0.11623582988977432 5 -1 -1 
12 539 184 103 0.11531814187765121 5 -1 -1 
1008 173 71 29 0.10247577726840973 9 -1 -1 
242 584 78 128 0.08920690417289734 6 -1 -1 
860 98 62 41 0.07430493086576462 9 -1 -1 
862 100 72 48 0.06406644731760025 6 -1 -1 
861 83 71 54 0.05414446443319321 6 -1 -1 
859 98 65 43 0.05236327648162842 4 -1 -1 
