367 334 36 34 0.926891565322876 4 -1 -1 
241 351 46 28 0.9237679839134216 8 -1 -1 
77 457 69 65 0.9187001585960388 8 -1 -1 
286 342 27 32 0.9066410064697266 8 -1 -1 
485 263 15 15 0.8594341278076172 4 -1 -1 
217 369 72 34 0.8520727157592773 4 -1 -1 
413 394 53 48 0.8221956491470337 4 -1 -1 
832 336 63 30 0.8165459036827087 5 -1 -1 
379 264 15 14 0.8152662515640259 4 -1 -1 
547 311 23 20 0.8104071021080017 4 -1 -1 
140 367 10 25 0.7849417924880981 1 -1 -1 
382 254 15 14 0.7760033011436462 4 -1 -1 
207 272 35 28 0.7640312910079956 9 -1 -1 
415 234 12 9 0.7556096315383911 4 -1 -1 
174 329 19 17 0.7399681806564331 10 -1 -1 
201 292 22 20 0.7395273447036743 4 -1 -1 
136 471 50 66 0.7378079295158386 8 -1 -1 
546 409 15 29 0.7321048974990845 2 -1 -1 
521 312 8 15 0.7261729836463928 2 -1 -1 
430 330 8 16 0.725332498550415 2 -1 -1 
323 321 32 26 0.7215319275856018 4 -1 -1 
518 336 9 19 0.7068532109260559 2 -1 -1 
814 331 56 24 0.6976068615913391 4 -1 -1 
546 417 15 28 0.6896214485168457 10 -1 -1 
848 351 64 25 0.6873512864112854 4 -1 -1 
521 318 8 14 0.6742783784866333 10 -1 -1 
223 306 23 15 0.6736340522766113 10 -1 -1 
538 285 6 15 0.669357180595398 1 -1 -1 
445 240 12 10 0.6670575737953186 4 -1 -1 
347 298 22 22 0.6663281917572021 4 -1 -1 
504 294 7 15 0.6610571146011353 2 -1 -1 
430 335 8 18 0.6529070138931274 10 -1 -1 
422 228 9 9 0.6456167101860046 4 -1 -1 
385 242 13 13 0.6386290192604065 4 -1 -1 
525 301 7 14 0.63734370470047 2 -1 -1 
760 317 54 21 0.6356462240219116 4 -1 -1 
301 332 22 28 0.6343689560890198 4 -1 -1 
393 298 8 13 0.6254323124885559 2 -1 -1 
384 313 9 18 0.6200937032699585 10 -1 -1 
466 295 7 13 0.615583598613739 2 -1 -1 
244 323 26 29 0.6024847626686096 8 -1 -1 
333 309 27 22 0.6020865440368652 4 -1 -1 
440 234 11 10 0.5915383696556091 4 -1 -1 
393 304 7 13 0.5833843946456909 10 -1 -1 
395 217 9 8 0.5790682435035706 4 -1 -1 
399 284 7 12 0.5744984149932861 2 -1 -1 
430 225 10 9 0.5706952214241028 4 -1 -1 
466 300 7 13 0.570107638835907 10 -1 -1 
518 342 9 18 0.5684703588485718 10 -1 -1 
404 235 10 10 0.564662754535675 4 -1 -1 
409 270 7 12 0.5564536452293396 2 -1 -1 
356 317 16 15 0.5534809827804565 10 -1 -1 
413 221 9 8 0.5517619848251343 4 -1 -1 
185 313 20 14 0.549953043460846 10 -1 -1 
364 312 9 16 0.5476842522621155 2 -1 -1 
384 310 9 15 0.5358518362045288 2 -1 -1 
207 260 27 12 0.5264567136764526 4 -1 -1 
447 228 9 11 0.5239877104759216 4 -1 -1 
193 311 20 14 0.5224173069000244 10 -1 -1 
487 251 6 10 0.5145880579948425 2 -1 -1 
410 265 7 14 0.5126437544822693 2 -1 -1 
399 230 11 7 0.508884847164154 4 -1 -1 
504 300 7 12 0.5062598586082458 10 -1 -1 
30 479 70 61 0.5022806525230408 8 -1 -1 
443 238 13 10 0.5008458495140076 4 -1 -1 
395 229 11 7 0.5006329417228699 4 -1 -1 
322 279 28 27 0.48879921436309814 4 -1 -1 
398 272 6 11 0.48625653982162476 10 -1 -1 
632 441 21 41 0.48461857438087463 1 -1 -1 
246 217 15 19 0.4812333285808563 8 -1 -1 
524 306 9 13 0.4791448712348938 10 -1 -1 
398 267 7 11 0.47882992029190063 2 -1 -1 
409 273 7 12 0.47645822167396545 10 -1 -1 
418 231 12 7 0.4712497889995575 4 -1 -1 
398 270 6 11 0.4678458571434021 2 -1 -1 
760 276 55 29 0.4676184356212616 6 -1 -1 
399 288 6 11 0.45826026797294617 10 -1 -1 
399 287 6 12 0.4561139941215515 3 -1 -1 
486 254 7 10 0.45358341932296753 10 -1 -1 
461 236 7 9 0.4494617283344269 7 -1 -1 
501 258 6 13 0.4478951096534729 1 -1 -1 
502 259 5 11 0.44655922055244446 2 -1 -1 
444 222 10 8 0.4392169415950775 4 -1 -1 
854 355 70 29 0.4313617944717407 4 -1 -1 
368 244 10 10 0.4290984272956848 4 -1 -1 
504 299 7 13 0.4270085096359253 3 -1 -1 
263 299 11 14 0.42011696100234985 10 -1 -1 
115 459 30 65 0.4141577482223511 8 -1 -1 
553 297 12 11 0.4135725498199463 10 -1 -1 
518 342 9 18 0.4135437607765198 3 -1 -1 
404 235 10 9 0.41217145323753357 5 -1 -1 
857 363 60 25 0.4095294177532196 4 -1 -1 
442 232 12 10 0.40720677375793457 4 -1 -1 
501 260 6 11 0.4008968472480774 10 -1 -1 
486 237 10 9 0.4002072513103485 4 -1 -1 
565 298 16 14 0.3981465995311737 7 -1 -1 
402 247 5 8 0.3980669379234314 10 -1 -1 
264 299 10 13 0.3938945233821869 2 -1 -1 
631 442 22 39 0.392465740442276 10 -1 -1 
226 301 24 19 0.3918258249759674 10 -1 -1 
486 253 8 10 0.3898998498916626 2 -1 -1 
412 223 10 9 0.3830607831478119 4 -1 -1 
446 226 10 11 0.38120707869529724 4 -1 -1 
413 226 10 8 0.3778262138366699 4 -1 -1 
843 347 57 24 0.37689709663391113 4 -1 -1 
461 237 7 9 0.376512348651886 10 -1 -1 
401 231 11 9 0.3757242262363434 4 -1 -1 
418 227 12 9 0.3750702738761902 4 -1 -1 
408 217 7 6 0.37319523096084595 4 -1 -1 
356 317 17 15 0.3725302815437317 7 -1 -1 
525 306 8 13 0.36268484592437744 3 -1 -1 
635 450 20 32 0.3605506718158722 3 -1 -1 
364 312 9 16 0.3588102459907532 1 -1 -1 
556 292 9 13 0.3558671772480011 2 -1 -1 
462 234 6 9 0.35545584559440613 2 -1 -1 
393 301 8 15 0.3539571166038513 2 -1 -1 
394 231 9 7 0.35203084349632263 4 -1 -1 
409 274 6 10 0.35167428851127625 3 -1 -1 
426 227 8 9 0.3504864275455475 4 -1 -1 
411 219 9 7 0.34960639476776123 4 -1 -1 
632 440 22 41 0.34622102975845337 2 -1 -1 
507 255 6 13 0.3459523022174835 1 -1 -1 
505 255 6 14 0.34161752462387085 1 -1 -1 
504 255 6 12 0.34155112504959106 2 -1 -1 
416 229 11 9 0.3402842879295349 4 -1 -1 
556 292 9 13 0.3397556245326996 10 -1 -1 
756 302 44 19 0.33934125304222107 4 -1 -1 
507 255 5 13 0.3390762209892273 2 -1 -1 
402 229 10 6 0.33384206891059875 4 -1 -1 
747 311 59 25 0.3327968120574951 4 -1 -1 
462 236 6 9 0.3312300145626068 8 -1 -1 
411 227 10 7 0.3291327953338623 4 -1 -1 
757 296 44 19 0.3283924460411072 4 -1 -1 
423 221 10 8 0.3259490728378296 4 -1 -1 
422 225 10 8 0.3255468010902405 4 -1 -1 
359 314 14 17 0.32527998089790344 2 -1 -1 
863 290 25 19 0.3238840103149414 7 -1 -1 
521 268 6 10 0.32302308082580566 10 -1 -1 
301 332 22 27 0.3200701177120209 5 -1 -1 
430 336 8 17 0.31974419951438904 3 -1 -1 
521 313 7 16 0.3193530738353729 10 -1 -1 
805 279 26 22 0.3190484046936035 5 -1 -1 
44 461 96 71 0.3145298361778259 8 -1 -1 
442 227 11 12 0.31451958417892456 4 -1 -1 
805 279 26 23 0.3130878806114197 4 -1 -1 
850 316 7 13 0.3125450909137726 2 -1 -1 
402 246 5 8 0.3111288547515869 2 -1 -1 
277 293 10 18 0.3109111189842224 2 -1 -1 
466 299 7 13 0.30802661180496216 2 -1 -1 
522 267 5 9 0.30706071853637695 2 -1 -1 
448 227 10 9 0.30619654059410095 4 -1 -1 
223 306 24 15 0.3052768409252167 7 -1 -1 
430 225 10 9 0.305271178483963 5 -1 -1 
393 244 8 11 0.3040740489959717 7 -1 -1 
539 285 8 15 0.3034992516040802 1 -1 -1 
136 472 50 65 0.30235129594802856 6 -1 -1 
409 227 7 7 0.3000273108482361 4 -1 -1 
750 306 45 19 0.29823532700538635 4 -1 -1 
31 479 70 60 0.29401716589927673 5 -1 -1 
544 288 9 13 0.2924499809741974 10 -1 -1 
430 225 10 9 0.29198557138442993 6 -1 -1 
245 217 16 19 0.29017892479896545 7 -1 -1 
241 351 46 28 0.28246545791625977 5 -1 -1 
207 274 37 26 0.2823859453201294 6 -1 -1 
286 342 27 32 0.2687845230102539 5 -1 -1 
245 349 57 27 0.2663394510746002 8 -1 -1 
31 480 69 59 0.25057849287986755 4 -1 -1 
241 351 46 28 0.23671089112758636 7 -1 -1 
245 322 39 32 0.2316489815711975 8 -1 -1 
78 458 68 64 0.2309526652097702 7 -1 -1 
77 457 69 65 0.22687600553035736 5 -1 -1 
245 346 47 24 0.22656844556331635 8 -1 -1 
286 342 27 31 0.22499606013298035 7 -1 -1 
244 322 31 31 0.2206817865371704 6 -1 -1 
244 322 29 32 0.2149239182472229 7 -1 -1 
31 479 70 60 0.20830394327640533 6 -1 -1 
77 458 69 64 0.20328909158706665 4 -1 -1 
216 369 73 34 0.19851383566856384 6 -1 -1 
31 479 69 60 0.19832955300807953 7 -1 -1 
241 351 46 28 0.1923050582408905 4 -1 -1 
244 322 30 31 0.19114840030670166 5 -1 -1 
286 342 27 32 0.17977674305438995 4 -1 -1 
207 274 37 26 0.17583028972148895 5 -1 -1 
135 472 52 65 0.17447181046009064 7 -1 -1 
320 279 32 28 0.1734236478805542 5 -1 -1 
216 368 74 35 0.16829529404640198 5 -1 -1 
136 470 51 66 0.16554242372512817 5 -1 -1 
246 336 44 29 0.1623532474040985 8 -1 -1 
286 342 27 31 0.15752001106739044 6 -1 -1 
337 300 32 29 0.1566130816936493 4 -1 -1 
327 310 32 28 0.1509605050086975 4 -1 -1 
855 362 77 38 0.14697317779064178 4 -1 -1 
207 274 37 26 0.1459478735923767 4 -1 -1 
737 309 79 34 0.14223462343215942 4 -1 -1 
839 288 48 20 0.14071299135684967 6 -1 -1 
44 461 96 71 0.13761450350284576 7 -1 -1 
244 322 30 31 0.13725611567497253 4 -1 -1 
918 295 40 16 0.125229150056839 4 -1 -1 
322 321 33 26 0.12367470562458038 5 -1 -1 
44 461 96 71 0.1215650662779808 5 -1 -1 
44 461 96 71 0.12017335742712021 4 -1 -1 
77 457 69 65 0.11862002313137054 2 -1 -1 
738 271 81 37 0.11803939938545227 6 -1 -1 
255 344 57 29 0.11451545357704163 8 -1 -1 
205 257 40 18 0.11368585377931595 4 -1 -1 
44 461 96 71 0.11262305825948715 6 -1 -1 
77 457 69 65 0.1119447574019432 1 -1 -1 
99 463 75 70 0.11137407273054123 8 -1 -1 
288 337 29 30 0.10823747515678406 8 -1 -1 
286 342 27 32 0.1038798838853836 1 -1 -1 
286 342 27 31 0.10351186990737915 9 -1 -1 
136 471 51 67 0.10054212063550949 9 -1 -1 
246 336 44 29 0.10042135417461395 7 -1 -1 
854 353 76 35 0.100192591547966 5 -1 -1 
286 342 27 32 0.10004877299070358 2 -1 -1 
241 351 46 28 0.09984657168388367 10 -1 -1 
216 368 74 35 0.098952516913414 9 -1 -1 
245 349 57 27 0.09651274234056473 7 -1 -1 
197 264 42 31 0.09601952880620956 6 -1 -1 
244 322 29 31 0.09569273144006729 9 -1 -1 
827 276 39 20 0.09551429003477097 5 -1 -1 
179 283 30 28 0.09543468803167343 6 -1 -1 
245 346 47 24 0.09527220577001572 7 -1 -1 
77 458 69 64 0.09460318088531494 6 -1 -1 
241 351 46 28 0.09450099617242813 3 -1 -1 
217 358 71 34 0.09395772218704224 8 -1 -1 
343 297 29 28 0.09379032999277115 4 -1 -1 
286 342 27 32 0.09044666588306427 3 -1 -1 
197 264 42 31 0.0899246409535408 9 -1 -1 
136 471 52 67 0.08788912743330002 2 -1 -1 
136 470 51 66 0.08639804273843765 4 -1 -1 
136 471 52 67 0.08622675389051437 1 -1 -1 
255 344 57 29 0.08556780219078064 7 -1 -1 
201 258 40 24 0.08529168367385864 4 -1 -1 
836 287 49 20 0.08475174754858017 4 -1 -1 
241 351 46 28 0.0847497507929802 2 -1 -1 
737 308 80 34 0.08463728427886963 6 -1 -1 
830 282 45 21 0.0838642418384552 5 -1 -1 
208 266 41 31 0.08048336207866669 6 -1 -1 
77 457 69 65 0.07965594530105591 3 -1 -1 
136 471 50 67 0.07957769930362701 3 -1 -1 
193 287 32 26 0.07912956178188324 4 -1 -1 
239 348 35 29 0.07835935801267624 8 -1 -1 
178 284 30 31 0.07792088389396667 8 -1 -1 
918 295 40 16 0.07655331492424011 5 -1 -1 
826 333 74 35 0.07638026773929596 4 -1 -1 
115 457 31 71 0.07590101659297943 6 -1 -1 
179 283 30 28 0.07584111392498016 4 -1 -1 
31 479 69 60 0.07556133717298508 3 -1 -1 
23 479 78 60 0.0754561573266983 9 -1 -1 
216 369 73 34 0.07522793114185333 7 -1 -1 
241 351 48 27 0.07493994385004044 6 -1 -1 
179 283 30 28 0.07365136593580246 5 -1 -1 
332 308 31 24 0.07361515611410141 5 -1 -1 
838 341 76 33 0.07273383438587189 4 -1 -1 
217 369 73 34 0.07240070402622223 1 -1 -1 
855 362 77 38 0.07189653068780899 5 -1 -1 
199 276 39 27 0.07057943940162659 6 -1 -1 
836 287 49 20 0.070395827293396 5 -1 -1 
241 339 35 31 0.0698215588927269 8 -1 -1 
115 457 31 71 0.06961268186569214 5 -1 -1 
918 295 39 16 0.06959041953086853 9 -1 -1 
245 317 42 35 0.06873752176761627 9 -1 -1 
288 337 29 30 0.06843838095664978 4 -1 -1 
241 351 46 28 0.06793000549077988 1 -1 -1 
245 317 42 35 0.06744015216827393 5 -1 -1 
336 302 34 28 0.06689117848873138 6 -1 -1 
205 258 40 22 0.06673891097307205 6 -1 -1 
246 336 44 29 0.06672467291355133 6 -1 -1 
332 308 31 24 0.06630320847034454 6 -1 -1 
244 322 31 31 0.06580356508493423 3 -1 -1 
205 258 40 22 0.06567814946174622 5 -1 -1 
201 281 38 27 0.06528221815824509 4 -1 -1 
253 350 56 28 0.0652603805065155 9 -1 -1 
298 331 25 30 0.06521809846162796 8 -1 -1 
545 410 19 36 0.06471327692270279 10 -1 -1 
320 279 33 28 0.064401775598526 6 -1 -1 
343 297 29 28 0.0642438754439354 6 -1 -1 
851 344 77 37 0.06319814920425415 4 -1 -1 
827 277 40 22 0.06250172853469849 6 -1 -1 
286 342 27 32 0.06127873808145523 10 -1 -1 
199 276 39 27 0.06127810478210449 9 -1 -1 
241 351 46 28 0.06118713319301605 9 -1 -1 
322 321 33 25 0.06105467677116394 6 -1 -1 
830 282 45 21 0.06104303523898125 4 -1 -1 
827 276 39 20 0.06053223833441734 4 -1 -1 
216 368 74 35 0.054987721145153046 8 -1 -1 
215 355 73 42 0.052406977862119675 4 -1 -1 
215 355 73 42 0.05060487240552902 6 -1 -1 
