988 249 44 39 0.9981138706207275 9 -1 -1 
520 410 103 156 0.9961334466934204 6 -1 -1 
276 494 201 240 0.9960786700248718 6 -1 -1 
629 265 59 63 0.9958791732788086 6 -1 -1 
106 476 280 268 0.9935489296913147 6 -1 -1 
489 552 60 88 0.9861753582954407 6 -1 -1 
712 573 47 62 0.9333167672157288 4 -1 -1 
694 243 53 45 0.9253028631210327 6 -1 -1 
760 620 51 76 0.9234534502029419 4 -1 -1 
764 560 45 63 0.9214332699775696 4 -1 -1 
1250 456 60 40 0.919182538986206 4 -1 -1 
354 407 144 122 0.9091584086418152 6 -1 -1 
706 456 34 41 0.8927940130233765 4 -1 -1 
710 423 32 37 0.8906374573707581 4 -1 -1 
757 365 26 34 0.8888588547706604 5 -1 -1 
768 479 36 44 0.8499614596366882 4 -1 -1 
674 402 29 32 0.8441781997680664 4 -1 -1 
900 361 28 24 0.8435412645339966 4 -1 -1 
644 470 35 44 0.8396320939064026 4 -1 -1 
745 688 59 75 0.837688684463501 4 -1 -1 
705 491 36 44 0.8187494277954102 4 -1 -1 
640 350 27 24 0.816379725933075 4 -1 -1 
717 395 24 33 0.8147799968719482 5 -1 -1 
758 445 32 39 0.7944879531860352 4 -1 -1 
761 515 37 50 0.7915383577346802 4 -1 -1 
712 528 39 47 0.7814350128173828 4 -1 -1 
761 208 12 10 0.7750772833824158 4 -1 -1 
655 332 26 24 0.7673016786575317 4 -1 -1 
754 406 33 44 0.7657092213630676 4 -1 -1 
756 350 25 26 0.7472629547119141 4 -1 -1 
724 336 22 22 0.6972631812095642 4 -1 -1 
587 674 62 90 0.6924166679382324 4 -1 -1 
688 342 22 19 0.6914705634117126 4 -1 -1 
766 288 18 15 0.6882520914077759 4 -1 -1 
729 318 19 20 0.687680184841156 4 -1 -1 
761 328 24 26 0.6545846462249756 4 -1 -1 
720 353 24 25 0.6445544958114624 4 -1 -1 
719 374 25 30 0.6380877494812012 5 -1 -1 
477 402 78 106 0.6313889026641846 6 -1 -1 
625 540 43 59 0.6119056940078735 4 -1 -1 
763 297 19 21 0.6095710396766663 5 -1 -1 
658 424 34 47 0.6059349179267883 4 -1 -1 
763 311 20 22 0.6040933132171631 4 -1 -1 
606 590 51 87 0.6022151112556458 5 -1 -1 
771 245 18 14 0.5973489284515381 4 -1 -1 
764 275 21 17 0.5946739912033081 4 -1 -1 
679 377 26 29 0.5573791265487671 4 -1 -1 
1320 290 38 16 0.5477339029312134 4 -1 -1 
1143 332 9 14 0.540756344795227 2 -1 -1 
554 404 34 37 0.5348948836326599 4 -1 -1 
625 367 32 29 0.5300705432891846 4 -1 -1 
683 357 24 27 0.5277262926101685 4 -1 -1 
1228 252 106 36 0.5252149105072021 6 -1 -1 
760 393 28 26 0.5187457203865051 4 -1 -1 
475 632 52 85 0.5150430202484131 4 -1 -1 
1142 336 11 14 0.49586591124534607 10 -1 -1 
762 297 21 21 0.49317148327827454 4 -1 -1 
469 631 59 86 0.48052820563316345 5 -1 -1 
621 374 30 24 0.47934162616729736 4 -1 -1 
627 540 41 61 0.4537813365459442 5 -1 -1 
613 381 32 26 0.45374032855033875 4 -1 -1 
635 358 27 20 0.44340625405311584 4 -1 -1 
611 590 45 56 0.42329832911491394 5 -1 -1 
677 392 27 21 0.4119125008583069 4 -1 -1 
95 628 155 131 0.3799780309200287 6 -1 -1 
657 427 35 44 0.3683087229728699 5 -1 -1 
988 249 44 39 0.36675018072128296 4 -1 -1 
696 357 11 28 0.3649258613586426 4 -1 -1 
683 356 25 26 0.36436727643013 5 -1 -1 
506 370 142 52 0.35471048951148987 6 -1 -1 
755 433 30 17 0.34918853640556335 4 -1 -1 
580 567 14 32 0.3472135365009308 10 -1 -1 
765 275 20 18 0.346409410238266 5 -1 -1 
724 335 23 23 0.3412385880947113 5 -1 -1 
761 392 27 27 0.33406466245651245 5 -1 -1 
721 371 22 22 0.3291780352592468 4 -1 -1 
280 491 200 242 0.3253503143787384 10 -1 -1 
988 249 44 39 0.3234201669692993 3 -1 -1 
611 397 28 32 0.32138046622276306 4 -1 -1 
612 382 31 31 0.3188892602920532 6 -1 -1 
607 589 51 84 0.318799763917923 4 -1 -1 
604 630 52 51 0.31723132729530334 4 -1 -1 
553 403 36 35 0.3167596459388733 5 -1 -1 
988 249 44 39 0.31490275263786316 10 -1 -1 
611 388 31 33 0.3137984573841095 4 -1 -1 
638 348 28 27 0.31185537576675415 5 -1 -1 
280 489 200 246 0.30966851115226746 9 -1 -1 
686 350 22 21 0.30497682094573975 4 -1 -1 
696 343 12 18 0.3025830388069153 4 -1 -1 
719 371 25 32 0.3025040030479431 4 -1 -1 
632 367 24 17 0.3017709255218506 4 -1 -1 
516 410 108 154 0.29855212569236755 9 -1 -1 
1142 335 12 15 0.29681670665740967 2 -1 -1 
520 410 103 156 0.2966931462287903 10 -1 -1 
762 328 23 26 0.2943294048309326 5 -1 -1 
988 249 44 39 0.29365766048431396 1 -1 -1 
1260 256 76 31 0.2930596172809601 6 -1 -1 
545 681 14 32 0.2905702292919159 10 -1 -1 
520 410 103 156 0.2900856137275696 4 -1 -1 
696 585 12 18 0.2865923345088959 10 -1 -1 
629 265 59 63 0.28579282760620117 10 -1 -1 
548 684 9 19 0.28540340065956116 2 -1 -1 
610 391 31 34 0.2824174463748932 6 -1 -1 
280 491 200 242 0.2820390462875366 4 -1 -1 
520 410 103 156 0.2769943177700043 5 -1 -1 
629 265 59 63 0.27603837847709656 4 -1 -1 
584 401 31 31 0.2759952247142792 4 -1 -1 
636 364 27 24 0.2751427888870239 4 -1 -1 
612 382 31 31 0.2746793329715729 5 -1 -1 
635 370 25 28 0.2735796868801117 4 -1 -1 
988 249 44 39 0.2723480761051178 2 -1 -1 
1208 233 128 39 0.2674334645271301 6 -1 -1 
729 318 19 20 0.2673155665397644 5 -1 -1 
382 649 111 115 0.26726797223091125 6 -1 -1 
580 567 15 31 0.2659198045730591 2 -1 -1 
276 494 201 240 0.26530721783638 7 -1 -1 
771 244 18 15 0.2618977129459381 6 -1 -1 
771 244 18 16 0.25650733709335327 5 -1 -1 
605 593 51 86 0.25627031922340393 6 -1 -1 
988 249 44 39 0.2559763193130493 7 -1 -1 
635 358 27 20 0.2550334334373474 5 -1 -1 
509 405 45 29 0.2542512118816376 4 -1 -1 
757 365 25 34 0.2525351345539093 4 -1 -1 
547 375 93 50 0.2518753707408905 6 -1 -1 
763 310 20 22 0.251566082239151 5 -1 -1 
276 494 201 240 0.24717600643634796 5 -1 -1 
629 264 59 64 0.24598026275634766 5 -1 -1 
1320 307 38 17 0.24566249549388885 4 -1 -1 
754 406 22 44 0.24424636363983154 5 -1 -1 
106 476 280 268 0.24383214116096497 5 -1 -1 
478 405 80 100 0.24289967119693756 9 -1 -1 
679 377 27 28 0.24278733134269714 5 -1 -1 
968 264 9 21 0.24176351726055145 1 -1 -1 
706 491 35 43 0.24112941324710846 5 -1 -1 
589 402 37 33 0.23916393518447876 4 -1 -1 
606 400 29 32 0.23831310868263245 6 -1 -1 
628 349 36 23 0.23758600652217865 4 -1 -1 
988 249 44 39 0.2352134734392166 8 -1 -1 
696 380 8 25 0.23353008925914764 4 -1 -1 
610 391 31 34 0.23338860273361206 5 -1 -1 
620 364 36 24 0.23236142098903656 4 -1 -1 
520 410 103 156 0.23212984204292297 7 -1 -1 
520 410 103 156 0.23116342723369598 2 -1 -1 
988 249 44 39 0.22914180159568787 5 -1 -1 
629 265 59 63 0.2287846952676773 7 -1 -1 
617 378 36 22 0.2243584543466568 6 -1 -1 
1015 299 9 21 0.2239779829978943 1 -1 -1 
542 351 119 37 0.22291743755340576 6 -1 -1 
616 377 34 24 0.2215173840522766 5 -1 -1 
679 355 26 21 0.22149117290973663 4 -1 -1 
604 379 38 33 0.21801024675369263 4 -1 -1 
489 551 59 88 0.21658451855182648 5 -1 -1 
381 649 114 115 0.2164221704006195 5 -1 -1 
573 388 58 40 0.21465034782886505 6 -1 -1 
489 551 59 88 0.2138490080833435 4 -1 -1 
683 357 24 28 0.21380168199539185 6 -1 -1 
695 246 52 41 0.21216915547847748 5 -1 -1 
623 368 34 28 0.21094731986522675 6 -1 -1 
537 369 112 40 0.2106301635503769 6 -1 -1 
604 630 52 51 0.2095099687576294 5 -1 -1 
717 395 24 32 0.20877192914485931 4 -1 -1 
560 402 34 32 0.2082531452178955 4 -1 -1 
602 407 29 30 0.2082286775112152 4 -1 -1 
607 360 47 27 0.20666013658046722 4 -1 -1 
713 528 38 48 0.20644402503967285 5 -1 -1 
545 684 14 31 0.20630863308906555 1 -1 -1 
106 476 280 268 0.20558547973632812 2 -1 -1 
529 358 126 38 0.2053408920764923 6 -1 -1 
494 407 95 147 0.20506979525089264 6 -1 -1 
1142 340 13 12 0.2042737752199173 10 -1 -1 
106 476 280 268 0.204179048538208 4 -1 -1 
280 491 200 242 0.2037791907787323 3 -1 -1 
573 404 40 34 0.20374494791030884 4 -1 -1 
1143 333 10 15 0.20370250940322876 1 -1 -1 
276 494 201 240 0.20347288250923157 8 -1 -1 
478 405 78 102 0.20253771543502808 5 -1 -1 
695 578 14 22 0.20195600390434265 10 -1 -1 
613 352 44 21 0.20152722299098969 4 -1 -1 
1219 226 116 35 0.2005489319562912 6 -1 -1 
641 347 30 22 0.20007848739624023 5 -1 -1 
612 590 44 52 0.2000332921743393 4 -1 -1 
623 368 34 28 0.19934724271297455 5 -1 -1 
351 475 61 55 0.1991068720817566 5 -1 -1 
276 494 201 240 0.19883392751216888 2 -1 -1 
353 407 145 123 0.19877904653549194 9 -1 -1 
992 278 7 20 0.19847458600997925 1 -1 -1 
86 573 232 191 0.1975419521331787 6 -1 -1 
685 355 29 21 0.19593334197998047 4 -1 -1 
778 248 11 11 0.19582617282867432 4 -1 -1 
686 350 22 21 0.19506840407848358 5 -1 -1 
520 410 103 156 0.1941782534122467 8 -1 -1 
729 318 19 20 0.19415882229804993 6 -1 -1 
1231 252 103 36 0.19390779733657837 7 -1 -1 
988 249 44 39 0.19365598261356354 6 -1 -1 
1191 240 143 46 0.19351601600646973 6 -1 -1 
663 419 30 27 0.19189032912254333 4 -1 -1 
610 404 25 31 0.19189022481441498 4 -1 -1 
608 359 48 29 0.1899472028017044 6 -1 -1 
604 630 52 51 0.1899368315935135 6 -1 -1 
106 476 280 268 0.18972237408161163 7 -1 -1 
629 265 59 63 0.18238574266433716 2 -1 -1 
91 660 210 104 0.18178385496139526 6 -1 -1 
277 625 131 109 0.17911629378795624 6 -1 -1 
106 476 280 268 0.17841482162475586 10 -1 -1 
629 265 59 63 0.1737765520811081 8 -1 -1 
106 476 280 268 0.1707262396812439 8 -1 -1 
308 498 168 163 0.16883406043052673 6 -1 -1 
719 374 25 30 0.16450650990009308 6 -1 -1 
629 265 59 63 0.16409116983413696 9 -1 -1 
756 395 31 36 0.16066928207874298 4 -1 -1 
758 445 17 41 0.159199520945549 4 -1 -1 
756 350 20 28 0.15917429327964783 5 -1 -1 
519 410 103 156 0.15432855486869812 3 -1 -1 
106 476 280 268 0.15314964950084686 1 -1 -1 
1312 301 40 20 0.15308953821659088 4 -1 -1 
629 265 59 63 0.15248358249664307 3 -1 -1 
520 410 103 156 0.14911851286888123 1 -1 -1 
655 332 26 24 0.14824794232845306 5 -1 -1 
275 628 211 112 0.14767202734947205 6 -1 -1 
1218 251 102 37 0.1457398533821106 4 -1 -1 
95 651 111 108 0.1438988596200943 6 -1 -1 
353 407 145 123 0.14148466289043427 5 -1 -1 
1320 298 37 20 0.1413595974445343 4 -1 -1 
281 494 200 240 0.13853055238723755 1 -1 -1 
763 291 22 23 0.13442671298980713 4 -1 -1 
1319 290 39 17 0.1337980329990387 5 -1 -1 
718 395 22 32 0.1334857940673828 6 -1 -1 
900 361 28 24 0.1328708827495575 5 -1 -1 
718 380 25 34 0.1316087394952774 5 -1 -1 
1314 295 37 18 0.1310548633337021 4 -1 -1 
629 265 59 63 0.12970219552516937 1 -1 -1 
91 469 292 284 0.124495729804039 9 -1 -1 
106 668 337 97 0.09299564361572266 6 -1 -1 
72 496 198 261 0.08350037038326263 6 -1 -1 
106 476 280 268 0.07817712426185608 3 -1 -1 
71 643 250 122 0.07245106250047684 4 -1 -1 
233 643 266 122 0.07184582948684692 6 -1 -1 
21 639 263 126 0.0679536908864975 6 -1 -1 
150 465 245 187 0.06766761094331741 9 -1 -1 
310 388 207 153 0.06607422232627869 6 -1 -1 
150 465 245 187 0.06549857556819916 6 -1 -1 
184 415 284 164 0.06436631828546524 9 -1 -1 
168 595 302 170 0.06268055737018585 6 -1 -1 
184 415 284 164 0.06252212822437286 6 -1 -1 
1207 247 130 52 0.057548195123672485 6 -1 -1 
106 668 337 97 0.05750707909464836 4 -1 -1 
1185 219 147 54 0.05716295540332794 4 -1 -1 
103 591 316 174 0.05559192970395088 4 -1 -1 
1195 245 140 50 0.0555424727499485 9 -1 -1 
1191 240 143 46 0.055167701095342636 4 -1 -1 
1170 225 167 57 0.053846050053834915 9 -1 -1 
21 493 189 260 0.05273530259728432 6 -1 -1 
71 643 250 122 0.050793781876564026 5 -1 -1 
1191 240 143 46 0.05046176537871361 7 -1 -1 
