567 271 20 21 0.926600992679596 7 -1 -1 
371 380 74 86 0.9130786657333374 4 -1 -1 
544 235 29 21 0.9057576060295105 4 -1 -1 
701 299 62 50 0.8326122164726257 4 -1 -1 
501 282 37 30 0.83153235912323 4 -1 -1 
603 313 21 27 0.8247089385986328 10 -1 -1 
784 350 110 77 0.823688268661499 4 -1 -1 
180 307 62 46 0.7676246762275696 4 -1 -1 
667 342 21 33 0.7585868835449219 10 -1 -1 
785 351 108 74 0.7326663136482239 6 -1 -1 
246 371 26 43 0.6677659749984741 2 -1 -1 
210 412 26 42 0.6571153998374939 10 -1 -1 
605 305 17 28 0.6523445248603821 2 -1 -1 
518 230 11 19 0.6521119475364685 8 -1 -1 
210 392 25 45 0.6514467597007751 2 -1 -1 
244 380 36 47 0.6432358026504517 10 -1 -1 
494 204 4 11 0.6391144394874573 1 -1 -1 
668 335 17 28 0.6278759837150574 2 -1 -1 
621 294 12 21 0.6235582232475281 2 -1 -1 
438 186 7 7 0.6172167062759399 4 -1 -1 
570 267 10 12 0.6127380132675171 2 -1 -1 
480 200 8 9 0.6012709736824036 7 -1 -1 
620 300 13 23 0.5973483324050903 10 -1 -1 
514 207 5 12 0.5875898003578186 1 -1 -1 
387 237 7 12 0.576745867729187 2 -1 -1 
269 265 40 25 0.5735034346580505 4 -1 -1 
381 252 9 16 0.5614572167396545 2 -1 -1 
509 207 5 13 0.5507910847663879 1 -1 -1 
377 237 7 11 0.5453783869743347 2 -1 -1 
402 199 9 14 0.5357735753059387 8 -1 -1 
232 283 55 33 0.5253739953041077 4 -1 -1 
196 288 13 23 0.5209976434707642 2 -1 -1 
655 235 41 21 0.5182315111160278 4 -1 -1 
467 210 12 12 0.5143092274665833 4 -1 -1 
500 212 5 9 0.5109478831291199 10 -1 -1 
594 215 39 18 0.5085080862045288 4 -1 -1 
518 230 11 19 0.5074034929275513 7 -1 -1 
634 228 55 22 0.5065519213676453 4 -1 -1 
349 257 9 15 0.5024699568748474 10 -1 -1 
445 181 7 7 0.4997238218784332 4 -1 -1 
387 241 7 13 0.4968497157096863 10 -1 -1 
186 291 10 26 0.4912091791629791 1 -1 -1 
380 255 9 20 0.47968342900276184 10 -1 -1 
500 206 6 11 0.4755611717700958 2 -1 -1 
402 201 8 12 0.4742850065231323 7 -1 -1 
602 220 45 18 0.4676947295665741 4 -1 -1 
231 286 36 30 0.45905280113220215 5 -1 -1 
601 220 45 19 0.4398123621940613 5 -1 -1 
419 201 4 10 0.4383031725883484 1 -1 -1 
673 340 14 22 0.4322623312473297 2 -1 -1 
524 223 6 14 0.42990627884864807 1 -1 -1 
350 250 9 18 0.42500507831573486 2 -1 -1 
497 201 5 10 0.4238418638706207 1 -1 -1 
467 211 12 11 0.414665162563324 5 -1 -1 
583 208 40 17 0.40764322876930237 6 -1 -1 
491 198 4 8 0.40031832456588745 1 -1 -1 
464 186 6 5 0.39990800619125366 4 -1 -1 
401 198 10 15 0.395804762840271 10 -1 -1 
584 208 39 17 0.3886575698852539 4 -1 -1 
480 199 8 10 0.3885049521923065 8 -1 -1 
195 288 15 26 0.3846527636051178 1 -1 -1 
524 224 6 12 0.37917518615722656 2 -1 -1 
180 306 62 47 0.3727778494358063 5 -1 -1 
441 177 5 7 0.36861369013786316 4 -1 -1 
381 246 8 17 0.3587297797203064 2 -1 -1 
424 201 4 8 0.3562031388282776 1 -1 -1 
651 229 46 23 0.35482779145240784 4 -1 -1 
445 181 7 7 0.3504360318183899 5 -1 -1 
232 286 33 30 0.3489488959312439 4 -1 -1 
416 205 4 9 0.3485085070133209 10 -1 -1 
406 210 4 10 0.3471755385398865 2 -1 -1 
381 256 10 18 0.34470051527023315 3 -1 -1 
443 177 7 7 0.34195563197135925 4 -1 -1 
668 341 20 33 0.34184131026268005 2 -1 -1 
406 212 4 9 0.33881935477256775 10 -1 -1 
437 201 3 8 0.3366256058216095 1 -1 -1 
510 206 7 13 0.33044108748435974 1 -1 -1 
246 373 27 47 0.3298719525337219 10 -1 -1 
497 204 4 10 0.32719969749450684 1 -1 -1 
416 204 4 10 0.326156884431839 1 -1 -1 
256 284 38 24 0.32556092739105225 4 -1 -1 
419 201 4 10 0.32475998997688293 2 -1 -1 
679 241 18 17 0.3232554793357849 8 -1 -1 
231 286 36 29 0.3220389485359192 6 -1 -1 
417 202 5 10 0.3214913308620453 1 -1 -1 
498 203 5 10 0.3212139904499054 1 -1 -1 
424 198 4 9 0.3190481960773468 10 -1 -1 
203 289 10 18 0.3190425634384155 2 -1 -1 
423 193 5 8 0.31839194893836975 2 -1 -1 
423 194 5 9 0.3163592517375946 10 -1 -1 
656 230 47 23 0.3159557580947876 5 -1 -1 
445 180 7 8 0.31492292881011963 6 -1 -1 
254 370 22 36 0.3139227032661438 2 -1 -1 
445 179 7 8 0.31305795907974243 4 -1 -1 
404 189 9 8 0.3123796284198761 4 -1 -1 
497 199 4 10 0.3117855191230774 1 -1 -1 
396 196 8 8 0.3084573447704315 4 -1 -1 
501 205 5 12 0.30409058928489685 1 -1 -1 
496 197 4 9 0.3036951422691345 1 -1 -1 
302 214 57 45 0.302164226770401 6 -1 -1 
424 201 4 8 0.30198171734809875 10 -1 -1 
409 197 8 7 0.3019254803657532 7 -1 -1 
416 204 4 9 0.29987022280693054 2 -1 -1 
604 312 20 28 0.29288190603256226 2 -1 -1 
377 237 7 12 0.290539413690567 1 -1 -1 
381 253 9 16 0.2871088981628418 10 -1 -1 
387 240 7 13 0.28646379709243774 2 -1 -1 
406 210 4 10 0.28641384840011597 1 -1 -1 
387 237 7 13 0.2855209410190582 10 -1 -1 
670 341 13 25 0.283709853887558 2 -1 -1 
402 200 8 13 0.2835676968097687 6 -1 -1 
210 412 26 42 0.2826235890388489 3 -1 -1 
669 335 17 29 0.28231674432754517 1 -1 -1 
303 241 22 27 0.28150302171707153 4 -1 -1 
402 196 8 14 0.28082671761512756 8 -1 -1 
424 198 4 9 0.2793513834476471 1 -1 -1 
231 284 58 30 0.2783563733100891 5 -1 -1 
384 253 8 14 0.2768349349498749 2 -1 -1 
380 253 9 21 0.27532777190208435 2 -1 -1 
446 177 5 6 0.27529704570770264 4 -1 -1 
594 216 43 18 0.27488404512405396 5 -1 -1 
667 342 21 33 0.2747960090637207 7 -1 -1 
409 197 7 7 0.27448683977127075 4 -1 -1 
438 186 8 7 0.27415090799331665 6 -1 -1 
417 203 5 9 0.27284497022628784 10 -1 -1 
493 202 5 10 0.2718872129917145 1 -1 -1 
441 176 7 7 0.27148184180259705 4 -1 -1 
667 343 13 23 0.27067723870277405 2 -1 -1 
423 194 5 9 0.2702382504940033 1 -1 -1 
400 192 9 15 0.26987534761428833 2 -1 -1 
187 291 9 24 0.26594966650009155 2 -1 -1 
417 202 5 10 0.2658541202545166 2 -1 -1 
438 177 7 6 0.2641052007675171 4 -1 -1 
718 248 57 29 0.26335325837135315 4 -1 -1 
431 185 4 7 0.26216328144073486 2 -1 -1 
334 220 32 18 0.26100268959999084 4 -1 -1 
498 202 4 10 0.26095128059387207 2 -1 -1 
437 200 3 7 0.2599431276321411 2 -1 -1 
621 294 12 22 0.25954434275627136 1 -1 -1 
499 205 3 10 0.25721943378448486 2 -1 -1 
424 198 4 9 0.2564224302768707 2 -1 -1 
499 205 5 11 0.2551382780075073 1 -1 -1 
580 207 33 15 0.25500714778900146 6 -1 -1 
500 209 6 11 0.254608154296875 1 -1 -1 
380 254 9 21 0.25451552867889404 1 -1 -1 
445 178 7 8 0.2542009651660919 6 -1 -1 
420 200 3 7 0.25413063168525696 2 -1 -1 
420 202 4 9 0.25408774614334106 10 -1 -1 
402 191 9 7 0.25085949897766113 4 -1 -1 
492 200 3 8 0.24600715935230255 1 -1 -1 
386 237 6 13 0.24463452398777008 1 -1 -1 
567 271 20 21 0.24315990507602692 8 -1 -1 
268 265 41 26 0.22768090665340424 5 -1 -1 
244 378 35 47 0.22603155672550201 2 -1 -1 
605 305 17 28 0.20554295182228088 1 -1 -1 
633 225 59 25 0.20126506686210632 5 -1 -1 
633 225 59 25 0.19980311393737793 6 -1 -1 
214 314 31 39 0.19697125256061554 5 -1 -1 
261 268 49 31 0.18741971254348755 4 -1 -1 
260 232 37 22 0.18639497458934784 4 -1 -1 
347 248 14 25 0.18357354402542114 10 -1 -1 
243 284 63 29 0.1821308135986328 4 -1 -1 
567 271 20 22 0.1778763085603714 6 -1 -1 
332 225 31 17 0.1773301512002945 10 -1 -1 
245 382 34 45 0.17711468040943146 7 -1 -1 
332 223 18 26 0.17473113536834717 10 -1 -1 
586 208 53 21 0.17385631799697876 6 -1 -1 
579 203 53 23 0.17367224395275116 6 -1 -1 
327 215 40 20 0.1723403036594391 4 -1 -1 
333 219 34 18 0.1708592176437378 5 -1 -1 
303 243 21 26 0.1684286743402481 5 -1 -1 
253 275 55 33 0.16776135563850403 4 -1 -1 
251 285 33 28 0.16612257063388824 4 -1 -1 
180 306 62 47 0.16370010375976562 9 -1 -1 
603 313 21 27 0.16214005649089813 4 -1 -1 
567 271 20 21 0.15897409617900848 4 -1 -1 
656 231 55 24 0.15804477035999298 4 -1 -1 
785 351 108 74 0.15697242319583893 5 -1 -1 
674 339 15 28 0.15688768029212952 1 -1 -1 
332 225 31 17 0.1567823886871338 4 -1 -1 
567 270 20 22 0.15586474537849426 2 -1 -1 
195 290 15 28 0.15294837951660156 10 -1 -1 
327 227 30 20 0.15136179327964783 10 -1 -1 
567 271 20 21 0.15121862292289734 3 -1 -1 
231 286 36 30 0.150689497590065 8 -1 -1 
196 287 19 20 0.15047354996204376 2 -1 -1 
592 215 55 20 0.14970459043979645 6 -1 -1 
605 305 16 27 0.14904436469078064 10 -1 -1 
251 246 23 24 0.1478935331106186 8 -1 -1 
190 289 16 26 0.145810067653656 1 -1 -1 
339 217 34 19 0.1446608603000641 4 -1 -1 
719 245 81 34 0.14324630796909332 6 -1 -1 
652 230 55 24 0.1430288553237915 6 -1 -1 
567 271 20 21 0.14098607003688812 10 -1 -1 
214 220 35 26 0.13888677954673767 4 -1 -1 
194 293 16 28 0.13642944395542145 1 -1 -1 
186 293 13 28 0.13529208302497864 1 -1 -1 
310 222 35 34 0.13478967547416687 6 -1 -1 
292 248 28 21 0.13361302018165588 4 -1 -1 
333 223 12 31 0.130755215883255 1 -1 -1 
644 224 63 26 0.1283409148454666 4 -1 -1 
205 332 24 21 0.12777674198150635 4 -1 -1 
295 218 50 45 0.12720230221748352 6 -1 -1 
310 212 57 37 0.12687520682811737 6 -1 -1 
210 392 26 48 0.1262938678264618 1 -1 -1 
259 281 38 19 0.12565699219703674 4 -1 -1 
678 339 12 27 0.12540827691555023 2 -1 -1 
257 284 35 24 0.12508845329284668 5 -1 -1 
180 306 61 47 0.12381662428379059 6 -1 -1 
668 341 20 33 0.12367581576108932 1 -1 -1 
253 246 29 21 0.12326521426439285 10 -1 -1 
200 335 27 21 0.12218573689460754 4 -1 -1 
301 216 52 45 0.12185608595609665 5 -1 -1 
541 201 37 18 0.12131915241479874 4 -1 -1 
667 342 21 33 0.12076767534017563 4 -1 -1 
295 218 50 45 0.11960528790950775 4 -1 -1 
259 237 32 19 0.11935470998287201 10 -1 -1 
674 340 15 30 0.1192949190735817 10 -1 -1 
214 314 31 39 0.11888692528009415 4 -1 -1 
667 342 21 33 0.11828212440013885 3 -1 -1 
336 215 36 19 0.11792696267366409 5 -1 -1 
716 244 84 34 0.11741089075803757 4 -1 -1 
666 334 15 27 0.11716455221176147 2 -1 -1 
256 241 29 18 0.1170215979218483 10 -1 -1 
180 307 32 46 0.11688484251499176 5 -1 -1 
701 300 62 50 0.11582472175359726 5 -1 -1 
209 393 27 51 0.11514853686094284 10 -1 -1 
301 228 23 32 0.11493488401174545 4 -1 -1 
379 247 11 28 0.11484698951244354 1 -1 -1 
567 271 20 21 0.1146848276257515 9 -1 -1 
232 284 56 32 0.11454308778047562 6 -1 -1 
604 313 19 27 0.11385511606931686 3 -1 -1 
303 231 28 35 0.11349207907915115 7 -1 -1 
666 336 15 27 0.11170201748609543 1 -1 -1 
604 313 19 27 0.11018819361925125 7 -1 -1 
719 241 79 36 0.10971054434776306 5 -1 -1 
180 307 62 46 0.10923506319522858 1 -1 -1 
303 215 57 45 0.10899809747934341 4 -1 -1 
305 228 29 32 0.10827736556529999 4 -1 -1 
343 213 37 17 0.10754168778657913 4 -1 -1 
620 300 14 23 0.10702010989189148 3 -1 -1 
320 223 40 21 0.10697491466999054 4 -1 -1 
245 374 33 50 0.10595493018627167 1 -1 -1 
371 380 74 86 0.10586276650428772 1 -1 -1 
638 212 78 30 0.10424182564020157 6 -1 -1 
253 249 28 20 0.10414096713066101 4 -1 -1 
180 307 32 46 0.10410358756780624 4 -1 -1 
180 314 29 40 0.10405575484037399 6 -1 -1 
718 248 57 29 0.1036466658115387 5 -1 -1 
244 287 38 33 0.10196086019277573 4 -1 -1 
232 286 34 29 0.1016979068517685 9 -1 -1 
307 213 58 41 0.0988466814160347 5 -1 -1 
279 224 57 42 0.0922742709517479 4 -1 -1 
310 212 57 37 0.08560299873352051 4 -1 -1 
292 224 52 43 0.08537866175174713 5 -1 -1 
371 380 74 86 0.08420023322105408 9 -1 -1 
178 303 41 46 0.08353564143180847 9 -1 -1 
306 210 61 38 0.08117435872554779 9 -1 -1 
370 380 75 86 0.0767386183142662 5 -1 -1 
208 213 43 35 0.07672157138586044 4 -1 -1 
253 275 55 33 0.07520637661218643 5 -1 -1 
303 215 57 45 0.07429247349500656 8 -1 -1 
303 215 57 45 0.07327046245336533 7 -1 -1 
303 220 55 46 0.07320042699575424 9 -1 -1 
231 285 59 30 0.07118295878171921 9 -1 -1 
312 210 57 32 0.06781306117773056 5 -1 -1 
253 222 46 34 0.06439340859651566 4 -1 -1 
243 284 63 29 0.06376603245735168 5 -1 -1 
180 306 62 47 0.06359250098466873 8 -1 -1 
279 228 53 41 0.06189007684588432 5 -1 -1 
280 216 61 44 0.06177246570587158 5 -1 -1 
261 268 49 31 0.060867276042699814 5 -1 -1 
267 265 46 30 0.05964566394686699 6 -1 -1 
279 224 57 42 0.05854371562600136 6 -1 -1 
268 264 57 31 0.05807267501950264 4 -1 -1 
266 223 55 39 0.05610309913754463 4 -1 -1 
202 309 47 46 0.05399157106876373 4 -1 -1 
370 380 75 86 0.05396125465631485 10 -1 -1 
260 220 42 36 0.05319741740822792 5 -1 -1 
177 295 54 43 0.053127091377973557 9 -1 -1 
322 216 44 42 0.053109586238861084 4 -1 -1 
208 213 43 35 0.05256239324808121 5 -1 -1 
322 209 49 32 0.05224877595901489 4 -1 -1 
322 216 44 42 0.052150920033454895 6 -1 -1 
178 303 41 46 0.05060293525457382 6 -1 -1 
180 306 62 47 0.050293225795030594 3 -1 -1 
214 217 61 33 0.0502680279314518 4 -1 -1 
