605 426 48 23 0.9330452680587769 5 -1 -1 
475 353 15 16 0.919423520565033 4 -1 -1 
450 318 12 12 0.8886808753013611 4 -1 -1 
440 343 13 15 0.8832380175590515 4 -1 -1 
516 483 25 38 0.8448365926742554 4 -1 -1 
334 387 21 22 0.8321599960327148 4 -1 -1 
325 442 32 33 0.8321228623390198 4 -1 -1 
503 362 23 41 0.8280932903289795 9 -1 -1 
292 450 30 28 0.8203460574150085 4 -1 -1 
387 315 14 14 0.7669394016265869 4 -1 -1 
318 409 22 26 0.7403124570846558 5 -1 -1 
272 477 33 38 0.7318757176399231 4 -1 -1 
330 424 21 22 0.7193845510482788 7 -1 -1 
347 354 20 34 0.6984978318214417 6 -1 -1 
557 456 39 35 0.6750959157943726 4 -1 -1 
479 257 8 12 0.6387310028076172 6 -1 -1 
162 477 10 25 0.6088699102401733 1 -1 -1 
245 445 47 25 0.6075228452682495 4 -1 -1 
503 362 22 40 0.5963131785392761 5 -1 -1 
465 288 8 9 0.5664745569229126 4 -1 -1 
207 477 29 35 0.5619067549705505 4 -1 -1 
359 387 18 23 0.5536540150642395 5 -1 -1 
317 415 23 19 0.5527224540710449 6 -1 -1 
430 270 6 6 0.5398972034454346 4 -1 -1 
406 289 10 10 0.5322381258010864 4 -1 -1 
207 476 30 36 0.5271469354629517 5 -1 -1 
330 424 21 22 0.5210855007171631 8 -1 -1 
430 267 7 8 0.5210137963294983 4 -1 -1 
424 272 6 6 0.5112656354904175 4 -1 -1 
359 387 18 23 0.5000044107437134 4 -1 -1 
496 301 10 10 0.4972327649593353 4 -1 -1 
150 489 8 17 0.4944094717502594 1 -1 -1 
414 278 8 7 0.46934521198272705 4 -1 -1 
330 424 21 21 0.4682724177837372 6 -1 -1 
160 494 8 20 0.46633782982826233 1 -1 -1 
470 243 5 7 0.4599900245666504 4 -1 -1 
424 285 8 8 0.45713865756988525 4 -1 -1 
427 275 9 10 0.45679742097854614 4 -1 -1 
479 254 6 7 0.44564247131347656 4 -1 -1 
478 245 6 8 0.44384005665779114 4 -1 -1 
461 281 4 8 0.44308361411094666 2 -1 -1 
494 318 10 13 0.442117303609848 4 -1 -1 
463 335 6 11 0.44166329503059387 2 -1 -1 
144 486 8 19 0.4391995072364807 1 -1 -1 
485 248 5 5 0.4377942979335785 4 -1 -1 
439 305 5 10 0.4355020821094513 10 -1 -1 
461 344 5 11 0.4350408911705017 10 -1 -1 
464 231 5 5 0.4235502779483795 4 -1 -1 
478 243 7 9 0.4211176931858063 6 -1 -1 
433 252 5 6 0.40017396211624146 4 -1 -1 
478 300 5 9 0.39864856004714966 10 -1 -1 
470 244 5 6 0.3971148133277893 5 -1 -1 
432 255 6 7 0.39421069622039795 4 -1 -1 
431 257 7 7 0.39379793405532837 4 -1 -1 
459 243 5 9 0.3885025680065155 5 -1 -1 
148 493 9 20 0.38577237725257874 1 -1 -1 
144 485 7 13 0.3820539712905884 2 -1 -1 
418 275 7 7 0.37989556789398193 4 -1 -1 
431 259 6 7 0.37980371713638306 4 -1 -1 
459 243 5 9 0.36948999762535095 6 -1 -1 
524 357 39 51 0.3686705231666565 6 -1 -1 
461 343 5 12 0.36749812960624695 3 -1 -1 
462 339 6 12 0.3568108379840851 3 -1 -1 
306 426 16 17 0.35676270723342896 4 -1 -1 
304 349 4 11 0.35419055819511414 1 -1 -1 
495 299 11 12 0.35334956645965576 5 -1 -1 
464 233 5 6 0.3526412844657898 4 -1 -1 
442 280 4 8 0.35067373514175415 1 -1 -1 
459 247 5 5 0.3435988128185272 4 -1 -1 
478 300 5 9 0.3434518575668335 1 -1 -1 
467 238 5 5 0.34261929988861084 4 -1 -1 
427 278 6 6 0.3421049416065216 4 -1 -1 
468 238 6 4 0.3420710861682892 4 -1 -1 
303 429 19 24 0.33703380823135376 5 -1 -1 
305 426 16 19 0.33641788363456726 6 -1 -1 
317 409 23 25 0.33530521392822266 4 -1 -1 
494 318 10 13 0.33458077907562256 8 -1 -1 
462 339 6 12 0.33276358246803284 10 -1 -1 
701 344 9 19 0.3323548436164856 1 -1 -1 
463 287 6 8 0.32316845655441284 4 -1 -1 
440 260 4 5 0.3223295509815216 4 -1 -1 
303 429 19 24 0.32144567370414734 8 -1 -1 
432 254 6 6 0.3214282989501953 4 -1 -1 
478 243 7 8 0.31990963220596313 5 -1 -1 
479 257 8 12 0.31872040033340454 5 -1 -1 
442 278 4 9 0.3186211884021759 2 -1 -1 
427 272 7 5 0.31595155596733093 4 -1 -1 
402 340 8 11 0.31594759225845337 7 -1 -1 
465 288 8 9 0.31568002700805664 7 -1 -1 
441 279 5 8 0.31419602036476135 1 -1 -1 
420 274 7 7 0.3127933740615845 4 -1 -1 
745 373 12 30 0.31262537837028503 1 -1 -1 
439 305 5 10 0.30979642271995544 1 -1 -1 
478 299 5 10 0.3083456754684448 2 -1 -1 
149 501 8 18 0.30729979276657104 1 -1 -1 
548 383 17 24 0.30676913261413574 4 -1 -1 
305 330 4 12 0.30550479888916016 1 -1 -1 
458 246 6 6 0.30405476689338684 6 -1 -1 
494 283 11 9 0.3039519190788269 4 -1 -1 
494 319 17 14 0.3013662099838257 4 -1 -1 
431 261 6 7 0.30117326974868774 4 -1 -1 
461 281 4 8 0.2997322082519531 1 -1 -1 
463 336 6 12 0.29795125126838684 3 -1 -1 
422 273 6 6 0.2970427870750427 4 -1 -1 
431 265 6 7 0.2954771816730499 4 -1 -1 
457 230 6 6 0.2950025796890259 4 -1 -1 
439 304 5 11 0.2932471036911011 2 -1 -1 
432 257 6 7 0.29268205165863037 5 -1 -1 
470 244 5 6 0.29173097014427185 6 -1 -1 
445 295 4 9 0.28859034180641174 1 -1 -1 
465 230 5 5 0.28760263323783875 4 -1 -1 
407 284 11 10 0.2873000204563141 4 -1 -1 
480 248 5 5 0.2855316996574402 4 -1 -1 
557 456 38 35 0.2853298783302307 5 -1 -1 
495 294 11 14 0.2838779091835022 5 -1 -1 
494 318 10 13 0.28275609016418457 5 -1 -1 
445 295 4 9 0.2815137207508087 2 -1 -1 
151 488 9 16 0.2800837755203247 1 -1 -1 
526 378 36 29 0.27984145283699036 6 -1 -1 
463 338 7 11 0.27948617935180664 10 -1 -1 
149 487 7 17 0.2794651389122009 1 -1 -1 
463 287 6 8 0.27723756432533264 7 -1 -1 
431 259 6 7 0.27721136808395386 5 -1 -1 
495 288 10 8 0.27647000551223755 4 -1 -1 
466 225 4 5 0.27614131569862366 4 -1 -1 
481 232 5 5 0.2759617269039154 6 -1 -1 
470 238 5 5 0.275837779045105 4 -1 -1 
459 243 5 5 0.2728252410888672 5 -1 -1 
167 453 7 12 0.2715773284435272 2 -1 -1 
427 275 9 10 0.27142080664634705 5 -1 -1 
421 274 12 10 0.26776424050331116 4 -1 -1 
459 243 5 6 0.26752617955207825 9 -1 -1 
495 291 13 13 0.267371267080307 9 -1 -1 
462 342 7 13 0.2655627429485321 10 -1 -1 
431 258 7 8 0.2645399272441864 9 -1 -1 
464 288 9 9 0.26407119631767273 8 -1 -1 
331 424 20 21 0.26366230845451355 4 -1 -1 
461 279 5 8 0.263640433549881 2 -1 -1 
481 232 5 5 0.26358887553215027 4 -1 -1 
459 230 5 6 0.26159951090812683 4 -1 -1 
462 336 6 10 0.2606409192085266 1 -1 -1 
463 284 5 9 0.2603914737701416 2 -1 -1 
466 265 5 7 0.2602934241294861 7 -1 -1 
495 294 11 14 0.2598002552986145 4 -1 -1 
463 232 5 5 0.25939637422561646 4 -1 -1 
147 490 8 18 0.2590700089931488 1 -1 -1 
420 276 6 6 0.2588784396648407 4 -1 -1 
455 231 6 6 0.25808265805244446 4 -1 -1 
454 233 5 5 0.2576366662979126 4 -1 -1 
408 287 11 10 0.25644651055336 4 -1 -1 
459 243 5 5 0.2555388808250427 6 -1 -1 
431 257 7 9 0.2554790675640106 6 -1 -1 
424 273 7 6 0.2545108199119568 4 -1 -1 
144 485 7 13 0.25394508242607117 1 -1 -1 
464 231 5 5 0.2536332309246063 7 -1 -1 
497 300 13 12 0.25271570682525635 4 -1 -1 
471 237 5 5 0.2526022493839264 4 -1 -1 
348 353 19 35 0.25239622592926025 7 -1 -1 
318 415 22 18 0.250621497631073 9 -1 -1 
412 279 10 9 0.25034579634666443 4 -1 -1 
461 335 6 12 0.2489912509918213 2 -1 -1 
466 237 4 5 0.24830280244350433 4 -1 -1 
303 427 19 25 0.2468159794807434 6 -1 -1 
464 232 5 6 0.24675288796424866 7 -1 -1 
358 350 8 11 0.2460903823375702 2 -1 -1 
414 274 9 9 0.24489963054656982 4 -1 -1 
471 277 5 9 0.241865873336792 4 -1 -1 
483 247 5 6 0.2417430579662323 4 -1 -1 
491 270 4 9 0.2403966337442398 1 -1 -1 
303 426 19 25 0.23969615995883942 4 -1 -1 
424 285 8 8 0.23958197236061096 5 -1 -1 
430 253 6 6 0.23935812711715698 4 -1 -1 
891 342 13 17 0.23909680545330048 10 -1 -1 
720 355 10 29 0.23902344703674316 1 -1 -1 
494 318 10 13 0.23900219798088074 7 -1 -1 
439 260 5 5 0.23872333765029907 6 -1 -1 
495 293 10 10 0.23560898005962372 4 -1 -1 
772 394 14 32 0.23502209782600403 1 -1 -1 
470 243 5 7 0.23486720025539398 8 -1 -1 
458 245 6 7 0.2346976399421692 9 -1 -1 
167 449 8 14 0.23408547043800354 10 -1 -1 
303 435 16 19 0.23356285691261292 4 -1 -1 
306 426 16 18 0.23179368674755096 5 -1 -1 
440 294 4 10 0.23059187829494476 2 -1 -1 
425 281 9 8 0.2295018881559372 4 -1 -1 
459 243 5 7 0.22935636341571808 8 -1 -1 
411 282 10 10 0.22892753779888153 4 -1 -1 
462 336 5 11 0.22887711226940155 10 -1 -1 
479 254 7 9 0.22751504182815552 6 -1 -1 
303 435 16 19 0.22709520161151886 5 -1 -1 
426 276 10 9 0.22677738964557648 6 -1 -1 
425 285 7 7 0.2253221869468689 6 -1 -1 
307 426 15 16 0.2250717580318451 8 -1 -1 
402 340 8 11 0.22378256916999817 8 -1 -1 
466 265 5 6 0.22334155440330505 2 -1 -1 
424 285 8 8 0.22324414551258087 8 -1 -1 
461 231 5 5 0.22278080880641937 4 -1 -1 
478 248 6 5 0.22236426174640656 4 -1 -1 
465 236 4 4 0.22212699055671692 4 -1 -1 
472 234 4 6 0.22099417448043823 6 -1 -1 
443 295 4 9 0.22011125087738037 10 -1 -1 
479 244 7 8 0.2199961245059967 4 -1 -1 
479 254 7 9 0.21983368694782257 5 -1 -1 
462 230 6 6 0.21924979984760284 4 -1 -1 
458 231 4 6 0.2188662588596344 4 -1 -1 
605 425 49 25 0.19193881750106812 4 -1 -1 
348 353 19 34 0.18933406472206116 8 -1 -1 
502 358 26 47 0.18042130768299103 6 -1 -1 
348 350 19 25 0.17798198759555817 6 -1 -1 
359 387 18 23 0.17508327960968018 6 -1 -1 
330 424 21 21 0.17219369113445282 5 -1 -1 
347 354 20 34 0.16705819964408875 5 -1 -1 
347 354 20 34 0.16636145114898682 4 -1 -1 
245 444 47 27 0.15794582664966583 5 -1 -1 
325 442 31 32 0.15692020952701569 5 -1 -1 
507 358 43 50 0.14088210463523865 6 -1 -1 
522 372 42 44 0.13704176247119904 6 -1 -1 
334 387 21 22 0.1234704926609993 5 -1 -1 
303 426 19 25 0.12290133535861969 7 -1 -1 
310 415 26 22 0.12222959101200104 6 -1 -1 
158 491 13 27 0.12006673961877823 1 -1 -1 
303 426 19 25 0.11961165070533752 9 -1 -1 
292 450 30 28 0.11533020436763763 5 -1 -1 
505 356 36 50 0.11397183686494827 9 -1 -1 
216 406 24 18 0.11354239284992218 4 -1 -1 
524 357 39 51 0.11194150149822235 5 -1 -1 
525 356 38 52 0.106718048453331 9 -1 -1 
348 350 19 25 0.10587700456380844 7 -1 -1 
245 442 31 25 0.10162630677223206 4 -1 -1 
272 476 34 39 0.1016019955277443 5 -1 -1 
330 424 21 22 0.10058986395597458 1 -1 -1 
146 493 12 25 0.09604916721582413 1 -1 -1 
525 357 38 52 0.09574180841445923 4 -1 -1 
307 420 24 23 0.09392094612121582 6 -1 -1 
330 424 21 22 0.09389471262693405 3 -1 -1 
159 473 16 28 0.09384732693433762 1 -1 -1 
295 420 22 18 0.0935896635055542 6 -1 -1 
502 357 26 48 0.09245959669351578 4 -1 -1 
326 415 23 22 0.09052029252052307 6 -1 -1 
301 423 21 18 0.08997155725955963 6 -1 -1 
504 345 50 58 0.08960321545600891 9 -1 -1 
317 409 23 25 0.08859812468290329 8 -1 -1 
295 443 27 28 0.08729463815689087 4 -1 -1 
340 350 27 20 0.08493631333112717 6 -1 -1 
503 330 37 71 0.08260560780763626 9 -1 -1 
383 313 20 18 0.08181440830230713 4 -1 -1 
157 481 15 26 0.08076082170009613 1 -1 -1 
330 424 21 22 0.07888441532850266 2 -1 -1 
503 330 37 71 0.07858958840370178 6 -1 -1 
509 335 50 69 0.07840605080127716 6 -1 -1 
331 424 20 20 0.07714509218931198 9 -1 -1 
325 442 32 33 0.07698813825845718 1 -1 -1 
325 443 32 32 0.07683199644088745 6 -1 -1 
334 387 21 22 0.07678434252738953 6 -1 -1 
507 358 43 50 0.0762505978345871 5 -1 -1 
347 354 20 34 0.07509641349315643 9 -1 -1 
502 344 29 59 0.0743091031908989 9 -1 -1 
144 486 14 26 0.07399014383554459 1 -1 -1 
359 387 18 23 0.0709589421749115 9 -1 -1 
246 445 46 24 0.07095243781805038 6 -1 -1 
347 351 20 24 0.06974638253450394 4 -1 -1 
292 450 30 28 0.06947191059589386 1 -1 -1 
245 431 46 36 0.0687204897403717 4 -1 -1 
292 450 30 28 0.06827124208211899 6 -1 -1 
837 362 72 35 0.06799864023923874 9 -1 -1 
524 383 37 52 0.06752490252256393 6 -1 -1 
274 422 17 26 0.06718284636735916 1 -1 -1 
325 443 32 32 0.06685922294855118 9 -1 -1 
334 387 21 22 0.06635226309299469 1 -1 -1 
509 361 51 56 0.06498634815216064 9 -1 -1 
348 350 19 25 0.06365533918142319 5 -1 -1 
350 350 18 24 0.06127791106700897 9 -1 -1 
556 456 40 35 0.060962870717048645 6 -1 -1 
597 318 142 104 0.06068149581551552 6 -1 -1 
341 348 29 43 0.05550220236182213 6 -1 -1 
595 320 110 80 0.05420420318841934 9 -1 -1 
264 445 55 32 0.05012079328298569 4 -1 -1 
