535 145 48 63 0.9773500561714172 5 -1 -1 
265 395 134 159 0.9571868181228638 4 -1 -1 
488 263 76 87 0.9500287175178528 4 -1 -1 
511 201 59 62 0.9415943026542664 4 -1 -1 
815 135 81 41 0.9317561388015747 4 -1 -1 
795 265 68 86 0.9317401051521301 5 -1 -1 
527 35 31 30 0.9117056131362915 4 -1 -1 
739 57 48 29 0.8893188834190369 4 -1 -1 
887 233 132 54 0.8616739511489868 4 -1 -1 
571 63 35 34 0.8595882058143616 4 -1 -1 
747 422 28 62 0.8321837186813354 3 -1 -1 
894 283 131 69 0.8263930678367615 4 -1 -1 
784 113 70 39 0.825677752494812 4 -1 -1 
541 53 39 31 0.8256146311759949 4 -1 -1 
739 24 54 24 0.7678252458572388 4 -1 -1 
509 61 11 29 0.7598938345909119 1 -1 -1 
499 0 50 17 0.7595478296279907 4 -1 -1 
1088 493 223 144 0.700248122215271 4 -1 -1 
787 64 45 25 0.6980614066123962 7 -1 -1 
258 713 47 51 0.6939584612846375 1 -1 -1 
349 98 13 34 0.6907748579978943 1 -1 -1 
566 9 7 13 0.6883223652839661 2 -1 -1 
746 405 30 62 0.6800104975700378 2 -1 -1 
224 263 31 38 0.6693150997161865 1 -1 -1 
573 3 8 15 0.666729748249054 2 -1 -1 
267 99 80 35 0.659442126750946 4 -1 -1 
793 95 84 32 0.6584991812705994 4 -1 -1 
392 351 148 219 0.6411955952644348 6 -1 -1 
232 432 36 62 0.6391832232475281 10 -1 -1 
543 84 41 46 0.6074692010879517 5 -1 -1 
392 367 147 199 0.5818852782249451 4 -1 -1 
547 113 41 47 0.581800103187561 4 -1 -1 
719 0 40 13 0.5786099433898926 4 -1 -1 
787 63 43 25 0.5708025097846985 4 -1 -1 
681 2 8 10 0.5642715096473694 10 -1 -1 
566 14 7 14 0.5631113648414612 10 -1 -1 
838 170 102 39 0.5619470477104187 4 -1 -1 
611 0 20 15 0.5600302815437317 4 -1 -1 
235 409 33 59 0.5483445525169373 2 -1 -1 
257 714 51 50 0.5403800010681152 2 -1 -1 
525 662 55 97 0.5397900342941284 2 -1 -1 
617 93 12 19 0.52718585729599 7 -1 -1 
574 9 7 12 0.5253167748451233 10 -1 -1 
528 661 59 101 0.5161210894584656 1 -1 -1 
542 84 42 47 0.5157581567764282 4 -1 -1 
547 113 41 47 0.5149355530738831 5 -1 -1 
788 99 74 39 0.48941636085510254 4 -1 -1 
233 426 30 50 0.4797700345516205 2 -1 -1 
595 6 15 23 0.46815964579582214 7 -1 -1 
21 212 17 40 0.46271783113479614 1 -1 -1 
682 0 7 8 0.45964956283569336 2 -1 -1 
351 85 25 26 0.4553290903568268 10 -1 -1 
21 212 21 35 0.4469176232814789 2 -1 -1 
225 263 29 38 0.42381587624549866 2 -1 -1 
383 30 8 18 0.41662833094596863 1 -1 -1 
889 251 132 57 0.3883480429649353 4 -1 -1 
618 92 11 17 0.3878631591796875 2 -1 -1 
266 78 75 35 0.38704371452331543 5 -1 -1 
595 6 15 23 0.38530224561691284 8 -1 -1 
849 197 97 47 0.3810732364654541 5 -1 -1 
566 14 7 14 0.3797713816165924 3 -1 -1 
566 13 7 14 0.3726503252983093 2 -1 -1 
963 174 23 30 0.3694659471511841 3 -1 -1 
852 197 102 47 0.36828407645225525 4 -1 -1 
574 9 7 12 0.3675570785999298 3 -1 -1 
8 218 13 28 0.36443060636520386 1 -1 -1 
809 73 55 29 0.3599216043949127 4 -1 -1 
914 66 14 16 0.3583104908466339 2 -1 -1 
345 99 15 32 0.3539256453514099 1 -1 -1 
595 6 15 23 0.34360113739967346 6 -1 -1 
392 353 146 214 0.3229042589664459 5 -1 -1 
23 212 22 43 0.3228761553764343 1 -1 -1 
233 410 36 63 0.31931576132774353 10 -1 -1 
262 80 82 41 0.31678450107574463 4 -1 -1 
795 264 67 88 0.31390878558158875 4 -1 -1 
961 174 25 30 0.3084838390350342 10 -1 -1 
11 214 20 37 0.30432993173599243 1 -1 -1 
235 409 33 62 0.2957494854927063 1 -1 -1 
746 405 30 62 0.29537850618362427 1 -1 -1 
617 93 12 20 0.2909708321094513 8 -1 -1 
1026 269 157 150 0.29012832045555115 6 -1 -1 
25 210 25 41 0.28731009364128113 2 -1 -1 
830 174 108 61 0.28448405861854553 4 -1 -1 
31 211 21 43 0.2844665050506592 1 -1 -1 
681 1 8 11 0.28307822346687317 2 -1 -1 
290 76 56 33 0.2808668613433838 5 -1 -1 
573 3 8 16 0.27894890308380127 1 -1 -1 
831 186 112 58 0.2769322395324707 6 -1 -1 
354 83 17 23 0.26866614818573 10 -1 -1 
611 0 20 15 0.26669421792030334 5 -1 -1 
574 8 7 13 0.26229149103164673 2 -1 -1 
17 214 16 34 0.2613600492477417 1 -1 -1 
843 173 96 40 0.26104679703712463 5 -1 -1 
284 78 58 34 0.2606244385242462 4 -1 -1 
573 3 8 17 0.25815701484680176 10 -1 -1 
11 217 14 29 0.25662463903427124 1 -1 -1 
566 10 7 14 0.25366413593292236 1 -1 -1 
232 430 34 65 0.253083199262619 3 -1 -1 
29 212 20 32 0.2520080804824829 1 -1 -1 
829 180 109 62 0.25109291076660156 5 -1 -1 
617 93 12 20 0.24997705221176147 10 -1 -1 
989 221 20 32 0.2468392252922058 3 -1 -1 
540 53 39 32 0.2456478774547577 6 -1 -1 
990 221 18 31 0.24309323728084564 1 -1 -1 
499 0 50 17 0.2387530654668808 5 -1 -1 
787 57 56 29 0.23358018696308136 4 -1 -1 
934 198 74 47 0.23174399137496948 8 -1 -1 
251 92 92 41 0.2311115264892578 5 -1 -1 
807 66 69 30 0.23065483570098877 4 -1 -1 
719 0 40 13 0.2294328212738037 5 -1 -1 
856 197 105 47 0.2280619591474533 6 -1 -1 
342 99 12 33 0.22519032657146454 1 -1 -1 
353 87 23 24 0.2249084711074829 3 -1 -1 
968 174 16 29 0.2222302258014679 1 -1 -1 
784 113 69 40 0.22138969600200653 5 -1 -1 
230 410 28 54 0.2194981426000595 2 -1 -1 
376 150 48 31 0.21643275022506714 10 -1 -1 
7 218 16 37 0.21639499068260193 1 -1 -1 
257 74 80 35 0.21611753106117249 4 -1 -1 
793 94 76 32 0.21538403630256653 5 -1 -1 
574 8 7 13 0.21375390887260437 1 -1 -1 
232 427 30 52 0.21314652264118195 10 -1 -1 
787 62 49 26 0.20973806083202362 5 -1 -1 
566 10 7 13 0.20955334603786469 10 -1 -1 
292 71 55 31 0.20920097827911377 4 -1 -1 
285 82 56 36 0.20726147294044495 5 -1 -1 
351 86 25 25 0.20549653470516205 7 -1 -1 
566 9 7 8 0.20418280363082886 2 -1 -1 
806 76 75 34 0.2041682004928589 4 -1 -1 
620 91 9 14 0.2034161388874054 2 -1 -1 
341 82 33 26 0.20194317400455475 10 -1 -1 
620 98 9 17 0.200860396027565 7 -1 -1 
959 180 24 32 0.19965749979019165 3 -1 -1 
808 69 44 26 0.197917178273201 4 -1 -1 
950 177 36 30 0.19614538550376892 10 -1 -1 
510 61 10 19 0.19569456577301025 2 -1 -1 
14 215 21 42 0.1954544633626938 1 -1 -1 
989 221 20 32 0.19464856386184692 10 -1 -1 
246 409 25 54 0.1935068517923355 2 -1 -1 
990 221 18 31 0.19345736503601074 2 -1 -1 
567 11 8 14 0.19291214644908905 10 -1 -1 
287 84 73 36 0.1921800971031189 4 -1 -1 
537 184 45 24 0.1912301629781723 4 -1 -1 
498 65 11 26 0.18957282602787018 1 -1 -1 
535 145 48 63 0.18946315348148346 4 -1 -1 
231 425 37 68 0.18870185315608978 2 -1 -1 
832 172 108 51 0.1859106421470642 6 -1 -1 
534 662 27 51 0.18470381200313568 1 -1 -1 
359 93 18 19 0.1833580583333969 10 -1 -1 
788 64 47 24 0.18335655331611633 6 -1 -1 
574 4 7 15 0.18151241540908813 3 -1 -1 
252 73 81 35 0.1808110475540161 5 -1 -1 
525 660 46 86 0.17941153049468994 1 -1 -1 
376 152 39 29 0.1782088428735733 3 -1 -1 
12 215 21 35 0.17815665900707245 2 -1 -1 
856 177 95 43 0.1765734851360321 4 -1 -1 
238 93 103 41 0.17616026103496552 4 -1 -1 
1032 267 149 153 0.17162199318408966 5 -1 -1 
238 79 95 40 0.1685747653245926 5 -1 -1 
841 185 150 63 0.16847266256809235 6 -1 -1 
788 99 74 39 0.15862272679805756 5 -1 -1 
532 659 52 73 0.15753553807735443 2 -1 -1 
807 66 69 30 0.1572059541940689 5 -1 -1 
33 206 21 41 0.14771199226379395 2 -1 -1 
787 59 70 31 0.14634956419467926 6 -1 -1 
11 211 26 30 0.1450587511062622 2 -1 -1 
894 283 131 69 0.14497743546962738 5 -1 -1 
488 263 75 87 0.14497241377830505 1 -1 -1 
265 395 134 159 0.1444062441587448 9 -1 -1 
786 56 66 33 0.14386063814163208 5 -1 -1 
535 145 48 63 0.14369697868824005 6 -1 -1 
272 99 74 36 0.1421324461698532 5 -1 -1 
267 67 78 32 0.13941407203674316 4 -1 -1 
17 212 23 31 0.13910911977291107 1 -1 -1 
535 145 47 63 0.1386517733335495 8 -1 -1 
27 223 20 39 0.1372532993555069 1 -1 -1 
504 62 17 32 0.13657650351524353 1 -1 -1 
289 74 78 36 0.1361718475818634 4 -1 -1 
814 134 82 42 0.13521066308021545 5 -1 -1 
488 263 76 87 0.13412393629550934 9 -1 -1 
829 171 138 68 0.13086636364459991 6 -1 -1 
392 351 148 219 0.1298632025718689 9 -1 -1 
34 206 26 46 0.12836772203445435 1 -1 -1 
488 292 75 57 0.12810485064983368 5 -1 -1 
267 395 131 158 0.1223132535815239 5 -1 -1 
463 354 72 136 0.1221201941370964 6 -1 -1 
267 67 78 32 0.12169692665338516 5 -1 -1 
535 145 47 63 0.12159813940525055 10 -1 -1 
810 86 90 39 0.12066137045621872 4 -1 -1 
1032 270 151 151 0.11932135373353958 4 -1 -1 
1088 494 218 142 0.11908117681741714 5 -1 -1 
28 207 23 33 0.11899350583553314 2 -1 -1 
231 427 37 67 0.11803442984819412 1 -1 -1 
1088 493 140 112 0.11744961887598038 4 -1 -1 
814 134 82 41 0.11703243851661682 1 -1 -1 
830 185 143 61 0.11446908861398697 4 -1 -1 
228 80 97 44 0.1144355833530426 4 -1 -1 
511 201 59 62 0.11224193125963211 1 -1 -1 
19 222 22 41 0.11178851127624512 1 -1 -1 
265 395 134 159 0.11128821223974228 1 -1 -1 
806 76 75 34 0.11076327413320541 5 -1 -1 
788 47 71 41 0.11061584204435349 4 -1 -1 
788 64 71 33 0.11059650778770447 4 -1 -1 
808 58 85 34 0.108080193400383 4 -1 -1 
1027 269 156 149 0.10766996443271637 8 -1 -1 
885 232 136 55 0.10764797776937485 5 -1 -1 
7 215 21 31 0.10749058425426483 2 -1 -1 
885 232 136 55 0.10658441483974457 6 -1 -1 
512 201 59 63 0.10573729127645493 5 -1 -1 
402 343 135 142 0.10565730929374695 6 -1 -1 
866 199 142 52 0.1044044941663742 4 -1 -1 
290 76 86 37 0.1032547578215599 6 -1 -1 
528 661 59 101 0.10251428931951523 10 -1 -1 
746 404 31 64 0.10222078114748001 3 -1 -1 
9 221 20 40 0.10218248516321182 1 -1 -1 
498 0 51 18 0.10170701146125793 1 -1 -1 
19 208 26 31 0.10130050033330917 2 -1 -1 
227 411 34 66 0.10110151767730713 1 -1 -1 
885 232 134 55 0.09962689131498337 9 -1 -1 
229 68 97 44 0.09957994520664215 5 -1 -1 
498 62 18 31 0.09803389757871628 1 -1 -1 
488 263 76 87 0.09759102761745453 10 -1 -1 
20 212 21 35 0.09489291906356812 10 -1 -1 
223 422 38 67 0.09480122476816177 10 -1 -1 
233 410 36 63 0.09456497430801392 3 -1 -1 
1028 269 155 149 0.09405714273452759 9 -1 -1 
224 412 38 64 0.09283173829317093 2 -1 -1 
257 714 51 50 0.09229528158903122 10 -1 -1 
291 65 71 32 0.09224991500377655 4 -1 -1 
793 95 84 32 0.0911862701177597 1 -1 -1 
32 204 19 36 0.09025450050830841 1 -1 -1 
869 195 141 57 0.08773760497570038 6 -1 -1 
794 57 79 33 0.0875854417681694 9 -1 -1 
894 283 131 69 0.08750356733798981 1 -1 -1 
1088 493 223 144 0.0870928093791008 1 -1 -1 
784 113 71 39 0.08637602627277374 1 -1 -1 
232 429 36 66 0.08442094922065735 7 -1 -1 
790 61 82 32 0.08301534503698349 5 -1 -1 
814 134 82 41 0.08219760656356812 6 -1 -1 
836 189 145 58 0.08217154443264008 5 -1 -1 
535 145 47 63 0.08207792043685913 7 -1 -1 
535 145 47 63 0.08165310323238373 2 -1 -1 
266 394 133 159 0.08147704601287842 10 -1 -1 
799 71 68 33 0.07978985458612442 5 -1 -1 
553 675 41 81 0.0786566510796547 1 -1 -1 
512 201 59 63 0.07854308933019638 9 -1 -1 
535 145 47 63 0.07853288948535919 9 -1 -1 
220 90 97 43 0.07800628244876862 4 -1 -1 
266 78 75 35 0.07687560468912125 6 -1 -1 
265 395 134 159 0.07671351730823517 6 -1 -1 
1091 492 247 139 0.0765611082315445 9 -1 -1 
793 94 76 32 0.07638446241617203 6 -1 -1 
796 87 92 36 0.07490850985050201 5 -1 -1 
794 39 63 36 0.07463586330413818 4 -1 -1 
520 652 86 111 0.07267764955759048 2 -1 -1 
264 394 136 159 0.07218914479017258 7 -1 -1 
1091 492 247 139 0.07154001295566559 6 -1 -1 
392 353 146 214 0.07027065008878708 8 -1 -1 
392 351 148 219 0.06754476577043533 1 -1 -1 
321 398 85 160 0.06521341949701309 4 -1 -1 
264 394 136 159 0.05568534508347511 3 -1 -1 
264 394 136 159 0.054722849279642105 8 -1 -1 
392 357 145 209 0.05299980565905571 7 -1 -1 
