691 209 35 23 0.9320167303085327 7 -1 -1 
439 249 13 44 0.8083702921867371 1 -1 -1 
429 243 13 48 0.7632842659950256 1 -1 -1 
774 198 32 18 0.7466193437576294 7 -1 -1 
774 198 32 19 0.7240790724754333 8 -1 -1 
690 208 21 24 0.6913543939590454 7 -1 -1 
705 204 10 15 0.6211641430854797 2 -1 -1 
729 206 20 24 0.6081071496009827 10 -1 -1 
948 204 10 30 0.60512375831604 1 -1 -1 
433 246 17 46 0.5409243702888489 1 -1 -1 
700 204 11 18 0.44031858444213867 2 -1 -1 
420 241 19 35 0.39843276143074036 1 -1 -1 
729 206 21 24 0.391409695148468 2 -1 -1 
799 200 7 16 0.2953762114048004 2 -1 -1 
423 241 18 38 0.2770928144454956 2 -1 -1 
690 210 21 22 0.27087685465812683 8 -1 -1 
690 209 21 23 0.25527551770210266 10 -1 -1 
705 204 10 15 0.2526509761810303 1 -1 -1 
691 209 35 23 0.24701471626758575 8 -1 -1 
428 242 14 50 0.24027203023433685 2 -1 -1 
430 242 12 24 0.23640193045139313 2 -1 -1 
729 206 21 24 0.2336728274822235 1 -1 -1 
795 202 10 14 0.23327702283859253 2 -1 -1 
729 206 13 22 0.22717362642288208 2 -1 -1 
774 200 13 18 0.2240179181098938 10 -1 -1 
774 198 32 18 0.2208300232887268 4 -1 -1 
790 198 15 16 0.22069305181503296 8 -1 -1 
734 206 15 19 0.2137167900800705 2 -1 -1 
691 208 35 24 0.2069292664527893 3 -1 -1 
761 185 7 13 0.2054169476032257 2 -1 -1 
631 177 27 18 0.20282232761383057 5 -1 -1 
798 205 7 12 0.19368071854114532 2 -1 -1 
759 191 11 9 0.18888624012470245 10 -1 -1 
431 242 11 24 0.1872258484363556 1 -1 -1 
439 249 13 25 0.18395376205444336 2 -1 -1 
698 208 13 19 0.18327990174293518 2 -1 -1 
795 200 11 15 0.18260720372200012 8 -1 -1 
430 241 14 35 0.1803840696811676 2 -1 -1 
540 177 37 17 0.17661450803279877 4 -1 -1 
581 221 9 14 0.17451050877571106 3 -1 -1 
795 204 10 13 0.17429311573505402 10 -1 -1 
693 205 17 18 0.17254981398582458 2 -1 -1 
702 204 9 18 0.17136451601982117 1 -1 -1 
706 203 12 13 0.17083007097244263 2 -1 -1 
794 204 8 12 0.1706147938966751 2 -1 -1 
419 242 18 35 0.17035050690174103 2 -1 -1 
706 205 13 17 0.16768977046012878 2 -1 -1 
432 240 10 21 0.1675390750169754 2 -1 -1 
784 198 22 16 0.16532611846923828 7 -1 -1 
793 198 13 15 0.16528013348579407 2 -1 -1 
798 200 8 15 0.16448922455310822 1 -1 -1 
774 198 32 19 0.1607314795255661 3 -1 -1 
774 198 32 19 0.1546092927455902 10 -1 -1 
753 190 16 10 0.15389683842658997 10 -1 -1 
784 198 22 16 0.1507626175880432 4 -1 -1 
729 213 17 17 0.15040627121925354 10 -1 -1 
689 209 36 23 0.14887277781963348 2 -1 -1 
760 189 9 11 0.14856259524822235 2 -1 -1 
631 177 26 19 0.1476805955171585 4 -1 -1 
662 149 7 22 0.14660440385341644 1 -1 -1 
774 200 13 18 0.1459396928548813 8 -1 -1 
774 198 32 18 0.14429093897342682 6 -1 -1 
795 202 10 14 0.14363886415958405 1 -1 -1 
435 243 16 32 0.14359818398952484 2 -1 -1 
690 210 22 22 0.1433640569448471 2 -1 -1 
629 190 7 12 0.14323259890079498 1 -1 -1 
558 176 45 19 0.13970832526683807 4 -1 -1 
439 248 13 41 0.13879944384098053 2 -1 -1 
691 203 59 30 0.13875339925289154 7 -1 -1 
796 198 10 12 0.13852904736995697 2 -1 -1 
691 209 35 23 0.13795970380306244 6 -1 -1 
702 208 10 16 0.13777625560760498 2 -1 -1 
431 244 18 47 0.13467815518379211 2 -1 -1 
417 242 15 33 0.13363684713840485 1 -1 -1 
165 197 121 76 0.13319151103496552 5 -1 -1 
691 209 35 23 0.13172991573810577 10 -1 -1 
799 209 6 9 0.12926343083381653 10 -1 -1 
435 243 16 32 0.12919148802757263 1 -1 -1 
791 200 14 15 0.12792064249515533 7 -1 -1 
798 200 8 16 0.1270061731338501 10 -1 -1 
776 206 9 13 0.1266295313835144 2 -1 -1 
776 206 9 13 0.1261153668165207 1 -1 -1 
440 258 12 36 0.12597115337848663 9 -1 -1 
761 186 7 13 0.12380560487508774 10 -1 -1 
426 243 11 32 0.12201763689517975 1 -1 -1 
692 207 18 17 0.12195095419883728 7 -1 -1 
798 205 7 12 0.12152229249477386 1 -1 -1 
691 209 35 23 0.12000438570976257 9 -1 -1 
585 224 5 10 0.1197923794388771 1 -1 -1 
293 242 9 18 0.11946308612823486 1 -1 -1 
426 239 17 29 0.1161978617310524 2 -1 -1 
703 204 24 22 0.11579945683479309 2 -1 -1 
731 204 17 18 0.1155506819486618 2 -1 -1 
695 216 16 17 0.1138397604227066 10 -1 -1 
691 209 35 23 0.11347299069166183 4 -1 -1 
703 204 24 22 0.11329809576272964 7 -1 -1 
696 211 15 20 0.11248377710580826 7 -1 -1 
584 224 6 12 0.11133334785699844 3 -1 -1 
794 204 8 12 0.11081621050834656 10 -1 -1 
422 243 12 32 0.11051487922668457 1 -1 -1 
691 201 34 24 0.11037047207355499 7 -1 -1 
540 177 37 17 0.10898281633853912 5 -1 -1 
746 190 15 11 0.10674364119768143 3 -1 -1 
774 198 32 18 0.10666809976100922 2 -1 -1 
690 208 21 24 0.10645581781864166 3 -1 -1 
428 243 12 30 0.10602913796901703 2 -1 -1 
691 209 35 23 0.10566669702529907 1 -1 -1 
583 221 7 14 0.104393370449543 1 -1 -1 
634 176 35 20 0.10387077927589417 5 -1 -1 
440 248 11 17 0.10374157130718231 2 -1 -1 
708 206 17 16 0.10289359092712402 2 -1 -1 
774 200 12 18 0.10278313606977463 2 -1 -1 
704 211 7 15 0.10215536504983902 2 -1 -1 
774 198 32 18 0.10176089406013489 5 -1 -1 
774 200 13 18 0.10074713826179504 7 -1 -1 
749 190 20 10 0.10073719918727875 3 -1 -1 
729 206 13 22 0.10072147101163864 1 -1 -1 
173 208 116 64 0.10029079765081406 9 -1 -1 
792 200 13 15 0.0998450517654419 10 -1 -1 
948 205 10 29 0.09939956665039062 2 -1 -1 
617 176 40 21 0.0992971882224083 5 -1 -1 
710 221 6 12 0.09915933758020401 1 -1 -1 
620 176 34 18 0.09777035564184189 4 -1 -1 
695 209 17 18 0.09770525991916656 1 -1 -1 
793 203 10 13 0.09722674638032913 7 -1 -1 
538 156 25 13 0.09488676488399506 3 -1 -1 
426 239 17 29 0.09432335197925568 1 -1 -1 
441 249 12 23 0.09320533275604248 1 -1 -1 
761 186 7 13 0.09320016950368881 1 -1 -1 
714 208 12 17 0.09239693731069565 2 -1 -1 
698 208 13 19 0.0915689766407013 7 -1 -1 
173 208 116 64 0.09141338616609573 4 -1 -1 
433 243 11 23 0.0912332832813263 2 -1 -1 
774 199 19 16 0.08982396870851517 10 -1 -1 
437 249 10 35 0.08900469541549683 1 -1 -1 
758 191 12 9 0.08867285400629044 3 -1 -1 
729 206 20 24 0.0882784053683281 4 -1 -1 
795 201 11 15 0.08823324739933014 7 -1 -1 
735 205 15 13 0.08734183013439178 2 -1 -1 
716 208 11 17 0.08727705478668213 9 -1 -1 
774 200 12 18 0.08725403249263763 1 -1 -1 
426 242 11 23 0.0865202248096466 2 -1 -1 
634 176 35 20 0.0864822193980217 4 -1 -1 
774 198 32 18 0.0860973447561264 1 -1 -1 
190 220 88 49 0.08608599007129669 9 -1 -1 
710 221 6 12 0.08570800721645355 2 -1 -1 
422 243 18 49 0.0856686681509018 1 -1 -1 
439 248 13 45 0.08549634367227554 3 -1 -1 
553 176 30 18 0.08545571565628052 4 -1 -1 
694 213 23 16 0.08520868420600891 2 -1 -1 
784 198 22 16 0.0848347470164299 2 -1 -1 
774 200 13 18 0.08442183583974838 3 -1 -1 
784 198 22 16 0.08411294966936111 6 -1 -1 
784 198 22 16 0.08410095423460007 1 -1 -1 
463 206 9 20 0.0834382176399231 1 -1 -1 
624 174 31 17 0.0829901173710823 5 -1 -1 
689 202 22 26 0.08297834545373917 2 -1 -1 
434 244 15 22 0.08272553980350494 2 -1 -1 
738 207 11 24 0.08249962329864502 2 -1 -1 
789 202 15 14 0.08204136043787003 2 -1 -1 
706 200 11 13 0.08110921084880829 2 -1 -1 
799 209 6 9 0.08098942786455154 1 -1 -1 
732 205 18 17 0.08086608350276947 10 -1 -1 
699 203 11 15 0.08072974532842636 1 -1 -1 
703 210 8 14 0.08023794740438461 1 -1 -1 
438 248 11 21 0.07946567237377167 2 -1 -1 
690 210 18 15 0.07844094932079315 2 -1 -1 
442 249 16 39 0.07841535657644272 1 -1 -1 
433 240 9 18 0.07840666174888611 1 -1 -1 
706 205 13 17 0.07822498679161072 1 -1 -1 
194 221 86 48 0.07740829139947891 4 -1 -1 
799 199 8 13 0.07704757899045944 1 -1 -1 
799 209 6 9 0.07668142020702362 3 -1 -1 
691 205 19 18 0.07569669932126999 3 -1 -1 
740 207 10 17 0.07566837221384048 2 -1 -1 
194 221 86 48 0.0747767761349678 8 -1 -1 
612 182 41 18 0.07460411638021469 4 -1 -1 
191 224 89 46 0.07415256649255753 3 -1 -1 
663 166 5 10 0.0739411786198616 1 -1 -1 
698 208 13 19 0.07389024645090103 10 -1 -1 
433 246 17 46 0.07337791472673416 3 -1 -1 
432 244 11 33 0.07270994037389755 1 -1 -1 
692 207 51 29 0.07238784432411194 9 -1 -1 
691 212 17 19 0.07159741222858429 1 -1 -1 
662 205 10 19 0.07121770083904266 1 -1 -1 
784 199 22 15 0.07096751779317856 10 -1 -1 
591 179 64 27 0.07029027491807938 4 -1 -1 
688 200 23 27 0.06886889040470123 9 -1 -1 
941 203 16 30 0.06844010204076767 1 -1 -1 
194 221 86 48 0.06800708919763565 5 -1 -1 
729 206 20 24 0.06779319047927856 3 -1 -1 
688 200 23 27 0.06615743041038513 7 -1 -1 
558 176 43 18 0.06495602428913116 10 -1 -1 
432 241 17 27 0.06435748934745789 1 -1 -1 
726 207 22 32 0.06410461664199829 10 -1 -1 
622 179 71 29 0.06398280709981918 4 -1 -1 
589 185 64 30 0.06337325274944305 4 -1 -1 
685 200 44 35 0.062322065234184265 7 -1 -1 
604 185 48 20 0.061598725616931915 4 -1 -1 
700 204 28 23 0.06138991564512253 1 -1 -1 
173 208 116 64 0.06084291264414787 6 -1 -1 
429 242 13 50 0.06074747443199158 3 -1 -1 
439 249 13 44 0.0599265918135643 4 -1 -1 
439 248 13 45 0.05942394956946373 10 -1 -1 
152 173 112 100 0.05940800532698631 5 -1 -1 
774 198 32 19 0.05886910483241081 9 -1 -1 
589 180 65 27 0.05871592462062836 5 -1 -1 
627 174 32 18 0.05844268575310707 4 -1 -1 
611 181 43 21 0.05812104791402817 5 -1 -1 
191 224 89 46 0.05762440711259842 7 -1 -1 
692 204 59 29 0.057387493550777435 6 -1 -1 
155 181 121 93 0.0571771077811718 4 -1 -1 
624 174 31 17 0.05661507695913315 9 -1 -1 
416 232 20 41 0.055211275815963745 9 -1 -1 
729 206 20 24 0.05507013946771622 7 -1 -1 
608 175 46 23 0.05480600520968437 4 -1 -1 
622 179 71 29 0.05433613806962967 5 -1 -1 
604 183 74 29 0.054189879447221756 4 -1 -1 
631 177 26 19 0.05328720435500145 6 -1 -1 
264 115 83 48 0.052644167095422745 4 -1 -1 
427 241 22 53 0.05175891891121864 9 -1 -1 
439 245 16 29 0.051516372710466385 1 -1 -1 
532 152 33 20 0.05151290073990822 3 -1 -1 
433 246 17 46 0.05138484388589859 10 -1 -1 
691 201 34 24 0.05126829072833061 10 -1 -1 
691 201 34 24 0.0509415902197361 2 -1 -1 
690 209 22 23 0.05073296278715134 4 -1 -1 
429 236 18 26 0.05072524771094322 2 -1 -1 
557 176 44 18 0.05061407387256622 5 -1 -1 
