1269 488 88 65 0.9612047672271729 5 -1 -1 
801 346 89 44 0.9491965174674988 4 -1 -1 
959 291 79 35 0.9480611085891724 4 -1 -1 
213 501 148 67 0.936847448348999 4 -1 -1 
1044 376 90 49 0.9243261218070984 4 -1 -1 
1230 542 81 90 0.9097384214401245 4 -1 -1 
497 460 95 77 0.9031643867492676 4 -1 -1 
1233 315 72 38 0.898347795009613 4 -1 -1 
133 268 41 39 0.8925747871398926 4 -1 -1 
267 330 54 45 0.8726365566253662 4 -1 -1 
730 256 48 33 0.8589156270027161 4 -1 -1 
448 211 36 26 0.8548907041549683 4 -1 -1 
122 156 27 26 0.8494338989257812 4 -1 -1 
659 709 28 54 0.8456488251686096 1 -1 -1 
341 536 86 96 0.8386478424072266 4 -1 -1 
1143 711 34 49 0.8350406289100647 1 -1 -1 
156 101 19 17 0.8324717283248901 4 -1 -1 
431 193 34 25 0.8240354061126709 4 -1 -1 
683 211 27 29 0.8212692141532898 4 -1 -1 
654 215 7 24 0.8211398720741272 1 -1 -1 
646 217 8 24 0.8183998465538025 1 -1 -1 
300 290 46 39 0.8123028874397278 4 -1 -1 
153 79 16 14 0.7942617535591125 4 -1 -1 
1174 674 65 41 0.7868310213088989 10 -1 -1 
643 289 10 25 0.778132438659668 1 -1 -1 
145 59 15 12 0.7762035727500916 4 -1 -1 
631 289 10 27 0.7596629858016968 1 -1 -1 
34 247 10 27 0.7436259984970093 1 -1 -1 
397 164 32 26 0.7124270796775818 4 -1 -1 
195 260 39 46 0.7039554715156555 4 -1 -1 
1280 271 67 33 0.694243848323822 4 -1 -1 
134 115 7 13 0.6688898801803589 2 -1 -1 
1194 661 30 47 0.6637212038040161 2 -1 -1 
149 12 8 7 0.6625076532363892 4 -1 -1 
134 121 8 11 0.6545153856277466 10 -1 -1 
129 19 11 9 0.6380892395973206 4 -1 -1 
125 326 20 22 0.6378594636917114 10 -1 -1 
832 234 67 35 0.6303502917289734 4 -1 -1 
598 252 9 24 0.6287610530853271 1 -1 -1 
524 216 23 15 0.6066700220108032 10 -1 -1 
832 235 67 34 0.5679594874382019 5 -1 -1 
126 315 14 20 0.567276656627655 2 -1 -1 
1176 667 24 38 0.5630301237106323 2 -1 -1 
264 10 16 7 0.504564106464386 4 -1 -1 
1180 663 39 45 0.49777287244796753 2 -1 -1 
579 238 37 29 0.4828241467475891 4 -1 -1 
579 238 36 30 0.47312748432159424 5 -1 -1 
650 216 8 24 0.4717702865600586 1 -1 -1 
578 249 12 25 0.4639701545238495 1 -1 -1 
0 128 25 19 0.4610472023487091 4 -1 -1 
466 221 8 19 0.44581151008605957 1 -1 -1 
252 4 12 11 0.43858352303504944 4 -1 -1 
448 211 36 26 0.4371006190776825 6 -1 -1 
732 170 11 18 0.4285886585712433 2 -1 -1 
1327 434 31 57 0.4016958475112915 4 -1 -1 
581 249 11 23 0.40110403299331665 1 -1 -1 
127 319 15 23 0.3920010030269623 2 -1 -1 
769 188 8 14 0.3881429135799408 10 -1 -1 
194 259 40 47 0.3763553202152252 5 -1 -1 
581 160 8 20 0.3703985810279846 10 -1 -1 
769 187 8 14 0.36220821738243103 2 -1 -1 
386 104 42 22 0.35762304067611694 4 -1 -1 
16 110 22 22 0.34289175271987915 4 -1 -1 
125 319 10 19 0.3309766948223114 2 -1 -1 
448 211 36 26 0.32514268159866333 7 -1 -1 
605 204 19 16 0.31791016459465027 2 -1 -1 
127 323 16 20 0.30676427483558655 10 -1 -1 
733 170 10 19 0.29965680837631226 1 -1 -1 
398 165 31 25 0.2980063855648041 5 -1 -1 
606 203 10 17 0.29750967025756836 2 -1 -1 
579 249 12 25 0.29649874567985535 2 -1 -1 
466 221 8 19 0.2962419390678406 2 -1 -1 
127 324 17 23 0.2920280396938324 2 -1 -1 
720 183 24 24 0.29046714305877686 10 -1 -1 
268 10 17 8 0.28927016258239746 4 -1 -1 
134 116 8 13 0.28330016136169434 10 -1 -1 
205 9 11 10 0.28259435296058655 4 -1 -1 
126 315 10 15 0.2798977196216583 2 -1 -1 
806 143 10 15 0.2778956890106201 2 -1 -1 
719 183 25 24 0.2592046856880188 3 -1 -1 
730 172 13 18 0.2590526342391968 10 -1 -1 
806 143 10 14 0.2561626732349396 1 -1 -1 
134 120 9 12 0.25455623865127563 2 -1 -1 
174 20 5 7 0.25416886806488037 10 -1 -1 
769 193 7 11 0.25216779112815857 10 -1 -1 
271 13 13 9 0.25208336114883423 4 -1 -1 
1270 487 86 66 0.24939101934432983 8 -1 -1 
524 216 23 15 0.24416804313659668 3 -1 -1 
1319 623 39 66 0.2431923896074295 9 -1 -1 
131 322 13 21 0.24014036357402802 2 -1 -1 
135 116 7 13 0.23904360830783844 1 -1 -1 
585 250 8 19 0.23890815675258636 1 -1 -1 
175 10 7 6 0.2382359504699707 4 -1 -1 
805 145 11 14 0.23806481063365936 10 -1 -1 
728 193 17 16 0.23570868372917175 10 -1 -1 
1194 661 30 47 0.23324836790561676 1 -1 -1 
1187 666 43 44 0.23081235587596893 10 -1 -1 
649 215 7 22 0.23027996718883514 1 -1 -1 
725 177 18 14 0.22518686950206757 10 -1 -1 
0 159 13 21 0.22407229244709015 4 -1 -1 
730 171 9 17 0.22185473144054413 2 -1 -1 
769 186 7 10 0.21943576633930206 2 -1 -1 
1176 667 24 38 0.2155928611755371 1 -1 -1 
205 9 11 10 0.21326619386672974 7 -1 -1 
174 20 5 7 0.2131466418504715 3 -1 -1 
769 190 8 13 0.20836827158927917 3 -1 -1 
251 3 13 11 0.2076776772737503 5 -1 -1 
255 7 10 8 0.20684932172298431 4 -1 -1 
1327 436 31 54 0.2062162458896637 5 -1 -1 
1183 666 54 46 0.20449581742286682 2 -1 -1 
805 145 11 14 0.20261651277542114 3 -1 -1 
204 4 13 15 0.20256783068180084 4 -1 -1 
1280 271 67 33 0.2003139853477478 5 -1 -1 
769 187 8 15 0.19736437499523163 1 -1 -1 
174 20 5 6 0.19692368805408478 1 -1 -1 
576 247 19 28 0.19579924643039703 1 -1 -1 
854 226 28 19 0.19498787820339203 7 -1 -1 
724 179 19 12 0.19488199055194855 3 -1 -1 
274 14 15 8 0.19230049848556519 4 -1 -1 
174 16 5 10 0.191197007894516 1 -1 -1 
126 315 13 20 0.18980729579925537 1 -1 -1 
101 111 25 13 0.18931691348552704 4 -1 -1 
0 184 12 22 0.1889474242925644 4 -1 -1 
271 16 10 7 0.1880139261484146 4 -1 -1 
728 174 15 16 0.18793196976184845 2 -1 -1 
1320 622 38 69 0.18767982721328735 4 -1 -1 
683 210 28 30 0.18451113998889923 5 -1 -1 
726 191 18 17 0.18339620530605316 3 -1 -1 
766 186 11 15 0.1826729029417038 10 -1 -1 
1270 488 88 65 0.18222296237945557 4 -1 -1 
0 175 22 30 0.18156588077545166 4 -1 -1 
134 121 8 11 0.1781032383441925 3 -1 -1 
595 249 8 20 0.17770320177078247 1 -1 -1 
0 113 9 15 0.1725991815328598 4 -1 -1 
1175 679 63 35 0.17217449843883514 3 -1 -1 
811 166 13 9 0.17107337713241577 10 -1 -1 
582 248 10 21 0.1705556958913803 2 -1 -1 
581 160 8 20 0.1670437455177307 3 -1 -1 
127 316 15 24 0.1666107028722763 1 -1 -1 
854 226 28 19 0.16589976847171783 8 -1 -1 
728 174 15 16 0.16473373770713806 1 -1 -1 
0 156 20 27 0.15903444588184357 4 -1 -1 
268 330 53 45 0.15826855599880219 5 -1 -1 
575 242 30 32 0.15822149813175201 1 -1 -1 
1174 674 65 41 0.14411331713199615 4 -1 -1 
389 105 39 22 0.1408805251121521 5 -1 -1 
720 183 24 24 0.13978663086891174 7 -1 -1 
15 111 27 29 0.13951027393341064 4 -1 -1 
1298 264 58 40 0.13873180747032166 4 -1 -1 
1320 622 38 69 0.1356465071439743 5 -1 -1 
959 291 79 35 0.13463328778743744 1 -1 -1 
387 113 40 14 0.13445474207401276 4 -1 -1 
46 246 14 32 0.12642501294612885 1 -1 -1 
589 243 25 33 0.12628650665283203 1 -1 -1 
801 346 89 44 0.12590157985687256 9 -1 -1 
17 106 32 27 0.12564054131507874 4 -1 -1 
1320 623 38 69 0.1245817244052887 6 -1 -1 
576 247 19 28 0.12230565398931503 2 -1 -1 
213 501 149 67 0.1202588900923729 9 -1 -1 
0 156 20 27 0.12016917020082474 5 -1 -1 
1 120 35 26 0.11975795775651932 4 -1 -1 
431 193 34 25 0.11961426585912704 5 -1 -1 
1046 376 88 49 0.11771657317876816 5 -1 -1 
722 175 23 28 0.11727138608694077 10 -1 -1 
802 346 88 44 0.11553815752267838 1 -1 -1 
1230 543 81 89 0.11389268189668655 1 -1 -1 
123 314 20 25 0.11181990802288055 2 -1 -1 
213 501 149 67 0.11136752367019653 10 -1 -1 
0 171 28 28 0.110540471971035 4 -1 -1 
100 107 27 18 0.10982075333595276 5 -1 -1 
0 150 27 31 0.10961880534887314 4 -1 -1 
578 243 33 32 0.10941453278064728 8 -1 -1 
579 238 37 32 0.10760949552059174 6 -1 -1 
1319 623 39 66 0.10743985325098038 1 -1 -1 
0 164 23 26 0.10616089403629303 4 -1 -1 
722 175 23 28 0.10350636392831802 3 -1 -1 
213 501 148 67 0.10325479507446289 1 -1 -1 
1234 315 71 38 0.10214290022850037 1 -1 -1 
391 160 34 26 0.10204483568668365 4 -1 -1 
35 247 15 32 0.09942124038934708 1 -1 -1 
1233 315 72 38 0.09934848546981812 5 -1 -1 
213 502 149 66 0.0976727157831192 5 -1 -1 
959 291 79 35 0.09724561125040054 9 -1 -1 
0 127 24 21 0.09658218175172806 5 -1 -1 
15 109 23 23 0.09657518565654755 5 -1 -1 
1174 674 66 41 0.0962856188416481 7 -1 -1 
1174 672 65 43 0.09622292220592499 1 -1 -1 
641 287 15 28 0.09583597630262375 1 -1 -1 
802 346 88 44 0.09570464491844177 6 -1 -1 
1269 488 88 65 0.09564846754074097 2 -1 -1 
101 104 28 22 0.09482754021883011 4 -1 -1 
193 259 41 47 0.0945543646812439 6 -1 -1 
832 234 67 35 0.09280535578727722 6 -1 -1 
959 291 79 35 0.09263485670089722 5 -1 -1 
579 238 37 29 0.09255189448595047 8 -1 -1 
802 346 88 44 0.0924730896949768 7 -1 -1 
1270 488 88 65 0.09112890809774399 6 -1 -1 
1044 376 90 49 0.09102763235569 1 -1 -1 
213 501 149 67 0.08881910145282745 7 -1 -1 
267 330 54 45 0.08868011087179184 1 -1 -1 
341 536 86 96 0.08797839283943176 5 -1 -1 
497 460 96 77 0.08793503046035767 6 -1 -1 
722 168 22 27 0.08722742646932602 10 -1 -1 
575 242 30 32 0.0868351012468338 2 -1 -1 
14 145 39 21 0.08667150139808655 4 -1 -1 
124 324 22 25 0.08586530387401581 1 -1 -1 
382 164 31 26 0.08460302650928497 4 -1 -1 
801 346 89 44 0.08435816317796707 5 -1 -1 
448 212 36 25 0.08427935838699341 5 -1 -1 
430 193 35 25 0.08357582241296768 1 -1 -1 
0 149 50 25 0.08320891112089157 4 -1 -1 
499 460 94 77 0.08234165608882904 9 -1 -1 
0 173 27 31 0.08231085538864136 5 -1 -1 
579 238 37 31 0.08218716830015182 1 -1 -1 
1280 271 67 33 0.0808752253651619 1 -1 -1 
0 158 38 26 0.08084215968847275 4 -1 -1 
959 291 79 35 0.08020903915166855 10 -1 -1 
448 212 36 25 0.07990489900112152 8 -1 -1 
0 132 31 23 0.07967740297317505 4 -1 -1 
590 170 19 28 0.07853333652019501 10 -1 -1 
213 502 149 66 0.0650852844119072 6 -1 -1 
213 501 148 67 0.05632448196411133 8 -1 -1 
341 536 86 96 0.05604211986064911 1 -1 -1 
497 460 96 79 0.05387679114937782 5 -1 -1 
212 501 149 67 0.050000306218862534 3 -1 -1 
