1087 694 61 39 0.993572473526001 3 -1 -1 
614 122 55 106 0.9525166153907776 9 -1 -1 
458 292 68 119 0.9490717649459839 6 -1 -1 
381 439 123 101 0.9330840110778809 4 -1 -1 
532 266 13 41 0.9129354953765869 1 -1 -1 
715 169 91 41 0.9116071462631226 4 -1 -1 
398 493 127 114 0.9027493596076965 4 -1 -1 
574 52 29 34 0.8940520882606506 4 -1 -1 
521 264 13 39 0.8910112380981445 1 -1 -1 
676 122 37 38 0.880585789680481 4 -1 -1 
811 517 73 88 0.8748283982276917 4 -1 -1 
760 318 66 77 0.8737014532089233 4 -1 -1 
567 98 33 41 0.8729667663574219 4 -1 -1 
749 453 131 61 0.8193413615226746 4 -1 -1 
562 15 8 23 0.7681148052215576 1 -1 -1 
540 6 25 28 0.7576040625572205 4 -1 -1 
1141 652 37 71 0.7570074796676636 10 -1 -1 
575 25 10 17 0.7181338667869568 2 -1 -1 
581 0 26 22 0.7157450914382935 4 -1 -1 
709 242 59 56 0.7135383486747742 5 -1 -1 
320 254 10 23 0.7105928063392639 1 -1 -1 
1176 709 26 55 0.6974663138389587 10 -1 -1 
585 333 19 37 0.6934893727302551 10 -1 -1 
473 259 46 53 0.682658314704895 4 -1 -1 
817 190 67 49 0.6654506921768188 4 -1 -1 
749 209 45 45 0.6605708599090576 4 -1 -1 
466 213 57 58 0.6571900844573975 4 -1 -1 
1023 487 32 48 0.6510379314422607 1 -1 -1 
575 31 10 19 0.6502159833908081 10 -1 -1 
541 319 22 32 0.6463902592658997 7 -1 -1 
655 2 9 25 0.6414172053337097 1 -1 -1 
1086 639 76 35 0.6125727891921997 10 -1 -1 
112 547 24 43 0.6081395745277405 3 -1 -1 
724 122 37 45 0.5991533994674683 4 -1 -1 
640 21 9 23 0.5917708277702332 1 -1 -1 
548 27 7 19 0.5858842730522156 1 -1 -1 
586 328 17 29 0.5838053226470947 2 -1 -1 
426 624 101 140 0.5633592009544373 4 -1 -1 
543 333 13 17 0.5295390486717224 2 -1 -1 
951 317 16 36 0.5234828591346741 1 -1 -1 
634 86 29 39 0.5178057551383972 8 -1 -1 
1087 694 61 39 0.5065596699714661 4 -1 -1 
634 86 29 39 0.502008318901062 4 -1 -1 
425 699 97 65 0.49497973918914795 4 -1 -1 
721 89 69 39 0.49271437525749207 4 -1 -1 
634 86 29 41 0.45303308963775635 5 -1 -1 
949 327 13 32 0.4503064751625061 1 -1 -1 
614 123 56 104 0.4489828050136566 8 -1 -1 
821 689 118 75 0.44711142778396606 4 -1 -1 
655 0 32 27 0.44165611267089844 4 -1 -1 
461 289 66 121 0.4368014633655548 5 -1 -1 
812 529 71 77 0.4283846616744995 5 -1 -1 
960 318 14 30 0.42548298835754395 1 -1 -1 
1087 642 54 34 0.42522674798965454 3 -1 -1 
542 319 21 35 0.41728484630584717 10 -1 -1 
641 21 8 21 0.4163488447666168 2 -1 -1 
709 243 59 55 0.40268081426620483 4 -1 -1 
342 255 34 37 0.4025941491127014 4 -1 -1 
542 319 21 36 0.3991289436817169 3 -1 -1 
159 464 29 25 0.3974401652812958 10 -1 -1 
955 317 16 32 0.39097559452056885 1 -1 -1 
1087 694 61 39 0.3867846429347992 7 -1 -1 
655 0 32 26 0.3836355209350586 5 -1 -1 
541 319 22 32 0.376766562461853 8 -1 -1 
822 690 107 73 0.36509761214256287 5 -1 -1 
640 23 9 21 0.3606588840484619 10 -1 -1 
542 321 15 27 0.36041271686553955 2 -1 -1 
674 86 32 34 0.3543907701969147 4 -1 -1 
1087 694 61 39 0.3427804410457611 9 -1 -1 
585 336 17 28 0.33977267146110535 2 -1 -1 
614 122 55 106 0.3119959533214569 5 -1 -1 
547 22 8 19 0.2980807423591614 2 -1 -1 
789 121 14 41 0.29599466919898987 1 -1 -1 
433 723 89 42 0.2940026521682739 4 -1 -1 
48 654 42 26 0.29033362865448 3 -1 -1 
634 86 29 39 0.28813865780830383 7 -1 -1 
1141 655 36 66 0.2870143949985504 3 -1 -1 
726 121 39 45 0.2807551324367523 5 -1 -1 
543 320 19 24 0.28000062704086304 2 -1 -1 
575 31 10 19 0.27668648958206177 3 -1 -1 
45 653 45 27 0.2754308879375458 10 -1 -1 
439 665 84 98 0.275149405002594 4 -1 -1 
655 0 32 27 0.2700926661491394 8 -1 -1 
545 24 9 20 0.26396945118904114 1 -1 -1 
905 577 103 166 0.2633613646030426 6 -1 -1 
730 75 14 29 0.2622562646865845 1 -1 -1 
473 216 48 49 0.25219058990478516 7 -1 -1 
58 647 32 31 0.2488097846508026 3 -1 -1 
1087 694 61 39 0.24716928601264954 10 -1 -1 
640 27 9 18 0.24503378570079803 3 -1 -1 
343 249 43 38 0.2445530891418457 4 -1 -1 
1093 645 75 33 0.24316886067390442 3 -1 -1 
459 715 65 48 0.23982641100883484 4 -1 -1 
466 213 58 56 0.2367686927318573 6 -1 -1 
458 292 69 118 0.23358406126499176 4 -1 -1 
341 260 51 36 0.2325287014245987 4 -1 -1 
547 27 8 19 0.23126140236854553 2 -1 -1 
958 300 19 25 0.23071600496768951 2 -1 -1 
575 25 10 18 0.228148952126503 1 -1 -1 
1096 642 72 42 0.22318698465824127 10 -1 -1 
753 121 17 42 0.22126668691635132 1 -1 -1 
547 29 8 18 0.21684910356998444 3 -1 -1 
810 328 63 64 0.2150574028491974 4 -1 -1 
969 309 10 27 0.21495242416858673 1 -1 -1 
62 659 29 20 0.2114318162202835 3 -1 -1 
656 0 31 27 0.21105879545211792 6 -1 -1 
158 465 29 25 0.20946873724460602 3 -1 -1 
585 335 17 24 0.2076963484287262 10 -1 -1 
674 85 32 35 0.2076166570186615 5 -1 -1 
465 214 59 55 0.20545798540115356 5 -1 -1 
341 266 96 47 0.20545297861099243 4 -1 -1 
953 317 14 32 0.20250895619392395 2 -1 -1 
614 122 55 106 0.20205213129520416 2 -1 -1 
957 300 21 33 0.20190024375915527 10 -1 -1 
904 576 58 118 0.2002687007188797 6 -1 -1 
731 118 38 42 0.20012329518795013 4 -1 -1 
473 216 48 49 0.20003846287727356 8 -1 -1 
585 336 17 34 0.19825945794582367 3 -1 -1 
461 289 66 121 0.19498075544834137 9 -1 -1 
957 300 22 33 0.1949792504310608 1 -1 -1 
817 190 67 49 0.19324061274528503 5 -1 -1 
1087 694 61 39 0.19272929430007935 1 -1 -1 
961 312 18 35 0.18886621296405792 1 -1 -1 
162 461 26 26 0.1875637322664261 2 -1 -1 
591 333 13 24 0.18720856308937073 2 -1 -1 
162 455 24 30 0.18719811737537384 10 -1 -1 
158 459 22 28 0.18547989428043365 10 -1 -1 
634 86 29 41 0.18468008935451508 6 -1 -1 
586 327 17 31 0.18447701632976532 1 -1 -1 
956 305 22 40 0.1843806505203247 1 -1 -1 
1175 709 27 56 0.18325349688529968 3 -1 -1 
464 718 60 46 0.18152010440826416 10 -1 -1 
974 314 12 31 0.1814359724521637 1 -1 -1 
344 254 36 26 0.180671826004982 4 -1 -1 
690 47 10 26 0.18047843873500824 1 -1 -1 
796 303 40 89 0.17984338104724884 4 -1 -1 
61 637 28 34 0.17950499057769775 3 -1 -1 
544 333 12 17 0.17840823531150818 1 -1 -1 
544 325 16 25 0.1784050315618515 10 -1 -1 
795 293 85 104 0.1781744509935379 4 -1 -1 
1085 643 53 33 0.17730611562728882 10 -1 -1 
340 276 35 32 0.17723381519317627 4 -1 -1 
614 122 55 106 0.17597191035747528 3 -1 -1 
1141 652 37 71 0.17578279972076416 7 -1 -1 
342 255 34 37 0.17496109008789062 5 -1 -1 
159 464 29 25 0.17459599673748016 7 -1 -1 
971 311 12 31 0.17213031649589539 1 -1 -1 
670 46 29 27 0.17152096331119537 8 -1 -1 
427 624 100 140 0.1698988825082779 5 -1 -1 
576 24 7 11 0.16988089680671692 2 -1 -1 
670 46 29 27 0.16959847509860992 7 -1 -1 
340 253 70 45 0.16661129891872406 4 -1 -1 
724 109 56 47 0.16464821994304657 4 -1 -1 
314 270 14 25 0.1632145792245865 1 -1 -1 
654 2 7 21 0.16209776699543 1 -1 -1 
136 439 19 39 0.1609339416027069 1 -1 -1 
372 274 69 42 0.15808311104774475 4 -1 -1 
957 301 22 35 0.15644945204257965 2 -1 -1 
796 298 61 85 0.1558273881673813 4 -1 -1 
473 259 47 54 0.15576423704624176 5 -1 -1 
405 291 108 120 0.1541173905134201 9 -1 -1 
33 641 56 41 0.15401174128055573 10 -1 -1 
540 6 25 28 0.15188243985176086 5 -1 -1 
952 301 24 40 0.15165549516677856 10 -1 -1 
581 0 25 23 0.15164007246494293 5 -1 -1 
614 122 56 105 0.15063384175300598 6 -1 -1 
950 306 21 39 0.14807239174842834 1 -1 -1 
655 0 32 27 0.14596304297447205 7 -1 -1 
957 301 21 34 0.14425623416900635 3 -1 -1 
731 86 66 34 0.14359122514724731 4 -1 -1 
338 264 66 43 0.143559068441391 4 -1 -1 
748 207 47 48 0.1427036076784134 5 -1 -1 
1132 647 42 62 0.1377582997083664 10 -1 -1 
381 439 123 100 0.13527220487594604 1 -1 -1 
877 233 76 49 0.13476993143558502 4 -1 -1 
726 119 54 51 0.13305246829986572 4 -1 -1 
37 639 53 43 0.13150490820407867 3 -1 -1 
394 674 127 91 0.13064152002334595 4 -1 -1 
954 305 22 40 0.1304762065410614 3 -1 -1 
655 0 32 27 0.12982352077960968 9 -1 -1 
652 0 23 29 0.12915638089179993 1 -1 -1 
959 317 15 31 0.12692460417747498 2 -1 -1 
614 123 56 104 0.12365703284740448 1 -1 -1 
955 300 22 33 0.12353599816560745 7 -1 -1 
1085 633 67 40 0.12349967658519745 3 -1 -1 
954 319 20 38 0.12328340113162994 1 -1 -1 
380 257 60 52 0.1206483468413353 4 -1 -1 
716 110 50 52 0.11974696069955826 4 -1 -1 
541 319 22 31 0.11923491954803467 1 -1 -1 
397 492 128 114 0.11734834313392639 5 -1 -1 
714 169 91 40 0.11619560420513153 1 -1 -1 
803 206 74 51 0.11396946758031845 4 -1 -1 
399 494 125 112 0.11376960575580597 1 -1 -1 
440 215 63 59 0.11330094188451767 4 -1 -1 
821 689 108 76 0.11319413036108017 6 -1 -1 
948 318 18 40 0.11319196969270706 2 -1 -1 
730 103 71 48 0.11202102899551392 4 -1 -1 
725 90 66 37 0.11177125573158264 5 -1 -1 
740 431 141 73 0.11150634288787842 4 -1 -1 
744 451 139 63 0.10415569692850113 10 -1 -1 
458 291 68 119 0.09759068489074707 8 -1 -1 
425 307 98 112 0.09402880072593689 6 -1 -1 
425 307 98 112 0.0842277854681015 4 -1 -1 
462 291 67 119 0.08310922235250473 1 -1 -1 
744 451 139 63 0.0814717635512352 5 -1 -1 
795 293 85 104 0.07889663428068161 5 -1 -1 
746 452 135 61 0.07693187892436981 9 -1 -1 
411 340 112 82 0.07581721991300583 9 -1 -1 
744 451 139 63 0.07206245511770248 1 -1 -1 
796 293 89 103 0.06522147357463837 9 -1 -1 
425 307 98 112 0.06471052020788193 5 -1 -1 
458 292 69 118 0.06026052311062813 2 -1 -1 
819 281 113 108 0.056871116161346436 4 -1 -1 
400 284 107 123 0.05462731420993805 6 -1 -1 
402 345 115 77 0.05355708673596382 4 -1 -1 
615 124 77 130 0.05299481749534607 9 -1 -1 
744 451 139 63 0.05245354399085045 7 -1 -1 
337 257 113 68 0.05019574984908104 4 -1 -1 
