112 493 98 179 0.9438777565956116 6 -1 -1 
809 394 115 57 0.9436317682266235 4 -1 -1 
1143 339 102 49 0.9375385046005249 4 -1 -1 
775 362 106 50 0.936225950717926 4 -1 -1 
675 230 87 42 0.9362136125564575 4 -1 -1 
737 302 100 44 0.9315394759178162 4 -1 -1 
440 337 111 59 0.9314284920692444 4 -1 -1 
500 561 147 77 0.9314031600952148 4 -1 -1 
404 279 101 44 0.9303070902824402 4 -1 -1 
759 330 97 47 0.9244669079780579 4 -1 -1 
241 343 58 74 0.9235120415687561 4 -1 -1 
323 446 63 86 0.9228136539459229 4 -1 -1 
435 457 129 62 0.9213772416114807 4 -1 -1 
499 657 154 94 0.9165451526641846 4 -1 -1 
1095 303 91 47 0.9154313206672668 4 -1 -1 
718 260 86 43 0.9099246263504028 4 -1 -1 
451 506 134 78 0.9091092944145203 4 -1 -1 
685 453 124 71 0.8955734372138977 4 -1 -1 
1210 385 101 59 0.8925069570541382 4 -1 -1 
240 187 40 41 0.8914138078689575 4 -1 -1 
350 77 69 28 0.8868078589439392 4 -1 -1 
640 391 115 60 0.8777257204055786 4 -1 -1 
211 263 48 57 0.8772249221801758 4 -1 -1 
920 191 79 37 0.8718885779380798 4 -1 -1 
204 215 46 49 0.868923008441925 4 -1 -1 
98 271 49 54 0.8646827340126038 4 -1 -1 
360 122 75 30 0.8628287315368652 4 -1 -1 
1237 147 72 37 0.8616790175437927 4 -1 -1 
818 265 12 35 0.8529074788093567 1 -1 -1 
490 134 11 26 0.844722330570221 1 -1 -1 
1277 70 61 32 0.8406220078468323 4 -1 -1 
375 137 65 32 0.8384745717048645 4 -1 -1 
502 142 10 27 0.8357794284820557 1 -1 -1 
936 144 14 31 0.8357661366462708 1 -1 -1 
1296 438 62 63 0.835713267326355 4 -1 -1 
451 409 110 56 0.8353729248046875 4 -1 -1 
515 138 11 27 0.8348578214645386 1 -1 -1 
955 265 85 61 0.833146333694458 4 -1 -1 
348 210 12 32 0.8303065896034241 1 -1 -1 
372 208 12 33 0.8129486441612244 1 -1 -1 
984 222 83 40 0.8105140924453735 4 -1 -1 
175 295 15 28 0.8083403706550598 3 -1 -1 
885 484 124 73 0.7923075556755066 4 -1 -1 
294 272 53 58 0.7884835004806519 4 -1 -1 
222 495 25 51 0.7792556285858154 1 -1 -1 
640 124 14 21 0.7773330211639404 10 -1 -1 
869 217 11 31 0.7756937146186829 1 -1 -1 
2 516 116 108 0.7720682621002197 4 -1 -1 
862 211 14 29 0.770233154296875 1 -1 -1 
336 46 62 29 0.7638511657714844 4 -1 -1 
272 116 12 19 0.7610400319099426 2 -1 -1 
396 157 79 39 0.76022869348526 4 -1 -1 
1274 136 81 44 0.7592371702194214 4 -1 -1 
1103 92 19 20 0.7580258846282959 10 -1 -1 
375 105 70 27 0.7492119073867798 4 -1 -1 
202 177 36 45 0.7439823150634766 4 -1 -1 
489 106 11 27 0.7420968413352966 1 -1 -1 
185 22 10 23 0.7407504916191101 1 -1 -1 
110 244 12 31 0.7397355437278748 1 -1 -1 
151 234 14 33 0.7356605529785156 1 -1 -1 
272 121 13 21 0.7324854731559753 10 -1 -1 
327 38 63 23 0.729046642780304 4 -1 -1 
1063 309 16 34 0.7280827164649963 1 -1 -1 
322 165 15 30 0.7243316769599915 1 -1 -1 
288 4 24 24 0.7047522068023682 4 -1 -1 
245 66 29 30 0.6938682198524475 4 -1 -1 
129 319 30 39 0.685401439666748 7 -1 -1 
174 284 13 29 0.65594482421875 2 -1 -1 
433 170 86 37 0.6496198773384094 4 -1 -1 
217 319 23 37 0.6458499431610107 10 -1 -1 
1014 183 14 16 0.6406501531600952 2 -1 -1 
310 138 23 31 0.629771888256073 7 -1 -1 
217 312 22 33 0.627994954586029 2 -1 -1 
349 674 77 89 0.6267749667167664 4 -1 -1 
104 433 148 78 0.6267725825309753 6 -1 -1 
1155 85 14 20 0.6122945547103882 10 -1 -1 
801 125 14 21 0.6089200377464294 1 -1 -1 
129 319 31 40 0.6037266254425049 4 -1 -1 
722 133 10 21 0.5909925103187561 10 -1 -1 
1006 90 18 19 0.5879994034767151 10 -1 -1 
865 213 14 33 0.5832355618476868 1 -1 -1 
313 138 21 31 0.5728632807731628 10 -1 -1 
532 109 8 20 0.5581099987030029 10 -1 -1 
955 136 9 22 0.5567088723182678 1 -1 -1 
175 105 31 31 0.5547515749931335 4 -1 -1 
307 15 8 21 0.5527014136314392 1 -1 -1 
714 123 12 22 0.5505504012107849 10 -1 -1 
980 84 10 17 0.548620879650116 3 -1 -1 
952 85 16 13 0.5461483597755432 10 -1 -1 
941 146 12 30 0.5348061919212341 1 -1 -1 
500 113 10 19 0.5267070531845093 3 -1 -1 
387 213 13 23 0.5171549916267395 2 -1 -1 
499 562 124 43 0.513434648513794 4 -1 -1 
500 106 9 25 0.5010870099067688 1 -1 -1 
514 109 13 20 0.5005761384963989 3 -1 -1 
514 105 11 23 0.4952303469181061 1 -1 -1 
548 111 13 20 0.491375207901001 3 -1 -1 
-3 434 103 58 0.4681830406188965 4 -1 -1 
500 106 9 25 0.4670729637145996 2 -1 -1 
496 115 12 18 0.45430395007133484 3 -1 -1 
142 0 44 16 0.45320114493370056 4 -1 -1 
147 226 20 43 0.4508938491344452 1 -1 -1 
1326 69 33 33 0.4492737352848053 4 -1 -1 
1160 84 9 15 0.4469643533229828 2 -1 -1 
267 0 9 14 0.444501668214798 10 -1 -1 
288 156 26 39 0.44296982884407043 10 -1 -1 
493 114 9 19 0.4406523108482361 3 -1 -1 
523 102 10 20 0.4393487274646759 3 -1 -1 
1144 628 89 99 0.4279091954231262 4 -1 -1 
514 104 11 22 0.42351117730140686 2 -1 -1 
900 112 56 28 0.4215955436229706 4 -1 -1 
1007 188 21 14 0.420621782541275 3 -1 -1 
1273 136 81 43 0.4192574918270111 5 -1 -1 
944 151 10 25 0.41076788306236267 1 -1 -1 
1144 628 135 121 0.407607764005661 4 -1 -1 
716 121 9 21 0.4045763313770294 2 -1 -1 
533 107 12 22 0.40047138929367065 10 -1 -1 
204 0 8 12 0.3980703353881836 10 -1 -1 
175 104 31 32 0.39149072766304016 8 -1 -1 
951 78 17 18 0.3868626058101654 10 -1 -1 
951 73 15 19 0.38602566719055176 10 -1 -1 
56 355 47 30 0.3813058137893677 10 -1 -1 
722 132 10 20 0.3547239899635315 2 -1 -1 
68 355 36 26 0.353701114654541 2 -1 -1 
175 105 31 31 0.3529731035232544 5 -1 -1 
455 173 55 36 0.35015758872032166 4 -1 -1 
955 141 9 21 0.3498101234436035 3 -1 -1 
267 0 9 14 0.3496781587600708 7 -1 -1 
371 112 67 26 0.3485121428966522 4 -1 -1 
302 167 12 28 0.3476889133453369 1 -1 -1 
470 186 43 23 0.3463824987411499 7 -1 -1 
0 712 69 54 0.34557807445526123 4 -1 -1 
523 102 13 19 0.3443059027194977 10 -1 -1 
769 119 10 15 0.3425801396369934 2 -1 -1 
1007 187 21 15 0.34133851528167725 10 -1 -1 
152 250 11 20 0.3382748067378998 1 -1 -1 
349 674 75 89 0.3354303240776062 5 -1 -1 
715 129 14 16 0.3348776698112488 10 -1 -1 
981 85 10 16 0.3266748785972595 10 -1 -1 
523 101 15 18 0.3254469335079193 3 -1 -1 
260 448 15 42 0.32529744505882263 1 -1 -1 
470 186 13 25 0.32387953996658325 1 -1 -1 
519 107 11 21 0.3194126784801483 3 -1 -1 
490 109 11 24 0.3154544234275818 3 -1 -1 
538 106 9 22 0.3131115436553955 10 -1 -1 
288 156 26 39 0.22884568572044373 7 -1 -1 
805 395 104 31 0.22488239407539368 4 -1 -1 
955 266 85 60 0.21673278510570526 5 -1 -1 
403 165 100 35 0.21576397120952606 4 -1 -1 
0 712 69 54 0.20654192566871643 5 -1 -1 
641 391 113 60 0.18882179260253906 5 -1 -1 
792 384 104 40 0.17402061820030212 4 -1 -1 
65 426 186 133 0.1733822524547577 6 -1 -1 
1148 621 182 111 0.16863304376602173 4 -1 -1 
349 674 77 89 0.16235683858394623 8 -1 -1 
395 157 79 39 0.15980970859527588 5 -1 -1 
1209 385 102 59 0.15779538452625275 5 -1 -1 
486 548 108 49 0.15433251857757568 4 -1 -1 
450 409 110 55 0.15167813003063202 5 -1 -1 
1297 438 62 64 0.1489723026752472 5 -1 -1 
11 146 142 92 0.14246580004692078 4 -1 -1 
737 302 100 44 0.1369006186723709 1 -1 -1 
104 434 132 224 0.1347597986459732 6 -1 -1 
429 170 90 35 0.13361656665802002 5 -1 -1 
759 330 97 47 0.12940925359725952 1 -1 -1 
983 222 83 40 0.12571962177753448 5 -1 -1 
451 506 134 79 0.12263394147157669 5 -1 -1 
288 156 24 40 0.12263266742229462 3 -1 -1 
776 362 106 50 0.12167524546384811 1 -1 -1 
500 658 154 94 0.12087083607912064 5 -1 -1 
172 286 19 38 0.11926256120204926 3 -1 -1 
245 66 29 30 0.11894898861646652 5 -1 -1 
18 348 79 39 0.118528351187706 10 -1 -1 
429 170 91 35 0.11834605783224106 6 -1 -1 
0 318 86 58 0.11820485442876816 6 -1 -1 
499 561 124 44 0.11801908910274506 5 -1 -1 
112 493 98 179 0.11757688224315643 4 -1 -1 
138 1 48 16 0.11708076298236847 5 -1 -1 
776 378 107 34 0.11635005474090576 5 -1 -1 
808 394 117 56 0.11403089761734009 1 -1 -1 
325 0 47 13 0.11219585686922073 4 -1 -1 
349 674 77 89 0.11015380918979645 6 -1 -1 
1144 339 101 49 0.11010052263736725 1 -1 -1 
1095 302 91 48 0.1096557155251503 5 -1 -1 
349 674 77 89 0.10839390009641647 7 -1 -1 
110 480 100 191 0.1082434132695198 5 -1 -1 
500 659 154 93 0.10737517476081848 6 -1 -1 
1014 82 36 25 0.10657487064599991 4 -1 -1 
440 337 110 59 0.10651028901338577 1 -1 -1 
349 674 77 89 0.1058012917637825 9 -1 -1 
309 137 25 33 0.10513149946928024 8 -1 -1 
404 279 101 44 0.10490267723798752 1 -1 -1 
322 446 63 87 0.10291282832622528 5 -1 -1 
436 457 128 62 0.102875255048275 5 -1 -1 
1 333 88 48 0.10183588415384293 4 -1 -1 
808 394 116 57 0.10060649365186691 9 -1 -1 
0 514 118 110 0.10045267641544342 5 -1 -1 
809 394 115 57 0.10025396198034286 5 -1 -1 
92 433 163 77 0.09988251328468323 5 -1 -1 
760 330 96 47 0.09983230382204056 5 -1 -1 
675 230 87 43 0.09846778213977814 1 -1 -1 
349 674 77 89 0.09822817146778107 10 -1 -1 
289 156 26 39 0.09788084775209427 2 -1 -1 
436 457 129 62 0.09781739860773087 1 -1 -1 
45 345 64 45 0.09683632850646973 10 -1 -1 
0 712 69 54 0.09538529813289642 9 -1 -1 
67 426 143 197 0.09510570764541626 6 -1 -1 
0 712 69 54 0.0945621058344841 1 -1 -1 
1144 339 100 50 0.09428907930850983 5 -1 -1 
293 272 54 60 0.09392892569303513 5 -1 -1 
440 476 140 82 0.09345008432865143 4 -1 -1 
737 301 98 44 0.09297093003988266 6 -1 -1 
919 191 80 37 0.09281694144010544 9 -1 -1 
349 674 77 89 0.09275801479816437 1 -1 -1 
241 343 58 74 0.09275316447019577 1 -1 -1 
718 260 86 43 0.09227986633777618 1 -1 -1 
1251 138 85 44 0.09224516153335571 4 -1 -1 
499 657 155 93 0.09157354384660721 9 -1 -1 
675 230 87 42 0.09129582345485687 10 -1 -1 
309 137 25 33 0.09079756587743759 3 -1 -1 
92 433 163 77 0.09033273905515671 4 -1 -1 
1144 339 101 50 0.09014077484607697 9 -1 -1 
440 337 111 59 0.08974854648113251 5 -1 -1 
919 191 80 37 0.08956527709960938 5 -1 -1 
675 230 87 42 0.08796384930610657 5 -1 -1 
675 230 87 43 0.0877615362405777 9 -1 -1 
1094 302 91 48 0.087116539478302 1 -1 -1 
451 409 109 56 0.08702129125595093 1 -1 -1 
675 230 87 42 0.0862322598695755 7 -1 -1 
1188 612 170 148 0.0860351100564003 4 -1 -1 
404 279 102 44 0.08568441867828369 5 -1 -1 
718 260 87 43 0.08566523343324661 5 -1 -1 
