777 194 32 38 0.9815400242805481 5 -1 -1 
1012 569 141 123 0.955268919467926 4 -1 -1 
908 412 80 63 0.9416809678077698 4 -1 -1 
699 436 64 70 0.9315390586853027 4 -1 -1 
673 215 33 32 0.9148094654083252 4 -1 -1 
182 544 100 110 0.9125110507011414 4 -1 -1 
859 346 62 48 0.8981467485427856 4 -1 -1 
819 272 47 37 0.8892383575439453 4 -1 -1 
126 553 69 44 0.874666154384613 10 -1 -1 
688 148 56 20 0.8729533553123474 4 -1 -1 
795 245 45 33 0.866434633731842 4 -1 -1 
249 462 96 95 0.8534213900566101 4 -1 -1 
439 224 38 34 0.8477646112442017 4 -1 -1 
882 373 15 41 0.8431044816970825 1 -1 -1 
417 247 42 37 0.8286335468292236 4 -1 -1 
518 116 22 19 0.7937264442443848 4 -1 -1 
763 185 28 24 0.7787268757820129 4 -1 -1 
702 101 15 14 0.774786651134491 4 -1 -1 
455 199 32 32 0.7726993560791016 4 -1 -1 
713 115 23 18 0.7642778754234314 4 -1 -1 
825 223 11 28 0.7596304416656494 1 -1 -1 
595 66 14 13 0.7574378252029419 4 -1 -1 
677 59 11 9 0.7457234859466553 4 -1 -1 
646 88 15 13 0.7439508438110352 4 -1 -1 
568 51 12 10 0.7386859655380249 4 -1 -1 
612 31 8 6 0.7346332669258118 4 -1 -1 
489 157 21 27 0.7114583253860474 7 -1 -1 
561 59 12 10 0.7057409882545471 4 -1 -1 
396 285 47 46 0.705403745174408 4 -1 -1 
2 672 68 50 0.6930829882621765 10 -1 -1 
587 146 25 23 0.6901051998138428 4 -1 -1 
555 65 12 12 0.6850636005401611 4 -1 -1 
674 75 13 12 0.6823124885559082 4 -1 -1 
377 524 26 54 0.6821418404579163 3 -1 -1 
735 134 22 23 0.6808210015296936 5 -1 -1 
697 87 15 13 0.6798685193061829 4 -1 -1 
378 508 26 49 0.6798003911972046 2 -1 -1 
966 392 38 27 0.6708336472511292 10 -1 -1 
684 69 12 10 0.6613163948059082 4 -1 -1 
699 94 15 13 0.6571656465530396 4 -1 -1 
674 86 16 14 0.6489636301994324 4 -1 -1 
707 107 17 16 0.6276360154151917 4 -1 -1 
690 74 12 12 0.6109199523925781 4 -1 -1 
691 79 15 12 0.6087591052055359 4 -1 -1 
357 309 64 67 0.6024965643882751 4 -1 -1 
750 168 28 26 0.5840420126914978 4 -1 -1 
534 89 19 17 0.5744851231575012 4 -1 -1 
667 45 10 8 0.5717137455940247 4 -1 -1 
842 134 30 22 0.5712118148803711 4 -1 -1 
563 54 11 11 0.5687969923019409 4 -1 -1 
574 36 10 8 0.5651005506515503 4 -1 -1 
377 525 28 53 0.5502510070800781 10 -1 -1 
615 44 9 11 0.5497697591781616 5 -1 -1 
89 695 122 70 0.5484832525253296 4 -1 -1 
658 33 10 8 0.5422965288162231 4 -1 -1 
911 341 24 20 0.5421581268310547 3 -1 -1 
1029 463 44 27 0.5346722602844238 10 -1 -1 
693 81 13 12 0.5068629384040833 4 -1 -1 
565 52 12 10 0.5038251280784607 4 -1 -1 
604 29 8 6 0.4990219473838806 4 -1 -1 
350 141 42 17 0.49759796261787415 4 -1 -1 
698 91 15 11 0.4964946508407593 4 -1 -1 
553 68 13 11 0.49642661213874817 4 -1 -1 
549 71 13 11 0.4907808005809784 4 -1 -1 
568 47 11 11 0.4828243851661682 4 -1 -1 
1026 423 19 35 0.45912209153175354 10 -1 -1 
966 395 36 25 0.45738503336906433 3 -1 -1 
485 138 28 17 0.4563290774822235 7 -1 -1 
540 87 14 14 0.4530857801437378 4 -1 -1 
587 44 5 9 0.45186206698417664 1 -1 -1 
118 377 31 34 0.4514324367046356 10 -1 -1 
582 57 6 9 0.44879433512687683 2 -1 -1 
489 157 21 27 0.44806113839149475 8 -1 -1 
605 27 9 7 0.4412568509578705 4 -1 -1 
1032 457 45 24 0.4409984052181244 10 -1 -1 
576 33 9 8 0.43669694662094116 4 -1 -1 
568 45 12 10 0.4365120828151703 4 -1 -1 
695 85 13 12 0.43329399824142456 4 -1 -1 
570 40 13 11 0.4285934567451477 5 -1 -1 
578 29 11 6 0.4277534484863281 4 -1 -1 
1028 476 47 28 0.42691493034362793 10 -1 -1 
459 107 7 10 0.4142325222492218 2 -1 -1 
357 309 64 67 0.4057856798171997 5 -1 -1 
674 71 12 13 0.4044463038444519 4 -1 -1 
606 26 8 6 0.4028390944004059 4 -1 -1 
119 378 31 32 0.3992014229297638 3 -1 -1 
577 30 11 7 0.39790084958076477 4 -1 -1 
342 149 43 20 0.3966364860534668 4 -1 -1 
574 58 4 9 0.39289337396621704 1 -1 -1 
641 28 9 8 0.3908703327178955 4 -1 -1 
708 107 15 16 0.3886756896972656 5 -1 -1 
615 44 9 11 0.3857468366622925 6 -1 -1 
989 408 29 24 0.3855900168418884 3 -1 -1 
993 414 31 23 0.3837188482284546 3 -1 -1 
607 18 6 6 0.3832918107509613 4 -1 -1 
581 60 4 10 0.38118433952331543 1 -1 -1 
629 17 15 9 0.37975701689720154 5 -1 -1 
417 246 42 39 0.3773886561393738 6 -1 -1 
526 105 14 14 0.3771754503250122 7 -1 -1 
737 127 19 16 0.3717314600944519 4 -1 -1 
584 20 8 7 0.3706408143043518 4 -1 -1 
987 403 28 24 0.3702872693538666 3 -1 -1 
550 71 12 12 0.3668437898159027 7 -1 -1 
570 40 12 12 0.3608521819114685 4 -1 -1 
751 168 27 26 0.35983434319496155 5 -1 -1 
711 114 16 12 0.35876068472862244 4 -1 -1 
667 43 11 10 0.357043981552124 9 -1 -1 
540 87 14 14 0.3564568758010864 5 -1 -1 
672 75 6 12 0.35518917441368103 1 -1 -1 
615 44 9 11 0.35373130440711975 4 -1 -1 
587 44 5 8 0.3531445562839508 2 -1 -1 
572 37 12 11 0.3523590564727783 4 -1 -1 
559 60 11 10 0.3515496253967285 4 -1 -1 
341 158 50 23 0.3495575189590454 4 -1 -1 
594 33 6 7 0.34630087018013 7 -1 -1 
581 28 9 6 0.3433632552623749 4 -1 -1 
668 44 9 9 0.34145036339759827 5 -1 -1 
535 88 18 18 0.34129971265792847 5 -1 -1 
341 148 41 21 0.3373255431652069 5 -1 -1 
349 144 46 21 0.33145055174827576 4 -1 -1 
686 70 13 11 0.3303789496421814 4 -1 -1 
705 104 16 15 0.3294624984264374 4 -1 -1 
578 32 10 7 0.3258838355541229 4 -1 -1 
551 69 12 11 0.3251461684703827 4 -1 -1 
575 31 11 7 0.324972003698349 4 -1 -1 
339 186 9 17 0.3228582739830017 1 -1 -1 
582 58 6 10 0.32163316011428833 1 -1 -1 
581 59 6 10 0.3204076290130615 2 -1 -1 
233 395 18 39 0.3202868402004242 1 -1 -1 
561 56 11 11 0.3183974027633667 4 -1 -1 
594 33 6 7 0.31699275970458984 10 -1 -1 
338 185 11 16 0.31581664085388184 2 -1 -1 
564 50 14 10 0.3157529830932617 4 -1 -1 
488 131 17 16 0.31455302238464355 10 -1 -1 
674 86 16 14 0.31371673941612244 5 -1 -1 
583 19 11 7 0.3126031756401062 4 -1 -1 
345 151 48 24 0.3121146261692047 4 -1 -1 
377 516 28 59 0.3080907166004181 2 -1 -1 
655 27 9 8 0.30778831243515015 4 -1 -1 
582 31 8 6 0.3071174621582031 4 -1 -1 
663 42 10 10 0.305402547121048 9 -1 -1 
739 128 21 17 0.3040797710418701 4 -1 -1 
582 60 6 9 0.30223575234413147 10 -1 -1 
1025 425 19 33 0.298060804605484 3 -1 -1 
566 42 14 11 0.2952592670917511 4 -1 -1 
657 29 9 8 0.2910771667957306 4 -1 -1 
992 405 38 26 0.2899267375469208 3 -1 -1 
527 105 13 14 0.28890421986579895 10 -1 -1 
332 150 47 24 0.28715780377388 4 -1 -1 
485 134 30 21 0.2676435112953186 10 -1 -1 
751 168 27 26 0.263599157333374 6 -1 -1 
2 672 68 50 0.25713813304901123 3 -1 -1 
338 162 47 24 0.25329846143722534 4 -1 -1 
740 127 31 19 0.22364306449890137 5 -1 -1 
329 158 50 21 0.21752436459064484 4 -1 -1 
1027 465 62 37 0.21121053397655487 10 -1 -1 
345 151 48 24 0.20870834589004517 5 -1 -1 
348 163 49 24 0.20644298195838928 4 -1 -1 
332 150 47 24 0.20465190708637238 5 -1 -1 
740 127 32 19 0.2046363353729248 4 -1 -1 
738 130 29 24 0.19881047308444977 5 -1 -1 
777 195 31 37 0.19232745468616486 4 -1 -1 
351 141 41 19 0.18980461359024048 5 -1 -1 
355 138 47 19 0.18923324346542358 4 -1 -1 
341 172 44 21 0.18354353308677673 4 -1 -1 
777 194 32 38 0.1806548833847046 6 -1 -1 
327 173 44 22 0.17810796201229095 4 -1 -1 
777 194 32 38 0.17609557509422302 8 -1 -1 
329 165 48 24 0.17532765865325928 4 -1 -1 
842 134 30 22 0.17248569428920746 5 -1 -1 
1138 737 119 26 0.16953521966934204 4 -1 -1 
1029 456 69 35 0.16935820877552032 10 -1 -1 
233 395 18 39 0.16534240543842316 2 -1 -1 
487 134 34 20 0.16146717965602875 7 -1 -1 
736 132 25 24 0.16044221818447113 4 -1 -1 
182 543 100 111 0.15934062004089355 5 -1 -1 
229 401 19 36 0.1590026617050171 1 -1 -1 
763 185 30 24 0.1578010767698288 6 -1 -1 
347 174 46 24 0.1502964198589325 4 -1 -1 
84 693 127 72 0.14866302907466888 5 -1 -1 
687 148 56 20 0.147418811917305 5 -1 -1 
376 511 30 67 0.14628733694553375 1 -1 -1 
337 158 45 21 0.1423424780368805 5 -1 -1 
1011 570 141 122 0.14232470095157623 9 -1 -1 
182 543 101 112 0.14049232006072998 9 -1 -1 
335 175 45 25 0.13992425799369812 4 -1 -1 
489 157 22 27 0.1375034898519516 2 -1 -1 
344 158 50 23 0.13691934943199158 5 -1 -1 
1034 452 92 41 0.13504938781261444 4 -1 -1 
183 543 100 111 0.13389532268047333 1 -1 -1 
489 157 21 27 0.13368725776672363 10 -1 -1 
859 345 61 48 0.1313905119895935 5 -1 -1 
321 159 53 26 0.12938176095485687 4 -1 -1 
1012 570 141 121 0.12862256169319153 1 -1 -1 
339 142 42 20 0.1283801943063736 4 -1 -1 
333 147 44 19 0.12432654201984406 4 -1 -1 
355 135 41 17 0.12421571463346481 4 -1 -1 
2 672 68 50 0.1215934008359909 4 -1 -1 
353 140 58 23 0.1214081272482872 4 -1 -1 
823 219 17 32 0.11992239207029343 1 -1 -1 
489 157 21 27 0.11888729780912399 1 -1 -1 
867 142 32 18 0.11852235347032547 4 -1 -1 
735 127 27 23 0.11696087568998337 5 -1 -1 
338 149 43 22 0.11630287021398544 6 -1 -1 
349 147 57 24 0.1152937114238739 4 -1 -1 
908 412 81 64 0.1133873462677002 1 -1 -1 
763 185 28 24 0.11162172257900238 5 -1 -1 
355 138 47 19 0.10984951257705688 5 -1 -1 
1030 457 65 35 0.10933258384466171 7 -1 -1 
834 132 36 20 0.10838917642831802 4 -1 -1 
356 133 53 16 0.1081259697675705 4 -1 -1 
1028 464 61 37 0.10795599967241287 7 -1 -1 
777 194 32 38 0.10656660795211792 10 -1 -1 
777 195 31 37 0.1061040610074997 9 -1 -1 
699 437 64 69 0.10422369837760925 5 -1 -1 
777 194 32 38 0.10411015897989273 2 -1 -1 
478 130 30 23 0.10256259143352509 10 -1 -1 
229 401 19 36 0.10154406726360321 2 -1 -1 
755 179 29 26 0.09930366277694702 4 -1 -1 
587 146 25 24 0.09928550571203232 5 -1 -1 
1025 415 61 43 0.0983409658074379 7 -1 -1 
741 128 41 25 0.09798295795917511 4 -1 -1 
741 127 34 19 0.09790502488613129 6 -1 -1 
1012 569 141 123 0.0973329171538353 7 -1 -1 
485 134 30 21 0.09675446152687073 3 -1 -1 
1012 570 141 121 0.09607461094856262 5 -1 -1 
232 407 20 32 0.096067413687706 1 -1 -1 
342 162 42 23 0.09569907188415527 5 -1 -1 
859 346 62 47 0.09399375319480896 1 -1 -1 
750 168 28 26 0.09326706826686859 9 -1 -1 
908 412 81 64 0.09306751191616058 9 -1 -1 
248 463 97 94 0.0920087993144989 5 -1 -1 
1027 427 63 35 0.09192756563425064 10 -1 -1 
777 194 32 38 0.09188458323478699 7 -1 -1 
321 167 47 25 0.09143916517496109 4 -1 -1 
375 512 31 66 0.0911526158452034 7 -1 -1 
42 410 18 34 0.09002598375082016 10 -1 -1 
741 128 41 25 0.08994095772504807 5 -1 -1 
379 119 34 15 0.0896986573934555 6 -1 -1 
1012 569 141 123 0.0892123430967331 10 -1 -1 
42 410 18 34 0.08913982659578323 1 -1 -1 
325 159 51 25 0.08857088536024094 5 -1 -1 
489 157 21 27 0.08778917789459229 3 -1 -1 
1032 434 84 37 0.08769353479146957 4 -1 -1 
347 136 39 17 0.08721426129341125 4 -1 -1 
688 148 55 20 0.08706198632717133 1 -1 -1 
87 378 26 25 0.08689507097005844 3 -1 -1 
1022 407 55 51 0.08684805035591125 10 -1 -1 
183 543 100 111 0.08673753589391708 10 -1 -1 
699 437 64 69 0.08655267208814621 1 -1 -1 
1012 569 141 123 0.08643711358308792 6 -1 -1 
27 670 44 51 0.08637486398220062 9 -1 -1 
348 170 50 22 0.08635435998439789 5 -1 -1 
1 672 69 50 0.0863211452960968 7 -1 -1 
182 543 100 111 0.08631828427314758 6 -1 -1 
489 157 21 27 0.08590414375066757 6 -1 -1 
249 462 96 95 0.08571577817201614 1 -1 -1 
395 285 49 46 0.08468496054410934 5 -1 -1 
339 138 45 19 0.08466222882270813 4 -1 -1 
349 181 42 24 0.08414357155561447 4 -1 -1 
909 412 79 63 0.08271036297082901 5 -1 -1 
226 406 22 35 0.08127826452255249 3 -1 -1 
488 138 33 18 0.08110026270151138 10 -1 -1 
490 130 31 24 0.08061090856790543 10 -1 -1 
339 142 42 20 0.08003648370504379 5 -1 -1 
481 133 29 22 0.07969794422388077 7 -1 -1 
489 157 21 27 0.07958558946847916 4 -1 -1 
356 134 45 17 0.07828536629676819 5 -1 -1 
341 152 63 36 0.07453153282403946 4 -1 -1 
345 157 66 40 0.05106617882847786 4 -1 -1 
