861 138 41 57 0.9828115105628967 6 -1 -1 
497 603 85 149 0.9223787784576416 4 -1 -1 
746 312 43 47 0.9111830592155457 4 -1 -1 
770 263 37 42 0.9019087553024292 4 -1 -1 
219 363 24 24 0.8752769827842712 3 -1 -1 
542 183 37 37 0.8680899739265442 4 -1 -1 
573 115 27 28 0.8603550791740417 4 -1 -1 
716 25 19 16 0.8550894856452942 4 -1 -1 
83 464 24 38 0.8456431031227112 10 -1 -1 
445 375 66 80 0.8226128220558167 4 -1 -1 
689 13 20 17 0.8224706053733826 4 -1 -1 
575 313 15 33 0.8170576691627502 1 -1 -1 
581 70 23 23 0.8160684108734131 4 -1 -1 
671 117 27 29 0.8062638640403748 4 -1 -1 
899 131 9 25 0.8058199882507324 1 -1 -1 
565 100 47 25 0.8020384907722473 4 -1 -1 
570 39 44 18 0.800400972366333 4 -1 -1 
121 468 27 42 0.794569730758667 10 -1 -1 
672 75 24 24 0.78669673204422 4 -1 -1 
822 14 17 15 0.7855972051620483 4 -1 -1 
639 35 22 24 0.7837597727775574 4 -1 -1 
62 513 41 45 0.7830570340156555 10 -1 -1 
148 445 21 37 0.7808950543403625 10 -1 -1 
1072 306 31 23 0.7650438547134399 10 -1 -1 
418 151 19 16 0.7632250189781189 10 -1 -1 
1050 277 32 23 0.7485902905464172 10 -1 -1 
658 446 49 77 0.7407055497169495 5 -1 -1 
1077 323 33 20 0.7391062378883362 10 -1 -1 
696 272 13 23 0.7242270112037659 2 -1 -1 
987 210 54 54 0.719083845615387 4 -1 -1 
588 54 22 23 0.7088820338249207 4 -1 -1 
870 90 27 23 0.6976386308670044 4 -1 -1 
720 75 24 25 0.6927769184112549 4 -1 -1 
727 248 11 22 0.6890596747398376 2 -1 -1 
696 279 13 26 0.6850196123123169 10 -1 -1 
527 125 35 24 0.6691306233406067 5 -1 -1 
410 89 9 21 0.6661293506622314 1 -1 -1 
907 258 45 51 0.6630893349647522 4 -1 -1 
845 63 50 23 0.6587692499160767 4 -1 -1 
603 11 15 17 0.6527820229530334 4 -1 -1 
415 108 8 22 0.6526239514350891 1 -1 -1 
792 14 18 16 0.6419143080711365 4 -1 -1 
825 0 36 15 0.6384754180908203 4 -1 -1 
945 464 112 59 0.630845844745636 5 -1 -1 
365 187 23 15 0.6306626796722412 10 -1 -1 
575 14 29 17 0.6300617456436157 4 -1 -1 
1232 612 80 116 0.6233716607093811 4 -1 -1 
858 13 6 15 0.6214638948440552 1 -1 -1 
727 254 10 24 0.6172199249267578 10 -1 -1 
94 430 25 34 0.5916508436203003 10 -1 -1 
605 174 11 18 0.5826324224472046 2 -1 -1 
378 167 47 30 0.580595850944519 4 -1 -1 
815 49 19 20 0.572661280632019 4 -1 -1 
865 13 6 14 0.5714967250823975 1 -1 -1 
155 416 28 34 0.5710908770561218 10 -1 -1 
985 674 23 54 0.5663917064666748 1 -1 -1 
843 68 8 16 0.5651475191116333 1 -1 -1 
614 4 16 15 0.5613601803779602 4 -1 -1 
309 189 25 15 0.5598650574684143 3 -1 -1 
170 572 27 41 0.5568856000900269 7 -1 -1 
939 655 21 50 0.5522599816322327 1 -1 -1 
838 9 25 13 0.5441077351570129 4 -1 -1 
403 146 22 15 0.5261116623878479 7 -1 -1 
606 182 9 21 0.5190394520759583 10 -1 -1 
379 167 45 30 0.5156595706939697 5 -1 -1 
169 561 18 42 0.5020356774330139 2 -1 -1 
71 430 22 38 0.4996771514415741 10 -1 -1 
421 119 24 16 0.483979195356369 8 -1 -1 
103 439 15 25 0.47570669651031494 10 -1 -1 
376 177 11 20 0.4718831479549408 2 -1 -1 
981 554 95 139 0.4696502983570099 6 -1 -1 
658 446 49 77 0.46932563185691833 4 -1 -1 
374 212 67 31 0.4511388838291168 4 -1 -1 
204 386 40 29 0.4492760896682739 10 -1 -1 
856 13 6 14 0.4278481900691986 1 -1 -1 
771 110 46 28 0.4256531596183777 4 -1 -1 
818 417 66 60 0.4241349995136261 7 -1 -1 
906 664 26 48 0.4188762605190277 1 -1 -1 
850 10 7 17 0.4106943607330322 1 -1 -1 
188 400 26 36 0.40722814202308655 10 -1 -1 
95 431 13 22 0.39885222911834717 10 -1 -1 
169 561 18 43 0.39419877529144287 1 -1 -1 
170 574 28 40 0.39291754364967346 10 -1 -1 
526 124 36 25 0.38192567229270935 4 -1 -1 
954 418 62 71 0.37731292843818665 4 -1 -1 
95 432 20 22 0.3767654001712799 10 -1 -1 
155 415 27 35 0.3733902871608734 8 -1 -1 
770 108 29 29 0.3721660077571869 4 -1 -1 
943 462 126 63 0.3705912232398987 4 -1 -1 
626 0 14 7 0.37051159143447876 4 -1 -1 
854 12 5 16 0.36690399050712585 1 -1 -1 
72 428 13 28 0.36680176854133606 10 -1 -1 
188 400 44 36 0.3646244704723358 10 -1 -1 
1075 316 33 20 0.36361196637153625 10 -1 -1 
818 396 65 71 0.357458233833313 4 -1 -1 
554 22 32 17 0.3571849763393402 4 -1 -1 
466 74 6 12 0.3502662777900696 2 -1 -1 
123 468 18 30 0.349336177110672 2 -1 -1 
768 3 27 13 0.349200040102005 4 -1 -1 
818 396 65 71 0.34361499547958374 6 -1 -1 
849 13 5 14 0.3422342538833618 1 -1 -1 
168 562 22 48 0.340104341506958 7 -1 -1 
390 120 10 19 0.3349755108356476 1 -1 -1 
606 181 9 22 0.3325135409832001 3 -1 -1 
466 76 7 12 0.3302628695964813 10 -1 -1 
930 70 8 18 0.3294566869735718 1 -1 -1 
902 66 12 17 0.3270728588104248 2 -1 -1 
420 119 25 16 0.32649722695350647 7 -1 -1 
195 391 44 29 0.32361721992492676 10 -1 -1 
861 13 6 14 0.31983527541160583 1 -1 -1 
99 437 18 21 0.31977593898773193 10 -1 -1 
364 187 25 15 0.31942272186279297 3 -1 -1 
924 617 26 32 0.3142967224121094 2 -1 -1 
168 563 26 48 0.31288841366767883 10 -1 -1 
372 180 14 17 0.3097088038921356 2 -1 -1 
844 63 51 23 0.30604150891304016 5 -1 -1 
1091 267 21 23 0.3056561052799225 3 -1 -1 
171 575 27 39 0.3043389916419983 2 -1 -1 
838 401 55 68 0.3022974729537964 4 -1 -1 
806 43 28 27 0.3020494282245636 4 -1 -1 
606 177 9 26 0.29993346333503723 1 -1 -1 
376 175 10 20 0.29729413986206055 1 -1 -1 
370 134 13 17 0.2943764925003052 2 -1 -1 
466 76 7 12 0.2914567291736603 7 -1 -1 
406 146 19 15 0.2908090651035309 8 -1 -1 
905 666 26 46 0.289731502532959 2 -1 -1 
978 562 92 133 0.28678324818611145 7 -1 -1 
943 404 70 69 0.2842661738395691 4 -1 -1 
606 177 9 26 0.2828991711139679 2 -1 -1 
910 634 38 62 0.2822016477584839 7 -1 -1 
170 572 27 41 0.2814083397388458 8 -1 -1 
838 9 25 14 0.28003859519958496 8 -1 -1 
932 657 22 51 0.27949878573417664 1 -1 -1 
719 0 16 8 0.27374038100242615 4 -1 -1 
186 293 129 69 0.26675650477409363 8 -1 -1 
445 374 66 81 0.26272857189178467 5 -1 -1 
981 509 130 183 0.2567976713180542 6 -1 -1 
979 561 94 134 0.2555992901325226 8 -1 -1 
820 361 74 106 0.2530335783958435 6 -1 -1 
988 210 53 53 0.25253039598464966 5 -1 -1 
1231 604 84 125 0.2521161139011383 5 -1 -1 
966 430 196 262 0.2470761239528656 6 -1 -1 
942 426 84 89 0.24209630489349365 5 -1 -1 
942 426 84 89 0.24020163714885712 4 -1 -1 
818 410 63 62 0.22906804084777832 8 -1 -1 
818 373 134 100 0.22524842619895935 6 -1 -1 
1102 414 95 138 0.22003935277462006 4 -1 -1 
184 293 130 68 0.21918079257011414 4 -1 -1 
185 293 130 69 0.2171606421470642 7 -1 -1 
820 361 74 106 0.21058858931064606 4 -1 -1 
1072 306 31 23 0.20987536013126373 4 -1 -1 
1089 261 26 32 0.20287413895130157 3 -1 -1 
922 420 91 62 0.2019907832145691 4 -1 -1 
818 396 65 71 0.19700276851654053 5 -1 -1 
806 43 28 27 0.1952040046453476 5 -1 -1 
867 321 79 50 0.18985940515995026 4 -1 -1 
1077 323 33 20 0.18811632692813873 3 -1 -1 
549 27 36 19 0.18204739689826965 4 -1 -1 
945 415 72 66 0.17708176374435425 5 -1 -1 
819 395 74 75 0.17572849988937378 7 -1 -1 
804 368 108 117 0.16371528804302216 6 -1 -1 
816 327 105 147 0.16286522150039673 6 -1 -1 
83 464 24 38 0.162339985370636 4 -1 -1 
820 361 74 106 0.16105984151363373 5 -1 -1 
1077 322 34 21 0.15916264057159424 4 -1 -1 
719 75 26 26 0.1573510468006134 5 -1 -1 
887 435 150 80 0.15685443580150604 5 -1 -1 
824 0 37 15 0.1568332314491272 5 -1 -1 
821 392 182 84 0.15464429557323456 6 -1 -1 
822 392 102 78 0.15237081050872803 6 -1 -1 
907 397 103 66 0.1517946720123291 4 -1 -1 
770 105 70 36 0.15118016302585602 4 -1 -1 
823 316 123 54 0.1501489132642746 4 -1 -1 
761 5 36 19 0.14915268123149872 4 -1 -1 
1051 278 31 22 0.1488945633172989 4 -1 -1 
790 34 36 28 0.14801907539367676 4 -1 -1 
816 414 56 60 0.14231614768505096 6 -1 -1 
94 431 25 33 0.14094412326812744 3 -1 -1 
1073 416 109 122 0.13863886892795563 4 -1 -1 
1212 527 105 202 0.13807770609855652 6 -1 -1 
71 430 22 37 0.137346550822258 3 -1 -1 
819 409 83 67 0.13562753796577454 6 -1 -1 
120 468 28 42 0.13471312820911407 3 -1 -1 
820 274 91 60 0.13364504277706146 4 -1 -1 
120 467 27 42 0.13326680660247803 2 -1 -1 
960 424 81 78 0.13266980648040771 4 -1 -1 
443 137 40 24 0.13133929669857025 4 -1 -1 
894 307 55 64 0.12843376398086548 4 -1 -1 
541 55 28 27 0.12825432419776917 4 -1 -1 
880 457 166 73 0.1274852454662323 5 -1 -1 
571 39 43 17 0.12741537392139435 6 -1 -1 
792 39 39 30 0.12560133635997772 4 -1 -1 
1210 569 104 155 0.12446895241737366 4 -1 -1 
815 273 135 120 0.12371121346950531 4 -1 -1 
981 554 95 139 0.12249881029129028 5 -1 -1 
819 409 83 67 0.12238527834415436 4 -1 -1 
497 602 84 151 0.12220089137554169 1 -1 -1 
981 554 95 139 0.12207110226154327 4 -1 -1 
1231 604 84 125 0.1218518391251564 6 -1 -1 
859 297 86 72 0.12160473316907883 4 -1 -1 
964 416 232 268 0.12135270982980728 9 -1 -1 
859 431 159 94 0.12107030302286148 4 -1 -1 
822 392 102 78 0.1177995502948761 4 -1 -1 
403 144 34 23 0.11760478466749191 7 -1 -1 
188 385 56 50 0.11737310886383057 10 -1 -1 
372 212 71 34 0.1152210384607315 5 -1 -1 
842 326 107 54 0.1151360347867012 4 -1 -1 
121 468 27 42 0.11482091248035431 4 -1 -1 
186 293 129 69 0.11404582858085632 6 -1 -1 
815 362 68 105 0.11348240077495575 9 -1 -1 
1051 277 31 23 0.11346346139907837 3 -1 -1 
887 412 138 82 0.11340635269880295 5 -1 -1 
887 404 131 75 0.11229842901229858 4 -1 -1 
95 422 26 33 0.11201782524585724 10 -1 -1 
981 531 117 161 0.11190908402204514 7 -1 -1 
819 388 85 82 0.11179304122924805 8 -1 -1 
821 409 105 65 0.11139193922281265 7 -1 -1 
859 476 58 61 0.11110640317201614 4 -1 -1 
571 39 43 17 0.11062812805175781 5 -1 -1 
1224 528 97 200 0.10949279367923737 9 -1 -1 
658 446 49 77 0.10904787480831146 6 -1 -1 
442 140 40 24 0.10800909996032715 6 -1 -1 
861 474 111 61 0.10715388506650925 4 -1 -1 
496 604 84 148 0.10615462809801102 9 -1 -1 
815 277 135 184 0.1051088348031044 9 -1 -1 
823 279 108 73 0.10472702980041504 4 -1 -1 
814 279 127 190 0.10387333482503891 4 -1 -1 
819 415 85 67 0.10336233675479889 8 -1 -1 
442 146 36 18 0.10270596295595169 8 -1 -1 
1077 323 33 20 0.10264281183481216 7 -1 -1 
1071 306 32 23 0.10238735377788544 9 -1 -1 
91 430 20 35 0.10230457782745361 10 -1 -1 
818 351 114 119 0.10186298936605453 4 -1 -1 
1072 307 31 22 0.10130402445793152 3 -1 -1 
583 58 26 30 0.10114776343107224 4 -1 -1 
1093 428 130 178 0.10051503777503967 4 -1 -1 
833 405 184 80 0.09990426898002625 5 -1 -1 
185 293 130 69 0.09933922439813614 5 -1 -1 
819 272 134 108 0.09917336702346802 9 -1 -1 
923 404 89 69 0.09866847097873688 5 -1 -1 
848 258 64 70 0.09812041372060776 4 -1 -1 
814 272 135 147 0.09669338911771774 6 -1 -1 
818 373 134 100 0.09645230323076248 5 -1 -1 
818 351 114 119 0.09610515832901001 9 -1 -1 
925 396 113 107 0.09513325244188309 4 -1 -1 
815 299 79 171 0.09023581445217133 9 -1 -1 
820 386 175 86 0.08498334884643555 4 -1 -1 
816 327 105 147 0.08436610549688339 5 -1 -1 
925 396 113 107 0.08024659007787704 5 -1 -1 
880 457 166 73 0.0796014666557312 4 -1 -1 
859 431 159 94 0.07914115488529205 6 -1 -1 
821 392 182 84 0.07912067323923111 9 -1 -1 
814 272 135 147 0.07693588733673096 5 -1 -1 
1016 428 243 258 0.07663867622613907 6 -1 -1 
813 373 119 105 0.07480046153068542 8 -1 -1 
814 305 87 165 0.0722748413681984 4 -1 -1 
813 373 119 105 0.07070577144622803 7 -1 -1 
804 368 108 117 0.0703318864107132 4 -1 -1 
870 406 147 95 0.07024697959423065 6 -1 -1 
804 368 108 117 0.06939234584569931 9 -1 -1 
804 368 108 117 0.06923147290945053 5 -1 -1 
812 275 86 197 0.06543602794408798 6 -1 -1 
964 416 232 268 0.06372668594121933 5 -1 -1 
859 431 159 94 0.06341376155614853 9 -1 -1 
945 426 163 273 0.05974216014146805 9 -1 -1 
861 464 163 82 0.05609309673309326 4 -1 -1 
964 416 232 268 0.055340033024549484 4 -1 -1 
797 347 88 129 0.054619163274765015 6 -1 -1 
817 261 140 105 0.054489150643348694 6 -1 -1 
828 411 186 81 0.054322272539138794 9 -1 -1 
818 408 170 85 0.0536174550652504 4 -1 -1 
861 464 163 82 0.052831459790468216 5 -1 -1 
920 402 254 244 0.05199825018644333 6 -1 -1 
925 396 113 107 0.05185078829526901 6 -1 -1 
872 464 168 83 0.05038157477974892 9 -1 -1 
