375 291 20 27 0.9987468719482422 9 -1 -1 
344 339 25 26 0.9112813472747803 6 -1 -1 
334 364 23 21 0.8508973121643066 4 -1 -1 
244 477 26 35 0.8506850004196167 8 -1 -1 
363 363 14 21 0.8304993510246277 8 -1 -1 
443 275 11 13 0.8048436045646667 5 -1 -1 
451 249 9 8 0.7994100451469421 4 -1 -1 
497 294 12 13 0.7987322807312012 4 -1 -1 
508 361 21 32 0.7863612771034241 5 -1 -1 
478 251 13 19 0.7685553431510925 6 -1 -1 
427 261 10 11 0.7626499533653259 4 -1 -1 
445 261 10 10 0.7579433917999268 4 -1 -1 
227 374 17 20 0.7572253942489624 8 -1 -1 
393 281 13 12 0.7478094696998596 4 -1 -1 
245 478 25 34 0.7423484325408936 9 -1 -1 
311 391 19 21 0.7399309873580933 9 -1 -1 
422 325 15 16 0.7398000955581665 4 -1 -1 
495 278 11 10 0.7396485805511475 4 -1 -1 
321 408 15 19 0.7395749092102051 7 -1 -1 
516 397 20 29 0.7346729636192322 5 -1 -1 
470 348 16 17 0.7297734618186951 4 -1 -1 
637 409 35 35 0.7199162840843201 4 -1 -1 
471 289 13 14 0.6965831518173218 4 -1 -1 
308 457 8 19 0.6954745054244995 1 -1 -1 
629 375 19 12 0.6950443387031555 10 -1 -1 
479 238 6 7 0.69351726770401 4 -1 -1 
47 274 23 13 0.689763069152832 5 -1 -1 
259 461 21 30 0.6896117925643921 8 -1 -1 
478 251 13 19 0.6889951229095459 9 -1 -1 
228 501 31 35 0.6877127289772034 8 -1 -1 
600 331 18 19 0.6840400695800781 4 -1 -1 
426 244 8 7 0.6616336107254028 4 -1 -1 
595 304 4 11 0.6538926362991333 1 -1 -1 
428 232 8 8 0.6485476493835449 4 -1 -1 
475 231 7 7 0.6482725739479065 4 -1 -1 
502 272 9 8 0.6417598128318787 4 -1 -1 
366 308 18 21 0.6373906135559082 5 -1 -1 
433 241 8 8 0.6344475150108337 4 -1 -1 
336 279 15 11 0.6340135335922241 4 -1 -1 
559 321 17 17 0.6270405650138855 4 -1 -1 
405 357 16 19 0.6160132884979248 6 -1 -1 
310 290 27 10 0.6107394695281982 4 -1 -1 
549 249 18 9 0.6016849279403687 4 -1 -1 
590 334 6 12 0.5953800082206726 1 -1 -1 
292 415 21 29 0.5936208367347717 8 -1 -1 
311 391 20 21 0.5919846296310425 8 -1 -1 
347 239 15 8 0.5876522064208984 4 -1 -1 
548 244 17 8 0.58626389503479 4 -1 -1 
292 415 21 29 0.5835259556770325 5 -1 -1 
472 202 5 5 0.5713397860527039 4 -1 -1 
303 402 16 24 0.565214216709137 8 -1 -1 
420 251 9 8 0.5562809705734253 4 -1 -1 
481 221 6 6 0.5521236658096313 4 -1 -1 
94 499 40 20 0.5394075512886047 8 -1 -1 
93 500 40 19 0.532884955406189 7 -1 -1 
466 212 5 6 0.530547022819519 4 -1 -1 
49 479 26 19 0.5246943831443787 8 -1 -1 
536 283 24 11 0.5246425867080688 4 -1 -1 
454 206 6 5 0.5099127292633057 4 -1 -1 
442 259 4 7 0.5054609179496765 10 -1 -1 
249 450 19 28 0.5005409717559814 6 -1 -1 
362 325 16 17 0.49998241662979126 4 -1 -1 
359 224 9 5 0.49491211771965027 4 -1 -1 
281 456 25 27 0.4854756295681 7 -1 -1 
413 258 12 10 0.4852275550365448 4 -1 -1 
363 220 10 7 0.4845288395881653 5 -1 -1 
539 225 7 6 0.4828610122203827 4 -1 -1 
305 430 13 19 0.4782212972640991 10 -1 -1 
511 229 16 9 0.4653644859790802 5 -1 -1 
144 418 46 20 0.4633389413356781 4 -1 -1 
442 257 4 7 0.46258485317230225 2 -1 -1 
494 227 6 5 0.4623601734638214 4 -1 -1 
333 246 18 13 0.4591361880302429 9 -1 -1 
435 224 8 8 0.4523506760597229 4 -1 -1 
101 482 48 25 0.44865354895591736 7 -1 -1 
404 357 18 20 0.44486695528030396 4 -1 -1 
409 263 12 11 0.44233131408691406 4 -1 -1 
375 291 20 27 0.4409219026565552 4 -1 -1 
434 215 8 9 0.4394419193267822 4 -1 -1 
355 232 14 7 0.4382811486721039 4 -1 -1 
382 223 6 5 0.436369389295578 4 -1 -1 
461 287 4 9 0.4333890676498413 1 -1 -1 
501 264 9 9 0.43164679408073425 4 -1 -1 
417 277 6 8 0.4301532506942749 10 -1 -1 
415 253 10 9 0.42666319012641907 4 -1 -1 
360 230 12 7 0.4263153076171875 5 -1 -1 
126 450 16 20 0.4203363060951233 10 -1 -1 
437 215 6 5 0.4165259599685669 4 -1 -1 
195 398 19 20 0.4094405472278595 10 -1 -1 
607 433 5 12 0.40932586789131165 1 -1 -1 
629 375 19 12 0.40881702303886414 7 -1 -1 
356 230 15 7 0.40706104040145874 4 -1 -1 
516 397 21 28 0.4056547284126282 4 -1 -1 
507 238 19 9 0.4017273187637329 5 -1 -1 
128 446 17 22 0.40094590187072754 10 -1 -1 
617 486 4 12 0.40064480900764465 1 -1 -1 
529 215 7 5 0.39855560660362244 4 -1 -1 
520 294 19 10 0.398488312959671 4 -1 -1 
532 256 21 13 0.39061468839645386 4 -1 -1 
280 456 26 27 0.38365358114242554 6 -1 -1 
512 234 16 8 0.3789621889591217 4 -1 -1 
245 477 25 34 0.3715910315513611 6 -1 -1 
499 256 9 11 0.37070128321647644 4 -1 -1 
442 212 8 6 0.367580384016037 4 -1 -1 
394 272 15 11 0.36710330843925476 4 -1 -1 
191 410 7 18 0.3668341338634491 10 -1 -1 
363 362 14 23 0.36442831158638 5 -1 -1 
495 226 5 6 0.36116260290145874 6 -1 -1 
361 230 11 7 0.3584701716899872 4 -1 -1 
382 219 6 9 0.35829851031303406 6 -1 -1 
375 291 20 27 0.35667651891708374 10 -1 -1 
244 477 25 34 0.35552847385406494 5 -1 -1 
548 221 8 11 0.3552740216255188 9 -1 -1 
202 398 13 18 0.35295742750167847 10 -1 -1 
354 264 3 8 0.35147330164909363 1 -1 -1 
409 263 12 11 0.35130369663238525 6 -1 -1 
303 402 17 24 0.35129040479660034 5 -1 -1 
511 229 16 9 0.3509378135204315 4 -1 -1 
427 241 8 8 0.34982016682624817 4 -1 -1 
520 293 27 14 0.34903526306152344 4 -1 -1 
417 275 6 8 0.34528982639312744 2 -1 -1 
21 487 53 30 0.34105977416038513 6 -1 -1 
250 450 18 23 0.3404579162597656 5 -1 -1 
302 402 18 24 0.3389164209365845 9 -1 -1 
375 291 20 27 0.3377842903137207 3 -1 -1 
21 487 53 30 0.33654722571372986 8 -1 -1 
49 484 26 20 0.3349718153476715 8 -1 -1 
507 238 19 9 0.3341794013977051 4 -1 -1 
409 263 12 11 0.33409079909324646 5 -1 -1 
356 231 14 7 0.33319076895713806 5 -1 -1 
227 366 27 27 0.333069771528244 8 -1 -1 
364 220 9 7 0.3327559530735016 4 -1 -1 
462 287 3 8 0.3325314223766327 2 -1 -1 
375 291 20 27 0.3285173773765564 7 -1 -1 
417 252 10 9 0.32626181840896606 4 -1 -1 
138 469 18 16 0.32576224207878113 10 -1 -1 
262 334 15 19 0.32418113946914673 8 -1 -1 
521 293 20 12 0.31964313983917236 5 -1 -1 
259 462 21 30 0.31904736161231995 6 -1 -1 
442 212 8 6 0.317810595035553 6 -1 -1 
461 287 4 9 0.3178054392337799 10 -1 -1 
548 244 16 8 0.3178046643733978 5 -1 -1 
375 291 20 27 0.31648457050323486 2 -1 -1 
102 483 47 24 0.31589192152023315 6 -1 -1 
101 482 48 25 0.3138437867164612 8 -1 -1 
133 444 14 20 0.31274381279945374 10 -1 -1 
508 361 21 31 0.31269270181655884 9 -1 -1 
247 449 21 26 0.3115083575248718 8 -1 -1 
375 291 20 27 0.308523952960968 5 -1 -1 
375 291 20 27 0.30830731987953186 1 -1 -1 
382 219 6 9 0.3068110942840576 9 -1 -1 
514 223 14 7 0.30413541197776794 4 -1 -1 
236 393 17 11 0.30352574586868286 7 -1 -1 
227 374 17 20 0.3022817075252533 7 -1 -1 
191 399 18 21 0.3012085556983948 10 -1 -1 
302 402 18 24 0.2996102571487427 6 -1 -1 
548 248 17 7 0.2979821264743805 4 -1 -1 
375 291 20 27 0.28514939546585083 8 -1 -1 
249 450 18 23 0.28478604555130005 9 -1 -1 
303 402 17 24 0.28328534960746765 4 -1 -1 
258 461 22 32 0.27336716651916504 7 -1 -1 
292 415 22 29 0.27289828658103943 4 -1 -1 
245 460 36 50 0.27108636498451233 6 -1 -1 
375 291 20 27 0.26062047481536865 6 -1 -1 
404 357 18 20 0.2600729167461395 5 -1 -1 
526 283 32 13 0.2591964602470398 4 -1 -1 
132 497 48 28 0.25660425424575806 8 -1 -1 
132 497 48 28 0.25203898549079895 7 -1 -1 
258 461 23 31 0.24870182573795319 9 -1 -1 
232 501 25 31 0.245651513338089 5 -1 -1 
524 286 30 13 0.2450432926416397 4 -1 -1 
363 362 14 23 0.24257969856262207 7 -1 -1 
335 279 24 12 0.24254390597343445 4 -1 -1 
280 456 26 27 0.23512865602970123 8 -1 -1 
98 488 50 26 0.23476631939411163 7 -1 -1 
258 461 22 31 0.2229517102241516 5 -1 -1 
636 409 36 36 0.21750830113887787 5 -1 -1 
311 391 20 21 0.21606916189193726 7 -1 -1 
311 391 19 21 0.21397532522678375 6 -1 -1 
227 501 33 38 0.2133740484714508 7 -1 -1 
321 407 16 20 0.20795032382011414 8 -1 -1 
210 406 45 31 0.20537857711315155 6 -1 -1 
131 506 48 25 0.20170791447162628 7 -1 -1 
366 308 18 21 0.20117932558059692 4 -1 -1 
131 506 48 25 0.1967390775680542 8 -1 -1 
47 273 23 14 0.19521205127239227 4 -1 -1 
232 501 25 31 0.1952047049999237 4 -1 -1 
367 308 17 20 0.19025130569934845 6 -1 -1 
98 488 50 26 0.1881571114063263 8 -1 -1 
508 361 21 31 0.186870738863945 6 -1 -1 
363 362 14 23 0.1845293492078781 6 -1 -1 
249 450 19 23 0.18352541327476501 4 -1 -1 
303 402 17 24 0.18286579847335815 7 -1 -1 
311 391 20 21 0.1802200973033905 4 -1 -1 
311 391 20 21 0.17453160881996155 5 -1 -1 
21 487 53 30 0.17405644059181213 7 -1 -1 
516 397 20 29 0.17321109771728516 9 -1 -1 
508 361 21 32 0.17274241149425507 4 -1 -1 
292 415 21 29 0.17240938544273376 6 -1 -1 
100 491 61 27 0.1706143468618393 7 -1 -1 
363 362 14 23 0.1696184128522873 4 -1 -1 
321 407 16 20 0.16533780097961426 6 -1 -1 
47 273 24 14 0.1649852693080902 9 -1 -1 
523 287 30 14 0.16458655893802643 5 -1 -1 
355 325 21 22 0.16457080841064453 4 -1 -1 
244 477 26 34 0.16265767812728882 4 -1 -1 
20 487 54 30 0.16213418543338776 5 -1 -1 
209 406 46 31 0.16161218285560608 7 -1 -1 
172 454 47 30 0.1599787026643753 4 -1 -1 
292 415 21 29 0.15701095759868622 9 -1 -1 
134 487 53 36 0.15425606071949005 7 -1 -1 
274 452 24 30 0.15200191736221313 7 -1 -1 
557 320 19 19 0.15189866721630096 5 -1 -1 
134 487 53 36 0.14959745109081268 8 -1 -1 
346 333 24 20 0.1488862782716751 4 -1 -1 
600 331 18 20 0.14852052927017212 5 -1 -1 
144 418 46 19 0.14776752889156342 6 -1 -1 
245 477 25 35 0.14707498252391815 7 -1 -1 
306 392 21 25 0.1467740386724472 9 -1 -1 
258 461 22 31 0.1465257704257965 4 -1 -1 
261 333 18 21 0.14558357000350952 4 -1 -1 
148 420 41 17 0.1448736935853958 7 -1 -1 
232 501 25 31 0.14418545365333557 6 -1 -1 
245 460 36 50 0.14350451529026031 7 -1 -1 
280 456 26 27 0.1425917148590088 4 -1 -1 
148 413 40 17 0.14210106432437897 4 -1 -1 
133 497 46 28 0.14193382859230042 6 -1 -1 
244 464 34 49 0.1300562620162964 8 -1 -1 
246 450 43 42 0.10938965529203415 6 -1 -1 
234 457 36 48 0.1075238361954689 6 -1 -1 
273 450 37 35 0.10619567334651947 6 -1 -1 
244 460 36 52 0.09620439261198044 5 -1 -1 
234 478 36 47 0.09421025216579437 6 -1 -1 
248 458 35 47 0.08881450444459915 8 -1 -1 
239 448 37 44 0.08775881677865982 6 -1 -1 
241 467 33 46 0.08459866791963577 9 -1 -1 
251 458 32 40 0.08342067897319794 9 -1 -1 
250 455 37 42 0.08038326352834702 7 -1 -1 
234 478 36 47 0.07992824167013168 8 -1 -1 
143 415 48 23 0.07190407067537308 5 -1 -1 
228 492 38 44 0.07138291746377945 6 -1 -1 
261 452 43 35 0.07136893272399902 6 -1 -1 
341 332 36 34 0.0710594579577446 6 -1 -1 
143 415 48 23 0.06808073818683624 9 -1 -1 
244 460 36 52 0.06744970381259918 4 -1 -1 
260 456 37 41 0.06546670943498611 6 -1 -1 
234 478 36 47 0.060482945293188095 7 -1 -1 
347 305 38 39 0.06038146838545799 6 -1 -1 
251 458 32 40 0.05831647664308548 5 -1 -1 
234 457 36 48 0.05387117341160774 9 -1 -1 
231 466 30 47 0.05339677631855011 6 -1 -1 
234 478 36 47 0.05322301387786865 5 -1 -1 
273 450 37 35 0.0525980144739151 7 -1 -1 
257 455 35 38 0.05026331543922424 9 -1 -1 
