225 481 46 27 0.9876026511192322 3 -1 -1 
512 389 89 79 0.9847227334976196 5 -1 -1 
956 214 45 45 0.9612383842468262 5 -1 -1 
1052 362 73 65 0.9431247711181641 4 -1 -1 
1010 576 102 115 0.9371254444122314 4 -1 -1 
339 438 76 57 0.9324083924293518 8 -1 -1 
668 410 55 86 0.9320222735404968 4 -1 -1 
444 629 88 135 0.9260790944099426 4 -1 -1 
1104 441 71 63 0.9237788915634155 4 -1 -1 
528 334 89 55 0.9232353568077087 4 -1 -1 
1161 533 102 95 0.8933632969856262 4 -1 -1 
558 145 31 24 0.8866183161735535 7 -1 -1 
911 159 39 33 0.8784070611000061 4 -1 -1 
541 260 66 48 0.868681788444519 4 -1 -1 
884 97 35 28 0.868649423122406 4 -1 -1 
871 71 29 25 0.8658146262168884 4 -1 -1 
531 708 24 44 0.8611128330230713 1 -1 -1 
536 285 87 61 0.8597943782806396 4 -1 -1 
421 371 19 36 0.8586596846580505 1 -1 -1 
637 8 22 23 0.8543860912322998 4 -1 -1 
438 457 39 31 0.8485332131385803 10 -1 -1 
410 64 10 15 0.8406752347946167 7 -1 -1 
545 221 30 40 0.8315446376800537 7 -1 -1 
596 28 36 23 0.8288702368736267 4 -1 -1 
568 171 21 29 0.8190823197364807 7 -1 -1 
590 149 37 38 0.8089774250984192 4 -1 -1 
582 74 48 26 0.7970950603485107 4 -1 -1 
303 362 55 30 0.7737680077552795 7 -1 -1 
587 60 41 24 0.7675575017929077 4 -1 -1 
858 53 28 23 0.7668089866638184 4 -1 -1 
2 586 71 38 0.7549057602882385 10 -1 -1 
696 62 45 93 0.7497833967208862 6 -1 -1 
592 44 38 26 0.7257379293441772 4 -1 -1 
576 92 49 25 0.7133641242980957 4 -1 -1 
1256 673 98 93 0.7051924467086792 4 -1 -1 
568 123 40 32 0.6967673897743225 4 -1 -1 
593 8 40 19 0.6961840391159058 4 -1 -1 
648 112 11 19 0.6945711374282837 2 -1 -1 
433 383 39 62 0.6899200081825256 7 -1 -1 
903 130 30 31 0.6812979578971863 5 -1 -1 
823 3 24 18 0.676933765411377 4 -1 -1 
418 535 16 38 0.6765780448913574 1 -1 -1 
939 185 49 38 0.6755164861679077 4 -1 -1 
830 16 24 19 0.6751364469528198 4 -1 -1 
572 105 52 29 0.6676104664802551 4 -1 -1 
771 0 26 15 0.662806510925293 4 -1 -1 
303 330 63 35 0.6486038565635681 7 -1 -1 
0 614 46 65 0.6402864456176758 4 -1 -1 
1011 292 60 51 0.6370674967765808 4 -1 -1 
238 471 20 33 0.6361185908317566 2 -1 -1 
844 34 25 23 0.6351073384284973 4 -1 -1 
594 19 39 20 0.6345148682594299 4 -1 -1 
270 431 39 27 0.6247014403343201 10 -1 -1 
268 389 63 47 0.6202462315559387 8 -1 -1 
168 535 142 74 0.6198151707649231 4 -1 -1 
0 457 45 26 0.6040009260177612 10 -1 -1 
346 554 146 83 0.603988766670227 4 -1 -1 
270 430 40 25 0.5986810922622681 3 -1 -1 
168 534 142 75 0.5956851840019226 5 -1 -1 
648 118 11 22 0.5946072340011597 10 -1 -1 
201 366 38 38 0.5903996229171753 7 -1 -1 
481 174 27 28 0.5707871317863464 8 -1 -1 
313 462 27 25 0.558769166469574 10 -1 -1 
415 461 20 28 0.5468270778656006 10 -1 -1 
411 62 8 13 0.5397143959999084 2 -1 -1 
513 378 56 50 0.5354872941970825 4 -1 -1 
308 163 11 25 0.5351482033729553 1 -1 -1 
347 553 146 83 0.5348212122917175 5 -1 -1 
303 334 62 33 0.5278962254524231 8 -1 -1 
170 402 47 27 0.5203095078468323 3 -1 -1 
298 379 47 31 0.5119621753692627 7 -1 -1 
315 172 16 17 0.5058687329292297 3 -1 -1 
339 438 76 57 0.5027270317077637 7 -1 -1 
268 386 63 50 0.5009651184082031 7 -1 -1 
392 544 14 30 0.48571404814720154 1 -1 -1 
308 341 59 30 0.48302388191223145 7 -1 -1 
168 364 69 43 0.482709676027298 7 -1 -1 
438 387 24 34 0.4798216223716736 2 -1 -1 
1011 291 60 52 0.4780162572860718 5 -1 -1 
484 174 17 29 0.4694381356239319 2 -1 -1 
480 178 28 24 0.4633096158504486 3 -1 -1 
231 475 32 32 0.4539653956890106 2 -1 -1 
903 130 30 31 0.43888208270072937 4 -1 -1 
593 2 41 19 0.4268221855163574 4 -1 -1 
303 362 54 30 0.42612218856811523 8 -1 -1 
303 325 55 36 0.42349520325660706 8 -1 -1 
817 0 18 11 0.41937634348869324 4 -1 -1 
11 29 24 12 0.41055020689964294 4 -1 -1 
939 185 49 39 0.4081242084503174 5 -1 -1 
547 218 28 27 0.4044937789440155 7 -1 -1 
492 176 13 24 0.3985426127910614 2 -1 -1 
167 401 50 28 0.3951028883457184 10 -1 -1 
270 436 37 24 0.39202070236206055 3 -1 -1 
268 419 42 31 0.3852926194667816 8 -1 -1 
265 543 47 66 0.37867972254753113 4 -1 -1 
273 384 68 35 0.3785850703716278 7 -1 -1 
302 380 43 27 0.37606844305992126 3 -1 -1 
576 99 50 25 0.37512558698654175 4 -1 -1 
547 174 46 55 0.365499347448349 6 -1 -1 
598 0 41 15 0.36430132389068604 4 -1 -1 
304 361 54 30 0.3639518618583679 3 -1 -1 
273 384 68 35 0.36261966824531555 8 -1 -1 
481 176 27 26 0.3576928377151489 10 -1 -1 
595 33 36 26 0.35626742243766785 4 -1 -1 
306 171 23 19 0.35242408514022827 3 -1 -1 
11 29 24 12 0.3521196246147156 10 -1 -1 
303 323 55 31 0.35131776332855225 7 -1 -1 
566 172 25 48 0.3490608036518097 7 -1 -1 
286 412 42 25 0.3451592028141022 3 -1 -1 
15 16 25 14 0.3444385230541229 10 -1 -1 
513 378 56 50 0.3425048887729645 8 -1 -1 
308 162 11 26 0.3393387496471405 2 -1 -1 
436 391 21 38 0.33813562989234924 2 -1 -1 
551 173 42 55 0.3347381055355072 7 -1 -1 
301 386 40 27 0.33462533354759216 3 -1 -1 
171 209 17 27 0.3341929614543915 10 -1 -1 
200 42 35 34 0.3236338198184967 10 -1 -1 
543 220 32 41 0.3229581117630005 8 -1 -1 
945 126 9 22 0.32149890065193176 1 -1 -1 
301 375 44 32 0.31953132152557373 8 -1 -1 
515 293 22 31 0.3134835362434387 3 -1 -1 
339 438 77 56 0.3075467050075531 3 -1 -1 
275 408 54 28 0.3061375319957733 7 -1 -1 
300 365 46 37 0.3060230016708374 7 -1 -1 
435 386 37 56 0.30335721373558044 10 -1 -1 
168 377 56 31 0.30111926794052124 8 -1 -1 
586 5 43 18 0.2997516393661499 4 -1 -1 
435 389 28 52 0.29357650876045227 2 -1 -1 
484 174 17 29 0.2931883931159973 1 -1 -1 
168 377 55 30 0.2931375205516815 7 -1 -1 
592 45 37 24 0.291423499584198 5 -1 -1 
445 384 22 32 0.2901172935962677 2 -1 -1 
696 62 45 93 0.2880084812641144 5 -1 -1 
162 394 57 42 0.2868358790874481 10 -1 -1 
202 40 33 36 0.28649184107780457 7 -1 -1 
648 114 11 25 0.2847868502140045 2 -1 -1 
513 379 56 49 0.28465536236763 5 -1 -1 
558 144 30 25 0.28064844012260437 8 -1 -1 
648 112 11 21 0.28037142753601074 10 -1 -1 
205 368 34 37 0.27949029207229614 3 -1 -1 
823 3 24 18 0.27726832032203674 5 -1 -1 
164 212 25 22 0.27674105763435364 10 -1 -1 
403 714 27 49 0.27537477016448975 10 -1 -1 
572 105 53 29 0.27442285418510437 5 -1 -1 
435 400 21 41 0.27370399236679077 2 -1 -1 
307 354 52 31 0.27268537878990173 7 -1 -1 
163 405 49 30 0.2691083252429962 3 -1 -1 
167 401 50 28 0.2658862769603729 7 -1 -1 
197 360 40 33 0.2652021646499634 7 -1 -1 
568 123 40 32 0.2633800208568573 5 -1 -1 
168 362 69 44 0.26070696115493774 8 -1 -1 
225 481 46 27 0.26052364706993103 4 -1 -1 
203 4 27 20 0.25509798526763916 10 -1 -1 
514 379 55 50 0.2542259097099304 7 -1 -1 
956 214 45 45 0.2529570460319519 4 -1 -1 
212 49 23 27 0.25262805819511414 10 -1 -1 
512 389 89 79 0.2452552318572998 8 -1 -1 
19 14 7 13 0.24493350088596344 2 -1 -1 
313 359 47 25 0.2423945963382721 3 -1 -1 
164 380 59 40 0.2407766878604889 7 -1 -1 
512 390 90 78 0.23898683488368988 4 -1 -1 
339 438 77 56 0.23631489276885986 2 -1 -1 
537 286 87 61 0.23600104451179504 5 -1 -1 
2 586 73 38 0.22203579545021057 7 -1 -1 
696 64 46 92 0.2164578139781952 9 -1 -1 
238 471 20 33 0.2162611186504364 1 -1 -1 
0 457 44 27 0.21275624632835388 3 -1 -1 
327 612 104 51 0.2116451859474182 4 -1 -1 
225 481 46 27 0.206283837556839 7 -1 -1 
357 438 77 53 0.19598762691020966 8 -1 -1 
481 174 27 28 0.19015885889530182 2 -1 -1 
191 359 51 49 0.18809551000595093 7 -1 -1 
481 176 27 26 0.1879291832447052 7 -1 -1 
269 386 63 48 0.1849662810564041 3 -1 -1 
285 377 61 38 0.18238891661167145 8 -1 -1 
696 62 45 93 0.1741963028907776 8 -1 -1 
149 35 84 43 0.17396634817123413 4 -1 -1 
130 38 86 50 0.17039930820465088 4 -1 -1 
13 458 38 26 0.1630963683128357 10 -1 -1 
2 586 73 38 0.16181117296218872 3 -1 -1 
433 383 39 62 0.15914294123649597 8 -1 -1 
164 380 59 40 0.1574549674987793 10 -1 -1 
512 389 90 79 0.15598160028457642 6 -1 -1 
313 612 122 92 0.1488933563232422 4 -1 -1 
286 369 58 42 0.14484526216983795 7 -1 -1 
339 438 76 57 0.1443357914686203 4 -1 -1 
301 350 60 38 0.14418092370033264 8 -1 -1 
316 619 101 61 0.14335127174854279 4 -1 -1 
512 389 89 79 0.14322404563426971 10 -1 -1 
166 363 66 44 0.1430729180574417 10 -1 -1 
114 43 90 53 0.1428573727607727 4 -1 -1 
263 402 57 43 0.14258550107479095 8 -1 -1 
302 329 64 38 0.14176839590072632 10 -1 -1 
512 389 89 79 0.13874107599258423 2 -1 -1 
3 586 70 38 0.13756118714809418 4 -1 -1 
317 621 59 61 0.13665227591991425 4 -1 -1 
227 479 42 29 0.13596351444721222 1 -1 -1 
302 342 62 35 0.13467270135879517 3 -1 -1 
268 390 62 46 0.1341302990913391 10 -1 -1 
512 389 89 79 0.13406360149383545 7 -1 -1 
1104 441 70 63 0.13324549794197083 5 -1 -1 
445 629 86 135 0.13288097083568573 5 -1 -1 
543 183 45 59 0.1328045129776001 6 -1 -1 
164 380 59 40 0.13278436660766602 8 -1 -1 
277 381 67 37 0.13227304816246033 3 -1 -1 
267 404 62 34 0.13219931721687317 3 -1 -1 
225 481 46 27 0.13043266534805298 2 -1 -1 
265 406 59 38 0.13019831478595734 7 -1 -1 
302 329 64 38 0.12769216299057007 6 -1 -1 
0 614 45 64 0.1274094432592392 5 -1 -1 
481 174 27 28 0.12705758213996887 1 -1 -1 
309 160 22 30 0.1268821358680725 10 -1 -1 
308 157 21 31 0.12592390179634094 2 -1 -1 
844 34 25 24 0.12528394162654877 5 -1 -1 
264 544 47 64 0.12519213557243347 5 -1 -1 
238 471 19 34 0.12516650557518005 3 -1 -1 
295 366 56 39 0.12367293983697891 8 -1 -1 
432 383 40 62 0.12301457673311234 4 -1 -1 
513 378 56 50 0.12258068472146988 1 -1 -1 
302 329 66 40 0.12209441512823105 3 -1 -1 
225 481 46 27 0.12103847414255142 9 -1 -1 
540 260 67 48 0.12073224782943726 5 -1 -1 
302 342 62 35 0.1192886084318161 10 -1 -1 
529 334 88 56 0.11866544187068939 5 -1 -1 
64 79 67 39 0.11759108304977417 4 -1 -1 
347 553 146 82 0.11717388778924942 6 -1 -1 
324 614 108 53 0.11584273725748062 5 -1 -1 
313 604 121 82 0.11578380316495895 6 -1 -1 
696 62 45 93 0.11473695933818817 1 -1 -1 
182 33 53 45 0.11385558545589447 4 -1 -1 
296 371 51 43 0.11060234904289246 3 -1 -1 
1010 576 102 115 0.10979506373405457 9 -1 -1 
513 379 57 49 0.10872954875230789 6 -1 -1 
443 629 89 135 0.10641990602016449 10 -1 -1 
330 618 112 124 0.1025208905339241 4 -1 -1 
313 604 121 82 0.09400108456611633 5 -1 -1 
443 628 89 136 0.09263560175895691 9 -1 -1 
322 616 115 106 0.07927891612052917 5 -1 -1 
322 616 115 106 0.07673035562038422 6 -1 -1 
443 629 89 135 0.07504697889089584 1 -1 -1 
313 604 121 82 0.06618494540452957 9 -1 -1 
347 553 146 83 0.0628429651260376 8 -1 -1 
443 629 89 135 0.06254767626523972 7 -1 -1 
347 553 146 82 0.06125546619296074 9 -1 -1 
346 554 147 82 0.0585014671087265 1 -1 -1 
286 611 130 109 0.05642876401543617 4 -1 -1 
362 624 145 135 0.05635766685009003 4 -1 -1 
344 581 142 105 0.05493799224495888 4 -1 -1 
78 36 146 71 0.05471300333738327 9 -1 -1 
69 38 147 67 0.05463070794939995 4 -1 -1 
331 561 134 91 0.05048362538218498 4 -1 -1 
299 639 126 105 0.050364065915346146 4 -1 -1 
