522 175 80 40 0.9437609910964966 4 -1 -1 
852 171 94 35 0.9397711753845215 4 -1 -1 
388 281 102 73 0.9346238374710083 4 -1 -1 
591 173 75 37 0.93067866563797 4 -1 -1 
115 75 30 31 0.9274458885192871 5 -1 -1 
686 173 74 41 0.9211387634277344 4 -1 -1 
393 195 68 52 0.9170851111412048 4 -1 -1 
1025 156 72 35 0.913905918598175 4 -1 -1 
452 177 71 41 0.9031566977500916 4 -1 -1 
345 117 46 28 0.9024491906166077 4 -1 -1 
450 99 44 23 0.9013556838035583 4 -1 -1 
173 81 37 25 0.9013487696647644 4 -1 -1 
899 626 300 143 0.8947850465774536 4 -1 -1 
353 191 30 34 0.8873279094696045 7 -1 -1 
293 84 37 26 0.8822969794273376 4 -1 -1 
690 79 43 21 0.8732345700263977 4 -1 -1 
1007 199 15 44 0.8674301505088806 1 -1 -1 
788 209 116 55 0.8454753160476685 5 -1 -1 
265 56 27 16 0.8383193016052246 4 -1 -1 
599 66 43 25 0.8371682167053223 5 -1 -1 
814 292 134 72 0.8355185389518738 4 -1 -1 
102 13 15 10 0.8348718881607056 4 -1 -1 
168 28 20 14 0.826604962348938 4 -1 -1 
744 93 54 27 0.8146997094154358 4 -1 -1 
759 142 78 40 0.8110043406486511 4 -1 -1 
1241 145 74 30 0.802833616733551 4 -1 -1 
85 235 21 34 0.8022570013999939 3 -1 -1 
120 19 18 13 0.7912892699241638 4 -1 -1 
512 126 40 47 0.7849146127700806 8 -1 -1 
585 86 59 21 0.7842618227005005 4 -1 -1 
449 265 47 34 0.7776423692703247 10 -1 -1 
717 141 76 31 0.7769346833229065 4 -1 -1 
331 164 59 39 0.7740626335144043 4 -1 -1 
413 86 33 21 0.7731435894966125 4 -1 -1 
749 120 59 25 0.769331693649292 4 -1 -1 
792 152 82 39 0.7654568552970886 4 -1 -1 
227 99 32 32 0.7462893128395081 8 -1 -1 
81 38 24 17 0.7405862212181091 4 -1 -1 
64 358 28 68 0.7361801862716675 1 -1 -1 
25 41 23 21 0.7358103394508362 4 -1 -1 
1284 173 14 31 0.731676459312439 1 -1 -1 
226 99 33 32 0.7316519021987915 7 -1 -1 
76 1 13 11 0.7298736572265625 4 -1 -1 
625 98 62 25 0.7288488745689392 4 -1 -1 
84 219 21 43 0.7253273129463196 2 -1 -1 
988 143 67 32 0.724427342414856 4 -1 -1 
356 55 29 16 0.7220288515090942 4 -1 -1 
918 205 15 38 0.719697892665863 1 -1 -1 
854 111 67 31 0.7193893790245056 4 -1 -1 
229 62 29 18 0.7172568440437317 4 -1 -1 
6 22 17 13 0.7106491327285767 4 -1 -1 
279 33 34 12 0.7078588008880615 4 -1 -1 
91 56 23 19 0.7024111151695251 4 -1 -1 
996 121 19 20 0.7001667618751526 10 -1 -1 
1271 414 87 79 0.6965847015380859 4 -1 -1 
715 108 59 23 0.6910790801048279 4 -1 -1 
604 94 49 24 0.68071448802948 4 -1 -1 
1325 197 15 34 0.6730735301971436 1 -1 -1 
415 104 13 15 0.6716545820236206 3 -1 -1 
3 7 14 13 0.6642374992370605 4 -1 -1 
1101 134 9 18 0.6422943472862244 3 -1 -1 
235 26 5 12 0.6397931575775146 1 -1 -1 
216 15 27 12 0.6254619359970093 4 -1 -1 
186 16 29 13 0.6138338446617126 4 -1 -1 
296 37 5 14 0.6110535860061646 1 -1 -1 
417 95 10 22 0.59180748462677 2 -1 -1 
418 52 63 20 0.5895842909812927 4 -1 -1 
907 200 14 40 0.5893316268920898 1 -1 -1 
463 251 19 45 0.5844965577125549 2 -1 -1 
338 71 8 18 0.5447378158569336 2 -1 -1 
1105 181 17 28 0.5363679528236389 2 -1 -1 
267 28 24 12 0.519443690776825 4 -1 -1 
176 8 25 11 0.5166976451873779 4 -1 -1 
451 258 18 37 0.5103309154510498 2 -1 -1 
1096 180 13 29 0.5102717876434326 2 -1 -1 
240 27 5 12 0.5079312324523926 1 -1 -1 
361 188 21 34 0.5047305226325989 7 -1 -1 
191 8 23 11 0.5027471780776978 4 -1 -1 
39 6 15 12 0.5023297071456909 4 -1 -1 
39 6 15 12 0.5020276308059692 5 -1 -1 
362 186 18 32 0.48509857058525085 2 -1 -1 
622 96 38 27 0.4837004542350769 4 -1 -1 
591 90 54 23 0.4810560941696167 4 -1 -1 
165 9 5 13 0.4784766137599945 1 -1 -1 
253 24 26 14 0.4720681607723236 5 -1 -1 
352 40 7 17 0.4677201807498932 1 -1 -1 
102 0 12 12 0.46637797355651855 4 -1 -1 
450 258 35 39 0.4649951457977295 2 -1 -1 
101 0 13 12 0.44761767983436584 5 -1 -1 
359 192 24 34 0.4432637095451355 10 -1 -1 
1187 139 10 19 0.4323105812072754 10 -1 -1 
571 66 32 16 0.43169257044792175 4 -1 -1 
689 82 46 19 0.4302888810634613 5 -1 -1 
338 77 8 14 0.42892226576805115 3 -1 -1 
1096 180 12 28 0.42764347791671753 1 -1 -1 
113 1 15 8 0.42499011754989624 4 -1 -1 
789 210 117 54 0.4248795509338379 4 -1 -1 
186 16 28 13 0.4222198724746704 5 -1 -1 
464 69 41 26 0.42136523127555847 4 -1 -1 
170 6 19 11 0.412900447845459 4 -1 -1 
451 258 15 37 0.4123331606388092 1 -1 -1 
351 189 28 32 0.4059411287307739 2 -1 -1 
415 105 13 14 0.40559059381484985 10 -1 -1 
415 101 12 18 0.40485644340515137 2 -1 -1 
451 66 44 21 0.4036747217178345 4 -1 -1 
338 75 8 16 0.39637690782546997 10 -1 -1 
648 109 106 43 0.3906819820404053 6 -1 -1 
1097 180 10 18 0.3903907835483551 2 -1 -1 
351 39 7 14 0.3867419958114624 2 -1 -1 
294 34 12 14 0.3838387131690979 1 -1 -1 
444 52 41 15 0.38153737783432007 4 -1 -1 
486 91 7 20 0.3811710774898529 1 -1 -1 
350 189 18 30 0.3779618740081787 2 -1 -1 
254 24 27 13 0.3745710849761963 4 -1 -1 
227 28 6 11 0.36242198944091797 1 -1 -1 
456 253 21 40 0.360067754983902 2 -1 -1 
143 9 6 12 0.36002838611602783 1 -1 -1 
248 24 25 13 0.3582058250904083 4 -1 -1 
512 132 10 31 0.35642996430397034 1 -1 -1 
338 71 8 18 0.34156519174575806 1 -1 -1 
463 70 41 26 0.3388803005218506 5 -1 -1 
417 51 57 21 0.3387105464935303 5 -1 -1 
231 26 6 12 0.33272165060043335 1 -1 -1 
170 6 12 10 0.33159634470939636 4 -1 -1 
159 10 6 11 0.33126842975616455 1 -1 -1 
736 96 9 19 0.3307003378868103 1 -1 -1 
350 189 17 31 0.32799625396728516 1 -1 -1 
541 50 12 17 0.32743728160858154 2 -1 -1 
270 30 26 11 0.32737788558006287 4 -1 -1 
857 194 27 26 0.32388949394226074 10 -1 -1 
619 79 22 13 0.322492778301239 7 -1 -1 
1187 133 11 24 0.3220406174659729 2 -1 -1 
573 67 46 16 0.3218618631362915 4 -1 -1 
455 264 39 35 0.3212352693080902 2 -1 -1 
646 56 8 22 0.3149971663951874 1 -1 -1 
596 73 8 18 0.31427639722824097 1 -1 -1 
512 127 40 45 0.31386950612068176 7 -1 -1 
366 194 17 31 0.31369704008102417 2 -1 -1 
648 68 26 25 0.31154143810272217 5 -1 -1 
294 34 12 14 0.30857548117637634 4 -1 -1 
232 25 8 12 0.30602559447288513 1 -1 -1 
417 96 9 21 0.3054851293563843 1 -1 -1 
1104 184 17 26 0.3044489622116089 10 -1 -1 
143 10 7 11 0.3035694658756256 10 -1 -1 
0 109 15 23 0.3028475046157837 10 -1 -1 
235 24 7 13 0.30268365144729614 1 -1 -1 
178 11 26 11 0.3018740713596344 4 -1 -1 
1102 135 9 17 0.30012911558151245 10 -1 -1 
460 72 31 17 0.299014151096344 4 -1 -1 
143 8 7 11 0.29758259654045105 2 -1 -1 
1203 183 8 19 0.2968950569629669 1 -1 -1 
593 101 18 25 0.2950912415981293 1 -1 -1 
84 219 21 43 0.279021292924881 1 -1 -1 
600 66 42 24 0.27892884612083435 6 -1 -1 
598 67 30 21 0.2710864245891571 5 -1 -1 
792 152 82 39 0.2591553330421448 5 -1 -1 
476 68 32 25 0.254875510931015 4 -1 -1 
458 68 41 21 0.2512343227863312 5 -1 -1 
813 292 135 73 0.2388053685426712 5 -1 -1 
729 133 79 33 0.23871473968029022 4 -1 -1 
464 70 42 27 0.23005910217761993 6 -1 -1 
782 148 77 38 0.22235850989818573 4 -1 -1 
752 135 67 30 0.2116701453924179 4 -1 -1 
599 67 41 22 0.2044067233800888 4 -1 -1 
759 142 77 39 0.20232367515563965 5 -1 -1 
456 63 41 19 0.20226098597049713 4 -1 -1 
854 111 68 30 0.19556789100170135 6 -1 -1 
651 68 30 25 0.19546040892601013 9 -1 -1 
85 236 20 33 0.19390346109867096 10 -1 -1 
611 96 49 26 0.19182129204273224 5 -1 -1 
511 126 43 48 0.19139790534973145 6 -1 -1 
988 143 69 32 0.18970777094364166 5 -1 -1 
1099 180 22 30 0.189321830868721 1 -1 -1 
392 196 69 51 0.18827417492866516 5 -1 -1 
1242 145 73 30 0.18622279167175293 5 -1 -1 
1106 180 17 30 0.18307264149188995 1 -1 -1 
450 53 39 19 0.17912091314792633 4 -1 -1 
853 111 68 30 0.17670144140720367 5 -1 -1 
510 125 44 49 0.17663252353668213 5 -1 -1 
1094 181 22 29 0.1742096245288849 10 -1 -1 
599 67 41 22 0.17180725932121277 8 -1 -1 
595 65 32 19 0.17022009193897247 4 -1 -1 
650 68 27 24 0.16476140916347504 4 -1 -1 
581 67 42 17 0.16164696216583252 5 -1 -1 
484 66 28 23 0.15996737778186798 4 -1 -1 
604 95 47 22 0.1566278338432312 5 -1 -1 
423 48 61 19 0.15462884306907654 4 -1 -1 
750 127 63 31 0.1535363793373108 4 -1 -1 
684 113 84 38 0.1512567102909088 6 -1 -1 
572 61 37 20 0.15016670525074005 4 -1 -1 
602 64 44 21 0.1501144915819168 5 -1 -1 
457 68 45 21 0.14396925270557404 6 -1 -1 
511 125 43 49 0.14356239140033722 4 -1 -1 
1024 156 74 35 0.14055801928043365 5 -1 -1 
251 23 32 16 0.14038221538066864 6 -1 -1 
717 141 77 32 0.13273777067661285 5 -1 -1 
899 626 298 142 0.10472874343395233 5 -1 -1 
898 627 302 140 0.09378413110971451 10 -1 -1 
898 626 299 142 0.08685312420129776 7 -1 -1 
899 626 298 142 0.07758024334907532 6 -1 -1 
898 626 299 142 0.07719872891902924 1 -1 -1 
899 626 298 142 0.07128475606441498 9 -1 -1 
592 90 68 30 0.06896557658910751 4 -1 -1 
582 83 63 28 0.05540280044078827 5 -1 -1 
585 84 64 27 0.051967326551675797 6 -1 -1 
459 68 61 35 0.05115457624197006 6 -1 -1 
