92 213 26 27 0.9434624910354614 8 -1 -1 
755 317 30 31 0.9203921556472778 7 -1 -1 
572 189 44 24 0.9051948189735413 4 -1 -1 
464 246 42 32 0.9024930596351624 7 -1 -1 
624 184 49 22 0.8730652928352356 4 -1 -1 
41 160 36 22 0.8724309206008911 4 -1 -1 
756 148 38 16 0.8667668700218201 4 -1 -1 
85 176 38 26 0.8552640676498413 4 -1 -1 
235 335 38 26 0.8547444939613342 10 -1 -1 
667 354 33 28 0.8542454838752747 10 -1 -1 
718 172 42 18 0.8475536704063416 4 -1 -1 
234 249 27 24 0.8400054574012756 7 -1 -1 
330 482 110 57 0.8363714814186096 7 -1 -1 
311 339 34 28 0.8257740139961243 10 -1 -1 
413 395 31 30 0.8192488551139832 10 -1 -1 
187 330 30 23 0.8112857937812805 10 -1 -1 
641 494 25 45 0.8058266639709473 1 -1 -1 
415 337 25 26 0.7868985533714294 10 -1 -1 
455 208 8 23 0.7842459082603455 1 -1 -1 
596 313 71 41 0.770732045173645 8 -1 -1 
211 237 18 21 0.768602728843689 10 -1 -1 
449 490 15 44 0.7520987391471863 1 -1 -1 
40 218 27 18 0.7300823330879211 10 -1 -1 
240 474 17 49 0.7134066224098206 1 -1 -1 
129 219 14 17 0.7106558084487915 3 -1 -1 
244 247 12 19 0.7096720933914185 2 -1 -1 
556 301 25 25 0.7071411609649658 10 -1 -1 
285 220 37 21 0.704992413520813 8 -1 -1 
312 200 9 16 0.7030423879623413 2 -1 -1 
478 293 54 34 0.7015751600265503 4 -1 -1 
348 236 14 16 0.7006527185440063 10 -1 -1 
130 212 10 20 0.6916353106498718 2 -1 -1 
769 269 12 25 0.6887950897216797 1 -1 -1 
285 222 37 19 0.6848170757293701 7 -1 -1 
366 194 19 13 0.6841378211975098 10 -1 -1 
140 242 14 19 0.6812226176261902 10 -1 -1 
544 162 36 16 0.6790734529495239 4 -1 -1 
381 214 15 13 0.6782240271568298 10 -1 -1 
215 233 10 17 0.6714252233505249 2 -1 -1 
354 223 19 15 0.6634558439254761 10 -1 -1 
254 197 13 11 0.6626883149147034 10 -1 -1 
605 244 13 20 0.662278950214386 10 -1 -1 
306 204 27 16 0.6615760326385498 7 -1 -1 
606 237 11 20 0.6549802422523499 2 -1 -1 
291 221 11 16 0.6475628614425659 2 -1 -1 
612 172 48 23 0.6469666957855225 5 -1 -1 
271 211 11 15 0.6465930342674255 10 -1 -1 
188 244 11 19 0.6437539458274841 10 -1 -1 
574 273 24 20 0.6377961039543152 10 -1 -1 
511 161 26 13 0.6346504092216492 7 -1 -1 
272 206 9 15 0.6261885166168213 2 -1 -1 
815 234 13 19 0.6243975758552551 2 -1 -1 
351 230 9 17 0.6216546893119812 2 -1 -1 
865 286 18 20 0.6206527352333069 10 -1 -1 
45 215 11 17 0.6193268895149231 2 -1 -1 
388 203 20 16 0.6175517439842224 10 -1 -1 
562 296 13 24 0.6149265766143799 2 -1 -1 
768 316 14 22 0.6098524332046509 2 -1 -1 
418 329 15 25 0.6088916063308716 2 -1 -1 
870 277 12 23 0.6059979796409607 2 -1 -1 
626 314 41 40 0.6040087938308716 8 -1 -1 
360 217 9 16 0.6017718315124512 2 -1 -1 
578 266 15 23 0.5965029001235962 2 -1 -1 
246 328 15 27 0.5915235877037048 2 -1 -1 
188 238 10 17 0.5892174243927002 2 -1 -1 
47 195 9 15 0.5891991257667542 2 -1 -1 
678 348 17 27 0.5888175368309021 2 -1 -1 
192 322 15 26 0.5872889757156372 2 -1 -1 
892 452 66 54 0.5810639262199402 4 -1 -1 
26 186 10 16 0.5720350742340088 2 -1 -1 
612 172 48 24 0.5687702298164368 4 -1 -1 
620 349 19 25 0.5638107061386108 2 -1 -1 
418 386 21 33 0.5636871457099915 2 -1 -1 
140 237 10 16 0.5597399473190308 2 -1 -1 
462 190 14 10 0.5482547879219055 10 -1 -1 
372 188 8 16 0.5249699950218201 2 -1 -1 
318 335 15 28 0.5246574878692627 2 -1 -1 
24 152 23 20 0.5226846933364868 8 -1 -1 
847 144 31 21 0.52225261926651 4 -1 -1 
256 189 10 16 0.5214991569519043 2 -1 -1 
929 262 15 17 0.5134586095809937 10 -1 -1 
611 350 27 25 0.5096076130867004 10 -1 -1 
83 190 13 17 0.5085456371307373 10 -1 -1 
139 166 7 14 0.5063555240631104 2 -1 -1 
339 167 25 22 0.49251893162727356 7 -1 -1 
815 151 12 11 0.4919501543045044 10 -1 -1 
744 140 31 14 0.4878579378128052 4 -1 -1 
330 480 110 60 0.484144002199173 8 -1 -1 
44 216 15 17 0.4824810326099396 10 -1 -1 
572 288 13 29 0.4799710214138031 2 -1 -1 
136 171 14 12 0.47986310720443726 10 -1 -1 
92 213 26 27 0.4786794185638428 7 -1 -1 
846 144 32 21 0.47715291380882263 5 -1 -1 
466 182 8 15 0.4750150442123413 2 -1 -1 
81 155 7 14 0.4649575650691986 2 -1 -1 
386 207 8 15 0.4646974205970764 2 -1 -1 
514 271 15 22 0.4568348526954651 2 -1 -1 
306 204 27 17 0.4562274217605591 10 -1 -1 
714 149 42 24 0.45175594091415405 6 -1 -1 
354 160 73 26 0.442853718996048 7 -1 -1 
463 184 13 15 0.44279009103775024 10 -1 -1 
597 323 26 28 0.4412924647331238 8 -1 -1 
332 163 33 22 0.438566654920578 7 -1 -1 
237 329 10 23 0.438143789768219 2 -1 -1 
83 189 12 16 0.43776604533195496 2 -1 -1 
836 501 121 39 0.4357335567474365 4 -1 -1 
933 255 11 19 0.4349290132522583 2 -1 -1 
292 149 21 17 0.434138685464859 10 -1 -1 
507 281 24 17 0.43224138021469116 10 -1 -1 
393 199 9 17 0.4301895201206207 2 -1 -1 
12 163 10 16 0.42298296093940735 10 -1 -1 
141 168 8 12 0.42283403873443604 2 -1 -1 
614 346 23 26 0.4227983355522156 2 -1 -1 
735 149 21 16 0.42112094163894653 8 -1 -1 
129 219 14 16 0.4139997959136963 10 -1 -1 
255 192 9 14 0.40668541193008423 2 -1 -1 
626 314 40 40 0.40666842460632324 7 -1 -1 
182 168 10 16 0.40562504529953003 2 -1 -1 
572 288 13 29 0.4047144651412964 1 -1 -1 
83 136 6 16 0.4028828740119934 1 -1 -1 
376 186 9 17 0.3982469141483307 2 -1 -1 
376 186 9 17 0.3941364586353302 1 -1 -1 
316 336 13 25 0.38817882537841797 2 -1 -1 
596 313 70 41 0.3852093517780304 7 -1 -1 
137 168 11 14 0.383378267288208 2 -1 -1 
173 163 10 15 0.373526930809021 10 -1 -1 
80 155 8 16 0.36934611201286316 1 -1 -1 
144 170 6 11 0.3685957193374634 2 -1 -1 
392 199 11 17 0.3649551570415497 10 -1 -1 
255 190 12 16 0.36167868971824646 10 -1 -1 
511 479 46 60 0.3602348864078522 8 -1 -1 
464 247 41 31 0.36010047793388367 8 -1 -1 
410 162 22 22 0.35823455452919006 10 -1 -1 
181 167 11 17 0.35613948106765747 10 -1 -1 
211 149 9 22 0.3552039861679077 1 -1 -1 
234 250 26 23 0.35462966561317444 10 -1 -1 
464 484 10 24 0.35344505310058594 1 -1 -1 
89 159 8 12 0.353172242641449 2 -1 -1 
26 187 10 17 0.35277417302131653 1 -1 -1 
489 148 6 11 0.34908461570739746 2 -1 -1 
46 201 15 15 0.34882470965385437 10 -1 -1 
47 198 12 15 0.34667548537254333 2 -1 -1 
465 186 10 13 0.34523770213127136 2 -1 -1 
334 162 70 25 0.34485599398612976 4 -1 -1 
11 158 10 18 0.3441295027732849 2 -1 -1 
358 218 13 17 0.34380802512168884 10 -1 -1 
571 293 14 25 0.3430495858192444 10 -1 -1 
30 196 14 18 0.3385210931301117 2 -1 -1 
593 318 58 44 0.3357110619544983 8 -1 -1 
338 163 59 23 0.33438923954963684 7 -1 -1 
24 152 23 20 0.3330388367176056 7 -1 -1 
396 508 19 29 0.3319721519947052 2 -1 -1 
137 167 11 15 0.3317818343639374 10 -1 -1 
489 149 16 9 0.3307504653930664 10 -1 -1 
142 171 9 12 0.3303455412387848 10 -1 -1 
384 211 12 15 0.32693880796432495 2 -1 -1 
454 476 45 62 0.3255009353160858 8 -1 -1 
25 196 36 19 0.32386693358421326 7 -1 -1 
417 386 21 33 0.32337361574172974 10 -1 -1 
454 476 45 62 0.3014765679836273 7 -1 -1 
714 149 42 25 0.29940345883369446 4 -1 -1 
245 482 56 56 0.29484108090400696 7 -1 -1 
750 143 38 17 0.2940059006214142 4 -1 -1 
511 479 46 60 0.29261213541030884 7 -1 -1 
756 317 29 31 0.28790244460105896 8 -1 -1 
675 348 23 29 0.28373298048973083 10 -1 -1 
415 391 29 33 0.2705022692680359 2 -1 -1 
511 479 46 60 0.2677968144416809 6 -1 -1 
335 160 75 27 0.26407667994499207 6 -1 -1 
140 144 29 24 0.26205524802207947 8 -1 -1 
316 337 29 28 0.2578945755958557 2 -1 -1 
236 332 33 26 0.24993430078029633 2 -1 -1 
509 271 23 27 0.24430730938911438 10 -1 -1 
181 160 32 17 0.24147939682006836 7 -1 -1 
245 482 56 56 0.23688648641109467 8 -1 -1 
315 335 23 29 0.23622532188892365 10 -1 -1 
674 349 26 30 0.23021209239959717 2 -1 -1 
306 202 28 19 0.22924597561359406 8 -1 -1 
714 149 42 25 0.22865478694438934 5 -1 -1 
755 317 30 31 0.22668080031871796 3 -1 -1 
350 154 84 31 0.22615346312522888 6 -1 -1 
330 480 110 60 0.2195321023464203 6 -1 -1 
509 271 23 27 0.2168613225221634 2 -1 -1 
401 459 98 70 0.21421298384666443 6 -1 -1 
593 319 48 50 0.2106695920228958 7 -1 -1 
187 324 27 27 0.2100096493959427 2 -1 -1 
561 293 22 27 0.2064923644065857 10 -1 -1 
409 462 90 72 0.20622950792312622 8 -1 -1 
140 144 29 24 0.2036418616771698 7 -1 -1 
235 335 38 26 0.2028728723526001 4 -1 -1 
92 213 26 27 0.20182940363883972 2 -1 -1 
748 140 36 16 0.20103339850902557 4 -1 -1 
415 335 25 27 0.19997842609882355 2 -1 -1 
352 144 81 34 0.19185853004455566 6 -1 -1 
836 501 121 39 0.1906600147485733 5 -1 -1 
92 213 26 27 0.1898641735315323 3 -1 -1 
477 292 56 36 0.187996968626976 5 -1 -1 
22 193 29 20 0.18660545349121094 7 -1 -1 
667 354 33 28 0.18436363339424133 4 -1 -1 
418 385 21 33 0.18094070255756378 1 -1 -1 
450 476 49 63 0.17895258963108063 6 -1 -1 
714 149 42 25 0.17869780957698822 8 -1 -1 
743 142 30 21 0.17675375938415527 4 -1 -1 
544 161 37 17 0.17472614347934723 5 -1 -1 
138 146 30 22 0.1730979084968567 10 -1 -1 
373 465 137 73 0.1706242710351944 6 -1 -1 
234 249 27 24 0.16921366751194 8 -1 -1 
241 331 29 25 0.1657741665840149 10 -1 -1 
311 339 34 28 0.15894821286201477 4 -1 -1 
756 316 30 32 0.15814512968063354 2 -1 -1 
507 273 25 25 0.15182055532932281 7 -1 -1 
23 195 38 19 0.14828377962112427 8 -1 -1 
892 452 66 54 0.14511294662952423 5 -1 -1 
561 293 22 27 0.14437663555145264 2 -1 -1 
713 149 42 24 0.14383026957511902 7 -1 -1 
574 269 25 23 0.14315997064113617 2 -1 -1 
401 459 98 70 0.14055581390857697 5 -1 -1 
25 151 33 22 0.14048756659030914 7 -1 -1 
187 329 30 24 0.14010964334011078 4 -1 -1 
330 482 110 57 0.1389630287885666 3 -1 -1 
675 347 21 27 0.13773055374622345 1 -1 -1 
757 147 37 17 0.13690036535263062 5 -1 -1 
234 249 27 24 0.1364082247018814 3 -1 -1 
234 249 27 24 0.13566960394382477 4 -1 -1 
232 471 33 58 0.13546063005924225 1 -1 -1 
667 354 34 28 0.13424983620643616 3 -1 -1 
316 335 21 28 0.13249336183071136 1 -1 -1 
744 140 35 15 0.13219255208969116 5 -1 -1 
596 313 71 41 0.13209643959999084 6 -1 -1 
92 213 26 27 0.13164642453193665 10 -1 -1 
507 273 25 25 0.13077452778816223 8 -1 -1 
25 151 33 22 0.12945565581321716 8 -1 -1 
596 313 71 41 0.12834416329860687 5 -1 -1 
92 213 26 27 0.1282110959291458 1 -1 -1 
181 160 32 17 0.12784332036972046 8 -1 -1 
511 160 30 15 0.12570980191230774 8 -1 -1 
331 471 166 69 0.12454908341169357 7 -1 -1 
510 479 47 59 0.12450622767210007 5 -1 -1 
413 395 31 30 0.12400572001934052 4 -1 -1 
246 482 55 56 0.12384788691997528 6 -1 -1 
42 159 34 23 0.12373699247837067 5 -1 -1 
715 158 42 22 0.12369603663682938 4 -1 -1 
725 147 33 22 0.12314663827419281 4 -1 -1 
756 317 29 31 0.12266554683446884 10 -1 -1 
147 430 70 58 0.12242329865694046 4 -1 -1 
92 213 26 27 0.11849965900182724 5 -1 -1 
333 470 165 69 0.08662637323141098 8 -1 -1 
338 473 170 68 0.08375140279531479 9 -1 -1 
396 466 149 74 0.06791944801807404 8 -1 -1 
373 465 137 73 0.06487535685300827 5 -1 -1 
836 481 125 60 0.059743329882621765 9 -1 -1 
396 466 149 74 0.05839948728680611 9 -1 -1 
329 477 126 63 0.052392277866601944 2 -1 -1 
396 466 149 74 0.05164404213428497 7 -1 -1 
373 465 137 73 0.05022350698709488 4 -1 -1 
