684 202 41 18 0.9962059259414673 6 -1 -1 
524 384 33 45 0.9567777514457703 5 -1 -1 
588 654 16 38 0.9025112390518188 1 -1 -1 
868 359 16 16 0.8647633194923401 3 -1 -1 
629 416 33 37 0.8176184296607971 4 -1 -1 
717 178 12 12 0.8102860450744629 4 -1 -1 
713 158 11 10 0.8013362884521484 4 -1 -1 
831 561 105 50 0.783149003982544 4 -1 -1 
717 140 11 9 0.7807819247245789 4 -1 -1 
897 445 13 27 0.7752960324287415 1 -1 -1 
833 335 22 28 0.7550411224365234 5 -1 -1 
623 447 31 38 0.7512779235839844 4 -1 -1 
901 508 13 32 0.7499012351036072 1 -1 -1 
816 264 16 14 0.7497363686561584 3 -1 -1 
738 226 17 16 0.7468819618225098 4 -1 -1 
842 262 6 16 0.7401044964790344 1 -1 -1 
732 135 9 8 0.7343593835830688 4 -1 -1 
432 502 37 27 0.7249747514724731 10 -1 -1 
432 629 116 59 0.7241958975791931 4 -1 -1 
741 267 42 17 0.7192091941833496 4 -1 -1 
745 243 31 19 0.6933748722076416 5 -1 -1 
1056 736 29 28 0.6857683658599854 10 -1 -1 
623 446 32 39 0.6686224341392517 6 -1 -1 
683 295 7 12 0.6535012722015381 2 -1 -1 
835 300 20 14 0.6453171372413635 10 -1 -1 
682 299 8 15 0.6438619494438171 10 -1 -1 
732 150 11 10 0.6436595320701599 4 -1 -1 
870 350 11 22 0.628456175327301 2 -1 -1 
715 195 16 17 0.6087204217910767 5 -1 -1 
733 167 10 8 0.5987949371337891 4 -1 -1 
730 142 9 9 0.5924128293991089 4 -1 -1 
692 168 12 13 0.5841895341873169 4 -1 -1 
831 291 19 12 0.5820634961128235 10 -1 -1 
795 217 6 13 0.5591331124305725 1 -1 -1 
695 149 11 12 0.5548928380012512 4 -1 -1 
715 195 16 17 0.5374571681022644 4 -1 -1 
683 219 6 13 0.4955795705318451 1 -1 -1 
818 310 46 20 0.4878930151462555 7 -1 -1 
692 158 12 12 0.48449084162712097 4 -1 -1 
850 266 6 11 0.48229309916496277 1 -1 -1 
138 229 9 24 0.47892746329307556 1 -1 -1 
824 326 28 20 0.4772534668445587 8 -1 -1 
903 373 19 19 0.4758783280849457 10 -1 -1 
801 207 7 20 0.46894460916519165 1 -1 -1 
1071 716 29 22 0.44892656803131104 10 -1 -1 
737 170 12 16 0.44811180233955383 8 -1 -1 
677 107 8 6 0.4431542158126831 4 -1 -1 
697 136 10 10 0.41343286633491516 4 -1 -1 
704 179 5 11 0.4056590795516968 2 -1 -1 
819 312 56 26 0.3901903033256531 7 -1 -1 
704 179 5 12 0.3901248574256897 1 -1 -1 
738 158 9 10 0.38980668783187866 4 -1 -1 
816 221 6 11 0.3895075023174286 1 -1 -1 
740 204 5 9 0.38931718468666077 2 -1 -1 
808 217 6 14 0.3824916481971741 1 -1 -1 
802 217 5 14 0.3815070390701294 1 -1 -1 
740 204 5 12 0.3780570328235626 1 -1 -1 
745 200 6 13 0.37444302439689636 1 -1 -1 
1036 656 10 10 0.37186670303344727 2 -1 -1 
684 202 41 18 0.371615469455719 7 -1 -1 
832 336 24 27 0.36948201060295105 4 -1 -1 
850 266 6 11 0.3684391379356384 2 -1 -1 
1046 676 20 28 0.3626726269721985 7 -1 -1 
772 158 12 11 0.36164289712905884 4 -1 -1 
809 206 6 14 0.36075884103775024 1 -1 -1 
737 158 10 10 0.3574128746986389 5 -1 -1 
583 245 41 50 0.3566302955150604 6 -1 -1 
671 119 11 6 0.3545745015144348 4 -1 -1 
869 353 13 20 0.353643000125885 3 -1 -1 
698 136 9 10 0.35252466797828674 5 -1 -1 
871 350 11 20 0.3441642224788666 1 -1 -1 
716 69 7 7 0.3262907564640045 4 -1 -1 
895 350 10 17 0.32539111375808716 2 -1 -1 
1094 698 13 17 0.3247320353984833 2 -1 -1 
770 152 14 17 0.32113903760910034 4 -1 -1 
704 182 5 10 0.316018283367157 3 -1 -1 
704 179 5 12 0.31411945819854736 10 -1 -1 
683 297 7 15 0.3127381503582001 2 -1 -1 
729 87 6 5 0.31265291571617126 4 -1 -1 
797 217 6 14 0.31194809079170227 1 -1 -1 
762 86 8 11 0.31163185834884644 9 -1 -1 
1041 656 13 15 0.3000553548336029 10 -1 -1 
723 127 6 7 0.2974388897418976 4 -1 -1 
110 677 106 47 0.2902269661426544 6 -1 -1 
746 200 5 12 0.28946903347969055 2 -1 -1 
675 110 3 8 0.2888323962688446 1 -1 -1 
824 265 8 13 0.2866857647895813 3 -1 -1 
740 204 5 12 0.2837667763233185 10 -1 -1 
1047 677 22 27 0.282077819108963 10 -1 -1 
1047 678 27 32 0.28173860907554626 7 -1 -1 
773 156 11 13 0.28128698468208313 7 -1 -1 
809 303 35 30 0.2807844281196594 8 -1 -1 
684 202 41 18 0.2796020209789276 10 -1 -1 
623 446 32 39 0.2732239067554474 5 -1 -1 
744 204 6 13 0.27218547463417053 1 -1 -1 
803 217 7 14 0.27063649892807007 1 -1 -1 
742 204 7 12 0.27011221647262573 1 -1 -1 
799 217 7 14 0.2681654989719391 1 -1 -1 
675 103 8 7 0.2656730115413666 4 -1 -1 
623 176 7 13 0.26326680183410645 1 -1 -1 
733 167 13 11 0.26251181960105896 4 -1 -1 
683 101 9 9 0.26242390275001526 4 -1 -1 
823 327 18 17 0.2622094750404358 8 -1 -1 
811 305 35 31 0.2620975375175476 7 -1 -1 
676 107 6 9 0.26168379187583923 4 -1 -1 
675 105 9 7 0.26154205203056335 4 -1 -1 
820 319 38 24 0.2588115334510803 7 -1 -1 
737 170 12 17 0.25817403197288513 6 -1 -1 
870 356 12 15 0.25618240237236023 10 -1 -1 
684 202 41 18 0.2545829713344574 4 -1 -1 
1058 736 17 25 0.2526874542236328 10 -1 -1 
206 679 106 84 0.25159284472465515 6 -1 -1 
740 215 6 10 0.251240998506546 10 -1 -1 
805 306 70 35 0.250831663608551 6 -1 -1 
693 155 11 11 0.24951772391796112 4 -1 -1 
1087 606 27 31 0.24900753796100616 10 -1 -1 
565 241 56 37 0.24778413772583008 6 -1 -1 
716 71 6 6 0.24751681089401245 4 -1 -1 
657 143 11 7 0.2462930679321289 7 -1 -1 
889 357 20 12 0.2460937649011612 10 -1 -1 
741 208 5 10 0.2448146641254425 10 -1 -1 
722 74 6 5 0.24419599771499634 4 -1 -1 
824 332 10 13 0.24378594756126404 10 -1 -1 
1048 678 29 35 0.24343465268611908 10 -1 -1 
656 145 4 9 0.24335181713104248 1 -1 -1 
835 300 20 14 0.24094809591770172 7 -1 -1 
649 165 14 13 0.24054250121116638 4 -1 -1 
762 86 8 11 0.24019542336463928 6 -1 -1 
558 247 44 29 0.23759126663208008 7 -1 -1 
803 209 6 16 0.23675093054771423 1 -1 -1 
489 513 71 31 0.23649360239505768 4 -1 -1 
733 173 5 10 0.23631075024604797 1 -1 -1 
730 142 9 9 0.23494073748588562 7 -1 -1 
745 243 29 19 0.23490029573440552 4 -1 -1 
795 217 6 13 0.23462097346782684 2 -1 -1 
773 87 5 6 0.23418712615966797 4 -1 -1 
744 204 6 13 0.23356938362121582 10 -1 -1 
824 327 31 19 0.2334166318178177 7 -1 -1 
820 319 38 24 0.2329302877187729 8 -1 -1 
692 161 12 14 0.23258939385414124 4 -1 -1 
684 202 41 18 0.23170630633831024 8 -1 -1 
748 265 43 16 0.23138102889060974 4 -1 -1 
805 209 5 17 0.23120294511318207 1 -1 -1 
770 152 14 17 0.23084768652915955 7 -1 -1 
760 84 10 12 0.2306959331035614 9 -1 -1 
559 248 46 28 0.23062573373317719 6 -1 -1 
1157 354 48 30 0.22985409200191498 4 -1 -1 
770 151 14 17 0.229066863656044 8 -1 -1 
732 124 5 7 0.2259356677532196 10 -1 -1 
889 355 19 14 0.22540150582790375 2 -1 -1 
684 202 41 18 0.2251843959093094 5 -1 -1 
886 356 23 13 0.22284524142742157 7 -1 -1 
730 119 6 8 0.22219949960708618 10 -1 -1 
729 117 7 10 0.22172920405864716 2 -1 -1 
730 121 7 9 0.2208959311246872 10 -1 -1 
743 206 15 12 0.2205561101436615 8 -1 -1 
743 503 10 20 0.22030824422836304 1 -1 -1 
733 172 7 11 0.21992118656635284 8 -1 -1 
824 333 8 12 0.21865102648735046 2 -1 -1 
432 626 127 62 0.2173527181148529 5 -1 -1 
808 210 6 17 0.21474501490592957 1 -1 -1 
1036 656 17 12 0.2137504667043686 10 -1 -1 
441 615 144 74 0.2130136340856552 4 -1 -1 
742 268 36 16 0.20902395248413086 5 -1 -1 
1059 680 19 33 0.20520181953907013 10 -1 -1 
829 561 107 51 0.19986501336097717 5 -1 -1 
818 310 46 20 0.1993323564529419 8 -1 -1 
810 304 31 31 0.19492749869823456 6 -1 -1 
828 307 36 19 0.19467295706272125 7 -1 -1 
684 202 41 18 0.1922290176153183 3 -1 -1 
814 316 33 25 0.19014433026313782 7 -1 -1 
818 311 54 24 0.18750576674938202 6 -1 -1 
831 301 37 21 0.18494853377342224 7 -1 -1 
784 188 30 16 0.18027880787849426 6 -1 -1 
748 241 40 20 0.17798513174057007 5 -1 -1 
740 146 44 24 0.17527633905410767 9 -1 -1 
822 319 48 23 0.17045168578624725 6 -1 -1 
472 603 90 44 0.16708338260650635 4 -1 -1 
821 314 55 27 0.1666271686553955 8 -1 -1 
164 227 18 32 0.16559121012687683 1 -1 -1 
825 326 34 20 0.16391637921333313 6 -1 -1 
677 202 36 17 0.1635366678237915 6 -1 -1 
684 202 41 18 0.16060322523117065 2 -1 -1 
108 674 133 72 0.16032342612743378 6 -1 -1 
820 323 28 20 0.15973059833049774 7 -1 -1 
824 327 30 18 0.15961292386054993 5 -1 -1 
755 259 41 15 0.15591686964035034 4 -1 -1 
790 186 30 18 0.1527826488018036 6 -1 -1 
488 510 93 36 0.15134666860103607 6 -1 -1 
1046 676 20 28 0.15040798485279083 2 -1 -1 
1158 336 51 47 0.15025994181632996 4 -1 -1 
812 306 51 26 0.1497184783220291 6 -1 -1 
748 241 40 20 0.14812500774860382 4 -1 -1 
1046 676 20 28 0.1449798196554184 8 -1 -1 
1056 736 29 28 0.1425800621509552 7 -1 -1 
457 611 129 77 0.1403370201587677 5 -1 -1 
1159 348 58 40 0.1370927393436432 4 -1 -1 
1051 697 24 25 0.13618555665016174 10 -1 -1 
752 153 32 17 0.13467667996883392 9 -1 -1 
1047 678 27 32 0.13412439823150635 2 -1 -1 
583 245 41 50 0.13325339555740356 8 -1 -1 
434 624 129 62 0.13213427364826202 6 -1 -1 
584 252 60 45 0.13171207904815674 6 -1 -1 
818 315 59 32 0.13140588998794556 6 -1 -1 
834 298 25 20 0.13107028603553772 10 -1 -1 
745 152 38 17 0.1305786520242691 6 -1 -1 
1055 679 23 34 0.13026000559329987 7 -1 -1 
583 245 41 50 0.1302499771118164 7 -1 -1 
813 312 40 25 0.12943246960639954 6 -1 -1 
820 321 34 22 0.1291806995868683 6 -1 -1 
103 673 200 83 0.1285008043050766 6 -1 -1 
684 202 41 18 0.12828296422958374 9 -1 -1 
1072 716 29 25 0.12543520331382751 2 -1 -1 
519 430 38 58 0.12468471378087997 6 -1 -1 
829 561 107 51 0.12293975055217743 6 -1 -1 
434 624 129 62 0.12222592532634735 9 -1 -1 
1065 720 32 22 0.11959091573953629 10 -1 -1 
58 695 130 61 0.11797682195901871 6 -1 -1 
469 600 78 35 0.11752453446388245 4 -1 -1 
824 327 31 19 0.11695568263530731 4 -1 -1 
684 202 41 18 0.11656149476766586 1 -1 -1 
1047 678 27 32 0.11444500088691711 8 -1 -1 
1050 690 28 25 0.11398820579051971 10 -1 -1 
829 328 28 23 0.11385741084814072 8 -1 -1 
829 328 28 23 0.11088339984416962 5 -1 -1 
750 248 41 16 0.11001388728618622 5 -1 -1 
810 304 31 31 0.10979923605918884 5 -1 -1 
1056 736 28 28 0.10865069180727005 3 -1 -1 
135 228 14 29 0.10825913399457932 1 -1 -1 
488 506 97 39 0.10723864287137985 4 -1 -1 
866 356 22 21 0.10695970058441162 3 -1 -1 
801 303 35 28 0.10660355538129807 6 -1 -1 
82 685 136 71 0.10623861849308014 6 -1 -1 
809 306 66 34 0.10618381202220917 8 -1 -1 
457 611 129 77 0.10612927377223969 6 -1 -1 
826 555 111 57 0.10424353182315826 9 -1 -1 
834 313 43 26 0.1038912683725357 6 -1 -1 
750 248 41 16 0.10364799946546555 4 -1 -1 
489 513 71 31 0.10344314575195312 5 -1 -1 
832 336 24 27 0.10326933115720749 6 -1 -1 
759 150 25 20 0.10235307365655899 6 -1 -1 
822 304 43 22 0.10070519149303436 8 -1 -1 
206 679 106 84 0.10054574906826019 8 -1 -1 
675 202 32 17 0.10043635964393616 4 -1 -1 
830 306 45 23 0.09942609816789627 6 -1 -1 
459 424 72 33 0.0993194580078125 6 -1 -1 
1056 735 23 28 0.09897856414318085 2 -1 -1 
822 300 36 21 0.09896446764469147 7 -1 -1 
583 245 41 50 0.09835216403007507 5 -1 -1 
741 503 20 25 0.09823743999004364 1 -1 -1 
828 307 36 19 0.09819795191287994 10 -1 -1 
1071 716 29 23 0.09800232946872711 7 -1 -1 
806 302 34 28 0.0971992164850235 7 -1 -1 
755 254 41 16 0.09684237092733383 4 -1 -1 
163 228 18 46 0.09512194246053696 1 -1 -1 
759 150 25 20 0.09443261474370956 4 -1 -1 
488 506 97 39 0.09336835145950317 9 -1 -1 
901 507 13 33 0.09208124130964279 4 -1 -1 
807 313 37 27 0.09161648154258728 8 -1 -1 
677 202 36 17 0.09087701886892319 5 -1 -1 
1060 724 37 28 0.08970753103494644 10 -1 -1 
831 301 37 21 0.08970527350902557 8 -1 -1 
1057 731 37 30 0.08939259499311447 10 -1 -1 
1046 676 20 28 0.08938207477331161 3 -1 -1 
524 383 36 48 0.08922042697668076 4 -1 -1 
649 162 27 18 0.08913574367761612 4 -1 -1 
784 187 32 17 0.08881465345621109 4 -1 -1 
742 267 40 17 0.08815114945173264 1 -1 -1 
806 304 68 33 0.0878627747297287 7 -1 -1 
811 303 38 23 0.08782976120710373 6 -1 -1 
790 185 30 18 0.08775923401117325 5 -1 -1 
1159 345 54 40 0.08767145127058029 5 -1 -1 
755 150 29 20 0.08658996969461441 5 -1 -1 
558 242 60 35 0.08599431067705154 4 -1 -1 
1047 684 24 34 0.08412794023752213 10 -1 -1 
830 306 45 23 0.08347669988870621 8 -1 -1 
1055 679 23 34 0.08284087479114532 2 -1 -1 
745 243 31 19 0.08238832652568817 6 -1 -1 
821 310 44 18 0.08214810490608215 6 -1 -1 
1061 688 20 26 0.08207640796899796 10 -1 -1 
580 243 42 46 0.08201570063829422 4 -1 -1 
745 265 41 16 0.08093227446079254 5 -1 -1 
784 188 30 16 0.08030132949352264 5 -1 -1 
793 304 65 39 0.08011051267385483 6 -1 -1 
752 262 43 17 0.07996466755867004 6 -1 -1 
821 322 38 21 0.07889395207166672 4 -1 -1 
836 308 41 28 0.07880665361881256 7 -1 -1 
790 184 30 17 0.07863401621580124 4 -1 -1 
814 302 42 22 0.07832499593496323 8 -1 -1 
519 435 55 60 0.07823196798563004 6 -1 -1 
489 493 99 47 0.07792685180902481 6 -1 -1 
473 601 87 40 0.0777057632803917 5 -1 -1 
206 679 106 84 0.07756225019693375 7 -1 -1 
460 610 98 48 0.07749423384666443 4 -1 -1 
165 227 17 31 0.07710898667573929 2 -1 -1 
471 602 98 45 0.07709033042192459 6 -1 -1 
495 620 87 67 0.07630571722984314 4 -1 -1 
752 262 43 17 0.07620439678430557 5 -1 -1 
1062 708 36 29 0.07581520080566406 10 -1 -1 
1072 716 29 25 0.07578058540821075 1 -1 -1 
519 430 38 58 0.07565131038427353 9 -1 -1 
749 263 52 22 0.07554707676172256 4 -1 -1 
813 307 64 32 0.07131998986005783 5 -1 -1 
452 598 127 74 0.06365502625703812 4 -1 -1 
482 612 105 77 0.06297022104263306 9 -1 -1 
822 307 65 36 0.06058242544531822 6 -1 -1 
806 304 68 33 0.054798077791929245 9 -1 -1 
806 306 69 35 0.053685080260038376 4 -1 -1 
432 626 127 62 0.051590338349342346 1 -1 -1 
445 601 133 80 0.051011547446250916 9 -1 -1 
