783 389 69 107 0.9978640675544739 6 -1 -1 
158 442 69 53 0.9601312279701233 8 -1 -1 
939 314 59 71 0.943466305732727 7 -1 -1 
458 362 53 70 0.9346286654472351 4 -1 -1 
320 444 135 61 0.9208177328109741 6 -1 -1 
544 71 26 31 0.9207225441932678 6 -1 -1 
1062 628 150 130 0.9192877411842346 4 -1 -1 
561 455 54 94 0.9101327657699585 4 -1 -1 
789 509 15 39 0.9072489738464355 1 -1 -1 
540 98 18 24 0.9005123972892761 7 -1 -1 
1026 324 30 35 0.8839305639266968 7 -1 -1 
822 654 55 98 0.8757891654968262 7 -1 -1 
613 574 63 114 0.8719776272773743 4 -1 -1 
715 271 38 46 0.8702608346939087 5 -1 -1 
651 21 11 13 0.8675376772880554 7 -1 -1 
337 636 110 52 0.8665425777435303 7 -1 -1 
598 106 25 27 0.8647347092628479 4 -1 -1 
670 59 28 21 0.8614946007728577 4 -1 -1 
777 451 16 44 0.8584091067314148 1 -1 -1 
684 80 25 22 0.8513697385787964 4 -1 -1 
552 168 9 23 0.8388820290565491 1 -1 -1 
419 703 22 55 0.8168527483940125 1 -1 -1 
677 25 7 16 0.8094471096992493 1 -1 -1 
508 166 36 41 0.8076213002204895 4 -1 -1 
517 262 10 29 0.8030722737312317 1 -1 -1 
546 214 10 27 0.7971491813659668 1 -1 -1 
520 220 11 29 0.7948783040046692 1 -1 -1 
486 200 67 35 0.7930904626846313 4 -1 -1 
715 222 35 42 0.7886350154876709 5 -1 -1 
683 35 18 18 0.7816659212112427 4 -1 -1 
478 428 14 38 0.7782227993011475 1 -1 -1 
514 646 23 37 0.7646744251251221 2 -1 -1 
508 258 10 29 0.7583917379379272 1 -1 -1 
-3 534 143 55 0.7379185557365417 4 -1 -1 
605 306 15 22 0.7356746196746826 2 -1 -1 
602 138 30 39 0.7217691540718079 4 -1 -1 
332 588 48 32 0.7046980261802673 10 -1 -1 
484 153 9 24 0.6888808608055115 1 -1 -1 
683 26 6 15 0.6883016228675842 1 -1 -1 
589 82 23 26 0.6850295662879944 4 -1 -1 
251 474 18 39 0.6830859780311584 1 -1 -1 
775 406 15 37 0.6612828373908997 1 -1 -1 
545 44 6 18 0.6480799317359924 1 -1 -1 
492 175 10 19 0.6456610560417175 10 -1 -1 
809 320 85 50 0.6435659527778625 5 -1 -1 
575 0 18 18 0.6365903615951538 6 -1 -1 
549 26 24 23 0.6302796006202698 5 -1 -1 
234 468 38 21 0.605379045009613 10 -1 -1 
605 313 14 31 0.6034045219421387 10 -1 -1 
386 463 21 25 0.587658703327179 2 -1 -1 
718 57 56 21 0.5872824192047119 4 -1 -1 
652 16 8 13 0.5813086628913879 2 -1 -1 
688 65 21 20 0.5796608924865723 7 -1 -1 
822 654 56 99 0.5746538639068604 8 -1 -1 
716 270 37 47 0.5614832639694214 8 -1 -1 
513 255 10 25 0.5348081588745117 1 -1 -1 
783 50 12 22 0.5342878103256226 1 -1 -1 
533 51 10 19 0.5275375843048096 2 -1 -1 
680 25 8 16 0.5228865742683411 1 -1 -1 
514 641 24 68 0.5016883015632629 3 -1 -1 
510 256 11 30 0.4998404383659363 1 -1 -1 
809 320 84 50 0.47160160541534424 4 -1 -1 
1194 437 19 26 0.4714961051940918 2 -1 -1 
757 10 24 33 0.46070805191993713 8 -1 -1 
336 637 111 52 0.4565376043319702 8 -1 -1 
319 445 137 61 0.4441085457801819 7 -1 -1 
169 390 18 29 0.4270572066307068 2 -1 -1 
783 389 69 107 0.4261769950389862 4 -1 -1 
575 0 18 18 0.41535958647727966 4 -1 -1 
716 222 34 42 0.40885138511657715 4 -1 -1 
687 65 22 22 0.40326759219169617 4 -1 -1 
783 389 69 107 0.39914971590042114 7 -1 -1 
514 642 24 67 0.39644160866737366 2 -1 -1 
688 65 21 20 0.3934303820133209 8 -1 -1 
757 9 24 34 0.3865135908126831 5 -1 -1 
549 26 24 23 0.3849315345287323 4 -1 -1 
717 101 52 31 0.3798832595348358 6 -1 -1 
533 51 10 19 0.3757481575012207 1 -1 -1 
513 640 25 69 0.37569543719291687 10 -1 -1 
757 10 24 33 0.3708633780479431 6 -1 -1 
575 0 18 18 0.3665105998516083 5 -1 -1 
716 103 50 30 0.3623493015766144 7 -1 -1 
783 389 69 107 0.35292452573776245 5 -1 -1 
939 314 58 71 0.3510543406009674 6 -1 -1 
791 26 21 21 0.3498709499835968 4 -1 -1 
1231 431 28 29 0.3466967046260834 2 -1 -1 
988 284 27 26 0.34575656056404114 3 -1 -1 
783 389 69 107 0.34458619356155396 10 -1 -1 
908 170 12 18 0.34347009658813477 10 -1 -1 
1159 419 24 31 0.34198829531669617 2 -1 -1 
322 443 133 63 0.3346810042858124 8 -1 -1 
911 170 23 17 0.3309554159641266 10 -1 -1 
714 272 11 29 0.32936063408851624 1 -1 -1 
546 42 7 19 0.3244779706001282 1 -1 -1 
362 720 31 35 0.3241126835346222 2 -1 -1 
715 270 38 46 0.32118943333625793 4 -1 -1 
515 261 10 28 0.32051020860671997 1 -1 -1 
998 288 32 27 0.3056109845638275 3 -1 -1 
544 72 26 30 0.2976035475730896 5 -1 -1 
802 303 80 30 0.29234859347343445 4 -1 -1 
802 307 30 27 0.28203168511390686 8 -1 -1 
484 200 26 17 0.28107988834381104 10 -1 -1 
779 395 14 30 0.27604880928993225 1 -1 -1 
333 705 90 60 0.2753418982028961 7 -1 -1 
532 55 10 16 0.2725869119167328 10 -1 -1 
0 671 44 77 0.27226799726486206 7 -1 -1 
1002 281 28 28 0.27091163396835327 3 -1 -1 
783 389 69 107 0.2703692317008972 8 -1 -1 
1158 422 57 32 0.26988470554351807 7 -1 -1 
1194 437 19 26 0.26914912462234497 1 -1 -1 
687 65 22 22 0.2655963599681854 6 -1 -1 
782 390 69 105 0.2643648684024811 2 -1 -1 
716 102 50 30 0.26412904262542725 8 -1 -1 
1230 435 16 27 0.26305094361305237 2 -1 -1 
1231 431 28 29 0.26293042302131653 1 -1 -1 
540 99 18 23 0.2622438073158264 8 -1 -1 
159 442 68 53 0.2612595558166504 7 -1 -1 
543 97 11 14 0.2604745626449585 2 -1 -1 
806 304 88 55 0.2598634958267212 5 -1 -1 
602 138 30 39 0.2591709494590759 5 -1 -1 
939 314 59 71 0.2557525038719177 8 -1 -1 
1158 422 57 32 0.24820634722709656 8 -1 -1 
169 389 18 29 0.24820584058761597 1 -1 -1 
777 397 14 37 0.24669988453388214 1 -1 -1 
936 199 26 24 0.2462441325187683 10 -1 -1 
783 50 12 22 0.24586525559425354 2 -1 -1 
821 653 56 99 0.2419741302728653 3 -1 -1 
234 467 37 21 0.2411484718322754 7 -1 -1 
687 65 22 21 0.23930694162845612 5 -1 -1 
653 16 7 13 0.23788969218730927 1 -1 -1 
802 307 30 27 0.2354457527399063 7 -1 -1 
234 467 37 21 0.2336796373128891 3 -1 -1 
516 256 10 25 0.2336653620004654 1 -1 -1 
716 94 90 38 0.23307964205741882 6 -1 -1 
158 442 69 53 0.23218396306037903 5 -1 -1 
994 282 30 29 0.2305743396282196 3 -1 -1 
652 17 8 11 0.22952046990394592 7 -1 -1 
158 442 69 53 0.22867147624492645 4 -1 -1 
1189 431 26 31 0.22796587646007538 2 -1 -1 
386 463 21 25 0.22690807282924652 1 -1 -1 
0 671 44 78 0.226859912276268 10 -1 -1 
986 286 20 23 0.22523057460784912 3 -1 -1 
939 314 59 71 0.2251264750957489 3 -1 -1 
806 306 87 49 0.22442033886909485 4 -1 -1 
801 306 53 31 0.22401757538318634 8 -1 -1 
508 3 7 14 0.22239014506340027 1 -1 -1 
514 646 23 37 0.22133618593215942 1 -1 -1 
1026 324 29 35 0.2178017497062683 8 -1 -1 
821 653 56 99 0.21595843136310577 10 -1 -1 
801 305 55 30 0.21591000258922577 7 -1 -1 
719 78 108 50 0.2125832438468933 6 -1 -1 
1159 419 23 31 0.21252568066120148 1 -1 -1 
920 165 11 18 0.21138915419578552 2 -1 -1 
717 57 59 22 0.21105238795280457 5 -1 -1 
337 636 110 52 0.2091931849718094 3 -1 -1 
792 78 63 33 0.20896831154823303 6 -1 -1 
726 57 58 27 0.20529338717460632 4 -1 -1 
605 308 14 33 0.2040221244096756 2 -1 -1 
333 705 90 60 0.20314092934131622 8 -1 -1 
159 442 68 53 0.2028837949037552 2 -1 -1 
783 389 69 107 0.20220501720905304 9 -1 -1 
544 71 27 31 0.20055410265922546 4 -1 -1 
45 574 173 187 0.19331414997577667 6 -1 -1 
757 10 24 33 0.18947407603263855 4 -1 -1 
486 199 66 37 0.18397732079029083 5 -1 -1 
821 654 55 98 0.18212544918060303 2 -1 -1 
804 303 86 36 0.18132103979587555 5 -1 -1 
1002 285 30 29 0.1800197958946228 10 -1 -1 
169 393 21 37 0.17911991477012634 10 -1 -1 
1002 295 32 23 0.17858318984508514 3 -1 -1 
783 389 69 107 0.17607170343399048 1 -1 -1 
936 198 25 25 0.17482736706733704 3 -1 -1 
783 389 69 107 0.1685352474451065 3 -1 -1 
757 10 24 33 0.16791005432605743 7 -1 -1 
725 72 112 38 0.1670021414756775 6 -1 -1 
802 301 82 34 0.16671565175056458 6 -1 -1 
939 314 59 71 0.16322606801986694 4 -1 -1 
802 302 77 33 0.16133162379264832 8 -1 -1 
-2 534 142 62 0.15552400052547455 5 -1 -1 
277 570 65 42 0.1535847783088684 8 -1 -1 
333 705 90 60 0.1535371094942093 10 -1 -1 
334 705 91 60 0.1502663791179657 2 -1 -1 
320 443 134 62 0.14862321317195892 5 -1 -1 
277 570 66 42 0.1467391699552536 7 -1 -1 
1012 282 22 30 0.14404267072677612 10 -1 -1 
719 77 79 37 0.14384639263153076 6 -1 -1 
159 442 68 53 0.14301735162734985 3 -1 -1 
320 444 135 61 0.141100212931633 4 -1 -1 
233 457 38 30 0.13633325695991516 10 -1 -1 
1010 283 23 30 0.13450486958026886 3 -1 -1 
789 509 15 39 0.13351774215698242 4 -1 -1 
538 97 21 26 0.1328894942998886 6 -1 -1 
483 136 30 21 0.13176235556602478 4 -1 -1 
324 445 130 63 0.13085541129112244 9 -1 -1 
804 289 85 38 0.13066346943378448 4 -1 -1 
613 574 63 114 0.13041463494300842 5 -1 -1 
482 197 34 24 0.13028772175312042 10 -1 -1 
939 314 58 71 0.12814007699489594 10 -1 -1 
939 314 58 71 0.12752147018909454 2 -1 -1 
544 71 26 31 0.12746663391590118 9 -1 -1 
762 76 82 34 0.12472274154424667 6 -1 -1 
477 196 29 23 0.12415830790996552 10 -1 -1 
589 82 23 27 0.12395450472831726 5 -1 -1 
604 308 16 37 0.12386107444763184 3 -1 -1 
806 304 88 55 0.1226855218410492 6 -1 -1 
510 641 29 68 0.11757980287075043 9 -1 -1 
158 442 69 53 0.11738013476133347 1 -1 -1 
508 188 37 17 0.11701401323080063 4 -1 -1 
256 474 18 38 0.11637613922357559 1 -1 -1 
338 636 109 52 0.11527586728334427 2 -1 -1 
166 384 17 35 0.11494003981351852 2 -1 -1 
821 654 55 98 0.11487824469804764 1 -1 -1 
249 465 25 28 0.11362846940755844 10 -1 -1 
337 635 109 53 0.11357589066028595 10 -1 -1 
1164 424 102 34 0.11205840855836868 7 -1 -1 
170 391 20 37 0.11165837943553925 1 -1 -1 
1012 294 26 24 0.1113857850432396 3 -1 -1 
994 282 30 29 0.11101458221673965 10 -1 -1 
809 319 85 51 0.10802403092384338 6 -1 -1 
234 466 37 22 0.10783220827579498 8 -1 -1 
322 443 133 63 0.0794014185667038 3 -1 -1 
486 200 68 35 0.06885655969381332 6 -1 -1 
317 691 126 76 0.06622117757797241 7 -1 -1 
328 637 118 81 0.054011113941669464 7 -1 -1 
486 200 68 35 0.05336957797408104 9 -1 -1 
333 630 117 64 0.053242236375808716 9 -1 -1 
486 200 67 35 0.05103447288274765 1 -1 -1 
328 698 127 67 0.05018980801105499 6 -1 -1 
