733 256 57 35 0.9546879529953003 5 -1 -1 
689 638 74 111 0.9455143213272095 4 -1 -1 
760 460 56 61 0.94493567943573 4 -1 -1 
778 545 69 88 0.9413837194442749 4 -1 -1 
677 495 59 78 0.9402936697006226 4 -1 -1 
1334 602 23 55 0.9341132640838623 1 -1 -1 
845 532 69 82 0.925014853477478 4 -1 -1 
27 484 144 55 0.9240004420280457 4 -1 -1 
638 217 43 27 0.9123766422271729 4 -1 -1 
673 427 51 60 0.900820791721344 4 -1 -1 
523 259 11 28 0.8992350697517395 1 -1 -1 
660 241 70 28 0.8821372985839844 4 -1 -1 
849 266 70 29 0.8757444620132446 4 -1 -1 
792 245 69 25 0.8695408701896667 4 -1 -1 
801 402 54 55 0.8668642640113831 4 -1 -1 
492 126 21 18 0.8624816536903381 4 -1 -1 
1 572 88 68 0.8612436652183533 4 -1 -1 
901 302 12 31 0.8551098704338074 1 -1 -1 
746 408 45 48 0.8540160655975342 4 -1 -1 
611 195 27 27 0.8496659994125366 4 -1 -1 
626 65 12 11 0.8495672345161438 4 -1 -1 
569 192 27 25 0.8435967564582825 4 -1 -1 
978 266 71 29 0.8433068990707397 4 -1 -1 
733 337 42 44 0.838667094707489 4 -1 -1 
569 125 18 18 0.8361549973487854 4 -1 -1 
592 119 18 18 0.8347888588905334 4 -1 -1 
654 44 10 11 0.8290016651153564 4 -1 -1 
667 364 44 45 0.8287364840507507 4 -1 -1 
608 165 21 30 0.8223594427108765 5 -1 -1 
1319 624 18 30 0.8195146918296814 1 -1 -1 
621 59 11 11 0.8172151446342468 4 -1 -1 
622 77 13 13 0.8159086108207703 4 -1 -1 
814 182 27 25 0.8093288540840149 4 -1 -1 
625 52 12 10 0.7930538654327393 4 -1 -1 
598 77 13 13 0.7906700372695923 4 -1 -1 
576 175 23 22 0.7903755307197571 4 -1 -1 
885 215 11 24 0.7867931723594666 1 -1 -1 
554 156 24 22 0.7840098142623901 4 -1 -1 
623 96 17 17 0.7809137105941772 4 -1 -1 
57 444 136 52 0.7742499709129333 4 -1 -1 
796 158 23 19 0.7736453413963318 4 -1 -1 
628 41 11 10 0.7678709626197815 4 -1 -1 
601 59 12 14 0.7653028964996338 5 -1 -1 
936 299 15 32 0.7596390843391418 1 -1 -1 
741 79 15 13 0.7496300935745239 4 -1 -1 
806 171 26 21 0.7437153458595276 4 -1 -1 
610 40 9 9 0.7417098879814148 4 -1 -1 
755 299 11 20 0.7396825551986694 2 -1 -1 
1042 251 57 28 0.7365378737449646 4 -1 -1 
882 210 8 22 0.736482560634613 1 -1 -1 
689 161 24 22 0.7335730195045471 4 -1 -1 
516 121 22 17 0.7318717241287231 4 -1 -1 
615 159 20 22 0.7248888611793518 4 -1 -1 
614 140 21 25 0.7235889434814453 5 -1 -1 
660 9 9 9 0.71791011095047 4 -1 -1 
460 165 26 22 0.7116692662239075 4 -1 -1 
631 14 8 7 0.7088009119033813 4 -1 -1 
580 155 21 24 0.7048518657684326 4 -1 -1 
496 209 10 18 0.6779868006706238 10 -1 -1 
790 148 22 17 0.6755295395851135 4 -1 -1 
669 109 7 11 0.6747196912765503 2 -1 -1 
699 106 15 12 0.6556626558303833 4 -1 -1 
618 134 18 17 0.6485585570335388 4 -1 -1 
788 327 13 24 0.6346933245658875 2 -1 -1 
668 111 8 12 0.634204626083374 10 -1 -1 
755 305 11 22 0.6213825345039368 10 -1 -1 
544 178 24 25 0.6212806105613708 4 -1 -1 
496 205 10 19 0.617152988910675 2 -1 -1 
620 111 20 22 0.6116642355918884 4 -1 -1 
657 178 23 26 0.610457181930542 4 -1 -1 
786 335 16 23 0.6030161380767822 10 -1 -1 
546 194 15 23 0.5947026014328003 7 -1 -1 
699 113 15 14 0.5765199065208435 4 -1 -1 
763 112 19 16 0.5732365846633911 4 -1 -1 
1317 545 25 29 0.5556725263595581 2 -1 -1 
870 205 8 26 0.5542329549789429 1 -1 -1 
610 19 9 8 0.530592679977417 4 -1 -1 
527 87 16 14 0.5216994285583496 4 -1 -1 
632 3 7 6 0.5108647346496582 4 -1 -1 
883 211 10 25 0.5015162825584412 1 -1 -1 
953 243 9 24 0.47820428013801575 1 -1 -1 
732 75 5 12 0.47267860174179077 1 -1 -1 
648 24 7 7 0.4647615849971771 4 -1 -1 
547 206 10 19 0.45512181520462036 10 -1 -1 
545 191 17 25 0.44867056608200073 8 -1 -1 
515 97 19 17 0.4302784204483032 4 -1 -1 
648 19 8 12 0.3949797451496124 8 -1 -1 
633 1 7 5 0.38495922088623047 4 -1 -1 
658 23 6 8 0.38246023654937744 2 -1 -1 
648 18 8 10 0.3805158734321594 5 -1 -1 
658 24 5 8 0.37083619832992554 7 -1 -1 
619 31 7 7 0.3688294291496277 10 -1 -1 
602 60 11 13 0.36633938550949097 4 -1 -1 
620 111 20 22 0.36153385043144226 5 -1 -1 
457 217 12 16 0.358024001121521 10 -1 -1 
635 1 6 4 0.3535833954811096 4 -1 -1 
619 31 7 7 0.3516004979610443 7 -1 -1 
755 305 11 22 0.351075679063797 3 -1 -1 
56 443 138 52 0.33317506313323975 5 -1 -1 
480 149 10 12 0.33105939626693726 10 -1 -1 
458 211 9 18 0.3298003673553467 2 -1 -1 
658 25 5 8 0.3260096311569214 10 -1 -1 
710 127 5 11 0.3259635269641876 1 -1 -1 
666 23 9 9 0.325512558221817 4 -1 -1 
518 92 17 19 0.3218795955181122 4 -1 -1 
648 18 8 8 0.32036301493644714 9 -1 -1 
730 64 14 12 0.3191209137439728 4 -1 -1 
816 78 10 12 0.3189012110233307 4 -1 -1 
656 178 24 26 0.316912442445755 5 -1 -1 
623 54 12 11 0.31592077016830444 4 -1 -1 
540 82 5 11 0.3149670958518982 1 -1 -1 
625 63 11 11 0.3122231364250183 4 -1 -1 
648 20 8 10 0.3119058609008789 4 -1 -1 
620 111 20 22 0.3112296462059021 6 -1 -1 
761 102 16 14 0.31111836433410645 4 -1 -1 
546 188 16 20 0.30705294013023376 2 -1 -1 
545 192 10 19 0.3061980605125427 2 -1 -1 
480 147 9 13 0.3048117458820343 2 -1 -1 
521 88 19 16 0.2988845407962799 4 -1 -1 
817 79 9 11 0.2986488938331604 7 -1 -1 
547 202 11 22 0.29539331793785095 2 -1 -1 
516 89 20 17 0.2944320738315582 4 -1 -1 
530 86 12 13 0.2891333997249603 4 -1 -1 
633 2 7 6 0.288670152425766 4 -1 -1 
648 23 7 8 0.28307661414146423 8 -1 -1 
1040 260 9 20 0.2826850414276123 1 -1 -1 
648 24 7 7 0.28115418553352356 5 -1 -1 
609 161 24 32 0.23172064125537872 4 -1 -1 
800 402 55 55 0.21833711862564087 5 -1 -1 
1193 339 83 89 0.20679756999015808 4 -1 -1 
513 85 31 18 0.17525145411491394 4 -1 -1 
1316 546 26 28 0.171111598610878 1 -1 -1 
1191 338 61 69 0.16815400123596191 4 -1 -1 
762 102 23 27 0.16535264253616333 4 -1 -1 
544 178 24 25 0.16291679441928864 5 -1 -1 
509 87 27 26 0.1565011590719223 4 -1 -1 
425 154 24 27 0.1554039865732193 5 -1 -1 
733 256 58 36 0.154732808470726 4 -1 -1 
579 154 23 25 0.15171615779399872 5 -1 -1 
785 144 29 22 0.14833864569664001 4 -1 -1 
762 100 23 29 0.14339673519134521 5 -1 -1 
613 139 22 27 0.14106671512126923 6 -1 -1 
1307 541 34 30 0.1387830376625061 2 -1 -1 
425 152 24 29 0.1326512098312378 4 -1 -1 
28 484 142 58 0.13216973841190338 5 -1 -1 
1162 338 69 51 0.12980706989765167 4 -1 -1 
1186 338 53 53 0.12910231947898865 4 -1 -1 
814 183 27 24 0.12441355735063553 5 -1 -1 
613 136 23 29 0.12415122240781784 4 -1 -1 
611 195 27 28 0.12286144495010376 5 -1 -1 
0 571 89 68 0.12279962003231049 5 -1 -1 
510 81 33 18 0.12062402814626694 4 -1 -1 
689 638 74 111 0.12002405524253845 1 -1 -1 
689 638 74 113 0.11821215599775314 9 -1 -1 
1214 357 63 72 0.11588077247142792 4 -1 -1 
761 94 23 29 0.11583942174911499 4 -1 -1 
1239 503 20 31 0.11462589353322983 1 -1 -1 
56 441 138 56 0.10961797088384628 9 -1 -1 
572 185 26 26 0.1090289056301117 4 -1 -1 
611 158 24 26 0.10901997983455658 5 -1 -1 
27 484 144 55 0.10859473794698715 1 -1 -1 
424 191 26 28 0.10575350373983383 6 -1 -1 
569 192 27 25 0.1053633764386177 5 -1 -1 
900 297 18 35 0.10524210333824158 1 -1 -1 
785 326 18 32 0.10398225486278534 1 -1 -1 
779 545 68 88 0.10252205282449722 9 -1 -1 
545 191 18 33 0.10195016115903854 10 -1 -1 
689 638 74 111 0.10115183889865875 10 -1 -1 
1222 376 55 62 0.10110534727573395 4 -1 -1 
677 495 59 79 0.10078378021717072 1 -1 -1 
689 160 25 24 0.09921331703662872 5 -1 -1 
779 545 68 88 0.09899793565273285 1 -1 -1 
761 459 55 62 0.09879656881093979 1 -1 -1 
760 460 56 61 0.09861424565315247 9 -1 -1 
1158 609 129 121 0.09762607514858246 4 -1 -1 
1155 610 136 128 0.09759747236967087 10 -1 -1 
806 171 26 21 0.09655247628688812 5 -1 -1 
425 186 38 31 0.09637502580881119 6 -1 -1 
912 460 45 60 0.09559866040945053 5 -1 -1 
678 495 59 79 0.09481534361839294 9 -1 -1 
760 460 56 61 0.09406138956546783 5 -1 -1 
509 90 26 25 0.09244564920663834 5 -1 -1 
845 533 69 81 0.091758131980896 5 -1 -1 
1157 612 128 69 0.08987311273813248 4 -1 -1 
28 483 143 58 0.08901242911815643 9 -1 -1 
690 638 73 114 0.0884690061211586 5 -1 -1 
778 545 69 89 0.08837740123271942 5 -1 -1 
912 460 45 61 0.08787328749895096 6 -1 -1 
608 165 21 30 0.08782023191452026 6 -1 -1 
513 78 32 16 0.08773394674062729 4 -1 -1 
459 165 27 22 0.08750653266906738 5 -1 -1 
678 496 58 77 0.0861743614077568 5 -1 -1 
800 402 55 55 0.08439329266548157 1 -1 -1 
977 266 72 28 0.08412343263626099 5 -1 -1 
1193 339 83 89 0.0840688943862915 5 -1 -1 
845 532 69 82 0.0840655192732811 1 -1 -1 
849 266 70 29 0.08330032974481583 5 -1 -1 
733 256 58 36 0.08160144835710526 6 -1 -1 
1193 339 78 88 0.08134753257036209 6 -1 -1 
814 183 28 24 0.08132921904325485 1 -1 -1 
613 140 22 27 0.08106106519699097 9 -1 -1 
506 82 30 24 0.08035919070243835 4 -1 -1 
673 427 51 60 0.08029565960168839 1 -1 -1 
611 195 27 28 0.08028699457645416 6 -1 -1 
778 545 69 89 0.07976413518190384 10 -1 -1 
1 572 88 68 0.07922355830669403 1 -1 -1 
760 460 56 61 0.07892047613859177 10 -1 -1 
1040 249 61 31 0.07886319607496262 5 -1 -1 
1179 338 70 94 0.078436478972435 4 -1 -1 
1239 503 20 31 0.07838617265224457 2 -1 -1 
1304 546 36 31 0.07782745361328125 1 -1 -1 
678 495 59 79 0.07729639858007431 10 -1 -1 
1299 546 41 30 0.07714660465717316 4 -1 -1 
814 182 27 25 0.07699251174926758 6 -1 -1 
911 460 45 59 0.07663508504629135 4 -1 -1 
553 155 25 23 0.07646623998880386 5 -1 -1 
1150 339 78 72 0.07551392167806625 4 -1 -1 
28 483 143 58 0.07489743828773499 10 -1 -1 
