928 387 115 63 0.9444295167922974 4 -1 -1 
1003 440 128 59 0.9132688045501709 4 -1 -1 
372 17 57 31 0.9070152044296265 4 -1 -1 
789 269 14 39 0.8982113599777222 1 -1 -1 
678 95 10 30 0.896050214767456 1 -1 -1 
534 394 99 56 0.88009113073349 4 -1 -1 
563 76 40 43 0.8517997860908508 4 -1 -1 
461 299 68 41 0.8503660559654236 7 -1 -1 
381 72 11 29 0.8461340665817261 1 -1 -1 
610 22 39 28 0.8410340547561646 4 -1 -1 
769 263 12 33 0.8272274136543274 1 -1 -1 
1228 266 128 51 0.7899484038352966 7 -1 -1 
0 371 24 44 0.7831177115440369 1 -1 -1 
590 315 14 37 0.7807230353355408 1 -1 -1 
1009 361 17 31 0.7359504699707031 1 -1 -1 
570 324 18 32 0.7022897601127625 3 -1 -1 
769 236 12 30 0.6889913082122803 1 -1 -1 
1274 417 83 62 0.6702330708503723 4 -1 -1 
278 240 49 63 0.6538655757904053 4 -1 -1 
330 155 12 29 0.6404138207435608 1 -1 -1 
412 223 115 74 0.6341520547866821 6 -1 -1 
569 313 19 35 0.6137829422950745 2 -1 -1 
0 268 51 72 0.565890371799469 4 -1 -1 
275 283 17 44 0.533737301826477 1 -1 -1 
422 707 8 15 0.5133386850357056 3 -1 -1 
405 219 123 77 0.5081441402435303 5 -1 -1 
584 311 14 35 0.487737774848938 1 -1 -1 
569 313 18 36 0.46329963207244873 1 -1 -1 
422 703 8 16 0.4372585713863373 2 -1 -1 
449 728 8 17 0.41243672370910645 1 -1 -1 
495 292 13 22 0.409610390663147 1 -1 -1 
777 236 11 29 0.4028405547142029 1 -1 -1 
406 69 11 23 0.4023679792881012 2 -1 -1 
980 213 27 32 0.3732314705848694 2 -1 -1 
980 213 27 32 0.3685348629951477 1 -1 -1 
569 313 19 36 0.36046940088272095 3 -1 -1 
570 324 17 31 0.3567081391811371 10 -1 -1 
404 220 124 76 0.35473743081092834 8 -1 -1 
461 299 67 42 0.3482081890106201 8 -1 -1 
785 245 13 22 0.34742271900177 1 -1 -1 
123 269 95 90 0.3463326692581177 7 -1 -1 
335 158 9 25 0.3426434397697449 1 -1 -1 
783 242 11 24 0.33961430191993713 1 -1 -1 
1264 275 90 43 0.33885982632637024 7 -1 -1 
463 300 17 26 0.3255963921546936 2 -1 -1 
330 154 12 29 0.32350125908851624 2 -1 -1 
507 292 21 25 0.31605425477027893 1 -1 -1 
496 291 18 24 0.3019649386405945 1 -1 -1 
405 68 12 28 0.299943745136261 1 -1 -1 
1219 265 134 53 0.29858720302581787 6 -1 -1 
464 299 17 28 0.2960529327392578 1 -1 -1 
1270 211 17 25 0.2924586534500122 2 -1 -1 
422 707 8 15 0.28995025157928467 10 -1 -1 
1288 269 24 29 0.2780264616012573 2 -1 -1 
274 282 18 43 0.26626285910606384 2 -1 -1 
329 161 13 32 0.26502251625061035 1 -1 -1 
126 271 93 88 0.26314297318458557 8 -1 -1 
119 242 101 119 0.25731807947158813 6 -1 -1 
422 704 8 16 0.25567787885665894 1 -1 -1 
573 312 18 34 0.25466740131378174 2 -1 -1 
119 242 101 119 0.2526262402534485 5 -1 -1 
585 311 13 32 0.24833905696868896 2 -1 -1 
785 237 13 24 0.24807769060134888 1 -1 -1 
1262 210 24 25 0.24521102011203766 2 -1 -1 
121 241 99 120 0.24184350669384003 4 -1 -1 
422 701 7 13 0.23535174131393433 2 -1 -1 
785 245 13 22 0.2322191447019577 2 -1 -1 
498 292 20 28 0.2318810075521469 1 -1 -1 
1223 265 133 53 0.2314947098493576 8 -1 -1 
126 285 93 74 0.22886419296264648 4 -1 -1 
786 244 18 27 0.22535182535648346 1 -1 -1 
783 242 11 24 0.22461484372615814 2 -1 -1 
568 313 20 35 0.22161492705345154 10 -1 -1 
1187 14 10 25 0.22144220769405365 1 -1 -1 
1270 211 17 25 0.22074688971042633 1 -1 -1 
449 729 8 16 0.2199380099773407 3 -1 -1 
121 241 99 120 0.21600636839866638 9 -1 -1 
1077 256 18 13 0.21471382677555084 2 -1 -1 
126 288 38 39 0.212691992521286 2 -1 -1 
460 300 69 40 0.2098894864320755 6 -1 -1 
1256 209 33 26 0.207174152135849 4 -1 -1 
1278 279 74 37 0.20090508460998535 10 -1 -1 
507 292 21 25 0.2008240818977356 2 -1 -1 
125 284 94 75 0.20050187408924103 6 -1 -1 
482 292 34 31 0.19684696197509766 1 -1 -1 
1251 285 92 34 0.19339309632778168 7 -1 -1 
954 122 186 78 0.19090601801872253 6 -1 -1 
465 291 59 33 0.18878521025180817 8 -1 -1 
1082 508 100 54 0.1876104772090912 4 -1 -1 
1259 210 26 25 0.1865149438381195 10 -1 -1 
460 300 69 40 0.186143159866333 4 -1 -1 
0 237 66 101 0.1842527538537979 4 -1 -1 
587 310 14 25 0.1814006268978119 2 -1 -1 
449 728 7 16 0.18081209063529968 2 -1 -1 
1209 263 108 49 0.18080316483974457 6 -1 -1 
495 291 13 23 0.18003912270069122 2 -1 -1 
449 728 7 17 0.1754007190465927 10 -1 -1 
1146 127 74 103 0.1741710752248764 6 -1 -1 
787 250 26 31 0.17354169487953186 1 -1 -1 
405 219 126 77 0.17162126302719116 4 -1 -1 
405 219 126 77 0.17152486741542816 9 -1 -1 
496 291 18 24 0.1714060753583908 2 -1 -1 
427 227 100 71 0.17125216126441956 7 -1 -1 
464 301 65 39 0.1684865951538086 9 -1 -1 
785 237 13 24 0.16705112159252167 2 -1 -1 
655 24 47 30 0.16667547821998596 4 -1 -1 
403 67 12 19 0.1664825975894928 2 -1 -1 
575 329 14 26 0.1657121181488037 3 -1 -1 
774 233 14 26 0.16253280639648438 1 -1 -1 
372 17 56 31 0.16215097904205322 5 -1 -1 
134 302 87 58 0.16065075993537903 7 -1 -1 
125 278 36 41 0.1604616492986679 2 -1 -1 
404 68 13 32 0.15864358842372894 10 -1 -1 
399 67 11 24 0.1576577126979828 2 -1 -1 
482 292 34 31 0.1575130820274353 8 -1 -1 
1248 189 74 43 0.15747898817062378 4 -1 -1 
275 286 17 43 0.15677134692668915 3 -1 -1 
433 234 95 67 0.15656885504722595 8 -1 -1 
564 75 39 44 0.15554022789001465 5 -1 -1 
1234 171 77 47 0.15446576476097107 9 -1 -1 
1242 111 58 32 0.1536940485239029 4 -1 -1 
584 310 12 26 0.1527118682861328 2 -1 -1 
1274 417 83 62 0.15195749700069427 5 -1 -1 
789 269 14 39 0.1513829380273819 4 -1 -1 
330 153 12 20 0.14947938919067383 2 -1 -1 
1252 196 54 33 0.14881286025047302 4 -1 -1 
781 235 9 23 0.14798486232757568 1 -1 -1 
1234 106 72 126 0.1477939486503601 6 -1 -1 
1140 161 71 69 0.1476588398218155 6 -1 -1 
1256 209 29 25 0.14734084904193878 7 -1 -1 
485 292 22 26 0.1472679227590561 1 -1 -1 
1293 44 10 18 0.14722084999084473 1 -1 -1 
1174 109 133 121 0.14505313336849213 6 -1 -1 
278 241 49 63 0.14472459256649017 5 -1 -1 
1235 13 12 28 0.1446266770362854 1 -1 -1 
461 299 67 42 0.14408621191978455 10 -1 -1 
963 108 13 29 0.14400316774845123 1 -1 -1 
1248 178 80 48 0.14345544576644897 9 -1 -1 
498 292 20 28 0.14315426349639893 2 -1 -1 
534 394 97 56 0.14231474697589874 5 -1 -1 
482 292 34 31 0.14193132519721985 7 -1 -1 
133 298 41 37 0.1417052000761032 2 -1 -1 
610 21 39 29 0.14043685793876648 5 -1 -1 
1304 284 46 31 0.14002318680286407 10 -1 -1 
786 244 18 27 0.13863873481750488 2 -1 -1 
506 298 19 28 0.13747216761112213 1 -1 -1 
465 291 59 33 0.13669031858444214 7 -1 -1 
1159 268 60 31 0.13530580699443817 4 -1 -1 
399 68 12 27 0.13399620354175568 1 -1 -1 
745 152 128 109 0.1339767724275589 6 -1 -1 
147 307 28 28 0.1330738216638565 2 -1 -1 
1077 256 18 13 0.13277672231197357 1 -1 -1 
497 299 25 33 0.1326318234205246 1 -1 -1 
0 259 52 80 0.132406547665596 5 -1 -1 
785 253 21 31 0.13227711617946625 1 -1 -1 
463 298 66 41 0.13186015188694 1 -1 -1 
1212 110 88 59 0.131770521402359 6 -1 -1 
1184 109 111 47 0.12889724969863892 6 -1 -1 
334 156 10 25 0.128768190741539 2 -1 -1 
565 312 17 35 0.12682271003723145 2 -1 -1 
583 0 8 13 0.12648425996303558 1 -1 -1 
1135 111 121 119 0.12636564671993256 6 -1 -1 
981 116 236 92 0.1256430745124817 6 -1 -1 
489 290 23 25 0.12561358511447906 1 -1 -1 
401 67 18 34 0.12446301430463791 2 -1 -1 
127 207 126 143 0.1212945505976677 4 -1 -1 
461 299 67 42 0.12000485509634018 3 -1 -1 
125 284 94 75 0.11988392472267151 5 -1 -1 
1245 164 83 52 0.1176026463508606 6 -1 -1 
579 317 22 37 0.1163443997502327 1 -1 -1 
402 67 17 34 0.11597548425197601 1 -1 -1 
928 387 115 63 0.11496419459581375 9 -1 -1 
111 196 23 35 0.11314789950847626 10 -1 -1 
1240 127 79 84 0.11184302717447281 6 -1 -1 
1238 179 75 49 0.11054230481386185 4 -1 -1 
127 207 126 143 0.10893893241882324 9 -1 -1 
676 93 17 33 0.10863074660301208 1 -1 -1 
576 311 21 35 0.10830000042915344 1 -1 -1 
1233 154 79 59 0.10802552103996277 6 -1 -1 
928 387 115 63 0.10769093036651611 1 -1 -1 
460 278 70 54 0.10768989473581314 7 -1 -1 
1152 160 86 71 0.10658863186836243 6 -1 -1 
134 302 87 58 0.1033574789762497 8 -1 -1 
325 151 20 34 0.1033257320523262 1 -1 -1 
122 260 94 101 0.10311990231275558 2 -1 -1 
1238 109 69 74 0.1028948724269867 6 -1 -1 
127 207 126 143 0.10252925008535385 5 -1 -1 
462 297 68 43 0.10200514644384384 2 -1 -1 
1236 111 72 40 0.09794114530086517 5 -1 -1 
1215 122 90 89 0.09759005904197693 6 -1 -1 
571 320 20 35 0.09690151363611221 1 -1 -1 
378 70 18 34 0.09552183747291565 1 -1 -1 
1228 266 128 51 0.09490722417831421 3 -1 -1 
755 129 92 59 0.09401696175336838 4 -1 -1 
928 387 116 63 0.09334699809551239 5 -1 -1 
278 239 49 64 0.09332040697336197 6 -1 -1 
752 150 102 65 0.09205567836761475 4 -1 -1 
763 182 88 60 0.08946699649095535 4 -1 -1 
441 230 87 70 0.08885692059993744 5 -1 -1 
1235 110 71 46 0.08735089749097824 4 -1 -1 
122 260 94 101 0.0873265489935875 1 -1 -1 
1249 161 87 56 0.08686711639165878 9 -1 -1 
121 249 73 94 0.08651193231344223 4 -1 -1 
1243 117 88 74 0.08587969094514847 6 -1 -1 
409 199 119 74 0.08513882756233215 6 -1 -1 
1216 254 111 58 0.08505958318710327 7 -1 -1 
566 318 20 37 0.08411339670419693 2 -1 -1 
445 180 101 47 0.08409316837787628 4 -1 -1 
1250 187 76 44 0.08394885063171387 6 -1 -1 
1249 150 89 59 0.08333771675825119 6 -1 -1 
534 394 99 56 0.08326416462659836 1 -1 -1 
1248 186 74 45 0.08302512019872665 5 -1 -1 
984 130 124 67 0.08266548067331314 6 -1 -1 
1174 109 133 121 0.08257723599672318 9 -1 -1 
1113 165 83 64 0.08225293457508087 6 -1 -1 
119 226 102 134 0.0821991041302681 8 -1 -1 
1236 107 85 122 0.08060462027788162 9 -1 -1 
437 253 91 60 0.07957823574542999 7 -1 -1 
149 301 72 58 0.07887697219848633 6 -1 -1 
124 272 93 87 0.07826042920351028 10 -1 -1 
756 159 116 75 0.07794526219367981 4 -1 -1 
416 187 112 56 0.0779246836900711 4 -1 -1 
445 239 84 69 0.07778126746416092 6 -1 -1 
149 307 75 53 0.07764314115047455 9 -1 -1 
1286 272 68 45 0.07720110565423965 9 -1 -1 
928 386 116 64 0.07715121656656265 10 -1 -1 
747 175 73 62 0.0763736367225647 6 -1 -1 
409 199 119 74 0.07623931765556335 5 -1 -1 
131 223 133 127 0.07585219293832779 6 -1 -1 
1234 269 123 48 0.075429767370224 10 -1 -1 
769 148 150 143 0.07541102170944214 6 -1 -1 
1267 284 87 35 0.07539606094360352 9 -1 -1 
1228 266 128 51 0.07362351566553116 4 -1 -1 
1184 168 113 57 0.07339422404766083 6 -1 -1 
928 387 115 63 0.07308746129274368 7 -1 -1 
111 196 23 35 0.07278305292129517 3 -1 -1 
426 222 113 103 0.07267104834318161 6 -1 -1 
255 234 67 66 0.0726398229598999 4 -1 -1 
1214 149 84 75 0.07222865521907806 6 -1 -1 
1140 161 71 69 0.07167766988277435 7 -1 -1 
569 318 20 37 0.07148458808660507 7 -1 -1 
1219 264 126 53 0.07147463411092758 5 -1 -1 
206 237 73 60 0.07130450755357742 4 -1 -1 
741 116 132 118 0.07079331576824188 6 -1 -1 
274 214 52 86 0.07070969045162201 9 -1 -1 
1242 160 64 72 0.07052667438983917 6 -1 -1 
1147 150 69 81 0.0703624039888382 8 -1 -1 
585 314 17 38 0.07015976309776306 2 -1 -1 
409 199 119 74 0.07007193565368652 4 -1 -1 
119 275 68 84 0.0696214810013771 1 -1 -1 
1241 186 74 46 0.06959807127714157 9 -1 -1 
1244 132 85 74 0.06956546008586884 9 -1 -1 
1234 171 77 47 0.0694291815161705 5 -1 -1 
111 196 23 35 0.06934183090925217 7 -1 -1 
579 306 26 36 0.06830950081348419 1 -1 -1 
1208 168 94 53 0.06818859279155731 9 -1 -1 
1146 127 74 103 0.06797906756401062 7 -1 -1 
986 126 131 69 0.06791320443153381 5 -1 -1 
404 199 121 70 0.06731453537940979 9 -1 -1 
962 147 170 98 0.06727569550275803 6 -1 -1 
918 66 242 97 0.06690853834152222 6 -1 -1 
533 394 100 56 0.06689681857824326 10 -1 -1 
119 275 68 84 0.0668802335858345 8 -1 -1 
118 267 67 91 0.06668975949287415 2 -1 -1 
1238 107 84 122 0.06643395125865936 4 -1 -1 
444 188 95 66 0.06636916846036911 4 -1 -1 
1199 251 104 53 0.06629163771867752 6 -1 -1 
445 199 88 91 0.06611079722642899 6 -1 -1 
0 259 52 80 0.06567538529634476 1 -1 -1 
928 387 115 63 0.06567388027906418 6 -1 -1 
1244 112 87 53 0.06556468456983566 6 -1 -1 
745 154 84 67 0.0651869848370552 6 -1 -1 
419 224 108 73 0.06505601853132248 3 -1 -1 
753 170 94 71 0.06504113972187042 6 -1 -1 
130 225 139 86 0.06493623554706573 4 -1 -1 
1227 169 79 47 0.06471458822488785 4 -1 -1 
1236 107 85 122 0.06434068828821182 5 -1 -1 
78 215 136 144 0.06381231546401978 4 -1 -1 
786 133 64 56 0.06373974680900574 4 -1 -1 
1245 164 83 52 0.06322947889566422 4 -1 -1 
1184 109 111 47 0.06306896358728409 9 -1 -1 
741 116 132 118 0.06304818391799927 4 -1 -1 
1159 262 75 43 0.06293142586946487 4 -1 -1 
743 168 55 63 0.06288698315620422 6 -1 -1 
1243 110 77 56 0.06278685480356216 5 -1 -1 
391 67 22 34 0.062498852610588074 1 -1 -1 
918 88 202 93 0.06236490234732628 6 -1 -1 
1122 178 81 54 0.06222299858927727 4 -1 -1 
1241 284 113 35 0.062138836830854416 6 -1 -1 
1009 360 19 34 0.06193980574607849 2 -1 -1 
954 122 186 78 0.0618843138217926 8 -1 -1 
1246 158 65 74 0.0618237741291523 9 -1 -1 
745 152 128 109 0.06155094504356384 7 -1 -1 
229 236 77 65 0.06152905896306038 4 -1 -1 
1013 116 101 52 0.06125760078430176 5 -1 -1 
1174 109 133 121 0.059345293790102005 5 -1 -1 
130 225 139 86 0.05898226052522659 5 -1 -1 
78 215 136 144 0.05848677083849907 9 -1 -1 
957 122 200 78 0.05770290270447731 5 -1 -1 
738 152 132 114 0.0561458095908165 4 -1 -1 
954 122 186 78 0.05595216527581215 7 -1 -1 
-2 220 94 124 0.05494501814246178 4 -1 -1 
963 124 215 79 0.05450596660375595 9 -1 -1 
400 242 131 96 0.054472606629133224 9 -1 -1 
426 222 113 103 0.05356293544173241 8 -1 -1 
1201 247 138 68 0.0516626313328743 6 -1 -1 
738 152 132 114 0.0505257323384285 9 -1 -1 
78 215 136 144 0.05049235746264458 5 -1 -1 
99 243 116 117 0.05039411410689354 7 -1 -1 
