493 364 79 125 0.9991801381111145 9 -1 -1 
608 350 19 25 0.9381145238876343 7 -1 -1 
685 416 13 32 0.924579918384552 1 -1 -1 
835 379 30 21 0.7926778793334961 10 -1 -1 
37 500 43 39 0.787151575088501 10 -1 -1 
467 225 10 10 0.7789079546928406 4 -1 -1 
455 224 9 9 0.7724079489707947 4 -1 -1 
515 243 12 10 0.7509129047393799 4 -1 -1 
500 214 8 8 0.7287105917930603 4 -1 -1 
572 359 15 25 0.7282921671867371 10 -1 -1 
457 249 15 14 0.726431667804718 4 -1 -1 
650 408 16 29 0.7136492133140564 2 -1 -1 
573 354 13 22 0.7071225643157959 2 -1 -1 
485 209 11 13 0.676676869392395 6 -1 -1 
649 417 16 28 0.6667792201042175 10 -1 -1 
542 272 5 10 0.6590447425842285 2 -1 -1 
48 491 23 37 0.6192085146903992 2 -1 -1 
546 264 5 10 0.6095703840255737 2 -1 -1 
360 312 9 15 0.6090035438537598 2 -1 -1 
406 258 5 10 0.597197949886322 2 -1 -1 
548 256 6 10 0.5916182398796082 2 -1 -1 
542 277 6 10 0.5915483236312866 10 -1 -1 
580 302 8 11 0.5710868835449219 10 -1 -1 
405 263 6 9 0.5694916248321533 10 -1 -1 
352 353 15 23 0.5674972534179688 10 -1 -1 
422 261 5 10 0.5637110471725464 2 -1 -1 
644 320 10 21 0.5625378489494324 1 -1 -1 
493 364 79 125 0.5575364828109741 4 -1 -1 
611 348 10 13 0.5543487668037415 2 -1 -1 
672 305 21 16 0.54676353931427 10 -1 -1 
520 230 5 8 0.5436078906059265 2 -1 -1 
353 346 13 24 0.5378628969192505 2 -1 -1 
580 296 7 12 0.5359711050987244 2 -1 -1 
491 241 5 8 0.5351443886756897 10 -1 -1 
422 265 5 10 0.5344489216804504 10 -1 -1 
360 317 9 15 0.5333811044692993 10 -1 -1 
443 220 4 6 0.5313992500305176 2 -1 -1 
491 239 4 7 0.5308783650398254 2 -1 -1 
545 268 7 9 0.5206159949302673 10 -1 -1 
533 237 4 9 0.5203973650932312 10 -1 -1 
434 236 4 7 0.5112563371658325 10 -1 -1 
113 375 67 29 0.51123046875 4 -1 -1 
434 233 4 7 0.5095083713531494 2 -1 -1 
521 235 5 7 0.49804583191871643 10 -1 -1 
548 260 7 9 0.4933001697063446 10 -1 -1 
443 223 4 7 0.49283015727996826 10 -1 -1 
493 364 79 125 0.4879930913448334 7 -1 -1 
462 220 8 7 0.48462894558906555 4 -1 -1 
533 235 4 7 0.4780920147895813 2 -1 -1 
488 220 4 7 0.4739351272583008 2 -1 -1 
493 364 79 125 0.4725649952888489 10 -1 -1 
521 216 3 7 0.46862584352493286 1 -1 -1 
904 446 54 68 0.46722984313964844 4 -1 -1 
419 247 5 8 0.4624274969100952 2 -1 -1 
672 307 20 13 0.4588632881641388 4 -1 -1 
488 221 4 6 0.44949862360954285 10 -1 -1 
493 363 77 126 0.44014179706573486 6 -1 -1 
493 364 79 125 0.4392358958721161 3 -1 -1 
503 240 4 7 0.43892702460289 2 -1 -1 
149 404 21 14 0.42288005352020264 10 -1 -1 
503 246 5 7 0.4173275828361511 10 -1 -1 
493 364 79 125 0.41264820098876953 8 -1 -1 
493 364 79 125 0.40945881605148315 1 -1 -1 
140 361 61 26 0.3970683217048645 4 -1 -1 
419 249 6 10 0.3952638506889343 10 -1 -1 
503 241 5 8 0.3940526843070984 2 -1 -1 
509 220 3 6 0.381862610578537 2 -1 -1 
579 295 7 11 0.3785768747329712 2 -1 -1 
434 231 4 7 0.3761644661426544 2 -1 -1 
498 212 8 7 0.3713172972202301 4 -1 -1 
903 445 56 67 0.3696073889732361 5 -1 -1 
493 364 79 125 0.3659076988697052 2 -1 -1 
511 223 4 6 0.3651016056537628 10 -1 -1 
394 257 6 11 0.36246368288993835 2 -1 -1 
503 203 3 6 0.35973891615867615 2 -1 -1 
443 218 4 6 0.35847723484039307 2 -1 -1 
510 211 8 5 0.35255783796310425 4 -1 -1 
503 243 5 8 0.350982129573822 10 -1 -1 
157 397 10 18 0.3495180606842041 2 -1 -1 
515 220 3 5 0.3471730649471283 2 -1 -1 
509 221 4 6 0.34472253918647766 10 -1 -1 
510 222 5 6 0.3429991900920868 10 -1 -1 
548 256 6 10 0.33889979124069214 10 -1 -1 
47 492 27 38 0.3382219672203064 10 -1 -1 
643 320 11 21 0.3367629051208496 2 -1 -1 
503 209 6 6 0.3350473642349243 4 -1 -1 
546 264 5 11 0.3335888981819153 10 -1 -1 
497 213 5 6 0.33301398158073425 2 -1 -1 
580 297 7 13 0.33256271481513977 10 -1 -1 
521 232 5 7 0.3306705951690674 10 -1 -1 
157 397 10 18 0.3289073407649994 1 -1 -1 
493 364 79 125 0.3269459307193756 5 -1 -1 
609 285 7 18 0.32344773411750793 1 -1 -1 
608 350 19 26 0.3212306797504425 8 -1 -1 
514 220 3 6 0.3192555010318756 10 -1 -1 
359 311 12 21 0.3186749815940857 10 -1 -1 
503 203 3 6 0.318149596452713 10 -1 -1 
504 239 3 5 0.3173147737979889 2 -1 -1 
150 402 20 16 0.3157446086406708 3 -1 -1 
-2 420 53 89 0.3152303397655487 6 -1 -1 
486 209 10 13 0.3145287334918976 9 -1 -1 
503 203 3 6 0.3137381076812744 1 -1 -1 
488 220 4 7 0.31331729888916016 1 -1 -1 
582 295 6 10 0.31114691495895386 2 -1 -1 
487 218 5 7 0.30496904253959656 2 -1 -1 
542 281 6 6 0.30496829748153687 10 -1 -1 
57 491 20 34 0.3049037456512451 2 -1 -1 
154 400 14 16 0.30295419692993164 10 -1 -1 
497 214 4 7 0.3010576069355011 10 -1 -1 
521 216 3 7 0.3000072240829468 10 -1 -1 
353 346 14 24 0.29634368419647217 10 -1 -1 
546 262 6 9 0.29350244998931885 2 -1 -1 
405 261 6 10 0.29086387157440186 2 -1 -1 
515 220 3 5 0.2894911766052246 1 -1 -1 
520 230 4 6 0.28480130434036255 2 -1 -1 
130 364 54 28 0.28237485885620117 4 -1 -1 
673 298 21 22 0.27731043100357056 10 -1 -1 
542 273 5 10 0.276360422372818 10 -1 -1 
39 495 39 40 0.27588367462158203 2 -1 -1 
106 380 73 34 0.27376124262809753 4 -1 -1 
485 209 11 13 0.2723741829395294 5 -1 -1 
609 347 15 21 0.2721632719039917 2 -1 -1 
542 276 6 10 0.2697868347167969 2 -1 -1 
434 235 4 8 0.2691386640071869 2 -1 -1 
486 209 10 13 0.26770496368408203 4 -1 -1 
542 271 5 7 0.26486536860466003 2 -1 -1 
360 317 9 15 0.26205572485923767 3 -1 -1 
154 400 14 16 0.25955554842948914 2 -1 -1 
406 258 5 10 0.25882962346076965 10 -1 -1 
521 234 5 7 0.25845491886138916 2 -1 -1 
491 240 5 9 0.2566536068916321 2 -1 -1 
532 237 5 9 0.25658318400382996 3 -1 -1 
629 317 23 16 0.2524319291114807 7 -1 -1 
546 267 6 10 0.25212129950523376 2 -1 -1 
653 422 11 23 0.2514497637748718 10 -1 -1 
521 217 3 6 0.25114554166793823 3 -1 -1 
503 209 6 6 0.2506125867366791 7 -1 -1 
486 218 5 6 0.24974532425403595 2 -1 -1 
472 204 4 6 0.24864453077316284 7 -1 -1 
546 262 7 9 0.2485203891992569 10 -1 -1 
503 241 5 7 0.24611559510231018 10 -1 -1 
419 250 6 9 0.24581603705883026 3 -1 -1 
419 247 5 9 0.24506498873233795 10 -1 -1 
422 262 5 10 0.24477306008338928 10 -1 -1 
650 408 16 29 0.24442951381206512 1 -1 -1 
100 366 82 36 0.2435312718153 4 -1 -1 
510 222 5 6 0.24083349108695984 2 -1 -1 
521 215 3 8 0.2406684309244156 2 -1 -1 
543 274 5 9 0.23485413193702698 2 -1 -1 
512 220 5 6 0.23399676382541656 10 -1 -1 
533 235 4 8 0.23397621512413025 10 -1 -1 
549 255 5 8 0.23366335034370422 2 -1 -1 
580 294 7 9 0.23314034938812256 2 -1 -1 
533 236 4 10 0.23173308372497559 2 -1 -1 
509 221 4 6 0.23079784214496613 2 -1 -1 
503 245 5 7 0.23036743700504303 2 -1 -1 
472 204 4 6 0.22781097888946533 8 -1 -1 
434 236 4 7 0.22754515707492828 3 -1 -1 
543 270 7 8 0.22611893713474274 10 -1 -1 
509 220 3 6 0.22598384320735931 1 -1 -1 
422 265 5 10 0.2259589433670044 2 -1 -1 
419 248 6 10 0.22579272091388702 1 -1 -1 
156 398 11 18 0.22410397231578827 3 -1 -1 
549 259 6 9 0.22316177189350128 2 -1 -1 
579 295 5 9 0.22314082086086273 2 -1 -1 
512 220 5 6 0.2224586009979248 2 -1 -1 
359 308 12 22 0.2188819944858551 2 -1 -1 
608 349 19 26 0.2186162918806076 2 -1 -1 
120 377 60 27 0.21615485846996307 5 -1 -1 
649 417 16 29 0.21551690995693207 3 -1 -1 
434 238 4 6 0.21538503468036652 10 -1 -1 
488 222 3 6 0.21271486580371857 3 -1 -1 
608 351 19 25 0.21172016859054565 3 -1 -1 
674 295 23 19 0.20434756577014923 10 -1 -1 
158 358 55 28 0.20055031776428223 4 -1 -1 
109 359 73 35 0.1975848525762558 4 -1 -1 
671 301 22 17 0.1937408298254013 4 -1 -1 
608 350 19 25 0.18851812183856964 4 -1 -1 
353 353 14 23 0.18501025438308716 2 -1 -1 
164 356 57 30 0.1814986616373062 6 -1 -1 
608 350 19 26 0.17640385031700134 10 -1 -1 
0 424 41 89 0.17486123740673065 5 -1 -1 
650 409 15 29 0.17207543551921844 10 -1 -1 
0 448 40 61 0.1719859540462494 4 -1 -1 
118 355 75 33 0.17102812230587006 4 -1 -1 
609 347 15 21 0.16495229303836823 7 -1 -1 
47 492 27 38 0.1628907173871994 1 -1 -1 
-1 428 49 85 0.16020895540714264 4 -1 -1 
165 349 58 35 0.15884844958782196 5 -1 -1 
674 298 22 14 0.15873509645462036 4 -1 -1 
82 374 97 44 0.15728619694709778 4 -1 -1 
354 346 13 23 0.1539708375930786 1 -1 -1 
0 455 40 55 0.15383118391036987 5 -1 -1 
685 416 13 32 0.15248769521713257 4 -1 -1 
672 307 20 13 0.15008153021335602 5 -1 -1 
165 349 58 35 0.1499350219964981 4 -1 -1 
693 306 11 31 0.14815983176231384 1 -1 -1 
135 378 46 27 0.14681203663349152 4 -1 -1 
834 381 21 19 0.14626073837280273 10 -1 -1 
138 360 62 27 0.1373802274465561 5 -1 -1 
130 364 54 28 0.13667042553424835 5 -1 -1 
835 379 30 21 0.13650234043598175 4 -1 -1 
904 446 54 68 0.13585151731967926 8 -1 -1 
85 350 96 52 0.1351272165775299 4 -1 -1 
152 359 56 28 0.133261576294899 6 -1 -1 
835 378 30 21 0.13323922455310822 3 -1 -1 
608 351 19 25 0.1331295669078827 6 -1 -1 
164 356 57 30 0.13294045627117157 8 -1 -1 
608 351 19 25 0.13293491303920746 9 -1 -1 
359 309 12 22 0.13095593452453613 1 -1 -1 
0 439 39 50 0.1288451999425888 4 -1 -1 
143 352 65 32 0.12800715863704681 4 -1 -1 
82 374 97 44 0.12689146399497986 5 -1 -1 
106 380 73 34 0.12212377786636353 5 -1 -1 
94 363 88 46 0.12141983956098557 5 -1 -1 
651 406 15 22 0.12096793949604034 2 -1 -1 
675 295 23 13 0.12095331400632858 4 -1 -1 
0 424 39 68 0.11957254260778427 6 -1 -1 
147 337 81 48 0.11819591373205185 6 -1 -1 
112 360 71 37 0.1181473582983017 5 -1 -1 
359 310 11 22 0.11656825989484787 3 -1 -1 
578 293 12 21 0.11632358282804489 10 -1 -1 
158 358 55 28 0.11621144413948059 5 -1 -1 
37 500 43 39 0.11583175510168076 4 -1 -1 
352 354 15 22 0.11555273085832596 3 -1 -1 
626 314 20 18 0.11466889828443527 7 -1 -1 
648 413 16 31 0.1126486137509346 2 -1 -1 
0 454 43 56 0.10932868719100952 8 -1 -1 
39 495 39 40 0.10797933489084244 1 -1 -1 
647 407 16 24 0.10724160075187683 2 -1 -1 
639 320 15 21 0.10592285543680191 7 -1 -1 
639 318 17 21 0.10574910789728165 2 -1 -1 
163 357 56 29 0.10349742323160172 7 -1 -1 
639 318 17 21 0.10348229855298996 1 -1 -1 
672 305 21 16 0.10188708454370499 7 -1 -1 
143 368 42 29 0.1006808653473854 4 -1 -1 
115 376 65 28 0.09876745194196701 6 -1 -1 
848 378 18 21 0.09804825484752655 10 -1 -1 
630 318 14 22 0.09665856510400772 1 -1 -1 
904 446 54 67 0.09660212695598602 6 -1 -1 
672 305 21 16 0.09624923765659332 3 -1 -1 
676 294 27 14 0.09603320807218552 10 -1 -1 
835 378 30 21 0.09583168476819992 7 -1 -1 
653 411 14 32 0.09524060040712357 10 -1 -1 
901 444 59 70 0.0949697196483612 9 -1 -1 
-2 424 54 86 0.09421808272600174 7 -1 -1 
653 411 14 32 0.09387437254190445 2 -1 -1 
671 307 21 13 0.09380488097667694 8 -1 -1 
0 439 39 50 0.09333263337612152 5 -1 -1 
156 342 64 35 0.09299924969673157 4 -1 -1 
-2 427 53 83 0.09217812120914459 8 -1 -1 
608 350 19 26 0.09205210208892822 1 -1 -1 
147 337 81 48 0.09166128188371658 4 -1 -1 
118 355 75 33 0.09166115522384644 5 -1 -1 
36 492 31 40 0.09154617786407471 2 -1 -1 
650 409 15 29 0.09113889932632446 3 -1 -1 
37 500 43 39 0.09005258232355118 3 -1 -1 
649 416 16 29 0.08990538120269775 4 -1 -1 
156 342 64 35 0.08876284211874008 5 -1 -1 
45 486 32 37 0.08839529752731323 2 -1 -1 
352 347 15 27 0.08800719678401947 7 -1 -1 
628 318 23 17 0.08703021705150604 8 -1 -1 
0 450 41 60 0.08683169633150101 6 -1 -1 
849 378 18 20 0.0865619108080864 3 -1 -1 
147 337 81 48 0.08639229834079742 5 -1 -1 
85 350 96 52 0.08618444949388504 6 -1 -1 
632 319 20 21 0.0858445093035698 1 -1 -1 
175 353 52 33 0.08558826893568039 9 -1 -1 
110 344 96 45 0.08385524898767471 4 -1 -1 
174 347 54 36 0.08162473887205124 6 -1 -1 
674 302 27 19 0.0814090371131897 10 -1 -1 
609 347 15 21 0.08127497881650925 1 -1 -1 
82 374 97 44 0.08067578077316284 6 -1 -1 
632 316 22 20 0.08024925738573074 2 -1 -1 
359 309 11 22 0.07984799146652222 8 -1 -1 
653 411 14 32 0.07911829650402069 3 -1 -1 
629 315 18 21 0.07858876883983612 2 -1 -1 
845 384 26 18 0.07830148935317993 3 -1 -1 
97 349 94 45 0.07741065323352814 5 -1 -1 
845 384 26 18 0.07550942897796631 10 -1 -1 
603 281 12 23 0.07499726861715317 1 -1 -1 
685 416 13 32 0.0745471864938736 2 -1 -1 
90 332 105 56 0.07447902113199234 4 -1 -1 
147 337 81 48 0.07337222993373871 9 -1 -1 
171 359 56 28 0.07294808328151703 4 -1 -1 
-2 420 53 89 0.07253087311983109 9 -1 -1 
353 353 14 23 0.07247703522443771 1 -1 -1 
677 293 28 14 0.07209759205579758 4 -1 -1 
901 444 59 70 0.062211938202381134 1 -1 -1 
671 293 47 28 0.06055564805865288 4 -1 -1 
90 332 105 56 0.0587986521422863 6 -1 -1 
671 288 51 23 0.05697186291217804 4 -1 -1 
70 344 112 58 0.05544068291783333 5 -1 -1 
109 347 89 45 0.053087349981069565 6 -1 -1 
95 372 86 47 0.05297008529305458 9 -1 -1 
155 321 99 57 0.05219333618879318 6 -1 -1 
66 320 118 63 0.05181032791733742 4 -1 -1 
154 307 106 52 0.051579564809799194 4 -1 -1 
902 444 58 70 0.05128362029790878 7 -1 -1 
146 320 87 57 0.05115813761949539 4 -1 -1 
885 429 71 82 0.05021075904369354 4 -1 -1 
