197 246 47 56 0.9438589811325073 4 -1 -1 
229 280 34 58 0.9360463619232178 8 -1 -1 
466 240 35 50 0.9162671566009521 4 -1 -1 
229 280 34 58 0.7314737439155579 7 -1 -1 
461 25 18 17 0.6489829421043396 4 -1 -1 
522 102 8 12 0.551834762096405 2 -1 -1 
294 104 7 15 0.505984902381897 1 -1 -1 
522 108 9 13 0.49833911657333374 10 -1 -1 
229 280 34 58 0.4385749101638794 3 -1 -1 
169 80 124 137 0.38605767488479614 9 -1 -1 
522 103 8 15 0.3664071261882782 10 -1 -1 
229 280 34 57 0.3460788428783417 2 -1 -1 
640 521 9 9 0.27448639273643494 1 -1 -1 
290 104 10 14 0.2521038055419922 1 -1 -1 
229 280 34 57 0.23768343031406403 9 -1 -1 
522 100 7 11 0.2364116609096527 2 -1 -1 
353 2 10 14 0.22913536429405212 10 -1 -1 
524 101 7 10 0.21542145311832428 2 -1 -1 
523 103 9 16 0.21420064568519592 2 -1 -1 
574 249 5 9 0.21147090196609497 10 -1 -1 
285 105 6 11 0.19563031196594238 1 -1 -1 
353 3 8 13 0.19415131211280823 1 -1 -1 
229 280 34 58 0.1915593445301056 1 -1 -1 
229 280 34 57 0.19036678969860077 4 -1 -1 
644 508 14 12 0.18988007307052612 10 -1 -1 
521 106 10 15 0.18901225924491882 2 -1 -1 
574 247 5 7 0.1799488663673401 2 -1 -1 
342 82 18 22 0.1748930662870407 5 -1 -1 
352 2 8 13 0.17411264777183533 2 -1 -1 
327 27 8 13 0.1737378090620041 3 -1 -1 
217 214 8 13 0.17250265181064606 3 -1 -1 
229 280 34 58 0.17098072171211243 5 -1 -1 
644 509 13 12 0.16603821516036987 3 -1 -1 
375 0 4 9 0.16208773851394653 1 -1 -1 
231 300 17 28 0.15932193398475647 2 -1 -1 
521 104 8 14 0.15500576794147491 2 -1 -1 
574 250 4 8 0.1547994464635849 1 -1 -1 
327 27 8 13 0.14957816898822784 1 -1 -1 
525 102 10 10 0.1454300433397293 2 -1 -1 
574 248 5 10 0.13922008872032166 2 -1 -1 
522 102 8 12 0.13703817129135132 1 -1 -1 
307 66 16 14 0.13373439013957977 3 -1 -1 
342 82 18 22 0.13218063116073608 4 -1 -1 
354 1 10 13 0.1319817304611206 2 -1 -1 
197 246 46 56 0.13165661692619324 9 -1 -1 
235 292 34 48 0.13093741238117218 9 -1 -1 
640 521 9 9 0.12947821617126465 2 -1 -1 
354 1 10 13 0.12726177275180817 1 -1 -1 
521 111 8 11 0.12639547884464264 10 -1 -1 
223 292 36 48 0.1258365511894226 9 -1 -1 
574 250 4 8 0.12220756709575653 3 -1 -1 
197 246 47 56 0.1214628741145134 1 -1 -1 
229 280 34 57 0.12062963843345642 6 -1 -1 
288 124 14 13 0.11987065523862839 3 -1 -1 
521 101 14 22 0.11946646124124527 10 -1 -1 
360 73 6 16 0.1190338134765625 1 -1 -1 
294 106 9 16 0.11599312722682953 1 -1 -1 
230 303 12 21 0.11401613056659698 2 -1 -1 
203 35 115 146 0.11235139518976212 9 -1 -1 
497 7 7 8 0.1109156459569931 4 -1 -1 
235 287 22 45 0.11056935787200928 9 -1 -1 
521 103 6 11 0.10888197273015976 2 -1 -1 
575 246 4 7 0.1061718687415123 2 -1 -1 
521 101 14 22 0.10535763949155807 7 -1 -1 
466 240 35 51 0.10457310080528259 5 -1 -1 
352 5 8 16 0.10456356406211853 1 -1 -1 
353 0 9 12 0.1024327427148819 10 -1 -1 
871 62 34 19 0.1015552282333374 4 -1 -1 
233 311 14 16 0.10150332748889923 2 -1 -1 
232 293 21 41 0.10138638317584991 2 -1 -1 
632 517 6 12 0.10071335732936859 1 -1 -1 
642 522 8 10 0.09972044825553894 1 -1 -1 
358 0 8 14 0.0991908386349678 10 -1 -1 
169 80 124 137 0.09851162135601044 6 -1 -1 
352 3 9 14 0.09790448844432831 3 -1 -1 
574 248 5 7 0.09731382131576538 1 -1 -1 
290 106 8 15 0.09712357074022293 1 -1 -1 
644 510 12 11 0.0951886773109436 1 -1 -1 
214 216 10 16 0.09516901522874832 3 -1 -1 
289 123 9 11 0.09438049793243408 1 -1 -1 
644 506 15 11 0.09270747005939484 3 -1 -1 
294 104 7 15 0.09255204349756241 2 -1 -1 
647 512 11 10 0.0922059416770935 10 -1 -1 
234 280 46 58 0.09149375557899475 9 -1 -1 
357 2 8 15 0.09083861112594604 1 -1 -1 
522 106 9 15 0.09065351635217667 1 -1 -1 
91 244 12 21 0.09047005325555801 1 -1 -1 
230 295 15 29 0.08992107212543488 2 -1 -1 
227 198 20 21 0.08949632197618484 3 -1 -1 
157 37 64 38 0.08691349625587463 6 -1 -1 
217 214 8 13 0.08653601258993149 10 -1 -1 
466 240 36 50 0.08557746559381485 9 -1 -1 
217 214 8 13 0.08542400598526001 1 -1 -1 
466 240 36 51 0.08514557033777237 1 -1 -1 
524 111 12 12 0.08464637398719788 10 -1 -1 
466 240 35 50 0.08434882760047913 10 -1 -1 
289 123 9 11 0.08422572165727615 2 -1 -1 
639 520 8 8 0.08417174220085144 1 -1 -1 
352 0 9 12 0.08398395776748657 1 -1 -1 
154 64 9 15 0.08396792411804199 1 -1 -1 
197 246 46 56 0.08373278379440308 5 -1 -1 
522 108 9 13 0.08196372538805008 3 -1 -1 
522 99 7 12 0.08184736222028732 1 -1 -1 
640 521 9 9 0.08179713040590286 3 -1 -1 
522 108 9 13 0.08164973556995392 7 -1 -1 
342 82 18 22 0.08144572377204895 6 -1 -1 
642 505 19 17 0.0809554010629654 10 -1 -1 
342 82 18 22 0.08070149272680283 9 -1 -1 
327 27 8 12 0.08010590821504593 2 -1 -1 
228 200 23 24 0.0794576033949852 3 -1 -1 
357 0 8 11 0.07933549582958221 2 -1 -1 
169 80 124 137 0.07918620854616165 5 -1 -1 
524 96 10 13 0.07843875139951706 2 -1 -1 
641 518 9 11 0.0779343843460083 1 -1 -1 
232 303 19 23 0.07792730629444122 9 -1 -1 
226 199 15 18 0.07779289782047272 3 -1 -1 
286 107 6 12 0.07691951841115952 1 -1 -1 
169 80 124 137 0.0767333135008812 4 -1 -1 
359 0 7 13 0.07664630562067032 1 -1 -1 
559 216 12 8 0.07661502063274384 10 -1 -1 
250 298 14 28 0.07650545984506607 9 -1 -1 
644 511 10 10 0.07644952088594437 3 -1 -1 
229 298 12 23 0.07586529850959778 2 -1 -1 
135 122 124 93 0.07533205300569534 9 -1 -1 
197 246 46 56 0.07525650411844254 10 -1 -1 
236 315 11 22 0.07525377720594406 9 -1 -1 
461 25 17 17 0.0749840959906578 5 -1 -1 
288 102 8 12 0.07498259097337723 1 -1 -1 
309 68 17 13 0.07442407310009003 3 -1 -1 
351 2 9 13 0.07417990267276764 10 -1 -1 
321 22 11 16 0.07371163368225098 1 -1 -1 
647 512 11 10 0.07345166802406311 1 -1 -1 
327 27 8 13 0.07337833940982819 10 -1 -1 
521 106 5 10 0.07315655797719955 2 -1 -1 
232 209 18 15 0.07290659099817276 3 -1 -1 
497 7 6 9 0.07177102565765381 1 -1 -1 
353 2 10 14 0.07159094512462616 7 -1 -1 
197 246 46 56 0.07155133783817291 7 -1 -1 
353 5 9 17 0.07135236263275146 10 -1 -1 
529 102 7 11 0.0711146667599678 2 -1 -1 
236 316 10 19 0.07082749903202057 1 -1 -1 
294 102 8 13 0.07078149914741516 1 -1 -1 
375 0 4 9 0.07058027386665344 3 -1 -1 
354 1 10 13 0.07047425955533981 3 -1 -1 
197 246 46 56 0.07009575515985489 6 -1 -1 
236 316 10 19 0.06979209929704666 2 -1 -1 
102 79 190 184 0.06972263753414154 9 -1 -1 
521 99 7 9 0.06953079253435135 2 -1 -1 
522 103 8 15 0.06917395442724228 3 -1 -1 
563 345 7 7 0.06844343990087509 1 -1 -1 
267 114 9 14 0.06840454041957855 1 -1 -1 
244 20 82 146 0.06837956607341766 4 -1 -1 
375 0 4 9 0.0682796910405159 10 -1 -1 
235 312 13 19 0.06788746267557144 9 -1 -1 
178 40 40 19 0.06731846183538437 4 -1 -1 
497 7 6 8 0.06701819598674774 10 -1 -1 
289 121 7 11 0.06701052188873291 1 -1 -1 
292 124 14 12 0.0668594017624855 3 -1 -1 
323 28 11 15 0.06673693656921387 3 -1 -1 
158 37 70 36 0.06593745946884155 4 -1 -1 
528 115 10 9 0.06524412333965302 3 -1 -1 
156 35 95 49 0.06523460894823074 6 -1 -1 
522 103 8 15 0.06508859246969223 7 -1 -1 
526 97 10 15 0.06502875685691833 2 -1 -1 
325 22 10 15 0.06459677219390869 2 -1 -1 
359 74 7 15 0.06452367454767227 3 -1 -1 
522 108 9 13 0.06448789685964584 4 -1 -1 
137 194 7 15 0.06447486579418182 1 -1 -1 
353 5 9 17 0.06428249925374985 3 -1 -1 
641 497 5 7 0.06404822319746017 10 -1 -1 
229 280 34 58 0.06400678306818008 10 -1 -1 
237 287 23 49 0.06354697048664093 2 -1 -1 
290 101 8 14 0.06353443115949631 1 -1 -1 
287 126 12 13 0.06324082612991333 3 -1 -1 
285 105 6 11 0.0632292628288269 2 -1 -1 
169 36 74 35 0.06305456161499023 6 -1 -1 
521 104 8 14 0.06300745159387589 1 -1 -1 
233 304 17 32 0.06295647472143173 2 -1 -1 
467 25 12 15 0.06226020306348801 4 -1 -1 
351 5 8 14 0.06206993758678436 10 -1 -1 
290 123 14 12 0.06196316331624985 1 -1 -1 
644 510 12 11 0.061929430812597275 2 -1 -1 
575 247 4 6 0.061824098229408264 1 -1 -1 
238 321 10 18 0.061178870499134064 9 -1 -1 
244 20 82 146 0.06112796440720558 9 -1 -1 
289 121 7 11 0.06111299991607666 2 -1 -1 
212 217 11 18 0.06108742952346802 3 -1 -1 
305 66 11 13 0.06066107749938965 3 -1 -1 
355 0 9 12 0.060402531176805496 10 -1 -1 
360 72 6 15 0.06000431999564171 2 -1 -1 
352 0 11 7 0.05997498333454132 2 -1 -1 
522 108 9 13 0.05978177860379219 8 -1 -1 
832 19 21 10 0.059769947081804276 4 -1 -1 
283 103 8 13 0.05953487008810043 1 -1 -1 
523 99 9 12 0.05947897210717201 1 -1 -1 
644 509 10 10 0.05922725424170494 1 -1 -1 
574 248 5 9 0.059172675013542175 3 -1 -1 
521 109 6 10 0.05909004434943199 10 -1 -1 
183 196 13 12 0.05907852575182915 1 -1 -1 
461 25 18 17 0.05906420946121216 1 -1 -1 
357 2 8 15 0.05901788920164108 2 -1 -1 
228 199 19 19 0.05887014791369438 10 -1 -1 
360 72 6 15 0.05876154825091362 9 -1 -1 
203 35 115 146 0.0586986243724823 6 -1 -1 
323 28 11 15 0.05869828164577484 1 -1 -1 
523 111 8 12 0.058591462671756744 3 -1 -1 
231 300 17 28 0.05793922021985054 1 -1 -1 
290 104 10 14 0.05784577503800392 2 -1 -1 
325 22 10 15 0.05762963742017746 1 -1 -1 
523 96 9 10 0.0575268529355526 2 -1 -1 
217 214 8 13 0.057517360895872116 2 -1 -1 
320 18 8 15 0.05657553672790527 1 -1 -1 
524 102 11 11 0.05622076243162155 10 -1 -1 
231 304 46 42 0.056147295981645584 9 -1 -1 
288 123 12 13 0.0559881292283535 10 -1 -1 
125 52 183 171 0.055930450558662415 9 -1 -1 
640 520 9 10 0.055875763297080994 10 -1 -1 
236 309 17 26 0.05586004629731178 9 -1 -1 
353 2 10 14 0.055528078228235245 8 -1 -1 
641 518 9 11 0.055411841720342636 2 -1 -1 
642 505 19 17 0.055356863886117935 3 -1 -1 
521 103 6 11 0.055319707840681076 1 -1 -1 
246 292 17 36 0.05486370623111725 9 -1 -1 
458 21 19 19 0.05474643036723137 4 -1 -1 
521 101 11 22 0.05455427244305611 9 -1 -1 
254 299 12 21 0.05446401238441467 9 -1 -1 
231 297 17 27 0.05423976108431816 9 -1 -1 
239 292 22 44 0.05405180901288986 9 -1 -1 
527 102 9 11 0.053566258400678635 3 -1 -1 
322 19 10 17 0.053531304001808167 2 -1 -1 
522 103 8 15 0.053324587643146515 4 -1 -1 
574 252 4 7 0.05318177863955498 2 -1 -1 
497 7 6 8 0.053124066442251205 2 -1 -1 
559 218 8 6 0.05304722487926483 10 -1 -1 
466 240 35 50 0.05303886532783508 7 -1 -1 
231 310 10 18 0.05301513522863388 2 -1 -1 
497 7 7 8 0.05292049050331116 6 -1 -1 
369 4 4 9 0.05277183651924133 1 -1 -1 
137 369 16 26 0.05263640359044075 3 -1 -1 
574 254 4 5 0.052607376128435135 10 -1 -1 
235 301 21 37 0.05255812034010887 9 -1 -1 
647 512 11 10 0.052488774061203 3 -1 -1 
530 117 9 13 0.052319884300231934 3 -1 -1 
232 308 12 20 0.05231703445315361 1 -1 -1 
355 0 10 7 0.05202183499932289 2 -1 -1 
258 22 67 102 0.05179541930556297 4 -1 -1 
529 101 7 12 0.05146395042538643 1 -1 -1 
320 19 8 9 0.05130002647638321 1 -1 -1 
358 0 8 14 0.050960928201675415 3 -1 -1 
291 110 8 16 0.050952497869729996 1 -1 -1 
521 101 14 22 0.05087660998106003 8 -1 -1 
461 25 6 14 0.05074933543801308 1 -1 -1 
237 323 9 16 0.05073128640651703 1 -1 -1 
197 246 46 56 0.05067496374249458 8 -1 -1 
353 5 8 16 0.05065540969371796 2 -1 -1 
874 60 34 19 0.05062423273921013 6 -1 -1 
252 297 12 25 0.05057871714234352 2 -1 -1 
288 114 8 13 0.050545625388622284 1 -1 -1 
319 24 11 16 0.05048177391290665 1 -1 -1 
203 35 115 146 0.050357453525066376 4 -1 -1 
307 61 14 17 0.050298359245061874 3 -1 -1 
461 25 12 14 0.05012578144669533 1 -1 -1 
523 96 9 13 0.050032537430524826 9 -1 -1 
