466 283 179 103 0.9406600594520569 4 -1 -1 
1263 19 58 36 0.9179125428199768 4 -1 -1 
833 11 72 33 0.8997238874435425 4 -1 -1 
188 140 21 50 0.8506965637207031 1 -1 -1 
456 87 19 43 0.7120040655136108 1 -1 -1 
301 260 143 89 0.6775267124176025 5 -1 -1 
300 260 145 89 0.5800870656967163 4 -1 -1 
941 30 25 20 0.4188041687011719 7 -1 -1 
45 143 10 21 0.41615229845046997 1 -1 -1 
43 136 14 30 0.38796529173851013 1 -1 -1 
454 79 16 37 0.3148694336414337 1 -1 -1 
454 80 17 37 0.2974984645843506 2 -1 -1 
598 0 27 10 0.29685384035110474 4 -1 -1 
941 30 26 20 0.2830125391483307 8 -1 -1 
272 251 118 54 0.27876174449920654 4 -1 -1 
454 84 20 45 0.2639620900154114 2 -1 -1 
997 0 9 12 0.24479936063289642 1 -1 -1 
47 139 19 31 0.2417953461408615 1 -1 -1 
43 138 15 30 0.22393938899040222 3 -1 -1 
940 30 26 20 0.21527935564517975 10 -1 -1 
941 30 25 20 0.21426460146903992 3 -1 -1 
47 144 12 23 0.1942838579416275 1 -1 -1 
598 0 28 10 0.19191834330558777 5 -1 -1 
42 138 11 23 0.186663419008255 1 -1 -1 
221 432 184 115 0.18342289328575134 5 -1 -1 
451 82 15 39 0.18069010972976685 1 -1 -1 
44 141 20 32 0.1764470636844635 3 -1 -1 
833 10 68 34 0.17347098886966705 5 -1 -1 
460 88 12 33 0.16658397018909454 1 -1 -1 
945 29 33 21 0.16408804059028625 7 -1 -1 
943 30 19 17 0.16068607568740845 2 -1 -1 
45 144 11 22 0.15999531745910645 3 -1 -1 
20 133 15 36 0.15753932297229767 1 -1 -1 
1174 124 12 16 0.1565818190574646 2 -1 -1 
949 29 15 16 0.15031519532203674 2 -1 -1 
454 87 11 29 0.1502947062253952 1 -1 -1 
441 80 11 30 0.14794425666332245 1 -1 -1 
998 69 10 20 0.1391899436712265 1 -1 -1 
951 30 15 19 0.13839149475097656 2 -1 -1 
187 141 22 49 0.13223159313201904 4 -1 -1 
453 74 16 31 0.13180498778820038 1 -1 -1 
456 87 19 43 0.1315428465604782 10 -1 -1 
456 78 13 24 0.13132745027542114 2 -1 -1 
43 136 14 30 0.1274873912334442 2 -1 -1 
945 32 8 16 0.12245725095272064 2 -1 -1 
272 248 115 53 0.1159379631280899 9 -1 -1 
45 142 10 22 0.11477486044168472 2 -1 -1 
460 88 12 31 0.11462720483541489 2 -1 -1 
466 283 180 104 0.1135362908244133 9 -1 -1 
466 283 180 104 0.11339261382818222 5 -1 -1 
833 11 72 33 0.11310135573148727 1 -1 -1 
1263 20 58 35 0.11291477829217911 5 -1 -1 
1263 19 58 36 0.11247339844703674 1 -1 -1 
454 86 12 26 0.11237219721078873 2 -1 -1 
1174 124 12 16 0.11098477244377136 1 -1 -1 
895 14 14 30 0.10865824669599533 1 -1 -1 
43 137 14 29 0.10791876912117004 10 -1 -1 
1170 124 12 17 0.10755525529384613 2 -1 -1 
453 86 9 24 0.10671325773000717 1 -1 -1 
43 145 24 30 0.10628964751958847 1 -1 -1 
202 434 205 132 0.10460929572582245 6 -1 -1 
466 283 180 104 0.1040053591132164 1 -1 -1 
453 87 14 43 0.10262151807546616 2 -1 -1 
721 23 6 13 0.10243096202611923 1 -1 -1 
945 32 8 17 0.1013907790184021 1 -1 -1 
583 168 9 22 0.10087644308805466 1 -1 -1 
452 91 12 39 0.10086371749639511 1 -1 -1 
456 87 19 43 0.09894875437021255 3 -1 -1 
992 0 7 11 0.09888005256652832 1 -1 -1 
871 0 17 23 0.09732338786125183 1 -1 -1 
1000 0 6 17 0.09681906551122665 1 -1 -1 
49 143 14 25 0.09568201005458832 1 -1 -1 
940 16 49 34 0.09510985761880875 7 -1 -1 
951 30 15 19 0.09452884644269943 1 -1 -1 
1170 124 12 17 0.09359297901391983 1 -1 -1 
946 30 16 18 0.09316367655992508 7 -1 -1 
221 432 184 115 0.09210337698459625 4 -1 -1 
458 82 17 35 0.08996265381574631 1 -1 -1 
454 80 12 29 0.08991256356239319 1 -1 -1 
442 83 14 33 0.08985822647809982 1 -1 -1 
198 435 208 141 0.08937953412532806 9 -1 -1 
462 92 14 39 0.08916214853525162 1 -1 -1 
284 256 121 73 0.0890972837805748 4 -1 -1 
777 18 36 18 0.08841268718242645 4 -1 -1 
269 254 75 47 0.08808545768260956 4 -1 -1 
272 248 110 53 0.08790453523397446 5 -1 -1 
457 87 13 26 0.08678103238344193 2 -1 -1 
953 29 12 14 0.08591221272945404 2 -1 -1 
993 65 14 21 0.08403513580560684 1 -1 -1 
47 139 11 22 0.08385942876338959 1 -1 -1 
996 1 9 17 0.08267257362604141 1 -1 -1 
606 0 20 8 0.08169913291931152 4 -1 -1 
50 129 17 39 0.08111054450273514 1 -1 -1 
452 81 12 31 0.07989818602800369 2 -1 -1 
458 82 17 35 0.07975057512521744 2 -1 -1 
445 84 17 42 0.07961857318878174 1 -1 -1 
945 29 33 21 0.0794220045208931 8 -1 -1 
940 14 53 36 0.07918976247310638 3 -1 -1 
943 31 13 16 0.07869905978441238 1 -1 -1 
38 133 17 30 0.07858407497406006 1 -1 -1 
942 30 16 15 0.07836924493312836 3 -1 -1 
946 29 17 11 0.07803887873888016 2 -1 -1 
44 127 16 36 0.07684879004955292 1 -1 -1 
466 283 180 104 0.07679715007543564 6 -1 -1 
451 86 18 44 0.07627420127391815 3 -1 -1 
999 0 7 13 0.076236292719841 3 -1 -1 
42 146 29 30 0.07580354064702988 3 -1 -1 
944 29 18 16 0.07544473558664322 10 -1 -1 
596 0 29 19 0.07401788234710693 4 -1 -1 
945 31 11 16 0.0734461322426796 7 -1 -1 
1128 6 12 19 0.07262129336595535 1 -1 -1 
941 31 11 18 0.07207217812538147 3 -1 -1 
1171 123 15 17 0.07197882235050201 10 -1 -1 
944 29 14 13 0.07116836309432983 2 -1 -1 
985 65 13 21 0.0710592195391655 1 -1 -1 
899 0 8 16 0.07103022933006287 1 -1 -1 
43 141 18 31 0.070334292948246 10 -1 -1 
42 138 11 23 0.0701008215546608 2 -1 -1 
813 2 13 20 0.070098876953125 1 -1 -1 
812 4 8 18 0.0698682889342308 1 -1 -1 
942 24 30 24 0.06976284831762314 3 -1 -1 
949 32 18 18 0.06956004351377487 3 -1 -1 
999 0 7 12 0.06930004805326462 2 -1 -1 
598 0 28 10 0.06879453361034393 6 -1 -1 
965 13 49 37 0.06849370151758194 4 -1 -1 
598 0 27 9 0.06757421791553497 9 -1 -1 
992 40 8 28 0.06743320822715759 1 -1 -1 
1263 19 58 36 0.06724565476179123 10 -1 -1 
452 85 18 44 0.06577407568693161 10 -1 -1 
459 93 12 37 0.06565272063016891 1 -1 -1 
1263 19 58 36 0.0655660405755043 9 -1 -1 
1129 12 13 18 0.06546782702207565 1 -1 -1 
941 16 46 35 0.06513320654630661 8 -1 -1 
1263 19 58 36 0.06506689637899399 7 -1 -1 
818 3 9 17 0.0648738220334053 1 -1 -1 
565 1 29 23 0.06477406620979309 5 -1 -1 
465 283 182 103 0.06470708549022675 10 -1 -1 
44 139 19 31 0.0641474798321724 2 -1 -1 
948 21 35 29 0.06411886215209961 3 -1 -1 
40 141 18 31 0.0640292838215828 1 -1 -1 
1168 120 18 19 0.06399433314800262 2 -1 -1 
940 16 49 34 0.06374708563089371 9 -1 -1 
1263 19 58 36 0.06350284814834595 6 -1 -1 
942 30 10 16 0.06341012567281723 2 -1 -1 
955 32 14 18 0.06315495818853378 3 -1 -1 
565 1 29 23 0.06300930678844452 4 -1 -1 
543 6 16 11 0.06196507811546326 8 -1 -1 
188 140 21 49 0.06191348657011986 2 -1 -1 
942 30 25 20 0.06132804602384567 6 -1 -1 
945 31 19 17 0.06131834164261818 1 -1 -1 
1168 120 18 19 0.06093529984354973 1 -1 -1 
466 283 179 103 0.060791369527578354 7 -1 -1 
886 10 22 32 0.06071474775671959 4 -1 -1 
458 79 12 21 0.060708463191986084 1 -1 -1 
50 143 19 30 0.0603538379073143 1 -1 -1 
37 146 22 28 0.059921544045209885 3 -1 -1 
21 133 14 36 0.05960608646273613 3 -1 -1 
993 0 8 14 0.059499289840459824 1 -1 -1 
453 99 19 35 0.059093035757541656 1 -1 -1 
300 260 144 89 0.05899058282375336 6 -1 -1 
944 32 12 17 0.05896386504173279 3 -1 -1 
300 260 144 89 0.05880463868379593 9 -1 -1 
988 66 15 24 0.058664266020059586 1 -1 -1 
833 10 72 34 0.058645255863666534 9 -1 -1 
448 79 25 52 0.05864270403981209 9 -1 -1 
985 64 11 20 0.05770642310380936 2 -1 -1 
283 239 8 18 0.057230982929468155 1 -1 -1 
1173 122 14 17 0.056620899587869644 8 -1 -1 
833 10 68 34 0.05620770528912544 6 -1 -1 
936 30 19 22 0.0560665987432003 3 -1 -1 
519 294 25 33 0.05566532164812088 1 -1 -1 
943 31 13 16 0.0553460568189621 10 -1 -1 
454 79 11 23 0.05526775121688843 2 -1 -1 
988 0 16 11 0.05525606498122215 1 -1 -1 
1132 14 18 18 0.05514035373926163 1 -1 -1 
944 19 37 31 0.0547805055975914 6 -1 -1 
944 34 16 16 0.054578762501478195 1 -1 -1 
44 135 11 21 0.05456049367785454 1 -1 -1 
302 260 143 89 0.05443108081817627 10 -1 -1 
456 87 19 43 0.054295361042022705 4 -1 -1 
543 7 16 11 0.0542379729449749 10 -1 -1 
598 1 29 26 0.053551457822322845 4 -1 -1 
521 293 40 30 0.05318359658122063 1 -1 -1 
942 24 30 24 0.053155090659856796 10 -1 -1 
942 28 19 13 0.053063612431287766 3 -1 -1 
1130 8 18 20 0.052815280854701996 1 -1 -1 
543 6 16 11 0.05233575403690338 4 -1 -1 
452 101 22 33 0.05213546007871628 3 -1 -1 
543 18 16 13 0.05212893337011337 10 -1 -1 
543 6 16 11 0.0515955314040184 7 -1 -1 
996 1 9 17 0.051534317433834076 3 -1 -1 
1131 17 14 16 0.051268696784973145 1 -1 -1 
300 260 145 89 0.050930146127939224 1 -1 -1 
998 69 10 20 0.050806473940610886 2 -1 -1 
1134 18 19 15 0.050558581948280334 4 -1 -1 
24 131 15 34 0.05053100734949112 1 -1 -1 
39 152 25 24 0.05004199594259262 3 -1 -1 
