814 331 61 68 0.9886419177055359 5 -1 -1 
1108 397 43 31 0.9869454503059387 3 -1 -1 
264 319 97 80 0.9863755106925964 5 -1 -1 
908 207 40 55 0.9818291664123535 5 -1 -1 
167 253 110 42 0.9467652440071106 4 -1 -1 
472 365 55 69 0.9425649046897888 4 -1 -1 
424 556 103 151 0.9377097487449646 4 -1 -1 
534 448 24 50 0.9351188540458679 1 -1 -1 
942 566 149 106 0.931010365486145 4 -1 -1 
198 305 117 49 0.9301815629005432 4 -1 -1 
855 278 101 44 0.9260793328285217 4 -1 -1 
560 561 28 57 0.923509418964386 1 -1 -1 
534 558 22 56 0.9208248853683472 1 -1 -1 
451 456 76 111 0.9047521948814392 4 -1 -1 
269 448 42 37 0.869854211807251 10 -1 -1 
522 174 35 34 0.8667230010032654 4 -1 -1 
503 111 62 26 0.865488588809967 4 -1 -1 
583 247 12 30 0.857333242893219 3 -1 -1 
772 239 41 37 0.851749837398529 4 -1 -1 
518 250 51 42 0.8358299732208252 4 -1 -1 
214 431 49 33 0.8259215950965881 10 -1 -1 
1038 325 29 38 0.8137931823730469 7 -1 -1 
722 148 35 28 0.8111615777015686 4 -1 -1 
578 179 46 44 0.7962701916694641 4 -1 -1 
530 147 32 36 0.7933300733566284 5 -1 -1 
899 193 13 30 0.7877914309501648 1 -1 -1 
594 39 20 20 0.7799462080001831 4 -1 -1 
641 89 24 23 0.7586336731910706 4 -1 -1 
488 102 64 25 0.7528916001319885 4 -1 -1 
571 110 9 26 0.7472406625747681 1 -1 -1 
1119 425 63 35 0.7365542650222778 10 -1 -1 
583 110 8 25 0.7357298731803894 1 -1 -1 
509 133 61 30 0.7267791032791138 4 -1 -1 
636 57 21 19 0.7224807143211365 4 -1 -1 
586 13 16 16 0.7117078900337219 4 -1 -1 
702 96 26 24 0.6964285373687744 4 -1 -1 
744 186 36 31 0.6949805021286011 4 -1 -1 
181 423 49 34 0.6900995969772339 10 -1 -1 
751 165 41 28 0.6890681385993958 4 -1 -1 
627 21 16 17 0.6814509630203247 4 -1 -1 
662 14 32 12 0.6750129461288452 4 -1 -1 
558 40 17 23 0.6749871969223022 5 -1 -1 
281 625 34 60 0.6747967004776001 10 -1 -1 
798 408 22 37 0.6741548180580139 10 -1 -1 
695 159 11 19 0.6687663197517395 2 -1 -1 
569 110 9 26 0.6681081056594849 1 -1 -1 
673 28 16 15 0.6574918031692505 4 -1 -1 
392 704 29 61 0.6391636729240417 10 -1 -1 
469 78 49 20 0.6303744316101074 4 -1 -1 
670 40 6 16 0.6281172037124634 1 -1 -1 
582 234 13 32 0.6064299941062927 2 -1 -1 
544 91 28 25 0.6043995022773743 4 -1 -1 
789 163 62 32 0.6026259660720825 5 -1 -1 
1124 521 20 43 0.6019840836524963 1 -1 -1 
731 112 29 29 0.5980136394500732 4 -1 -1 
564 30 16 14 0.5877757668495178 4 -1 -1 
921 494 41 64 0.5777912735939026 8 -1 -1 
799 400 22 34 0.565887451171875 2 -1 -1 
711 158 9 23 0.5642033219337463 1 -1 -1 
690 65 23 20 0.5577854514122009 4 -1 -1 
1080 315 14 36 0.5469357371330261 3 -1 -1 
757 200 50 37 0.5464988350868225 5 -1 -1 
623 9 17 15 0.5405775904655457 4 -1 -1 
797 143 11 25 0.5359514355659485 1 -1 -1 
574 110 9 26 0.527388334274292 1 -1 -1 
1191 459 38 37 0.521670401096344 10 -1 -1 
1294 571 28 29 0.5180937647819519 2 -1 -1 
691 58 53 19 0.5098270773887634 4 -1 -1 
460 78 7 20 0.5094416737556458 1 -1 -1 
623 0 19 19 0.5070966482162476 6 -1 -1 
694 166 11 21 0.5057131052017212 10 -1 -1 
646 14 6 14 0.5054388046264648 1 -1 -1 
812 257 18 32 0.49648672342300415 2 -1 -1 
809 270 22 28 0.4943249821662903 3 -1 -1 
13 693 41 52 0.49425286054611206 2 -1 -1 
692 34 17 14 0.48981472849845886 4 -1 -1 
758 200 50 37 0.47629809379577637 4 -1 -1 
456 66 21 16 0.47629404067993164 10 -1 -1 
789 163 36 32 0.45861873030662537 5 -1 -1 
958 205 12 35 0.45548614859580994 1 -1 -1 
459 85 8 16 0.455185204744339 3 -1 -1 
608 12 7 12 0.44840705394744873 2 -1 -1 
546 52 22 18 0.44397205114364624 4 -1 -1 
1038 325 29 38 0.4355246126651764 10 -1 -1 
1120 426 61 33 0.4322386682033539 7 -1 -1 
808 269 22 28 0.4254217743873596 10 -1 -1 
562 36 17 19 0.4165021777153015 4 -1 -1 
10 693 81 48 0.411813348531723 10 -1 -1 
320 230 63 57 0.4106302559375763 4 -1 -1 
460 78 7 19 0.40786880254745483 2 -1 -1 
651 30 7 17 0.3985891342163086 1 -1 -1 
684 54 7 20 0.39223000407218933 1 -1 -1 
809 257 22 37 0.3868224322795868 10 -1 -1 
971 251 26 20 0.3863401710987091 3 -1 -1 
282 625 29 48 0.3861639201641083 2 -1 -1 
809 185 46 28 0.3843844532966614 4 -1 -1 
624 0 18 18 0.3761461079120636 4 -1 -1 
726 76 6 15 0.3726000487804413 1 -1 -1 
711 158 9 23 0.3688841164112091 2 -1 -1 
624 14 16 13 0.3663189709186554 4 -1 -1 
789 163 62 32 0.3647598922252655 4 -1 -1 
530 147 32 36 0.36028042435646057 4 -1 -1 
694 167 12 20 0.35739925503730774 3 -1 -1 
456 67 21 15 0.35258084535598755 7 -1 -1 
182 423 49 34 0.34767472743988037 7 -1 -1 
924 494 37 65 0.3465714752674103 7 -1 -1 
806 213 13 24 0.3463246822357178 1 -1 -1 
607 14 10 12 0.34564706683158875 10 -1 -1 
607 12 7 13 0.3455502390861511 1 -1 -1 
647 14 7 15 0.34396687150001526 1 -1 -1 
13 693 45 43 0.3425252139568329 1 -1 -1 
607 14 10 12 0.34182700514793396 7 -1 -1 
561 38 17 19 0.3386094272136688 5 -1 -1 
651 29 7 14 0.32443761825561523 2 -1 -1 
694 164 12 21 0.32406967878341675 2 -1 -1 
686 23 15 14 0.32175758481025696 4 -1 -1 
964 513 51 47 0.3216540515422821 3 -1 -1 
566 111 8 24 0.32151174545288086 1 -1 -1 
322 221 88 64 0.32135194540023804 4 -1 -1 
457 66 20 16 0.31870466470718384 8 -1 -1 
1074 315 18 33 0.3158312737941742 3 -1 -1 
622 2 19 21 0.312582790851593 4 -1 -1 
650 14 6 14 0.3082179129123688 1 -1 -1 
392 704 27 38 0.3053721785545349 10 -1 -1 
609 12 7 13 0.2995882034301758 1 -1 -1 
269 448 43 37 0.297899454832077 4 -1 -1 
320 230 67 56 0.29756978154182434 5 -1 -1 
559 38 17 23 0.2975148856639862 4 -1 -1 
806 213 14 25 0.2963016927242279 3 -1 -1 
1038 325 29 37 0.292093425989151 3 -1 -1 
651 34 7 14 0.2904844880104065 10 -1 -1 
959 221 12 23 0.2868071496486664 3 -1 -1 
11 693 66 60 0.27635839581489563 2 -1 -1 
321 220 105 65 0.2693682312965393 5 -1 -1 
800 399 21 36 0.2665567100048065 10 -1 -1 
943 258 28 31 0.24939149618148804 3 -1 -1 
814 331 61 68 0.2446812242269516 8 -1 -1 
809 265 24 32 0.24435102939605713 2 -1 -1 
814 331 61 68 0.2402527630329132 10 -1 -1 
814 331 61 68 0.23770356178283691 4 -1 -1 
731 111 29 29 0.23711229860782623 5 -1 -1 
1294 571 28 29 0.2303217649459839 1 -1 -1 
264 319 97 80 0.22179971635341644 4 -1 -1 
469 77 49 21 0.2204013168811798 5 -1 -1 
264 319 97 80 0.2142835557460785 8 -1 -1 
810 257 22 36 0.21207916736602783 1 -1 -1 
11 693 65 56 0.204678475856781 1 -1 -1 
687 61 33 24 0.198948934674263 4 -1 -1 
815 331 60 68 0.19853483140468597 6 -1 -1 
323 209 117 70 0.19286581873893738 4 -1 -1 
908 207 41 55 0.1895722895860672 4 -1 -1 
1075 305 21 41 0.18722286820411682 3 -1 -1 
908 206 40 56 0.18429052829742432 9 -1 -1 
10 693 81 48 0.17712366580963135 8 -1 -1 
264 319 97 80 0.17599324882030487 10 -1 -1 
908 207 41 55 0.17491038143634796 8 -1 -1 
944 253 40 36 0.17140722274780273 3 -1 -1 
328 236 98 54 0.1663268655538559 4 -1 -1 
4 716 88 47 0.16524027287960052 10 -1 -1 
800 399 21 34 0.16495655477046967 1 -1 -1 
1119 422 65 38 0.16372564435005188 3 -1 -1 
814 331 61 68 0.16202302277088165 7 -1 -1 
320 230 67 56 0.15977582335472107 6 -1 -1 
722 148 35 28 0.1556216925382614 5 -1 -1 
264 319 97 80 0.15260575711727142 2 -1 -1 
470 66 53 21 0.1522180140018463 4 -1 -1 
468 69 49 25 0.15176059305667877 4 -1 -1 
265 320 96 79 0.14947476983070374 6 -1 -1 
908 207 40 55 0.1469271332025528 10 -1 -1 
808 266 25 31 0.14341139793395996 7 -1 -1 
264 319 97 80 0.1419636458158493 7 -1 -1 
633 54 30 25 0.1418083906173706 4 -1 -1 
10 693 81 48 0.14149613678455353 7 -1 -1 
321 220 105 65 0.14056947827339172 6 -1 -1 
702 96 28 25 0.1399739384651184 5 -1 -1 
808 267 25 30 0.13892215490341187 1 -1 -1 
423 556 104 151 0.13844378292560577 5 -1 -1 
1102 541 154 186 0.13634058833122253 6 -1 -1 
815 331 60 68 0.13161452114582062 9 -1 -1 
814 331 61 68 0.12918424606323242 2 -1 -1 
469 77 48 21 0.1281445175409317 6 -1 -1 
798 408 22 37 0.12787458300590515 2 -1 -1 
962 250 34 36 0.1271643340587616 3 -1 -1 
477 64 46 17 0.1265537589788437 4 -1 -1 
10 692 44 64 0.12653955817222595 1 -1 -1 
809 177 68 40 0.12640203535556793 4 -1 -1 
692 58 51 19 0.12561219930648804 5 -1 -1 
973 248 31 29 0.12486514449119568 3 -1 -1 
947 248 43 29 0.12465059012174606 3 -1 -1 
798 409 22 36 0.12451840937137604 3 -1 -1 
908 207 41 55 0.12306088954210281 6 -1 -1 
320 204 67 79 0.1225084736943245 4 -1 -1 
11 693 46 61 0.12104535847902298 10 -1 -1 
167 253 110 42 0.119706891477108 1 -1 -1 
10 693 81 48 0.11802063137292862 3 -1 -1 
555 36 23 31 0.11690967530012131 5 -1 -1 
898 191 20 36 0.11640127748250961 1 -1 -1 
323 199 105 74 0.11577264219522476 5 -1 -1 
938 253 28 28 0.11396490037441254 3 -1 -1 
551 38 24 32 0.11095261573791504 4 -1 -1 
814 261 21 35 0.1109209880232811 10 -1 -1 
855 278 100 45 0.10964979231357574 1 -1 -1 
336 252 91 43 0.10893771052360535 4 -1 -1 
731 111 29 29 0.10868889093399048 8 -1 -1 
957 206 16 39 0.10840839892625809 3 -1 -1 
321 195 85 85 0.10768874734640121 6 -1 -1 
558 29 24 31 0.1060674786567688 4 -1 -1 
1117 518 35 69 0.104330874979496 1 -1 -1 
908 207 40 55 0.10423529148101807 7 -1 -1 
807 171 71 43 0.1041567400097847 5 -1 -1 
942 566 148 106 0.10337571054697037 5 -1 -1 
942 566 148 106 0.10318376123905182 9 -1 -1 
167 253 110 41 0.10312756150960922 9 -1 -1 
198 305 117 49 0.10307352244853973 1 -1 -1 
640 89 27 25 0.10305964201688766 5 -1 -1 
471 365 56 68 0.10248071700334549 1 -1 -1 
814 261 21 35 0.10233208537101746 3 -1 -1 
471 365 56 68 0.1020875945687294 5 -1 -1 
957 205 16 38 0.1010267585515976 2 -1 -1 
942 250 31 29 0.10004632920026779 3 -1 -1 
323 209 117 70 0.0999399945139885 9 -1 -1 
814 331 61 68 0.09983756393194199 1 -1 -1 
557 30 24 32 0.09972481429576874 5 -1 -1 
543 44 30 28 0.09956333041191101 4 -1 -1 
423 556 104 151 0.0990876853466034 1 -1 -1 
264 319 97 80 0.09889479726552963 9 -1 -1 
794 164 79 37 0.09742853045463562 5 -1 -1 
854 278 101 44 0.09640755504369736 5 -1 -1 
3 733 90 30 0.09562107175588608 4 -1 -1 
10 693 81 48 0.09501291066408157 4 -1 -1 
555 35 24 31 0.09500690549612045 4 -1 -1 
908 207 40 55 0.09480956196784973 2 -1 -1 
462 63 46 18 0.09424978494644165 4 -1 -1 
809 257 22 37 0.09356020390987396 8 -1 -1 
794 164 79 37 0.0934719368815422 4 -1 -1 
424 556 103 151 0.09343186765909195 9 -1 -1 
942 566 148 106 0.09262263029813766 1 -1 -1 
554 38 23 30 0.09238974004983902 6 -1 -1 
1106 393 61 42 0.09064935147762299 3 -1 -1 
472 365 55 69 0.0896264836192131 9 -1 -1 
167 253 110 42 0.08846864104270935 5 -1 -1 
316 218 148 78 0.06307190656661987 4 -1 -1 
1098 538 136 136 0.06010846793651581 6 -1 -1 
316 218 148 78 0.05827812850475311 9 -1 -1 
326 205 135 83 0.057558245956897736 5 -1 -1 
326 205 135 83 0.05497991293668747 6 -1 -1 
1115 540 145 135 0.051134686917066574 9 -1 -1 
