954 612 75 48 0.99207603931427 3 -1 -1 
661 151 52 71 0.971643328666687 5 -1 -1 
402 337 71 60 0.9675137996673584 7 -1 -1 
804 271 74 69 0.9453676342964172 4 -1 -1 
591 188 52 67 0.9381211400032043 4 -1 -1 
840 340 84 82 0.9314771890640259 4 -1 -1 
269 159 40 27 0.9272323250770569 3 -1 -1 
776 202 71 53 0.9175859093666077 4 -1 -1 
865 177 88 45 0.9162679314613342 4 -1 -1 
884 429 97 111 0.8983888626098633 4 -1 -1 
696 39 34 31 0.8752073049545288 4 -1 -1 
459 216 55 73 0.8688862919807434 4 -1 -1 
605 646 105 118 0.8636606335639954 4 -1 -1 
477 114 41 46 0.8512402772903442 4 -1 -1 
478 164 54 62 0.8397595286369324 4 -1 -1 
727 85 60 44 0.8356612920761108 4 -1 -1 
1195 593 33 64 0.8196443915367126 1 -1 -1 
840 147 14 36 0.798130452632904 1 -1 -1 
757 159 51 47 0.795430064201355 4 -1 -1 
896 580 28 63 0.7936627864837646 3 -1 -1 
233 201 37 30 0.792176365852356 10 -1 -1 
842 76 45 21 0.7848013043403625 7 -1 -1 
878 203 17 43 0.7847648859024048 1 -1 -1 
566 155 16 41 0.7839998602867126 1 -1 -1 
740 659 115 104 0.7837119102478027 4 -1 -1 
483 76 40 43 0.766349196434021 4 -1 -1 
995 432 67 41 0.7645033597946167 10 -1 -1 
753 234 21 42 0.7512353658676147 10 -1 -1 
482 31 61 33 0.7464416027069092 4 -1 -1 
1220 590 38 61 0.7368181347846985 1 -1 -1 
688 6 60 27 0.7288007736206055 4 -1 -1 
494 49 36 39 0.720123291015625 4 -1 -1 
897 573 29 48 0.7182778716087341 2 -1 -1 
857 184 12 37 0.7123355865478516 1 -1 -1 
845 194 18 41 0.7076106071472168 1 -1 -1 
856 570 27 42 0.7066519856452942 2 -1 -1 
204 427 63 47 0.695421040058136 10 -1 -1 
950 358 25 36 0.6897099614143372 10 -1 -1 
1099 480 28 57 0.6863581538200378 2 -1 -1 
879 137 15 34 0.6836070418357849 1 -1 -1 
534 276 18 38 0.6833687424659729 2 -1 -1 
538 198 21 46 0.6684463024139404 10 -1 -1 
854 574 29 59 0.6506730914115906 10 -1 -1 
1175 435 45 38 0.6494835615158081 10 -1 -1 
679 98 12 24 0.6366130113601685 2 -1 -1 
1099 502 24 46 0.6342378258705139 10 -1 -1 
899 133 13 32 0.5985953211784363 1 -1 -1 
281 149 18 34 0.5850902199745178 2 -1 -1 
820 115 14 35 0.5785355567932129 1 -1 -1 
299 104 31 25 0.5768799781799316 10 -1 -1 
504 0 33 35 0.5724635124206543 4 -1 -1 
985 586 32 66 0.5638633370399475 2 -1 -1 
534 290 17 35 0.5348243713378906 3 -1 -1 
933 372 15 30 0.5317085385322571 10 -1 -1 
848 171 17 38 0.524829626083374 1 -1 -1 
951 165 31 26 0.520319938659668 10 -1 -1 
1051 187 52 59 0.5043251514434814 8 -1 -1 
679 106 12 24 0.48825526237487793 10 -1 -1 
273 153 30 32 0.48028555512428284 2 -1 -1 
840 73 33 23 0.4359091520309448 7 -1 -1 
1024 201 36 26 0.4357766807079315 3 -1 -1 
971 167 12 24 0.4299280047416687 1 -1 -1 
974 591 51 65 0.41458338499069214 2 -1 -1 
353 24 49 21 0.410738080739975 6 -1 -1 
846 65 10 13 0.40836644172668457 2 -1 -1 
754 233 20 38 0.4083643853664398 2 -1 -1 
1023 201 36 25 0.3953368365764618 10 -1 -1 
402 337 71 60 0.39440107345581055 3 -1 -1 
796 41 19 16 0.3931111991405487 10 -1 -1 
334 604 18 38 0.39291197061538696 1 -1 -1 
534 276 19 38 0.3879620134830475 1 -1 -1 
954 612 75 48 0.38447514176368713 9 -1 -1 
365 40 13 17 0.37883004546165466 2 -1 -1 
269 159 39 27 0.37476927042007446 1 -1 -1 
911 154 30 21 0.3698931336402893 10 -1 -1 
848 189 17 40 0.36494073271751404 1 -1 -1 
845 67 10 18 0.36252474784851074 1 -1 -1 
896 580 28 63 0.36052361130714417 10 -1 -1 
280 149 20 35 0.3604608476161957 1 -1 -1 
845 194 18 40 0.3600597679615021 2 -1 -1 
463 36 12 30 0.3574334979057312 1 -1 -1 
1013 185 38 25 0.3557906150817871 10 -1 -1 
511 0 32 27 0.35290810465812683 4 -1 -1 
302 77 22 25 0.34760159254074097 2 -1 -1 
954 612 75 48 0.3468431830406189 7 -1 -1 
540 197 19 36 0.3465137481689453 2 -1 -1 
301 110 28 18 0.33754611015319824 3 -1 -1 
1089 217 55 77 0.3323211073875427 8 -1 -1 
505 0 35 35 0.33114945888519287 5 -1 -1 
951 161 24 26 0.33058488368988037 10 -1 -1 
850 170 15 31 0.3285200595855713 2 -1 -1 
954 612 75 48 0.32766637206077576 4 -1 -1 
819 26 29 24 0.3245463967323303 10 -1 -1 
1136 210 13 28 0.322915643453598 1 -1 -1 
1175 435 46 38 0.32264411449432373 3 -1 -1 
974 591 51 65 0.3182894289493561 3 -1 -1 
314 133 17 34 0.31630194187164307 1 -1 -1 
352 39 25 18 0.3153965473175049 7 -1 -1 
942 429 44 27 0.3141157329082489 3 -1 -1 
949 359 25 35 0.31192123889923096 7 -1 -1 
854 178 14 31 0.3101353645324707 1 -1 -1 
402 337 71 60 0.30675840377807617 6 -1 -1 
1022 192 36 28 0.30238595604896545 10 -1 -1 
328 50 14 27 0.29847463965415955 1 -1 -1 
457 15 11 27 0.2960435450077057 1 -1 -1 
845 67 10 17 0.2957060933113098 2 -1 -1 
476 34 12 29 0.2946849465370178 1 -1 -1 
846 179 16 32 0.2925609052181244 1 -1 -1 
402 337 71 60 0.29086756706237793 8 -1 -1 
897 133 14 31 0.2896232604980469 2 -1 -1 
328 50 14 27 0.2890450954437256 2 -1 -1 
984 586 32 61 0.28851962089538574 1 -1 -1 
302 76 21 26 0.2878136932849884 10 -1 -1 
850 175 18 44 0.28697025775909424 1 -1 -1 
359 39 20 17 0.2858160138130188 2 -1 -1 
958 608 70 52 0.28349876403808594 2 -1 -1 
1089 218 55 77 0.2821379601955414 7 -1 -1 
355 23 46 23 0.28201672434806824 8 -1 -1 
477 26 14 23 0.2810230851173401 2 -1 -1 
348 33 15 24 0.27918270230293274 2 -1 -1 
1099 480 28 56 0.27866604924201965 1 -1 -1 
1050 188 51 59 0.27524533867836 7 -1 -1 
933 372 15 30 0.27414122223854065 3 -1 -1 
476 29 14 28 0.2736458480358124 10 -1 -1 
353 24 48 21 0.27338075637817383 4 -1 -1 
311 132 22 34 0.2728767395019531 10 -1 -1 
964 166 18 25 0.2714121341705322 10 -1 -1 
351 38 26 19 0.2687755823135376 10 -1 -1 
366 40 12 18 0.26799777150154114 1 -1 -1 
1099 502 24 47 0.2679744362831116 3 -1 -1 
495 22 20 20 0.2672947943210602 10 -1 -1 
460 217 54 72 0.2665606141090393 5 -1 -1 
344 32 16 25 0.2653825879096985 1 -1 -1 
957 161 28 23 0.26533734798431396 10 -1 -1 
950 172 26 21 0.26485615968704224 10 -1 -1 
958 359 16 30 0.2636375427246094 10 -1 -1 
851 170 14 28 0.2630576193332672 1 -1 -1 
845 199 16 35 0.2618602514266968 10 -1 -1 
798 39 13 16 0.26013919711112976 10 -1 -1 
483 31 59 33 0.25964781641960144 5 -1 -1 
898 573 28 47 0.258688747882843 1 -1 -1 
201 433 67 45 0.25852683186531067 3 -1 -1 
951 165 32 25 0.258144736289978 3 -1 -1 
484 77 39 42 0.25603801012039185 5 -1 -1 
1019 186 43 27 0.2555614113807678 10 -1 -1 
845 190 14 32 0.25437286496162415 2 -1 -1 
402 337 71 60 0.2538841962814331 4 -1 -1 
938 375 12 29 0.2534250319004059 10 -1 -1 
303 101 25 21 0.25259432196617126 10 -1 -1 
823 11 15 29 0.2517821490764618 10 -1 -1 
679 98 12 24 0.24879677593708038 1 -1 -1 
298 113 30 24 0.24462579190731049 3 -1 -1 
818 16 26 31 0.2379494160413742 10 -1 -1 
1027 187 74 50 0.23527485132217407 8 -1 -1 
876 95 27 27 0.23148009181022644 7 -1 -1 
300 112 30 24 0.22446845471858978 10 -1 -1 
1061 200 121 104 0.2217901647090912 7 -1 -1 
661 151 52 71 0.22161120176315308 8 -1 -1 
842 76 44 21 0.2208501100540161 8 -1 -1 
882 135 19 34 0.21278734505176544 1 -1 -1 
886 134 22 34 0.2029668539762497 1 -1 -1 
402 337 71 60 0.19728805124759674 10 -1 -1 
877 93 41 28 0.19643667340278625 7 -1 -1 
661 151 52 71 0.19464679062366486 9 -1 -1 
402 338 71 59 0.1922401636838913 9 -1 -1 
402 337 71 60 0.19161410629749298 2 -1 -1 
818 25 29 25 0.19113200902938843 3 -1 -1 
852 187 17 38 0.18935637176036835 2 -1 -1 
203 428 65 46 0.18586328625679016 1 -1 -1 
677 97 15 36 0.18211784958839417 10 -1 -1 
819 13 26 33 0.18142102658748627 3 -1 -1 
292 100 27 27 0.18016786873340607 10 -1 -1 
311 133 20 34 0.17786674201488495 2 -1 -1 
954 612 75 48 0.17075887322425842 8 -1 -1 
310 136 21 40 0.16856898367404938 1 -1 -1 
1066 228 70 75 0.16825039684772491 7 -1 -1 
1052 195 60 69 0.16662994027137756 8 -1 -1 
534 282 19 40 0.16588366031646729 10 -1 -1 
1055 193 127 110 0.16348867118358612 8 -1 -1 
661 151 52 71 0.162050262093544 4 -1 -1 
304 117 26 28 0.16194187104701996 3 -1 -1 
205 427 62 46 0.15866480767726898 2 -1 -1 
1027 187 74 50 0.15824230015277863 7 -1 -1 
292 119 33 23 0.15659336745738983 3 -1 -1 
955 611 72 50 0.15642018616199493 1 -1 -1 
995 431 66 41 0.15517884492874146 4 -1 -1 
897 129 22 35 0.15477557480335236 1 -1 -1 
740 658 115 104 0.15112736821174622 5 -1 -1 
911 154 31 25 0.15089166164398193 3 -1 -1 
478 165 55 61 0.14793846011161804 5 -1 -1 
1013 173 60 39 0.14555533230304718 10 -1 -1 
974 591 51 65 0.14548839628696442 1 -1 -1 
1090 233 73 67 0.14376859366893768 7 -1 -1 
865 176 89 47 0.1402347981929779 5 -1 -1 
605 647 106 116 0.13888978958129883 5 -1 -1 
330 42 85 36 0.13359703123569489 6 -1 -1 
202 443 68 44 0.13348627090454102 10 -1 -1 
200 444 71 45 0.1319454312324524 3 -1 -1 
1021 181 71 44 0.13161712884902954 7 -1 -1 
1061 195 72 82 0.13002902269363403 8 -1 -1 
311 132 21 34 0.12952598929405212 3 -1 -1 
661 151 52 71 0.12912429869174957 10 -1 -1 
299 118 29 25 0.1286122351884842 10 -1 -1 
1051 187 52 60 0.12860523164272308 5 -1 -1 
533 276 19 39 0.12845097482204437 3 -1 -1 
877 92 40 28 0.1262618452310562 8 -1 -1 
1017 176 62 39 0.12555889785289764 7 -1 -1 
1020 183 65 43 0.12533588707447052 10 -1 -1 
804 271 74 68 0.1243143081665039 5 -1 -1 
1052 195 60 69 0.12300913780927658 7 -1 -1 
309 125 21 34 0.12076528370380402 10 -1 -1 
308 133 19 35 0.11975378543138504 1 -1 -1 
954 612 75 48 0.11966272443532944 10 -1 -1 
309 119 21 35 0.11798045039176941 3 -1 -1 
561 154 17 40 0.1176828145980835 1 -1 -1 
313 135 27 35 0.11747193336486816 10 -1 -1 
661 150 52 73 0.11729937791824341 2 -1 -1 
843 76 45 21 0.11642692238092422 4 -1 -1 
565 155 17 41 0.11639270186424255 2 -1 -1 
1086 195 134 106 0.11602240055799484 7 -1 -1 
843 64 36 28 0.11526082456111908 7 -1 -1 
591 188 51 67 0.1139020249247551 1 -1 -1 
591 188 51 67 0.11146518588066101 5 -1 -1 
1079 196 119 103 0.11093316227197647 6 -1 -1 
605 646 105 118 0.11037259548902512 1 -1 -1 
736 658 121 106 0.11022862046957016 1 -1 -1 
327 49 88 33 0.10895183682441711 8 -1 -1 
884 430 97 110 0.09320957213640213 5 -1 -1 
1097 209 129 106 0.09301190078258514 6 -1 -1 
1086 195 134 106 0.0873328447341919 8 -1 -1 
884 429 97 112 0.08698766678571701 1 -1 -1 
1045 186 108 114 0.07894209772348404 7 -1 -1 
885 429 95 111 0.07296978682279587 10 -1 -1 
884 429 97 112 0.06348790228366852 9 -1 -1 
1048 187 117 113 0.06015712395310402 6 -1 -1 
885 429 95 111 0.051205769181251526 7 -1 -1 
885 430 95 110 0.05014762282371521 6 -1 -1 
