954 535 81 193 0.9242127537727356 1 -1 -1 
352 427 86 165 0.9221801161766052 1 -1 -1 
265 145 31 80 0.9075378179550171 1 -1 -1 
937 197 47 101 0.8890552520751953 1 -1 -1 
737 45 21 67 0.8761621117591858 1 -1 -1 
867 115 21 63 0.8706496953964233 1 -1 -1 
52 347 51 115 0.8520264029502869 1 -1 -1 
576 33 21 68 0.8385546207427979 1 -1 -1 
164 42 47 69 0.8350215554237366 1 -1 -1 
1225 590 83 176 0.8214213848114014 1 -1 -1 
80 345 63 110 0.7546493411064148 1 -1 -1 
285 3 24 50 0.7533720135688782 1 -1 -1 
495 4 18 47 0.7475525140762329 1 -1 -1 
879 42 25 65 0.723602831363678 1 -1 -1 
772 56 23 55 0.7231775522232056 1 -1 -1 
1076 38 23 58 0.718359649181366 1 -1 -1 
10 170 93 72 0.7165460586547852 10 -1 -1 
476 444 65 178 0.7021162509918213 1 -1 -1 
1019 536 62 180 0.7016401290893555 1 -1 -1 
778 2 21 50 0.6984863877296448 1 -1 -1 
116 67 25 69 0.6959939002990723 1 -1 -1 
160 2 21 48 0.6634920239448547 1 -1 -1 
1010 635 45 112 0.6570250391960144 1 -1 -1 
445 14 17 34 0.6502019166946411 2 -1 -1 
23 152 56 88 0.646041750907898 2 -1 -1 
530 10 16 31 0.6452898383140564 2 -1 -1 
478 -2 18 41 0.6416981220245361 1 -1 -1 
792 48 26 67 0.6277879476547241 1 -1 -1 
544 12 19 30 0.5990866422653198 2 -1 -1 
483 402 68 177 0.5474722385406494 1 -1 -1 
1215 57 27 48 0.5451509356498718 2 -1 -1 
243 0 17 36 0.54257732629776 1 -1 -1 
1174 696 60 70 0.5402554273605347 1 -1 -1 
225 7 17 29 0.5351385474205017 2 -1 -1 
709 10 24 20 0.5185969471931458 10 -1 -1 
9 166 50 74 0.511123538017273 2 -1 -1 
1215 57 27 48 0.5013341903686523 1 -1 -1 
561 7 16 30 0.48470884561538696 2 -1 -1 
0 15 16 46 0.47894784808158875 1 -1 -1 
549 10 18 30 0.46866387128829956 2 -1 -1 
86 1 19 40 0.46632155776023865 1 -1 -1 
63 332 58 130 0.4643142819404602 1 -1 -1 
173 43 27 50 0.45570626854896545 1 -1 -1 
351 0 14 27 0.44421347975730896 2 -1 -1 
270 0 17 36 0.4358384907245636 1 -1 -1 
8 168 33 61 0.4331420361995697 2 -1 -1 
123 17 19 45 0.42866307497024536 1 -1 -1 
69 6 19 40 0.4153478741645813 2 -1 -1 
29 20 17 24 0.4132140874862671 2 -1 -1 
677 12 10 22 0.4104764461517334 2 -1 -1 
559 10 14 30 0.39518657326698303 2 -1 -1 
144 43 43 67 0.39156973361968994 1 -1 -1 
70 6 18 39 0.38866758346557617 1 -1 -1 
1089 -1 15 27 0.38469505310058594 1 -1 -1 
691 7 15 24 0.38065844774246216 10 -1 -1 
13 166 87 76 0.37963470816612244 2 -1 -1 
120 47 48 64 0.37941184639930725 1 -1 -1 
128 6 17 32 0.3738369047641754 2 -1 -1 
160 42 23 49 0.37291219830513 1 -1 -1 
567 8 16 28 0.3683360815048218 2 -1 -1 
445 14 17 34 0.3496306240558624 1 -1 -1 
715 5 19 24 0.34568455815315247 10 -1 -1 
128 7 17 33 0.33766552805900574 1 -1 -1 
677 12 10 22 0.33489280939102173 1 -1 -1 
386 -1 17 37 0.3341718018054962 1 -1 -1 
4 12 20 38 0.3300078213214874 2 -1 -1 
0 13 18 45 0.32481369376182556 2 -1 -1 
160 1 21 49 0.32326510548591614 2 -1 -1 
102 -2 21 40 0.32238754630088806 1 -1 -1 
129 45 25 60 0.32175374031066895 1 -1 -1 
695 9 13 24 0.3216826915740967 10 -1 -1 
140 19 22 51 0.3211674094200134 1 -1 -1 
671 9 14 23 0.32002711296081543 2 -1 -1 
573 7 15 30 0.31336843967437744 2 -1 -1 
475 440 70 182 0.31224721670150757 10 -1 -1 
530 10 15 31 0.3108827471733093 1 -1 -1 
785 25 21 41 0.3107433319091797 1 -1 -1 
0 67 12 31 0.3090173006057739 1 -1 -1 
792 9 237 80 0.3058280944824219 6 -1 -1 
555 7 17 28 0.3031267523765564 2 -1 -1 
1024 540 58 159 0.30113106966018677 2 -1 -1 
749 46 11 63 0.2998783588409424 1 -1 -1 
88 -1 18 41 0.29173266887664795 2 -1 -1 
11 11 18 36 0.2917162775993347 2 -1 -1 
691 10 10 21 0.2911827564239502 10 -1 -1 
133 49 45 63 0.28719455003738403 1 -1 -1 
317 13 69 28 0.28241121768951416 7 -1 -1 
108 1 16 37 0.28125736117362976 2 -1 -1 
187 2 16 33 0.2804468870162964 2 -1 -1 
1019 548 56 169 0.2716122567653656 3 -1 -1 
785 25 21 41 0.2714538872241974 2 -1 -1 
22 152 61 89 0.2711494565010071 1 -1 -1 
1 13 21 40 0.27044108510017395 1 -1 -1 
122 45 26 59 0.26877567172050476 1 -1 -1 
161 42 19 43 0.2673233151435852 2 -1 -1 
782 9 22 51 0.26608726382255554 1 -1 -1 
671 9 14 23 0.26454809308052063 1 -1 -1 
1090 0 14 23 0.26448166370391846 2 -1 -1 
146 15 19 38 0.26382356882095337 1 -1 -1 
153 8 18 42 0.26294466853141785 1 -1 -1 
350 0 15 28 0.26275578141212463 1 -1 -1 
140 66 29 47 0.26225680112838745 1 -1 -1 
8 11 18 36 0.26150262355804443 1 -1 -1 
281 0 15 37 0.2609677016735077 1 -1 -1 
792 49 24 62 0.2605307400226593 2 -1 -1 
392 0 16 37 0.2593841552734375 1 -1 -1 
225 7 17 29 0.2590702176094055 1 -1 -1 
109 2 16 37 0.2582905888557434 1 -1 -1 
116 48 38 72 0.257453590631485 1 -1 -1 
143 25 24 54 0.2567583918571472 1 -1 -1 
477 -2 19 41 0.25476202368736267 2 -1 -1 
146 16 18 36 0.2540038526058197 2 -1 -1 
672 2 17 29 0.2512989938259125 8 -1 -1 
554 12 15 30 0.2512424886226654 2 -1 -1 
721 1 14 27 0.25101131200790405 10 -1 -1 
562 7 13 29 0.2508581578731537 1 -1 -1 
131 5 102 42 0.2501835525035858 7 -1 -1 
116 59 22 58 0.24986900389194489 1 -1 -1 
690 6 16 25 0.24912308156490326 8 -1 -1 
639 5 16 29 0.2478950023651123 1 -1 -1 
326 11 20 25 0.24757738411426544 2 -1 -1 
772 56 23 55 0.24756093323230743 2 -1 -1 
156 12 20 41 0.2431279867887497 1 -1 -1 
61 5 21 43 0.24305680394172668 2 -1 -1 
18 11 18 36 0.24289004504680634 2 -1 -1 
77 0 18 41 0.2428015172481537 1 -1 -1 
699 14 10 20 0.24277804791927338 10 -1 -1 
691 9 14 22 0.24203138053417206 3 -1 -1 
491 404 62 150 0.24084272980690002 2 -1 -1 
82 0 18 38 0.24043050408363342 1 -1 -1 
879 42 30 51 0.23713995516300201 2 -1 -1 
182 3 18 34 0.23652932047843933 2 -1 -1 
24 17 19 32 0.2343919426202774 2 -1 -1 
27 18 20 34 0.23228104412555695 1 -1 -1 
1174 696 60 70 0.23160980641841888 2 -1 -1 
1009 551 63 198 0.23046550154685974 1 -1 -1 
103 0 18 38 0.22873519361019135 2 -1 -1 
690 6 16 25 0.22810140252113342 7 -1 -1 
337 7 37 29 0.2278844714164734 7 -1 -1 
633 3 16 30 0.2273867428302765 1 -1 -1 
130 2 18 30 0.2260657697916031 1 -1 -1 
127 10 21 42 0.2259407788515091 1 -1 -1 
128 18 24 45 0.22587351500988007 1 -1 -1 
124 11 19 42 0.22476819157600403 2 -1 -1 
8 168 33 61 0.2221785932779312 1 -1 -1 
544 12 19 30 0.2213405817747116 1 -1 -1 
673 13 14 21 0.2209501415491104 10 -1 -1 
146 63 31 49 0.22080272436141968 1 -1 -1 
7 168 24 47 0.22069597244262695 2 -1 -1 
134 48 29 60 0.2186434119939804 1 -1 -1 
571 6 14 26 0.21847960352897644 2 -1 -1 
164 42 28 69 0.216947540640831 1 -1 -1 
12 10 19 36 0.21683332324028015 1 -1 -1 
700 14 11 20 0.21673762798309326 3 -1 -1 
475 441 72 181 0.21655678749084473 2 -1 -1 
491 2 18 43 0.21586297452449799 1 -1 -1 
354 429 52 165 0.2158326357603073 1 -1 -1 
449 12 17 33 0.21554335951805115 2 -1 -1 
121 19 28 54 0.2152084857225418 1 -1 -1 
74 4 17 38 0.21433256566524506 2 -1 -1 
22 152 61 89 0.2142045795917511 10 -1 -1 
353 1 19 25 0.21123580634593964 2 -1 -1 
30 21 15 24 0.2108311653137207 1 -1 -1 
140 18 21 40 0.20876705646514893 2 -1 -1 
125 4 106 44 0.2082187682390213 8 -1 -1 
73 -1 17 38 0.20787924528121948 1 -1 -1 
52 2 20 46 0.2059168517589569 1 -1 -1 
999 3 32 21 0.2051769345998764 10 -1 -1 
164 42 24 48 0.2048344910144806 2 -1 -1 
399 -2 15 39 0.2042902559041977 1 -1 -1 
122 43 56 61 0.20311398804187775 10 -1 -1 
116 29 52 54 0.19559189677238464 1 -1 -1 
18 9 19 36 0.1943673938512802 1 -1 -1 
26 8 24 36 0.19354939460754395 2 -1 -1 
9 166 50 74 0.17179499566555023 1 -1 -1 
775 51 29 62 0.16914226114749908 1 -1 -1 
79 323 48 113 0.16735400259494781 1 -1 -1 
995 531 77 173 0.16578228771686554 1 -1 -1 
153 45 49 50 0.1638137549161911 1 -1 -1 
784 37 34 65 0.16217327117919922 1 -1 -1 
22 15 19 35 0.16169434785842896 1 -1 -1 
117 35 55 52 0.1611257791519165 10 -1 -1 
25 7 20 37 0.15930718183517456 1 -1 -1 
952 534 83 196 0.15893451869487762 4 -1 -1 
128 37 56 55 0.15871453285217285 1 -1 -1 
828 31 82 54 0.15757183730602264 7 -1 -1 
19 152 43 77 0.15753580629825592 2 -1 -1 
352 427 86 165 0.15662962198257446 4 -1 -1 
123 47 48 63 0.15601785480976105 2 -1 -1 
292 7 96 32 0.1518440842628479 8 -1 -1 
144 43 43 67 0.151838019490242 2 -1 -1 
157 6 91 42 0.14514295756816864 8 -1 -1 
161 3 83 37 0.1433361917734146 7 -1 -1 
938 198 46 98 0.13563044369220734 2 -1 -1 
475 441 69 182 0.1351010799407959 3 -1 -1 
11 171 92 71 0.1346418261528015 1 -1 -1 
0 55 17 42 0.1345115751028061 1 -1 -1 
696 6 36 27 0.13418197631835938 10 -1 -1 
265 145 31 80 0.1335243433713913 4 -1 -1 
863 42 44 61 0.13203085958957672 1 -1 -1 
29 14 21 32 0.13065524399280548 1 -1 -1 
81 323 59 135 0.1305048167705536 2 -1 -1 
14 163 88 79 0.12867483496665955 4 -1 -1 
796 8 230 78 0.12832273542881012 7 -1 -1 
122 2 110 46 0.12472192198038101 6 -1 -1 
819 23 92 61 0.12446295469999313 8 -1 -1 
796 12 240 76 0.12379767745733261 9 -1 -1 
775 0 32 60 0.12322041392326355 1 -1 -1 
162 42 49 69 0.11666461825370789 2 -1 -1 
126 31 56 54 0.11637218296527863 7 -1 -1 
118 12 43 63 0.11609702557325363 1 -1 -1 
293 2 93 34 0.11532818526029587 6 -1 -1 
781 25 38 61 0.11496492475271225 1 -1 -1 
12 15 23 38 0.11452239751815796 2 -1 -1 
793 49 40 62 0.11290521174669266 1 -1 -1 
0 10 17 35 0.11247408390045166 1 -1 -1 
24 149 63 64 0.11196122318506241 2 -1 -1 
117 69 42 69 0.11061796545982361 1 -1 -1 
19 3 21 39 0.11051438748836517 2 -1 -1 
992 615 69 135 0.11018342524766922 1 -1 -1 
686 4 23 28 0.1096697747707367 10 -1 -1 
116 21 42 61 0.10816114395856857 10 -1 -1 
2 6 22 35 0.10747230798006058 1 -1 -1 
53 346 51 118 0.10655581206083298 2 -1 -1 
20 1 23 33 0.10600976645946503 1 -1 -1 
777 51 42 63 0.10506761819124222 2 -1 -1 
124 14 99 52 0.10424485057592392 7 -1 -1 
126 31 56 54 0.1036868691444397 8 -1 -1 
80 323 71 135 0.10277369618415833 9 -1 -1 
288 14 103 32 0.10205630958080292 7 -1 -1 
813 12 100 66 0.1016964241862297 7 -1 -1 
142 51 56 71 0.10110066831111908 1 -1 -1 
27 1 23 33 0.09944173693656921 1 -1 -1 
938 198 46 98 0.0992758721113205 4 -1 -1 
938 199 45 97 0.0989457294344902 3 -1 -1 
793 7 135 78 0.09829734265804291 6 -1 -1 
0 68 24 30 0.09829720854759216 1 -1 -1 
144 43 43 67 0.09781592339277267 10 -1 -1 
463 410 70 159 0.09663993865251541 1 -1 -1 
81 323 47 86 0.0966072678565979 2 -1 -1 
130 18 53 59 0.09654064476490021 1 -1 -1 
12 172 91 71 0.09574953466653824 3 -1 -1 
288 14 103 32 0.09560409933328629 6 -1 -1 
1072 36 30 61 0.09535610675811768 2 -1 -1 
780 10 48 59 0.09514413774013519 1 -1 -1 
0 71 18 34 0.0949060395359993 1 -1 -1 
125 66 45 68 0.09486362338066101 1 -1 -1 
119 36 61 53 0.09420987218618393 2 -1 -1 
691 5 30 27 0.09412159770727158 10 -1 -1 
796 10 238 77 0.09411688894033432 8 -1 -1 
115 38 61 55 0.09369444102048874 7 -1 -1 
64 323 48 125 0.0934823676943779 2 -1 -1 
9 177 62 66 0.09323668479919434 10 -1 -1 
784 37 34 65 0.09275982528924942 2 -1 -1 
753 48 28 66 0.09181545674800873 1 -1 -1 
19 152 43 77 0.09180808067321777 1 -1 -1 
107 334 42 122 0.09176716208457947 1 -1 -1 
116 22 47 57 0.09173077344894409 2 -1 -1 
498 403 69 165 0.09099294245243073 1 -1 -1 
824 27 63 59 0.08953677862882614 10 -1 -1 
0 67 15 32 0.08911589533090591 2 -1 -1 
784 60 42 57 0.08850441128015518 1 -1 -1 
707 7 27 25 0.08782181143760681 3 -1 -1 
789 48 33 67 0.08695835620164871 10 -1 -1 
51 346 39 80 0.08651336282491684 1 -1 -1 
50 346 58 117 0.08597899973392487 9 -1 -1 
94 352 49 105 0.08577757328748703 2 -1 -1 
780 8 155 80 0.08350750058889389 7 -1 -1 
301 15 92 29 0.0834941640496254 8 -1 -1 
43 346 45 110 0.08309784531593323 1 -1 -1 
23 150 55 60 0.08275188505649567 1 -1 -1 
562 33 36 63 0.08168422430753708 1 -1 -1 
113 6 115 77 0.07505902647972107 6 -1 -1 
780 8 155 80 0.07195325195789337 8 -1 -1 
-1 145 105 89 0.0709071084856987 2 -1 -1 
796 12 240 76 0.06741995364427567 4 -1 -1 
62 331 69 130 0.06196122616529465 9 -1 -1 
-1 145 105 89 0.05828208103775978 1 -1 -1 
792 9 237 80 0.05752250924706459 5 -1 -1 
59 339 65 122 0.05251000076532364 2 -1 -1 
