206 306 76 42 0.9965800642967224 6 -1 -1 
786 387 61 49 0.9400879740715027 7 -1 -1 
683 317 73 30 0.9282866716384888 4 -1 -1 
530 465 13 40 0.8913750052452087 1 -1 -1 
871 403 49 37 0.8709954023361206 7 -1 -1 
313 354 83 39 0.8217125535011292 4 -1 -1 
547 439 37 27 0.8137317895889282 10 -1 -1 
711 285 60 25 0.7809253334999084 4 -1 -1 
608 272 35 18 0.7770404815673828 7 -1 -1 
901 288 54 29 0.7635748982429504 4 -1 -1 
642 481 38 26 0.7426565885543823 10 -1 -1 
698 278 21 15 0.7224608063697815 10 -1 -1 
854 247 15 12 0.7199997305870056 10 -1 -1 
698 238 40 17 0.7148331999778748 4 -1 -1 
481 263 8 19 0.7026205658912659 1 -1 -1 
701 442 22 33 0.6946425437927246 2 -1 -1 
711 412 72 44 0.6813982129096985 4 -1 -1 
795 287 19 17 0.675334632396698 10 -1 -1 
701 452 29 29 0.6747487187385559 10 -1 -1 
652 469 20 30 0.6589117646217346 2 -1 -1 
761 252 50 26 0.6506954431533813 5 -1 -1 
618 268 11 17 0.6490390300750732 2 -1 -1 
158 285 19 14 0.6380082964897156 10 -1 -1 
731 389 27 28 0.6270185708999634 2 -1 -1 
859 242 9 15 0.6219150424003601 2 -1 -1 
336 268 15 15 0.613481342792511 10 -1 -1 
808 378 17 28 0.6024187207221985 2 -1 -1 
338 263 11 17 0.5858832001686096 2 -1 -1 
887 397 14 22 0.5854348540306091 2 -1 -1 
761 252 50 26 0.5789564251899719 4 -1 -1 
172 312 11 21 0.5708321332931519 2 -1 -1 
705 273 11 15 0.5697112679481506 2 -1 -1 
161 318 30 19 0.5670053958892822 7 -1 -1 
313 230 17 11 0.5636906623840332 10 -1 -1 
801 282 10 17 0.5577816963195801 2 -1 -1 
555 433 19 31 0.5467554330825806 2 -1 -1 
875 395 15 22 0.542111873626709 2 -1 -1 
837 244 16 12 0.5395186543464661 10 -1 -1 
616 269 9 16 0.5390207171440125 2 -1 -1 
493 239 20 20 0.5343198180198669 7 -1 -1 
238 229 7 13 0.5327775478363037 2 -1 -1 
664 235 28 14 0.5291808247566223 7 -1 -1 
221 235 6 15 0.52884441614151 2 -1 -1 
608 271 36 19 0.5247126221656799 8 -1 -1 
648 472 27 32 0.5124939680099487 10 -1 -1 
318 225 9 14 0.5112504959106445 2 -1 -1 
621 267 9 16 0.4959079921245575 2 -1 -1 
925 223 34 15 0.4902854859828949 4 -1 -1 
228 186 32 14 0.48968198895454407 4 -1 -1 
162 319 29 18 0.48375898599624634 10 -1 -1 
710 412 73 44 0.47838830947875977 5 -1 -1 
254 226 7 13 0.4702073335647583 2 -1 -1 
508 230 75 27 0.4685276448726654 6 -1 -1 
552 433 23 31 0.46786656975746155 10 -1 -1 
187 209 29 16 0.4655682146549225 4 -1 -1 
793 229 38 17 0.46142643690109253 4 -1 -1 
236 234 14 11 0.4585411250591278 10 -1 -1 
181 311 11 21 0.45562294125556946 1 -1 -1 
236 211 8 12 0.45308423042297363 2 -1 -1 
912 401 21 27 0.4452715516090393 10 -1 -1 
919 393 14 32 0.44336849451065063 2 -1 -1 
204 248 26 19 0.4406214654445648 7 -1 -1 
235 214 11 12 0.43753138184547424 10 -1 -1 
164 278 10 16 0.43501096963882446 2 -1 -1 
446 220 19 15 0.4232589602470398 10 -1 -1 
939 231 19 17 0.4222472906112671 4 -1 -1 
161 318 30 19 0.41682809591293335 8 -1 -1 
919 393 14 33 0.4142236113548279 1 -1 -1 
206 306 75 42 0.4119495749473572 7 -1 -1 
874 231 13 25 0.4104747474193573 10 -1 -1 
809 379 17 30 0.4075145125389099 1 -1 -1 
909 404 23 26 0.40442314743995667 3 -1 -1 
305 207 8 15 0.40223032236099243 2 -1 -1 
181 311 10 20 0.4022104740142822 2 -1 -1 
664 236 28 13 0.39780572056770325 10 -1 -1 
876 396 20 27 0.3968326151371002 2 -1 -1 
736 390 16 26 0.39470118284225464 2 -1 -1 
221 240 7 12 0.3940454423427582 10 -1 -1 
204 248 26 19 0.3931407034397125 8 -1 -1 
338 227 9 15 0.3906361758708954 2 -1 -1 
316 226 11 13 0.3899889588356018 10 -1 -1 
161 282 14 15 0.38695523142814636 10 -1 -1 
354 226 19 16 0.3856818377971649 10 -1 -1 
250 230 14 12 0.38157761096954346 10 -1 -1 
220 235 7 15 0.37681230902671814 1 -1 -1 
162 281 12 15 0.3751973807811737 2 -1 -1 
216 227 6 10 0.37182116508483887 10 -1 -1 
855 245 14 14 0.3716453015804291 2 -1 -1 
641 219 18 13 0.3709516227245331 10 -1 -1 
197 210 19 15 0.36626288294792175 4 -1 -1 
703 274 15 17 0.3617849051952362 10 -1 -1 
236 211 12 13 0.36097294092178345 10 -1 -1 
892 230 46 30 0.36082351207733154 7 -1 -1 
797 284 17 19 0.35606303811073303 2 -1 -1 
211 248 13 18 0.3552433252334595 7 -1 -1 
238 231 10 13 0.3520774245262146 2 -1 -1 
478 228 41 19 0.35193315148353577 4 -1 -1 
221 239 7 13 0.3473982810974121 3 -1 -1 
212 247 9 17 0.34722915291786194 2 -1 -1 
250 229 13 13 0.3446095585823059 2 -1 -1 
392 222 12 12 0.34262368083000183 10 -1 -1 
124 262 24 18 0.3412580192089081 10 -1 -1 
258 200 8 16 0.3389882743358612 2 -1 -1 
647 472 29 32 0.3379160165786743 2 -1 -1 
223 252 7 15 0.33330103754997253 1 -1 -1 
338 227 9 15 0.3321765959262848 1 -1 -1 
786 388 62 47 0.3314392864704132 6 -1 -1 
336 230 14 13 0.3292815387248993 10 -1 -1 
420 218 8 21 0.3260921537876129 1 -1 -1 
176 311 11 21 0.32490500807762146 2 -1 -1 
337 263 13 18 0.3248351812362671 10 -1 -1 
145 263 23 17 0.32474419474601746 10 -1 -1 
929 224 30 21 0.31479862332344055 4 -1 -1 
641 221 7 12 0.3137095272541046 2 -1 -1 
416 218 10 20 0.3133140504360199 1 -1 -1 
547 439 37 27 0.3132331371307373 2 -1 -1 
664 234 28 15 0.31153902411460876 8 -1 -1 
361 215 11 13 0.3103693127632141 10 -1 -1 
215 222 7 14 0.30993491411209106 10 -1 -1 
559 431 14 29 0.3082396388053894 2 -1 -1 
355 220 18 19 0.3002356290817261 10 -1 -1 
493 236 20 23 0.29911988973617554 8 -1 -1 
908 229 31 27 0.2988329529762268 7 -1 -1 
209 248 8 15 0.29758957028388977 2 -1 -1 
539 220 43 22 0.29737773537635803 7 -1 -1 
930 222 29 11 0.29561647772789 4 -1 -1 
354 226 19 16 0.2952710688114166 7 -1 -1 
390 221 11 13 0.29523685574531555 10 -1 -1 
886 398 18 28 0.29368889331817627 2 -1 -1 
839 240 12 15 0.2936336398124695 10 -1 -1 
243 234 8 10 0.2933815121650696 2 -1 -1 
201 218 7 17 0.2921540439128876 1 -1 -1 
241 210 7 13 0.2884144186973572 2 -1 -1 
703 274 15 17 0.28791898488998413 2 -1 -1 
700 448 27 33 0.2875836491584778 2 -1 -1 
858 243 11 14 0.2855633795261383 10 -1 -1 
208 249 12 17 0.2847668528556824 7 -1 -1 
403 217 10 16 0.2834851145744324 10 -1 -1 
206 306 75 42 0.28147950768470764 8 -1 -1 
374 216 7 16 0.28127801418304443 1 -1 -1 
206 306 76 42 0.2809349000453949 10 -1 -1 
786 388 61 47 0.280080646276474 8 -1 -1 
406 216 11 17 0.2800676226615906 10 -1 -1 
702 449 17 27 0.2800392210483551 2 -1 -1 
710 276 9 14 0.2787961959838867 2 -1 -1 
843 229 33 20 0.278560996055603 7 -1 -1 
906 405 25 25 0.27684399485588074 10 -1 -1 
244 201 6 14 0.2765231728553772 2 -1 -1 
920 395 13 34 0.2722042202949524 10 -1 -1 
303 208 8 16 0.27118074893951416 2 -1 -1 
206 306 76 42 0.2711803615093231 5 -1 -1 
395 221 14 14 0.2692841589450836 10 -1 -1 
237 230 10 14 0.2687600255012512 10 -1 -1 
446 219 19 16 0.2682277262210846 7 -1 -1 
554 434 13 28 0.26621147990226746 2 -1 -1 
258 201 9 15 0.2654360830783844 1 -1 -1 
413 218 9 18 0.2641029953956604 1 -1 -1 
206 306 76 42 0.26319190859794617 4 -1 -1 
410 216 9 18 0.26282304525375366 10 -1 -1 
875 400 29 26 0.2626717686653137 7 -1 -1 
344 218 12 23 0.26258984208106995 10 -1 -1 
310 214 8 13 0.26240208745002747 2 -1 -1 
840 240 11 14 0.26223427057266235 2 -1 -1 
346 224 23 17 0.26122990250587463 10 -1 -1 
482 216 9 14 0.2611503005027771 10 -1 -1 
172 313 10 20 0.25919002294540405 1 -1 -1 
244 201 6 14 0.2589767277240753 1 -1 -1 
212 247 8 16 0.2588673233985901 1 -1 -1 
221 235 7 15 0.2583153545856476 10 -1 -1 
493 236 20 23 0.2580985128879547 10 -1 -1 
216 227 6 9 0.25781726837158203 2 -1 -1 
373 216 8 15 0.2565177083015442 2 -1 -1 
916 402 19 27 0.2562628388404846 3 -1 -1 
362 215 11 13 0.25606217980384827 2 -1 -1 
211 249 14 17 0.2551479637622833 8 -1 -1 
878 399 14 26 0.2546899914741516 2 -1 -1 
238 228 7 15 0.2539263963699341 1 -1 -1 
312 228 17 13 0.25357291102409363 7 -1 -1 
191 202 25 22 0.2533983886241913 4 -1 -1 
249 227 10 11 0.2532244622707367 2 -1 -1 
487 235 26 22 0.2524431049823761 7 -1 -1 
208 248 7 13 0.2496727854013443 2 -1 -1 
338 224 13 18 0.2496689110994339 10 -1 -1 
204 247 18 20 0.2493681162595749 10 -1 -1 
477 214 9 13 0.24835537374019623 10 -1 -1 
237 234 14 11 0.24827907979488373 2 -1 -1 
508 230 75 27 0.24729084968566895 7 -1 -1 
904 279 8 15 0.2455091029405594 10 -1 -1 
312 223 12 13 0.24437099695205688 2 -1 -1 
270 211 18 13 0.24359248578548431 7 -1 -1 
478 230 25 16 0.2428312599658966 7 -1 -1 
252 227 10 14 0.2425704449415207 10 -1 -1 
214 220 8 13 0.24178090691566467 2 -1 -1 
803 384 23 28 0.24155321717262268 2 -1 -1 
444 222 16 13 0.24155132472515106 10 -1 -1 
372 215 9 15 0.24113252758979797 10 -1 -1 
698 278 22 15 0.23968371748924255 7 -1 -1 
478 230 25 16 0.23905318975448608 10 -1 -1 
730 396 29 28 0.23889438807964325 2 -1 -1 
787 390 12 26 0.23846393823623657 2 -1 -1 
365 214 14 15 0.2372574657201767 2 -1 -1 
478 231 28 16 0.2368309199810028 4 -1 -1 
305 207 8 15 0.23677441477775574 1 -1 -1 
641 220 12 13 0.2316947877407074 2 -1 -1 
339 221 13 19 0.2290964424610138 7 -1 -1 
540 229 43 27 0.22882097959518433 7 -1 -1 
547 222 33 19 0.22783415019512177 10 -1 -1 
206 306 76 42 0.22722947597503662 2 -1 -1 
237 205 9 15 0.2272196114063263 2 -1 -1 
885 396 13 19 0.22592134773731232 2 -1 -1 
800 282 11 17 0.2256232649087906 10 -1 -1 
401 221 10 14 0.2253476083278656 10 -1 -1 
702 442 20 34 0.2252194881439209 1 -1 -1 
406 216 9 16 0.22455765306949615 1 -1 -1 
875 395 18 27 0.22223041951656342 1 -1 -1 
911 398 21 31 0.22194381058216095 2 -1 -1 
786 389 15 30 0.21917317807674408 8 -1 -1 
556 431 17 31 0.21840278804302216 1 -1 -1 
162 319 29 18 0.21816013753414154 3 -1 -1 
885 398 18 26 0.2174542248249054 1 -1 -1 
729 398 46 28 0.2166992872953415 7 -1 -1 
917 226 23 23 0.21665814518928528 7 -1 -1 
786 387 61 49 0.2162059247493744 3 -1 -1 
206 306 75 42 0.21510985493659973 3 -1 -1 
874 399 26 30 0.21193693578243256 2 -1 -1 
871 403 50 37 0.2110292613506317 8 -1 -1 
312 354 84 39 0.2074805051088333 5 -1 -1 
608 272 35 18 0.20705626904964447 10 -1 -1 
885 407 37 30 0.2039537876844406 7 -1 -1 
910 403 22 26 0.20273664593696594 1 -1 -1 
652 469 20 30 0.20199941098690033 1 -1 -1 
918 226 22 23 0.19508598744869232 8 -1 -1 
887 400 21 29 0.19445578753948212 7 -1 -1 
731 389 26 28 0.19335120916366577 1 -1 -1 
786 387 61 49 0.19039858877658844 4 -1 -1 
730 396 29 28 0.18979476392269135 10 -1 -1 
727 395 55 35 0.18790143728256226 10 -1 -1 
336 219 20 24 0.18722377717494965 10 -1 -1 
336 218 19 24 0.18057644367218018 7 -1 -1 
874 231 22 25 0.17840304970741272 10 -1 -1 
907 230 32 29 0.17671439051628113 8 -1 -1 
880 395 21 25 0.17643402516841888 2 -1 -1 
872 397 17 26 0.17576028406620026 2 -1 -1 
710 285 61 25 0.17314481735229492 5 -1 -1 
906 405 25 25 0.17125369608402252 7 -1 -1 
206 306 75 42 0.17065775394439697 9 -1 -1 
228 185 32 15 0.16789017617702484 5 -1 -1 
793 229 38 17 0.16550306975841522 5 -1 -1 
197 366 18 29 0.1595342457294464 1 -1 -1 
642 479 37 28 0.15805619955062866 3 -1 -1 
163 313 27 20 0.15787288546562195 7 -1 -1 
891 404 29 26 0.15576615929603577 7 -1 -1 
698 238 40 17 0.1530473828315735 5 -1 -1 
786 389 15 30 0.15225258469581604 7 -1 -1 
894 225 45 27 0.1484777182340622 6 -1 -1 
786 389 15 30 0.14569802582263947 1 -1 -1 
710 412 73 43 0.14397841691970825 8 -1 -1 
505 214 78 34 0.14335955679416656 6 -1 -1 
786 387 61 49 0.1414431631565094 2 -1 -1 
731 390 24 28 0.1402420699596405 10 -1 -1 
486 233 65 23 0.13975758850574493 6 -1 -1 
710 412 73 44 0.13946332037448883 9 -1 -1 
547 439 37 27 0.13891346752643585 4 -1 -1 
161 318 31 19 0.13842515647411346 2 -1 -1 
786 389 15 30 0.13803492486476898 10 -1 -1 
608 272 36 18 0.13671907782554626 2 -1 -1 
175 310 18 24 0.13617964088916779 1 -1 -1 
333 263 20 22 0.13588882982730865 10 -1 -1 
731 392 29 29 0.1334969848394394 7 -1 -1 
871 404 47 37 0.13344070315361023 4 -1 -1 
902 223 37 25 0.13137128949165344 7 -1 -1 
642 480 38 27 0.13032622635364532 2 -1 -1 
163 313 27 20 0.129364013671875 8 -1 -1 
871 403 50 37 0.12783479690551758 6 -1 -1 
904 412 20 28 0.12584029138088226 2 -1 -1 
309 222 22 20 0.12445441633462906 10 -1 -1 
163 313 27 20 0.12409640103578568 10 -1 -1 
799 225 36 19 0.12372346222400665 4 -1 -1 
896 226 43 28 0.12371112406253815 8 -1 -1 
490 226 81 30 0.123378224670887 6 -1 -1 
166 314 27 21 0.12280651926994324 1 -1 -1 
530 465 13 40 0.1227533146739006 4 -1 -1 
902 408 23 26 0.12268862128257751 7 -1 -1 
910 394 22 30 0.12248912453651428 10 -1 -1 
872 403 45 36 0.12179290503263474 2 -1 -1 
871 403 47 38 0.12172826379537582 10 -1 -1 
836 227 32 21 0.12168658524751663 7 -1 -1 
786 387 61 49 0.11990958452224731 9 -1 -1 
683 317 74 30 0.11932863295078278 1 -1 -1 
207 306 74 42 0.11909479647874832 1 -1 -1 
608 272 36 18 0.1183846965432167 3 -1 -1 
558 433 23 31 0.11755308508872986 10 -1 -1 
336 218 20 24 0.11721430718898773 8 -1 -1 
874 399 26 30 0.11671188473701477 1 -1 -1 
925 222 34 16 0.11601371318101883 5 -1 -1 
711 412 72 43 0.11351992189884186 6 -1 -1 
640 471 43 39 0.11343500018119812 10 -1 -1 
871 403 49 37 0.1105550080537796 3 -1 -1 
728 389 56 34 0.10637855529785156 9 -1 -1 
874 225 65 32 0.10049021244049072 6 -1 -1 
724 396 59 52 0.10048522055149078 4 -1 -1 
711 412 72 43 0.09685457497835159 1 -1 -1 
871 403 50 37 0.08347208797931671 9 -1 -1 
710 412 73 43 0.08252141624689102 3 -1 -1 
727 395 55 35 0.0787683054804802 1 -1 -1 
884 227 55 31 0.07702252268791199 9 -1 -1 
873 225 65 32 0.07560268044471741 7 -1 -1 
711 413 72 43 0.07558567076921463 7 -1 -1 
889 228 51 31 0.07515890151262283 10 -1 -1 
729 392 55 29 0.0735512375831604 8 -1 -1 
726 393 57 41 0.07251158356666565 7 -1 -1 
875 398 58 35 0.07090646773576736 7 -1 -1 
884 227 55 31 0.06851621717214584 4 -1 -1 
729 392 55 29 0.06747473776340485 6 -1 -1 
727 395 55 35 0.06273894011974335 2 -1 -1 
889 228 51 31 0.06138449162244797 3 -1 -1 
710 412 73 44 0.060486454516649246 2 -1 -1 
725 385 55 37 0.0538388229906559 2 -1 -1 
884 227 55 31 0.05342691019177437 5 -1 -1 
710 412 73 43 0.05328984186053276 10 -1 -1 
697 441 35 43 0.05262419208884239 10 -1 -1 
728 389 56 34 0.05222368612885475 4 -1 -1 
873 225 65 32 0.051936618983745575 8 -1 -1 
871 403 49 38 0.05174780264496803 1 -1 -1 
