376 299 24 23 0.985996425151825 6 -1 -1 
523 413 46 41 0.9380334615707397 4 -1 -1 
554 466 61 56 0.9375799298286438 4 -1 -1 
482 368 36 30 0.8792153596878052 4 -1 -1 
877 483 13 31 0.8782216310501099 1 -1 -1 
417 296 23 19 0.8706346154212952 4 -1 -1 
225 323 22 23 0.8633575439453125 4 -1 -1 
406 283 22 19 0.8502594828605652 5 -1 -1 
100 434 78 31 0.8213475942611694 4 -1 -1 
329 246 14 13 0.8122819662094116 4 -1 -1 
359 245 14 12 0.80545574426651 4 -1 -1 
293 245 13 13 0.8040040731430054 4 -1 -1 
287 226 12 11 0.7975417375564575 4 -1 -1 
270 216 10 9 0.7867936491966248 4 -1 -1 
244 282 26 20 0.7762787342071533 4 -1 -1 
308 215 11 9 0.7719094157218933 4 -1 -1 
361 233 13 10 0.7636045217514038 4 -1 -1 
273 194 7 7 0.7516345977783203 4 -1 -1 
284 200 8 8 0.7471917867660522 4 -1 -1 
151 300 8 17 0.7408671975135803 1 -1 -1 
577 406 68 31 0.7401394844055176 4 -1 -1 
334 230 11 10 0.7382075786590576 4 -1 -1 
518 497 86 41 0.7265565991401672 4 -1 -1 
312 198 9 7 0.7193310260772705 4 -1 -1 
529 363 9 22 0.7128971815109253 1 -1 -1 
385 230 21 11 0.7073176503181458 4 -1 -1 
349 222 12 9 0.7039355039596558 4 -1 -1 
853 479 8 18 0.6945209503173828 1 -1 -1 
262 202 12 8 0.6943081021308899 4 -1 -1 
448 329 29 27 0.6927419304847717 5 -1 -1 
303 202 7 8 0.6776288151741028 4 -1 -1 
288 177 5 5 0.6642195582389832 4 -1 -1 
289 191 8 6 0.6393193006515503 4 -1 -1 
398 234 21 11 0.6337771415710449 4 -1 -1 
252 206 10 10 0.6334242224693298 4 -1 -1 
619 445 74 37 0.629403293132782 4 -1 -1 
249 242 13 12 0.6185824871063232 4 -1 -1 
139 309 8 18 0.6180133819580078 1 -1 -1 
363 215 21 8 0.6123859286308289 4 -1 -1 
297 513 21 25 0.5954962372779846 10 -1 -1 
229 295 18 20 0.5832939743995667 4 -1 -1 
248 226 12 10 0.5739120841026306 4 -1 -1 
216 362 18 29 0.5667320489883423 6 -1 -1 
292 182 7 7 0.5589868426322937 4 -1 -1 
299 505 16 26 0.5536972284317017 2 -1 -1 
248 213 11 9 0.545395016670227 4 -1 -1 
248 234 10 10 0.544287383556366 4 -1 -1 
242 270 17 17 0.5405370593070984 4 -1 -1 
302 185 7 6 0.5335904955863953 4 -1 -1 
341 209 10 10 0.5264552235603333 4 -1 -1 
247 218 11 9 0.5207463502883911 4 -1 -1 
341 209 10 10 0.5105791687965393 5 -1 -1 
280 173 5 5 0.4917900264263153 4 -1 -1 
447 329 30 27 0.4861922264099121 6 -1 -1 
297 178 4 5 0.47940951585769653 4 -1 -1 
294 195 9 10 0.4717051386833191 5 -1 -1 
306 191 4 5 0.4687215983867645 7 -1 -1 
275 190 6 6 0.4657110869884491 4 -1 -1 
169 295 34 18 0.46548062562942505 4 -1 -1 
283 196 6 6 0.45949333906173706 4 -1 -1 
248 215 10 10 0.4571351706981659 4 -1 -1 
283 188 6 6 0.45571497082710266 4 -1 -1 
348 216 10 10 0.44793954491615295 5 -1 -1 
376 299 24 24 0.44431591033935547 4 -1 -1 
273 192 8 7 0.44264501333236694 4 -1 -1 
294 196 9 9 0.4402216374874115 4 -1 -1 
98 458 71 27 0.43749549984931946 4 -1 -1 
279 184 5 6 0.43661996722221375 4 -1 -1 
283 165 6 6 0.4333089292049408 4 -1 -1 
139 309 8 17 0.4274616241455078 2 -1 -1 
237 251 19 16 0.42616188526153564 4 -1 -1 
348 216 10 10 0.4096372127532959 4 -1 -1 
333 217 4 6 0.38750967383384705 2 -1 -1 
304 180 6 6 0.37543484568595886 4 -1 -1 
281 179 5 5 0.37218600511550903 4 -1 -1 
333 218 4 7 0.36860036849975586 10 -1 -1 
46 489 73 42 0.36856135725975037 4 -1 -1 
311 230 4 10 0.3665902316570282 1 -1 -1 
139 313 8 15 0.35854485630989075 3 -1 -1 
306 191 4 5 0.35710084438323975 8 -1 -1 
312 185 9 5 0.35475602746009827 4 -1 -1 
333 218 4 7 0.35440874099731445 1 -1 -1 
252 209 9 10 0.3472943902015686 4 -1 -1 
201 358 12 17 0.34550681710243225 7 -1 -1 
283 198 8 8 0.3422930836677551 4 -1 -1 
284 165 5 6 0.33504363894462585 5 -1 -1 
249 237 10 10 0.32694727182388306 4 -1 -1 
216 361 18 30 0.3264780640602112 8 -1 -1 
216 361 18 29 0.3264261782169342 5 -1 -1 
96 442 81 38 0.3249695599079132 4 -1 -1 
201 358 13 17 0.3169083893299103 6 -1 -1 
349 219 11 10 0.312325119972229 4 -1 -1 
291 191 7 7 0.3098735213279724 4 -1 -1 
298 511 20 27 0.30429601669311523 2 -1 -1 
250 222 9 9 0.3038507401943207 4 -1 -1 
448 329 29 27 0.303347647190094 4 -1 -1 
294 174 3 3 0.30223986506462097 4 -1 -1 
298 505 18 27 0.3021860718727112 10 -1 -1 
283 163 5 5 0.2992754876613617 4 -1 -1 
304 190 6 5 0.2984325885772705 7 -1 -1 
619 446 74 37 0.2927630841732025 5 -1 -1 
275 170 6 5 0.2888329327106476 4 -1 -1 
215 192 14 7 0.28793463110923767 4 -1 -1 
274 165 6 6 0.2868429720401764 4 -1 -1 
302 202 8 8 0.28510844707489014 5 -1 -1 
310 183 8 6 0.2836085855960846 4 -1 -1 
280 185 7 6 0.27848631143569946 4 -1 -1 
169 297 24 14 0.27628329396247864 4 -1 -1 
201 358 12 17 0.276001513004303 8 -1 -1 
271 190 7 6 0.275786429643631 4 -1 -1 
247 228 11 11 0.27052056789398193 4 -1 -1 
276 184 7 6 0.2682011127471924 4 -1 -1 
228 293 19 22 0.2656518220901489 5 -1 -1 
292 182 7 8 0.26328152418136597 5 -1 -1 
284 165 5 6 0.26243075728416443 6 -1 -1 
406 283 22 19 0.257943332195282 4 -1 -1 
302 181 6 5 0.2553435266017914 4 -1 -1 
333 215 4 5 0.254741370677948 2 -1 -1 
280 180 6 6 0.2537684142589569 4 -1 -1 
244 282 26 20 0.25247955322265625 5 -1 -1 
303 180 7 6 0.25041526556015015 5 -1 -1 
248 242 13 12 0.2502812445163727 6 -1 -1 
305 191 5 5 0.2498660832643509 10 -1 -1 
386 228 4 9 0.24779312312602997 1 -1 -1 
303 184 7 6 0.24712136387825012 4 -1 -1 
284 188 7 5 0.2466798573732376 4 -1 -1 
274 167 5 6 0.24151544272899628 4 -1 -1 
297 178 4 5 0.23998570442199707 5 -1 -1 
333 218 4 7 0.23939447104930878 3 -1 -1 
288 189 7 7 0.23933449387550354 4 -1 -1 
304 189 6 6 0.23809774219989777 8 -1 -1 
282 186 6 6 0.23509176075458527 4 -1 -1 
136 295 8 15 0.2339092493057251 1 -1 -1 
247 186 17 9 0.23230834305286407 6 -1 -1 
279 184 6 6 0.23209410905838013 5 -1 -1 
248 188 17 8 0.230610191822052 4 -1 -1 
169 296 34 17 0.2302386462688446 5 -1 -1 
313 184 11 6 0.22692711651325226 4 -1 -1 
295 179 6 5 0.2269161194562912 4 -1 -1 
271 189 5 6 0.2257557362318039 4 -1 -1 
277 166 4 5 0.22516991198062897 4 -1 -1 
170 298 38 18 0.22345642745494843 4 -1 -1 
275 188 6 6 0.21992748975753784 4 -1 -1 
286 189 6 6 0.21888168156147003 4 -1 -1 
246 232 11 10 0.21808798611164093 4 -1 -1 
253 206 9 10 0.21571794152259827 5 -1 -1 
305 181 7 5 0.20974402129650116 4 -1 -1 
341 209 10 10 0.20908597111701965 6 -1 -1 
96 461 74 40 0.20847034454345703 4 -1 -1 
48 467 122 58 0.20643052458763123 6 -1 -1 
280 183 6 6 0.20585541427135468 6 -1 -1 
235 182 17 10 0.20572689175605774 5 -1 -1 
228 283 19 32 0.1973395198583603 4 -1 -1 
299 505 16 26 0.1942586451768875 1 -1 -1 
45 479 112 53 0.19400671124458313 4 -1 -1 
168 290 44 21 0.189288929104805 4 -1 -1 
216 362 18 28 0.18885894119739532 9 -1 -1 
242 275 23 21 0.18849782645702362 4 -1 -1 
619 444 94 39 0.18687433004379272 6 -1 -1 
216 361 18 29 0.1854591965675354 4 -1 -1 
376 299 24 23 0.17970728874206543 7 -1 -1 
578 406 65 30 0.17700254917144775 5 -1 -1 
92 457 76 30 0.1758609116077423 6 -1 -1 
229 295 18 20 0.17272847890853882 6 -1 -1 
298 511 20 27 0.17168663442134857 7 -1 -1 
216 361 18 30 0.1670893281698227 7 -1 -1 
376 299 24 23 0.16513660550117493 5 -1 -1 
235 248 21 18 0.16361598670482635 5 -1 -1 
48 474 84 47 0.16079570353031158 4 -1 -1 
299 510 19 27 0.14069099724292755 3 -1 -1 
169 288 26 21 0.14061926305294037 4 -1 -1 
358 212 26 11 0.13616889715194702 4 -1 -1 
877 483 13 31 0.13562776148319244 4 -1 -1 
228 295 19 20 0.13419854640960693 8 -1 -1 
81 457 82 35 0.1333395093679428 4 -1 -1 
812 458 23 19 0.13218694925308228 7 -1 -1 
98 458 71 27 0.1310354471206665 5 -1 -1 
245 235 17 20 0.1277265101671219 4 -1 -1 
577 398 92 36 0.12690870463848114 4 -1 -1 
46 489 73 42 0.12657848000526428 5 -1 -1 
96 435 83 30 0.12173860520124435 5 -1 -1 
228 295 19 20 0.11976452171802521 7 -1 -1 
417 296 23 20 0.11853574961423874 6 -1 -1 
242 269 18 19 0.11695684492588043 5 -1 -1 
230 281 18 24 0.11508139967918396 4 -1 -1 
168 290 44 21 0.11485517770051956 5 -1 -1 
226 282 20 32 0.11485329270362854 5 -1 -1 
227 251 28 18 0.1145724505186081 4 -1 -1 
298 510 20 27 0.11396301537752151 8 -1 -1 
516 498 88 40 0.11325938254594803 5 -1 -1 
173 304 34 17 0.11270944774150848 4 -1 -1 
619 439 101 46 0.11262959241867065 4 -1 -1 
554 466 61 56 0.11216877400875092 1 -1 -1 
579 393 68 32 0.111912302672863 4 -1 -1 
877 483 13 31 0.11085190623998642 2 -1 -1 
619 444 102 40 0.1101750060915947 9 -1 -1 
236 183 30 12 0.1085505336523056 6 -1 -1 
228 283 19 32 0.10782922059297562 6 -1 -1 
49 459 120 41 0.10658111423254013 6 -1 -1 
554 466 60 55 0.10637538880109787 5 -1 -1 
619 439 101 46 0.10549959540367126 5 -1 -1 
686 493 14 28 0.10527000576257706 1 -1 -1 
225 322 22 24 0.10473513603210449 5 -1 -1 
169 296 34 17 0.10452085733413696 6 -1 -1 
244 282 26 20 0.10423934459686279 6 -1 -1 
536 321 64 43 0.10362930595874786 6 -1 -1 
398 234 24 12 0.1035202145576477 5 -1 -1 
417 296 23 20 0.10310337692499161 5 -1 -1 
536 321 64 43 0.10215538740158081 9 -1 -1 
812 458 23 19 0.10194256156682968 10 -1 -1 
234 250 22 16 0.10147567838430405 6 -1 -1 
228 293 19 22 0.10103343427181244 9 -1 -1 
554 466 61 56 0.09978429973125458 9 -1 -1 
46 483 67 48 0.09897369146347046 6 -1 -1 
171 299 38 19 0.09864194691181183 5 -1 -1 
545 326 62 46 0.0976695567369461 6 -1 -1 
169 292 23 20 0.0970359668135643 5 -1 -1 
44 483 105 50 0.09642375260591507 9 -1 -1 
235 273 22 21 0.0955912321805954 4 -1 -1 
851 476 14 23 0.0953890010714531 1 -1 -1 
226 282 20 32 0.09458191692829132 9 -1 -1 
92 442 83 40 0.09408754110336304 5 -1 -1 
110 466 61 44 0.09389268606901169 4 -1 -1 
45 480 107 53 0.09357896447181702 6 -1 -1 
169 294 27 18 0.09282944351434708 10 -1 -1 
118 460 55 35 0.09262979030609131 4 -1 -1 
448 329 29 27 0.09138806164264679 8 -1 -1 
96 435 83 30 0.09135451167821884 6 -1 -1 
448 329 29 27 0.09106133878231049 9 -1 -1 
45 475 59 52 0.0899900496006012 4 -1 -1 
236 244 21 18 0.08958201855421066 4 -1 -1 
57 470 80 37 0.0893615111708641 4 -1 -1 
96 434 83 31 0.08899584412574768 1 -1 -1 
408 279 32 22 0.08794598281383514 4 -1 -1 
168 290 44 21 0.0877232551574707 6 -1 -1 
523 413 46 41 0.08753778040409088 9 -1 -1 
523 413 46 41 0.08628914505243301 1 -1 -1 
52 466 126 61 0.06956104189157486 4 -1 -1 
516 497 92 42 0.06836549937725067 9 -1 -1 
45 479 112 53 0.06500151753425598 5 -1 -1 
49 459 120 50 0.0647076889872551 4 -1 -1 
169 294 44 27 0.0633670911192894 4 -1 -1 
75 441 104 48 0.06060367077589035 6 -1 -1 
168 287 44 26 0.05816781893372536 9 -1 -1 
83 431 97 44 0.052853941917419434 4 -1 -1 
