646 1 156 105 0.9829131960868835 5 -1 -1 
260 162 164 95 0.9422626495361328 4 -1 -1 
1025 535 178 148 0.9296462535858154 4 -1 -1 
928 438 190 132 0.9287500381469727 4 -1 -1 
711 77 148 103 0.9186264276504517 4 -1 -1 
178 0 160 83 0.8909637331962585 4 -1 -1 
184 50 173 107 0.8675548434257507 4 -1 -1 
472 574 178 189 0.8476084470748901 5 -1 -1 
1108 653 191 112 0.8238826394081116 4 -1 -1 
474 572 174 190 0.43583089113235474 4 -1 -1 
381 703 107 61 0.4283946454524994 4 -1 -1 
625 0 135 43 0.30305397510528564 4 -1 -1 
646 1 156 105 0.23956428468227386 6 -1 -1 
625 0 125 45 0.23651628196239471 5 -1 -1 
646 1 156 105 0.2261630892753601 8 -1 -1 
647 1 155 105 0.2255355268716812 4 -1 -1 
184 49 174 108 0.22222311794757843 5 -1 -1 
470 574 106 45 0.19605028629302979 4 -1 -1 
474 579 45 141 0.19535507261753082 4 -1 -1 
646 1 156 105 0.19168102741241455 10 -1 -1 
626 0 172 58 0.1814153492450714 4 -1 -1 
710 77 149 102 0.17964524030685425 5 -1 -1 
760 68 38 29 0.17423856258392334 3 -1 -1 
573 83 23 50 0.16556057333946228 1 -1 -1 
1106 653 197 112 0.1470479965209961 10 -1 -1 
646 1 156 105 0.14583928883075714 7 -1 -1 
1025 535 178 148 0.13724921643733978 1 -1 -1 
474 572 174 192 0.1351904720067978 9 -1 -1 
260 161 165 96 0.13449576497077942 1 -1 -1 
928 439 191 132 0.1322181224822998 1 -1 -1 
646 1 156 105 0.13036170601844788 2 -1 -1 
1107 653 196 112 0.1296842396259308 1 -1 -1 
261 162 163 96 0.12934055924415588 5 -1 -1 
1025 535 178 148 0.12209580838680267 10 -1 -1 
178 0 159 83 0.12052451074123383 1 -1 -1 
909 159 109 124 0.11966592073440552 6 -1 -1 
261 161 164 96 0.11667341738939285 9 -1 -1 
927 437 191 134 0.11471442878246307 9 -1 -1 
1110 653 191 112 0.11294356733560562 5 -1 -1 
179 21 165 96 0.1122456043958664 4 -1 -1 
1025 535 179 148 0.11067399382591248 9 -1 -1 
626 0 172 58 0.11044102162122726 5 -1 -1 
185 49 172 108 0.10497444868087769 1 -1 -1 
928 437 191 134 0.09627755731344223 10 -1 -1 
911 163 28 39 0.0937262549996376 3 -1 -1 
177 0 160 84 0.09251857548952103 5 -1 -1 
623 0 87 47 0.08860889822244644 4 -1 -1 
473 583 46 141 0.08829043805599213 5 -1 -1 
646 1 156 105 0.0852484256029129 3 -1 -1 
474 573 173 189 0.08375037461519241 10 -1 -1 
380 703 107 61 0.08285889774560928 10 -1 -1 
928 437 190 134 0.07902458310127258 5 -1 -1 
911 160 44 42 0.0783161148428917 3 -1 -1 
758 67 27 33 0.0772307813167572 3 -1 -1 
711 77 148 103 0.07667364180088043 1 -1 -1 
473 573 105 46 0.07493764162063599 5 -1 -1 
1025 535 177 151 0.07455745339393616 5 -1 -1 
260 161 165 96 0.07303857058286667 10 -1 -1 
912 163 60 48 0.07291145622730255 3 -1 -1 
711 77 148 103 0.0725085511803627 9 -1 -1 
589 87 7 47 0.07091566920280457 1 -1 -1 
473 571 170 188 0.07090567797422409 1 -1 -1 
185 49 172 108 0.07057632505893707 9 -1 -1 
185 49 172 108 0.0679076686501503 10 -1 -1 
710 79 149 101 0.06697878241539001 6 -1 -1 
988 242 31 50 0.06588345021009445 1 -1 -1 
620 0 150 46 0.06519603729248047 9 -1 -1 
928 438 190 132 0.06502872705459595 6 -1 -1 
929 438 190 132 0.064423106610775 7 -1 -1 
912 161 74 56 0.06336014717817307 10 -1 -1 
911 160 93 61 0.06330444663763046 3 -1 -1 
380 703 107 61 0.06308955699205399 5 -1 -1 
1105 653 197 112 0.06283435970544815 2 -1 -1 
260 161 165 96 0.06203171983361244 7 -1 -1 
1025 535 178 148 0.06191574037075043 7 -1 -1 
651 0 166 45 0.0605706050992012 9 -1 -1 
710 77 149 102 0.060490138828754425 7 -1 -1 
711 79 149 101 0.060475125908851624 10 -1 -1 
472 574 178 189 0.05932597815990448 8 -1 -1 
909 159 109 124 0.05904557183384895 8 -1 -1 
911 164 48 41 0.05876409262418747 10 -1 -1 
428 701 59 63 0.058366693556308746 4 -1 -1 
1037 557 216 177 0.05811355635523796 4 -1 -1 
620 0 150 47 0.05671495944261551 6 -1 -1 
474 581 45 136 0.05656828731298447 9 -1 -1 
1110 653 191 112 0.056458182632923126 9 -1 -1 
910 152 79 50 0.05637843534350395 3 -1 -1 
911 160 111 123 0.056070003658533096 5 -1 -1 
567 75 34 59 0.05577032268047333 1 -1 -1 
62 437 33 30 0.05486372485756874 1 -1 -1 
646 1 157 104 0.05445230379700661 9 -1 -1 
32 422 101 98 0.05405501276254654 6 -1 -1 
626 0 126 26 0.0539388544857502 4 -1 -1 
380 703 107 61 0.053587332367897034 1 -1 -1 
909 159 109 124 0.05263509973883629 7 -1 -1 
260 161 165 96 0.052052296698093414 6 -1 -1 
273 492 190 180 0.051243361085653305 4 -1 -1 
646 1 156 105 0.05122194439172745 1 -1 -1 
758 67 27 37 0.050445541739463806 1 -1 -1 
