1170 175 55 47 0.9393422603607178 4 -1 -1 
273 520 46 47 0.882888674736023 10 -1 -1 
364 567 37 53 0.8775548338890076 10 -1 -1 
-2 632 151 127 0.8649596571922302 4 -1 -1 
397 593 42 49 0.8639314770698547 10 -1 -1 
1112 330 113 53 0.8619577288627625 4 -1 -1 
1185 419 23 45 0.8579171299934387 1 -1 -1 
1215 421 28 44 0.7940723299980164 1 -1 -1 
52 432 132 97 0.7891924381256104 4 -1 -1 
935 741 23 22 0.602669894695282 1 -1 -1 
301 468 53 39 0.48853152990341187 3 -1 -1 
52 432 132 98 0.403238981962204 5 -1 -1 
397 594 42 48 0.34694555401802063 4 -1 -1 
273 520 46 46 0.34267833828926086 4 -1 -1 
935 741 23 23 0.2913375794887543 2 -1 -1 
364 568 37 52 0.24514485895633698 4 -1 -1 
397 593 42 49 0.2039288431406021 3 -1 -1 
273 520 45 47 0.16618679463863373 9 -1 -1 
1185 419 23 45 0.15142832696437836 4 -1 -1 
397 593 42 49 0.14381948113441467 9 -1 -1 
1215 421 29 43 0.12884458899497986 4 -1 -1 
1170 175 55 47 0.12697750329971313 1 -1 -1 
302 478 44 26 0.11820193380117416 3 -1 -1 
935 741 23 23 0.1155431866645813 10 -1 -1 
273 520 45 47 0.11550566554069519 3 -1 -1 
397 593 42 49 0.11350083351135254 1 -1 -1 
300 468 38 33 0.11259646713733673 3 -1 -1 
364 568 37 51 0.105776846408844 3 -1 -1 
364 567 37 53 0.09969776123762131 1 -1 -1 
1114 330 110 53 0.09486386924982071 5 -1 -1 
364 568 36 52 0.09333813935518265 2 -1 -1 
137 439 46 49 0.09269198030233383 10 -1 -1 
137 432 47 55 0.09205708652734756 3 -1 -1 
1170 175 55 47 0.0893784686923027 9 -1 -1 
1112 330 113 53 0.08717460185289383 1 -1 -1 
364 568 36 52 0.08565330505371094 9 -1 -1 
220 398 15 26 0.08557705581188202 1 -1 -1 
53 432 131 98 0.0844138115644455 6 -1 -1 
0 633 150 125 0.08401612937450409 1 -1 -1 
556 163 9 25 0.0838731974363327 1 -1 -1 
155 451 28 36 0.08374883979558945 10 -1 -1 
273 520 45 47 0.08207385987043381 7 -1 -1 
273 520 45 47 0.08097195625305176 1 -1 -1 
273 521 45 46 0.08014889061450958 2 -1 -1 
399 509 8 21 0.07941994071006775 1 -1 -1 
1112 330 113 53 0.07769643515348434 10 -1 -1 
147 450 33 35 0.07569067180156708 2 -1 -1 
52 432 132 98 0.07510997354984283 9 -1 -1 
362 491 8 19 0.0748995691537857 1 -1 -1 
930 735 27 27 0.07480394840240479 2 -1 -1 
155 450 28 37 0.07438638806343079 3 -1 -1 
1352 148 6 18 0.07414456456899643 1 -1 -1 
-2 633 152 125 0.07348307967185974 5 -1 -1 
1114 330 110 53 0.07090640813112259 9 -1 -1 
1170 175 55 47 0.07084591686725616 7 -1 -1 
302 471 52 36 0.07079985737800598 10 -1 -1 
935 741 23 23 0.07031238824129105 3 -1 -1 
1170 175 55 47 0.07026972621679306 10 -1 -1 
924 741 28 22 0.06854046881198883 1 -1 -1 
1185 419 23 45 0.0675806850194931 2 -1 -1 
1215 421 28 44 0.06747610121965408 2 -1 -1 
932 749 18 15 0.06716474145650864 1 -1 -1 
514 637 11 13 0.06657611578702927 3 -1 -1 
395 591 43 51 0.06650666892528534 2 -1 -1 
935 741 23 23 0.06641511619091034 4 -1 -1 
1192 419 37 46 0.06620772182941437 1 -1 -1 
281 521 37 33 0.06553418934345245 10 -1 -1 
161 245 50 32 0.06522367894649506 3 -1 -1 
0 633 150 125 0.06501778960227966 10 -1 -1 
501 637 20 16 0.06465218961238861 10 -1 -1 
151 452 31 36 0.06459549069404602 1 -1 -1 
1170 175 55 47 0.06440857797861099 5 -1 -1 
143 431 20 36 0.06432540714740753 1 -1 -1 
397 593 42 49 0.06382626295089722 7 -1 -1 
934 749 17 14 0.06372396647930145 2 -1 -1 
514 637 11 13 0.06333031505346298 1 -1 -1 
175 250 35 26 0.06320244818925858 3 -1 -1 
1279 37 76 55 0.062468208372592926 4 -1 -1 
52 432 133 97 0.0623755119740963 10 -1 -1 
364 568 37 51 0.06237306073307991 7 -1 -1 
219 398 16 27 0.06134665384888649 3 -1 -1 
1170 175 55 47 0.06102858856320381 6 -1 -1 
1185 419 23 45 0.05985790863633156 10 -1 -1 
944 738 17 25 0.05890725553035736 1 -1 -1 
315 466 34 39 0.058785393834114075 3 -1 -1 
305 473 44 31 0.058625515550374985 7 -1 -1 
377 568 24 36 0.058577097952365875 10 -1 -1 
1019 5 61 54 0.0584319606423378 4 -1 -1 
298 464 25 37 0.05841193348169327 3 -1 -1 
1112 330 112 53 0.057683102786540985 6 -1 -1 
495 631 28 22 0.05716016888618469 10 -1 -1 
497 633 29 21 0.05705418437719345 3 -1 -1 
350 568 34 51 0.05687418207526207 9 -1 -1 
296 451 39 52 0.05683217570185661 3 -1 -1 
148 449 20 33 0.056716322898864746 2 -1 -1 
1112 330 113 53 0.0540689118206501 7 -1 -1 
170 234 45 43 0.053975433111190796 3 -1 -1 
306 472 43 32 0.05362504720687866 9 -1 -1 
217 404 11 19 0.05256263539195061 1 -1 -1 
144 447 21 30 0.05241063982248306 2 -1 -1 
1266 38 88 77 0.052244771271944046 4 -1 -1 
53 432 130 98 0.0520799420773983 8 -1 -1 
146 138 18 18 0.05205513909459114 3 -1 -1 
303 481 53 30 0.05199503153562546 3 -1 -1 
509 636 14 15 0.05192938446998596 1 -1 -1 
213 398 19 29 0.05192381516098976 1 -1 -1 
-2 633 152 125 0.0519108809530735 9 -1 -1 
138 444 45 45 0.051816243678331375 2 -1 -1 
783 670 9 24 0.051759522408246994 1 -1 -1 
52 432 132 98 0.05157031491398811 1 -1 -1 
513 637 12 13 0.05155734717845917 10 -1 -1 
145 449 28 32 0.050156187266111374 1 -1 -1 
