705 662 62 103 0.9967346787452698 6 -1 -1 
640 1 44 25 0.993039608001709 6 -1 -1 
65 479 87 100 0.9858375191688538 5 -1 -1 
387 419 95 58 0.9798612594604492 5 -1 -1 
1094 426 123 49 0.9555332064628601 4 -1 -1 
1060 506 88 102 0.9382145404815674 4 -1 -1 
403 590 82 122 0.9340695738792419 4 -1 -1 
867 562 74 99 0.9330518245697021 4 -1 -1 
1185 611 118 132 0.9255279898643494 4 -1 -1 
930 164 60 25 0.9132300615310669 4 -1 -1 
784 204 11 27 0.8910160660743713 1 -1 -1 
802 244 36 37 0.8908105492591858 4 -1 -1 
1045 254 48 40 0.8863751292228699 4 -1 -1 
962 220 45 41 0.8848779797554016 4 -1 -1 
168 418 44 26 0.883484423160553 10 -1 -1 
1116 319 42 44 0.8819509744644165 4 -1 -1 
800 33 53 25 0.8806959986686707 5 -1 -1 
389 167 67 28 0.8788422346115112 4 -1 -1 
363 191 72 34 0.8775424957275391 4 -1 -1 
815 304 43 47 0.8751105070114136 4 -1 -1 
-1 572 104 116 0.8723074197769165 4 -1 -1 
789 124 26 26 0.8630714416503906 4 -1 -1 
812 149 65 24 0.8560006618499756 4 -1 -1 
886 668 65 96 0.8532974123954773 4 -1 -1 
738 70 21 23 0.8527378439903259 4 -1 -1 
897 52 42 19 0.8379924893379211 4 -1 -1 
521 52 23 18 0.8369734883308411 4 -1 -1 
1073 579 31 45 0.8366151452064514 10 -1 -1 
665 28 19 18 0.8351372480392456 4 -1 -1 
262 464 85 85 0.8302512764930725 4 -1 -1 
519 274 46 43 0.8293312788009644 4 -1 -1 
515 455 15 37 0.8284649848937988 1 -1 -1 
825 170 67 31 0.8270742297172546 4 -1 -1 
846 53 43 17 0.8262931108474731 4 -1 -1 
637 17 39 16 0.8255445957183838 4 -1 -1 
782 52 44 20 0.8237221240997314 4 -1 -1 
811 137 60 23 0.8229830861091614 4 -1 -1 
900 111 58 21 0.818159818649292 4 -1 -1 
764 14 34 14 0.8168765902519226 4 -1 -1 
982 335 60 56 0.8162766098976135 4 -1 -1 
752 122 26 25 0.8149019479751587 4 -1 -1 
711 16 32 19 0.8131539225578308 4 -1 -1 
508 82 8 20 0.8129231333732605 1 -1 -1 
902 129 56 26 0.8124874830245972 4 -1 -1 
515 84 8 18 0.8109708428382874 1 -1 -1 
414 142 59 23 0.809492826461792 4 -1 -1 
460 111 21 16 0.8090428113937378 10 -1 -1 
860 81 48 21 0.8080646395683289 4 -1 -1 
505 309 51 58 0.7972858548164368 4 -1 -1 
411 129 59 24 0.7971575260162354 4 -1 -1 
708 64 22 20 0.7858452200889587 4 -1 -1 
772 72 22 18 0.7834446430206299 4 -1 -1 
837 212 72 30 0.7827526330947876 4 -1 -1 
419 252 92 35 0.778136670589447 4 -1 -1 
868 120 48 20 0.77695631980896 4 -1 -1 
839 193 70 28 0.7683110237121582 4 -1 -1 
297 265 31 24 0.7656669020652771 10 -1 -1 
877 94 55 21 0.7647042274475098 4 -1 -1 
908 165 8 20 0.7631604671478271 1 -1 -1 
542 449 11 37 0.7623926401138306 1 -1 -1 
556 192 42 33 0.7588861584663391 4 -1 -1 
1067 286 11 28 0.7552026510238647 1 -1 -1 
495 211 78 35 0.7551271915435791 4 -1 -1 
894 167 9 22 0.7508002519607544 1 -1 -1 
769 83 23 22 0.7451068162918091 4 -1 -1 
766 272 12 22 0.7450064420700073 2 -1 -1 
584 116 26 29 0.7381933927536011 4 -1 -1 
433 222 75 33 0.7369760870933533 4 -1 -1 
395 153 64 27 0.7290445566177368 4 -1 -1 
529 36 38 18 0.7287358045578003 4 -1 -1 
497 51 20 19 0.7272404432296753 4 -1 -1 
703 86 10 15 0.7130224704742432 10 -1 -1 
898 103 53 22 0.6990372538566589 4 -1 -1 
940 63 43 19 0.6990229487419128 4 -1 -1 
466 66 26 27 0.6728160977363586 4 -1 -1 
766 278 11 24 0.6710445880889893 10 -1 -1 
476 33 38 14 0.6677268743515015 4 -1 -1 
478 235 76 39 0.6654731035232544 4 -1 -1 
874 384 110 47 0.6601493954658508 4 -1 -1 
569 170 30 29 0.6582114696502686 4 -1 -1 
393 368 118 50 0.648088276386261 4 -1 -1 
456 86 29 30 0.6407778263092041 5 -1 -1 
856 78 48 18 0.6389116048812866 4 -1 -1 
552 79 50 20 0.6339125037193298 4 -1 -1 
852 70 49 20 0.6335472464561462 4 -1 -1 
875 64 55 22 0.6314240097999573 4 -1 -1 
857 228 64 29 0.6303869485855103 4 -1 -1 
589 90 27 31 0.6223019361495972 4 -1 -1 
517 105 25 28 0.6194145083427429 4 -1 -1 
554 58 43 18 0.6164790391921997 4 -1 -1 
306 236 11 21 0.6044955849647522 1 -1 -1 
703 83 9 14 0.6020699143409729 2 -1 -1 
953 257 66 74 0.5956414341926575 8 -1 -1 
572 50 41 17 0.5922598242759705 4 -1 -1 
921 42 42 17 0.5858017206192017 4 -1 -1 
739 92 7 13 0.5841884016990662 2 -1 -1 
1002 171 19 18 0.5705534815788269 10 -1 -1 
13 195 12 31 0.5692611336708069 1 -1 -1 
608 67 18 22 0.5670781135559082 5 -1 -1 
628 49 7 18 0.5620409250259399 1 -1 -1 
422 32 39 17 0.5443594455718994 4 -1 -1 
461 58 5 18 0.5297181606292725 1 -1 -1 
707 37 7 16 0.529382050037384 1 -1 -1 
775 35 42 17 0.5185710191726685 4 -1 -1 
790 94 24 27 0.5052779912948608 4 -1 -1 
738 97 8 12 0.49854618310928345 10 -1 -1 
581 21 35 15 0.4835621416568756 4 -1 -1 
321 263 13 14 0.47856080532073975 2 -1 -1 
568 36 43 25 0.47422802448272705 5 -1 -1 
893 99 49 20 0.47075778245925903 4 -1 -1 
495 39 31 20 0.46921423077583313 5 -1 -1 
969 135 11 19 0.4670599102973938 2 -1 -1 
8 196 11 31 0.4642833173274994 1 -1 -1 
391 194 44 31 0.45709872245788574 4 -1 -1 
628 49 7 14 0.4570346772670746 2 -1 -1 
863 43 43 16 0.4560106694698334 4 -1 -1 
972 141 10 15 0.4458146095275879 1 -1 -1 
790 94 24 27 0.43728604912757874 6 -1 -1 
628 55 6 12 0.42257001996040344 3 -1 -1 
1075 199 8 16 0.42123663425445557 2 -1 -1 
233 498 31 38 0.4208638668060303 10 -1 -1 
638 8 41 23 0.41993725299835205 6 -1 -1 
449 45 17 13 0.4174025058746338 3 -1 -1 
456 86 29 30 0.41445064544677734 4 -1 -1 
969 136 12 20 0.4128812849521637 10 -1 -1 
705 662 62 103 0.41104158759117126 4 -1 -1 
608 67 18 23 0.41052111983299255 4 -1 -1 
449 45 17 14 0.4085988402366638 10 -1 -1 
529 36 21 16 0.40099018812179565 4 -1 -1 
473 46 6 11 0.39878058433532715 1 -1 -1 
863 40 38 14 0.3987448811531067 4 -1 -1 
758 27 10 11 0.39776480197906494 3 -1 -1 
1141 698 35 64 0.3946443796157837 1 -1 -1 
366 275 10 26 0.39456573128700256 1 -1 -1 
842 221 75 32 0.3913988173007965 4 -1 -1 
554 66 45 21 0.39082032442092896 4 -1 -1 
941 72 15 15 0.390712708234787 10 -1 -1 
868 64 61 22 0.3896048963069916 6 -1 -1 
466 66 26 27 0.38638821244239807 5 -1 -1 
404 145 65 28 0.38301175832748413 4 -1 -1 
233 498 30 37 0.38187918066978455 3 -1 -1 
473 235 81 39 0.36048540472984314 5 -1 -1 
779 45 45 21 0.34061241149902344 4 -1 -1 
705 662 62 103 0.31919142603874207 10 -1 -1 
953 257 65 73 0.30332696437835693 6 -1 -1 
705 662 62 103 0.3026783764362335 7 -1 -1 
837 202 73 32 0.29683610796928406 4 -1 -1 
952 257 65 73 0.2776491343975067 5 -1 -1 
705 662 62 103 0.27560359239578247 5 -1 -1 
568 45 43 19 0.27031150460243225 4 -1 -1 
640 1 44 25 0.26243990659713745 5 -1 -1 
64 479 88 100 0.2586647868156433 4 -1 -1 
552 62 43 21 0.2580100893974304 4 -1 -1 
639 1 44 26 0.254900187253952 4 -1 -1 
386 419 96 58 0.25377318263053894 4 -1 -1 
545 71 49 20 0.24562957882881165 4 -1 -1 
874 383 109 46 0.22714078426361084 5 -1 -1 
568 37 42 24 0.22656401991844177 4 -1 -1 
356 320 56 69 0.2171533703804016 4 -1 -1 
417 351 94 64 0.21713170409202576 4 -1 -1 
705 662 62 102 0.209530770778656 9 -1 -1 
589 90 27 31 0.20891858637332916 5 -1 -1 
640 1 44 25 0.19557397067546844 10 -1 -1 
705 662 62 103 0.19287143647670746 8 -1 -1 
780 33 59 22 0.19088990986347198 4 -1 -1 
565 53 47 18 0.19003544747829437 4 -1 -1 
65 479 87 100 0.18224459886550903 8 -1 -1 
705 662 62 102 0.18041731417179108 3 -1 -1 
799 33 55 25 0.17915354669094086 9 -1 -1 
782 53 44 19 0.17471785843372345 5 -1 -1 
433 223 77 33 0.17443187534809113 5 -1 -1 
64 479 88 100 0.17114907503128052 10 -1 -1 
418 31 43 18 0.17070232331752777 5 -1 -1 
367 339 145 84 0.16881097853183746 4 -1 -1 
800 33 53 24 0.16850779950618744 4 -1 -1 
64 479 88 100 0.16838115453720093 6 -1 -1 
394 360 116 58 0.16770341992378235 5 -1 -1 
705 662 62 103 0.16625019907951355 2 -1 -1 
257 566 107 47 0.16535361111164093 4 -1 -1 
558 52 40 19 0.16346460580825806 4 -1 -1 
1268 414 30 35 0.16292282938957214 10 -1 -1 
574 38 51 24 0.159162238240242 5 -1 -1 
570 49 44 17 0.15777933597564697 5 -1 -1 
877 390 110 61 0.15776380896568298 4 -1 -1 
408 589 59 68 0.15448175370693207 4 -1 -1 
640 1 44 25 0.15389205515384674 2 -1 -1 
640 1 44 25 0.15051168203353882 8 -1 -1 
553 77 50 21 0.1491444855928421 5 -1 -1 
953 258 66 74 0.14431606233119965 9 -1 -1 
569 170 30 29 0.14401297271251678 5 -1 -1 
420 46 31 26 0.14170779287815094 5 -1 -1 
568 37 45 23 0.14092350006103516 6 -1 -1 
640 1 44 25 0.13996857404708862 7 -1 -1 
262 465 88 84 0.13990822434425354 5 -1 -1 
555 58 42 18 0.1394597291946411 5 -1 -1 
1094 426 123 49 0.13854877650737762 1 -1 -1 
408 30 52 21 0.13801538944244385 4 -1 -1 
517 103 27 30 0.1368652731180191 5 -1 -1 
494 39 33 22 0.1366947889328003 6 -1 -1 
387 419 95 58 0.13571393489837646 6 -1 -1 
382 393 85 45 0.13471633195877075 4 -1 -1 
375 439 78 51 0.13067425787448883 5 -1 -1 
259 464 152 94 0.13049282133579254 4 -1 -1 
558 59 51 21 0.12840090692043304 4 -1 -1 
65 479 87 100 0.12768666446208954 7 -1 -1 
420 253 90 34 0.12549355626106262 5 -1 -1 
1093 426 124 49 0.1253647357225418 9 -1 -1 
354 452 87 52 0.12489727884531021 4 -1 -1 
379 373 98 58 0.12468349933624268 4 -1 -1 
529 35 39 19 0.12142451852560043 5 -1 -1 
494 38 33 21 0.1204165518283844 4 -1 -1 
554 66 45 21 0.11986679583787918 5 -1 -1 
65 479 87 100 0.11872303485870361 2 -1 -1 
705 662 62 103 0.11789242178201675 1 -1 -1 
64 479 88 100 0.11766421794891357 9 -1 -1 
775 34 46 19 0.11736150830984116 5 -1 -1 
360 317 74 63 0.11515818536281586 4 -1 -1 
418 45 33 26 0.11440868675708771 4 -1 -1 
340 457 99 61 0.11242356896400452 4 -1 -1 
574 38 51 24 0.11226648092269897 4 -1 -1 
387 419 95 58 0.11139493435621262 10 -1 -1 
1060 506 88 102 0.11089291423559189 1 -1 -1 
849 233 75 41 0.10951332747936249 4 -1 -1 
432 234 87 36 0.10950343310832977 4 -1 -1 
365 343 148 79 0.1007397398352623 5 -1 -1 
256 548 157 92 0.08212698996067047 4 -1 -1 
365 340 147 82 0.07807404547929764 6 -1 -1 
365 340 147 82 0.06378919631242752 9 -1 -1 
256 548 157 92 0.057279322296381 5 -1 -1 
252 448 125 102 0.055300235748291016 4 -1 -1 
359 359 146 90 0.05528807267546654 4 -1 -1 
1291 518 70 154 0.05430912226438522 4 -1 -1 
1294 522 69 152 0.053892526775598526 9 -1 -1 
359 359 146 90 0.05326540395617485 5 -1 -1 
257 549 154 88 0.05007154494524002 6 -1 -1 
