620 425 107 259 0.9989370703697205 9 -1 -1 
1025 529 53 36 0.9918579459190369 3 -1 -1 
472 198 59 105 0.9843345284461975 6 -1 -1 
659 85 36 46 0.9788728952407837 5 -1 -1 
792 527 93 174 0.9762659072875977 5 -1 -1 
1091 611 53 36 0.9624828696250916 3 -1 -1 
408 586 79 142 0.9476423859596252 4 -1 -1 
537 281 16 44 0.9345807433128357 1 -1 -1 
523 277 15 42 0.9253184795379639 1 -1 -1 
529 546 17 50 0.9191612005233765 1 -1 -1 
513 545 18 49 0.8982539772987366 1 -1 -1 
730 339 123 55 0.874297559261322 4 -1 -1 
788 392 65 74 0.830362856388092 4 -1 -1 
421 370 113 92 0.8104994893074036 4 -1 -1 
406 328 108 75 0.8071970343589783 4 -1 -1 
919 220 17 40 0.7854726910591125 1 -1 -1 
897 715 59 41 0.7630475759506226 10 -1 -1 
1070 633 24 43 0.7615522742271423 1 -1 -1 
739 125 44 44 0.7516065835952759 4 -1 -1 
472 132 56 54 0.7327050566673279 4 -1 -1 
1074 498 30 57 0.7190400958061218 10 -1 -1 
748 214 58 85 0.7148714065551758 4 -1 -1 
674 49 33 35 0.7087327837944031 4 -1 -1 
1027 488 49 31 0.6858765482902527 10 -1 -1 
1102 541 19 36 0.6755416989326477 10 -1 -1 
805 110 66 56 0.6643303036689758 4 -1 -1 
482 172 43 48 0.6563413143157959 4 -1 -1 
533 140 19 37 0.6386179327964783 10 -1 -1 
703 155 53 54 0.6361138224601746 5 -1 -1 
673 15 28 32 0.6347308158874512 4 -1 -1 
1101 541 24 54 0.6343222260475159 10 -1 -1 
535 141 17 35 0.6182451248168945 7 -1 -1 
718 48 39 46 0.6134727001190186 4 -1 -1 
618 133 12 23 0.5950221419334412 2 -1 -1 
165 411 26 40 0.5838282108306885 3 -1 -1 
535 139 15 25 0.5834314823150635 2 -1 -1 
1060 530 18 32 0.5694957375526428 3 -1 -1 
532 657 22 45 0.5593264698982239 2 -1 -1 
1069 671 41 41 0.5384775400161743 2 -1 -1 
1109 576 35 52 0.5350174903869629 10 -1 -1 
532 681 23 44 0.5218235850334167 10 -1 -1 
703 154 54 54 0.5118946433067322 4 -1 -1 
621 422 105 266 0.5084075927734375 4 -1 -1 
674 49 33 35 0.5056877136230469 6 -1 -1 
1068 680 33 31 0.47771093249320984 1 -1 -1 
561 0 11 17 0.47399958968162537 10 -1 -1 
618 138 12 27 0.46731337904930115 10 -1 -1 
618 138 12 27 0.4544944763183594 3 -1 -1 
1024 529 54 36 0.4296416640281677 7 -1 -1 
620 425 107 259 0.4293789267539978 10 -1 -1 
240 248 12 28 0.4202253520488739 1 -1 -1 
527 278 19 45 0.4201165437698364 1 -1 -1 
618 133 13 31 0.4163040518760681 1 -1 -1 
722 21 61 30 0.40263575315475464 4 -1 -1 
861 425 108 167 0.4005287289619446 6 -1 -1 
955 57 30 33 0.40038764476776123 5 -1 -1 
1027 488 46 30 0.39641472697257996 3 -1 -1 
620 425 107 259 0.3960858881473541 3 -1 -1 
620 425 107 259 0.39433810114860535 1 -1 -1 
532 657 22 46 0.3899073898792267 1 -1 -1 
471 197 59 106 0.3799806535243988 5 -1 -1 
1024 529 54 36 0.3732195198535919 4 -1 -1 
871 94 14 33 0.3730161488056183 1 -1 -1 
535 142 17 34 0.3657721281051636 3 -1 -1 
1024 529 54 36 0.3508882522583008 9 -1 -1 
1074 525 27 30 0.34796130657196045 10 -1 -1 
620 425 107 259 0.3396425247192383 5 -1 -1 
672 15 28 33 0.3309423327445984 5 -1 -1 
898 713 56 42 0.3260836899280548 3 -1 -1 
531 682 22 44 0.32464122772216797 3 -1 -1 
1079 677 32 34 0.3239906132221222 1 -1 -1 
621 422 105 266 0.3232892155647278 6 -1 -1 
958 54 27 35 0.31326553225517273 4 -1 -1 
561 0 11 17 0.31299084424972534 7 -1 -1 
792 528 93 173 0.3091556429862976 9 -1 -1 
531 660 23 56 0.30449366569519043 10 -1 -1 
1068 680 28 31 0.30318671464920044 2 -1 -1 
433 249 80 55 0.3010462820529938 4 -1 -1 
1100 541 23 54 0.2991914451122284 3 -1 -1 
619 422 108 265 0.29872268438339233 7 -1 -1 
619 424 108 260 0.2911544144153595 2 -1 -1 
561 0 11 17 0.2834550440311432 3 -1 -1 
1087 672 24 40 0.2830667495727539 2 -1 -1 
144 445 28 42 0.2812687158584595 2 -1 -1 
739 125 44 44 0.2754199504852295 5 -1 -1 
955 730 81 34 0.2725515365600586 4 -1 -1 
532 671 23 51 0.27079084515571594 2 -1 -1 
991 309 6 19 0.2591884732246399 1 -1 -1 
531 660 23 56 0.25795429944992065 3 -1 -1 
619 422 108 265 0.25606098771095276 8 -1 -1 
674 49 33 35 0.25526681542396545 5 -1 -1 
1092 677 19 32 0.25501883029937744 1 -1 -1 
989 283 15 45 0.2451305091381073 1 -1 -1 
383 272 75 42 0.2434229552745819 4 -1 -1 
719 49 35 45 0.2433202564716339 5 -1 -1 
538 281 15 45 0.24188032746315002 4 -1 -1 
1068 656 34 53 0.24092888832092285 1 -1 -1 
1068 686 25 26 0.238459974527359 1 -1 -1 
958 45 31 44 0.2338186800479889 5 -1 -1 
531 690 17 37 0.2318933606147766 10 -1 -1 
1083 526 25 30 0.23085668683052063 10 -1 -1 
639 124 11 25 0.23074570298194885 1 -1 -1 
756 454 61 75 0.22638927400112152 5 -1 -1 
921 210 12 29 0.2258562445640564 1 -1 -1 
659 85 36 46 0.2206348180770874 4 -1 -1 
421 371 114 90 0.21926483511924744 5 -1 -1 
1109 576 35 58 0.21821734309196472 7 -1 -1 
947 47 37 42 0.21815182268619537 5 -1 -1 
1100 584 46 62 0.21730194985866547 10 -1 -1 
1114 596 30 52 0.21570497751235962 3 -1 -1 
1091 609 55 38 0.21229663491249084 10 -1 -1 
484 129 43 43 0.21197694540023804 4 -1 -1 
674 7 26 28 0.2094421237707138 4 -1 -1 
856 418 67 122 0.20640967786312103 6 -1 -1 
951 43 34 45 0.20587937533855438 4 -1 -1 
871 94 39 35 0.20400968194007874 4 -1 -1 
792 527 93 174 0.20202042162418365 8 -1 -1 
618 137 12 27 0.20033636689186096 2 -1 -1 
532 684 20 42 0.19996769726276398 7 -1 -1 
922 219 13 31 0.19990767538547516 1 -1 -1 
1068 677 41 34 0.19640040397644043 10 -1 -1 
419 252 68 55 0.1958342045545578 4 -1 -1 
399 256 61 57 0.18705250322818756 4 -1 -1 
523 277 15 42 0.18640390038490295 4 -1 -1 
238 250 13 26 0.18627150356769562 2 -1 -1 
107 460 23 33 0.1844681203365326 10 -1 -1 
1068 656 34 53 0.18382038176059723 2 -1 -1 
897 715 59 41 0.1808331459760666 4 -1 -1 
377 247 83 59 0.17975248396396637 4 -1 -1 
780 47 14 40 0.17404906451702118 1 -1 -1 
805 109 65 57 0.1718161553144455 5 -1 -1 
472 198 59 105 0.1644131988286972 4 -1 -1 
1100 584 46 62 0.15858660638332367 3 -1 -1 
1102 551 44 68 0.1554197520017624 10 -1 -1 
472 131 56 54 0.15220309793949127 5 -1 -1 
429 249 77 54 0.15081216394901276 5 -1 -1 
871 93 48 54 0.15080194175243378 4 -1 -1 
1100 541 38 60 0.1472136676311493 10 -1 -1 
792 528 93 172 0.14651449024677277 4 -1 -1 
967 722 85 40 0.14579850435256958 4 -1 -1 
955 731 85 33 0.14539794623851776 5 -1 -1 
788 392 66 73 0.1452704668045044 5 -1 -1 
107 455 25 35 0.1427418291568756 1 -1 -1 
792 527 93 174 0.14268119633197784 10 -1 -1 
408 586 79 142 0.13718082010746002 1 -1 -1 
1073 670 40 60 0.13667628169059753 2 -1 -1 
402 326 117 92 0.13654422760009766 5 -1 -1 
860 420 101 160 0.13290202617645264 9 -1 -1 
445 133 61 55 0.1282147318124771 4 -1 -1 
419 370 116 94 0.1270279437303543 6 -1 -1 
434 198 96 109 0.12687444686889648 6 -1 -1 
1025 484 59 35 0.12304548174142838 7 -1 -1 
819 99 71 63 0.1226109117269516 4 -1 -1 
860 420 101 160 0.12105001509189606 5 -1 -1 
382 258 77 56 0.11896724998950958 5 -1 -1 
408 586 79 142 0.1187979206442833 9 -1 -1 
355 258 103 55 0.1180105060338974 4 -1 -1 
110 464 26 31 0.1179913878440857 10 -1 -1 
844 96 52 64 0.11763395369052887 4 -1 -1 
920 209 16 34 0.1162097305059433 10 -1 -1 
920 210 16 43 0.11606764793395996 3 -1 -1 
441 201 84 103 0.11510065943002701 4 -1 -1 
1067 675 49 42 0.11115505546331406 1 -1 -1 
946 722 70 41 0.11066266149282455 4 -1 -1 
791 528 94 173 0.1105537861585617 2 -1 -1 
953 727 91 36 0.11000216752290726 6 -1 -1 
472 198 59 105 0.1050233244895935 2 -1 -1 
361 277 95 42 0.10488715767860413 4 -1 -1 
1091 609 55 38 0.10462305694818497 7 -1 -1 
408 586 79 142 0.10437607020139694 10 -1 -1 
472 198 59 105 0.10419467091560364 10 -1 -1 
417 371 115 88 0.1036200225353241 1 -1 -1 
107 455 25 35 0.10297618061304092 2 -1 -1 
1067 633 41 74 0.1023634523153305 1 -1 -1 
472 197 60 107 0.10169925540685654 9 -1 -1 
408 252 59 57 0.10141445696353912 5 -1 -1 
791 528 94 173 0.10123536735773087 7 -1 -1 
1027 481 67 40 0.10044898092746735 10 -1 -1 
792 527 93 174 0.09951259940862656 6 -1 -1 
401 326 112 80 0.09943562746047974 9 -1 -1 
953 729 81 35 0.09644830971956253 8 -1 -1 
981 287 21 43 0.09621911495923996 1 -1 -1 
922 217 18 41 0.09571439027786255 1 -1 -1 
108 456 31 34 0.09536615759134293 10 -1 -1 
737 122 47 49 0.09526799619197845 6 -1 -1 
1100 584 46 62 0.09516437351703644 7 -1 -1 
1158 547 157 222 0.09439912438392639 9 -1 -1 
472 198 59 105 0.0937720313668251 8 -1 -1 
307 58 50 63 0.09293298423290253 6 -1 -1 
1024 528 55 37 0.09289118647575378 10 -1 -1 
1049 493 51 48 0.09285814315080643 10 -1 -1 
729 338 124 56 0.09193823486566544 1 -1 -1 
1073 497 32 59 0.09168269485235214 3 -1 -1 
805 110 66 56 0.09096729755401611 1 -1 -1 
461 250 62 55 0.09060989320278168 4 -1 -1 
441 201 84 103 0.0905589610338211 5 -1 -1 
110 464 26 31 0.09027429670095444 1 -1 -1 
799 677 87 42 0.0883047953248024 4 -1 -1 
868 98 49 78 0.08813377469778061 4 -1 -1 
460 137 61 57 0.08792194724082947 4 -1 -1 
967 722 85 40 0.08745718747377396 5 -1 -1 
949 725 72 38 0.0874268040060997 7 -1 -1 
472 198 59 105 0.0870458111166954 1 -1 -1 
960 733 87 31 0.08668980747461319 9 -1 -1 
106 463 22 35 0.08644681423902512 2 -1 -1 
417 371 115 88 0.08535631746053696 9 -1 -1 
427 228 75 75 0.08527525514364243 9 -1 -1 
529 659 27 66 0.08441402018070221 9 -1 -1 
237 243 17 33 0.08349289745092392 1 -1 -1 
1025 484 59 35 0.08333378285169601 8 -1 -1 
402 326 117 92 0.08306799083948135 1 -1 -1 
807 99 69 48 0.082252636551857 4 -1 -1 
359 272 98 45 0.08204526454210281 5 -1 -1 
408 586 80 142 0.08173311501741409 5 -1 -1 
1109 574 37 61 0.08156718313694 3 -1 -1 
946 724 71 40 0.08105431497097015 5 -1 -1 
919 220 17 40 0.08087889105081558 4 -1 -1 
1153 637 69 65 0.08059284090995789 3 -1 -1 
730 339 122 55 0.07970548421144485 5 -1 -1 
472 198 59 105 0.07937458157539368 7 -1 -1 
429 142 71 49 0.07808209210634232 4 -1 -1 
404 209 114 95 0.0772760733962059 6 -1 -1 
1120 662 36 67 0.077177494764328 1 -1 -1 
404 209 114 95 0.07198479026556015 4 -1 -1 
1158 547 157 222 0.07121453434228897 6 -1 -1 
727 336 128 58 0.0656174048781395 9 -1 -1 
399 196 120 107 0.06358091533184052 9 -1 -1 
404 209 114 95 0.06315319240093231 5 -1 -1 
748 368 107 99 0.056578297168016434 4 -1 -1 
369 225 135 80 0.055748216807842255 4 -1 -1 
