587 122 16 46 0.9386213421821594 1 -1 -1 
322 279 41 90 0.9235333800315857 1 -1 -1 
191 350 86 90 0.9138194918632507 3 -1 -1 
564 122 16 49 0.9121450781822205 1 -1 -1 
500 180 21 60 0.8479683995246887 1 -1 -1 
467 184 23 60 0.844806969165802 1 -1 -1 
444 177 25 62 0.7406179308891296 1 -1 -1 
1 402 107 75 0.7328355312347412 10 -1 -1 
452 180 25 62 0.6453244686126709 1 -1 -1 
17 370 58 86 0.5890037417411804 2 -1 -1 
186 317 50 81 0.5856945514678955 2 -1 -1 
175 291 34 72 0.49013271927833557 1 -1 -1 
591 77 14 21 0.4848765730857849 2 -1 -1 
177 291 33 72 0.4707990884780884 2 -1 -1 
198 341 71 78 0.44435545802116394 3 -1 -1 
588 102 13 23 0.44130343198776245 2 -1 -1 
337 278 31 92 0.4374884366989136 1 -1 -1 
193 330 51 82 0.39135122299194336 2 -1 -1 
25 393 58 70 0.38559213280677795 2 -1 -1 
178 308 53 70 0.3822923004627228 2 -1 -1 
183 295 52 65 0.3635774850845337 2 -1 -1 
586 101 18 32 0.3539511263370514 2 -1 -1 
175 298 44 78 0.34206634759902954 1 -1 -1 
349 277 22 59 0.3388180732727051 1 -1 -1 
8 403 94 71 0.33018359541893005 2 -1 -1 
99 86 14 37 0.32683101296424866 1 -1 -1 
590 82 14 21 0.32503291964530945 10 -1 -1 
588 106 14 25 0.32483744621276855 10 -1 -1 
194 344 70 76 0.32456761598587036 2 -1 -1 
586 101 17 33 0.30766624212265015 1 -1 -1 
176 335 82 101 0.30493950843811035 3 -1 -1 
38 379 48 72 0.2796792984008789 2 -1 -1 
181 288 41 59 0.2713383436203003 2 -1 -1 
586 114 19 36 0.26655858755111694 1 -1 -1 
1 402 107 75 0.2531712055206299 3 -1 -1 
47 405 33 46 0.25281238555908203 2 -1 -1 
103 54 11 31 0.2493307739496231 1 -1 -1 
118 89 12 23 0.2451115995645523 1 -1 -1 
17 370 58 86 0.24205569922924042 1 -1 -1 
591 78 13 22 0.2377540022134781 1 -1 -1 
182 315 52 71 0.23448865115642548 1 -1 -1 
591 81 12 23 0.22747662663459778 2 -1 -1 
566 134 12 36 0.22558219730854034 1 -1 -1 
196 334 51 80 0.22282937169075012 3 -1 -1 
591 87 12 21 0.21715717017650604 10 -1 -1 
588 102 13 23 0.21555526554584503 1 -1 -1 
191 343 71 83 0.21088331937789917 10 -1 -1 
181 320 88 93 0.20971143245697021 3 -1 -1 
0 190 18 33 0.1999306082725525 1 -1 -1 
585 108 19 31 0.19454403221607208 10 -1 -1 
97 53 17 33 0.19422733783721924 2 -1 -1 
222 345 53 65 0.18657764792442322 3 -1 -1 
436 116 9 17 0.18235640227794647 1 -1 -1 
191 350 86 90 0.18152372539043427 7 -1 -1 
185 301 50 63 0.18120762705802917 1 -1 -1 
197 298 31 40 0.18120159208774567 2 -1 -1 
52 382 39 60 0.17834646999835968 2 -1 -1 
587 122 16 46 0.1758458912372589 4 -1 -1 
180 288 35 62 0.17526426911354065 1 -1 -1 
190 324 52 83 0.17122651636600494 1 -1 -1 
118 89 9 19 0.1709819734096527 1 -1 -1 
595 75 11 20 0.1708945780992508 2 -1 -1 
590 85 13 22 0.16940991580486298 1 -1 -1 
177 315 58 65 0.16913585364818573 10 -1 -1 
47 385 39 34 0.16857494413852692 2 -1 -1 
332 74 10 20 0.16853637993335724 1 -1 -1 
10 364 90 90 0.1668023020029068 2 -1 -1 
590 75 13 18 0.1663818061351776 2 -1 -1 
22 366 68 64 0.16463950276374817 2 -1 -1 
189 291 49 50 0.1644289791584015 2 -1 -1 
174 295 24 64 0.1637604981660843 1 -1 -1 
591 90 11 22 0.16356949508190155 1 -1 -1 
197 303 43 51 0.16342909634113312 2 -1 -1 
436 116 9 16 0.16191628575325012 2 -1 -1 
177 333 53 74 0.16090480983257294 2 -1 -1 
184 304 29 50 0.15975071489810944 2 -1 -1 
322 279 41 90 0.15792274475097656 4 -1 -1 
334 71 10 22 0.15777166187763214 1 -1 -1 
196 311 45 75 0.15772868692874908 2 -1 -1 
315 278 33 88 0.15611235797405243 1 -1 -1 
216 86 12 32 0.1549171805381775 1 -1 -1 
591 88 11 20 0.15362119674682617 2 -1 -1 
196 308 29 42 0.15261735022068024 2 -1 -1 
587 105 21 31 0.15204742550849915 1 -1 -1 
349 277 20 50 0.14989562332630157 2 -1 -1 
193 100 10 20 0.14910362660884857 1 -1 -1 
100 86 9 25 0.1487247496843338 1 -1 -1 
590 99 13 20 0.148056760430336 2 -1 -1 
5 370 64 108 0.14773894846439362 2 -1 -1 
589 86 12 19 0.1474372297525406 10 -1 -1 
397 103 14 13 0.1473819762468338 3 -1 -1 
590 111 14 24 0.14737309515476227 10 -1 -1 
610 68 9 21 0.1466130167245865 1 -1 -1 
16 398 69 68 0.14547744393348694 10 -1 -1 
180 289 30 44 0.14475086331367493 2 -1 -1 
585 114 15 25 0.14295443892478943 1 -1 -1 
36 401 63 58 0.14281198382377625 2 -1 -1 
191 350 86 90 0.14144036173820496 8 -1 -1 
567 122 13 34 0.1410844922065735 1 -1 -1 
590 85 15 20 0.1407700926065445 3 -1 -1 
564 122 16 49 0.13829414546489716 4 -1 -1 
193 330 51 82 0.13819444179534912 10 -1 -1 
467 184 23 60 0.13773906230926514 4 -1 -1 
14 370 36 77 0.13689947128295898 2 -1 -1 
326 278 25 81 0.13660496473312378 1 -1 -1 
95 53 12 32 0.13387811183929443 1 -1 -1 
194 345 77 85 0.13378503918647766 1 -1 -1 
197 306 43 50 0.13292236626148224 3 -1 -1 
563 118 18 32 0.1311187744140625 1 -1 -1 
187 311 52 74 0.13005585968494415 3 -1 -1 
587 110 15 25 0.12988008558750153 3 -1 -1 
500 180 21 60 0.12867023050785065 4 -1 -1 
344 277 22 48 0.12861576676368713 1 -1 -1 
10 364 90 90 0.1251530945301056 1 -1 -1 
595 76 11 21 0.1248188391327858 1 -1 -1 
190 295 29 40 0.12421446293592453 2 -1 -1 
589 84 16 28 0.12228264659643173 2 -1 -1 
563 118 18 32 0.12221753597259521 2 -1 -1 
192 305 47 54 0.12028031796216965 10 -1 -1 
196 316 31 46 0.11766857653856277 2 -1 -1 
349 277 16 37 0.11551834642887115 2 -1 -1 
566 130 13 40 0.11519547551870346 9 -1 -1 
587 105 21 31 0.11510038375854492 2 -1 -1 
590 80 11 22 0.11411513388156891 1 -1 -1 
594 80 12 22 0.11398080736398697 2 -1 -1 
184 114 17 34 0.11356843262910843 1 -1 -1 
338 277 27 46 0.11272351443767548 2 -1 -1 
8 380 70 95 0.11146785318851471 10 -1 -1 
585 114 18 34 0.11120939254760742 2 -1 -1 
337 71 7 17 0.11062866449356079 1 -1 -1 
587 118 15 25 0.11059684306383133 1 -1 -1 
0 191 17 32 0.11050277948379517 2 -1 -1 
197 306 43 50 0.11002101004123688 1 -1 -1 
118 89 10 19 0.10738296806812286 2 -1 -1 
181 320 88 93 0.1069316491484642 10 -1 -1 
104 54 11 29 0.10651538521051407 2 -1 -1 
39 394 45 60 0.1061515361070633 1 -1 -1 
586 114 19 36 0.10591748356819153 10 -1 -1 
331 77 9 19 0.10590606182813644 1 -1 -1 
1 402 108 74 0.10580474138259888 4 -1 -1 
349 277 18 38 0.1044541448354721 1 -1 -1 
20 91 10 22 0.10392189770936966 1 -1 -1 
184 304 29 50 0.1038370281457901 1 -1 -1 
22 366 68 64 0.1035728007555008 1 -1 -1 
0 401 109 74 0.1034749299287796 7 -1 -1 
594 80 12 22 0.10342596471309662 10 -1 -1 
178 292 23 58 0.102391317486763 2 -1 -1 
53 389 42 38 0.10211990028619766 2 -1 -1 
331 277 23 63 0.10207782685756683 1 -1 -1 
193 381 78 59 0.10203836858272552 3 -1 -1 
215 347 60 68 0.10119758546352386 2 -1 -1 
560 119 18 37 0.10117045044898987 1 -1 -1 
194 101 10 15 0.10081208497285843 1 -1 -1 
588 102 20 33 0.09996949136257172 10 -1 -1 
444 177 25 62 0.09938964992761612 4 -1 -1 
192 309 28 50 0.09907815605401993 2 -1 -1 
564 118 15 22 0.09896054863929749 1 -1 -1 
463 79 8 14 0.09878995269536972 1 -1 -1 
367 65 9 25 0.0987553596496582 1 -1 -1 
168 290 35 68 0.09827390313148499 2 -1 -1 
180 289 30 44 0.098016656935215 1 -1 -1 
104 53 11 23 0.09766895323991776 1 -1 -1 
135 61 10 19 0.09700139611959457 2 -1 -1 
348 277 34 93 0.09622103720903397 1 -1 -1 
181 287 45 50 0.09618311375379562 1 -1 -1 
593 85 14 20 0.09591830521821976 10 -1 -1 
567 121 17 45 0.09591114521026611 1 -1 -1 
193 355 84 84 0.09567047655582428 2 -1 -1 
184 289 27 30 0.09530700743198395 2 -1 -1 
594 74 10 16 0.09460130333900452 2 -1 -1 
196 301 33 47 0.09429742395877838 1 -1 -1 
49 89 9 20 0.09345662593841553 1 -1 -1 
49 391 34 48 0.09303659945726395 2 -1 -1 
585 108 15 23 0.09210777282714844 2 -1 -1 
135 61 10 19 0.0920032262802124 1 -1 -1 
175 298 44 78 0.09180422127246857 10 -1 -1 
588 83 13 20 0.09152885526418686 3 -1 -1 
177 333 53 74 0.09031080454587936 10 -1 -1 
331 277 23 63 0.08933144062757492 2 -1 -1 
444 177 25 62 0.08881120383739471 2 -1 -1 
592 77 16 27 0.08811021596193314 2 -1 -1 
57 398 44 48 0.08795914798974991 2 -1 -1 
213 309 28 44 0.08761700242757797 3 -1 -1 
40 370 54 54 0.0875631719827652 2 -1 -1 
193 357 83 82 0.08735669404268265 10 -1 -1 
174 317 49 65 0.08669114857912064 3 -1 -1 
564 122 16 49 0.08653635531663895 2 -1 -1 
103 104 10 21 0.08643749356269836 1 -1 -1 
539 54 12 28 0.08628496527671814 1 -1 -1 
564 118 14 20 0.08610621094703674 2 -1 -1 
49 399 32 49 0.08587563037872314 1 -1 -1 
14 370 36 77 0.08586571365594864 1 -1 -1 
584 71 22 26 0.08545437455177307 2 -1 -1 
116 90 10 24 0.08528183400630951 1 -1 -1 
590 105 13 24 0.0848957747220993 1 -1 -1 
586 102 14 26 0.08487874269485474 10 -1 -1 
192 297 29 47 0.08472833782434464 1 -1 -1 
165 327 91 100 0.08416853100061417 10 -1 -1 
193 101 10 16 0.08410634100437164 2 -1 -1 
594 82 13 21 0.08398936688899994 3 -1 -1 
393 81 8 17 0.08389214426279068 1 -1 -1 
587 123 14 31 0.08354989439249039 1 -1 -1 
185 100 19 46 0.08342618495225906 1 -1 -1 
53 389 37 57 0.08340759575366974 1 -1 -1 
590 108 14 23 0.083067886531353 3 -1 -1 
172 324 51 67 0.08285799622535706 10 -1 -1 
181 319 89 89 0.0822342038154602 2 -1 -1 
589 118 20 42 0.08213301002979279 1 -1 -1 
590 80 14 20 0.0813446193933487 3 -1 -1 
444 177 23 38 0.08105949312448502 2 -1 -1 
198 341 71 78 0.08098450303077698 7 -1 -1 
183 327 54 80 0.08097035437822342 3 -1 -1 
47 385 39 34 0.08083175867795944 1 -1 -1 
358 72 8 22 0.07994604855775833 1 -1 -1 
104 87 20 35 0.07920637726783752 1 -1 -1 
3 403 98 72 0.07915846258401871 1 -1 -1 
321 278 41 90 0.07907847315073013 2 -1 -1 
188 131 8 17 0.07898474484682083 1 -1 -1 
587 105 21 31 0.07831823080778122 3 -1 -1 
452 180 25 62 0.0782691091299057 4 -1 -1 
583 118 16 39 0.0778191089630127 1 -1 -1 
589 72 18 27 0.07738525420427322 1 -1 -1 
177 333 53 74 0.07675885409116745 1 -1 -1 
592 124 19 44 0.07670159637928009 1 -1 -1 
13 365 92 81 0.07667767256498337 10 -1 -1 
3 395 98 81 0.07518382370471954 9 -1 -1 
330 268 36 73 0.07511623203754425 1 -1 -1 
557 122 20 49 0.07510519027709961 1 -1 -1 
117 76 17 35 0.07497777044773102 1 -1 -1 
185 301 50 63 0.07490091025829315 3 -1 -1 
23 401 70 60 0.07480692863464355 1 -1 -1 
560 119 18 37 0.0741376057267189 2 -1 -1 
585 112 18 31 0.07396017760038376 3 -1 -1 
191 350 86 90 0.07317600399255753 4 -1 -1 
46 400 53 56 0.07316861301660538 3 -1 -1 
172 324 51 67 0.07299388200044632 2 -1 -1 
5 370 64 108 0.07233195006847382 1 -1 -1 
467 183 24 61 0.07153137773275375 2 -1 -1 
45 373 48 63 0.07115183025598526 1 -1 -1 
190 365 56 74 0.07111801952123642 3 -1 -1 
587 122 16 46 0.07090376317501068 2 -1 -1 
16 356 88 78 0.07070045918226242 9 -1 -1 
205 320 52 83 0.0702153891324997 3 -1 -1 
187 99 17 30 0.07019452750682831 1 -1 -1 
539 52 17 30 0.06970112025737762 2 -1 -1 
200 376 89 65 0.06923534721136093 9 -1 -1 
165 327 91 100 0.0688285380601883 2 -1 -1 
169 309 79 94 0.06688007712364197 2 -1 -1 
115 90 16 33 0.06637942790985107 1 -1 -1 
341 276 29 59 0.06635335087776184 2 -1 -1 
30 346 54 61 0.06617376208305359 1 -1 -1 
191 346 76 89 0.06558424979448318 9 -1 -1 
559 63 15 41 0.06551537662744522 1 -1 -1 
25 393 58 70 0.06536319106817245 3 -1 -1 
33 402 62 58 0.0650794580578804 10 -1 -1 
184 340 60 83 0.06465250998735428 1 -1 -1 
184 342 63 93 0.06434313207864761 2 -1 -1 
481 182 38 63 0.06433190405368805 1 -1 -1 
452 180 25 62 0.0642775371670723 2 -1 -1 
29 383 53 71 0.0638483539223671 10 -1 -1 
172 314 87 94 0.060294631868600845 1 -1 -1 
8 367 90 94 0.05878249555826187 9 -1 -1 
566 118 29 53 0.05490532144904137 1 -1 -1 
169 309 79 94 0.05386711657047272 10 -1 -1 
176 335 82 101 0.05106449872255325 7 -1 -1 
169 309 79 94 0.051001690328121185 3 -1 -1 
