474 245 17 25 0.9985889792442322 9 -1 -1 
208 473 46 54 0.9277717471122742 4 -1 -1 
339 360 26 30 0.9165741801261902 4 -1 -1 
416 382 23 28 0.9086941480636597 4 -1 -1 
505 402 23 32 0.9006993174552917 4 -1 -1 
317 327 30 27 0.8965402841567993 4 -1 -1 
570 356 43 23 0.8934253454208374 4 -1 -1 
584 334 25 24 0.8908036351203918 4 -1 -1 
471 388 26 30 0.8901902437210083 4 -1 -1 
49 466 66 52 0.8900095820426941 4 -1 -1 
578 246 15 19 0.8810504078865051 6 -1 -1 
305 351 38 26 0.8652240037918091 4 -1 -1 
293 378 30 30 0.8537633419036865 4 -1 -1 
77 476 57 49 0.8535561561584473 4 -1 -1 
274 224 20 11 0.8348833322525024 5 -1 -1 
429 240 12 12 0.826438844203949 4 -1 -1 
462 352 24 23 0.8258535861968994 4 -1 -1 
130 470 55 60 0.821017324924469 5 -1 -1 
507 224 32 13 0.8197041749954224 6 -1 -1 
592 304 36 19 0.8189197182655334 4 -1 -1 
503 371 21 28 0.8086373209953308 4 -1 -1 
439 290 15 17 0.8018795847892761 4 -1 -1 
210 279 34 16 0.8016839623451233 4 -1 -1 
419 226 12 12 0.7997002005577087 4 -1 -1 
257 234 25 10 0.7972464561462402 4 -1 -1 
523 298 30 16 0.7873068451881409 4 -1 -1 
467 221 11 9 0.7803568840026855 4 -1 -1 
485 233 10 10 0.7798941731452942 4 -1 -1 
516 244 24 12 0.7753852009773254 5 -1 -1 
344 308 17 20 0.7730454206466675 4 -1 -1 
243 301 6 15 0.7719476222991943 1 -1 -1 
440 211 9 9 0.7626992464065552 4 -1 -1 
427 209 9 9 0.7337455749511719 4 -1 -1 
428 190 8 7 0.7187755703926086 4 -1 -1 
357 382 22 30 0.7128996253013611 4 -1 -1 
556 229 12 12 0.6985679268836975 4 -1 -1 
369 271 6 14 0.6941356062889099 1 -1 -1 
407 244 9 11 0.6855195164680481 6 -1 -1 
507 269 28 15 0.6810540556907654 5 -1 -1 
360 288 15 17 0.6743891835212708 4 -1 -1 
447 178 6 7 0.666333794593811 4 -1 -1 
516 280 30 15 0.6636849045753479 4 -1 -1 
537 206 9 8 0.657006025314331 4 -1 -1 
498 337 23 30 0.6569540500640869 4 -1 -1 
598 472 71 39 0.648868978023529 4 -1 -1 
363 273 6 13 0.646021842956543 1 -1 -1 
180 296 24 17 0.6444849371910095 7 -1 -1 
419 189 7 7 0.6444421410560608 4 -1 -1 
502 235 24 12 0.6401649117469788 6 -1 -1 
230 266 20 11 0.6280232667922974 10 -1 -1 
249 250 30 13 0.6278867125511169 4 -1 -1 
291 449 19 21 0.6277346014976501 10 -1 -1 
386 295 5 10 0.6206983327865601 2 -1 -1 
435 178 6 6 0.6147233247756958 4 -1 -1 
419 258 9 13 0.6124202609062195 7 -1 -1 
299 443 10 18 0.6081691980361938 2 -1 -1 
239 242 25 9 0.6079056262969971 4 -1 -1 
588 288 29 17 0.6003650426864624 4 -1 -1 
332 223 29 16 0.5950089693069458 5 -1 -1 
547 255 4 11 0.5846671462059021 1 -1 -1 
248 411 39 46 0.5805437564849854 4 -1 -1 
414 193 8 7 0.5733836889266968 4 -1 -1 
236 246 25 10 0.5714531540870667 4 -1 -1 
305 229 12 11 0.5690348148345947 4 -1 -1 
419 258 9 13 0.5639836192131042 8 -1 -1 
499 255 5 12 0.5605239868164062 1 -1 -1 
386 299 6 11 0.5548468828201294 10 -1 -1 
353 233 16 21 0.5426477193832397 5 -1 -1 
139 297 33 16 0.538923978805542 4 -1 -1 
407 244 10 11 0.5374433994293213 7 -1 -1 
436 171 7 7 0.5329074263572693 4 -1 -1 
416 210 9 9 0.5314430594444275 4 -1 -1 
515 251 24 11 0.5290698409080505 4 -1 -1 
518 202 10 10 0.5236272215843201 5 -1 -1 
517 257 26 11 0.517712414264679 4 -1 -1 
67 447 9 22 0.5174727439880371 1 -1 -1 
414 216 9 8 0.5137930512428284 8 -1 -1 
392 224 10 12 0.5005998611450195 5 -1 -1 
440 156 6 5 0.49470990896224976 4 -1 -1 
501 242 18 12 0.4884026050567627 4 -1 -1 
373 253 13 15 0.4873063266277313 5 -1 -1 
399 216 13 9 0.47247305512428284 4 -1 -1 
531 467 10 24 0.47163301706314087 10 -1 -1 
373 253 13 15 0.4695250689983368 4 -1 -1 
455 163 5 4 0.46808409690856934 4 -1 -1 
408 200 11 13 0.4664745032787323 6 -1 -1 
407 244 10 11 0.4614453613758087 8 -1 -1 
416 191 7 8 0.4547826945781708 4 -1 -1 
245 256 24 11 0.45317840576171875 5 -1 -1 
474 245 17 25 0.4461340308189392 4 -1 -1 
244 256 25 12 0.4437578320503235 4 -1 -1 
218 339 33 20 0.43990153074264526 4 -1 -1 
413 216 10 8 0.4316006004810333 7 -1 -1 
284 405 23 17 0.42973148822784424 7 -1 -1 
405 226 7 7 0.42830199003219604 7 -1 -1 
464 173 6 7 0.4249514639377594 5 -1 -1 
500 210 20 9 0.4230997860431671 4 -1 -1 
249 250 29 13 0.4170109033584595 5 -1 -1 
512 265 27 11 0.4163461923599243 4 -1 -1 
546 206 10 8 0.4147099256515503 4 -1 -1 
447 153 6 7 0.4146471917629242 4 -1 -1 
484 170 8 9 0.4143837094306946 6 -1 -1 
400 207 11 10 0.4056585729122162 4 -1 -1 
464 173 6 7 0.4029504954814911 6 -1 -1 
317 223 13 11 0.40147194266319275 4 -1 -1 
180 296 25 17 0.4009334146976471 8 -1 -1 
512 176 14 6 0.3998693525791168 4 -1 -1 
502 237 14 12 0.3986762762069702 4 -1 -1 
468 154 5 5 0.397808700799942 4 -1 -1 
241 260 24 11 0.39664122462272644 4 -1 -1 
484 169 8 10 0.39588820934295654 5 -1 -1 
518 201 10 11 0.38967159390449524 4 -1 -1 
512 260 27 11 0.38148945569992065 4 -1 -1 
437 198 3 7 0.3775486946105957 1 -1 -1 
407 200 12 13 0.37303081154823303 5 -1 -1 
509 211 14 9 0.36759689450263977 4 -1 -1 
495 232 5 13 0.36695781350135803 1 -1 -1 
386 299 6 11 0.3665269911289215 3 -1 -1 
474 245 17 25 0.36356040835380554 10 -1 -1 
392 223 11 12 0.36211147904396057 4 -1 -1 
489 273 6 10 0.3614436388015747 1 -1 -1 
291 448 17 22 0.3588240146636963 7 -1 -1 
245 261 19 10 0.35807332396507263 7 -1 -1 
220 236 19 12 0.3575153052806854 4 -1 -1 
488 224 3 8 0.35668352246284485 1 -1 -1 
394 200 12 8 0.3543541133403778 4 -1 -1 
332 223 29 16 0.35324862599372864 6 -1 -1 
407 200 12 13 0.3525918424129486 4 -1 -1 
435 177 7 6 0.351585328578949 4 -1 -1 
544 203 9 7 0.351357638835907 4 -1 -1 
471 162 6 6 0.3510112166404724 4 -1 -1 
221 252 13 10 0.34816256165504456 10 -1 -1 
474 245 17 25 0.34466803073883057 1 -1 -1 
415 213 9 10 0.3436841666698456 4 -1 -1 
482 188 7 7 0.34281125664711 4 -1 -1 
547 206 9 8 0.3420373499393463 5 -1 -1 
386 201 12 7 0.341413289308548 4 -1 -1 
530 465 9 16 0.33854496479034424 2 -1 -1 
263 231 17 8 0.3369938135147095 4 -1 -1 
509 211 14 9 0.33556750416755676 5 -1 -1 
436 198 4 6 0.3315911889076233 2 -1 -1 
498 337 23 30 0.33124029636383057 5 -1 -1 
516 257 27 12 0.33087071776390076 5 -1 -1 
484 170 8 9 0.32701849937438965 4 -1 -1 
502 241 26 13 0.32382357120513916 5 -1 -1 
248 410 39 47 0.3233104944229126 5 -1 -1 
299 443 9 18 0.32192492485046387 1 -1 -1 
415 213 9 10 0.3214615285396576 7 -1 -1 
474 179 3 6 0.3212363123893738 2 -1 -1 
471 155 8 4 0.3202849328517914 4 -1 -1 
513 212 19 9 0.3183935284614563 4 -1 -1 
254 300 25 20 0.3166588246822357 4 -1 -1 
474 245 17 25 0.3164568543434143 3 -1 -1 
507 269 28 15 0.3127192258834839 4 -1 -1 
530 465 10 19 0.31264597177505493 10 -1 -1 
526 187 4 6 0.3117637634277344 1 -1 -1 
464 173 5 7 0.3097058832645416 4 -1 -1 
588 288 29 18 0.2951773405075073 5 -1 -1 
254 300 25 20 0.2895982563495636 5 -1 -1 
131 470 55 60 0.2589273452758789 4 -1 -1 
507 269 29 15 0.24058334529399872 6 -1 -1 
512 249 29 14 0.23886747658252716 5 -1 -1 
218 339 33 19 0.23651398718357086 5 -1 -1 
231 329 30 15 0.22271867096424103 4 -1 -1 
172 292 31 18 0.2212696373462677 7 -1 -1 
332 223 29 16 0.22008530795574188 4 -1 -1 
357 382 23 30 0.2130548059940338 8 -1 -1 
592 472 77 39 0.2084203064441681 5 -1 -1 
357 382 23 30 0.20837199687957764 7 -1 -1 
511 276 32 15 0.20594654977321625 4 -1 -1 
142 298 31 16 0.1992480456829071 5 -1 -1 
474 244 17 26 0.1966707706451416 5 -1 -1 
474 244 18 26 0.19541506469249725 2 -1 -1 
244 253 31 13 0.19524328410625458 4 -1 -1 
501 236 27 15 0.19486209750175476 4 -1 -1 
510 244 30 16 0.1941651701927185 4 -1 -1 
216 339 26 25 0.19270431995391846 4 -1 -1 
474 244 17 27 0.19077128171920776 6 -1 -1 
127 297 42 18 0.1883421391248703 4 -1 -1 
218 339 30 26 0.18043576180934906 6 -1 -1 
504 242 33 15 0.1779922991991043 6 -1 -1 
592 304 36 19 0.17235572636127472 5 -1 -1 
513 257 30 13 0.16855879127979279 6 -1 -1 
474 244 17 27 0.16733437776565552 7 -1 -1 
504 242 33 15 0.1656723916530609 5 -1 -1 
523 298 30 16 0.1634787619113922 5 -1 -1 
231 332 31 18 0.1610812395811081 4 -1 -1 
504 242 33 15 0.15744420886039734 4 -1 -1 
282 403 25 19 0.153219074010849 8 -1 -1 
474 244 17 27 0.15124952793121338 8 -1 -1 
339 220 29 16 0.14949184656143188 5 -1 -1 
501 229 28 14 0.14899185299873352 6 -1 -1 
501 225 35 16 0.14873798191547394 6 -1 -1 
495 200 32 14 0.14791421592235565 4 -1 -1 
357 382 23 30 0.14778119325637817 5 -1 -1 
180 295 25 19 0.1431189924478531 6 -1 -1 
507 244 32 16 0.14161115884780884 6 -1 -1 
121 300 39 21 0.14015959203243256 4 -1 -1 
146 292 28 18 0.13881874084472656 4 -1 -1 
352 231 19 24 0.1340125948190689 4 -1 -1 
288 350 27 24 0.13365092873573303 4 -1 -1 
248 250 30 13 0.13287222385406494 6 -1 -1 
558 464 113 49 0.13277941942214966 4 -1 -1 
335 225 31 20 0.13151216506958008 5 -1 -1 
121 306 38 20 0.13086579740047455 4 -1 -1 
316 344 34 11 0.12980704009532928 4 -1 -1 
516 280 30 15 0.1270691454410553 5 -1 -1 
77 474 58 50 0.12365714460611343 5 -1 -1 
282 405 25 18 0.12210585922002792 6 -1 -1 
129 312 31 18 0.12166424840688705 4 -1 -1 
512 263 30 14 0.11847744882106781 5 -1 -1 
179 295 26 18 0.11810006946325302 4 -1 -1 
511 276 32 15 0.1179363802075386 5 -1 -1 
498 337 23 30 0.11782518029212952 6 -1 -1 
226 244 32 12 0.11658766120672226 4 -1 -1 
210 280 34 16 0.11611257493495941 5 -1 -1 
130 469 55 61 0.11532261967658997 6 -1 -1 
507 223 32 14 0.1136060357093811 5 -1 -1 
130 469 55 61 0.10897458344697952 9 -1 -1 
557 464 114 49 0.05603880435228348 9 -1 -1 
558 464 113 49 0.05306693911552429 5 -1 -1 
