207 99 37 52 0.9861078262329102 6 -1 -1 
1089 595 131 123 0.9526745676994324 4 -1 -1 
763 553 118 106 0.9473811388015747 4 -1 -1 
193 303 107 44 0.9467699527740479 4 -1 -1 
57 333 126 53 0.9357737302780151 4 -1 -1 
727 278 92 38 0.9245336055755615 4 -1 -1 
1094 162 60 30 0.8989225029945374 5 -1 -1 
407 146 33 31 0.8930158615112305 4 -1 -1 
1078 342 20 47 0.8907328844070435 1 -1 -1 
435 284 101 41 0.8866256475448608 4 -1 -1 
844 452 44 31 0.8704614043235779 3 -1 -1 
1259 377 23 39 0.8582631349563599 1 -1 -1 
800 473 43 30 0.8301278352737427 10 -1 -1 
1215 381 42 28 0.8259838223457336 10 -1 -1 
504 149 50 27 0.8253390789031982 4 -1 -1 
1173 558 46 45 0.8221821188926697 10 -1 -1 
846 281 57 48 0.8210465312004089 4 -1 -1 
137 251 36 23 0.8149673938751221 10 -1 -1 
1172 160 59 24 0.8037089109420776 4 -1 -1 
1102 345 18 40 0.7915769815444946 1 -1 -1 
667 352 76 74 0.7627355456352234 4 -1 -1 
627 128 27 23 0.7543666958808899 4 -1 -1 
1133 215 70 29 0.7422695159912109 4 -1 -1 
1186 545 27 44 0.7406132221221924 2 -1 -1 
803 157 65 25 0.7375931143760681 4 -1 -1 
854 438 22 40 0.7370189428329468 2 -1 -1 
1162 373 26 43 0.7352800965309143 1 -1 -1 
671 131 50 28 0.7332115769386292 4 -1 -1 
681 159 12 26 0.7291209101676941 1 -1 -1 
207 134 28 38 0.7211716175079346 5 -1 -1 
773 448 30 31 0.7127538919448853 10 -1 -1 
950 222 68 34 0.7022860050201416 4 -1 -1 
857 535 102 88 0.701976478099823 4 -1 -1 
968 168 19 15 0.6981675028800964 10 -1 -1 
146 243 15 26 0.6844095587730408 2 -1 -1 
439 175 39 30 0.6736947894096375 4 -1 -1 
819 202 12 23 0.6721201539039612 2 -1 -1 
421 79 21 20 0.6708313822746277 4 -1 -1 
810 209 26 19 0.6642354726791382 10 -1 -1 
693 71 28 22 0.6642342805862427 4 -1 -1 
222 77 22 21 0.6641253232955933 4 -1 -1 
1304 201 55 28 0.6573097705841064 4 -1 -1 
326 8 15 13 0.6562395691871643 4 -1 -1 
810 460 20 36 0.6557148694992065 2 -1 -1 
725 144 33 25 0.6494163274765015 4 -1 -1 
364 309 108 52 0.6418887376785278 4 -1 -1 
1230 369 19 34 0.6281418204307556 2 -1 -1 
667 73 24 18 0.617237389087677 4 -1 -1 
773 433 25 38 0.6065459251403809 2 -1 -1 
1085 145 10 20 0.5999369621276855 1 -1 -1 
980 139 9 24 0.5816289782524109 1 -1 -1 
576 99 29 23 0.5778923034667969 4 -1 -1 
906 143 8 20 0.5753413438796997 1 -1 -1 
30 668 93 99 0.5748926997184753 8 -1 -1 
602 117 29 22 0.5697948932647705 4 -1 -1 
1025 150 16 18 0.5625717639923096 6 -1 -1 
597 103 37 35 0.5560663342475891 4 -1 -1 
915 120 6 18 0.53643798828125 1 -1 -1 
237 6 17 15 0.5118613243103027 4 -1 -1 
654 60 39 16 0.5090513825416565 4 -1 -1 
206 134 29 37 0.5083428621292114 6 -1 -1 
889 150 9 24 0.5064188241958618 1 -1 -1 
1150 133 11 23 0.5019116401672363 10 -1 -1 
224 52 19 23 0.4947223961353302 5 -1 -1 
1233 191 16 24 0.4910339415073395 3 -1 -1 
1025 150 16 18 0.4884531795978546 4 -1 -1 
483 178 15 27 0.4883197247982025 1 -1 -1 
1234 185 15 26 0.48325204849243164 2 -1 -1 
365 308 106 53 0.48313549160957336 5 -1 -1 
901 167 11 25 0.48227497935295105 1 -1 -1 
844 452 44 31 0.4801825284957886 10 -1 -1 
1002 145 9 19 0.4696901738643646 2 -1 -1 
827 205 9 22 0.45519325137138367 2 -1 -1 
848 448 39 33 0.45474380254745483 2 -1 -1 
1068 226 25 17 0.4547249674797058 10 -1 -1 
223 52 19 23 0.4535449147224426 4 -1 -1 
666 352 76 75 0.44996824860572815 5 -1 -1 
1078 216 12 18 0.4489455223083496 2 -1 -1 
857 536 102 87 0.4462646543979645 5 -1 -1 
212 179 13 31 0.44153448939323425 1 -1 -1 
498 123 46 21 0.4377472400665283 4 -1 -1 
1192 149 21 15 0.43647563457489014 10 -1 -1 
838 166 9 21 0.4357876777648926 1 -1 -1 
1221 376 33 32 0.4292179346084595 2 -1 -1 
816 204 16 22 0.4099549353122711 10 -1 -1 
1267 163 47 18 0.4092678725719452 4 -1 -1 
1130 173 11 21 0.4085865914821625 2 -1 -1 
1156 124 14 22 0.4073680639266968 10 -1 -1 
221 181 9 28 0.4059949815273285 1 -1 -1 
867 129 7 16 0.403301477432251 1 -1 -1 
616 43 38 14 0.40097707509994507 4 -1 -1 
823 203 10 22 0.400189608335495 2 -1 -1 
1173 373 14 34 0.3983648717403412 1 -1 -1 
1041 179 16 18 0.3867046535015106 2 -1 -1 
1180 550 37 50 0.3858214318752289 2 -1 -1 
980 235 11 27 0.38215306401252747 1 -1 -1 
942 159 11 17 0.3818705976009369 10 -1 -1 
638 48 39 17 0.381560355424881 4 -1 -1 
1002 151 9 16 0.38068366050720215 3 -1 -1 
578 91 33 30 0.37547537684440613 4 -1 -1 
1099 152 8 18 0.37538179755210876 1 -1 -1 
590 78 36 19 0.37519371509552 4 -1 -1 
1085 145 11 19 0.3713774085044861 2 -1 -1 
1009 167 23 16 0.3711191415786743 10 -1 -1 
1015 166 8 15 0.3693886399269104 2 -1 -1 
836 164 15 23 0.365621954202652 1 -1 -1 
443 52 8 19 0.36517685651779175 1 -1 -1 
951 222 68 35 0.36286497116088867 5 -1 -1 
1099 152 9 17 0.36247381567955017 2 -1 -1 
29 669 94 98 0.36132121086120605 7 -1 -1 
1178 122 16 17 0.36093562841415405 3 -1 -1 
1152 123 15 22 0.35839352011680603 10 -1 -1 
1101 149 9 17 0.3565661907196045 2 -1 -1 
1181 548 35 48 0.3530617654323578 10 -1 -1 
725 110 42 23 0.35268861055374146 4 -1 -1 
483 179 16 26 0.3515820801258087 2 -1 -1 
823 161 36 25 0.35020267963409424 1 -1 -1 
1337 450 21 44 0.34959110617637634 1 -1 -1 
0 509 14 46 0.3468652367591858 2 -1 -1 
501 105 53 24 0.34099218249320984 4 -1 -1 
222 181 13 28 0.3401153087615967 1 -1 -1 
1002 145 9 20 0.3378671109676361 1 -1 -1 
692 71 28 22 0.333894282579422 5 -1 -1 
906 143 8 20 0.33361440896987915 2 -1 -1 
715 131 42 26 0.3287668228149414 4 -1 -1 
983 156 17 17 0.32715845108032227 10 -1 -1 
1094 162 60 30 0.3265272378921509 4 -1 -1 
206 134 30 37 0.3264460265636444 9 -1 -1 
1076 217 16 21 0.3262787461280823 10 -1 -1 
781 152 27 23 0.32368460297584534 4 -1 -1 
1002 151 9 16 0.3222563862800598 10 -1 -1 
597 103 37 35 0.31946679949760437 5 -1 -1 
854 438 22 39 0.3173501193523407 1 -1 -1 
773 443 29 33 0.3172951340675354 2 -1 -1 
1074 217 17 22 0.31641602516174316 2 -1 -1 
819 206 18 22 0.3155211806297302 2 -1 -1 
596 110 31 26 0.31521090865135193 4 -1 -1 
583 77 44 29 0.31455639004707336 4 -1 -1 
858 168 11 26 0.3133396506309509 1 -1 -1 
498 105 72 37 0.3129834830760956 4 -1 -1 
1233 186 16 29 0.3120896816253662 10 -1 -1 
658 66 32 19 0.3099444806575775 4 -1 -1 
1099 139 46 31 0.30949667096138 5 -1 -1 
623 61 26 21 0.309102326631546 4 -1 -1 
1130 173 11 20 0.3089125156402588 1 -1 -1 
828 205 9 22 0.3076513111591339 1 -1 -1 
885 163 15 13 0.3033143877983093 3 -1 -1 
1160 128 11 19 0.30224040150642395 10 -1 -1 
954 140 12 22 0.3018086552619934 3 -1 -1 
1084 147 11 21 0.3011949360370636 3 -1 -1 
362 0 14 12 0.29871854186058044 6 -1 -1 
810 460 18 35 0.29476869106292725 1 -1 -1 
1012 167 13 15 0.29146239161491394 2 -1 -1 
1141 180 12 19 0.2902660071849823 3 -1 -1 
1162 390 22 25 0.2902522683143616 1 -1 -1 
1034 185 24 17 0.2901811897754669 3 -1 -1 
222 77 22 21 0.2898910343647003 5 -1 -1 
806 139 19 19 0.28948113322257996 10 -1 -1 
941 155 11 18 0.28833433985710144 10 -1 -1 
773 435 27 39 0.28760841488838196 10 -1 -1 
1099 139 45 30 0.2626599073410034 8 -1 -1 
1099 139 46 31 0.25098198652267456 4 -1 -1 
497 104 72 36 0.24628224968910217 10 -1 -1 
139 246 28 25 0.24358303844928741 2 -1 -1 
210 177 21 34 0.24253417551517487 1 -1 -1 
1009 164 37 20 0.24130618572235107 7 -1 -1 
1099 140 47 30 0.23970691859722137 6 -1 -1 
1177 154 56 26 0.2332206666469574 4 -1 -1 
139 246 28 25 0.2331250011920929 10 -1 -1 
213 174 25 32 0.2323460727930069 7 -1 -1 
1164 185 36 22 0.22330676019191742 3 -1 -1 
16 669 108 98 0.21055497229099274 6 -1 -1 
0 510 14 49 0.2072317898273468 1 -1 -1 
1034 178 26 25 0.20714572072029114 10 -1 -1 
1162 379 26 37 0.20338453352451324 2 -1 -1 
1009 164 36 20 0.19431880116462708 8 -1 -1 
1260 377 22 40 0.1936056762933731 2 -1 -1 
1065 223 29 24 0.1871711164712906 10 -1 -1 
1149 123 19 33 0.18511740863323212 10 -1 -1 
1071 217 26 28 0.18221446871757507 10 -1 -1 
654 79 60 49 0.18181553483009338 6 -1 -1 
1008 164 34 20 0.17808645963668823 10 -1 -1 
1099 139 45 30 0.17433136701583862 7 -1 -1 
1191 147 39 22 0.17276246845722198 10 -1 -1 
617 39 49 16 0.16865259408950806 4 -1 -1 
1259 382 22 36 0.16823604702949524 3 -1 -1 
1068 221 27 24 0.16287536919116974 3 -1 -1 
727 278 92 38 0.16258171200752258 5 -1 -1 
212 175 24 33 0.157117560505867 10 -1 -1 
616 42 41 15 0.15531016886234283 5 -1 -1 
1089 595 130 124 0.15515348315238953 9 -1 -1 
1171 372 18 39 0.15001751482486725 2 -1 -1 
1161 183 29 25 0.14803503453731537 3 -1 -1 
1169 370 22 39 0.14749227464199066 1 -1 -1 
1102 345 18 40 0.1469949185848236 4 -1 -1 
137 252 36 22 0.1455075442790985 2 -1 -1 
212 174 23 35 0.1444280445575714 2 -1 -1 
137 251 36 23 0.14354056119918823 3 -1 -1 
1191 154 43 20 0.1414698362350464 4 -1 -1 
1191 147 42 22 0.1394951194524765 4 -1 -1 
137 251 36 23 0.1387142390012741 4 -1 -1 
1232 183 21 33 0.13660858571529388 2 -1 -1 
498 105 72 37 0.13446056842803955 5 -1 -1 
56 333 126 53 0.13436336815357208 5 -1 -1 
1166 386 26 32 0.13373638689517975 1 -1 -1 
810 206 27 23 0.13372069597244263 7 -1 -1 
566 69 61 46 0.13308072090148926 4 -1 -1 
727 278 92 38 0.1326608806848526 1 -1 -1 
1094 162 60 30 0.13236160576343536 6 -1 -1 
1097 153 56 31 0.12980404496192932 5 -1 -1 
1036 170 30 27 0.12857048213481903 10 -1 -1 
1173 160 59 24 0.12804365158081055 5 -1 -1 
1078 342 20 46 0.12770667672157288 4 -1 -1 
1105 134 40 29 0.12665697932243347 4 -1 -1 
1264 383 19 37 0.12620341777801514 1 -1 -1 
1089 595 131 124 0.1256517767906189 6 -1 -1 
193 303 107 44 0.124557726085186 1 -1 -1 
1232 184 20 32 0.12409168481826782 1 -1 -1 
1089 595 131 124 0.1238299012184143 1 -1 -1 
213 175 24 33 0.12376494705677032 8 -1 -1 
627 42 43 16 0.123680979013443 4 -1 -1 
1169 158 41 25 0.12247862666845322 4 -1 -1 
137 251 36 23 0.12161993980407715 7 -1 -1 
560 52 66 43 0.12025005370378494 9 -1 -1 
1036 170 30 27 0.11827577650547028 3 -1 -1 
1194 158 44 20 0.11699467152357101 4 -1 -1 
568 51 60 47 0.1153363585472107 4 -1 -1 
496 94 71 41 0.11492954194545746 4 -1 -1 
659 74 56 54 0.11423692852258682 9 -1 -1 
0 506 15 39 0.11360473185777664 1 -1 -1 
846 281 56 48 0.11342301219701767 5 -1 -1 
498 105 72 37 0.11277273297309875 7 -1 -1 
1172 160 59 24 0.11236520111560822 1 -1 -1 
764 553 117 106 0.11168670654296875 9 -1 -1 
194 303 106 44 0.11161970347166061 9 -1 -1 
1259 377 23 39 0.11113560944795609 4 -1 -1 
811 204 28 25 0.11099070310592651 2 -1 -1 
1008 164 36 20 0.11080644279718399 3 -1 -1 
207 98 37 69 0.11051300168037415 5 -1 -1 
481 179 20 32 0.10886524617671967 3 -1 -1 
602 24 57 53 0.10882910341024399 4 -1 -1 
764 552 117 107 0.10879407078027725 7 -1 -1 
617 85 46 63 0.10825763642787933 6 -1 -1 
1260 148 71 35 0.1078757718205452 4 -1 -1 
625 39 44 17 0.10693784058094025 5 -1 -1 
764 553 117 106 0.10606399178504944 6 -1 -1 
57 333 126 53 0.1056300550699234 1 -1 -1 
1034 168 34 21 0.10488814115524292 3 -1 -1 
898 159 15 33 0.10475897043943405 1 -1 -1 
201 99 40 73 0.10368236154317856 6 -1 -1 
1089 595 131 123 0.10326527059078217 7 -1 -1 
216 180 21 33 0.10222893953323364 7 -1 -1 
210 175 17 35 0.09959789365530014 2 -1 -1 
1093 139 60 40 0.08824404329061508 5 -1 -1 
1093 139 60 40 0.08632020652294159 6 -1 -1 
1093 160 62 33 0.08032157272100449 9 -1 -1 
1093 139 60 40 0.0646725744009018 8 -1 -1 
54 332 129 58 0.061768680810928345 9 -1 -1 
1093 156 61 35 0.06152345612645149 8 -1 -1 
1169 158 68 30 0.060240790247917175 9 -1 -1 
1095 141 60 40 0.05633050948381424 4 -1 -1 
