1104 465 45 30 0.9888028502464294 3 -1 -1 
252 643 137 91 0.9022878408432007 4 -1 -1 
517 305 45 58 0.8964090943336487 4 -1 -1 
348 494 17 39 0.8891081213951111 1 -1 -1 
336 463 18 38 0.8726639747619629 1 -1 -1 
644 16 17 17 0.8651995658874512 4 -1 -1 
602 65 7 18 0.8460553288459778 1 -1 -1 
1117 452 21 35 0.7985720634460449 2 -1 -1 
1064 88 8 19 0.767038106918335 1 -1 -1 
595 67 7 18 0.764060378074646 1 -1 -1 
734 88 8 16 0.7124665975570679 3 -1 -1 
720 189 9 20 0.6822645664215088 2 -1 -1 
739 294 12 23 0.675915539264679 2 -1 -1 
734 82 7 15 0.6619234085083008 2 -1 -1 
739 300 12 24 0.6559565663337708 10 -1 -1 
1043 88 8 18 0.6323128938674927 1 -1 -1 
720 196 8 19 0.6251019835472107 10 -1 -1 
1105 465 45 30 0.5845863223075867 10 -1 -1 
571 187 11 23 0.5725865364074707 2 -1 -1 
1305 164 9 17 0.5566200613975525 1 -1 -1 
118 55 21 15 0.5228117108345032 7 -1 -1 
570 191 13 24 0.487163245677948 10 -1 -1 
360 164 13 19 0.43483540415763855 2 -1 -1 
1297 161 11 21 0.4330950677394867 1 -1 -1 
966 47 9 17 0.41377419233322144 1 -1 -1 
344 175 9 19 0.39159148931503296 2 -1 -1 
1299 162 12 18 0.3567599356174469 1 -1 -1 
118 56 21 14 0.35624247789382935 8 -1 -1 
562 131 13 25 0.34273478388786316 10 -1 -1 
360 165 13 19 0.34117212891578674 1 -1 -1 
720 196 8 19 0.33347809314727783 3 -1 -1 
562 104 8 21 0.33346685767173767 1 -1 -1 
562 135 12 25 0.33206936717033386 3 -1 -1 
344 176 9 18 0.3306792080402374 1 -1 -1 
734 85 8 18 0.32508575916290283 2 -1 -1 
570 193 13 22 0.3168832063674927 3 -1 -1 
587 70 8 15 0.30751562118530273 2 -1 -1 
571 187 12 25 0.304243266582489 1 -1 -1 
587 70 8 15 0.2986304759979248 1 -1 -1 
252 412 31 21 0.29677721858024597 6 -1 -1 
360 165 13 19 0.29374077916145325 10 -1 -1 
1302 163 11 15 0.28969940543174744 1 -1 -1 
734 88 8 16 0.28707170486450195 10 -1 -1 
250 407 69 31 0.28380468487739563 6 -1 -1 
562 111 8 16 0.28366121649742126 1 -1 -1 
602 25 9 9 0.2772013247013092 10 -1 -1 
720 189 9 20 0.2751392126083374 1 -1 -1 
1116 452 22 35 0.2743532657623291 1 -1 -1 
330 176 22 18 0.2712528705596924 10 -1 -1 
740 294 11 23 0.26314568519592285 1 -1 -1 
734 83 7 16 0.2628190219402313 1 -1 -1 
579 64 8 16 0.25833195447921753 2 -1 -1 
966 47 9 16 0.2545768916606903 2 -1 -1 
344 176 9 18 0.25085896253585815 10 -1 -1 
565 130 10 19 0.2441946566104889 10 -1 -1 
559 109 10 18 0.24164517223834991 1 -1 -1 
564 130 11 20 0.23636265099048615 2 -1 -1 
561 141 11 20 0.2362648993730545 3 -1 -1 
341 168 11 22 0.23452427983283997 2 -1 -1 
564 114 6 16 0.23446011543273926 1 -1 -1 
1105 465 44 30 0.22920462489128113 4 -1 -1 
1297 161 11 19 0.22895972430706024 2 -1 -1 
596 41 10 8 0.2252950817346573 10 -1 -1 
739 301 12 23 0.2228446751832962 3 -1 -1 
580 64 7 15 0.2217482328414917 1 -1 -1 
1043 85 8 15 0.2195964753627777 1 -1 -1 
64 416 38 20 0.21949665248394012 3 -1 -1 
362 166 13 21 0.21905413269996643 2 -1 -1 
1104 465 45 30 0.21768654882907867 7 -1 -1 
570 193 12 21 0.2144586592912674 2 -1 -1 
572 186 10 15 0.20800873637199402 2 -1 -1 
253 411 43 25 0.20248496532440186 6 -1 -1 
562 102 7 11 0.20105233788490295 2 -1 -1 
562 136 11 24 0.20015759766101837 10 -1 -1 
571 195 10 19 0.19933341443538666 1 -1 -1 
332 173 18 20 0.19650335609912872 2 -1 -1 
589 67 7 17 0.19530044496059418 1 -1 -1 
964 49 11 17 0.19461138546466827 3 -1 -1 
963 53 14 14 0.19436439871788025 3 -1 -1 
124 52 14 18 0.1941346377134323 7 -1 -1 
564 130 11 20 0.19223269820213318 1 -1 -1 
323 293 19 32 0.1915964037179947 1 -1 -1 
578 66 10 16 0.19019246101379395 1 -1 -1 
559 110 8 18 0.18284501135349274 3 -1 -1 
585 68 9 16 0.18260182440280914 1 -1 -1 
252 643 137 92 0.1821085512638092 5 -1 -1 
1302 164 11 21 0.18013709783554077 1 -1 -1 
327 175 17 18 0.17828553915023804 2 -1 -1 
360 170 13 20 0.17752543091773987 10 -1 -1 
587 71 8 15 0.17715033888816833 10 -1 -1 
1300 125 17 8 0.1749417930841446 1 -1 -1 
739 300 12 24 0.1739562600851059 2 -1 -1 
1300 124 17 8 0.1730750948190689 2 -1 -1 
1117 453 21 34 0.17246778309345245 3 -1 -1 
84 71 32 24 0.17127804458141327 7 -1 -1 
344 170 10 20 0.17115509510040283 2 -1 -1 
721 202 8 14 0.16961941123008728 10 -1 -1 
575 67 14 15 0.16936151683330536 2 -1 -1 
341 168 11 22 0.16851849853992462 1 -1 -1 
1045 86 8 17 0.1681085228919983 1 -1 -1 
129 52 6 14 0.1661687046289444 2 -1 -1 
335 165 13 26 0.1658279299736023 2 -1 -1 
999 34 11 20 0.1654101014137268 1 -1 -1 
24 415 43 25 0.16469766199588776 2 -1 -1 
740 310 11 15 0.1623167097568512 10 -1 -1 
585 68 9 16 0.1615878939628601 2 -1 -1 
561 127 16 34 0.15970581769943237 10 -1 -1 
580 69 11 15 0.15936559438705444 1 -1 -1 
734 83 7 16 0.15891152620315552 3 -1 -1 
580 63 6 11 0.1580490916967392 2 -1 -1 
599 33 5 11 0.15786178410053253 2 -1 -1 
1292 139 31 16 0.15702007710933685 2 -1 -1 
578 115 6 9 0.15655307471752167 1 -1 -1 
1305 164 9 17 0.15573503077030182 2 -1 -1 
563 103 8 15 0.1546718031167984 1 -1 -1 
559 62 34 21 0.15437190234661102 7 -1 -1 
348 494 17 39 0.1540929526090622 4 -1 -1 
961 51 11 15 0.15276488661766052 3 -1 -1 
558 105 10 19 0.15221406519412994 1 -1 -1 
271 407 46 27 0.1510809063911438 6 -1 -1 
124 52 14 18 0.15077435970306396 2 -1 -1 
1104 464 44 30 0.14859285950660706 2 -1 -1 
582 65 9 17 0.1480308622121811 1 -1 -1 
589 67 7 17 0.14566725492477417 2 -1 -1 
597 35 8 13 0.144089937210083 10 -1 -1 
587 72 8 15 0.14407140016555786 3 -1 -1 
962 48 12 17 0.14385880529880524 1 -1 -1 
720 188 9 13 0.1438470035791397 2 -1 -1 
118 56 21 14 0.14362740516662598 4 -1 -1 
566 130 9 20 0.14339984953403473 3 -1 -1 
58 414 41 22 0.14330823719501495 10 -1 -1 
251 185 46 38 0.14279691874980927 4 -1 -1 
1292 139 32 16 0.1421983689069748 10 -1 -1 
332 173 18 20 0.1414613574743271 1 -1 -1 
251 422 34 17 0.14134271442890167 6 -1 -1 
1307 164 9 15 0.14114591479301453 1 -1 -1 
562 69 17 13 0.13968072831630707 10 -1 -1 
327 292 16 26 0.13948096334934235 1 -1 -1 
603 20 8 12 0.13931529223918915 10 -1 -1 
73 418 37 19 0.13746361434459686 3 -1 -1 
24 415 43 25 0.136583611369133 1 -1 -1 
1311 101 17 10 0.13657395541667938 1 -1 -1 
344 170 10 20 0.1357317417860031 1 -1 -1 
84 74 31 21 0.13556227087974548 8 -1 -1 
360 169 13 19 0.1355544924736023 3 -1 -1 
569 69 21 14 0.13554807007312775 3 -1 -1 
290 406 28 26 0.13522353768348694 6 -1 -1 
965 48 11 17 0.13410109281539917 10 -1 -1 
70 421 29 16 0.13330970704555511 3 -1 -1 
361 161 10 16 0.13283367455005646 2 -1 -1 
79 88 80 60 0.13247470557689667 6 -1 -1 
388 368 12 12 0.13232967257499695 3 -1 -1 
582 71 11 15 0.13197745382785797 1 -1 -1 
343 176 10 18 0.13069939613342285 3 -1 -1 
602 25 9 9 0.13038305938243866 2 -1 -1 
560 129 18 32 0.1282314658164978 3 -1 -1 
968 49 9 17 0.12752027809619904 1 -1 -1 
567 187 17 32 0.1265605092048645 10 -1 -1 
335 464 19 39 0.12401946634054184 4 -1 -1 
1292 138 32 19 0.116136834025383 1 -1 -1 
310 352 26 24 0.11611854285001755 1 -1 -1 
517 305 45 58 0.11420735716819763 5 -1 -1 
554 51 45 22 0.11373306810855865 4 -1 -1 
555 57 38 25 0.1134309247136116 6 -1 -1 
252 412 32 20 0.11121971160173416 5 -1 -1 
559 60 34 23 0.10736697167158127 8 -1 -1 
247 287 96 52 0.10608269274234772 4 -1 -1 
253 643 136 91 0.10337834060192108 1 -1 -1 
121 194 100 38 0.10292113572359085 4 -1 -1 
517 305 45 58 0.09907180070877075 1 -1 -1 
250 409 67 31 0.09769904613494873 9 -1 -1 
569 186 15 31 0.09641527384519577 2 -1 -1 
555 57 38 25 0.09257792681455612 4 -1 -1 
57 416 42 21 0.09108097851276398 7 -1 -1 
554 50 43 21 0.09020209312438965 6 -1 -1 
69 408 30 27 0.08963216096162796 3 -1 -1 
237 189 61 42 0.08795688301324844 4 -1 -1 
336 464 18 37 0.08574900776147842 2 -1 -1 
252 643 137 92 0.08275974541902542 10 -1 -1 
348 494 17 39 0.08051557838916779 2 -1 -1 
252 643 137 92 0.07997740060091019 9 -1 -1 
561 55 35 25 0.07897116988897324 7 -1 -1 
66 408 31 27 0.07858303934335709 10 -1 -1 
25 411 77 30 0.07752582430839539 7 -1 -1 
569 186 15 31 0.07533156871795654 3 -1 -1 
565 58 35 24 0.07403934746980667 6 -1 -1 
310 353 26 23 0.07226327061653137 2 -1 -1 
336 467 24 45 0.07206796854734421 1 -1 -1 
294 406 25 27 0.07005992531776428 8 -1 -1 
517 305 45 58 0.06905150413513184 9 -1 -1 
81 420 35 18 0.06824305653572083 3 -1 -1 
252 643 137 91 0.06719387322664261 7 -1 -1 
555 57 38 25 0.06700144708156586 5 -1 -1 
567 186 16 32 0.06623329967260361 9 -1 -1 
556 62 36 21 0.06578744202852249 10 -1 -1 
247 171 53 57 0.0653097853064537 4 -1 -1 
517 305 45 58 0.06518514454364777 10 -1 -1 
252 412 32 20 0.06421120464801788 4 -1 -1 
564 54 37 22 0.06327259540557861 4 -1 -1 
251 413 32 22 0.06199967861175537 8 -1 -1 
893 64 75 33 0.06136186048388481 4 -1 -1 
1291 138 33 20 0.06111409142613411 3 -1 -1 
25 411 77 30 0.06074593961238861 9 -1 -1 
1001 409 13 38 0.06029526889324188 1 -1 -1 
294 406 25 28 0.05926978960633278 9 -1 -1 
28 415 58 28 0.05910952389240265 2 -1 -1 
561 64 34 20 0.0587773323059082 6 -1 -1 
66 408 31 27 0.05836428329348564 2 -1 -1 
252 412 32 20 0.05804358050227165 9 -1 -1 
1031 274 37 75 0.05797704681754112 4 -1 -1 
250 409 67 31 0.05760597437620163 5 -1 -1 
738 295 15 31 0.056602828204631805 10 -1 -1 
253 411 43 24 0.0565037727355957 5 -1 -1 
28 415 58 28 0.05617235600948334 1 -1 -1 
23 415 40 23 0.0556768998503685 10 -1 -1 
738 294 14 31 0.05534878745675087 1 -1 -1 
247 287 96 52 0.05532732233405113 5 -1 -1 
66 408 31 27 0.0547969676554203 1 -1 -1 
550 48 46 23 0.05372805893421173 5 -1 -1 
315 72 45 53 0.052837055176496506 4 -1 -1 
53 420 45 22 0.05240107327699661 9 -1 -1 
250 409 67 31 0.05228343978524208 4 -1 -1 
802 210 20 29 0.05179038643836975 4 -1 -1 
252 643 137 91 0.0516749806702137 8 -1 -1 
274 291 70 58 0.051591962575912476 4 -1 -1 
25 411 77 30 0.05127459764480591 6 -1 -1 
555 131 19 31 0.051000192761421204 3 -1 -1 
56 408 37 27 0.050698913633823395 3 -1 -1 
253 643 136 92 0.05028126761317253 6 -1 -1 
23 415 40 23 0.05020182207226753 3 -1 -1 
