796 551 105 131 0.9488217234611511 4 -1 -1 
120 384 65 62 0.9470947980880737 7 -1 -1 
169 547 124 142 0.9402254819869995 4 -1 -1 
753 379 63 66 0.939217209815979 4 -1 -1 
605 363 60 71 0.9377691149711609 4 -1 -1 
13 448 117 106 0.9358235597610474 4 -1 -1 
773 454 75 84 0.9305394291877747 4 -1 -1 
437 143 35 32 0.923642098903656 4 -1 -1 
379 113 33 27 0.9133698344230652 4 -1 -1 
144 284 79 37 0.91156405210495 7 -1 -1 
467 102 30 27 0.9076632261276245 4 -1 -1 
474 44 12 15 0.9022778272628784 7 -1 -1 
150 420 20 53 0.8900560140609741 1 -1 -1 
336 151 38 33 0.8849984407424927 4 -1 -1 
397 96 29 24 0.8692106604576111 4 -1 -1 
421 70 32 23 0.8606930375099182 4 -1 -1 
318 172 36 35 0.8357751965522766 4 -1 -1 
684 172 36 33 0.8135108947753906 4 -1 -1 
448 39 20 18 0.80195552110672 4 -1 -1 
720 267 45 47 0.7600261569023132 4 -1 -1 
465 6 30 15 0.7575302124023438 4 -1 -1 
251 242 14 31 0.7415300607681274 1 -1 -1 
282 201 56 41 0.739912211894989 4 -1 -1 
632 102 8 18 0.716663658618927 2 -1 -1 
472 17 15 14 0.6994100213050842 4 -1 -1 
427 61 24 19 0.6983424425125122 4 -1 -1 
656 235 10 28 0.6946023106575012 1 -1 -1 
641 33 19 19 0.6909503936767578 4 -1 -1 
499 144 10 22 0.6840981245040894 2 -1 -1 
460 24 20 21 0.6749752759933472 5 -1 -1 
499 151 11 22 0.6701142191886902 10 -1 -1 
854 172 10 31 0.639876663684845 1 -1 -1 
662 98 26 24 0.6329609751701355 4 -1 -1 
644 103 7 16 0.6279640793800354 3 -1 -1 
408 83 24 22 0.6250282526016235 4 -1 -1 
499 4 6 14 0.6207811236381531 1 -1 -1 
644 98 7 16 0.6122637391090393 2 -1 -1 
632 109 9 16 0.5943350791931152 3 -1 -1 
474 0 31 13 0.5770383477210999 4 -1 -1 
632 5 16 16 0.5756389498710632 5 -1 -1 
436 48 23 22 0.560766875743866 4 -1 -1 
177 282 16 26 0.5607241988182068 2 -1 -1 
662 211 39 53 0.5592919588088989 7 -1 -1 
192 187 15 22 0.5575937628746033 10 -1 -1 
736 305 40 56 0.5462614297866821 7 -1 -1 
705 227 44 47 0.5423032641410828 5 -1 -1 
737 302 40 58 0.54075026512146 8 -1 -1 
466 23 18 15 0.5374348163604736 4 -1 -1 
0 355 83 74 0.5290762782096863 6 -1 -1 
474 39 8 12 0.528113842010498 2 -1 -1 
632 109 9 16 0.5267906785011292 10 -1 -1 
414 30 39 18 0.5229336023330688 4 -1 -1 
437 48 22 22 0.5228652358055115 5 -1 -1 
181 188 21 21 0.5164207816123962 10 -1 -1 
196 187 15 21 0.5137511491775513 10 -1 -1 
159 284 21 31 0.5091108083724976 2 -1 -1 
736 303 41 57 0.5040658712387085 6 -1 -1 
829 161 10 16 0.5015860795974731 2 -1 -1 
204 189 12 19 0.5014390349388123 10 -1 -1 
641 30 17 13 0.4950970709323883 4 -1 -1 
501 5 6 14 0.48347920179367065 1 -1 -1 
498 22 7 10 0.4777890741825104 2 -1 -1 
498 24 7 11 0.4658534526824951 10 -1 -1 
121 402 23 47 0.46386951208114624 3 -1 -1 
662 211 39 52 0.4502485692501068 6 -1 -1 
706 225 43 49 0.44234582781791687 4 -1 -1 
736 301 41 59 0.43034854531288147 5 -1 -1 
702 200 51 35 0.4254242777824402 4 -1 -1 
469 20 17 15 0.42464959621429443 4 -1 -1 
459 25 21 20 0.4228311777114868 4 -1 -1 
121 404 23 44 0.42005157470703125 10 -1 -1 
84 244 99 53 0.41999921202659607 8 -1 -1 
0 530 52 121 0.4010009467601776 4 -1 -1 
632 6 16 15 0.40086665749549866 4 -1 -1 
260 249 13 25 0.3984958231449127 1 -1 -1 
167 283 22 29 0.39708003401756287 2 -1 -1 
211 188 10 18 0.3964986503124237 10 -1 -1 
254 243 15 31 0.3955627679824829 1 -1 -1 
407 82 25 23 0.37194404006004333 5 -1 -1 
123 262 18 25 0.3718538284301758 2 -1 -1 
662 211 39 52 0.3710927367210388 8 -1 -1 
62 175 12 30 0.3642602562904358 1 -1 -1 
643 102 8 16 0.36206722259521484 2 -1 -1 
831 154 10 19 0.36182865500450134 2 -1 -1 
258 249 14 26 0.35789328813552856 3 -1 -1 
144 283 79 37 0.3546728193759918 8 -1 -1 
474 39 9 13 0.35317036509513855 7 -1 -1 
736 303 41 57 0.3375576138496399 4 -1 -1 
0 531 51 118 0.33563071489334106 5 -1 -1 
118 263 19 29 0.33506521582603455 2 -1 -1 
181 188 11 20 0.3327566981315613 10 -1 -1 
122 391 32 56 0.32945120334625244 10 -1 -1 
743 54 7 14 0.3277732729911804 1 -1 -1 
462 23 21 17 0.3274862766265869 5 -1 -1 
816 184 27 19 0.32698675990104675 10 -1 -1 
474 42 11 16 0.32204851508140564 2 -1 -1 
262 246 13 25 0.3218878507614136 3 -1 -1 
644 104 7 15 0.31506431102752686 10 -1 -1 
181 188 9 19 0.3145296275615692 2 -1 -1 
833 153 8 15 0.3137076199054718 2 -1 -1 
120 384 65 63 0.3083874583244324 3 -1 -1 
645 108 7 12 0.3062695860862732 3 -1 -1 
171 282 30 33 0.3036225736141205 2 -1 -1 
480 0 27 9 0.30096036195755005 4 -1 -1 
743 53 7 14 0.2977907955646515 2 -1 -1 
406 31 37 18 0.29277467727661133 4 -1 -1 
197 184 11 21 0.291961669921875 2 -1 -1 
815 182 12 19 0.29150867462158203 10 -1 -1 
212 187 9 19 0.28934207558631897 3 -1 -1 
2 401 52 27 0.2789943814277649 10 -1 -1 
156 284 37 34 0.2785843312740326 2 -1 -1 
818 151 14 23 0.277548611164093 10 -1 -1 
120 384 65 62 0.27642539143562317 8 -1 -1 
818 150 14 23 0.27458372712135315 2 -1 -1 
742 57 7 14 0.2742632329463959 1 -1 -1 
145 283 79 38 0.2723725438117981 3 -1 -1 
967 352 19 14 0.2713131904602051 4 -1 -1 
113 264 19 28 0.26510801911354065 2 -1 -1 
503 4 5 13 0.2645431160926819 1 -1 -1 
260 248 13 26 0.2636150121688843 2 -1 -1 
497 25 9 10 0.26089146733283997 7 -1 -1 
205 189 13 19 0.2599470019340515 3 -1 -1 
838 727 106 38 0.2591581642627716 4 -1 -1 
145 298 19 21 0.2557359039783478 10 -1 -1 
815 156 21 20 0.2548624575138092 10 -1 -1 
500 144 9 14 0.254273384809494 2 -1 -1 
168 282 39 33 0.2517235279083252 7 -1 -1 
181 188 11 20 0.25122568011283875 3 -1 -1 
1 388 72 43 0.24900582432746887 7 -1 -1 
155 287 19 30 0.2489747256040573 2 -1 -1 
177 282 16 26 0.24856197834014893 1 -1 -1 
153 282 59 34 0.24805308878421783 2 -1 -1 
133 167 14 33 0.24599890410900116 1 -1 -1 
831 154 10 19 0.24276655912399292 1 -1 -1 
632 102 9 18 0.23887954652309418 1 -1 -1 
401 90 29 26 0.23541682958602905 4 -1 -1 
436 43 18 17 0.23100432753562927 4 -1 -1 
742 57 7 14 0.22968298196792603 2 -1 -1 
884 487 19 41 0.22905725240707397 1 -1 -1 
499 144 10 21 0.2278401106595993 1 -1 -1 
260 248 13 25 0.22708192467689514 10 -1 -1 
175 281 15 21 0.22561949491500854 2 -1 -1 
429 52 27 24 0.20971134305000305 4 -1 -1 
120 389 40 60 0.20117422938346863 3 -1 -1 
184 185 31 24 0.19863229990005493 10 -1 -1 
817 148 24 28 0.19330136477947235 10 -1 -1 
704 224 46 51 0.18870073556900024 6 -1 -1 
282 201 57 41 0.17593403160572052 6 -1 -1 
282 201 56 41 0.17418831586837769 5 -1 -1 
120 384 65 62 0.1714317798614502 6 -1 -1 
256 246 19 31 0.17064642906188965 1 -1 -1 
815 182 33 22 0.1705382615327835 7 -1 -1 
638 30 25 24 0.16763871908187866 4 -1 -1 
0 353 86 75 0.167343407869339 5 -1 -1 
817 182 35 24 0.16509397327899933 10 -1 -1 
856 171 14 36 0.16401463747024536 1 -1 -1 
0 545 68 136 0.1636609584093094 4 -1 -1 
0 356 80 72 0.16272136569023132 4 -1 -1 
81 243 105 58 0.16069452464580536 7 -1 -1 
2 326 93 106 0.15101604163646698 6 -1 -1 
120 384 65 62 0.1507350206375122 4 -1 -1 
15 448 114 105 0.14928996562957764 5 -1 -1 
1092 589 161 132 0.14688217639923096 4 -1 -1 
412 39 39 25 0.14594222605228424 4 -1 -1 
413 46 41 24 0.14059598743915558 4 -1 -1 
2 367 78 65 0.13964013755321503 8 -1 -1 
120 384 65 62 0.13950307667255402 2 -1 -1 
401 34 38 18 0.13832643628120422 4 -1 -1 
58 173 17 37 0.13735851645469666 1 -1 -1 
144 284 79 37 0.13588346540927887 1 -1 -1 
53 199 35 20 0.13108211755752563 3 -1 -1 
701 205 52 46 0.13029766082763672 4 -1 -1 
144 284 79 37 0.12959110736846924 6 -1 -1 
144 284 79 37 0.1294875293970108 9 -1 -1 
193 183 26 26 0.1277676522731781 10 -1 -1 
429 52 27 24 0.12762083113193512 5 -1 -1 
409 30 43 18 0.12670211493968964 5 -1 -1 
661 211 41 54 0.12579813599586487 4 -1 -1 
120 384 65 62 0.12474348396062851 9 -1 -1 
409 43 36 25 0.12393695116043091 4 -1 -1 
118 385 42 64 0.12312690168619156 7 -1 -1 
701 200 62 37 0.12301311641931534 5 -1 -1 
1 388 72 43 0.12215005606412888 10 -1 -1 
96 269 114 42 0.12193489819765091 8 -1 -1 
435 47 24 23 0.12192599475383759 6 -1 -1 
15 351 80 62 0.1198362186551094 6 -1 -1 
404 39 35 20 0.11829987168312073 4 -1 -1 
1096 590 158 132 0.11713831126689911 5 -1 -1 
120 384 65 62 0.11500837653875351 10 -1 -1 
86 246 102 59 0.11483867466449738 6 -1 -1 
44 317 93 59 0.11450161039829254 6 -1 -1 
180 181 28 25 0.11430319398641586 10 -1 -1 
96 269 114 42 0.11407531797885895 9 -1 -1 
168 546 125 143 0.11402520537376404 5 -1 -1 
796 551 105 131 0.11352688819169998 9 -1 -1 
1073 589 180 133 0.11258669942617416 6 -1 -1 
796 551 104 131 0.11186876147985458 1 -1 -1 
79 242 133 74 0.11180771142244339 8 -1 -1 
441 40 27 23 0.11173233389854431 4 -1 -1 
248 239 20 33 0.11055611819028854 1 -1 -1 
753 379 64 66 0.11020607501268387 1 -1 -1 
2 351 84 78 0.10844878107309341 9 -1 -1 
736 301 42 60 0.10775772482156754 9 -1 -1 
661 211 41 54 0.10763727873563766 5 -1 -1 
0 529 53 117 0.10708989948034286 9 -1 -1 
704 224 46 51 0.10657026618719101 8 -1 -1 
250 242 16 32 0.10567636787891388 2 -1 -1 
378 113 34 27 0.10552148520946503 5 -1 -1 
96 269 114 42 0.10324753820896149 7 -1 -1 
838 727 107 38 0.10311795026063919 5 -1 -1 
120 383 64 63 0.10210437327623367 1 -1 -1 
50 339 84 48 0.10118292272090912 6 -1 -1 
811 181 29 25 0.10070214420557022 10 -1 -1 
169 547 125 142 0.10033680498600006 6 -1 -1 
813 152 26 25 0.10018408298492432 3 -1 -1 
605 363 60 71 0.09993937611579895 1 -1 -1 
699 199 51 53 0.09978881478309631 6 -1 -1 
182 185 26 25 0.09967745840549469 3 -1 -1 
467 102 30 27 0.09915795177221298 1 -1 -1 
256 246 19 31 0.09902787953615189 10 -1 -1 
397 96 29 23 0.09857577085494995 5 -1 -1 
49 180 19 35 0.09810003638267517 1 -1 -1 
604 362 61 72 0.0980205088853836 5 -1 -1 
401 90 29 26 0.09753946959972382 5 -1 -1 
144 284 79 37 0.09711647778749466 4 -1 -1 
13 448 117 106 0.09685017168521881 9 -1 -1 
662 98 26 24 0.09662619978189468 5 -1 -1 
422 71 31 22 0.0965648889541626 5 -1 -1 
464 6 31 15 0.09619781374931335 5 -1 -1 
80 250 140 71 0.09579353779554367 7 -1 -1 
80 250 140 71 0.09438833594322205 6 -1 -1 
0 545 68 136 0.09437468647956848 5 -1 -1 
258 239 19 32 0.09362968057394028 1 -1 -1 
773 455 75 83 0.09209688007831573 5 -1 -1 
13 448 117 106 0.09147454053163528 10 -1 -1 
2 385 75 47 0.09095684438943863 6 -1 -1 
967 586 290 151 0.09062594920396805 6 -1 -1 
13 448 117 106 0.08523689210414886 1 -1 -1 
13 448 117 106 0.07001268863677979 7 -1 -1 
967 586 290 151 0.06831229478120804 4 -1 -1 
0 344 94 91 0.06424027681350708 7 -1 -1 
0 339 90 96 0.06291499733924866 8 -1 -1 
8 318 129 79 0.06051407381892204 6 -1 -1 
13 449 117 105 0.05994971841573715 6 -1 -1 
80 250 140 71 0.059694625437259674 9 -1 -1 
979 587 278 153 0.05719037353992462 5 -1 -1 
2 326 93 106 0.05301656201481819 4 -1 -1 
3 527 105 146 0.05279136076569557 4 -1 -1 
15 448 113 105 0.05104958638548851 8 -1 -1 
0 300 86 126 0.05025704205036163 9 -1 -1 
