554 212 22 48 0.9128048419952393 4 -1 -1 
1042 538 53 24 0.9109963178634644 4 -1 -1 
516 369 25 50 0.9005016684532166 4 -1 -1 
533 70 22 49 0.9004452228546143 4 -1 -1 
395 416 22 49 0.8984823822975159 4 -1 -1 
1063 478 52 24 0.8973976969718933 4 -1 -1 
537 713 24 51 0.8964834213256836 4 -1 -1 
788 136 29 46 0.8860538005828857 4 -1 -1 
738 159 20 46 0.8808846473693848 4 -1 -1 
624 215 23 47 0.8736228942871094 4 -1 -1 
496 659 25 56 0.8734061121940613 4 -1 -1 
604 71 22 46 0.8621457815170288 4 -1 -1 
379 722 25 41 0.8530638813972473 4 -1 -1 
1066 406 52 25 0.8481883406639099 4 -1 -1 
637 0 19 25 0.8303204774856567 4 -1 -1 
586 562 23 57 0.8220147490501404 4 -1 -1 
1087 123 49 24 0.7676427364349365 4 -1 -1 
638 577 8 18 0.706872820854187 10 -1 -1 
801 489 20 37 0.7060882449150085 7 -1 -1 
9 294 42 18 0.6739110946655273 7 -1 -1 
730 460 25 54 0.6687914133071899 4 -1 -1 
657 36 9 17 0.6664538383483887 10 -1 -1 
740 0 20 28 0.6399819254875183 4 -1 -1 
0 39 21 40 0.6384298205375671 4 -1 -1 
717 391 11 24 0.6325790286064148 10 -1 -1 
729 617 7 15 0.5955029129981995 10 -1 -1 
412 163 8 20 0.57236248254776 10 -1 -1 
349 550 8 9 0.5705360174179077 1 -1 -1 
730 460 25 55 0.5615161657333374 5 -1 -1 
466 244 24 63 0.5288363099098206 6 -1 -1 
658 360 8 16 0.5106004476547241 10 -1 -1 
716 33 8 15 0.5067498683929443 10 -1 -1 
437 339 24 65 0.5009389519691467 6 -1 -1 
791 0 19 20 0.5007818341255188 5 -1 -1 
1098 718 20 10 0.49297937750816345 10 -1 -1 
1120 518 22 50 0.4716438353061676 4 -1 -1 
396 537 8 8 0.46258658170700073 1 -1 -1 
791 0 19 20 0.45805707573890686 4 -1 -1 
230 34 15 15 0.44139668345451355 10 -1 -1 
801 489 19 37 0.4343959093093872 8 -1 -1 
716 33 8 10 0.4172097444534302 2 -1 -1 
1097 749 21 10 0.41553381085395813 10 -1 -1 
716 33 7 17 0.4088994264602661 3 -1 -1 
412 163 8 20 0.40813329815864563 1 -1 -1 
714 739 7 10 0.40711989998817444 10 -1 -1 
717 392 11 23 0.40660524368286133 7 -1 -1 
172 180 7 6 0.3821842074394226 1 -1 -1 
658 36 8 13 0.3801501989364624 2 -1 -1 
331 579 7 16 0.37380510568618774 1 -1 -1 
27 297 24 14 0.3715671896934509 7 -1 -1 
1048 88 7 17 0.3713237941265106 1 -1 -1 
169 147 10 8 0.3591347634792328 1 -1 -1 
739 0 20 28 0.3559470772743225 5 -1 -1 
658 361 8 15 0.35488322377204895 2 -1 -1 
9 294 42 18 0.3526983857154846 8 -1 -1 
173 149 8 7 0.34919360280036926 1 -1 -1 
715 741 6 8 0.31871989369392395 1 -1 -1 
1097 748 21 11 0.3149740695953369 3 -1 -1 
15 298 37 21 0.3147276043891907 7 -1 -1 
638 576 8 19 0.3049914240837097 8 -1 -1 
206 287 10 7 0.30318447947502136 1 -1 -1 
658 360 8 10 0.2997865676879883 2 -1 -1 
693 756 8 7 0.2937423586845398 1 -1 -1 
321 306 12 10 0.29133808612823486 1 -1 -1 
313 743 7 12 0.2908904552459717 1 -1 -1 
169 146 8 7 0.28732994198799133 1 -1 -1 
586 562 24 57 0.28435248136520386 5 -1 -1 
717 394 11 21 0.2784402370452881 2 -1 -1 
638 576 8 19 0.2754920423030853 7 -1 -1 
195 616 5 10 0.27061671018600464 1 -1 -1 
1105 242 9 17 0.27004724740982056 10 -1 -1 
330 579 9 16 0.26969388127326965 10 -1 -1 
675 243 25 52 0.2689151465892792 6 -1 -1 
377 488 12 8 0.2649628818035126 10 -1 -1 
378 488 11 9 0.25503605604171753 1 -1 -1 
840 442 6 7 0.25480103492736816 1 -1 -1 
0 39 21 40 0.2521582841873169 5 -1 -1 
658 360 8 16 0.25107669830322266 7 -1 -1 
716 33 7 15 0.25081124901771545 1 -1 -1 
638 576 7 13 0.2498350292444229 2 -1 -1 
175 580 4 9 0.2492346465587616 1 -1 -1 
418 355 7 6 0.24604924023151398 1 -1 -1 
728 621 7 11 0.2350187748670578 10 -1 -1 
714 738 7 9 0.23237156867980957 1 -1 -1 
657 38 9 16 0.23162975907325745 2 -1 -1 
718 394 9 13 0.23152676224708557 2 -1 -1 
152 414 4 6 0.22955656051635742 1 -1 -1 
186 286 30 10 0.2274104356765747 1 -1 -1 
1116 281 8 12 0.22697457671165466 10 -1 -1 
145 590 7 8 0.22526825964450836 1 -1 -1 
26 300 26 17 0.2231122851371765 7 -1 -1 
199 119 6 8 0.22232437133789062 1 -1 -1 
420 357 5 5 0.2206050604581833 1 -1 -1 
730 619 6 13 0.22057496011257172 1 -1 -1 
638 581 8 14 0.21936126053333282 2 -1 -1 
98 171 6 12 0.218770369887352 10 -1 -1 
74 168 6 6 0.21748672425746918 1 -1 -1 
658 360 8 15 0.21602603793144226 3 -1 -1 
1209 630 13 10 0.2127246856689453 10 -1 -1 
181 650 4 9 0.2125747948884964 1 -1 -1 
329 581 8 15 0.21252809464931488 1 -1 -1 
142 628 5 6 0.21248787641525269 1 -1 -1 
1048 88 8 17 0.21230706572532654 10 -1 -1 
398 536 7 8 0.20722772181034088 1 -1 -1 
413 163 7 11 0.20666824281215668 2 -1 -1 
1120 517 22 50 0.20303195714950562 5 -1 -1 
729 616 6 12 0.20267927646636963 2 -1 -1 
185 287 9 9 0.20256192982196808 1 -1 -1 
1210 532 14 12 0.20242995023727417 10 -1 -1 
330 579 9 16 0.2009841352701187 3 -1 -1 
604 71 22 46 0.2009667009115219 5 -1 -1 
347 550 8 8 0.20041020214557648 1 -1 -1 
68 152 7 7 0.1995246261358261 1 -1 -1 
715 738 9 9 0.19852548837661743 10 -1 -1 
1163 514 19 36 0.19821889698505402 7 -1 -1 
1120 518 22 50 0.19524602591991425 6 -1 -1 
173 609 5 6 0.19442999362945557 1 -1 -1 
658 360 8 15 0.1929772049188614 1 -1 -1 
1121 396 24 55 0.192588210105896 9 -1 -1 
1001 451 32 17 0.1917984038591385 4 -1 -1 
165 176 5 6 0.19167563319206238 1 -1 -1 
675 243 25 52 0.19141371548175812 5 -1 -1 
332 579 7 11 0.19030389189720154 1 -1 -1 
15 298 37 21 0.18964795768260956 8 -1 -1 
822 126 51 25 0.18921446800231934 6 -1 -1 
467 244 23 58 0.18819069862365723 5 -1 -1 
719 392 8 10 0.18626849353313446 2 -1 -1 
638 583 7 12 0.18481923639774323 10 -1 -1 
175 580 4 10 0.18479667603969574 10 -1 -1 
181 630 6 8 0.1836886703968048 1 -1 -1 
693 756 8 7 0.18346014618873596 2 -1 -1 
397 65 7 10 0.1822386533021927 1 -1 -1 
331 584 6 12 0.17957663536071777 1 -1 -1 
801 489 19 37 0.17768064141273499 4 -1 -1 
801 489 19 37 0.17387598752975464 6 -1 -1 
466 245 24 58 0.16755357384681702 9 -1 -1 
496 659 26 56 0.14595437049865723 5 -1 -1 
226 31 20 19 0.14488929510116577 10 -1 -1 
791 0 19 20 0.14462797343730927 6 -1 -1 
801 489 19 37 0.14135628938674927 10 -1 -1 
1121 396 24 55 0.1321292668581009 6 -1 -1 
1066 406 53 25 0.1319214403629303 5 -1 -1 
1087 123 49 24 0.13064652681350708 5 -1 -1 
675 244 25 55 0.1279253363609314 9 -1 -1 
1118 401 26 114 0.12362616509199142 6 -1 -1 
731 460 24 55 0.12215214222669601 6 -1 -1 
185 286 31 11 0.11980368196964264 3 -1 -1 
1063 478 53 24 0.1158183217048645 5 -1 -1 
440 339 28 56 0.1148756667971611 6 -1 -1 
802 486 19 34 0.11462515592575073 2 -1 -1 
998 284 30 24 0.1063699871301651 4 -1 -1 
731 460 24 55 0.10523051768541336 9 -1 -1 
-1 53 19 27 0.10459089279174805 4 -1 -1 
1096 447 25 26 0.10458169132471085 6 -1 -1 
410 161 13 24 0.10401567816734314 1 -1 -1 
342 692 26 14 0.10306762158870697 4 -1 -1 
327 693 41 15 0.1029297262430191 4 -1 -1 
7 293 46 28 0.10200891643762589 6 -1 -1 
1121 396 24 55 0.10159149765968323 5 -1 -1 
516 369 25 50 0.10010986775159836 5 -1 -1 
1096 448 20 26 0.09782661497592926 8 -1 -1 
744 0 24 28 0.09770993143320084 4 -1 -1 
997 293 31 17 0.09723231941461563 4 -1 -1 
623 214 25 49 0.09662818163633347 5 -1 -1 
537 714 25 50 0.09394346922636032 9 -1 -1 
322 697 45 20 0.09383207559585571 4 -1 -1 
801 489 19 37 0.09019903838634491 5 -1 -1 
1119 517 23 52 0.09017834067344666 9 -1 -1 
1007 135 27 17 0.08994580060243607 5 -1 -1 
655 32 13 25 0.08938058465719223 10 -1 -1 
496 659 25 56 0.08915504813194275 9 -1 -1 
322 699 31 18 0.0890658050775528 4 -1 -1 
7 294 46 29 0.0874246135354042 8 -1 -1 
1095 447 19 26 0.08731047809123993 7 -1 -1 
677 133 26 58 0.08714061975479126 4 -1 -1 
86 119 17 21 0.08623199909925461 8 -1 -1 
1129 396 28 51 0.08530890196561813 9 -1 -1 
437 340 25 69 0.08467604964971542 9 -1 -1 
319 653 35 21 0.08435553312301636 4 -1 -1 
467 245 23 59 0.08307447284460068 4 -1 -1 
1096 447 35 19 0.08237922191619873 6 -1 -1 
1063 476 52 25 0.08107713609933853 9 -1 -1 
801 489 19 37 0.08052890747785568 3 -1 -1 
318 652 22 20 0.08035151660442352 4 -1 -1 
7 294 46 29 0.0801742747426033 7 -1 -1 
2 297 43 34 0.08014175295829773 6 -1 -1 
1120 441 21 72 0.07950564473867416 6 -1 -1 
0 33 21 46 0.07834756374359131 6 -1 -1 
801 489 20 36 0.07777618616819382 9 -1 -1 
637 0 19 25 0.07753325998783112 5 -1 -1 
1119 401 27 117 0.0774853527545929 9 -1 -1 
1096 447 25 26 0.07741322368383408 4 -1 -1 
1042 538 52 24 0.07709582149982452 5 -1 -1 
1095 746 24 13 0.07632362097501755 9 -1 -1 
438 340 24 62 0.07590490579605103 5 -1 -1 
516 369 25 50 0.07545837759971619 9 -1 -1 
330 652 28 24 0.07513990998268127 4 -1 -1 
1096 447 35 19 0.0744284838438034 4 -1 -1 
675 244 25 55 0.07428625971078873 4 -1 -1 
516 369 25 50 0.07402883470058441 1 -1 -1 
1007 135 27 17 0.07379665225744247 4 -1 -1 
319 662 25 25 0.0733368992805481 4 -1 -1 
537 714 24 50 0.07300297915935516 1 -1 -1 
533 70 23 50 0.07270863652229309 5 -1 -1 
791 0 19 20 0.07258570939302444 9 -1 -1 
395 415 23 50 0.07230444997549057 5 -1 -1 
586 562 24 56 0.07215084135532379 9 -1 -1 
1042 538 52 24 0.07202702760696411 9 -1 -1 
740 0 20 28 0.07117664813995361 9 -1 -1 
320 669 27 19 0.07088346034288406 4 -1 -1 
1042 538 52 24 0.07066692411899567 6 -1 -1 
496 659 25 56 0.07032306492328644 6 -1 -1 
86 119 17 21 0.06946389377117157 6 -1 -1 
537 714 25 50 0.06940986216068268 5 -1 -1 
821 125 55 28 0.06857755035161972 5 -1 -1 
1121 396 24 55 0.06856073439121246 4 -1 -1 
740 0 19 28 0.06798271834850311 6 -1 -1 
586 562 24 57 0.0674106627702713 1 -1 -1 
1112 396 39 167 0.06687122583389282 6 -1 -1 
999 282 26 18 0.06650272756814957 4 -1 -1 
2 297 43 34 0.06646562367677689 8 -1 -1 
4 51 20 29 0.06621702015399933 4 -1 -1 
715 390 13 26 0.06609294563531876 9 -1 -1 
533 70 23 50 0.0659598857164383 9 -1 -1 
337 650 23 23 0.06585758179426193 4 -1 -1 
318 667 20 22 0.06569922715425491 4 -1 -1 
0 301 42 48 0.06525462120771408 6 -1 -1 
319 301 18 21 0.06522718071937561 1 -1 -1 
1129 396 28 51 0.06520071625709534 6 -1 -1 
788 136 29 46 0.06513231992721558 5 -1 -1 
802 486 19 34 0.06413868069648743 1 -1 -1 
1063 478 53 24 0.06332331150770187 6 -1 -1 
744 0 24 28 0.062466781586408615 5 -1 -1 
1136 394 27 52 0.06228075549006462 9 -1 -1 
752 0 22 28 0.061815932393074036 4 -1 -1 
1066 405 52 26 0.061185725033283234 9 -1 -1 
788 136 29 46 0.06110404059290886 1 -1 -1 
802 499 19 32 0.06102598085999489 9 -1 -1 
1151 700 28 15 0.06093166023492813 4 -1 -1 
496 659 25 56 0.0606803297996521 1 -1 -1 
1000 292 28 16 0.0601312518119812 6 -1 -1 
1095 746 24 13 0.06001007556915283 7 -1 -1 
86 119 17 21 0.05954791232943535 7 -1 -1 
85 119 17 21 0.05862775444984436 5 -1 -1 
0 30 21 48 0.05855536088347435 9 -1 -1 
327 648 28 23 0.058518845587968826 4 -1 -1 
533 70 23 50 0.05815836414694786 1 -1 -1 
433 348 33 70 0.05749937519431114 6 -1 -1 
-1 53 19 27 0.05720950663089752 5 -1 -1 
1126 396 35 169 0.056482408195734024 6 -1 -1 
