1001 270 58 40 0.9931469559669495 9 -1 -1 
697 433 32 38 0.8895354866981506 4 -1 -1 
1266 253 49 24 0.8873375654220581 6 -1 -1 
772 427 32 36 0.8619813919067383 4 -1 -1 
610 429 31 38 0.8563385009765625 4 -1 -1 
702 242 13 11 0.7340246438980103 4 -1 -1 
663 237 15 13 0.7244043350219727 4 -1 -1 
695 263 16 15 0.7048543095588684 4 -1 -1 
849 415 34 30 0.7026150226593018 4 -1 -1 
855 196 11 9 0.6859149932861328 4 -1 -1 
655 244 15 12 0.6824101805686951 4 -1 -1 
718 181 21 28 0.6814566254615784 6 -1 -1 
676 261 14 14 0.6800523996353149 4 -1 -1 
667 265 18 17 0.6653423309326172 4 -1 -1 
681 241 14 11 0.6578626036643982 4 -1 -1 
698 405 28 32 0.6438332796096802 4 -1 -1 
650 249 15 14 0.6410385966300964 4 -1 -1 
411 387 66 90 0.6236039400100708 6 -1 -1 
1251 261 29 29 0.6037448644638062 6 -1 -1 
1001 269 59 41 0.5996919870376587 5 -1 -1 
1208 549 15 24 0.5867500901222229 7 -1 -1 
1025 447 44 37 0.5854529738426208 4 -1 -1 
720 244 15 15 0.5832881927490234 5 -1 -1 
727 230 12 12 0.5757463574409485 4 -1 -1 
640 251 19 22 0.5682503581047058 5 -1 -1 
699 248 14 14 0.565912127494812 4 -1 -1 
620 408 27 31 0.5502563714981079 5 -1 -1 
718 271 16 15 0.5478191375732422 4 -1 -1 
728 224 12 10 0.5412606596946716 4 -1 -1 
517 371 42 87 0.535099983215332 6 -1 -1 
679 247 14 12 0.522186815738678 4 -1 -1 
723 240 12 12 0.5185436010360718 4 -1 -1 
717 256 16 19 0.5145600438117981 5 -1 -1 
1208 549 15 23 0.5085917115211487 8 -1 -1 
621 407 26 29 0.5027384757995605 4 -1 -1 
548 242 63 33 0.4897293746471405 6 -1 -1 
700 245 14 14 0.4851718544960022 4 -1 -1 
726 235 13 12 0.481774240732193 4 -1 -1 
706 231 12 12 0.4803916811943054 4 -1 -1 
1066 291 12 30 0.46911633014678955 1 -1 -1 
721 252 16 13 0.46557897329330444 4 -1 -1 
677 253 14 14 0.46557801961898804 4 -1 -1 
733 213 12 12 0.4587509036064148 4 -1 -1 
717 256 16 19 0.4568955600261688 4 -1 -1 
1059 290 11 30 0.4548514187335968 1 -1 -1 
703 238 13 12 0.45296934247016907 4 -1 -1 
345 409 40 48 0.4428759813308716 4 -1 -1 
724 237 13 12 0.44090452790260315 4 -1 -1 
1040 251 41 23 0.4363258183002472 6 -1 -1 
344 405 105 60 0.42884114384651184 6 -1 -1 
1256 558 12 14 0.4204980731010437 2 -1 -1 
698 253 13 16 0.3981153070926666 4 -1 -1 
730 152 7 6 0.3970645070075989 4 -1 -1 
679 247 14 12 0.3883307874202728 5 -1 -1 
698 253 13 16 0.3877168595790863 5 -1 -1 
705 235 13 11 0.3874097466468811 4 -1 -1 
1265 564 10 12 0.38481175899505615 2 -1 -1 
1175 422 62 41 0.3744092285633087 4 -1 -1 
1271 571 12 12 0.37305352091789246 2 -1 -1 
1001 440 69 46 0.3690580427646637 4 -1 -1 
720 249 16 14 0.36758020520210266 5 -1 -1 
722 241 13 15 0.36422261595726013 5 -1 -1 
677 253 14 14 0.3625867962837219 5 -1 -1 
721 241 14 16 0.34803342819213867 4 -1 -1 
617 258 33 42 0.3442196547985077 6 -1 -1 
1057 290 10 28 0.3383198380470276 1 -1 -1 
620 258 30 44 0.33546972274780273 9 -1 -1 
548 252 52 23 0.3271883726119995 6 -1 -1 
614 256 38 58 0.3251550495624542 9 -1 -1 
697 407 29 30 0.32090383768081665 5 -1 -1 
316 427 21 22 0.32046088576316833 3 -1 -1 
713 243 11 11 0.31834569573402405 4 -1 -1 
517 371 42 87 0.31321433186531067 9 -1 -1 
1266 566 10 13 0.3112531900405884 2 -1 -1 
820 401 31 33 0.3044564425945282 4 -1 -1 
1268 569 11 12 0.30412039160728455 2 -1 -1 
344 403 70 54 0.29644134640693665 6 -1 -1 
474 376 38 84 0.29232922196388245 6 -1 -1 
660 239 15 13 0.2910327911376953 4 -1 -1 
590 279 20 21 0.2903907001018524 4 -1 -1 
699 248 14 14 0.28733840584754944 5 -1 -1 
1288 257 41 20 0.2848016321659088 6 -1 -1 
733 213 12 12 0.2844795882701874 5 -1 -1 
730 221 13 11 0.28360986709594727 4 -1 -1 
1252 261 28 28 0.280172735452652 5 -1 -1 
1206 278 69 30 0.2794836461544037 6 -1 -1 
719 239 14 10 0.2793618440628052 4 -1 -1 
1208 549 15 23 0.2786796987056732 2 -1 -1 
720 247 15 15 0.27598679065704346 4 -1 -1 
640 251 19 22 0.27450135350227356 4 -1 -1 
681 241 13 12 0.27396872639656067 5 -1 -1 
410 420 59 59 0.2738219201564789 6 -1 -1 
728 228 12 10 0.27217307686805725 4 -1 -1 
666 265 19 18 0.2685580849647522 5 -1 -1 
715 237 12 11 0.2685282826423645 4 -1 -1 
855 196 11 9 0.26434001326560974 5 -1 -1 
732 218 12 10 0.2621370553970337 4 -1 -1 
540 251 76 35 0.2613079249858856 6 -1 -1 
728 224 12 10 0.26072385907173157 5 -1 -1 
644 251 19 17 0.2574767470359802 4 -1 -1 
676 261 14 13 0.2564156651496887 5 -1 -1 
1211 557 12 16 0.2560533583164215 2 -1 -1 
1208 549 15 23 0.2558756172657013 10 -1 -1 
609 253 44 26 0.2557355761528015 6 -1 -1 
417 383 92 92 0.2551656663417816 6 -1 -1 
1058 290 11 27 0.24990573525428772 2 -1 -1 
1065 293 12 29 0.24104025959968567 3 -1 -1 
458 380 48 88 0.23902174830436707 6 -1 -1 
672 263 16 14 0.23653697967529297 4 -1 -1 
468 388 35 66 0.23613867163658142 6 -1 -1 
376 401 84 74 0.23589873313903809 6 -1 -1 
1258 559 13 15 0.2345535308122635 2 -1 -1 
496 369 38 89 0.2332061529159546 6 -1 -1 
695 264 16 14 0.23073774576187134 5 -1 -1 
954 239 6 10 0.23030082881450653 1 -1 -1 
1058 294 17 28 0.23005475103855133 3 -1 -1 
1040 251 41 23 0.22998587787151337 8 -1 -1 
344 405 75 54 0.22936676442623138 9 -1 -1 
720 253 16 17 0.22827276587486267 5 -1 -1 
1063 291 14 28 0.2269526869058609 2 -1 -1 
315 421 31 28 0.22683179378509521 3 -1 -1 
679 243 14 12 0.22661863267421722 4 -1 -1 
1058 289 9 22 0.22475403547286987 2 -1 -1 
645 411 32 50 0.22282469272613525 6 -1 -1 
345 405 71 54 0.22236652672290802 4 -1 -1 
1080 257 47 32 0.22184661030769348 6 -1 -1 
1058 294 17 28 0.22179758548736572 1 -1 -1 
1172 411 50 49 0.2210722118616104 4 -1 -1 
586 252 31 26 0.22082245349884033 6 -1 -1 
706 231 12 12 0.22057591378688812 5 -1 -1 
716 234 12 10 0.21815125644207 4 -1 -1 
652 246 15 13 0.21623936295509338 4 -1 -1 
706 228 12 11 0.2159164994955063 4 -1 -1 
717 256 16 19 0.21452739834785461 6 -1 -1 
849 415 34 30 0.21422865986824036 5 -1 -1 
345 405 71 54 0.21337124705314636 5 -1 -1 
877 110 54 25 0.21090777218341827 6 -1 -1 
345 379 81 81 0.21028709411621094 6 -1 -1 
886 222 12 11 0.2083626687526703 4 -1 -1 
650 249 15 14 0.20819297432899475 5 -1 -1 
700 245 14 14 0.20779339969158173 5 -1 -1 
678 251 14 13 0.2058708667755127 4 -1 -1 
642 468 13 32 0.2056925892829895 1 -1 -1 
644 251 19 17 0.20506545901298523 5 -1 -1 
727 226 11 11 0.20481495559215546 4 -1 -1 
338 394 130 87 0.20050431787967682 6 -1 -1 
603 248 55 27 0.1993783563375473 6 -1 -1 
717 168 28 41 0.19895167648792267 6 -1 -1 
560 252 58 24 0.19182178378105164 6 -1 -1 
518 269 95 36 0.19115597009658813 6 -1 -1 
1205 256 77 34 0.1901082843542099 6 -1 -1 
1000 268 61 43 0.1882500797510147 6 -1 -1 
484 368 36 90 0.18626585602760315 6 -1 -1 
720 158 27 43 0.185512512922287 6 -1 -1 
613 258 28 42 0.18512718379497528 9 -1 -1 
629 258 23 43 0.1827147901058197 6 -1 -1 
1201 269 81 33 0.17594550549983978 6 -1 -1 
628 253 29 31 0.16902615129947662 6 -1 -1 
985 424 84 61 0.16747066378593445 4 -1 -1 
502 361 48 94 0.1640009582042694 9 -1 -1 
502 361 48 94 0.16163823008537292 6 -1 -1 
345 403 108 63 0.15753276646137238 9 -1 -1 
517 371 42 87 0.15339252352714539 5 -1 -1 
518 392 58 69 0.15197782218456268 6 -1 -1 
1219 279 126 33 0.15118907392024994 6 -1 -1 
592 251 37 26 0.14991754293441772 6 -1 -1 
635 251 25 26 0.14945831894874573 6 -1 -1 
495 366 36 91 0.1470929980278015 9 -1 -1 
534 259 79 41 0.14592385292053223 6 -1 -1 
599 252 45 36 0.1446618288755417 6 -1 -1 
589 255 27 42 0.1406296342611313 6 -1 -1 
587 270 24 32 0.14060406386852264 5 -1 -1 
620 258 30 44 0.13922956585884094 5 -1 -1 
345 406 108 65 0.1357768326997757 5 -1 -1 
628 263 28 46 0.13406838476657867 9 -1 -1 
569 253 77 64 0.13364659249782562 6 -1 -1 
722 159 26 42 0.13187792897224426 9 -1 -1 
986 396 62 79 0.13123451173305511 4 -1 -1 
467 365 39 82 0.13099710643291473 6 -1 -1 
985 424 84 61 0.1289924681186676 5 -1 -1 
411 387 66 90 0.12865687906742096 5 -1 -1 
1000 269 61 42 0.12814776599407196 4 -1 -1 
1198 277 113 34 0.12466636300086975 6 -1 -1 
518 356 61 103 0.12324105948209763 9 -1 -1 
1076 250 90 38 0.1213485524058342 6 -1 -1 
630 256 24 42 0.11785650253295898 9 -1 -1 
407 370 54 96 0.11607027798891068 6 -1 -1 
1080 225 93 40 0.11399650573730469 6 -1 -1 
411 368 61 104 0.11370518058538437 9 -1 -1 
608 257 26 38 0.11196580529212952 6 -1 -1 
345 379 81 81 0.11177235096693039 5 -1 -1 
595 254 27 40 0.11143604665994644 6 -1 -1 
767 259 22 46 0.1112922728061676 9 -1 -1 
419 355 59 111 0.10910823941230774 6 -1 -1 
479 357 46 86 0.10868201404809952 6 -1 -1 
570 260 45 34 0.10831097513437271 6 -1 -1 
706 290 39 24 0.1078220009803772 5 -1 -1 
613 258 26 44 0.10741109400987625 6 -1 -1 
603 324 65 53 0.10710182040929794 3 -1 -1 
706 290 39 24 0.10698097944259644 4 -1 -1 
1229 192 127 38 0.10694555938243866 6 -1 -1 
474 376 38 84 0.10690706223249435 9 -1 -1 
1245 178 110 37 0.10578561574220657 6 -1 -1 
697 287 36 28 0.10536782443523407 5 -1 -1 
1001 440 69 46 0.10530412197113037 5 -1 -1 
553 240 55 23 0.10507069528102875 6 -1 -1 
407 337 100 141 0.10155672580003738 6 -1 -1 
580 276 30 31 0.10100286453962326 5 -1 -1 
395 412 63 69 0.10012761503458023 6 -1 -1 
604 255 44 71 0.10003069043159485 9 -1 -1 
392 405 67 73 0.10002600401639938 5 -1 -1 
609 253 44 26 0.1000087782740593 9 -1 -1 
587 270 24 32 0.0998435914516449 4 -1 -1 
519 365 71 95 0.09926917403936386 6 -1 -1 
621 259 30 48 0.09809212386608124 4 -1 -1 
409 421 57 58 0.09808728843927383 5 -1 -1 
612 255 38 67 0.09751688688993454 5 -1 -1 
546 256 60 26 0.09616629034280777 6 -1 -1 
568 270 42 32 0.09496109932661057 5 -1 -1 
604 253 38 35 0.0948573425412178 9 -1 -1 
1144 184 72 35 0.09404344856739044 9 -1 -1 
345 406 108 65 0.09299341589212418 4 -1 -1 
511 394 45 70 0.09233693033456802 6 -1 -1 
467 383 39 79 0.09232140332460403 5 -1 -1 
838 391 49 58 0.0922074019908905 4 -1 -1 
608 257 26 38 0.09185178577899933 9 -1 -1 
1221 284 136 40 0.0915275439620018 6 -1 -1 
626 253 30 35 0.0902516320347786 9 -1 -1 
466 377 44 85 0.0892573744058609 4 -1 -1 
986 396 53 70 0.088974229991436 5 -1 -1 
771 251 21 47 0.0872151181101799 9 -1 -1 
989 386 50 71 0.0871061384677887 4 -1 -1 
684 283 37 31 0.08662836998701096 5 -1 -1 
717 181 22 29 0.08660048991441727 5 -1 -1 
341 335 131 141 0.08583970367908478 6 -1 -1 
469 359 40 77 0.08582022786140442 9 -1 -1 
474 370 50 87 0.08563467115163803 5 -1 -1 
392 405 67 73 0.0855681374669075 9 -1 -1 
449 377 58 93 0.08553652465343475 5 -1 -1 
547 257 81 68 0.0854245126247406 6 -1 -1 
595 254 56 67 0.08528202027082443 6 -1 -1 
545 265 53 31 0.08450593799352646 6 -1 -1 
548 243 63 31 0.08408308774232864 9 -1 -1 
678 282 39 30 0.0834115520119667 9 -1 -1 
624 247 36 25 0.08275503665208817 6 -1 -1 
345 379 81 81 0.08271539956331253 4 -1 -1 
717 181 22 29 0.08193562179803848 9 -1 -1 
514 271 100 36 0.0815209150314331 9 -1 -1 
561 250 90 35 0.08126068115234375 6 -1 -1 
546 240 47 30 0.08112724125385284 6 -1 -1 
410 425 58 55 0.081016905605793 9 -1 -1 
496 369 38 89 0.08055316656827927 5 -1 -1 
1051 199 85 25 0.07978561520576477 6 -1 -1 
373 384 80 81 0.0796714574098587 9 -1 -1 
345 375 93 86 0.07954490929841995 9 -1 -1 
620 328 54 60 0.07902572304010391 3 -1 -1 
409 384 114 100 0.07833382487297058 9 -1 -1 
413 385 140 100 0.07830287516117096 6 -1 -1 
548 252 41 22 0.07806431502103806 5 -1 -1 
703 294 32 27 0.07785454392433167 4 -1 -1 
548 243 63 31 0.0773138552904129 5 -1 -1 
985 401 81 82 0.07694366574287415 6 -1 -1 
474 370 50 87 0.07680545002222061 4 -1 -1 
511 394 45 70 0.07666629552841187 9 -1 -1 
591 260 23 39 0.07658302038908005 5 -1 -1 
412 415 83 65 0.07652712613344193 9 -1 -1 
409 421 57 58 0.07613829523324966 4 -1 -1 
1145 181 71 35 0.0760347992181778 5 -1 -1 
417 383 92 92 0.07558941841125488 5 -1 -1 
577 256 75 51 0.07517046481370926 9 -1 -1 
588 264 24 36 0.07513737678527832 9 -1 -1 
691 285 36 29 0.07454412430524826 4 -1 -1 
609 253 44 26 0.07441146671772003 5 -1 -1 
595 254 27 40 0.07426652312278748 9 -1 -1 
591 260 23 39 0.0742444396018982 4 -1 -1 
392 405 67 73 0.07348155230283737 4 -1 -1 
546 257 34 28 0.07341237366199493 6 -1 -1 
631 269 34 40 0.07302174717187881 9 -1 -1 
496 389 49 81 0.07254932075738907 6 -1 -1 
986 396 53 70 0.07254590839147568 6 -1 -1 
628 263 28 46 0.07245960086584091 5 -1 -1 
652 283 48 31 0.07237756997346878 9 -1 -1 
517 371 42 87 0.07190025597810745 4 -1 -1 
462 368 43 94 0.07187195867300034 9 -1 -1 
1005 401 65 82 0.07176278531551361 4 -1 -1 
502 361 48 94 0.07155443727970123 5 -1 -1 
1223 297 134 37 0.07131941616535187 6 -1 -1 
537 279 58 25 0.0712854191660881 6 -1 -1 
565 238 51 29 0.07126111537218094 6 -1 -1 
613 258 28 42 0.07067588716745377 5 -1 -1 
628 253 29 31 0.07066182792186737 5 -1 -1 
579 254 73 42 0.07030490785837173 6 -1 -1 
336 386 132 96 0.06996989995241165 9 -1 -1 
417 383 92 92 0.06977837532758713 4 -1 -1 
381 373 65 88 0.06887895613908768 6 -1 -1 
548 252 41 22 0.06878809630870819 4 -1 -1 
547 255 94 43 0.06860921531915665 6 -1 -1 
722 159 26 42 0.06859216839075089 5 -1 -1 
485 296 183 83 0.06803406774997711 6 -1 -1 
767 259 22 46 0.06757934391498566 6 -1 -1 
524 238 87 41 0.0675751119852066 6 -1 -1 
860 110 73 31 0.06717352569103241 6 -1 -1 
1171 397 123 79 0.06716080009937286 4 -1 -1 
767 253 23 45 0.06712833791971207 4 -1 -1 
585 266 25 34 0.06699396669864655 6 -1 -1 
343 380 62 76 0.06667540222406387 9 -1 -1 
547 243 68 34 0.06647053360939026 4 -1 -1 
544 252 34 25 0.0663662776350975 6 -1 -1 
621 264 30 49 0.06609614938497543 6 -1 -1 
664 286 31 35 0.06600092351436615 9 -1 -1 
694 281 44 30 0.06553751975297928 4 -1 -1 
551 271 58 32 0.06547733396291733 9 -1 -1 
540 251 76 35 0.06507956981658936 9 -1 -1 
1079 235 90 48 0.06504543125629425 6 -1 -1 
1133 189 78 36 0.06456402689218521 9 -1 -1 
718 170 26 38 0.06453156471252441 5 -1 -1 
411 389 63 88 0.0643618181347847 4 -1 -1 
633 251 27 28 0.06429451704025269 9 -1 -1 
567 268 44 31 0.06409485638141632 6 -1 -1 
1144 184 72 35 0.06403658539056778 6 -1 -1 
626 270 33 46 0.06376282870769501 4 -1 -1 
467 326 99 146 0.0634736716747284 6 -1 -1 
586 252 31 26 0.06321072578430176 9 -1 -1 
586 252 31 26 0.06233739107847214 5 -1 -1 
1068 227 90 49 0.06228572130203247 6 -1 -1 
1215 255 100 34 0.06199017912149429 6 -1 -1 
667 283 41 30 0.06177360191941261 9 -1 -1 
428 349 144 131 0.06141899153590202 6 -1 -1 
581 256 33 40 0.06125602498650551 5 -1 -1 
581 256 33 40 0.06107310578227043 9 -1 -1 
518 392 58 69 0.06025380641222 5 -1 -1 
635 255 24 40 0.06018057465553284 6 -1 -1 
624 252 34 69 0.06014629080891609 9 -1 -1 
480 278 181 67 0.058870743960142136 6 -1 -1 
503 327 70 142 0.05710819363594055 6 -1 -1 
540 251 76 35 0.05537174269556999 5 -1 -1 
517 269 96 36 0.05378340557217598 5 -1 -1 
540 251 76 35 0.0532878153026104 4 -1 -1 
562 249 221 79 0.052994254976511 9 -1 -1 
514 271 100 36 0.05296419933438301 4 -1 -1 
543 252 85 48 0.05250344052910805 9 -1 -1 
343 390 141 92 0.051044195890426636 5 -1 -1 
341 335 131 141 0.050255779176950455 9 -1 -1 
