271 441 30 75 0.9244922399520874 1 -1 -1 
595 311 33 68 0.9134016633033752 1 -1 -1 
320 172 14 44 0.8992335200309753 1 -1 -1 
458 238 20 51 0.89521723985672 1 -1 -1 
103 102 17 31 0.8638122081756592 1 -1 -1 
221 446 34 91 0.8632914423942566 1 -1 -1 
196 182 16 35 0.8631084561347961 1 -1 -1 
523 271 25 57 0.8578150868415833 1 -1 -1 
265 282 25 71 0.8388476371765137 1 -1 -1 
423 310 29 76 0.8161405920982361 1 -1 -1 
218 268 24 68 0.8145317435264587 1 -1 -1 
84 182 19 43 0.8057215809822083 1 -1 -1 
188 268 27 64 0.7994956970214844 1 -1 -1 
420 246 27 50 0.7950223088264465 1 -1 -1 
661 244 25 59 0.791362464427948 1 -1 -1 
82 80 13 28 0.7697739601135254 1 -1 -1 
495 129 26 25 0.7644392848014832 10 -1 -1 
564 235 28 57 0.761608898639679 1 -1 -1 
55 183 23 46 0.7584218382835388 1 -1 -1 
442 281 23 60 0.7476857304573059 1 -1 -1 
510 184 15 37 0.7388797402381897 1 -1 -1 
0 266 81 50 0.7360556125640869 3 -1 -1 
271 78 9 23 0.7351428866386414 1 -1 -1 
231 99 8 20 0.7273560166358948 1 -1 -1 
490 186 16 36 0.6722100377082825 1 -1 -1 
95 251 21 27 0.6679354310035706 2 -1 -1 
129 288 39 40 0.6389265060424805 2 -1 -1 
82 230 28 31 0.6387668251991272 2 -1 -1 
216 387 23 46 0.6171669363975525 1 -1 -1 
34 118 17 18 0.6124399900436401 2 -1 -1 
122 246 25 23 0.6065833568572998 2 -1 -1 
229 214 25 26 0.597815990447998 2 -1 -1 
139 239 30 31 0.5958269238471985 2 -1 -1 
646 213 23 26 0.5916186571121216 2 -1 -1 
416 127 11 31 0.591558575630188 1 -1 -1 
140 239 30 30 0.5740810632705688 1 -1 -1 
51 159 16 38 0.5729015469551086 1 -1 -1 
250 212 18 24 0.5616862177848816 1 -1 -1 
621 151 18 40 0.5608972311019897 1 -1 -1 
764 150 11 26 0.5563582181930542 1 -1 -1 
286 59 7 22 0.5526343584060669 1 -1 -1 
553 146 15 40 0.5467536449432373 1 -1 -1 
173 376 49 53 0.5408452153205872 2 -1 -1 
165 336 27 33 0.5396996736526489 2 -1 -1 
224 212 23 21 0.5314803719520569 2 -1 -1 
754 145 13 29 0.5256640315055847 1 -1 -1 
229 427 31 85 0.5119723081588745 1 -1 -1 
130 288 38 40 0.5074124336242676 1 -1 -1 
377 172 12 21 0.49525508284568787 2 -1 -1 
384 177 11 24 0.49499616026878357 2 -1 -1 
170 335 35 45 0.49469369649887085 2 -1 -1 
490 186 16 36 0.49402397871017456 2 -1 -1 
161 322 30 37 0.487090140581131 2 -1 -1 
122 241 35 28 0.48533502221107483 2 -1 -1 
302 66 7 19 0.48488178849220276 1 -1 -1 
186 374 32 50 0.48265770077705383 2 -1 -1 
360 180 13 23 0.4710426926612854 2 -1 -1 
368 164 9 25 0.4641934037208557 1 -1 -1 
359 182 11 22 0.4641117453575134 1 -1 -1 
133 240 28 29 0.46108904480934143 2 -1 -1 
301 127 9 19 0.4598645865917206 2 -1 -1 
222 76 11 25 0.4431183636188507 1 -1 -1 
212 387 27 46 0.4417201280593872 2 -1 -1 
379 185 15 17 0.43563053011894226 2 -1 -1 
301 130 10 23 0.4001261293888092 10 -1 -1 
170 77 15 13 0.3938501477241516 10 -1 -1 
377 186 11 14 0.3854612410068512 2 -1 -1 
282 73 9 25 0.38034170866012573 1 -1 -1 
301 131 10 22 0.36769551038742065 3 -1 -1 
171 387 62 48 0.3675732910633087 2 -1 -1 
621 152 17 40 0.3616122007369995 2 -1 -1 
98 217 27 32 0.3604562282562256 1 -1 -1 
234 217 27 23 0.35579001903533936 2 -1 -1 
385 177 11 23 0.35545578598976135 1 -1 -1 
171 388 63 47 0.35254180431365967 10 -1 -1 
98 217 27 32 0.3513755798339844 2 -1 -1 
104 216 22 26 0.35010844469070435 1 -1 -1 
367 163 10 25 0.34783706068992615 2 -1 -1 
249 211 19 26 0.346625417470932 2 -1 -1 
173 75 11 14 0.34287503361701965 2 -1 -1 
173 376 47 57 0.3415611982345581 1 -1 -1 
216 85 9 19 0.34031692147254944 1 -1 -1 
104 217 22 24 0.3345410227775574 2 -1 -1 
90 224 25 32 0.3320814073085785 2 -1 -1 
296 229 17 32 0.3313016891479492 1 -1 -1 
377 175 14 24 0.32877111434936523 2 -1 -1 
361 173 12 20 0.3254775404930115 2 -1 -1 
363 179 14 21 0.3241381347179413 2 -1 -1 
523 131 18 27 0.3215779662132263 3 -1 -1 
192 81 8 17 0.31615450978279114 2 -1 -1 
171 402 38 34 0.3146876096725464 1 -1 -1 
203 85 8 13 0.31097888946533203 2 -1 -1 
39 269 42 46 0.31072941422462463 3 -1 -1 
518 182 11 36 0.3070255517959595 1 -1 -1 
361 173 13 26 0.30461156368255615 1 -1 -1 
91 218 24 33 0.3011639416217804 1 -1 -1 
274 77 10 23 0.3000050485134125 1 -1 -1 
218 76 11 26 0.29215964674949646 1 -1 -1 
364 169 12 21 0.2920646667480469 2 -1 -1 
759 146 10 27 0.2912638783454895 1 -1 -1 
279 75 8 23 0.2911266088485718 1 -1 -1 
519 130 21 27 0.28957515954971313 10 -1 -1 
192 81 8 17 0.2884928286075592 1 -1 -1 
92 217 25 30 0.28824201226234436 2 -1 -1 
235 427 22 60 0.28667449951171875 1 -1 -1 
301 127 10 20 0.28487005829811096 1 -1 -1 
285 64 8 21 0.28375640511512756 1 -1 -1 
199 83 10 14 0.2802779972553253 2 -1 -1 
235 213 15 24 0.27747467160224915 2 -1 -1 
160 322 30 40 0.2769862711429596 1 -1 -1 
224 212 22 21 0.2750547528266907 1 -1 -1 
50 40 10 24 0.27375078201293945 1 -1 -1 
172 402 39 33 0.2737172544002533 2 -1 -1 
428 311 32 33 0.2727912664413452 2 -1 -1 
83 230 27 30 0.2711237668991089 1 -1 -1 
87 219 22 34 0.26600441336631775 2 -1 -1 
261 56 19 17 0.26076555252075195 3 -1 -1 
228 427 27 49 0.2564997971057892 1 -1 -1 
160 335 31 34 0.2530210018157959 1 -1 -1 
756 146 16 30 0.22035346925258636 1 -1 -1 
295 229 16 31 0.2185809314250946 2 -1 -1 
358 174 13 31 0.21443206071853638 1 -1 -1 
171 388 63 47 0.21318009495735168 1 -1 -1 
0 265 81 52 0.2104080319404602 10 -1 -1 
142 338 63 40 0.20787420868873596 10 -1 -1 
155 323 42 51 0.1888149082660675 2 -1 -1 
358 174 13 31 0.1880173236131668 2 -1 -1 
509 185 14 37 0.18607594072818756 2 -1 -1 
494 185 16 36 0.17779667675495148 1 -1 -1 
426 310 39 73 0.17617323994636536 1 -1 -1 
362 163 16 32 0.16882528364658356 2 -1 -1 
0 248 35 67 0.1651441603899002 2 -1 -1 
363 168 17 31 0.16307510435581207 1 -1 -1 
752 140 18 32 0.16303949058055878 1 -1 -1 
142 338 63 40 0.1619076281785965 2 -1 -1 
48 28 14 32 0.1586667001247406 1 -1 -1 
424 290 36 69 0.15712836384773254 1 -1 -1 
216 73 16 29 0.15530097484588623 1 -1 -1 
0 267 82 50 0.1538374125957489 7 -1 -1 
20 251 60 63 0.15343953669071198 3 -1 -1 
231 214 25 26 0.15342894196510315 1 -1 -1 
-2 224 83 94 0.15234754979610443 7 -1 -1 
155 323 42 51 0.1503613293170929 1 -1 -1 
133 240 28 29 0.14996372163295746 1 -1 -1 
173 376 47 57 0.14280588924884796 10 -1 -1 
304 76 32 19 0.1427583545446396 3 -1 -1 
188 379 53 53 0.14263826608657837 2 -1 -1 
122 241 35 28 0.14064790308475494 1 -1 -1 
765 148 19 31 0.14001862704753876 1 -1 -1 
363 169 22 29 0.13998602330684662 2 -1 -1 
236 215 30 26 0.13762596249580383 1 -1 -1 
122 246 25 23 0.13720522820949554 1 -1 -1 
221 427 36 63 0.13716474175453186 1 -1 -1 
271 441 30 75 0.1350344866514206 4 -1 -1 
188 379 53 53 0.13365685939788818 1 -1 -1 
305 47 42 18 0.13262180984020233 4 -1 -1 
162 331 42 49 0.13224603235721588 10 -1 -1 
48 175 34 55 0.13019266724586487 1 -1 -1 
368 171 24 29 0.1301664113998413 2 -1 -1 
299 125 14 28 0.12935779988765717 1 -1 -1 
376 172 18 29 0.12922856211662292 1 -1 -1 
162 331 42 49 0.12788189947605133 1 -1 -1 
-1 239 57 75 0.1270809769630432 2 -1 -1 
515 182 13 38 0.12696123123168945 2 -1 -1 
536 135 51 46 0.12691934406757355 1 -1 -1 
494 185 16 36 0.12671859562397003 2 -1 -1 
595 310 33 69 0.1264517456293106 4 -1 -1 
291 231 18 32 0.12533880770206451 1 -1 -1 
320 172 14 44 0.12146559357643127 4 -1 -1 
213 76 14 29 0.11924298852682114 1 -1 -1 
0 231 77 85 0.11747608333826065 3 -1 -1 
-2 203 81 113 0.11581278592348099 9 -1 -1 
142 338 63 40 0.11421698331832886 1 -1 -1 
754 144 14 31 0.11354915052652359 2 -1 -1 
366 164 21 31 0.11235346645116806 1 -1 -1 
379 176 18 28 0.11164715141057968 1 -1 -1 
361 173 27 28 0.10992369800806046 1 -1 -1 
368 171 24 29 0.10828084498643875 1 -1 -1 
182 374 47 51 0.10816144198179245 1 -1 -1 
649 242 35 62 0.10756032168865204 1 -1 -1 
339 47 28 27 0.10677684098482132 1 -1 -1 
369 55 17 33 0.10664510726928711 1 -1 -1 
47 35 16 32 0.10535775125026703 1 -1 -1 
312 77 30 19 0.10378514975309372 3 -1 -1 
-3 234 88 88 0.10211607813835144 10 -1 -1 
0 242 36 72 0.10152114182710648 1 -1 -1 
220 74 17 29 0.10046409070491791 1 -1 -1 
155 323 42 51 0.09920668601989746 10 -1 -1 
103 102 17 31 0.09918508678674698 4 -1 -1 
31 116 22 22 0.09916706383228302 1 -1 -1 
379 176 18 28 0.09899429976940155 2 -1 -1 
265 282 25 71 0.0982670858502388 4 -1 -1 
750 146 15 33 0.09802020341157913 1 -1 -1 
0 244 78 72 0.09718964248895645 8 -1 -1 
308 75 29 20 0.09709804505109787 10 -1 -1 
261 435 33 78 0.0969407707452774 1 -1 -1 
433 302 46 60 0.09688863903284073 1 -1 -1 
87 78 12 31 0.09664951264858246 1 -1 -1 
269 74 16 28 0.09628353267908096 1 -1 -1 
296 47 40 21 0.09622914344072342 4 -1 -1 
230 427 30 76 0.0952703207731247 2 -1 -1 
753 150 18 36 0.0949946790933609 1 -1 -1 
359 178 16 28 0.09497448056936264 1 -1 -1 
143 236 31 26 0.09483440220355988 1 -1 -1 
196 182 16 35 0.09417959302663803 4 -1 -1 
116 246 24 22 0.09392145276069641 2 -1 -1 
255 279 32 71 0.09392064064741135 1 -1 -1 
373 172 20 29 0.09347286820411682 10 -1 -1 
443 278 35 61 0.09330914914608002 1 -1 -1 
221 446 34 91 0.09326769411563873 2 -1 -1 
196 182 16 35 0.09317625313997269 2 -1 -1 
322 48 40 22 0.09317611157894135 1 -1 -1 
414 127 14 33 0.0929633155465126 2 -1 -1 
763 149 14 30 0.09199061244726181 2 -1 -1 
366 163 17 28 0.09160185605287552 2 -1 -1 
361 174 28 29 0.09110480546951294 2 -1 -1 
293 232 22 37 0.09079597145318985 1 -1 -1 
283 59 13 29 0.090794138610363 1 -1 -1 
168 368 46 48 0.09072630852460861 2 -1 -1 
448 238 31 58 0.0904025062918663 1 -1 -1 
359 165 18 29 0.08808699250221252 1 -1 -1 
222 206 22 25 0.0878133550286293 2 -1 -1 
213 432 37 84 0.08759954571723938 1 -1 -1 
276 72 16 29 0.08728291094303131 1 -1 -1 
361 173 27 28 0.08713434636592865 10 -1 -1 
417 300 37 63 0.0870661810040474 1 -1 -1 
163 396 55 41 0.08663130551576614 2 -1 -1 
236 427 30 73 0.08578263968229294 1 -1 -1 
117 240 55 34 0.08352477848529816 1 -1 -1 
118 241 54 30 0.07637891918420792 10 -1 -1 
118 241 54 30 0.06485453248023987 9 -1 -1 
-2 220 82 98 0.06374891102313995 2 -1 -1 
-4 197 64 118 0.05585608631372452 1 -1 -1 
117 238 55 35 0.05292728543281555 2 -1 -1 
