672 413 50 83 0.9883335828781128 5 -1 -1 
835 296 78 53 0.946632444858551 4 -1 -1 
736 515 19 42 0.9379332065582275 3 -1 -1 
874 590 36 39 0.9369484186172485 3 -1 -1 
778 486 60 94 0.9278823733329773 4 -1 -1 
650 324 44 63 0.9210418462753296 4 -1 -1 
649 574 67 122 0.9154005646705627 4 -1 -1 
804 639 81 125 0.9116129875183105 4 -1 -1 
505 196 40 54 0.8957973122596741 4 -1 -1 
855 348 103 47 0.8838393688201904 4 -1 -1 
960 379 45 54 0.8817674517631531 8 -1 -1 
645 183 36 46 0.8590514063835144 4 -1 -1 
643 247 40 52 0.8450062870979309 4 -1 -1 
652 144 34 39 0.8415518999099731 4 -1 -1 
729 181 34 41 0.8338926434516907 4 -1 -1 
443 9 55 24 0.8310655951499939 4 -1 -1 
709 187 11 31 0.7996562123298645 1 -1 -1 
667 73 19 33 0.7501705288887024 7 -1 -1 
832 439 39 27 0.7425262331962585 3 -1 -1 
750 289 42 52 0.7397180199623108 4 -1 -1 
529 338 15 35 0.7351821064949036 1 -1 -1 
506 271 45 58 0.7173541784286499 4 -1 -1 
463 323 55 80 0.7166604399681091 4 -1 -1 
607 102 13 21 0.7144700288772583 3 -1 -1 
701 186 10 32 0.713614284992218 1 -1 -1 
709 56 11 21 0.6985040903091431 2 -1 -1 
556 380 16 29 0.6951023936271667 2 -1 -1 
905 626 54 30 0.6860002875328064 10 -1 -1 
903 252 32 24 0.6835726499557495 10 -1 -1 
428 267 36 23 0.6745301485061646 10 -1 -1 
365 667 83 97 0.6727822422981262 5 -1 -1 
452 403 58 100 0.6704761385917664 4 -1 -1 
348 555 49 33 0.6698285341262817 10 -1 -1 
834 456 37 23 0.669725775718689 3 -1 -1 
623 95 11 22 0.6535649299621582 2 -1 -1 
383 491 108 56 0.6473984122276306 4 -1 -1 
429 267 35 23 0.6458784341812134 3 -1 -1 
923 307 37 27 0.6299627423286438 10 -1 -1 
405 358 39 23 0.6268410682678223 10 -1 -1 
709 64 10 19 0.6251861453056335 10 -1 -1 
691 58 11 23 0.6229934096336365 2 -1 -1 
606 95 12 24 0.6212658286094666 2 -1 -1 
547 733 56 30 0.6111364364624023 4 -1 -1 
449 63 50 33 0.6108116507530212 4 -1 -1 
426 53 49 28 0.5981330871582031 4 -1 -1 
348 557 49 32 0.575955331325531 3 -1 -1 
451 403 59 102 0.556976854801178 5 -1 -1 
736 516 19 27 0.549813985824585 2 -1 -1 
624 102 11 20 0.5427772402763367 10 -1 -1 
648 94 31 38 0.5418434739112854 4 -1 -1 
474 148 29 18 0.5390002131462097 10 -1 -1 
557 391 14 27 0.5349439382553101 10 -1 -1 
573 386 15 31 0.5324927568435669 2 -1 -1 
915 398 39 26 0.523514986038208 10 -1 -1 
413 344 37 25 0.5153743624687195 10 -1 -1 
838 444 34 34 0.5086407661437988 3 -1 -1 
468 169 25 14 0.498653769493103 10 -1 -1 
468 158 28 17 0.4976823925971985 10 -1 -1 
573 386 16 32 0.4930030107498169 1 -1 -1 
667 73 19 33 0.48131492733955383 8 -1 -1 
365 667 82 99 0.4785095751285553 4 -1 -1 
574 399 13 27 0.4713423550128937 10 -1 -1 
878 450 42 31 0.47099417448043823 10 -1 -1 
416 344 35 23 0.4684446156024933 3 -1 -1 
410 354 36 22 0.4631580412387848 10 -1 -1 
649 93 29 39 0.44768401980400085 5 -1 -1 
851 442 21 37 0.44237351417541504 3 -1 -1 
469 150 30 19 0.4421945810317993 10 -1 -1 
539 345 14 31 0.441560298204422 3 -1 -1 
703 186 13 33 0.4227443039417267 1 -1 -1 
574 399 13 27 0.42247533798217773 3 -1 -1 
348 555 49 34 0.41269269585609436 7 -1 -1 
413 349 35 22 0.40740829706192017 3 -1 -1 
691 65 11 20 0.3980959355831146 3 -1 -1 
538 344 15 33 0.3891178071498871 10 -1 -1 
427 274 34 24 0.38572919368743896 3 -1 -1 
691 64 11 19 0.3847598433494568 10 -1 -1 
605 95 12 24 0.38240307569503784 1 -1 -1 
910 658 49 52 0.3800414204597473 10 -1 -1 
916 401 45 30 0.37320300936698914 10 -1 -1 
907 656 49 35 0.37087297439575195 10 -1 -1 
471 170 22 14 0.37008345127105713 3 -1 -1 
625 101 10 20 0.36939775943756104 3 -1 -1 
901 464 42 24 0.36894693970680237 3 -1 -1 
648 94 31 38 0.3574810326099396 6 -1 -1 
463 322 56 81 0.3499563932418823 5 -1 -1 
410 354 36 22 0.34739717841148376 3 -1 -1 
606 101 13 22 0.34692299365997314 2 -1 -1 
449 64 49 33 0.3438947796821594 5 -1 -1 
425 395 20 37 0.33895882964134216 10 -1 -1 
623 95 11 21 0.33504894375801086 1 -1 -1 
536 342 16 34 0.3340027630329132 1 -1 -1 
557 391 14 27 0.3334517776966095 3 -1 -1 
465 180 24 15 0.3279554545879364 10 -1 -1 
466 162 29 17 0.32401227951049805 10 -1 -1 
405 359 40 22 0.32160842418670654 3 -1 -1 
691 58 11 23 0.3182683289051056 1 -1 -1 
422 338 32 25 0.31399357318878174 3 -1 -1 
507 271 44 58 0.3137207627296448 5 -1 -1 
420 341 32 24 0.31223559379577637 10 -1 -1 
556 382 15 32 0.31085965037345886 10 -1 -1 
735 514 21 42 0.3093157410621643 7 -1 -1 
768 0 40 16 0.30076271295547485 4 -1 -1 
623 97 11 22 0.2895885705947876 10 -1 -1 
424 332 39 25 0.2875227928161621 10 -1 -1 
556 380 16 29 0.28545546531677246 1 -1 -1 
886 444 35 32 0.2845781743526459 10 -1 -1 
735 514 21 43 0.284351646900177 10 -1 -1 
574 401 12 25 0.28140246868133545 1 -1 -1 
672 413 50 83 0.27347174286842346 10 -1 -1 
865 514 46 52 0.272528737783432 4 -1 -1 
672 413 50 83 0.2716611623764038 8 -1 -1 
960 379 45 54 0.27072644233703613 5 -1 -1 
538 352 13 28 0.27037325501441956 3 -1 -1 
930 398 32 30 0.2651292085647583 10 -1 -1 
415 334 46 25 0.26436275243759155 3 -1 -1 
574 393 14 27 0.26394644379615784 3 -1 -1 
466 162 29 17 0.26249343156814575 3 -1 -1 
880 456 49 28 0.2616788148880005 10 -1 -1 
490 150 17 16 0.2605367600917816 10 -1 -1 
422 284 37 23 0.2592514455318451 3 -1 -1 
672 413 50 83 0.2556610405445099 4 -1 -1 
426 344 32 21 0.2533990144729614 3 -1 -1 
605 101 10 21 0.25088581442832947 3 -1 -1 
440 55 36 34 0.24934108555316925 4 -1 -1 
430 258 35 27 0.24840520322322845 3 -1 -1 
420 335 35 24 0.24708537757396698 10 -1 -1 
709 56 11 21 0.24689234793186188 1 -1 -1 
432 334 34 26 0.24316395819187164 3 -1 -1 
892 439 30 28 0.2420593649148941 10 -1 -1 
468 158 29 17 0.23857076466083527 3 -1 -1 
914 398 38 26 0.2381591647863388 3 -1 -1 
432 250 33 24 0.23708781599998474 3 -1 -1 
830 451 34 26 0.22924281656742096 3 -1 -1 
462 172 29 20 0.22772081196308136 10 -1 -1 
709 64 10 19 0.22695928812026978 3 -1 -1 
877 453 30 29 0.2248542308807373 10 -1 -1 
832 439 39 27 0.22034700214862823 10 -1 -1 
734 514 20 40 0.21883641183376312 2 -1 -1 
534 341 16 34 0.21820653975009918 10 -1 -1 
672 413 50 83 0.20571526885032654 6 -1 -1 
880 438 49 45 0.2045828253030777 10 -1 -1 
751 289 41 52 0.20370358228683472 5 -1 -1 
573 388 15 34 0.2000187188386917 10 -1 -1 
672 413 50 83 0.19930045306682587 9 -1 -1 
374 491 117 56 0.18640080094337463 5 -1 -1 
737 514 18 28 0.18594849109649658 1 -1 -1 
534 341 16 34 0.1854783147573471 3 -1 -1 
672 413 50 83 0.1834959238767624 7 -1 -1 
728 181 35 41 0.1829364001750946 5 -1 -1 
348 553 52 36 0.17866159975528717 8 -1 -1 
469 150 30 19 0.17673510313034058 3 -1 -1 
880 455 62 33 0.172799214720726 3 -1 -1 
804 639 82 126 0.17161568999290466 10 -1 -1 
804 639 82 126 0.17008228600025177 1 -1 -1 
909 657 50 50 0.16889290511608124 2 -1 -1 
473 137 27 21 0.16368120908737183 10 -1 -1 
960 379 45 54 0.160798579454422 4 -1 -1 
879 454 61 34 0.15949127078056335 7 -1 -1 
903 249 31 26 0.15841956436634064 3 -1 -1 
362 490 128 56 0.15641267597675323 6 -1 -1 
462 164 31 20 0.1552770733833313 10 -1 -1 
346 473 147 74 0.1517588198184967 4 -1 -1 
960 379 45 54 0.15173596143722534 7 -1 -1 
478 143 31 22 0.1513119637966156 10 -1 -1 
474 148 30 19 0.15120990574359894 3 -1 -1 
462 134 30 19 0.15114089846611023 10 -1 -1 
530 339 18 35 0.1493048518896103 2 -1 -1 
408 54 66 39 0.1467866748571396 4 -1 -1 
362 477 123 52 0.14362704753875732 4 -1 -1 
766 2 30 18 0.14236114919185638 4 -1 -1 
672 413 50 83 0.14085114002227783 2 -1 -1 
411 328 56 36 0.14014287292957306 10 -1 -1 
537 343 15 33 0.13924388587474823 2 -1 -1 
420 498 72 53 0.13803504407405853 4 -1 -1 
465 146 27 20 0.13765983283519745 10 -1 -1 
866 435 55 45 0.13593244552612305 10 -1 -1 
464 137 29 23 0.13390859961509705 10 -1 -1 
831 440 45 45 0.13317863643169403 3 -1 -1 
910 658 49 52 0.133133202791214 3 -1 -1 
365 667 83 98 0.1329466700553894 9 -1 -1 
876 446 49 40 0.13123691082000732 7 -1 -1 
420 391 29 61 0.12988866865634918 10 -1 -1 
546 733 59 30 0.12749192118644714 5 -1 -1 
910 658 49 52 0.1263730823993683 1 -1 -1 
461 172 30 19 0.1248016506433487 3 -1 -1 
735 514 21 42 0.12297801673412323 8 -1 -1 
366 667 80 97 0.12273108959197998 6 -1 -1 
462 149 26 21 0.12133731693029404 10 -1 -1 
767 1 37 15 0.12076383829116821 5 -1 -1 
457 176 32 19 0.12041837722063065 7 -1 -1 
836 296 77 53 0.11864637583494186 1 -1 -1 
493 140 20 26 0.11766158044338226 10 -1 -1 
736 515 19 42 0.11594492942094803 4 -1 -1 
469 133 31 20 0.1138351559638977 10 -1 -1 
883 462 62 32 0.11356912553310394 7 -1 -1 
865 514 46 52 0.1133735179901123 5 -1 -1 
464 169 28 17 0.11300019174814224 7 -1 -1 
855 347 103 48 0.11175698786973953 5 -1 -1 
531 344 19 37 0.11139503866434097 1 -1 -1 
505 196 40 54 0.1102641150355339 1 -1 -1 
558 394 20 30 0.10994762182235718 10 -1 -1 
696 188 15 35 0.1090206429362297 1 -1 -1 
649 573 67 121 0.10892528295516968 10 -1 -1 
411 328 56 36 0.10814236104488373 3 -1 -1 
354 498 138 64 0.09364646673202515 4 -1 -1 
649 574 67 122 0.08707506954669952 1 -1 -1 
648 574 67 121 0.08555122464895248 9 -1 -1 
649 574 67 122 0.08435984700918198 5 -1 -1 
339 481 152 69 0.07034502923488617 9 -1 -1 
365 498 128 68 0.0699940025806427 9 -1 -1 
365 667 83 97 0.06649592518806458 8 -1 -1 
338 466 152 78 0.06343792378902435 6 -1 -1 
356 451 136 81 0.060832202434539795 4 -1 -1 
367 454 124 77 0.0599471852183342 6 -1 -1 
420 406 85 101 0.050206106156110764 4 -1 -1 
354 498 138 66 0.05019683390855789 5 -1 -1 
