879 410 163 65 0.9343019723892212 4 -1 -1 
18 284 146 56 0.9240795969963074 4 -1 -1 
1195 375 158 62 0.9229153394699097 4 -1 -1 
295 260 127 65 0.9016059041023254 4 -1 -1 
420 106 44 42 0.8845664262771606 7 -1 -1 
227 208 67 32 0.8621821999549866 7 -1 -1 
522 0 36 31 0.8408480882644653 4 -1 -1 
758 471 166 86 0.8339563012123108 5 -1 -1 
494 526 181 91 0.8299548029899597 4 -1 -1 
437 14 11 24 0.8101832270622253 1 -1 -1 
526 163 13 40 0.7980325818061829 1 -1 -1 
814 200 21 39 0.7962599992752075 1 -1 -1 
371 49 13 32 0.7946549654006958 1 -1 -1 
288 121 17 32 0.7696315050125122 1 -1 -1 
108 315 26 47 0.764061689376831 1 -1 -1 
308 127 12 28 0.7637792229652405 1 -1 -1 
319 66 13 29 0.7520702481269836 1 -1 -1 
108 42 12 29 0.7489438652992249 1 -1 -1 
311 29 11 26 0.7448737025260925 1 -1 -1 
450 2 11 24 0.742544949054718 1 -1 -1 
226 49 13 33 0.7393258213996887 1 -1 -1 
378 89 11 33 0.7324557900428772 1 -1 -1 
325 17 12 27 0.73127281665802 1 -1 -1 
423 76 12 27 0.7245016694068909 1 -1 -1 
496 40 13 26 0.7204665541648865 1 -1 -1 
413 94 11 31 0.7101517915725708 1 -1 -1 
106 138 18 36 0.7096056342124939 1 -1 -1 
382 51 13 26 0.7093992829322815 1 -1 -1 
119 318 19 44 0.706248939037323 1 -1 -1 
289 6 10 26 0.7019160389900208 1 -1 -1 
119 43 12 31 0.6956527829170227 1 -1 -1 
453 57 12 31 0.6953710317611694 1 -1 -1 
432 69 12 30 0.6930434703826904 1 -1 -1 
327 118 13 40 0.6909365057945251 1 -1 -1 
187 167 18 38 0.6896820068359375 1 -1 -1 
90 95 18 33 0.6874547004699707 1 -1 -1 
204 203 40 27 0.6865479946136475 10 -1 -1 
76 94 19 36 0.6859850883483887 1 -1 -1 
303 25 10 28 0.6859322786331177 1 -1 -1 
216 71 13 34 0.6825500130653381 1 -1 -1 
56 161 15 29 0.6775397062301636 1 -1 -1 
414 76 11 27 0.6749568581581116 1 -1 -1 
170 183 19 37 0.670171320438385 1 -1 -1 
704 673 74 41 0.6668588519096375 10 -1 -1 
395 101 10 26 0.6658260822296143 1 -1 -1 
498 1 9 26 0.6636109948158264 1 -1 -1 
358 68 12 27 0.6631082892417908 1 -1 -1 
401 76 11 29 0.6628201007843018 1 -1 -1 
219 163 14 36 0.6622111201286316 1 -1 -1 
36 193 20 40 0.6603934168815613 1 -1 -1 
52 200 20 36 0.6587180495262146 1 -1 -1 
363 171 11 28 0.6576427221298218 1 -1 -1 
713 2 29 43 0.6533057689666748 5 -1 -1 
434 55 11 24 0.6509345769882202 1 -1 -1 
85 153 17 37 0.6453646421432495 1 -1 -1 
379 9 11 25 0.6453030705451965 1 -1 -1 
372 142 101 60 0.6381394863128662 4 -1 -1 
1019 38 13 23 0.6331549882888794 1 -1 -1 
40 156 19 37 0.6325402855873108 1 -1 -1 
284 187 13 35 0.6322615146636963 1 -1 -1 
343 4 9 23 0.6283094882965088 1 -1 -1 
205 165 12 33 0.6257733106613159 1 -1 -1 
123 203 16 23 0.6252585649490356 2 -1 -1 
245 71 11 26 0.6223713159561157 1 -1 -1 
78 177 22 27 0.6202019453048706 2 -1 -1 
723 660 43 53 0.6194116473197937 2 -1 -1 
420 56 12 27 0.6168042421340942 1 -1 -1 
1194 102 136 63 0.6145458817481995 9 -1 -1 
404 93 10 29 0.6080273389816284 1 -1 -1 
95 44 14 30 0.6067561507225037 1 -1 -1 
147 164 16 35 0.6031608581542969 1 -1 -1 
262 171 16 38 0.5988438129425049 1 -1 -1 
250 110 16 33 0.5978794693946838 1 -1 -1 
180 59 12 27 0.5963958501815796 1 -1 -1 
238 88 10 30 0.5934999585151672 1 -1 -1 
234 37 11 29 0.5929127931594849 1 -1 -1 
694 107 38 47 0.590624213218689 4 -1 -1 
202 50 13 32 0.5854606032371521 1 -1 -1 
195 31 12 27 0.5853182673454285 1 -1 -1 
269 85 11 30 0.5812197923660278 1 -1 -1 
266 103 18 34 0.5792334079742432 1 -1 -1 
214 172 10 27 0.5765455365180969 1 -1 -1 
708 664 32 46 0.5746563076972961 2 -1 -1 
138 154 16 35 0.5742354989051819 1 -1 -1 
951 0 34 19 0.5731707811355591 4 -1 -1 
478 68 13 24 0.5697659254074097 10 -1 -1 
288 173 13 35 0.5687621831893921 1 -1 -1 
258 75 12 27 0.5587479472160339 1 -1 -1 
113 139 12 35 0.5579888820648193 1 -1 -1 
315 18 9 27 0.5547547340393066 1 -1 -1 
167 168 12 27 0.5461844205856323 1 -1 -1 
215 99 13 33 0.5449395179748535 1 -1 -1 
1051 141 19 45 0.5429879426956177 1 -1 -1 
258 153 11 33 0.5404294729232788 1 -1 -1 
638 44 40 49 0.5390177965164185 4 -1 -1 
298 11 11 21 0.5385720133781433 1 -1 -1 
4 175 22 33 0.5371490716934204 1 -1 -1 
310 174 16 29 0.536772608757019 10 -1 -1 
282 1 9 23 0.5346162915229797 1 -1 -1 
116 205 45 23 0.532615602016449 10 -1 -1 
271 158 15 39 0.5278147459030151 1 -1 -1 
137 197 14 30 0.524513304233551 2 -1 -1 
186 134 13 34 0.5224258303642273 1 -1 -1 
315 91 12 23 0.5142706632614136 2 -1 -1 
448 74 12 21 0.5026464462280273 2 -1 -1 
638 45 39 48 0.5014303922653198 5 -1 -1 
252 164 12 37 0.49974003434181213 1 -1 -1 
132 148 12 29 0.49888893961906433 1 -1 -1 
153 135 18 36 0.4967634677886963 1 -1 -1 
233 168 18 41 0.4939262270927429 1 -1 -1 
717 662 33 49 0.48741844296455383 2 -1 -1 
59 100 17 32 0.48687291145324707 1 -1 -1 
206 109 11 23 0.4802519977092743 1 -1 -1 
105 312 20 49 0.4761538505554199 1 -1 -1 
314 78 13 20 0.47589311003685 2 -1 -1 
63 184 20 29 0.47569000720977783 2 -1 -1 
389 68 10 29 0.47509121894836426 1 -1 -1 
0 175 13 35 0.4656945466995239 1 -1 -1 
362 148 15 20 0.46540412306785583 2 -1 -1 
257 10 13 30 0.46013253927230835 1 -1 -1 
38 64 13 31 0.458834171295166 1 -1 -1 
208 28 10 27 0.447739839553833 1 -1 -1 
239 57 9 25 0.4470890164375305 1 -1 -1 
75 205 33 25 0.44345754384994507 10 -1 -1 
182 161 10 27 0.43680283427238464 1 -1 -1 
197 50 12 31 0.43483495712280273 1 -1 -1 
374 141 99 60 0.4270036220550537 5 -1 -1 
268 168 12 36 0.420845627784729 1 -1 -1 
125 116 12 36 0.41420701146125793 1 -1 -1 
758 471 166 86 0.4119070768356323 4 -1 -1 
448 75 12 20 0.4093990623950958 1 -1 -1 
211 166 10 33 0.4037361741065979 1 -1 -1 
239 170 16 40 0.40275606513023376 1 -1 -1 
355 52 15 26 0.4026409089565277 1 -1 -1 
390 87 11 30 0.40211519598960876 1 -1 -1 
336 172 21 23 0.3956111967563629 10 -1 -1 
49 137 15 25 0.39417001605033875 2 -1 -1 
62 184 15 29 0.3927963972091675 1 -1 -1 
129 110 19 35 0.3924061059951782 1 -1 -1 
228 208 66 31 0.391257107257843 8 -1 -1 
227 208 66 31 0.3853651285171509 3 -1 -1 
28 95 34 58 0.37593361735343933 4 -1 -1 
420 105 45 42 0.3287782073020935 8 -1 -1 
335 164 32 31 0.2871934175491333 10 -1 -1 
251 103 20 38 0.2862831652164459 1 -1 -1 
127 111 25 43 0.27840182185173035 1 -1 -1 
259 103 22 36 0.2737862765789032 1 -1 -1 
228 207 65 32 0.2728128731250763 10 -1 -1 
494 527 181 90 0.26979511976242065 5 -1 -1 
28 109 43 45 0.2635987401008606 8 -1 -1 
202 121 21 47 0.2615323066711426 1 -1 -1 
287 173 19 41 0.25852978229522705 1 -1 -1 
124 114 22 46 0.25257256627082825 1 -1 -1 
197 49 20 36 0.252472460269928 1 -1 -1 
226 122 26 42 0.24985620379447937 1 -1 -1 
28 112 41 43 0.24519290030002594 4 -1 -1 
206 159 18 40 0.24041599035263062 1 -1 -1 
51 107 24 42 0.23822534084320068 1 -1 -1 
28 95 35 59 0.23670947551727295 5 -1 -1 
214 95 19 44 0.23456864058971405 1 -1 -1 
3 175 24 35 0.22639673948287964 2 -1 -1 
950 0 36 20 0.22634054720401764 5 -1 -1 
348 157 26 35 0.22346052527427673 10 -1 -1 
404 104 63 50 0.2225029319524765 7 -1 -1 
63 95 24 39 0.21826289594173431 1 -1 -1 
220 128 18 41 0.21805645525455475 1 -1 -1 
139 155 20 41 0.21519112586975098 1 -1 -1 
148 129 23 37 0.2142597734928131 1 -1 -1 
245 161 20 41 0.21121914684772491 1 -1 -1 
134 118 29 45 0.20827969908714294 1 -1 -1 
254 4 21 37 0.20646969974040985 1 -1 -1 
235 162 22 43 0.2050258070230484 1 -1 -1 
234 168 21 42 0.2017374187707901 2 -1 -1 
240 107 23 38 0.1992185413837433 1 -1 -1 
231 131 24 39 0.1992017924785614 1 -1 -1 
217 92 20 42 0.19910767674446106 1 -1 -1 
197 125 21 45 0.19419582188129425 1 -1 -1 
309 172 19 33 0.19353821873664856 3 -1 -1 
242 181 18 40 0.1920325607061386 1 -1 -1 
118 117 20 42 0.18482336401939392 1 -1 -1 
238 174 20 44 0.18241171538829803 1 -1 -1 
213 132 21 42 0.18219153583049774 1 -1 -1 
233 111 22 49 0.18020157516002655 1 -1 -1 
231 202 44 32 0.17846907675266266 10 -1 -1 
44 158 22 37 0.17671845853328705 1 -1 -1 
284 179 18 42 0.17566628754138947 1 -1 -1 
222 160 21 39 0.17545762658119202 1 -1 -1 
258 153 20 41 0.17480972409248352 1 -1 -1 
263 158 20 43 0.17413224279880524 1 -1 -1 
75 204 33 26 0.17337873578071594 3 -1 -1 
207 120 22 44 0.173231840133667 1 -1 -1 
221 124 22 39 0.17260566353797913 1 -1 -1 
230 160 19 41 0.17258472740650177 1 -1 -1 
45 137 20 39 0.17156969010829926 1 -1 -1 
35 62 21 38 0.17056751251220703 1 -1 -1 
174 174 22 42 0.16885130107402802 1 -1 -1 
242 184 19 43 0.16819244623184204 2 -1 -1 
39 193 26 38 0.16813702881336212 1 -1 -1 
350 157 28 36 0.16790910065174103 7 -1 -1 
31 99 39 44 0.16748544573783875 4 -1 -1 
256 169 19 40 0.16734737157821655 1 -1 -1 
189 129 20 41 0.1664402186870575 1 -1 -1 
420 105 45 43 0.16598191857337952 3 -1 -1 
193 25 18 36 0.16588184237480164 1 -1 -1 
194 155 22 40 0.16523431241512299 1 -1 -1 
148 118 23 38 0.164264976978302 1 -1 -1 
28 88 28 51 0.16134139895439148 4 -1 -1 
250 155 19 42 0.16108477115631104 1 -1 -1 
1165 108 162 75 0.1607273519039154 9 -1 -1 
237 134 19 42 0.1595553159713745 1 -1 -1 
18 284 146 55 0.15906794369220734 5 -1 -1 
182 167 18 40 0.15841594338417053 1 -1 -1 
352 161 27 36 0.15822000801563263 10 -1 -1 
420 106 45 41 0.15787319839000702 6 -1 -1 
136 134 25 40 0.15729457139968872 1 -1 -1 
80 95 25 39 0.15693245828151703 1 -1 -1 
403 105 63 50 0.15512007474899292 8 -1 -1 
206 99 22 39 0.15464217960834503 1 -1 -1 
68 196 36 32 0.15297874808311462 10 -1 -1 
51 122 23 33 0.15160204470157623 1 -1 -1 
194 164 18 40 0.15159249305725098 1 -1 -1 
705 672 73 42 0.15149883925914764 3 -1 -1 
193 122 19 45 0.15022887289524078 1 -1 -1 
44 97 29 44 0.15010103583335876 1 -1 -1 
207 134 20 40 0.14979414641857147 1 -1 -1 
205 204 36 26 0.1470279097557068 3 -1 -1 
223 91 21 41 0.14699400961399078 1 -1 -1 
211 158 19 40 0.14621780812740326 1 -1 -1 
76 176 26 29 0.14526139199733734 1 -1 -1 
201 153 19 39 0.1452426016330719 1 -1 -1 
140 138 26 40 0.14489614963531494 1 -1 -1 
231 152 20 37 0.1438969373703003 1 -1 -1 
228 91 23 36 0.14287088811397552 1 -1 -1 
878 410 164 66 0.14270812273025513 9 -1 -1 
40 141 24 43 0.14238277077674866 1 -1 -1 
449 56 18 38 0.13997499644756317 1 -1 -1 
214 110 18 40 0.13975755870342255 1 -1 -1 
231 202 44 32 0.13972924649715424 3 -1 -1 
35 62 21 38 0.1395561546087265 2 -1 -1 
56 115 22 37 0.1392074078321457 1 -1 -1 
134 142 24 37 0.13796575367450714 1 -1 -1 
1169 98 157 69 0.13770025968551636 6 -1 -1 
131 148 19 37 0.13739684224128723 1 -1 -1 
201 135 20 39 0.13702864944934845 1 -1 -1 
190 103 22 37 0.13576650619506836 1 -1 -1 
215 72 18 42 0.13489721715450287 1 -1 -1 
296 259 126 66 0.1333763152360916 5 -1 -1 
43 200 25 37 0.13258115947246552 1 -1 -1 
215 121 18 44 0.13245722651481628 1 -1 -1 
245 108 21 37 0.13214538991451263 2 -1 -1 
148 142 25 41 0.13110755383968353 1 -1 -1 
110 119 27 45 0.13031652569770813 1 -1 -1 
194 38 21 43 0.12897835671901703 1 -1 -1 
227 140 25 40 0.12879346311092377 1 -1 -1 
64 180 29 31 0.12876756489276886 2 -1 -1 
50 160 23 34 0.128560408949852 1 -1 -1 
29 94 37 34 0.1285141557455063 10 -1 -1 
244 185 22 40 0.1281019151210785 1 -1 -1 
235 196 30 38 0.1277669072151184 2 -1 -1 
219 136 21 42 0.1275172233581543 1 -1 -1 
50 123 24 34 0.12707994878292084 2 -1 -1 
245 173 19 42 0.1270398497581482 1 -1 -1 
62 184 25 34 0.12695851922035217 1 -1 -1 
220 98 21 49 0.1264265775680542 1 -1 -1 
41 93 33 34 0.12610872089862823 10 -1 -1 
244 97 25 40 0.12542785704135895 1 -1 -1 
194 101 29 37 0.12501126527786255 1 -1 -1 
374 141 99 60 0.11205581575632095 6 -1 -1 
16 281 151 62 0.10298669338226318 9 -1 -1 
210 198 81 41 0.09749159216880798 7 -1 -1 
404 104 63 50 0.09442731738090515 6 -1 -1 
372 142 101 60 0.07034558802843094 1 -1 -1 
403 98 63 53 0.06084832176566124 9 -1 -1 
210 198 81 41 0.05911552160978317 9 -1 -1 
16 281 150 62 0.05700882151722908 6 -1 -1 
372 142 101 60 0.05524337291717529 8 -1 -1 
210 198 81 41 0.05510667711496353 8 -1 -1 
374 141 99 60 0.05334119498729706 9 -1 -1 
350 149 68 52 0.0512382946908474 6 -1 -1 
