527 198 68 54 0.9990391731262207 9 -1 -1 
826 187 34 55 0.9953474402427673 9 -1 -1 
785 127 17 20 0.9798099994659424 9 -1 -1 
309 291 47 33 0.9490711092948914 8 -1 -1 
747 523 75 87 0.9326955676078796 4 -1 -1 
1112 349 66 52 0.931860089302063 5 -1 -1 
834 272 33 30 0.9306900501251221 4 -1 -1 
798 314 42 37 0.9287589192390442 4 -1 -1 
852 300 37 34 0.9280091524124146 4 -1 -1 
821 448 69 63 0.927971601486206 4 -1 -1 
571 257 35 29 0.9266958832740784 4 -1 -1 
628 487 65 74 0.9259976148605347 4 -1 -1 
501 320 45 43 0.9251446723937988 4 -1 -1 
872 337 51 41 0.9182841181755066 4 -1 -1 
731 452 60 63 0.917462170124054 4 -1 -1 
385 427 87 84 0.9169679284095764 4 -1 -1 
783 287 36 31 0.9163118600845337 4 -1 -1 
664 309 39 35 0.9069044589996338 4 -1 -1 
729 298 36 32 0.9068668484687805 4 -1 -1 
490 450 69 81 0.9006589651107788 4 -1 -1 
821 348 61 44 0.9000974893569946 4 -1 -1 
749 196 23 16 0.8948485255241394 4 -1 -1 
590 285 42 39 0.8919386267662048 4 -1 -1 
785 637 117 126 0.8876894116401672 4 -1 -1 
602 210 26 26 0.8823731541633606 5 -1 -1 
727 321 39 37 0.8819013833999634 4 -1 -1 
678 209 23 21 0.8763903975486755 4 -1 -1 
803 390 57 51 0.8759341239929199 4 -1 -1 
506 252 44 28 0.873852014541626 4 -1 -1 
793 223 22 20 0.8664489388465881 4 -1 -1 
736 404 53 53 0.8633544445037842 4 -1 -1 
876 540 98 98 0.8537243008613586 4 -1 -1 
647 210 22 18 0.8504858613014221 4 -1 -1 
700 189 20 19 0.8466293215751648 4 -1 -1 
257 359 13 41 0.8462290167808533 1 -1 -1 
799 208 20 18 0.8453530073165894 4 -1 -1 
281 278 11 20 0.8449872732162476 3 -1 -1 
631 193 23 20 0.8439719080924988 4 -1 -1 
766 207 21 18 0.8413181304931641 4 -1 -1 
654 185 21 16 0.8382894992828369 4 -1 -1 
790 241 25 22 0.8369194865226746 4 -1 -1 
659 200 20 17 0.8337163329124451 4 -1 -1 
829 243 25 25 0.8262264132499695 4 -1 -1 
761 223 20 19 0.8185396790504456 4 -1 -1 
601 237 32 24 0.8155423402786255 4 -1 -1 
772 187 17 15 0.8130972981452942 4 -1 -1 
340 233 8 22 0.8128990530967712 1 -1 -1 
784 259 26 26 0.8028556108474731 4 -1 -1 
346 232 9 23 0.8026557564735413 1 -1 -1 
731 354 44 46 0.8004112243652344 4 -1 -1 
668 192 19 17 0.7950794100761414 4 -1 -1 
735 269 32 28 0.7917953729629517 4 -1 -1 
631 219 27 23 0.7785264849662781 4 -1 -1 
524 277 21 20 0.7675689458847046 10 -1 -1 
279 340 24 25 0.7642320990562439 10 -1 -1 
644 243 29 27 0.7396580576896667 4 -1 -1 
1123 528 48 41 0.7283172607421875 3 -1 -1 
800 199 17 15 0.7127268314361572 4 -1 -1 
526 270 12 22 0.7075932621955872 2 -1 -1 
859 233 8 16 0.7011052370071411 2 -1 -1 
800 188 16 14 0.7000215649604797 4 -1 -1 
859 238 9 17 0.6690523624420166 10 -1 -1 
74 476 24 51 0.6621307134628296 3 -1 -1 
965 194 7 18 0.6602537035942078 1 -1 -1 
989 375 34 22 0.6599480509757996 3 -1 -1 
378 296 10 29 0.6531978249549866 1 -1 -1 
873 251 9 25 0.6524091958999634 1 -1 -1 
286 328 16 30 0.6441194415092468 2 -1 -1 
747 234 27 27 0.6415104866027832 4 -1 -1 
761 141 11 9 0.639447033405304 4 -1 -1 
242 361 12 36 0.6370219588279724 1 -1 -1 
964 209 6 18 0.6337495446205139 1 -1 -1 
1034 424 41 30 0.6319971680641174 3 -1 -1 
281 267 11 26 0.6188676953315735 2 -1 -1 
1005 216 11 23 0.6169032454490662 1 -1 -1 
1054 462 33 23 0.6154417991638184 3 -1 -1 
424 243 9 25 0.6142804026603699 1 -1 -1 
331 368 64 70 0.6113914847373962 5 -1 -1 
522 228 8 21 0.5858838558197021 1 -1 -1 
361 287 10 29 0.5784699320793152 1 -1 -1 
413 253 8 23 0.5783516764640808 1 -1 -1 
349 265 21 17 0.5758471488952637 3 -1 -1 
568 249 11 17 0.5689608454704285 10 -1 -1 
569 243 9 18 0.5655180215835571 2 -1 -1 
1207 604 70 55 0.5628300905227661 3 -1 -1 
880 261 8 18 0.5620183944702148 1 -1 -1 
1253 651 71 38 0.5612621903419495 3 -1 -1 
799 141 11 10 0.5593391060829163 4 -1 -1 
1041 459 42 25 0.5519771575927734 3 -1 -1 
712 177 17 15 0.5519016981124878 4 -1 -1 
432 255 10 27 0.5459818243980408 1 -1 -1 
375 285 11 24 0.544877290725708 1 -1 -1 
375 285 13 38 0.5403653383255005 1 -1 -1 
481 249 20 22 0.5396243333816528 8 -1 -1 
273 230 13 12 0.5350289344787598 10 -1 -1 
1091 515 48 35 0.5322103500366211 3 -1 -1 
525 273 15 22 0.5298787951469421 2 -1 -1 
692 176 16 14 0.5213894248008728 4 -1 -1 
765 136 10 8 0.5167746543884277 4 -1 -1 
253 254 16 22 0.5073015689849854 10 -1 -1 
1029 419 40 28 0.5068923234939575 3 -1 -1 
411 263 19 16 0.5060613751411438 3 -1 -1 
527 198 68 54 0.4951222538948059 4 -1 -1 
1251 674 77 38 0.4945855438709259 3 -1 -1 
331 368 64 70 0.49367520213127136 4 -1 -1 
524 278 21 19 0.4727054834365845 7 -1 -1 
1108 474 24 40 0.470034658908844 2 -1 -1 
76 464 25 55 0.46888911724090576 2 -1 -1 
1186 596 59 40 0.46803849935531616 3 -1 -1 
803 186 17 13 0.46392810344696045 4 -1 -1 
968 195 6 18 0.4612339735031128 1 -1 -1 
1247 661 80 43 0.460210919380188 3 -1 -1 
78 465 23 46 0.45565250515937805 1 -1 -1 
1083 480 47 35 0.45465517044067383 3 -1 -1 
1111 474 21 42 0.45455095171928406 1 -1 -1 
1065 397 30 39 0.4478221833705902 7 -1 -1 
798 144 10 9 0.44284045696258545 4 -1 -1 
724 143 11 10 0.44269126653671265 4 -1 -1 
491 246 11 24 0.4394719898700714 1 -1 -1 
990 380 33 23 0.4342148005962372 3 -1 -1 
747 234 27 28 0.42872700095176697 5 -1 -1 
274 224 10 16 0.4254918694496155 2 -1 -1 
571 241 10 20 0.4235447645187378 2 -1 -1 
78 468 25 55 0.4222228229045868 3 -1 -1 
1190 598 80 52 0.42163121700286865 3 -1 -1 
475 230 9 27 0.4211811125278473 1 -1 -1 
481 250 18 20 0.42083659768104553 7 -1 -1 
1104 264 11 26 0.42031583189964294 1 -1 -1 
770 129 11 9 0.41644391417503357 4 -1 -1 
970 196 6 17 0.41620418429374695 1 -1 -1 
1084 492 48 54 0.41544806957244873 3 -1 -1 
1040 432 34 25 0.4102058410644531 3 -1 -1 
501 224 11 21 0.4063759446144104 1 -1 -1 
527 199 68 53 0.40613609552383423 10 -1 -1 
1150 557 45 31 0.4055621325969696 3 -1 -1 
1229 642 86 48 0.40429607033729553 3 -1 -1 
1152 573 51 33 0.4039270281791687 3 -1 -1 
1215 621 75 52 0.40358367562294006 3 -1 -1 
1099 518 41 44 0.4031926095485687 3 -1 -1 
517 215 8 19 0.3960481882095337 1 -1 -1 
1108 522 51 46 0.39543232321739197 3 -1 -1 
994 175 5 18 0.39468619227409363 1 -1 -1 
1066 392 17 28 0.39345604181289673 2 -1 -1 
494 252 9 18 0.39223605394363403 1 -1 -1 
513 248 10 17 0.3870503604412079 1 -1 -1 
414 253 8 22 0.38414329290390015 2 -1 -1 
825 199 6 12 0.3804349899291992 10 -1 -1 
875 255 9 22 0.38016194105148315 1 -1 -1 
1153 565 45 31 0.3790442943572998 3 -1 -1 
520 214 8 20 0.3777462840080261 1 -1 -1 
361 299 9 17 0.37660667300224304 3 -1 -1 
1264 685 66 36 0.372111439704895 3 -1 -1 
1080 485 54 42 0.37210753560066223 3 -1 -1 
796 146 11 9 0.3658120036125183 4 -1 -1 
281 267 10 26 0.3612057566642761 1 -1 -1 
580 234 9 19 0.3598249554634094 10 -1 -1 
253 254 14 20 0.359535276889801 2 -1 -1 
767 132 10 10 0.35887762904167175 4 -1 -1 
501 223 11 22 0.3565312922000885 2 -1 -1 
527 199 68 53 0.3563956022262573 7 -1 -1 
999 377 28 20 0.3538466989994049 3 -1 -1 
527 199 68 53 0.3530752658843994 3 -1 -1 
527 198 68 54 0.34934094548225403 1 -1 -1 
527 198 68 54 0.3477303385734558 5 -1 -1 
1219 634 79 48 0.34006020426750183 3 -1 -1 
527 199 68 53 0.3365872800350189 6 -1 -1 
527 198 68 54 0.3330899178981781 2 -1 -1 
527 199 68 53 0.29314813017845154 8 -1 -1 
1176 590 75 55 0.26456668972969055 3 -1 -1 
826 188 34 54 0.24292796850204468 4 -1 -1 
1163 580 70 52 0.2347891628742218 3 -1 -1 
309 290 46 34 0.23204508423805237 7 -1 -1 
1111 349 67 52 0.22670665383338928 4 -1 -1 
826 188 34 54 0.21985316276550293 1 -1 -1 
1227 651 78 50 0.21191218495368958 3 -1 -1 
826 188 34 54 0.20954090356826782 5 -1 -1 
826 187 34 55 0.20349837839603424 2 -1 -1 
826 187 34 55 0.19410282373428345 10 -1 -1 
1268 689 73 51 0.19153685867786407 3 -1 -1 
1180 600 70 62 0.19119858741760254 3 -1 -1 
825 177 32 53 0.1871418058872223 9 -1 -1 
309 290 46 34 0.18710127472877502 3 -1 -1 
490 450 69 80 0.18547417223453522 5 -1 -1 
1153 572 70 52 0.1841125637292862 3 -1 -1 
826 188 34 54 0.17969433963298798 6 -1 -1 
826 188 34 54 0.17501211166381836 3 -1 -1 
309 290 46 34 0.17475886642932892 2 -1 -1 
1194 619 74 58 0.1720760613679886 3 -1 -1 
309 291 47 33 0.16530413925647736 5 -1 -1 
1236 670 73 48 0.1648293435573578 3 -1 -1 
1079 481 59 64 0.16372473537921906 7 -1 -1 
826 188 34 54 0.16215461492538452 7 -1 -1 
1085 499 64 64 0.160775288939476 3 -1 -1 
1278 697 72 55 0.15738628804683685 3 -1 -1 
309 291 47 33 0.15577858686447144 4 -1 -1 
747 234 27 28 0.14869405329227448 6 -1 -1 
826 188 34 54 0.14715103805065155 8 -1 -1 
1248 681 72 50 0.13978666067123413 3 -1 -1 
1079 481 59 64 0.13290241360664368 8 -1 -1 
1207 640 69 57 0.12876974046230316 3 -1 -1 
1161 589 68 60 0.12783412635326385 3 -1 -1 
601 209 28 27 0.12462782114744186 4 -1 -1 
385 427 87 84 0.12394315749406815 5 -1 -1 
548 182 37 19 0.12286663055419922 6 -1 -1 
628 487 64 74 0.11997206509113312 5 -1 -1 
783 637 119 126 0.11895875632762909 1 -1 -1 
824 177 25 41 0.11749885231256485 9 -1 -1 
32 333 116 117 0.11691340804100037 4 -1 -1 
506 252 44 28 0.11677853763103485 5 -1 -1 
822 448 68 63 0.11632312834262848 1 -1 -1 
825 177 32 53 0.11581330746412277 6 -1 -1 
735 269 32 28 0.11419816315174103 5 -1 -1 
747 523 75 87 0.11410209536552429 5 -1 -1 
1112 349 66 52 0.11144469678401947 9 -1 -1 
1171 601 60 68 0.11110565066337585 3 -1 -1 
1006 407 69 50 0.10965022444725037 3 -1 -1 
30 333 120 120 0.10668611526489258 5 -1 -1 
783 637 119 126 0.10602568835020065 5 -1 -1 
747 523 75 87 0.10563293844461441 1 -1 -1 
731 452 60 63 0.10263527929782867 5 -1 -1 
309 291 47 33 0.10256422311067581 1 -1 -1 
1006 407 69 50 0.10039269179105759 10 -1 -1 
331 368 64 70 0.10018553584814072 6 -1 -1 
644 243 29 27 0.09952479600906372 5 -1 -1 
571 257 35 29 0.09786226600408554 1 -1 -1 
783 287 36 31 0.09773840010166168 1 -1 -1 
731 452 60 63 0.097136951982975 1 -1 -1 
1079 481 57 60 0.09620440751314163 10 -1 -1 
821 448 69 63 0.09598894417285919 5 -1 -1 
628 487 65 74 0.0954754650592804 1 -1 -1 
280 328 25 35 0.09414595365524292 2 -1 -1 
506 251 44 29 0.09374511241912842 1 -1 -1 
524 203 46 49 0.09356705844402313 9 -1 -1 
490 450 69 81 0.09130344539880753 1 -1 -1 
1066 480 64 62 0.09122350811958313 3 -1 -1 
832 174 23 37 0.0908278375864029 9 -1 -1 
309 291 47 33 0.09059633314609528 10 -1 -1 
571 257 35 29 0.09004093706607819 5 -1 -1 
834 174 27 60 0.08868132531642914 9 -1 -1 
384 427 88 84 0.08765444159507751 1 -1 -1 
30 333 119 118 0.0870504304766655 9 -1 -1 
1146 553 62 60 0.08691330999135971 3 -1 -1 
629 219 30 24 0.08524619042873383 5 -1 -1 
826 174 24 38 0.08520792424678802 6 -1 -1 
601 237 32 24 0.08482450991868973 5 -1 -1 
1223 660 65 57 0.08256690949201584 3 -1 -1 
1085 499 64 64 0.08226869255304337 7 -1 -1 
734 403 56 55 0.08163507282733917 5 -1 -1 
826 211 33 37 0.08145122975111008 9 -1 -1 
783 637 120 125 0.08091648668050766 9 -1 -1 
384 427 88 84 0.08061474561691284 6 -1 -1 
1241 649 84 41 0.08034055680036545 7 -1 -1 
1119 525 59 58 0.07980984449386597 3 -1 -1 
29 335 120 116 0.07910016924142838 6 -1 -1 
784 637 119 126 0.07866589725017548 10 -1 -1 
1090 514 75 55 0.07855121791362762 7 -1 -1 
783 287 36 31 0.07762079685926437 5 -1 -1 
1188 625 63 66 0.0766497403383255 3 -1 -1 
735 269 32 28 0.07629412412643433 1 -1 -1 
1181 614 60 68 0.07604474574327469 3 -1 -1 
783 258 28 28 0.07542967796325684 5 -1 -1 
397 427 82 83 0.07434185594320297 9 -1 -1 
1085 499 64 64 0.0734110102057457 8 -1 -1 
1146 579 70 61 0.0723661258816719 3 -1 -1 
1112 349 66 52 0.07225070148706436 6 -1 -1 
1060 471 128 111 0.06234126165509224 7 -1 -1 
