321 215 47 83 0.8643483519554138 1 -1 -1 
25 239 55 115 0.8384038805961609 1 -1 -1 
374 206 44 90 0.8164534568786621 1 -1 -1 
145 213 41 63 0.6076651215553284 2 -1 -1 
128 250 91 54 0.5224670171737671 10 -1 -1 
617 151 21 38 0.5145330429077148 2 -1 -1 
629 168 15 33 0.5129990577697754 2 -1 -1 
216 228 79 49 0.48716017603874207 10 -1 -1 
216 228 78 49 0.47988244891166687 3 -1 -1 
220 212 22 45 0.4504714906215668 1 -1 -1 
529 187 19 30 0.447250634431839 2 -1 -1 
138 254 76 49 0.4440436363220215 2 -1 -1 
638 147 17 34 0.4303653836250305 2 -1 -1 
687 104 40 24 0.42234471440315247 2 -1 -1 
229 198 44 74 0.4045354127883911 2 -1 -1 
631 170 27 29 0.38258448243141174 2 -1 -1 
158 251 39 49 0.3684331476688385 2 -1 -1 
639 147 16 34 0.3651590347290039 1 -1 -1 
379 206 28 81 0.3549833297729492 1 -1 -1 
622 151 17 30 0.34151703119277954 2 -1 -1 
222 205 32 65 0.3355821669101715 2 -1 -1 
636 150 18 44 0.33053210377693176 2 -1 -1 
684 105 44 35 0.3293183147907257 1 -1 -1 
328 197 24 47 0.32747024297714233 1 -1 -1 
145 213 41 63 0.32720136642456055 1 -1 -1 
221 200 28 58 0.31167665123939514 1 -1 -1 
620 164 21 38 0.3072383999824524 2 -1 -1 
623 151 20 43 0.29889020323753357 2 -1 -1 
145 239 46 65 0.29395097494125366 2 -1 -1 
688 105 39 24 0.2928328216075897 1 -1 -1 
228 198 42 68 0.2906072437763214 1 -1 -1 
617 151 21 38 0.28064489364624023 1 -1 -1 
134 220 84 79 0.2683250606060028 10 -1 -1 
538 186 24 30 0.2670500576496124 2 -1 -1 
223 214 62 62 0.25917378067970276 2 -1 -1 
630 160 20 40 0.25496888160705566 2 -1 -1 
225 197 35 55 0.25480127334594727 1 -1 -1 
538 186 23 31 0.2528781294822693 1 -1 -1 
630 151 18 38 0.2501242160797119 2 -1 -1 
129 250 90 55 0.2497173696756363 3 -1 -1 
533 197 12 20 0.24906861782073975 2 -1 -1 
326 196 29 74 0.24806083738803864 1 -1 -1 
225 197 35 55 0.24737830460071564 2 -1 -1 
530 188 17 30 0.2467673420906067 1 -1 -1 
133 217 78 82 0.24405796825885773 2 -1 -1 
145 239 46 65 0.24356159567832947 10 -1 -1 
380 208 22 60 0.2419489473104477 1 -1 -1 
227 197 22 45 0.23783251643180847 1 -1 -1 
216 225 79 52 0.2323881983757019 7 -1 -1 
228 197 23 45 0.2318262755870819 2 -1 -1 
30 238 40 85 0.23023387789726257 1 -1 -1 
683 104 28 45 0.22950907051563263 1 -1 -1 
380 232 40 65 0.21973682940006256 1 -1 -1 
629 168 15 33 0.2194342464208603 1 -1 -1 
226 197 43 40 0.2173202782869339 1 -1 -1 
632 168 27 31 0.2140926718711853 10 -1 -1 
224 208 20 41 0.21357318758964539 1 -1 -1 
774 31 8 15 0.21007417142391205 1 -1 -1 
549 185 14 12 0.20990188419818878 2 -1 -1 
616 157 18 40 0.20730644464492798 2 -1 -1 
170 250 21 41 0.20426000654697418 2 -1 -1 
642 145 11 27 0.20060016214847565 1 -1 -1 
161 251 25 42 0.19853165745735168 2 -1 -1 
533 197 12 20 0.19735218584537506 1 -1 -1 
543 185 22 17 0.19581015408039093 1 -1 -1 
629 150 15 31 0.19427084922790527 2 -1 -1 
212 207 85 64 0.1935187131166458 10 -1 -1 
226 197 43 40 0.1932886838912964 2 -1 -1 
675 75 9 23 0.19226641952991486 1 -1 -1 
765 86 15 30 0.19163858890533447 1 -1 -1 
617 153 31 45 0.19106796383857727 1 -1 -1 
548 186 15 13 0.190756157040596 1 -1 -1 
702 104 27 22 0.1897498220205307 2 -1 -1 
225 203 21 41 0.18894770741462708 2 -1 -1 
616 157 18 40 0.18845528364181519 1 -1 -1 
630 151 18 38 0.18611247837543488 1 -1 -1 
649 176 14 15 0.18334218859672546 2 -1 -1 
615 158 40 42 0.17918969690799713 2 -1 -1 
229 202 47 72 0.17854133248329163 10 -1 -1 
528 185 25 25 0.17566797137260437 2 -1 -1 
638 177 22 23 0.17463959753513336 2 -1 -1 
699 104 29 22 0.17283058166503906 1 -1 -1 
644 171 20 22 0.1705930083990097 2 -1 -1 
216 225 79 52 0.16950862109661102 8 -1 -1 
227 206 52 68 0.16932564973831177 3 -1 -1 
370 230 36 71 0.16811257600784302 1 -1 -1 
133 216 78 83 0.167489156126976 1 -1 -1 
620 164 21 38 0.16495637595653534 1 -1 -1 
641 145 14 27 0.16365057229995728 2 -1 -1 
685 107 15 44 0.1629667729139328 1 -1 -1 
138 254 76 49 0.1621386855840683 1 -1 -1 
643 184 14 15 0.16167449951171875 2 -1 -1 
220 212 19 45 0.1586412489414215 2 -1 -1 
638 154 23 37 0.1583840698003769 1 -1 -1 
220 194 35 40 0.15760666131973267 1 -1 -1 
637 152 22 44 0.1573694348335266 10 -1 -1 
223 196 25 38 0.15617963671684265 2 -1 -1 
540 185 24 19 0.15588416159152985 2 -1 -1 
646 152 10 27 0.1525719165802002 1 -1 -1 
367 205 34 85 0.1523577868938446 1 -1 -1 
535 185 28 22 0.15219734609127045 1 -1 -1 
634 148 14 30 0.1516999751329422 2 -1 -1 
24 238 56 116 0.15137992799282074 4 -1 -1 
549 184 9 11 0.14994953572750092 2 -1 -1 
553 186 12 12 0.14972683787345886 1 -1 -1 
645 146 14 31 0.14696334302425385 1 -1 -1 
221 214 42 61 0.145133838057518 1 -1 -1 
775 31 7 15 0.14438879489898682 2 -1 -1 
152 247 40 55 0.14185954630374908 1 -1 -1 
129 216 64 83 0.14060084521770477 9 -1 -1 
148 219 43 80 0.13978706300258636 1 -1 -1 
548 185 10 13 0.1391940861940384 1 -1 -1 
647 172 14 18 0.1387978494167328 2 -1 -1 
604 189 14 31 0.13802550733089447 1 -1 -1 
621 151 17 27 0.137284517288208 1 -1 -1 
526 189 14 28 0.13700519502162933 1 -1 -1 
215 212 24 55 0.1368824541568756 1 -1 -1 
165 250 49 47 0.1362253874540329 2 -1 -1 
216 197 29 51 0.13593000173568726 1 -1 -1 
145 239 46 65 0.13307751715183258 3 -1 -1 
647 169 12 16 0.13187135756015778 2 -1 -1 
645 60 23 12 0.13175398111343384 10 -1 -1 
220 197 28 54 0.13154084980487823 2 -1 -1 
531 193 12 22 0.13076592981815338 2 -1 -1 
31 206 66 45 0.12972180545330048 8 -1 -1 
37 236 35 60 0.12920378148555756 1 -1 -1 
529 187 47 30 0.12896107137203217 1 -1 -1 
330 206 57 91 0.12747369706630707 1 -1 -1 
630 170 22 31 0.12645769119262695 1 -1 -1 
548 185 9 14 0.12599357962608337 2 -1 -1 
645 179 14 19 0.12551574409008026 2 -1 -1 
23 206 73 46 0.12412707507610321 6 -1 -1 
28 238 30 65 0.12362093478441238 1 -1 -1 
629 150 15 31 0.12346570938825607 1 -1 -1 
644 152 18 34 0.12262344360351562 2 -1 -1 
550 186 14 15 0.12105575948953629 2 -1 -1 
633 163 26 35 0.12050234526395798 1 -1 -1 
550 185 15 12 0.11951751261949539 10 -1 -1 
321 215 47 83 0.11934022605419159 4 -1 -1 
640 168 22 24 0.11880561709403992 1 -1 -1 
146 208 48 51 0.11851147562265396 2 -1 -1 
234 206 47 67 0.11768312007188797 1 -1 -1 
640 151 11 32 0.11760098487138748 1 -1 -1 
611 153 27 46 0.11459982395172119 1 -1 -1 
219 219 68 57 0.11455244570970535 1 -1 -1 
30 236 34 62 0.1144222691655159 2 -1 -1 
640 72 16 30 0.11407490819692612 1 -1 -1 
643 145 10 15 0.11398114264011383 2 -1 -1 
531 197 24 23 0.11389728635549545 2 -1 -1 
335 205 35 80 0.11362333595752716 1 -1 -1 
530 189 12 19 0.11355461180210114 2 -1 -1 
245 224 47 47 0.11290286481380463 3 -1 -1 
547 185 10 17 0.11270759254693985 1 -1 -1 
134 220 84 79 0.11222176998853683 3 -1 -1 
142 212 32 49 0.11191435158252716 2 -1 -1 
231 202 27 39 0.11020834743976593 2 -1 -1 
227 206 52 68 0.10990265011787415 7 -1 -1 
624 150 36 44 0.10982572287321091 1 -1 -1 
221 214 42 61 0.10942214727401733 10 -1 -1 
162 251 44 48 0.10921112447977066 1 -1 -1 
526 189 14 27 0.10741870850324631 2 -1 -1 
534 190 12 25 0.10625340044498444 2 -1 -1 
617 162 43 38 0.10590118169784546 10 -1 -1 
675 75 13 30 0.10498297959566116 1 -1 -1 
799 35 8 18 0.10468961298465729 1 -1 -1 
170 250 21 41 0.10446353256702423 1 -1 -1 
158 248 37 52 0.10403855890035629 10 -1 -1 
151 217 47 77 0.10391200333833694 2 -1 -1 
684 105 32 29 0.10279281437397003 2 -1 -1 
129 250 90 55 0.10218893736600876 7 -1 -1 
30 241 42 74 0.10174522548913956 2 -1 -1 
374 206 44 90 0.10064415633678436 4 -1 -1 
130 261 64 43 0.1005043089389801 3 -1 -1 
23 274 49 82 0.10050316154956818 1 -1 -1 
644 145 10 18 0.10036361217498779 1 -1 -1 
217 202 82 64 0.10034850984811783 7 -1 -1 
607 164 41 37 0.10026565194129944 1 -1 -1 
803 44 9 25 0.10012891888618469 1 -1 -1 
219 212 16 35 0.09874982386827469 2 -1 -1 
631 176 11 25 0.09846070408821106 2 -1 -1 
146 209 55 57 0.09832997620105743 1 -1 -1 
644 150 11 28 0.09830909222364426 2 -1 -1 
212 207 85 64 0.09805458039045334 3 -1 -1 
349 252 18 35 0.09777442365884781 1 -1 -1 
627 151 12 21 0.09739048033952713 2 -1 -1 
634 148 14 30 0.0970979854464531 1 -1 -1 
32 237 23 50 0.09695789963006973 1 -1 -1 
623 151 13 17 0.0965975895524025 2 -1 -1 
530 189 19 29 0.09624870121479034 10 -1 -1 
335 213 21 59 0.09588498622179031 1 -1 -1 
645 60 23 13 0.09490728378295898 3 -1 -1 
331 197 33 67 0.09480935335159302 1 -1 -1 
237 201 34 32 0.09467986971139908 2 -1 -1 
185 217 108 60 0.09285888820886612 3 -1 -1 
531 197 24 23 0.09280262142419815 1 -1 -1 
641 160 21 31 0.09246876090765 10 -1 -1 
616 158 10 26 0.09233745187520981 1 -1 -1 
227 206 52 68 0.09227196872234344 8 -1 -1 
246 213 40 58 0.09226326644420624 2 -1 -1 
530 193 12 24 0.09171027690172195 1 -1 -1 
164 251 24 50 0.09169776737689972 1 -1 -1 
144 209 118 78 0.08964510262012482 9 -1 -1 
130 267 79 38 0.08954601734876633 10 -1 -1 
230 207 20 47 0.0892985537648201 1 -1 -1 
689 105 38 23 0.08915625512599945 10 -1 -1 
645 174 19 22 0.08905138820409775 1 -1 -1 
529 189 12 21 0.08887211233377457 1 -1 -1 
545 185 21 15 0.0879010558128357 10 -1 -1 
537 185 27 21 0.0873362272977829 10 -1 -1 
529 187 47 30 0.08706267923116684 10 -1 -1 
640 175 13 20 0.0869222953915596 2 -1 -1 
637 174 23 25 0.08691264688968658 1 -1 -1 
550 182 11 12 0.08632668852806091 2 -1 -1 
641 174 16 17 0.0851757600903511 2 -1 -1 
216 228 78 49 0.0846574455499649 4 -1 -1 
229 196 30 35 0.08460208773612976 1 -1 -1 
321 215 47 83 0.08434449881315231 2 -1 -1 
651 113 10 18 0.08433166891336441 1 -1 -1 
131 255 85 48 0.08410373330116272 4 -1 -1 
31 206 66 45 0.08404523134231567 7 -1 -1 
158 248 37 52 0.08389464020729065 3 -1 -1 
204 247 88 34 0.08384232223033905 3 -1 -1 
768 86 12 21 0.08368925005197525 1 -1 -1 
611 153 27 46 0.08361963927745819 2 -1 -1 
230 198 57 55 0.08321346342563629 1 -1 -1 
549 184 12 11 0.08319734781980515 1 -1 -1 
635 151 10 25 0.08315043896436691 1 -1 -1 
634 151 10 22 0.0816461592912674 2 -1 -1 
24 205 73 45 0.08161214739084244 5 -1 -1 
30 234 25 34 0.08120222389698029 1 -1 -1 
641 145 11 21 0.08085803687572479 1 -1 -1 
535 192 12 24 0.08075521141290665 1 -1 -1 
342 225 30 72 0.08013828843832016 1 -1 -1 
555 187 10 13 0.08003908395767212 2 -1 -1 
636 144 16 28 0.07990454137325287 2 -1 -1 
646 153 10 24 0.07989628612995148 2 -1 -1 
237 201 34 32 0.07974552363157272 1 -1 -1 
623 151 13 20 0.07962732762098312 1 -1 -1 
441 101 8 18 0.0794634073972702 1 -1 -1 
651 177 12 15 0.07878382503986359 1 -1 -1 
36 241 22 54 0.07863277196884155 1 -1 -1 
624 150 36 44 0.07836534827947617 2 -1 -1 
166 252 24 54 0.07816018164157867 2 -1 -1 
144 209 118 78 0.07779671251773834 3 -1 -1 
333 197 22 37 0.07710984349250793 1 -1 -1 
640 151 11 32 0.07677946984767914 2 -1 -1 
542 188 11 22 0.07673575729131699 1 -1 -1 
641 145 11 21 0.07594630867242813 2 -1 -1 
627 152 12 23 0.07581280171871185 1 -1 -1 
798 35 9 18 0.07553008198738098 2 -1 -1 
548 185 11 12 0.07522125542163849 10 -1 -1 
185 217 108 60 0.07461472600698471 10 -1 -1 
533 194 12 23 0.07377883046865463 10 -1 -1 
798 37 9 22 0.07360225170850754 1 -1 -1 
548 187 13 16 0.07291153818368912 2 -1 -1 
631 176 11 25 0.07268550992012024 1 -1 -1 
556 187 10 13 0.07202792167663574 1 -1 -1 
158 251 27 40 0.07199414819478989 1 -1 -1 
601 162 33 44 0.07113718241453171 1 -1 -1 
689 101 48 34 0.07100428640842438 1 -1 -1 
679 99 44 34 0.07100124657154083 1 -1 -1 
801 68 11 26 0.07084092497825623 1 -1 -1 
651 113 10 18 0.07080525159835815 2 -1 -1 
607 164 41 37 0.07053292542695999 2 -1 -1 
219 197 83 58 0.07031863927841187 9 -1 -1 
225 194 25 33 0.07008534669876099 1 -1 -1 
210 247 28 30 0.07002121210098267 3 -1 -1 
707 104 13 22 0.06994634121656418 2 -1 -1 
268 236 26 36 0.06990416347980499 3 -1 -1 
533 189 13 17 0.06984122097492218 2 -1 -1 
607 190 11 24 0.06942158937454224 1 -1 -1 
141 203 71 72 0.06927749514579773 2 -1 -1 
218 195 27 34 0.06914419680833817 1 -1 -1 
139 210 74 84 0.0689130574464798 9 -1 -1 
644 184 14 15 0.06868652999401093 1 -1 -1 
228 207 22 47 0.06857762485742569 2 -1 -1 
219 197 83 58 0.06706564873456955 10 -1 -1 
648 173 14 16 0.0670456662774086 1 -1 -1 
649 178 12 19 0.06645508855581284 2 -1 -1 
174 248 24 38 0.06588049232959747 2 -1 -1 
674 75 8 18 0.06559846550226212 1 -1 -1 
639 147 10 27 0.06557096540927887 2 -1 -1 
618 161 11 24 0.06534178555011749 1 -1 -1 
538 194 11 22 0.06529287993907928 1 -1 -1 
538 196 10 21 0.06479908525943756 2 -1 -1 
328 196 25 35 0.06469576805830002 2 -1 -1 
32 239 23 52 0.06452815979719162 2 -1 -1 
645 60 23 13 0.06438865512609482 1 -1 -1 
532 189 13 22 0.06438621878623962 1 -1 -1 
637 175 12 22 0.0639340877532959 2 -1 -1 
380 208 22 60 0.06375949829816818 2 -1 -1 
385 207 20 50 0.06368992477655411 1 -1 -1 
138 208 101 77 0.063320592045784 10 -1 -1 
542 188 11 22 0.06321778148412704 2 -1 -1 
774 34 7 16 0.06320826709270477 1 -1 -1 
634 176 11 23 0.06241974979639053 2 -1 -1 
652 173 11 15 0.06129615381360054 2 -1 -1 
166 212 122 67 0.05965244770050049 7 -1 -1 
166 212 122 67 0.05934436619281769 9 -1 -1 
616 149 34 40 0.05916038900613785 2 -1 -1 
529 187 47 30 0.05897173658013344 2 -1 -1 
217 202 82 64 0.05855304375290871 2 -1 -1 
138 208 101 77 0.05827629566192627 2 -1 -1 
627 167 36 34 0.05804937332868576 1 -1 -1 
20 221 62 106 0.057288967072963715 1 -1 -1 
134 238 88 65 0.056608036160469055 8 -1 -1 
680 103 27 46 0.05592263489961624 2 -1 -1 
529 187 46 31 0.05447763949632645 3 -1 -1 
197 204 98 66 0.05403502285480499 8 -1 -1 
522 186 39 34 0.05320116505026817 1 -1 -1 
678 102 25 47 0.05311144143342972 1 -1 -1 
165 202 115 73 0.052628520876169205 3 -1 -1 
142 202 79 71 0.05232582986354828 1 -1 -1 
6 242 57 113 0.05200478434562683 1 -1 -1 
141 212 80 82 0.05163488909602165 8 -1 -1 
690 105 44 46 0.0512104406952858 1 -1 -1 
679 99 44 34 0.05078596621751785 2 -1 -1 
538 192 48 26 0.050734568387269974 1 -1 -1 
125 243 87 61 0.05064907297492027 9 -1 -1 
