626 230 47 19 0.88593590259552 4 -1 -1 
573 226 25 21 0.7882785201072693 4 -1 -1 
411 154 13 14 0.7794599533081055 4 -1 -1 
463 101 8 7 0.7683473229408264 4 -1 -1 
631 189 24 18 0.73215651512146 4 -1 -1 
612 186 9 14 0.717040479183197 10 -1 -1 
886 363 31 21 0.7074556350708008 10 -1 -1 
450 88 6 6 0.7010177969932556 4 -1 -1 
667 325 18 24 0.6878516674041748 10 -1 -1 
417 85 5 7 0.6808092594146729 4 -1 -1 
452 103 8 8 0.6801151037216187 4 -1 -1 
469 93 8 7 0.6516618132591248 4 -1 -1 
683 469 19 37 0.6317446231842041 10 -1 -1 
660 175 5 12 0.6292721033096313 1 -1 -1 
413 80 6 5 0.5784556865692139 4 -1 -1 
559 211 27 18 0.5568877458572388 4 -1 -1 
385 189 5 8 0.5446909666061401 2 -1 -1 
684 468 18 28 0.5335235595703125 7 -1 -1 
459 121 7 9 0.506499707698822 6 -1 -1 
422 143 7 7 0.5009024739265442 10 -1 -1 
615 210 17 10 0.49765321612358093 10 -1 -1 
551 199 9 15 0.4886205792427063 10 -1 -1 
391 137 9 7 0.47642773389816284 4 -1 -1 
684 467 17 27 0.472152978181839 2 -1 -1 
449 96 3 5 0.4693358540534973 10 -1 -1 
384 192 8 11 0.4688871204853058 10 -1 -1 
714 334 24 15 0.46837952733039856 10 -1 -1 
423 139 5 7 0.4441581070423126 2 -1 -1 
449 95 3 5 0.44288748502731323 2 -1 -1 
317 290 32 41 0.4402918815612793 6 -1 -1 
551 194 33 36 0.4343681335449219 6 -1 -1 
408 69 5 4 0.42876890301704407 4 -1 -1 
417 73 5 5 0.40602797269821167 4 -1 -1 
459 122 7 9 0.40170130133628845 4 -1 -1 
320 290 30 33 0.3965590298175812 4 -1 -1 
384 191 9 12 0.3883313536643982 7 -1 -1 
592 191 4 7 0.38828325271606445 1 -1 -1 
864 353 9 13 0.38131505250930786 10 -1 -1 
387 190 6 8 0.37333759665489197 2 -1 -1 
407 76 4 4 0.3714717924594879 4 -1 -1 
403 85 7 6 0.3707856833934784 4 -1 -1 
859 355 13 12 0.3538442850112915 10 -1 -1 
647 187 8 9 0.3523893654346466 10 -1 -1 
667 325 18 24 0.35148391127586365 3 -1 -1 
687 475 13 17 0.3465537130832672 2 -1 -1 
658 175 6 12 0.34637928009033203 1 -1 -1 
385 189 8 12 0.3437786102294922 10 -1 -1 
410 74 5 6 0.34125199913978577 4 -1 -1 
408 75 6 5 0.3363036811351776 4 -1 -1 
331 270 21 25 0.3346582055091858 4 -1 -1 
417 76 5 5 0.3306736946105957 4 -1 -1 
598 191 3 8 0.3299713730812073 1 -1 -1 
551 194 33 36 0.31988123059272766 4 -1 -1 
603 189 6 12 0.3198087513446808 3 -1 -1 
551 198 32 31 0.31081506609916687 7 -1 -1 
631 190 24 17 0.3085562288761139 6 -1 -1 
669 324 11 17 0.307385116815567 2 -1 -1 
384 191 9 12 0.3046993017196655 8 -1 -1 
385 189 8 12 0.3044896125793457 2 -1 -1 
422 141 6 8 0.3036653399467468 2 -1 -1 
860 325 4 4 0.30239421129226685 4 -1 -1 
848 356 17 15 0.29842838644981384 10 -1 -1 
886 367 16 12 0.2901029884815216 10 -1 -1 
389 190 4 9 0.2866513431072235 2 -1 -1 
321 290 28 39 0.2834218442440033 5 -1 -1 
866 355 11 11 0.2813655436038971 10 -1 -1 
410 74 5 6 0.2771138548851013 8 -1 -1 
459 119 3 5 0.27467501163482666 1 -1 -1 
332 270 21 26 0.27340391278266907 5 -1 -1 
388 192 5 9 0.2731765806674957 10 -1 -1 
423 140 6 9 0.271920770406723 10 -1 -1 
407 75 5 5 0.2696826457977295 8 -1 -1 
417 83 5 7 0.2667924761772156 4 -1 -1 
649 186 6 8 0.26409363746643066 2 -1 -1 
683 466 12 15 0.2591649889945984 2 -1 -1 
411 74 4 5 0.25827503204345703 7 -1 -1 
408 75 5 5 0.2567187547683716 7 -1 -1 
384 189 6 10 0.2561449110507965 10 -1 -1 
414 80 7 5 0.251983106136322 4 -1 -1 
901 360 16 22 0.24917808175086975 10 -1 -1 
861 354 9 12 0.24429604411125183 10 -1 -1 
854 356 12 13 0.2436082661151886 10 -1 -1 
406 86 4 5 0.2417256236076355 4 -1 -1 
416 77 6 5 0.24158605933189392 4 -1 -1 
689 466 11 17 0.2405429482460022 2 -1 -1 
417 75 6 5 0.23750437796115875 4 -1 -1 
427 45 5 4 0.23745013773441315 4 -1 -1 
552 194 30 34 0.2367468625307083 5 -1 -1 
408 69 5 4 0.23115801811218262 5 -1 -1 
407 75 4 5 0.2311435490846634 7 -1 -1 
876 355 8 11 0.2304084151983261 10 -1 -1 
384 189 7 11 0.23024514317512512 7 -1 -1 
683 470 19 37 0.22983959317207336 2 -1 -1 
414 78 6 5 0.22972708940505981 4 -1 -1 
933 472 8 12 0.22845011949539185 1 -1 -1 
423 140 5 7 0.2276109755039215 10 -1 -1 
884 372 12 12 0.22699949145317078 10 -1 -1 
631 190 24 17 0.2268485277891159 5 -1 -1 
422 140 5 7 0.2266545444726944 2 -1 -1 
667 325 18 24 0.22421731054782867 7 -1 -1 
387 134 12 10 0.223983034491539 4 -1 -1 
684 465 16 15 0.22349272668361664 2 -1 -1 
861 324 4 4 0.2234097719192505 4 -1 -1 
649 186 7 9 0.22335918247699738 10 -1 -1 
683 466 7 14 0.22333456575870514 2 -1 -1 
476 103 4 7 0.2233344465494156 1 -1 -1 
573 226 25 21 0.22241510450839996 6 -1 -1 
668 324 18 24 0.22216591238975525 2 -1 -1 
431 60 20 9 0.22210411727428436 4 -1 -1 
667 325 18 24 0.22126585245132446 8 -1 -1 
410 74 5 6 0.22054478526115417 6 -1 -1 
416 81 6 5 0.21570076048374176 4 -1 -1 
459 121 7 9 0.2150028944015503 5 -1 -1 
386 188 5 7 0.2143089920282364 2 -1 -1 
407 86 3 5 0.21404001116752625 10 -1 -1 
928 471 14 15 0.2140388935804367 1 -1 -1 
872 355 9 11 0.21377143263816833 10 -1 -1 
417 81 6 6 0.21237824857234955 4 -1 -1 
476 103 4 7 0.21230372786521912 10 -1 -1 
413 65 4 3 0.2104908525943756 4 -1 -1 
406 86 4 5 0.20943163335323334 2 -1 -1 
928 472 14 14 0.20842449367046356 10 -1 -1 
385 189 5 8 0.20759497582912445 1 -1 -1 
408 75 6 5 0.20580773055553436 6 -1 -1 
411 73 4 5 0.2055789977312088 4 -1 -1 
459 121 7 9 0.20469126105308533 7 -1 -1 
866 323 3 4 0.2039027065038681 4 -1 -1 
383 191 8 11 0.20250387489795685 2 -1 -1 
551 195 33 35 0.20234395563602448 8 -1 -1 
407 74 5 6 0.1999455988407135 4 -1 -1 
389 190 4 9 0.19988854229450226 1 -1 -1 
647 187 8 9 0.19904156029224396 2 -1 -1 
709 351 21 21 0.19796696305274963 8 -1 -1 
871 354 9 10 0.1960122138261795 10 -1 -1 
590 182 4 9 0.19536513090133667 1 -1 -1 
847 357 9 15 0.1947835385799408 10 -1 -1 
382 195 8 8 0.19476397335529327 10 -1 -1 
649 188 7 9 0.19426977634429932 1 -1 -1 
889 357 27 22 0.19350993633270264 10 -1 -1 
417 80 7 6 0.19325470924377441 4 -1 -1 
394 138 6 6 0.19281482696533203 2 -1 -1 
387 190 6 10 0.19226214289665222 7 -1 -1 
848 333 6 6 0.19200728833675385 4 -1 -1 
459 119 3 5 0.19122491776943207 2 -1 -1 
332 270 20 25 0.19036109745502472 6 -1 -1 
614 211 15 16 0.18999306857585907 10 -1 -1 
386 195 6 8 0.1898462474346161 10 -1 -1 
424 138 6 7 0.18964870274066925 2 -1 -1 
423 139 9 8 0.18827103078365326 2 -1 -1 
407 75 5 5 0.18509022891521454 6 -1 -1 
324 289 25 25 0.18368111550807953 4 -1 -1 
854 328 4 5 0.18362891674041748 1 -1 -1 
323 268 28 20 0.18328852951526642 4 -1 -1 
880 355 9 9 0.18016751110553741 10 -1 -1 
503 179 5 6 0.18013067543506622 10 -1 -1 
408 68 5 5 0.1792205274105072 8 -1 -1 
417 73 5 5 0.17852523922920227 5 -1 -1 
411 74 4 5 0.17778538167476654 5 -1 -1 
843 330 5 5 0.17628450691699982 4 -1 -1 
383 194 8 9 0.1743590533733368 7 -1 -1 
388 192 5 9 0.1722995787858963 2 -1 -1 
396 138 4 7 0.17196737229824066 1 -1 -1 
450 89 6 5 0.17115890979766846 5 -1 -1 
459 119 7 10 0.1701674461364746 9 -1 -1 
449 86 7 7 0.16996346414089203 4 -1 -1 
387 190 6 8 0.16990119218826294 1 -1 -1 
550 195 34 35 0.16976241767406464 9 -1 -1 
459 119 5 7 0.16958066821098328 1 -1 -1 
449 94 3 6 0.16942299902439117 10 -1 -1 
400 84 9 7 0.16680066287517548 4 -1 -1 
449 96 3 5 0.16605736315250397 7 -1 -1 
436 69 8 7 0.1659146249294281 4 -1 -1 
930 472 11 13 0.16513118147850037 2 -1 -1 
897 349 5 5 0.1647094041109085 4 -1 -1 
859 332 4 4 0.16412128508090973 4 -1 -1 
408 75 6 5 0.16341392695903778 5 -1 -1 
503 179 6 6 0.1628066450357437 7 -1 -1 
389 191 5 8 0.16169752180576324 10 -1 -1 
404 86 6 5 0.15935738384723663 10 -1 -1 
449 96 3 5 0.15892961621284485 1 -1 -1 
423 140 12 9 0.15860380232334137 10 -1 -1 
476 103 4 6 0.15797945857048035 2 -1 -1 
411 75 5 5 0.15797729790210724 4 -1 -1 
551 198 17 20 0.15763729810714722 10 -1 -1 
683 470 13 18 0.15751619637012482 2 -1 -1 
848 355 14 12 0.15628693997859955 10 -1 -1 
383 190 6 8 0.15575487911701202 2 -1 -1 
427 45 5 4 0.15456655621528625 5 -1 -1 
405 86 5 5 0.15402080118656158 7 -1 -1 
862 323 4 4 0.15330664813518524 4 -1 -1 
385 189 8 12 0.1520179957151413 1 -1 -1 
413 80 6 5 0.15164999663829803 5 -1 -1 
314 290 35 48 0.14933152496814728 4 -1 -1 
682 465 22 41 0.14926256239414215 7 -1 -1 
573 226 25 21 0.14690136909484863 5 -1 -1 
550 198 27 29 0.144842728972435 10 -1 -1 
855 354 22 15 0.14146238565444946 10 -1 -1 
319 270 34 46 0.1404883861541748 6 -1 -1 
328 271 25 35 0.13485993444919586 4 -1 -1 
898 365 21 20 0.13011597096920013 10 -1 -1 
714 334 24 14 0.12999103963375092 3 -1 -1 
710 351 20 21 0.1258576512336731 6 -1 -1 
709 351 22 21 0.12389422208070755 5 -1 -1 
682 465 22 41 0.12004462629556656 9 -1 -1 
553 205 29 24 0.11452825367450714 4 -1 -1 
549 196 13 20 0.11430627107620239 10 -1 -1 
558 209 26 20 0.1137288361787796 6 -1 -1 
322 290 27 39 0.11144005507230759 9 -1 -1 
667 322 17 21 0.11118876934051514 2 -1 -1 
336 272 18 29 0.10973044484853745 4 -1 -1 
558 209 26 20 0.10361002385616302 7 -1 -1 
819 270 13 26 0.1033201664686203 1 -1 -1 
684 468 18 35 0.10189078748226166 8 -1 -1 
323 268 28 20 0.10146193206310272 5 -1 -1 
714 334 24 14 0.1013861894607544 7 -1 -1 
886 363 31 21 0.10106687247753143 4 -1 -1 
684 467 17 27 0.09936676174402237 1 -1 -1 
846 359 19 19 0.09869164973497391 10 -1 -1 
714 333 24 15 0.09815213084220886 8 -1 -1 
884 367 19 16 0.09625064581632614 3 -1 -1 
630 88 37 17 0.09610972553491592 6 -1 -1 
318 316 28 20 0.09588669240474701 4 -1 -1 
896 347 22 13 0.09547488391399384 10 -1 -1 
886 365 31 19 0.09544089436531067 3 -1 -1 
320 271 30 25 0.09467608481645584 4 -1 -1 
667 322 17 21 0.09222058206796646 10 -1 -1 
819 272 13 25 0.09202895313501358 2 -1 -1 
331 269 21 26 0.09156835824251175 8 -1 -1 
559 202 26 27 0.0915512666106224 5 -1 -1 
323 289 27 30 0.09116434305906296 6 -1 -1 
550 197 19 26 0.08956389874219894 3 -1 -1 
667 325 18 24 0.08804647624492645 4 -1 -1 
670 322 18 20 0.08685637265443802 3 -1 -1 
816 267 13 26 0.08676587790250778 1 -1 -1 
709 351 22 21 0.0865999236702919 4 -1 -1 
550 198 27 29 0.0848379135131836 3 -1 -1 
882 367 17 17 0.08432800322771072 10 -1 -1 
309 287 41 38 0.08395449817180634 9 -1 -1 
323 268 28 20 0.08318138122558594 6 -1 -1 
319 270 34 46 0.08138104528188705 4 -1 -1 
317 313 29 17 0.08063151687383652 4 -1 -1 
689 480 14 28 0.07973367720842361 10 -1 -1 
881 357 25 20 0.07932469993829727 10 -1 -1 
336 272 18 29 0.07809539139270782 5 -1 -1 
880 352 29 17 0.07743272185325623 10 -1 -1 
686 464 18 22 0.07723108679056168 2 -1 -1 
333 270 20 25 0.07684804499149323 9 -1 -1 
709 351 21 21 0.07655860483646393 7 -1 -1 
816 267 13 26 0.07614616304636002 2 -1 -1 
328 271 25 35 0.07556074112653732 5 -1 -1 
683 469 19 37 0.07498383522033691 4 -1 -1 
631 189 24 18 0.07440700381994247 1 -1 -1 
900 361 18 22 0.07267522811889648 3 -1 -1 
426 58 26 11 0.0721951425075531 4 -1 -1 
316 290 34 56 0.07166236639022827 5 -1 -1 
573 226 25 21 0.07148724794387817 7 -1 -1 
668 323 17 21 0.0714455246925354 1 -1 -1 
320 302 27 30 0.07136839628219604 4 -1 -1 
683 468 19 39 0.0712365135550499 3 -1 -1 
631 190 24 17 0.07058350741863251 9 -1 -1 
880 368 18 17 0.07020612806081772 3 -1 -1 
626 229 46 20 0.06960533559322357 5 -1 -1 
847 356 18 17 0.0692196786403656 3 -1 -1 
573 226 25 21 0.06843564659357071 1 -1 -1 
314 269 34 16 0.06790704280138016 4 -1 -1 
886 362 31 22 0.06781251728534698 7 -1 -1 
630 88 37 18 0.06774311512708664 9 -1 -1 
901 360 16 22 0.06742314994335175 2 -1 -1 
321 291 28 40 0.06741755455732346 8 -1 -1 
336 272 18 29 0.06569704413414001 6 -1 -1 
631 190 24 17 0.06495686620473862 8 -1 -1 
630 96 37 14 0.06412601470947266 6 -1 -1 
666 322 17 21 0.06396771222352982 3 -1 -1 
550 198 14 27 0.06387501955032349 10 -1 -1 
879 350 22 17 0.06344977766275406 10 -1 -1 
320 271 30 25 0.06327832490205765 5 -1 -1 
626 229 46 20 0.06321641802787781 9 -1 -1 
880 361 22 19 0.06283824890851974 10 -1 -1 
558 209 26 20 0.062432050704956055 8 -1 -1 
712 327 24 21 0.06183649227023125 10 -1 -1 
631 190 24 17 0.06040189787745476 7 -1 -1 
895 350 22 19 0.06032322719693184 10 -1 -1 
871 352 25 15 0.06031741201877594 10 -1 -1 
233 249 54 28 0.06019389629364014 4 -1 -1 
851 355 24 15 0.059784989804029465 3 -1 -1 
864 352 26 16 0.059399038553237915 10 -1 -1 
845 353 17 19 0.05929187685251236 10 -1 -1 
312 307 38 40 0.05861472710967064 4 -1 -1 
903 397 26 18 0.05818043649196625 10 -1 -1 
320 261 34 40 0.055450767278671265 6 -1 -1 
316 297 35 52 0.05376599729061127 6 -1 -1 
319 270 34 46 0.05209089070558548 5 -1 -1 
316 270 36 50 0.05072563514113426 9 -1 -1 
