739 99 107 145 0.9989678859710693 9 -1 -1 
510 474 124 163 0.9706473350524902 5 -1 -1 
773 41 40 38 0.9645466208457947 5 -1 -1 
817 213 50 72 0.9529111981391907 5 -1 -1 
1 330 37 33 0.9217646718025208 3 -1 -1 
868 121 42 54 0.91243577003479 5 -1 -1 
885 263 67 85 0.8999519944190979 4 -1 -1 
1033 95 34 33 0.8950777649879456 4 -1 -1 
1120 114 25 33 0.8913595676422119 7 -1 -1 
79 503 27 50 0.8903467655181885 1 -1 -1 
740 338 76 100 0.8870841264724731 4 -1 -1 
1208 195 95 39 0.8766266703605652 4 -1 -1 
903 59 34 46 0.8605372309684753 5 -1 -1 
908 201 55 71 0.8500168323516846 5 -1 -1 
86 403 146 81 0.8479440808296204 5 -1 -1 
848 177 44 50 0.8443950414657593 4 -1 -1 
287 435 23 49 0.8419442772865295 1 -1 -1 
971 42 35 47 0.8334447145462036 5 -1 -1 
102 498 28 54 0.8318256139755249 1 -1 -1 
621 190 12 35 0.8296732306480408 1 -1 -1 
1226 223 51 50 0.8218014240264893 4 -1 -1 
1147 14 46 41 0.8152467012405396 5 -1 -1 
367 429 20 47 0.8107159733772278 1 -1 -1 
948 136 37 42 0.8102307915687561 4 -1 -1 
1189 154 88 33 0.8051967620849609 4 -1 -1 
845 49 36 45 0.8051621913909912 5 -1 -1 
937 2 27 31 0.7998728156089783 4 -1 -1 
64 487 22 55 0.7867034077644348 1 -1 -1 
882 92 37 43 0.7834334969520569 4 -1 -1 
716 12 50 28 0.7829686403274536 5 -1 -1 
913 46 30 31 0.7815437912940979 4 -1 -1 
1197 73 76 30 0.7777254581451416 4 -1 -1 
694 42 60 33 0.7764103412628174 5 -1 -1 
345 302 25 34 0.77344810962677 10 -1 -1 
577 334 37 30 0.7721037864685059 3 -1 -1 
144 377 39 30 0.7698821425437927 3 -1 -1 
1162 131 53 34 0.7687015533447266 4 -1 -1 
885 16 28 26 0.767273485660553 4 -1 -1 
608 185 14 42 0.759318470954895 1 -1 -1 
1198 269 53 57 0.7581703066825867 4 -1 -1 
828 94 35 39 0.7575050592422485 4 -1 -1 
1293 267 55 61 0.7528613209724426 4 -1 -1 
1256 374 26 42 0.7491408586502075 1 -1 -1 
1233 95 70 35 0.7427886128425598 5 -1 -1 
576 203 32 28 0.7426508665084839 10 -1 -1 
602 101 79 37 0.7365760207176208 4 -1 -1 
1184 104 82 34 0.7329363822937012 4 -1 -1 
601 243 15 33 0.7278028130531311 10 -1 -1 
203 366 81 85 0.7264509797096252 8 -1 -1 
1242 117 89 36 0.7192493081092834 4 -1 -1 
723 31 61 28 0.7168015837669373 4 -1 -1 
945 102 31 37 0.7068160176277161 4 -1 -1 
574 330 39 34 0.705388605594635 10 -1 -1 
446 263 32 41 0.6904237270355225 10 -1 -1 
667 291 71 94 0.6864712834358215 4 -1 -1 
1199 173 90 32 0.682765543460846 4 -1 -1 
533 314 41 43 0.681218147277832 10 -1 -1 
824 5 35 30 0.6780723929405212 4 -1 -1 
985 29 27 28 0.6770917177200317 4 -1 -1 
672 61 64 30 0.6749683618545532 4 -1 -1 
733 7 51 19 0.6724377870559692 4 -1 -1 
517 234 40 34 0.6675108075141907 10 -1 -1 
416 367 17 25 0.659826934337616 2 -1 -1 
693 42 61 33 0.6579270362854004 8 -1 -1 
388 261 31 32 0.6570713520050049 10 -1 -1 
1185 22 64 31 0.6503956913948059 4 -1 -1 
317 451 25 47 0.650100588798523 1 -1 -1 
486 300 21 24 0.6471637487411499 3 -1 -1 
865 0 32 28 0.6462100744247437 5 -1 -1 
592 186 13 35 0.6424199342727661 1 -1 -1 
968 82 30 35 0.6375169157981873 4 -1 -1 
1330 92 14 27 0.6336507201194763 1 -1 -1 
1319 81 39 29 0.6312946677207947 4 -1 -1 
854 277 19 41 0.6252878308296204 1 -1 -1 
1265 135 93 42 0.6225141286849976 4 -1 -1 
928 170 41 44 0.6137380003929138 4 -1 -1 
408 299 17 41 0.609619140625 1 -1 -1 
308 381 22 30 0.6039285063743591 2 -1 -1 
1196 41 60 32 0.6003873348236084 4 -1 -1 
867 35 27 28 0.5994179248809814 4 -1 -1 
467 269 25 48 0.5955408215522766 10 -1 -1 
253 432 27 41 0.5873170495033264 3 -1 -1 
4 342 36 21 0.5807194113731384 3 -1 -1 
1222 90 67 26 0.570623517036438 4 -1 -1 
1294 72 10 23 0.5705345869064331 1 -1 -1 
1284 386 32 49 0.5699145793914795 1 -1 -1 
1307 398 29 51 0.5682018399238586 1 -1 -1 
360 390 19 27 0.5639100670814514 2 -1 -1 
492 345 33 30 0.5588534474372864 10 -1 -1 
628 65 61 33 0.5588124990463257 4 -1 -1 
727 118 15 36 0.5473271012306213 1 -1 -1 
379 392 16 22 0.536663830280304 2 -1 -1 
436 381 27 33 0.529342532157898 1 -1 -1 
739 99 107 145 0.5210800766944885 4 -1 -1 
1250 126 99 43 0.5185074806213379 4 -1 -1 
335 426 23 44 0.5106726884841919 2 -1 -1 
334 427 24 45 0.510048508644104 1 -1 -1 
304 461 19 38 0.5089903473854065 3 -1 -1 
1126 113 16 20 0.5088843703269958 2 -1 -1 
1139 0 31 23 0.5067684054374695 8 -1 -1 
918 18 30 35 0.5050285458564758 5 -1 -1 
271 313 19 32 0.5047051906585693 2 -1 -1 
578 323 28 40 0.5014781951904297 3 -1 -1 
1180 30 68 30 0.49809351563453674 4 -1 -1 
304 457 37 42 0.496551513671875 3 -1 -1 
72 373 51 30 0.49296835064888 10 -1 -1 
1192 22 49 24 0.49014556407928467 4 -1 -1 
462 320 36 26 0.47973737120628357 10 -1 -1 
362 441 22 35 0.47239089012145996 1 -1 -1 
492 293 21 26 0.4699842631816864 3 -1 -1 
779 76 18 26 0.4644066095352173 10 -1 -1 
919 18 29 35 0.4637770354747772 4 -1 -1 
1195 42 61 30 0.46018922328948975 5 -1 -1 
1289 391 32 54 0.46012818813323975 1 -1 -1 
330 387 18 29 0.4587774872779846 2 -1 -1 
611 79 16 22 0.45677652955055237 1 -1 -1 
578 320 23 42 0.45640599727630615 2 -1 -1 
1287 339 28 31 0.456104576587677 10 -1 -1 
578 321 27 40 0.45411673188209534 10 -1 -1 
119 352 32 33 0.45363932847976685 3 -1 -1 
1333 353 23 41 0.45281851291656494 2 -1 -1 
838 33 23 27 0.44717979431152344 7 -1 -1 
458 266 30 46 0.4459259808063507 10 -1 -1 
252 430 28 44 0.44501063227653503 10 -1 -1 
667 291 70 93 0.441739559173584 5 -1 -1 
614 181 12 31 0.4417363107204437 1 -1 -1 
1301 395 28 51 0.43866682052612305 1 -1 -1 
433 375 29 39 0.43465957045555115 2 -1 -1 
577 321 25 40 0.4301428496837616 1 -1 -1 
47 433 111 94 0.42999204993247986 8 -1 -1 
759 0 49 19 0.42928674817085266 4 -1 -1 
329 387 19 29 0.42070597410202026 1 -1 -1 
122 481 62 41 0.4196316599845886 7 -1 -1 
724 8 51 23 0.4176543354988098 4 -1 -1 
563 125 30 35 0.4165058135986328 3 -1 -1 
782 73 21 26 0.4156358242034912 10 -1 -1 
499 343 25 28 0.41132205724716187 2 -1 -1 
143 482 43 37 0.41103997826576233 3 -1 -1 
725 123 23 31 0.4068562686443329 10 -1 -1 
232 465 26 33 0.40675559639930725 3 -1 -1 
1147 14 89 43 0.40570303797721863 6 -1 -1 
1288 339 28 30 0.40377962589263916 1 -1 -1 
929 171 39 41 0.4030911326408386 6 -1 -1 
1240 118 92 35 0.400722473859787 5 -1 -1 
1264 136 91 41 0.39989832043647766 5 -1 -1 
699 30 48 27 0.39896705746650696 4 -1 -1 
8 346 33 26 0.39397141337394714 3 -1 -1 
446 264 31 40 0.39346402883529663 3 -1 -1 
495 267 14 29 0.39215660095214844 10 -1 -1 
57 356 32 32 0.3908698558807373 10 -1 -1 
1336 353 18 41 0.3875724971294403 1 -1 -1 
242 458 26 38 0.3853271007537842 2 -1 -1 
87 370 29 32 0.38471177220344543 10 -1 -1 
334 440 25 33 0.3833972215652466 10 -1 -1 
789 21 9 20 0.3823809325695038 1 -1 -1 
793 72 15 26 0.3792477250099182 2 -1 -1 
1323 85 19 33 0.3767654001712799 1 -1 -1 
739 99 107 145 0.3756462037563324 5 -1 -1 
400 383 22 30 0.3713250160217285 10 -1 -1 
384 265 18 30 0.3686579465866089 10 -1 -1 
1284 386 35 48 0.36745384335517883 2 -1 -1 
1206 182 90 39 0.3666195571422577 4 -1 -1 
740 99 106 145 0.36205586791038513 10 -1 -1 
-1 423 74 83 0.3582453727722168 7 -1 -1 
739 99 107 145 0.3520577549934387 1 -1 -1 
738 101 106 143 0.3434796929359436 3 -1 -1 
467 269 24 48 0.3424721658229828 3 -1 -1 
446 314 50 33 0.33043161034584045 7 -1 -1 
612 187 16 40 0.3181626796722412 1 -1 -1 
739 99 107 145 0.3180078864097595 6 -1 -1 
740 99 106 145 0.31737643480300903 2 -1 -1 
738 100 106 144 0.31493908166885376 7 -1 -1 
1250 128 98 43 0.31114494800567627 5 -1 -1 
204 365 82 88 0.3051464259624481 7 -1 -1 
449 314 48 32 0.30359888076782227 10 -1 -1 
1222 93 80 36 0.3021201491355896 4 -1 -1 
47 432 134 98 0.2961292564868927 5 -1 -1 
73 440 113 82 0.2932889461517334 8 -1 -1 
86 403 145 80 0.29125407338142395 4 -1 -1 
111 477 75 45 0.27748486399650574 8 -1 -1 
443 263 24 41 0.26375412940979004 10 -1 -1 
460 267 26 47 0.2614176571369171 3 -1 -1 
100 458 86 63 0.2590656578540802 8 -1 -1 
270 320 21 42 0.25477609038352966 2 -1 -1 
492 265 24 38 0.2477981299161911 10 -1 -1 
738 100 106 144 0.24760860204696655 8 -1 -1 
908 201 55 71 0.24409012496471405 4 -1 -1 
-1 421 68 84 0.24042481184005737 8 -1 -1 
470 289 34 34 0.23381809890270233 3 -1 -1 
492 268 24 46 0.22966472804546356 3 -1 -1 
1120 114 25 33 0.22244387865066528 8 -1 -1 
424 260 24 33 0.21960695087909698 3 -1 -1 
271 312 20 40 0.21920795738697052 1 -1 -1 
305 380 21 33 0.21219684183597565 1 -1 -1 
232 385 68 79 0.2118079513311386 8 -1 -1 
424 260 24 32 0.21160784363746643 10 -1 -1 
495 256 24 36 0.20319318771362305 10 -1 -1 
586 188 22 40 0.20084349811077118 10 -1 -1 
0 452 68 55 0.19987767934799194 7 -1 -1 
452 316 45 30 0.19548209011554718 3 -1 -1 
886 264 66 84 0.19365765154361725 5 -1 -1 
1146 13 80 44 0.1926155537366867 5 -1 -1 
741 338 74 100 0.19250106811523438 5 -1 -1 
618 71 74 41 0.19227714836597443 4 -1 -1 
601 100 79 37 0.18943075835704803 5 -1 -1 
270 320 20 42 0.18903231620788574 10 -1 -1 
473 268 22 40 0.18733693659305573 10 -1 -1 
399 382 25 32 0.18644997477531433 2 -1 -1 
475 277 28 42 0.18437528610229492 3 -1 -1 
586 188 22 40 0.18388865888118744 1 -1 -1 
232 385 68 79 0.18241140246391296 7 -1 -1 
1282 384 52 64 0.18055589497089386 10 -1 -1 
93 460 92 63 0.17997059226036072 7 -1 -1 
1320 82 38 29 0.17739051580429077 5 -1 -1 
590 186 18 38 0.1767476350069046 2 -1 -1 
1279 381 45 66 0.17632552981376648 1 -1 -1 
446 314 50 33 0.17401880025863647 8 -1 -1 
238 405 60 69 0.1721990704536438 10 -1 -1 
510 474 124 162 0.1719856709241867 4 -1 -1 
1281 382 48 64 0.1707099974155426 2 -1 -1 
460 319 38 27 0.16825856268405914 7 -1 -1 
454 277 30 40 0.16724063456058502 3 -1 -1 
388 262 31 32 0.15838441252708435 3 -1 -1 
360 388 31 30 0.15756218135356903 2 -1 -1 
57 424 148 80 0.15418581664562225 5 -1 -1 
431 372 29 41 0.15413448214530945 3 -1 -1 
817 214 49 71 0.15410713851451874 4 -1 -1 
510 474 124 163 0.15354174375534058 8 -1 -1 
316 383 31 33 0.15204347670078278 2 -1 -1 
465 265 27 37 0.15196925401687622 10 -1 -1 
640 62 95 32 0.1508486568927765 4 -1 -1 
238 405 60 69 0.15044821798801422 7 -1 -1 
510 473 124 163 0.14898404479026794 9 -1 -1 
440 320 46 30 0.14822547137737274 7 -1 -1 
204 366 79 85 0.1475590318441391 5 -1 -1 
232 385 68 79 0.14662156999111176 10 -1 -1 
360 389 36 29 0.14604587852954865 10 -1 -1 
413 367 20 37 0.14545248448848724 1 -1 -1 
1166 19 81 41 0.1449555903673172 4 -1 -1 
1120 114 25 33 0.14371143281459808 2 -1 -1 
1320 82 38 28 0.1418503224849701 1 -1 -1 
1200 173 90 33 0.14126311242580414 5 -1 -1 
1171 18 80 38 0.13862837851047516 6 -1 -1 
575 203 33 28 0.13758835196495056 3 -1 -1 
1204 83 83 29 0.1363839954137802 4 -1 -1 
1208 196 95 39 0.13436634838581085 5 -1 -1 
270 321 20 41 0.1342007964849472 1 -1 -1 
817 214 49 71 0.1341383457183838 6 -1 -1 
446 263 32 41 0.13399237394332886 4 -1 -1 
345 302 25 34 0.13317370414733887 4 -1 -1 
271 313 21 37 0.1320369988679886 10 -1 -1 
301 380 24 33 0.13131925463676453 2 -1 -1 
238 405 60 69 0.13119395077228546 3 -1 -1 
510 474 121 162 0.13105417788028717 10 -1 -1 
1217 90 81 35 0.13102678954601288 5 -1 -1 
468 269 24 47 0.13094089925289154 1 -1 -1 
359 388 24 32 0.13080769777297974 1 -1 -1 
713 18 75 39 0.13015200197696686 4 -1 -1 
1120 114 25 33 0.12937939167022705 10 -1 -1 
1120 114 25 33 0.12860307097434998 3 -1 -1 
48 432 136 98 0.11189446598291397 6 -1 -1 
47 432 134 98 0.10466045141220093 4 -1 -1 
47 432 134 98 0.10118000209331512 7 -1 -1 
2 422 149 102 0.08843719214200974 8 -1 -1 
57 424 148 80 0.0854804590344429 8 -1 -1 
87 401 142 82 0.08330143243074417 6 -1 -1 
198 362 113 104 0.06941553205251694 6 -1 -1 
57 424 148 80 0.06440513581037521 4 -1 -1 
47 431 136 98 0.05962303280830383 9 -1 -1 
87 400 143 82 0.055645037442445755 8 -1 -1 
57 424 148 80 0.05194143205881119 6 -1 -1 
