876 613 77 67 0.984079897403717 5 -1 -1 
301 594 88 56 0.9541425108909607 4 -1 -1 
1094 106 53 93 0.9509865045547485 6 -1 -1 
399 606 66 83 0.9488557577133179 4 -1 -1 
960 569 63 91 0.9438623785972595 4 -1 -1 
79 523 88 49 0.941358745098114 4 -1 -1 
304 684 90 57 0.9406763315200806 4 -1 -1 
1101 541 46 89 0.9373963475227356 4 -1 -1 
110 694 85 52 0.9307560920715332 4 -1 -1 
1128 405 42 83 0.9276523590087891 4 -1 -1 
202 560 89 50 0.9275587797164917 4 -1 -1 
537 669 88 64 0.9111185073852539 4 -1 -1 
635 700 90 59 0.9088390469551086 4 -1 -1 
1179 258 42 72 0.8871369361877441 4 -1 -1 
409 551 15 13 0.7836695909500122 1 -1 -1 
1104 672 94 48 0.7403257489204407 4 -1 -1 
313 478 25 29 0.724871814250946 7 -1 -1 
944 459 69 72 0.7195882201194763 4 -1 -1 
956 409 81 80 0.696081817150116 4 -1 -1 
1175 468 16 15 0.6931105256080627 1 -1 -1 
126 436 19 13 0.6171581745147705 1 -1 -1 
69 456 18 25 0.6130796074867249 1 -1 -1 
61 594 18 16 0.6095563173294067 2 -1 -1 
382 499 12 13 0.6090551614761353 1 -1 -1 
117 471 36 37 0.600945234298706 10 -1 -1 
57 594 37 18 0.5896366238594055 10 -1 -1 
801 590 9 20 0.5896287560462952 1 -1 -1 
505 650 29 14 0.5753637552261353 10 -1 -1 
1225 258 30 64 0.5720507502555847 7 -1 -1 
0 311 27 20 0.5557965636253357 10 -1 -1 
1016 227 66 52 0.5543452501296997 4 -1 -1 
1186 367 43 79 0.5370924472808838 4 -1 -1 
587 506 12 14 0.5365070104598999 1 -1 -1 
1178 0 38 27 0.5360607504844666 4 -1 -1 
139 499 21 15 0.5224336981773376 1 -1 -1 
353 465 11 16 0.5218742489814758 1 -1 -1 
412 545 11 9 0.520891547203064 1 -1 -1 
102 401 12 17 0.49121710658073425 2 -1 -1 
586 506 13 14 0.48125511407852173 2 -1 -1 
737 548 9 14 0.47942546010017395 1 -1 -1 
101 459 21 29 0.4620499908924103 10 -1 -1 
1128 726 73 38 0.460601806640625 4 -1 -1 
583 608 25 14 0.44903990626335144 10 -1 -1 
7 329 23 31 0.4424388110637665 10 -1 -1 
756 613 18 22 0.43304160237312317 1 -1 -1 
1094 106 53 92 0.42711693048477173 5 -1 -1 
793 744 65 20 0.4225301742553711 4 -1 -1 
1187 367 46 79 0.4200320541858673 5 -1 -1 
0 498 24 49 0.40432316064834595 4 -1 -1 
70 455 17 26 0.3981071412563324 10 -1 -1 
675 254 13 18 0.37902092933654785 2 -1 -1 
100 406 20 18 0.378589004278183 10 -1 -1 
486 613 20 23 0.3676818907260895 10 -1 -1 
108 396 23 19 0.36489686369895935 10 -1 -1 
9 330 21 28 0.3620423376560211 3 -1 -1 
974 429 63 60 0.35639089345932007 4 -1 -1 
108 462 22 29 0.34564587473869324 10 -1 -1 
63 595 22 16 0.343767911195755 2 -1 -1 
318 447 12 12 0.33472543954849243 2 -1 -1 
436 422 14 14 0.3325027823448181 2 -1 -1 
519 596 52 40 0.33209383487701416 10 -1 -1 
1221 102 15 17 0.3242143988609314 2 -1 -1 
1225 259 30 63 0.32373544573783875 8 -1 -1 
675 254 12 18 0.3232462704181671 1 -1 -1 
396 498 26 28 0.320875346660614 8 -1 -1 
353 465 11 15 0.3187052011489868 2 -1 -1 
1103 672 94 48 0.31287136673927307 5 -1 -1 
104 460 18 24 0.3093903064727783 1 -1 -1 
313 478 25 29 0.3071669638156891 8 -1 -1 
105 460 17 23 0.30674847960472107 2 -1 -1 
941 459 72 72 0.30627426505088806 5 -1 -1 
113 463 26 30 0.30514684319496155 10 -1 -1 
796 580 10 23 0.30255305767059326 1 -1 -1 
126 476 30 33 0.30154263973236084 10 -1 -1 
799 583 10 25 0.30110689997673035 1 -1 -1 
107 398 21 16 0.2979433536529541 2 -1 -1 
117 463 33 34 0.29708194732666016 10 -1 -1 
143 503 17 12 0.2969011664390564 1 -1 -1 
71 455 16 24 0.2940141260623932 2 -1 -1 
485 619 21 21 0.2934240400791168 10 -1 -1 
104 399 14 15 0.2933555543422699 2 -1 -1 
1175 467 17 16 0.29113537073135376 2 -1 -1 
1226 107 14 18 0.28716179728507996 2 -1 -1 
99 405 27 23 0.28630203008651733 10 -1 -1 
101 405 16 17 0.285930335521698 2 -1 -1 
523 589 20 28 0.28495702147483826 2 -1 -1 
409 547 14 12 0.2846764624118805 1 -1 -1 
62 596 31 16 0.28118425607681274 3 -1 -1 
521 591 29 38 0.2790183126926422 10 -1 -1 
8 330 21 28 0.27478474378585815 1 -1 -1 
396 498 26 28 0.2727111876010895 7 -1 -1 
1204 88 11 13 0.27265456318855286 2 -1 -1 
756 619 14 17 0.269950807094574 1 -1 -1 
318 447 13 13 0.26954588294029236 1 -1 -1 
101 404 15 17 0.2659030258655548 10 -1 -1 
108 459 14 16 0.2647578716278076 2 -1 -1 
63 595 22 16 0.2637472152709961 10 -1 -1 
100 407 24 20 0.26352980732917786 3 -1 -1 
314 457 11 15 0.26283136010169983 1 -1 -1 
1214 92 17 15 0.2621738314628601 2 -1 -1 
1012 394 28 38 0.25767865777015686 1 -1 -1 
56 592 20 16 0.2549358010292053 2 -1 -1 
1093 106 54 93 0.252198189496994 8 -1 -1 
543 476 10 9 0.24685543775558472 1 -1 -1 
1226 260 29 63 0.246305912733078 10 -1 -1 
756 613 19 22 0.24544821679592133 10 -1 -1 
876 613 77 67 0.24294956028461456 10 -1 -1 
101 401 13 17 0.2409735471010208 1 -1 -1 
108 398 22 17 0.23915722966194153 1 -1 -1 
964 416 73 73 0.23856137692928314 5 -1 -1 
808 500 21 38 0.23693479597568512 1 -1 -1 
381 422 19 15 0.23621119558811188 2 -1 -1 
69 456 18 25 0.23618267476558685 3 -1 -1 
1218 95 15 14 0.23613710701465607 2 -1 -1 
1205 90 14 14 0.23459668457508087 2 -1 -1 
1222 101 17 25 0.2340887039899826 2 -1 -1 
516 599 37 34 0.23356114327907562 10 -1 -1 
1205 87 19 13 0.23332451283931732 2 -1 -1 
432 477 23 18 0.23089735209941864 10 -1 -1 
436 422 14 15 0.23022204637527466 1 -1 -1 
1207 93 21 13 0.2284316122531891 2 -1 -1 
876 613 76 66 0.22842589020729065 8 -1 -1 
1220 99 13 17 0.22772955894470215 2 -1 -1 
507 650 27 14 0.22697550058364868 2 -1 -1 
522 589 21 29 0.22514139115810394 1 -1 -1 
522 589 21 30 0.22510959208011627 10 -1 -1 
416 459 34 23 0.2246459275484085 8 -1 -1 
319 480 7 11 0.22457924485206604 2 -1 -1 
105 385 26 31 0.22421011328697205 10 -1 -1 
109 387 21 17 0.22396355867385864 2 -1 -1 
115 391 13 17 0.22367188334465027 2 -1 -1 
8 424 43 36 0.22336412966251373 10 -1 -1 
-1 498 25 49 0.22307650744915009 5 -1 -1 
875 613 78 67 0.22247229516506195 6 -1 -1 
103 465 17 20 0.2217436581850052 2 -1 -1 
382 499 11 13 0.22127509117126465 2 -1 -1 
314 457 11 14 0.22123898565769196 2 -1 -1 
31 437 20 24 0.21929654479026794 3 -1 -1 
954 374 84 58 0.2179202437400818 4 -1 -1 
105 462 18 23 0.2178698480129242 10 -1 -1 
746 457 8 15 0.21710947155952454 1 -1 -1 
794 744 65 20 0.21678011119365692 10 -1 -1 
1221 102 15 17 0.21596971154212952 1 -1 -1 
62 590 21 19 0.21568341553211212 2 -1 -1 
385 427 16 11 0.21529372036457062 2 -1 -1 
381 422 13 13 0.21352320909500122 2 -1 -1 
101 396 28 26 0.21303382515907288 10 -1 -1 
807 564 10 24 0.21144676208496094 1 -1 -1 
1022 396 21 37 0.211382195353508 1 -1 -1 
23 432 29 28 0.21127372980117798 10 -1 -1 
1219 104 12 17 0.21059507131576538 2 -1 -1 
60 593 20 17 0.20891395211219788 1 -1 -1 
1205 88 12 12 0.2080846130847931 1 -1 -1 
1204 86 22 12 0.20760086178779602 1 -1 -1 
106 386 24 17 0.20672081410884857 1 -1 -1 
798 571 15 39 0.205145001411438 1 -1 -1 
1211 93 20 14 0.2049720287322998 1 -1 -1 
1206 89 24 14 0.2041269838809967 2 -1 -1 
1187 41 26 22 0.19923362135887146 10 -1 -1 
586 490 8 12 0.19869373738765717 1 -1 -1 
1148 504 11 24 0.19709329307079315 10 -1 -1 
53 590 33 20 0.19707509875297546 10 -1 -1 
12 329 17 23 0.19640442728996277 10 -1 -1 
1204 86 15 11 0.1948123723268509 2 -1 -1 
674 253 10 17 0.1936933696269989 1 -1 -1 
61 598 31 14 0.19330938160419464 2 -1 -1 
1220 91 12 15 0.1927984654903412 1 -1 -1 
430 462 15 17 0.18948912620544434 2 -1 -1 
1205 89 22 13 0.18898217380046844 1 -1 -1 
1189 34 35 27 0.18857771158218384 10 -1 -1 
1315 222 16 17 0.18750683963298798 1 -1 -1 
72 454 14 17 0.18691189587116241 2 -1 -1 
770 456 55 29 0.18652471899986267 6 -1 -1 
1218 95 15 14 0.18626712262630463 1 -1 -1 
1224 254 31 68 0.1851940155029297 6 -1 -1 
991 383 48 48 0.1843244880437851 4 -1 -1 
105 400 16 20 0.18388698995113373 2 -1 -1 
112 392 18 21 0.18386715650558472 1 -1 -1 
381 495 11 15 0.1835552304983139 1 -1 -1 
104 459 17 21 0.18243306875228882 10 -1 -1 
674 218 14 16 0.18230725824832916 1 -1 -1 
1225 252 30 70 0.17782588303089142 4 -1 -1 
536 669 89 63 0.17249420285224915 5 -1 -1 
875 613 78 67 0.17129504680633545 9 -1 -1 
927 396 108 97 0.16774150729179382 4 -1 -1 
876 613 77 66 0.1672966033220291 4 -1 -1 
1205 110 33 23 0.16686835885047913 10 -1 -1 
416 459 35 23 0.16336780786514282 7 -1 -1 
1208 104 33 25 0.16320914030075073 10 -1 -1 
1331 225 27 80 0.16155435144901276 4 -1 -1 
0 314 28 27 0.1607937216758728 10 -1 -1 
792 578 19 32 0.15435944497585297 1 -1 -1 
876 613 77 67 0.15226943790912628 7 -1 -1 
1190 32 66 40 0.15006667375564575 4 -1 -1 
931 393 107 96 0.14864683151245117 6 -1 -1 
931 393 106 96 0.14808697998523712 5 -1 -1 
876 613 76 66 0.14722730219364166 2 -1 -1 
912 422 106 108 0.14691221714019775 4 -1 -1 
1128 726 73 38 0.1443779319524765 5 -1 -1 
636 700 89 59 0.14305107295513153 5 -1 -1 
55 592 36 20 0.14134132862091064 2 -1 -1 
56 594 37 18 0.14122799038887024 1 -1 -1 
960 569 63 91 0.1403215080499649 9 -1 -1 
300 595 89 55 0.1354077011346817 9 -1 -1 
399 606 66 83 0.13466432690620422 9 -1 -1 
428 469 27 26 0.134596586227417 10 -1 -1 
1094 106 53 93 0.1328504979610443 4 -1 -1 
134 478 26 34 0.13229377567768097 10 -1 -1 
203 560 88 50 0.1296798586845398 6 -1 -1 
577 607 31 20 0.12679211795330048 10 -1 -1 
1094 106 53 93 0.12507793307304382 9 -1 -1 
1179 258 42 72 0.12440317869186401 5 -1 -1 
930 335 110 101 0.12308356910943985 6 -1 -1 
103 465 38 40 0.12131862342357635 10 -1 -1 
1128 405 42 83 0.11994319409132004 10 -1 -1 
914 424 107 100 0.11838767677545547 6 -1 -1 
106 385 25 31 0.11823532730340958 1 -1 -1 
203 560 87 50 0.11714895069599152 5 -1 -1 
960 569 63 91 0.11673649400472641 5 -1 -1 
313 477 25 30 0.11448768526315689 6 -1 -1 
301 594 88 56 0.11340276896953583 1 -1 -1 
110 695 85 50 0.1132567822933197 5 -1 -1 
104 388 27 28 0.11199238896369934 3 -1 -1 
110 695 85 50 0.11169246584177017 6 -1 -1 
304 684 90 57 0.1112222746014595 9 -1 -1 
396 497 27 29 0.11112740635871887 6 -1 -1 
396 499 25 28 0.1085599809885025 10 -1 -1 
79 523 88 50 0.10788613557815552 6 -1 -1 
1101 542 46 87 0.10768464207649231 9 -1 -1 
79 523 88 49 0.1053641065955162 9 -1 -1 
136 474 20 31 0.10529816895723343 10 -1 -1 
424 464 27 29 0.10402815043926239 10 -1 -1 
1101 542 46 88 0.10253405570983887 10 -1 -1 
1204 87 32 18 0.10245218873023987 10 -1 -1 
1190 32 66 40 0.10060062259435654 5 -1 -1 
1226 252 31 70 0.10043232142925262 5 -1 -1 
754 610 23 26 0.09985049813985825 3 -1 -1 
1094 106 53 93 0.09963627904653549 2 -1 -1 
578 607 30 20 0.09929448366165161 1 -1 -1 
304 684 91 57 0.09922724962234497 5 -1 -1 
914 424 107 100 0.09814982861280441 5 -1 -1 
301 594 88 56 0.09658876806497574 5 -1 -1 
1128 405 42 83 0.0950554758310318 9 -1 -1 
398 606 66 84 0.09499453008174896 1 -1 -1 
313 478 25 29 0.09455995261669159 10 -1 -1 
505 648 37 19 0.09437277168035507 10 -1 -1 
517 591 57 47 0.09318360686302185 7 -1 -1 
106 385 25 31 0.09275420755147934 2 -1 -1 
399 606 66 83 0.09204202890396118 10 -1 -1 
1100 542 46 87 0.09194663166999817 5 -1 -1 
79 523 89 50 0.0916401743888855 5 -1 -1 
1205 90 33 23 0.09121634811162949 10 -1 -1 
398 606 66 84 0.09069853276014328 5 -1 -1 
415 464 34 25 0.09025801718235016 7 -1 -1 
960 569 63 91 0.09000910073518753 6 -1 -1 
79 523 88 50 0.08983976393938065 7 -1 -1 
110 695 85 50 0.08913205564022064 9 -1 -1 
507 585 59 53 0.08904904872179031 10 -1 -1 
1101 542 46 88 0.08893149346113205 1 -1 -1 
49 590 34 21 0.08891220390796661 2 -1 -1 
57 595 37 17 0.08839564025402069 4 -1 -1 
53 591 36 21 0.08823622018098831 3 -1 -1 
301 594 88 56 0.08805539458990097 7 -1 -1 
313 478 25 29 0.08764549344778061 3 -1 -1 
301 594 88 56 0.08722031116485596 10 -1 -1 
399 606 66 83 0.08659376204013824 7 -1 -1 
399 606 66 83 0.0865839347243309 6 -1 -1 
313 478 24 29 0.08645857125520706 2 -1 -1 
101 457 23 29 0.08626344054937363 2 -1 -1 
129 466 27 34 0.08585111796855927 10 -1 -1 
1128 405 42 83 0.08579885214567184 5 -1 -1 
5 316 26 32 0.08562718331813812 10 -1 -1 
867 331 169 115 0.08535213768482208 6 -1 -1 
536 670 89 63 0.08484559506177902 9 -1 -1 
1219 99 25 28 0.08466657251119614 10 -1 -1 
304 684 91 56 0.08466336876153946 1 -1 -1 
101 459 21 29 0.08323099464178085 3 -1 -1 
960 569 63 91 0.08200343698263168 10 -1 -1 
960 569 63 91 0.08102606981992722 1 -1 -1 
108 460 48 51 0.0632893517613411 10 -1 -1 
