1066 715 51 84 0.9768977165222168 3 -1 -1 
1182 733 42 94 0.9488272070884705 3 -1 -1 
444 768 243 198 0.8660438656806946 4 -1 -1 
804 594 103 51 0.844156801700592 4 -1 -1 
661 613 29 46 0.8441524505615234 3 -1 -1 
400 702 43 76 0.8391774296760559 3 -1 -1 
795 765 202 189 0.829395592212677 4 -1 -1 
394 632 224 87 0.8130970001220703 4 -1 -1 
682 637 258 83 0.7951733469963074 4 -1 -1 
711 564 14 42 0.7893750071525574 1 -1 -1 
1061 634 38 88 0.7696673274040222 1 -1 -1 
854 962 334 118 0.7073654532432556 5 -1 -1 
841 549 30 33 0.7030397057533264 5 -1 -1 
640 591 25 56 0.6806449294090271 1 -1 -1 
637 609 21 38 0.6696764826774597 3 -1 -1 
1177 694 48 104 0.6628940105438232 2 -1 -1 
792 545 45 29 0.6586734652519226 4 -1 -1 
1072 674 40 90 0.6564799547195435 2 -1 -1 
320 960 382 117 0.6553663611412048 4 -1 -1 
931 605 24 59 0.6537215113639832 1 -1 -1 
1081 592 20 72 0.6200042366981506 1 -1 -1 
748 543 10 21 0.6180644631385803 2 -1 -1 
988 683 43 77 0.6144315004348755 10 -1 -1 
766 556 46 43 0.6124911904335022 5 -1 -1 
357 696 83 67 0.6113115549087524 3 -1 -1 
1115 634 205 87 0.6023128032684326 4 -1 -1 
766 557 44 42 0.5948729515075684 4 -1 -1 
661 600 28 56 0.5917572975158691 2 -1 -1 
1025 646 22 42 0.5886600613594055 10 -1 -1 
989 662 42 84 0.5842673778533936 2 -1 -1 
748 551 10 20 0.5782299637794495 10 -1 -1 
510 608 19 46 0.5771307349205017 1 -1 -1 
785 525 17 15 0.5674654245376587 4 -1 -1 
937 646 40 89 0.5660367012023926 2 -1 -1 
608 590 22 54 0.5657114386558533 10 -1 -1 
559 584 19 40 0.564450740814209 10 -1 -1 
963 603 24 60 0.5545457601547241 1 -1 -1 
475 604 19 54 0.5533328652381897 1 -1 -1 
658 582 33 27 0.5474966764450073 3 -1 -1 
1016 617 28 56 0.5355873703956604 2 -1 -1 
1230 901 47 69 0.5220077633857727 1 -1 -1 
1254 777 55 168 0.5198864936828613 1 -1 -1 
848 558 64 51 0.5167844891548157 6 -1 -1 
853 564 75 55 0.5144681334495544 6 -1 -1 
589 608 24 45 0.5130133032798767 1 -1 -1 
766 525 21 17 0.5056765675544739 4 -1 -1 
985 638 26 64 0.5010788440704346 1 -1 -1 
938 681 34 62 0.49511274695396423 3 -1 -1 
821 544 34 27 0.49414804577827454 4 -1 -1 
767 546 15 23 0.49385738372802734 10 -1 -1 
1021 630 26 50 0.49214911460876465 2 -1 -1 
875 571 55 52 0.4911292791366577 5 -1 -1 
852 560 67 50 0.4908328354358673 5 -1 -1 
964 621 23 43 0.4889485239982605 3 -1 -1 
910 615 23 50 0.4734500050544739 1 -1 -1 
678 560 42 38 0.47310298681259155 4 -1 -1 
639 592 26 55 0.4729280173778534 2 -1 -1 
703 552 27 26 0.47204267978668213 4 -1 -1 
963 604 24 56 0.4578712582588196 2 -1 -1 
819 571 19 32 0.45511239767074585 2 -1 -1 
938 645 40 89 0.45309436321258545 1 -1 -1 
762 528 22 16 0.44642913341522217 4 -1 -1 
771 512 18 15 0.44608253240585327 4 -1 -1 
650 614 31 45 0.44282960891723633 3 -1 -1 
1137 609 141 68 0.43475499749183655 4 -1 -1 
873 572 58 52 0.43447884917259216 6 -1 -1 
819 574 20 33 0.43363362550735474 10 -1 -1 
770 521 17 13 0.4290771782398224 4 -1 -1 
771 522 26 19 0.42693227529525757 4 -1 -1 
772 524 16 16 0.42538490891456604 4 -1 -1 
660 597 29 61 0.4253438711166382 1 -1 -1 
769 542 18 24 0.4250117838382721 10 -1 -1 
723 531 22 17 0.42058059573173523 4 -1 -1 
661 620 20 40 0.4202137589454651 3 -1 -1 
727 570 11 22 0.418686181306839 10 -1 -1 
838 955 349 124 0.4095146954059601 4 -1 -1 
771 540 15 20 0.4079543650150299 2 -1 -1 
985 625 25 52 0.4044593870639801 1 -1 -1 
726 558 12 21 0.4039284288883209 2 -1 -1 
1077 583 19 63 0.4015115797519684 1 -1 -1 
825 541 27 21 0.3997892737388611 4 -1 -1 
773 510 19 13 0.39512208104133606 4 -1 -1 
638 593 26 54 0.39489713311195374 3 -1 -1 
779 523 21 15 0.39474642276763916 4 -1 -1 
987 712 41 49 0.38821151852607727 10 -1 -1 
1062 634 36 81 0.38802218437194824 2 -1 -1 
710 545 31 24 0.3865100145339966 4 -1 -1 
471 604 23 52 0.38553792238235474 2 -1 -1 
769 516 18 15 0.3849332332611084 4 -1 -1 
793 545 33 23 0.384857714176178 4 -1 -1 
1063 637 36 87 0.3825898766517639 3 -1 -1 
1072 674 42 94 0.3818286657333374 1 -1 -1 
1071 587 31 81 0.3806205093860626 1 -1 -1 
936 671 40 72 0.3787282407283783 10 -1 -1 
590 608 22 41 0.37851259112358093 2 -1 -1 
676 560 44 38 0.37712720036506653 8 -1 -1 
775 540 10 17 0.37104371190071106 2 -1 -1 
1020 618 25 58 0.37101849913597107 1 -1 -1 
982 644 30 63 0.3706612288951874 3 -1 -1 
463 604 30 53 0.3683244287967682 1 -1 -1 
1069 672 46 108 0.36680737137794495 3 -1 -1 
452 628 21 36 0.36505481600761414 1 -1 -1 
724 559 12 24 0.36496779322624207 2 -1 -1 
357 690 65 58 0.36224621534347534 3 -1 -1 
717 539 22 11 0.34996268153190613 4 -1 -1 
820 575 19 28 0.34992432594299316 7 -1 -1 
478 621 147 60 0.3494472801685333 4 -1 -1 
1177 694 49 107 0.3484910726547241 1 -1 -1 
850 557 54 43 0.34723034501075745 5 -1 -1 
726 567 11 23 0.3452238440513611 2 -1 -1 
774 541 11 19 0.3429415822029114 10 -1 -1 
1131 618 229 94 0.3428700566291809 4 -1 -1 
609 589 22 36 0.34280407428741455 10 -1 -1 
759 531 13 15 0.3419455289840698 10 -1 -1 
727 559 10 23 0.3416014313697815 1 -1 -1 
705 549 31 24 0.3390147387981415 4 -1 -1 
984 625 26 51 0.3384877145290375 2 -1 -1 
722 535 19 15 0.33809807896614075 4 -1 -1 
1019 643 27 45 0.3367643356323242 3 -1 -1 
765 544 12 21 0.3358641564846039 2 -1 -1 
810 546 36 27 0.3354245722293854 4 -1 -1 
726 565 11 26 0.3338918387889862 1 -1 -1 
934 619 21 52 0.33281275629997253 3 -1 -1 
691 555 36 32 0.3324873447418213 4 -1 -1 
713 544 28 24 0.3318180441856384 8 -1 -1 
851 558 56 45 0.33154967427253723 4 -1 -1 
931 605 24 53 0.3314412832260132 2 -1 -1 
801 543 38 24 0.32945767045021057 4 -1 -1 
727 570 11 22 0.32874995470046997 3 -1 -1 
1491 649 77 41 0.32747480273246765 4 -1 -1 
728 551 13 22 0.3269822597503662 2 -1 -1 
724 547 16 11 0.3256395757198334 4 -1 -1 
725 564 12 26 0.3223636746406555 10 -1 -1 
993 661 34 59 0.3211602568626404 2 -1 -1 
729 553 11 21 0.3202209770679474 1 -1 -1 
788 526 16 17 0.31987062096595764 4 -1 -1 
1024 630 23 50 0.31425023078918457 1 -1 -1 
358 702 57 70 0.31258246302604675 3 -1 -1 
1007 644 34 42 0.31255266070365906 3 -1 -1 
1068 667 38 74 0.3123350441455841 3 -1 -1 
772 535 13 18 0.3122140169143677 2 -1 -1 
1073 609 28 68 0.3097988963127136 1 -1 -1 
824 545 31 25 0.3091370761394501 5 -1 -1 
1255 776 54 115 0.30879661440849304 2 -1 -1 
917 612 20 48 0.30820825695991516 1 -1 -1 
717 564 11 30 0.30726104974746704 1 -1 -1 
902 615 30 61 0.3061133623123169 1 -1 -1 
936 660 42 81 0.30371659994125366 3 -1 -1 
374 709 68 69 0.30287086963653564 3 -1 -1 
451 628 21 35 0.30217087268829346 2 -1 -1 
768 549 21 24 0.3020576536655426 10 -1 -1 
723 559 12 26 0.3018699586391449 1 -1 -1 
334 594 125 55 0.30047866702079773 4 -1 -1 
767 540 14 18 0.2987003028392792 2 -1 -1 
1012 643 33 45 0.29768383502960205 10 -1 -1 
767 542 18 22 0.2967563271522522 2 -1 -1 
638 612 31 38 0.29546919465065 3 -1 -1 
658 581 33 27 0.2949971854686737 10 -1 -1 
1831 1027 75 47 0.2944730520248413 1 -1 -1 
679 560 45 39 0.29152387380599976 6 -1 -1 
967 633 23 35 0.2895531952381134 3 -1 -1 
760 529 21 16 0.28877878189086914 10 -1 -1 
720 542 18 14 0.28713709115982056 4 -1 -1 
840 549 32 32 0.2856155037879944 4 -1 -1 
402 716 35 51 0.285396933555603 3 -1 -1 
724 555 14 22 0.28400808572769165 1 -1 -1 
719 541 22 22 0.28398194909095764 4 -1 -1 
337 590 54 77 0.28216353058815 5 -1 -1 
774 513 23 15 0.2798698842525482 4 -1 -1 
410 511 63 32 0.2783001661300659 4 -1 -1 
822 538 27 20 0.27689728140830994 4 -1 -1 
985 632 26 63 0.2766439914703369 2 -1 -1 
608 593 22 52 0.2764739692211151 3 -1 -1 
767 542 18 22 0.2746075391769409 7 -1 -1 
452 626 30 33 0.2736739218235016 2 -1 -1 
989 662 42 86 0.26410552859306335 1 -1 -1 
874 573 57 52 0.25112485885620117 4 -1 -1 
478 621 147 60 0.25071629881858826 5 -1 -1 
1491 649 76 41 0.25014442205429077 5 -1 -1 
1068 704 48 91 0.24520917236804962 2 -1 -1 
389 684 55 88 0.2450263351202011 3 -1 -1 
398 632 219 87 0.244688019156456 5 -1 -1 
1177 698 48 105 0.2281421273946762 3 -1 -1 
1139 611 229 69 0.22778572142124176 4 -1 -1 
318 591 62 75 0.22669580578804016 5 -1 -1 
322 961 379 116 0.22488443553447723 5 -1 -1 
793 764 203 192 0.2233385443687439 5 -1 -1 
402 721 54 58 0.22104480862617493 3 -1 -1 
330 959 324 121 0.2210095375776291 7 -1 -1 
192 595 66 152 0.2196449488401413 4 -1 -1 
848 563 74 56 0.2179078608751297 4 -1 -1 
684 637 262 83 0.21210721135139465 5 -1 -1 
1255 778 53 103 0.20970261096954346 1 -1 -1 
471 511 73 37 0.20898696780204773 4 -1 -1 
210 692 83 46 0.20805253088474274 4 -1 -1 
330 959 324 121 0.20779117941856384 8 -1 -1 
338 590 71 75 0.2037072628736496 4 -1 -1 
854 961 337 118 0.20249652862548828 6 -1 -1 
325 589 139 74 0.20159971714019775 5 -1 -1 
804 594 103 51 0.2007332295179367 5 -1 -1 
1230 901 47 69 0.19503335654735565 2 -1 -1 
1181 717 48 97 0.19318948686122894 2 -1 -1 
1120 632 228 89 0.18781070411205292 5 -1 -1 
986 637 38 84 0.18702450394630432 1 -1 -1 
323 591 85 69 0.1817418932914734 5 -1 -1 
1068 659 40 81 0.1794678419828415 1 -1 -1 
335 605 126 64 0.17848441004753113 4 -1 -1 
984 627 42 66 0.1764788031578064 1 -1 -1 
1057 594 44 79 0.17157602310180664 1 -1 -1 
868 960 320 120 0.16997483372688293 8 -1 -1 
398 509 78 44 0.16837747395038605 4 -1 -1 
987 686 44 75 0.16607972979545593 2 -1 -1 
485 610 76 61 0.1646798551082611 1 -1 -1 
842 569 70 56 0.1611451804637909 6 -1 -1 
686 656 174 63 0.1606135070323944 4 -1 -1 
1254 835 46 131 0.15893524885177612 1 -1 -1 
334 629 123 46 0.15870115160942078 4 -1 -1 
231 587 150 99 0.1580413579940796 6 -1 -1 
910 614 31 64 0.15675970911979675 1 -1 -1 
1248 892 44 77 0.1545136719942093 1 -1 -1 
202 677 85 50 0.15397807955741882 4 -1 -1 
271 590 109 79 0.15208947658538818 5 -1 -1 
326 589 140 76 0.15080901980400085 8 -1 -1 
918 609 35 65 0.15080691874027252 1 -1 -1 
706 537 35 19 0.1507362723350525 4 -1 -1 
1077 672 41 70 0.1497274935245514 2 -1 -1 
1133 610 164 66 0.14443866908550262 5 -1 -1 
503 609 39 62 0.14379055798053741 1 -1 -1 
1067 713 50 85 0.14302486181259155 4 -1 -1 
400 701 43 76 0.14149358868598938 2 -1 -1 
357 696 83 67 0.13992199301719666 7 -1 -1 
271 590 109 79 0.13801467418670654 4 -1 -1 
1177 717 48 104 0.1375744640827179 10 -1 -1 
643 588 41 66 0.13721829652786255 1 -1 -1 
357 696 68 62 0.13696174323558807 2 -1 -1 
179 688 97 51 0.1367536038160324 4 -1 -1 
1252 796 53 159 0.13595110177993774 3 -1 -1 
425 614 198 80 0.13509872555732727 4 -1 -1 
1171 719 46 90 0.1350063979625702 3 -1 -1 
1234 809 79 167 0.13452668488025665 1 -1 -1 
322 961 379 116 0.1338643878698349 6 -1 -1 
1143 615 262 101 0.13255473971366882 9 -1 -1 
322 964 373 112 0.132351815700531 1 -1 -1 
322 964 373 112 0.13200414180755615 10 -1 -1 
986 637 38 84 0.13140560686588287 2 -1 -1 
354 495 103 54 0.13074912130832672 4 -1 -1 
420 797 276 223 0.13053342700004578 4 -1 -1 
938 644 40 90 0.13040633499622345 10 -1 -1 
350 497 61 59 0.13015025854110718 4 -1 -1 
411 510 94 41 0.12964895367622375 4 -1 -1 
643 588 41 66 0.1275440901517868 2 -1 -1 
1817 1030 65 48 0.1273159682750702 1 -1 -1 
349 496 69 59 0.12718582153320312 5 -1 -1 
318 591 62 75 0.12708058953285217 4 -1 -1 
338 588 87 68 0.12683700025081635 6 -1 -1 
371 502 104 43 0.1259540319442749 4 -1 -1 
448 605 48 65 0.12592165172100067 10 -1 -1 
645 598 46 62 0.12589497864246368 3 -1 -1 
1491 648 93 49 0.12574626505374908 9 -1 -1 
212 661 77 54 0.1253836452960968 4 -1 -1 
220 598 53 62 0.1248791515827179 4 -1 -1 
1136 612 251 78 0.12442567944526672 5 -1 -1 
1068 659 40 81 0.12413489073514938 2 -1 -1 
827 579 84 49 0.12318902462720871 4 -1 -1 
190 617 76 76 0.12316704541444778 4 -1 -1 
523 622 101 74 0.12271900475025177 4 -1 -1 
1830 1028 75 47 0.12163187563419342 2 -1 -1 
1068 712 49 86 0.12161169201135635 7 -1 -1 
340 708 72 75 0.12106388807296753 3 -1 -1 
961 606 42 66 0.11955330520868301 1 -1 -1 
454 604 42 64 0.11911702901124954 1 -1 -1 
1246 772 63 183 0.11910787969827652 2 -1 -1 
328 645 125 53 0.1188322901725769 4 -1 -1 
189 642 78 63 0.11873633414506912 4 -1 -1 
357 669 56 67 0.11847647279500961 3 -1 -1 
387 850 308 208 0.11835873126983643 4 -1 -1 
373 692 67 82 0.11501448601484299 2 -1 -1 
225 587 155 96 0.11270985007286072 9 -1 -1 
201 589 103 155 0.11213766783475876 4 -1 -1 
322 961 379 116 0.1104920506477356 9 -1 -1 
192 595 66 152 0.10938576608896255 5 -1 -1 
335 552 137 110 0.10815602540969849 8 -1 -1 
215 581 163 123 0.10502922534942627 4 -1 -1 
682 637 261 83 0.10465721040964127 1 -1 -1 
322 961 379 116 0.10029260814189911 3 -1 -1 
325 589 139 75 0.09997572749853134 6 -1 -1 
231 587 150 99 0.09896188974380493 5 -1 -1 
322 964 373 112 0.09378115832805634 2 -1 -1 
331 526 117 137 0.09282748401165009 6 -1 -1 
276 518 118 153 0.09198132157325745 6 -1 -1 
452 602 172 71 0.09033992141485214 4 -1 -1 
237 583 110 138 0.08930636197328568 6 -1 -1 
335 503 97 152 0.08867108821868896 8 -1 -1 
245 616 148 111 0.08766146004199982 4 -1 -1 
443 769 240 197 0.08685488253831863 1 -1 -1 
335 583 136 85 0.08683396875858307 7 -1 -1 
324 511 103 148 0.08671611547470093 5 -1 -1 
354 622 221 88 0.08431734889745712 4 -1 -1 
329 679 120 100 0.0842093750834465 3 -1 -1 
441 769 241 197 0.08294031023979187 5 -1 -1 
333 500 78 145 0.08265002816915512 6 -1 -1 
245 555 137 118 0.08085466921329498 8 -1 -1 
783 628 180 85 0.08035583049058914 4 -1 -1 
329 595 209 82 0.07911806553602219 7 -1 -1 
325 589 168 78 0.07446525245904922 4 -1 -1 
425 614 198 80 0.07389341294765472 5 -1 -1 
463 603 163 73 0.07353442162275314 9 -1 -1 
334 611 224 84 0.07280293107032776 8 -1 -1 
398 632 219 87 0.0721590593457222 1 -1 -1 
337 498 97 141 0.07182392477989197 4 -1 -1 
276 518 118 153 0.0708782896399498 8 -1 -1 
354 503 136 99 0.06990981847047806 4 -1 -1 
208 618 131 145 0.069619320333004 4 -1 -1 
261 578 100 121 0.06952117383480072 6 -1 -1 
820 919 358 145 0.06941627711057663 5 -1 -1 
281 625 148 103 0.06912093609571457 4 -1 -1 
325 589 139 75 0.06886931508779526 9 -1 -1 
334 611 224 84 0.06837970018386841 6 -1 -1 
187 592 70 157 0.06799722462892532 6 -1 -1 
236 611 152 129 0.06775742024183273 6 -1 -1 
282 578 112 110 0.0676681250333786 6 -1 -1 
225 588 133 152 0.06761039048433304 7 -1 -1 
334 560 119 103 0.0673678070306778 4 -1 -1 
170 552 88 187 0.06668887287378311 4 -1 -1 
346 618 279 135 0.0657162219285965 4 -1 -1 
294 661 148 110 0.06455577164888382 3 -1 -1 
452 602 172 71 0.064143605530262 5 -1 -1 
204 546 125 169 0.06388115137815475 4 -1 -1 
187 592 70 157 0.06343495100736618 9 -1 -1 
206 582 102 151 0.06335625797510147 6 -1 -1 
276 518 118 153 0.0628146082162857 5 -1 -1 
249 643 164 109 0.062495552003383636 4 -1 -1 
336 581 194 87 0.06246882677078247 8 -1 -1 
308 644 136 95 0.062163665890693665 4 -1 -1 
279 593 139 105 0.06203813478350639 4 -1 -1 
201 589 103 155 0.06161685287952423 5 -1 -1 
771 609 166 81 0.06026451289653778 4 -1 -1 
336 497 74 136 0.059829287230968475 5 -1 -1 
340 566 152 92 0.058216530829668045 6 -1 -1 
452 602 172 71 0.057461559772491455 6 -1 -1 
237 583 110 138 0.05711110681295395 8 -1 -1 
243 589 140 107 0.0570945180952549 8 -1 -1 
314 650 129 102 0.055984556674957275 7 -1 -1 
250 567 136 114 0.05593232810497284 4 -1 -1 
212 583 152 156 0.05581812560558319 5 -1 -1 
339 492 124 83 0.05569981783628464 4 -1 -1 
838 956 348 122 0.05565395951271057 1 -1 -1 
604 862 681 218 0.05538501963019371 9 -1 -1 
276 518 118 153 0.055140528827905655 9 -1 -1 
343 498 108 113 0.05512980744242668 6 -1 -1 
236 611 152 129 0.05500512942671776 8 -1 -1 
245 616 148 111 0.05476686730980873 5 -1 -1 
341 506 187 138 0.0547577328979969 4 -1 -1 
224 624 156 129 0.05402767285704613 9 -1 -1 
225 587 155 96 0.053891170769929886 7 -1 -1 
682 637 258 83 0.05387406423687935 10 -1 -1 
331 526 117 137 0.05357007682323456 7 -1 -1 
314 650 129 102 0.05346354842185974 8 -1 -1 
212 583 152 156 0.05345180258154869 9 -1 -1 
354 622 221 88 0.053283363580703735 5 -1 -1 
331 685 116 95 0.053081803023815155 7 -1 -1 
1225 845 99 156 0.052807774394750595 1 -1 -1 
398 631 222 87 0.05265773832798004 6 -1 -1 
444 769 244 197 0.052594736218452454 9 -1 -1 
351 496 161 70 0.052507828921079636 4 -1 -1 
343 498 108 113 0.05235294625163078 5 -1 -1 
335 552 137 110 0.05213651806116104 5 -1 -1 
466 619 160 79 0.051623307168483734 9 -1 -1 
807 885 311 181 0.05159687250852585 4 -1 -1 
255 586 109 121 0.051514483988285065 7 -1 -1 
399 631 219 88 0.05098623037338257 10 -1 -1 
347 603 236 90 0.05051417276263237 7 -1 -1 
360 513 132 122 0.05031539872288704 6 -1 -1 
337 505 141 145 0.05009019002318382 5 -1 -1 
682 637 261 83 0.050068989396095276 6 -1 -1 
