438 124 40 61 0.9903159737586975 6 -1 -1 
1035 246 36 23 0.9872954487800598 3 -1 -1 
414 190 46 47 0.9585250020027161 5 -1 -1 
876 534 117 128 0.9498589634895325 4 -1 -1 
387 260 86 45 0.9386597871780396 4 -1 -1 
1293 270 31 23 0.9367181658744812 3 -1 -1 
992 300 116 49 0.9294269680976868 4 -1 -1 
669 306 55 57 0.9252305030822754 4 -1 -1 
1116 197 83 32 0.8781202435493469 4 -1 -1 
108 633 149 100 0.8682926297187805 4 -1 -1 
31 233 98 47 0.830945611000061 5 -1 -1 
443 441 52 32 0.8308958411216736 10 -1 -1 
1234 254 12 30 0.8124231100082397 1 -1 -1 
1224 251 14 33 0.8099200129508972 1 -1 -1 
952 88 33 23 0.7778042554855347 4 -1 -1 
675 222 43 45 0.7763076424598694 4 -1 -1 
292 405 18 48 0.7590159177780151 1 -1 -1 
711 151 37 28 0.7479276657104492 4 -1 -1 
1276 315 81 46 0.7308159470558167 4 -1 -1 
616 109 26 27 0.7232708930969238 4 -1 -1 
948 160 58 31 0.7222913503646851 4 -1 -1 
922 90 29 19 0.7214469909667969 4 -1 -1 
382 248 13 34 0.7161577939987183 1 -1 -1 
545 20 14 13 0.7080770134925842 4 -1 -1 
334 421 56 32 0.7072415947914124 10 -1 -1 
453 84 24 24 0.7061360478401184 4 -1 -1 
457 430 24 40 0.7030134201049805 2 -1 -1 
1245 193 16 19 0.6991584897041321 10 -1 -1 
1253 218 14 22 0.6955103874206543 3 -1 -1 
556 26 17 17 0.6914114952087402 4 -1 -1 
263 231 13 34 0.6856458187103271 1 -1 -1 
371 244 13 34 0.6842571496963501 1 -1 -1 
1255 211 13 23 0.6824054718017578 2 -1 -1 
224 301 127 49 0.6798220872879028 5 -1 -1 
1014 176 44 30 0.67961585521698 4 -1 -1 
573 6 14 11 0.6756174564361572 4 -1 -1 
903 73 50 20 0.6606796979904175 4 -1 -1 
350 410 23 39 0.6547039747238159 2 -1 -1 
64 195 80 37 0.6494480967521667 4 -1 -1 
894 152 34 27 0.6478421092033386 4 -1 -1 
486 207 10 33 0.643460750579834 1 -1 -1 
1267 193 11 22 0.6407977938652039 10 -1 -1 
837 94 41 20 0.637464165687561 4 -1 -1 
462 11 14 14 0.6269851326942444 4 -1 -1 
1251 154 12 23 0.6065785884857178 1 -1 -1 
185 238 14 21 0.6028968691825867 2 -1 -1 
1086 190 30 24 0.5982583165168762 7 -1 -1 
299 477 15 38 0.5971788167953491 1 -1 -1 
337 414 16 34 0.5860710740089417 2 -1 -1 
1302 257 16 33 0.5784251093864441 2 -1 -1 
1265 162 23 16 0.5755933523178101 3 -1 -1 
295 467 18 45 0.5738305449485779 1 -1 -1 
591 33 16 14 0.5733261108398438 4 -1 -1 
828 118 30 23 0.5700713396072388 4 -1 -1 
225 300 126 50 0.5597328543663025 4 -1 -1 
1050 237 15 32 0.5565590858459473 2 -1 -1 
865 141 28 23 0.5239097476005554 4 -1 -1 
1343 177 11 27 0.520635724067688 1 -1 -1 
1318 131 9 20 0.5163791179656982 1 -1 -1 
1322 215 30 19 0.5128649473190308 10 -1 -1 
1265 161 22 18 0.5078978538513184 10 -1 -1 
648 43 16 16 0.49574312567710876 4 -1 -1 
883 61 42 17 0.4878193140029907 4 -1 -1 
1076 219 11 27 0.47745025157928467 2 -1 -1 
572 49 21 22 0.46826159954071045 6 -1 -1 
376 247 13 34 0.4649372398853302 1 -1 -1 
0 709 168 54 0.4630865454673767 4 -1 -1 
325 437 18 38 0.4616207778453827 2 -1 -1 
1035 250 42 32 0.46147826313972473 3 -1 -1 
546 8 14 13 0.45952415466308594 4 -1 -1 
1257 295 18 34 0.45925113558769226 2 -1 -1 
1295 267 27 25 0.45459723472595215 2 -1 -1 
1064 227 24 20 0.4539737105369568 10 -1 -1 
1338 201 20 15 0.4516531527042389 10 -1 -1 
855 130 24 22 0.4512219727039337 4 -1 -1 
1207 201 11 27 0.4510824978351593 2 -1 -1 
447 434 43 38 0.44992756843566895 2 -1 -1 
298 417 25 34 0.4490939974784851 10 -1 -1 
0 651 101 96 0.44822433590888977 4 -1 -1 
1085 221 8 19 0.44392794370651245 1 -1 -1 
1279 176 10 21 0.4430311918258667 10 -1 -1 
1233 152 9 23 0.4416470229625702 1 -1 -1 
1270 298 27 26 0.4392167627811432 10 -1 -1 
1267 153 19 25 0.437274694442749 3 -1 -1 
1289 202 11 22 0.43494492769241333 10 -1 -1 
1077 219 10 28 0.43482160568237305 1 -1 -1 
1231 191 11 20 0.42797937989234924 10 -1 -1 
1292 197 27 19 0.42782866954803467 10 -1 -1 
1257 298 18 34 0.42607581615448 1 -1 -1 
1281 195 10 19 0.4193516969680786 10 -1 -1 
1275 290 20 30 0.4193005859851837 2 -1 -1 
1253 218 14 22 0.4169808030128479 10 -1 -1 
1042 242 28 26 0.4150673747062683 2 -1 -1 
31 225 97 34 0.41344574093818665 5 -1 -1 
1205 207 13 27 0.40921348333358765 10 -1 -1 
1121 179 16 21 0.4064146876335144 3 -1 -1 
1100 171 25 17 0.40178555250167847 10 -1 -1 
324 425 15 37 0.4015427529811859 1 -1 -1 
1120 183 17 16 0.39693647623062134 10 -1 -1 
32 221 94 35 0.3924459218978882 4 -1 -1 
1081 220 10 25 0.38114508986473083 1 -1 -1 
40 203 96 34 0.38021788001060486 4 -1 -1 
1191 161 17 15 0.3786375820636749 10 -1 -1 
336 421 53 31 0.37826967239379883 7 -1 -1 
1074 218 11 24 0.3739583492279053 2 -1 -1 
1281 195 18 19 0.37186622619628906 10 -1 -1 
327 462 20 39 0.3698919415473938 2 -1 -1 
1238 175 12 14 0.3663700819015503 10 -1 -1 
1206 175 20 20 0.36416205763816833 10 -1 -1 
1211 162 12 29 0.3627796173095703 1 -1 -1 
345 411 18 35 0.36160680651664734 2 -1 -1 
1272 153 13 22 0.3607073128223419 3 -1 -1 
897 142 12 17 0.35850897431373596 2 -1 -1 
896 142 13 18 0.35788437724113464 1 -1 -1 
1221 195 21 17 0.35687369108200073 10 -1 -1 
414 190 46 46 0.3531058728694916 9 -1 -1 
1086 190 30 24 0.3525474965572357 8 -1 -1 
1291 197 28 20 0.35201987624168396 3 -1 -1 
545 10 15 14 0.3519647419452667 5 -1 -1 
573 49 20 21 0.3499273359775543 5 -1 -1 
544 2 11 11 0.3473014533519745 4 -1 -1 
0 651 101 96 0.3470931351184845 5 -1 -1 
1214 198 24 17 0.34605371952056885 10 -1 -1 
1215 200 21 17 0.34079882502555847 3 -1 -1 
347 415 36 36 0.33704739809036255 2 -1 -1 
1064 227 23 20 0.33546724915504456 7 -1 -1 
545 16 15 14 0.33484891057014465 4 -1 -1 
325 425 17 42 0.3343702554702759 2 -1 -1 
867 141 26 23 0.3330461382865906 5 -1 -1 
1191 161 18 15 0.3321073651313782 3 -1 -1 
1191 179 14 19 0.3319917917251587 3 -1 -1 
1008 163 48 29 0.3317475914955139 4 -1 -1 
347 415 36 36 0.32937416434288025 10 -1 -1 
993 182 13 24 0.327506422996521 2 -1 -1 
573 49 20 21 0.32549673318862915 4 -1 -1 
1145 183 9 17 0.3254276216030121 1 -1 -1 
325 443 27 37 0.3248802721500397 2 -1 -1 
1011 137 46 26 0.32476094365119934 4 -1 -1 
1144 173 13 26 0.32457271218299866 3 -1 -1 
1110 173 16 15 0.3239903151988983 10 -1 -1 
1212 162 9 22 0.3236633837223053 2 -1 -1 
829 118 28 22 0.3232201039791107 5 -1 -1 
1207 201 11 27 0.32270026206970215 1 -1 -1 
1251 210 14 23 0.3214212954044342 2 -1 -1 
1191 180 15 19 0.3212013244628906 10 -1 -1 
1050 237 15 32 0.31903907656669617 1 -1 -1 
318 450 37 34 0.3175049424171448 10 -1 -1 
325 456 28 32 0.31665948033332825 2 -1 -1 
544 3 11 9 0.31618010997772217 5 -1 -1 
30 233 100 46 0.31558337807655334 4 -1 -1 
1159 157 11 22 0.3099658787250519 2 -1 -1 
327 464 18 41 0.30911898612976074 1 -1 -1 
325 438 20 39 0.3050137460231781 1 -1 -1 
1206 200 20 34 0.30168822407722473 10 -1 -1 
1275 294 21 30 0.3012106120586395 1 -1 -1 
328 477 21 36 0.30080878734588623 2 -1 -1 
1211 201 25 17 0.30077648162841797 10 -1 -1 
1283 196 17 26 0.3005390167236328 10 -1 -1 
1260 183 8 18 0.2998008728027344 3 -1 -1 
1289 201 11 23 0.29778504371643066 3 -1 -1 
883 61 41 16 0.2976028025150299 5 -1 -1 
1230 253 13 32 0.2968612015247345 1 -1 -1 
1342 171 14 35 0.2877502143383026 1 -1 -1 
0 664 158 101 0.280292809009552 4 -1 -1 
834 84 41 19 0.28013330698013306 4 -1 -1 
438 124 40 60 0.27869194746017456 5 -1 -1 
886 60 57 20 0.2724299430847168 4 -1 -1 
837 94 41 19 0.2643897831439972 5 -1 -1 
1207 199 29 28 0.25581029057502747 10 -1 -1 
1035 246 36 23 0.24741238355636597 4 -1 -1 
859 138 29 25 0.24523389339447021 4 -1 -1 
854 127 27 25 0.24195672571659088 5 -1 -1 
884 60 58 19 0.23476757109165192 5 -1 -1 
108 633 149 100 0.23423731327056885 5 -1 -1 
310 417 79 36 0.23156696557998657 7 -1 -1 
438 124 40 60 0.23138679563999176 4 -1 -1 
1285 194 31 28 0.23107793927192688 10 -1 -1 
1210 194 31 23 0.23048235476016998 10 -1 -1 
1035 246 36 23 0.2247331738471985 7 -1 -1 
854 121 27 29 0.21900761127471924 4 -1 -1 
1035 246 36 23 0.21602709591388702 9 -1 -1 
438 124 40 61 0.20047275722026825 9 -1 -1 
1296 266 27 25 0.1965741515159607 1 -1 -1 
60 196 85 37 0.19214732944965363 5 -1 -1 
703 105 30 23 0.18991337716579437 4 -1 -1 
1321 214 32 20 0.1898748129606247 3 -1 -1 
3 712 162 51 0.1898474395275116 5 -1 -1 
1301 257 19 32 0.18252281844615936 1 -1 -1 
865 141 29 24 0.1805865317583084 6 -1 -1 
880 57 36 15 0.1796015352010727 4 -1 -1 
907 64 38 19 0.17777104675769806 4 -1 -1 
1205 201 19 33 0.17744341492652893 3 -1 -1 
1116 197 82 33 0.17396144568920135 5 -1 -1 
40 211 94 34 0.17373298108577728 4 -1 -1 
1299 259 23 31 0.17062316834926605 3 -1 -1 
983 80 59 44 0.1694052517414093 9 -1 -1 
438 124 40 61 0.16773848235607147 10 -1 -1 
1035 246 36 23 0.16749301552772522 1 -1 -1 
828 118 30 23 0.16613639891147614 6 -1 -1 
40 203 96 34 0.16606846451759338 5 -1 -1 
859 138 29 25 0.16237962245941162 5 -1 -1 
1206 201 24 32 0.16203497350215912 7 -1 -1 
1285 194 31 28 0.16157948970794678 3 -1 -1 
31 225 97 34 0.15731240808963776 6 -1 -1 
1045 261 34 22 0.15557046234607697 3 -1 -1 
1291 185 29 31 0.15329375863075256 10 -1 -1 
834 84 41 19 0.15266910195350647 5 -1 -1 
1326 211 31 22 0.15219920873641968 10 -1 -1 
876 534 117 129 0.1515374630689621 9 -1 -1 
979 77 60 38 0.14942021667957306 6 -1 -1 
30 233 100 46 0.14750824868679047 6 -1 -1 
859 138 29 25 0.14689749479293823 6 -1 -1 
826 87 44 21 0.14662830531597137 4 -1 -1 
1321 164 31 24 0.14588531851768494 10 -1 -1 
854 129 26 24 0.1446382701396942 6 -1 -1 
319 432 67 39 0.14452147483825684 7 -1 -1 
2 650 102 103 0.13995465636253357 8 -1 -1 
1103 171 32 26 0.13950219750404358 10 -1 -1 
320 418 70 35 0.13869047164916992 8 -1 -1 
438 124 40 61 0.1378067135810852 7 -1 -1 
615 109 26 27 0.1371397227048874 5 -1 -1 
1275 316 83 44 0.13710986077785492 5 -1 -1 
947 159 63 32 0.13524557650089264 5 -1 -1 
312 439 65 42 0.13316549360752106 7 -1 -1 
0 664 158 101 0.13301552832126617 5 -1 -1 
306 447 58 44 0.13256590068340302 7 -1 -1 
438 124 40 61 0.12876653671264648 2 -1 -1 
438 124 40 61 0.1250491440296173 8 -1 -1 
1210 195 30 23 0.1244538277387619 3 -1 -1 
1035 246 36 23 0.12440343201160431 10 -1 -1 
992 300 116 49 0.12383633852005005 5 -1 -1 
438 124 40 61 0.1235051155090332 1 -1 -1 
1207 199 28 28 0.12285395711660385 3 -1 -1 
826 82 41 18 0.12161146104335785 4 -1 -1 
413 189 49 49 0.11944311112165451 4 -1 -1 
1001 167 59 41 0.11896346509456635 6 -1 -1 
703 105 30 23 0.11722325533628464 5 -1 -1 
876 535 117 128 0.11707358807325363 5 -1 -1 
615 109 27 27 0.11635085195302963 6 -1 -1 
855 119 28 26 0.11457603424787521 5 -1 -1 
674 218 45 51 0.1142139881849289 5 -1 -1 
1098 170 30 21 0.11393676698207855 3 -1 -1 
1064 218 28 28 0.11326991021633148 10 -1 -1 
876 534 117 129 0.11228989064693451 1 -1 -1 
893 58 46 18 0.1099589467048645 4 -1 -1 
300 420 82 46 0.1091497614979744 7 -1 -1 
1114 197 85 33 0.09237395226955414 1 -1 -1 
1078 184 40 41 0.06995192170143127 6 -1 -1 
223 295 129 57 0.06748422980308533 9 -1 -1 
1115 196 84 33 0.060510411858558655 6 -1 -1 
1115 196 84 33 0.05757736787199974 9 -1 -1 
1115 197 84 33 0.05346111208200455 10 -1 -1 
223 295 129 57 0.052554309368133545 6 -1 -1 
