303 215 79 60 0.9929561614990234 6 -1 -1 
492 199 48 31 0.9818509817123413 5 -1 -1 
230 73 19 15 0.9628409147262573 5 -1 -1 
150 286 27 29 0.935886800289154 7 -1 -1 
404 154 48 22 0.929273247718811 4 -1 -1 
33 145 18 19 0.9220224022865295 7 -1 -1 
192 305 60 72 0.9159044623374939 6 -1 -1 
406 212 49 32 0.8944928646087646 4 -1 -1 
82 227 38 35 0.8931143879890442 4 -1 -1 
462 469 125 69 0.8910357356071472 4 -1 -1 
268 216 61 33 0.891024112701416 4 -1 -1 
433 174 47 24 0.8867013454437256 4 -1 -1 
175 358 34 41 0.8825238347053528 7 -1 -1 
385 148 44 20 0.8743502497673035 4 -1 -1 
251 108 37 19 0.8403174877166748 4 -1 -1 
103 190 34 28 0.8331525921821594 4 -1 -1 
230 374 14 29 0.8297191858291626 1 -1 -1 
153 117 42 20 0.8139711618423462 4 -1 -1 
142 286 11 24 0.7970334887504578 1 -1 -1 
2 98 20 16 0.7937303185462952 4 -1 -1 
243 192 62 35 0.7909703850746155 4 -1 -1 
254 93 15 17 0.789516806602478 7 -1 -1 
464 299 12 23 0.7798401117324829 1 -1 -1 
54 121 23 18 0.7743951082229614 4 -1 -1 
292 159 7 18 0.7737719416618347 1 -1 -1 
133 103 48 22 0.7636361718177795 4 -1 -1 
54 141 30 20 0.7493485808372498 4 -1 -1 
25 292 49 52 0.7487937211990356 4 -1 -1 
155 257 40 37 0.7487893104553223 4 -1 -1 
425 402 52 49 0.7415128350257874 7 -1 -1 
476 295 10 28 0.7406870126724243 1 -1 -1 
324 142 49 24 0.7348095774650574 4 -1 -1 
466 364 11 28 0.7342959642410278 1 -1 -1 
298 159 8 16 0.7280552983283997 1 -1 -1 
483 186 31 21 0.7187600135803223 7 -1 -1 
222 182 61 29 0.7129799127578735 4 -1 -1 
450 352 11 25 0.7068899869918823 1 -1 -1 
34 99 23 15 0.7009978890419006 4 -1 -1 
179 295 17 28 0.6935864686965942 10 -1 -1 
22 102 8 15 0.6923460364341736 1 -1 -1 
46 107 19 15 0.6879799962043762 4 -1 -1 
405 362 10 31 0.6827923059463501 1 -1 -1 
584 438 16 33 0.6825386881828308 1 -1 -1 
302 126 27 15 0.6788553595542908 7 -1 -1 
414 362 11 26 0.6741440892219543 1 -1 -1 
312 136 43 21 0.6661489605903625 5 -1 -1 
168 89 7 14 0.6596558094024658 1 -1 -1 
329 263 27 38 0.6572780013084412 7 -1 -1 
264 83 32 15 0.650814950466156 4 -1 -1 
99 52 27 11 0.6369302272796631 4 -1 -1 
461 349 11 25 0.631704568862915 1 -1 -1 
425 301 12 20 0.6316515803337097 2 -1 -1 
378 194 8 15 0.6078851819038391 10 -1 -1 
378 350 11 29 0.6025992631912231 1 -1 -1 
207 489 63 49 0.6019342541694641 8 -1 -1 
119 93 39 17 0.5999337434768677 4 -1 -1 
396 300 9 23 0.5980845093727112 1 -1 -1 
34 145 8 11 0.5948028564453125 2 -1 -1 
378 189 8 15 0.5905394554138184 2 -1 -1 
11 113 9 15 0.5867398977279663 1 -1 -1 
77 131 16 17 0.581371545791626 7 -1 -1 
461 469 78 58 0.5742528438568115 4 -1 -1 
209 354 12 27 0.5626655220985413 1 -1 -1 
507 376 16 21 0.5599512457847595 2 -1 -1 
436 363 11 15 0.5483946800231934 2 -1 -1 
254 93 15 17 0.5461381673812866 8 -1 -1 
619 450 21 32 0.5373488068580627 1 -1 -1 
424 308 16 18 0.530282199382782 10 -1 -1 
372 172 11 20 0.5300343632698059 3 -1 -1 
424 240 49 30 0.527099072933197 8 -1 -1 
451 318 47 32 0.523164689540863 7 -1 -1 
288 355 11 25 0.5142102241516113 1 -1 -1 
374 173 7 16 0.5082159042358398 2 -1 -1 
28 70 15 13 0.5035431981086731 4 -1 -1 
275 89 26 13 0.5016064047813416 4 -1 -1 
109 522 13 16 0.4982536733150482 2 -1 -1 
704 511 24 28 0.4980311691761017 2 -1 -1 
366 258 27 22 0.48291221261024475 7 -1 -1 
424 240 48 28 0.4764978885650635 7 -1 -1 
338 271 50 33 0.4685795307159424 7 -1 -1 
372 172 10 20 0.46034786105155945 1 -1 -1 
373 181 8 11 0.45763275027275085 10 -1 -1 
36 79 15 14 0.45711007714271545 4 -1 -1 
95 114 12 22 0.44850730895996094 1 -1 -1 
479 354 12 27 0.44735729694366455 1 -1 -1 
441 396 16 25 0.4435712397098541 1 -1 -1 
527 177 17 15 0.4379208981990814 7 -1 -1 
122 135 9 13 0.4359521269798279 1 -1 -1 
59 133 8 15 0.4356966018676758 1 -1 -1 
254 101 16 11 0.43533194065093994 7 -1 -1 
424 308 16 18 0.4348330497741699 3 -1 -1 
11 113 9 15 0.4337708652019501 2 -1 -1 
420 281 9 19 0.430717796087265 1 -1 -1 
279 94 25 14 0.42489123344421387 4 -1 -1 
78 33 13 11 0.41430220007896423 7 -1 -1 
425 401 53 50 0.4133753478527069 8 -1 -1 
523 235 18 19 0.4109189510345459 10 -1 -1 
330 263 26 36 0.4098467528820038 8 -1 -1 
601 432 17 31 0.40769243240356445 1 -1 -1 
285 402 73 39 0.4051845967769623 7 -1 -1 
378 190 8 18 0.40270423889160156 1 -1 -1 
346 267 47 31 0.40244999527931213 7 -1 -1 
440 272 9 16 0.40159714221954346 2 -1 -1 
378 189 8 19 0.3996866047382355 3 -1 -1 
443 394 21 26 0.39944085478782654 1 -1 -1 
443 392 19 25 0.39688247442245483 2 -1 -1 
459 163 18 14 0.39275237917900085 10 -1 -1 
77 131 10 16 0.3905922770500183 7 -1 -1 
33 145 11 14 0.38778913021087646 2 -1 -1 
603 432 15 29 0.38636356592178345 2 -1 -1 
359 262 36 25 0.3849196434020996 7 -1 -1 
146 246 16 14 0.3846215009689331 10 -1 -1 
472 333 10 23 0.38227948546409607 1 -1 -1 
501 293 9 22 0.3810831606388092 1 -1 -1 
12 118 8 11 0.38107240200042725 3 -1 -1 
291 106 9 15 0.3801860809326172 2 -1 -1 
302 125 27 16 0.3798639178276062 8 -1 -1 
294 159 8 17 0.37936368584632874 1 -1 -1 
118 87 37 20 0.3781299293041229 4 -1 -1 
313 136 42 21 0.37763020396232605 4 -1 -1 
435 354 11 19 0.37595948576927185 2 -1 -1 
265 80 32 13 0.3720737397670746 4 -1 -1 
390 358 17 27 0.3699322044849396 10 -1 -1 
419 284 12 20 0.36708149313926697 10 -1 -1 
396 344 53 33 0.36543941497802734 8 -1 -1 
479 354 12 26 0.35806867480278015 2 -1 -1 
507 377 16 20 0.35772836208343506 1 -1 -1 
31 91 16 14 0.35740339756011963 4 -1 -1 
411 411 61 47 0.35517433285713196 7 -1 -1 
390 345 59 33 0.3511265218257904 7 -1 -1 
461 469 78 58 0.3240194022655487 5 -1 -1 
127 97 38 18 0.31659770011901855 4 -1 -1 
489 265 88 84 0.2977844178676605 6 -1 -1 
116 84 36 18 0.2881374657154083 4 -1 -1 
704 511 24 28 0.2857069969177246 1 -1 -1 
619 450 21 32 0.28114086389541626 2 -1 -1 
389 349 44 35 0.27767014503479004 7 -1 -1 
517 385 21 31 0.2744618356227875 3 -1 -1 
120 92 38 19 0.271580308675766 5 -1 -1 
388 352 28 33 0.2663230895996094 7 -1 -1 
517 385 21 31 0.26032882928848267 10 -1 -1 
253 273 75 80 0.25955143570899963 6 -1 -1 
191 305 61 72 0.25567907094955444 5 -1 -1 
284 402 74 39 0.2501901686191559 10 -1 -1 
303 215 79 60 0.2440728396177292 5 -1 -1 
118 87 37 20 0.24368071556091309 5 -1 -1 
303 215 79 60 0.2420935183763504 4 -1 -1 
405 343 53 33 0.23447294533252716 7 -1 -1 
388 355 25 32 0.22923487424850464 10 -1 -1 
116 84 36 18 0.2231845259666443 5 -1 -1 
506 379 29 26 0.2226671278476715 3 -1 -1 
331 261 65 42 0.22205901145935059 7 -1 -1 
191 305 61 72 0.2218841314315796 8 -1 -1 
150 286 27 29 0.2148400992155075 8 -1 -1 
303 215 79 60 0.21281057596206665 10 -1 -1 
209 489 61 49 0.2122166007757187 7 -1 -1 
242 192 63 35 0.210588276386261 5 -1 -1 
232 187 66 34 0.19973136484622955 4 -1 -1 
508 378 27 28 0.19765794277191162 10 -1 -1 
262 438 70 70 0.19683103263378143 8 -1 -1 
333 367 53 51 0.19651584327220917 7 -1 -1 
264 82 33 15 0.19417166709899902 5 -1 -1 
132 104 49 21 0.19283565878868103 5 -1 -1 
588 435 20 34 0.19057276844978333 1 -1 -1 
402 359 16 33 0.1897888034582138 1 -1 -1 
332 263 64 41 0.18940690159797668 8 -1 -1 
296 492 61 45 0.18937192857265472 10 -1 -1 
262 438 70 70 0.18700504302978516 7 -1 -1 
253 275 76 78 0.18297581374645233 7 -1 -1 
259 428 71 82 0.18294820189476013 6 -1 -1 
390 345 59 33 0.18162746727466583 6 -1 -1 
332 367 54 50 0.18101699650287628 10 -1 -1 
129 207 23 29 0.18072545528411865 6 -1 -1 
150 286 27 29 0.18055231869220734 3 -1 -1 
303 215 79 60 0.17862959206104279 7 -1 -1 
495 302 73 50 0.1764993816614151 6 -1 -1 
274 90 35 16 0.17624618113040924 4 -1 -1 
150 286 27 29 0.17611967027187347 6 -1 -1 
504 376 25 26 0.17463530600070953 10 -1 -1 
423 405 54 46 0.17060668766498566 6 -1 -1 
288 403 73 37 0.17027726769447327 8 -1 -1 
208 489 62 49 0.16889257729053497 5 -1 -1 
504 375 24 26 0.16388700902462006 3 -1 -1 
251 108 37 19 0.1633785516023636 5 -1 -1 
314 395 61 43 0.162848100066185 7 -1 -1 
489 257 122 104 0.15771083533763885 6 -1 -1 
303 215 79 60 0.156824991106987 2 -1 -1 
150 286 27 29 0.15674221515655518 4 -1 -1 
332 263 64 41 0.1562620997428894 6 -1 -1 
408 504 95 36 0.15394191443920135 6 -1 -1 
476 352 18 31 0.15328744053840637 1 -1 -1 
387 347 54 35 0.15296587347984314 8 -1 -1 
205 183 76 35 0.15127232670783997 4 -1 -1 
305 215 76 60 0.15078136324882507 8 -1 -1 
153 117 42 20 0.1506187468767166 5 -1 -1 
451 313 52 40 0.1494094282388687 8 -1 -1 
342 265 71 40 0.14722441136837006 7 -1 -1 
504 375 23 26 0.1459617018699646 2 -1 -1 
407 358 17 34 0.14542044699192047 1 -1 -1 
704 511 24 28 0.1453225314617157 10 -1 -1 
132 206 20 30 0.1427970826625824 7 -1 -1 
301 410 64 34 0.14246760308742523 7 -1 -1 
463 362 18 30 0.14240415394306183 1 -1 -1 
155 257 40 37 0.14228250086307526 5 -1 -1 
383 353 22 32 0.14132212102413177 10 -1 -1 
395 357 21 33 0.14111852645874023 10 -1 -1 
177 213 63 34 0.1401892751455307 4 -1 -1 
127 97 38 18 0.1389997899532318 5 -1 -1 
408 504 104 36 0.13744856417179108 4 -1 -1 
208 489 62 49 0.13725145161151886 6 -1 -1 
599 433 20 37 0.13712535798549652 2 -1 -1 
266 457 66 56 0.1370341181755066 6 -1 -1 
311 488 79 50 0.13624359667301178 4 -1 -1 
345 268 75 39 0.13370300829410553 8 -1 -1 
303 215 79 60 0.1305568963289261 9 -1 -1 
150 286 27 29 0.12923526763916016 2 -1 -1 
379 350 16 34 0.12905339896678925 1 -1 -1 
217 182 67 30 0.12884244322776794 5 -1 -1 
253 275 76 78 0.12880279123783112 8 -1 -1 
412 418 53 59 0.12851735949516296 7 -1 -1 
409 504 100 36 0.12774328887462616 7 -1 -1 
303 215 79 60 0.12741433084011078 3 -1 -1 
395 357 21 33 0.12682731449604034 7 -1 -1 
333 367 52 52 0.1250380128622055 8 -1 -1 
296 491 59 47 0.12208367884159088 7 -1 -1 
406 340 53 35 0.12076011300086975 8 -1 -1 
388 352 28 33 0.12059760093688965 8 -1 -1 
392 342 73 41 0.0981399342417717 8 -1 -1 
460 467 127 69 0.09545308351516724 9 -1 -1 
256 405 89 102 0.08032297343015671 7 -1 -1 
256 405 89 102 0.07966018468141556 8 -1 -1 
399 344 77 40 0.07920332998037338 6 -1 -1 
461 469 127 69 0.06318846344947815 5 -1 -1 
490 259 120 106 0.06291395425796509 9 -1 -1 
381 345 65 41 0.06214652210474014 9 -1 -1 
460 469 126 69 0.06110147014260292 10 -1 -1 
377 345 66 43 0.05785524100065231 6 -1 -1 
398 341 76 40 0.05782749503850937 7 -1 -1 
384 345 63 40 0.0554596371948719 4 -1 -1 
490 259 120 106 0.054712191224098206 5 -1 -1 
391 342 64 38 0.05454166233539581 5 -1 -1 
377 345 66 43 0.05378491058945656 7 -1 -1 
