821 505 95 71 0.9418091177940369 4 -1 -1 
880 534 92 72 0.9414473176002502 4 -1 -1 
605 442 103 71 0.9335140585899353 4 -1 -1 
1089 620 97 90 0.9329731464385986 4 -1 -1 
1419 711 82 101 0.9301020503044128 4 -1 -1 
1194 636 92 87 0.9298558235168457 4 -1 -1 
797 745 113 122 0.9289920926094055 4 -1 -1 
716 472 105 79 0.9250047206878662 4 -1 -1 
927 785 110 123 0.9195535778999329 4 -1 -1 
483 607 120 94 0.9176573753356934 4 -1 -1 
545 625 126 95 0.915023684501648 4 -1 -1 
511 735 116 101 0.9126827120780945 4 -1 -1 
1020 586 96 94 0.9115009307861328 4 -1 -1 
1288 657 79 85 0.9078922867774963 4 -1 -1 
1356 686 72 95 0.9042574167251587 4 -1 -1 
1170 477 85 66 0.9019396901130676 4 -1 -1 
356 699 122 91 0.901759147644043 4 -1 -1 
667 665 112 111 0.9009243249893188 4 -1 -1 
680 569 15 40 0.898784875869751 1 -1 -1 
1043 424 82 73 0.8982114791870117 4 -1 -1 
476 401 97 67 0.8948467969894409 4 -1 -1 
288 669 140 94 0.8850469589233398 4 -1 -1 
1505 484 59 61 0.8808590173721313 4 -1 -1 
1085 446 83 82 0.8793290853500366 4 -1 -1 
966 410 80 53 0.8776241540908813 4 -1 -1 
1436 343 63 53 0.8765078783035278 4 -1 -1 
1615 386 59 56 0.8764182329177856 4 -1 -1 
1003 810 118 137 0.8751586079597473 4 -1 -1 
948 569 84 89 0.8728970885276794 4 -1 -1 
1154 271 69 50 0.8582398295402527 4 -1 -1 
1237 496 69 69 0.8571293950080872 4 -1 -1 
1058 357 72 61 0.8556776642799377 4 -1 -1 
876 143 46 36 0.8518877625465393 8 -1 -1 
713 712 126 124 0.8476860523223877 4 -1 -1 
1189 802 141 94 0.8474831581115723 4 -1 -1 
1029 237 63 43 0.847322404384613 4 -1 -1 
1498 354 65 56 0.8462559580802917 4 -1 -1 
1075 246 60 46 0.8403704166412354 4 -1 -1 
1550 783 28 61 0.8344456553459167 10 -1 -1 
415 582 114 96 0.8337718844413757 4 -1 -1 
1005 338 69 59 0.8230534195899963 4 -1 -1 
1108 264 64 45 0.8103936910629272 4 -1 -1 
1327 306 68 53 0.8032400608062744 5 -1 -1 
1430 466 74 74 0.8005932569503784 4 -1 -1 
1287 298 42 43 0.7990466952323914 4 -1 -1 
1367 440 71 78 0.7948334813117981 4 -1 -1 
1396 531 74 67 0.7942594289779663 4 -1 -1 
635 821 122 132 0.7879301309585571 4 -1 -1 
609 635 108 102 0.785606861114502 4 -1 -1 
1006 200 80 39 0.7815675139427185 4 -1 -1 
1311 413 59 61 0.7798022627830505 4 -1 -1 
1385 319 56 62 0.7722446322441101 4 -1 -1 
1390 1002 34 58 0.7712849974632263 10 -1 -1 
1801 281 35 36 0.766916811466217 10 -1 -1 
830 371 79 67 0.7659283876419067 4 -1 -1 
637 269 26 24 0.7640895247459412 10 -1 -1 
662 284 14 34 0.7628195881843567 1 -1 -1 
937 213 63 47 0.7536526918411255 4 -1 -1 
994 227 56 43 0.7493649125099182 4 -1 -1 
1211 282 67 58 0.7410856485366821 4 -1 -1 
791 355 71 66 0.7353164553642273 4 -1 -1 
115 721 33 38 0.7302531599998474 10 -1 -1 
201 913 159 148 0.7302318811416626 4 -1 -1 
574 794 102 108 0.726028323173523 4 -1 -1 
1450 293 93 49 0.7257848381996155 4 -1 -1 
653 235 13 33 0.7231890559196472 1 -1 -1 
692 298 79 55 0.7171542048454285 4 -1 -1 
888 198 58 42 0.7122543454170227 4 -1 -1 
1823 255 29 29 0.7072110772132874 10 -1 -1 
754 259 66 50 0.7067616581916809 4 -1 -1 
66 779 49 31 0.7046913504600525 10 -1 -1 
731 348 85 57 0.70225989818573 4 -1 -1 
407 719 144 114 0.68644779920578 4 -1 -1 
235 621 140 107 0.6859275102615356 4 -1 -1 
1124 364 69 67 0.6849498152732849 4 -1 -1 
1333 275 95 42 0.6762169599533081 4 -1 -1 
771 220 24 23 0.6616528630256653 10 -1 -1 
1548 274 36 28 0.658107578754425 10 -1 -1 
894 387 74 66 0.6493428349494934 5 -1 -1 
683 272 13 32 0.6482949256896973 1 -1 -1 
891 301 61 61 0.6391834616661072 4 -1 -1 
339 402 32 49 0.63713139295578 10 -1 -1 
417 357 35 28 0.6226882934570312 10 -1 -1 
883 229 34 29 0.6191269755363464 10 -1 -1 
695 237 30 24 0.6144596934318542 10 -1 -1 
1231 204 22 24 0.6014055609703064 10 -1 -1 
1239 409 50 59 0.5987057685852051 4 -1 -1 
855 259 29 25 0.5983623266220093 10 -1 -1 
688 247 30 22 0.5935250520706177 10 -1 -1 
686 272 13 30 0.5872247815132141 1 -1 -1 
744 216 22 30 0.5861895680427551 10 -1 -1 
22 556 92 63 0.5856322646141052 10 -1 -1 
1510 288 40 28 0.5771313905715942 10 -1 -1 
1552 317 99 47 0.5762275457382202 4 -1 -1 
443 367 33 35 0.5700935125350952 10 -1 -1 
24 756 24 60 0.5649834871292114 10 -1 -1 
689 240 32 25 0.5580530166625977 10 -1 -1 
294 972 158 107 0.5485395789146423 4 -1 -1 
1393 1002 31 42 0.5369465947151184 2 -1 -1 
463 355 36 32 0.5251045823097229 10 -1 -1 
-1 824 117 96 0.5214172601699829 4 -1 -1 
864 254 17 23 0.5059594511985779 2 -1 -1 
809 258 33 29 0.4845885634422302 10 -1 -1 
715 217 35 40 0.4770117700099945 8 -1 -1 
1551 317 99 47 0.46934252977371216 5 -1 -1 
517 335 16 34 0.45865824818611145 1 -1 -1 
1326 305 70 54 0.4577871859073639 4 -1 -1 
607 427 32 31 0.4433891475200653 10 -1 -1 
1827 197 14 30 0.4419255256652832 1 -1 -1 
405 716 146 119 0.43197664618492126 5 -1 -1 
1367 276 61 38 0.4292943775653839 4 -1 -1 
614 410 23 35 0.4231144189834595 2 -1 -1 
222 913 140 77 0.41935521364212036 4 -1 -1 
1046 163 22 26 0.4072587490081787 10 -1 -1 
357 407 24 43 0.4066869020462036 10 -1 -1 
426 360 33 33 0.40191832184791565 10 -1 -1 
928 184 13 25 0.39975470304489136 1 -1 -1 
601 286 17 27 0.39878132939338684 10 -1 -1 
683 281 13 24 0.39538055658340454 3 -1 -1 
862 257 21 25 0.3950692415237427 2 -1 -1 
450 356 30 37 0.39411047101020813 10 -1 -1 
895 231 37 28 0.3900252878665924 10 -1 -1 
441 358 34 37 0.3852108418941498 10 -1 -1 
685 272 14 30 0.38330134749412537 2 -1 -1 
-1 720 39 54 0.37309762835502625 4 -1 -1 
1511 289 38 28 0.3721114993095398 7 -1 -1 
893 386 75 66 0.37141716480255127 4 -1 -1 
856 252 17 26 0.37018197774887085 2 -1 -1 
876 143 46 36 0.369379460811615 5 -1 -1 
777 206 24 20 0.368084192276001 10 -1 -1 
1502 336 20 25 0.3669232428073883 3 -1 -1 
674 250 14 28 0.362923800945282 3 -1 -1 
1802 185 23 39 0.3607783317565918 1 -1 -1 
854 257 24 26 0.3580945134162903 2 -1 -1 
41 870 172 141 0.34789904952049255 4 -1 -1 
194 915 168 144 0.30064189434051514 5 -1 -1 
715 217 35 40 0.2967464029788971 7 -1 -1 
215 945 203 127 0.2545143663883209 4 -1 -1 
935 324 87 64 0.2321535348892212 4 -1 -1 
715 217 35 40 0.22577708959579468 5 -1 -1 
895 319 109 57 0.19790244102478027 4 -1 -1 
812 360 82 67 0.19127054512500763 4 -1 -1 
1085 446 83 83 0.17784126102924347 5 -1 -1 
1549 709 70 120 0.17631253600120544 7 -1 -1 
1449 291 94 53 0.17315495014190674 5 -1 -1 
871 282 77 77 0.167220801115036 4 -1 -1 
830 371 78 68 0.16680018603801727 5 -1 -1 
715 217 35 40 0.16626949608325958 6 -1 -1 
1551 709 68 112 0.1635790467262268 6 -1 -1 
731 347 85 59 0.15870879590511322 5 -1 -1 
-2 847 192 130 0.1578967124223709 4 -1 -1 
7 380 227 165 0.1441265046596527 6 -1 -1 
716 471 104 80 0.1438455432653427 5 -1 -1 
1126 834 165 132 0.13993005454540253 6 -1 -1 
888 314 98 50 0.1393776386976242 4 -1 -1 
1127 834 164 131 0.13751807808876038 5 -1 -1 
986 325 80 67 0.1365133374929428 4 -1 -1 
477 401 99 67 0.13536667823791504 5 -1 -1 
715 217 35 40 0.12844479084014893 4 -1 -1 
1549 709 70 120 0.1279716193675995 8 -1 -1 
682 237 42 33 0.12556378543376923 10 -1 -1 
1396 530 74 68 0.12302381545305252 5 -1 -1 
956 325 94 62 0.12255197018384933 4 -1 -1 
840 279 77 73 0.1213107630610466 4 -1 -1 
47 869 167 145 0.12043669074773788 5 -1 -1 
605 443 102 70 0.12003611773252487 5 -1 -1 
1357 686 71 94 0.11872747540473938 5 -1 -1 
766 351 86 63 0.11835328489542007 4 -1 -1 
715 217 35 40 0.11694005876779556 10 -1 -1 
1418 711 84 101 0.11506079882383347 5 -1 -1 
1332 274 96 47 0.10842393338680267 5 -1 -1 
790 354 73 68 0.10833568125963211 5 -1 -1 
12 875 193 190 0.10661399364471436 4 -1 -1 
890 297 77 67 0.10552240908145905 5 -1 -1 
880 533 92 73 0.10512451082468033 9 -1 -1 
1635 142 90 78 0.1045212596654892 4 -1 -1 
1043 422 81 75 0.10420446842908859 1 -1 -1 
1127 834 164 131 0.1031889021396637 9 -1 -1 
1081 168 31 44 0.10312070697546005 3 -1 -1 
880 534 92 72 0.10220254212617874 1 -1 -1 
690 296 80 59 0.1002211719751358 5 -1 -1 
273 971 180 110 0.09965482354164124 9 -1 -1 
273 971 180 110 0.09882311522960663 5 -1 -1 
879 534 93 71 0.0983671173453331 5 -1 -1 
215 945 203 127 0.0980086475610733 5 -1 -1 
909 311 103 54 0.09773068130016327 4 -1 -1 
820 505 96 72 0.09749836474657059 5 -1 -1 
904 318 107 58 0.0969928726553917 5 -1 -1 
821 505 95 71 0.0953325629234314 9 -1 -1 
821 505 95 71 0.09449410438537598 1 -1 -1 
1449 292 94 51 0.0939229428768158 6 -1 -1 
1232 392 63 79 0.09390117228031158 5 -1 -1 
1145 816 181 106 0.09313309192657471 4 -1 -1 
1043 423 81 75 0.09300359338521957 5 -1 -1 
1127 834 164 131 0.09300282597541809 8 -1 -1 
820 505 96 72 0.09255266934633255 10 -1 -1 
97 872 129 158 0.09233146160840988 4 -1 -1 
605 442 103 71 0.09176874160766602 9 -1 -1 
1288 657 79 85 0.09082557260990143 1 -1 -1 
605 442 103 71 0.08972529321908951 1 -1 -1 
1294 414 76 78 0.08957713842391968 4 -1 -1 
1127 834 164 131 0.08949688822031021 4 -1 -1 
1084 446 84 82 0.08819082379341125 9 -1 -1 
195 915 169 145 0.08725900948047638 6 -1 -1 
477 401 100 67 0.08689140528440475 1 -1 -1 
1125 362 75 70 0.0861266478896141 5 -1 -1 
880 533 92 73 0.08533114939928055 7 -1 -1 
716 472 105 79 0.08530734479427338 1 -1 -1 
880 534 92 72 0.08475279062986374 10 -1 -1 
837 279 74 71 0.08462435752153397 5 -1 -1 
1419 712 82 100 0.0845838189125061 9 -1 -1 
1638 112 79 98 0.08432648330926895 4 -1 -1 
716 472 104 79 0.08402510732412338 9 -1 -1 
269 970 184 109 0.08388756215572357 10 -1 -1 
1195 637 91 86 0.08384408056735992 5 -1 -1 
1194 636 92 87 0.08362174034118652 1 -1 -1 
820 505 96 72 0.08329425752162933 7 -1 -1 
605 442 103 71 0.08239173889160156 10 -1 -1 
1419 711 82 101 0.08237946033477783 1 -1 -1 
1194 636 92 87 0.08198443800210953 9 -1 -1 
893 386 76 68 0.08149679750204086 6 -1 -1 
52 428 195 128 0.08099868148565292 6 -1 -1 
1170 477 85 66 0.08086193352937698 5 -1 -1 
1127 345 85 84 0.08085083961486816 4 -1 -1 
199 913 161 147 0.08052760362625122 1 -1 -1 
1367 440 70 78 0.0788111686706543 5 -1 -1 
211 616 168 112 0.07831306755542755 5 -1 -1 
1332 271 97 47 0.07786979526281357 9 -1 -1 
605 442 103 71 0.07754608243703842 7 -1 -1 
935 324 87 64 0.07677928358316422 5 -1 -1 
1288 657 79 86 0.07624229788780212 5 -1 -1 
1194 636 92 87 0.07566618919372559 10 -1 -1 
