552 417 41 59 0.9242498278617859 4 -1 -1 
669 493 70 36 0.9017147421836853 7 -1 -1 
414 142 33 16 0.8946284651756287 4 -1 -1 
556 84 11 11 0.8324623107910156 4 -1 -1 
644 394 25 27 0.8293669819831848 10 -1 -1 
352 173 39 20 0.8259145617485046 4 -1 -1 
503 178 38 17 0.7961852550506592 4 -1 -1 
487 294 17 17 0.786664605140686 10 -1 -1 
676 421 14 30 0.7176286578178406 1 -1 -1 
665 444 14 36 0.7069018483161926 10 -1 -1 
571 280 18 27 0.6977030634880066 7 -1 -1 
491 288 10 17 0.6974719166755676 2 -1 -1 
641 428 19 30 0.694299578666687 10 -1 -1 
560 74 10 9 0.6920234560966492 4 -1 -1 
455 239 8 15 0.6722063422203064 2 -1 -1 
492 409 18 34 0.6605905294418335 10 -1 -1 
526 153 8 10 0.6588083505630493 7 -1 -1 
454 244 9 15 0.6577161550521851 10 -1 -1 
555 100 14 14 0.6499593257904053 4 -1 -1 
467 152 6 10 0.6489426493644714 10 -1 -1 
563 68 9 8 0.640312910079956 4 -1 -1 
356 140 13 9 0.635282576084137 10 -1 -1 
467 148 6 10 0.6179269552230835 2 -1 -1 
630 503 13 35 0.6001141667366028 1 -1 -1 
490 108 21 13 0.5882211923599243 4 -1 -1 
549 112 14 17 0.5786644220352173 5 -1 -1 
527 150 7 10 0.5770081281661987 2 -1 -1 
455 112 18 13 0.5744401812553406 4 -1 -1 
493 400 16 33 0.5724154710769653 2 -1 -1 
512 160 6 9 0.5622694492340088 10 -1 -1 
328 178 42 21 0.5560621619224548 4 -1 -1 
362 116 20 14 0.5523186326026917 8 -1 -1 
359 136 6 10 0.5470178127288818 2 -1 -1 
531 213 10 14 0.54243403673172 2 -1 -1 
528 216 18 13 0.5419073700904846 10 -1 -1 
483 95 13 11 0.5295245051383972 4 -1 -1 
383 116 11 9 0.527364194393158 10 -1 -1 
595 102 5 8 0.5264246463775635 10 -1 -1 
671 489 15 16 0.5236956477165222 2 -1 -1 
486 152 6 11 0.522515058517456 2 -1 -1 
512 156 6 10 0.5213608741760254 2 -1 -1 
526 153 8 10 0.5207775831222534 10 -1 -1 
522 119 5 11 0.5165524482727051 1 -1 -1 
755 489 12 23 0.5058580636978149 10 -1 -1 
571 75 6 10 0.5032649636268616 8 -1 -1 
631 429 29 33 0.5028084516525269 10 -1 -1 
529 133 7 9 0.5003010630607605 10 -1 -1 
510 135 5 10 0.5002012252807617 2 -1 -1 
532 127 5 9 0.49964940547943115 2 -1 -1 
398 465 51 69 0.4990752041339874 8 -1 -1 
516 148 5 9 0.4694078266620636 2 -1 -1 
510 138 5 10 0.46148285269737244 10 -1 -1 
523 140 4 9 0.4542810320854187 2 -1 -1 
366 107 17 12 0.45378902554512024 8 -1 -1 
522 248 7 14 0.4502459168434143 2 -1 -1 
341 120 11 8 0.4490326941013336 10 -1 -1 
626 464 16 37 0.44864901900291443 1 -1 -1 
521 253 8 12 0.44805043935775757 10 -1 -1 
630 439 15 29 0.4387317895889282 3 -1 -1 
668 491 71 37 0.4386806786060333 8 -1 -1 
583 121 13 13 0.4309159517288208 4 -1 -1 
549 112 13 17 0.4277613162994385 4 -1 -1 
486 157 6 9 0.4252490699291229 10 -1 -1 
623 483 13 28 0.4169245958328247 1 -1 -1 
530 213 12 15 0.4164315164089203 10 -1 -1 
546 69 9 8 0.41223353147506714 4 -1 -1 
547 83 5 9 0.410971462726593 10 -1 -1 
486 152 6 13 0.4105578362941742 1 -1 -1 
530 130 6 10 0.405970960855484 2 -1 -1 
369 114 13 14 0.40562549233436584 8 -1 -1 
486 156 6 10 0.40459534525871277 3 -1 -1 
595 101 5 8 0.40404149889945984 2 -1 -1 
523 128 7 8 0.3993205428123474 10 -1 -1 
368 109 14 15 0.3956831097602844 8 -1 -1 
571 279 18 28 0.3950083255767822 8 -1 -1 
527 120 5 11 0.39421921968460083 1 -1 -1 
501 143 6 13 0.39148202538490295 1 -1 -1 
329 179 41 21 0.39068174362182617 5 -1 -1 
522 143 5 9 0.39015647768974304 10 -1 -1 
528 141 5 10 0.38555076718330383 2 -1 -1 
571 75 6 10 0.3843856155872345 7 -1 -1 
570 63 7 6 0.3813309371471405 4 -1 -1 
357 137 8 10 0.37506720423698425 2 -1 -1 
619 129 14 15 0.373673677444458 4 -1 -1 
665 444 14 34 0.37099623680114746 2 -1 -1 
631 443 17 31 0.37099114060401917 10 -1 -1 
516 151 5 10 0.369482159614563 2 -1 -1 
503 103 13 13 0.3691384494304657 4 -1 -1 
546 123 4 9 0.36910590529441833 1 -1 -1 
547 80 5 8 0.3683963716030121 2 -1 -1 
501 142 5 13 0.36705294251441956 2 -1 -1 
627 463 15 35 0.36185187101364136 10 -1 -1 
607 150 32 19 0.36103886365890503 4 -1 -1 
527 209 21 21 0.3598775863647461 10 -1 -1 
455 111 18 13 0.3598759174346924 5 -1 -1 
556 65 5 7 0.3589869737625122 10 -1 -1 
500 145 6 11 0.35879459977149963 10 -1 -1 
595 102 5 8 0.3570224940776825 7 -1 -1 
583 111 6 9 0.35413384437561035 2 -1 -1 
357 139 11 9 0.349240243434906 2 -1 -1 
619 129 15 15 0.34863540530204773 5 -1 -1 
737 498 22 28 0.3482394516468048 3 -1 -1 
525 123 5 8 0.34782183170318604 2 -1 -1 
512 156 6 11 0.34759092330932617 10 -1 -1 
521 251 6 12 0.3467389643192291 2 -1 -1 
490 108 21 13 0.34265127778053284 5 -1 -1 
528 271 14 13 0.3417627215385437 10 -1 -1 
522 122 4 8 0.341467946767807 2 -1 -1 
526 122 5 12 0.3409903347492218 1 -1 -1 
666 445 12 22 0.34049147367477417 2 -1 -1 
516 152 5 10 0.33937397599220276 10 -1 -1 
489 289 14 20 0.3380041718482971 10 -1 -1 
636 449 13 26 0.3375653922557831 10 -1 -1 
538 127 6 16 0.3326389789581299 1 -1 -1 
358 137 9 10 0.33079788088798523 10 -1 -1 
362 117 20 13 0.32341188192367554 7 -1 -1 
530 130 5 9 0.322348952293396 10 -1 -1 
608 136 6 11 0.32190728187561035 2 -1 -1 
489 289 14 20 0.32089436054229736 2 -1 -1 
524 125 6 8 0.3204434812068939 2 -1 -1 
514 154 6 10 0.3193264901638031 2 -1 -1 
473 98 5 12 0.31890052556991577 1 -1 -1 
630 432 22 36 0.3188815712928772 10 -1 -1 
526 209 22 21 0.31532031297683716 8 -1 -1 
522 140 5 11 0.3140122890472412 1 -1 -1 
610 95 8 11 0.31365686655044556 10 -1 -1 
523 124 6 9 0.31142646074295044 2 -1 -1 
528 142 5 10 0.30934736132621765 1 -1 -1 
529 129 6 8 0.30787310004234314 2 -1 -1 
529 211 15 16 0.3074635863304138 8 -1 -1 
361 136 7 10 0.30705222487449646 2 -1 -1 
503 102 13 14 0.3059065639972687 5 -1 -1 
608 141 5 10 0.304595947265625 2 -1 -1 
554 65 7 7 0.3036249876022339 4 -1 -1 
561 69 10 8 0.3020986318588257 4 -1 -1 
632 455 13 25 0.30144381523132324 10 -1 -1 
630 461 13 25 0.3008147180080414 10 -1 -1 
693 432 29 26 0.2994636595249176 10 -1 -1 
454 242 9 16 0.29912662506103516 2 -1 -1 
501 145 6 11 0.29815906286239624 3 -1 -1 
510 138 5 10 0.29672640562057495 1 -1 -1 
510 139 5 9 0.29559409618377686 3 -1 -1 
521 253 6 11 0.29432186484336853 1 -1 -1 
525 120 5 12 0.2918851375579834 1 -1 -1 
522 144 5 8 0.2907208800315857 3 -1 -1 
677 420 13 28 0.28985393047332764 2 -1 -1 
547 78 5 7 0.28793787956237793 2 -1 -1 
520 247 8 15 0.2876410484313965 2 -1 -1 
671 489 15 16 0.2842497229576111 1 -1 -1 
562 71 9 9 0.28247469663619995 4 -1 -1 
529 136 5 8 0.28046494722366333 10 -1 -1 
244 266 9 12 0.2792612910270691 2 -1 -1 
543 70 11 8 0.2788515090942383 4 -1 -1 
356 140 13 9 0.27814000844955444 3 -1 -1 
685 423 16 28 0.276772677898407 10 -1 -1 
522 249 7 14 0.2754127085208893 10 -1 -1 
524 250 6 13 0.2739157974720001 1 -1 -1 
525 125 5 9 0.27060821652412415 10 -1 -1 
505 93 16 9 0.2687777876853943 4 -1 -1 
398 460 52 61 0.2545146644115448 4 -1 -1 
57 488 76 42 0.24216608703136444 4 -1 -1 
571 281 18 26 0.24115034937858582 6 -1 -1 
492 401 17 32 0.23262880742549896 10 -1 -1 
340 455 110 77 0.2157948911190033 4 -1 -1 
669 491 70 37 0.21312835812568665 3 -1 -1 
492 407 18 35 0.20815764367580414 2 -1 -1 
333 461 115 72 0.20369072258472443 5 -1 -1 
399 468 50 70 0.1969653218984604 7 -1 -1 
54 469 73 52 0.19669698178768158 4 -1 -1 
374 465 76 63 0.19403429329395294 4 -1 -1 
275 228 65 29 0.19327330589294434 6 -1 -1 
58 490 73 41 0.19183321297168732 5 -1 -1 
296 231 56 31 0.18830910325050354 6 -1 -1 
353 458 96 78 0.18463370203971863 8 -1 -1 
41 461 72 63 0.18417015671730042 4 -1 -1 
493 400 16 33 0.18239286541938782 1 -1 -1 
606 146 28 19 0.1817886233329773 4 -1 -1 
39 482 78 53 0.17209185659885406 4 -1 -1 
376 459 73 64 0.16582103073596954 5 -1 -1 
341 463 109 72 0.16294743120670319 6 -1 -1 
573 269 18 34 0.15764373540878296 6 -1 -1 
5 468 126 69 0.15651589632034302 4 -1 -1 
527 209 21 21 0.1562316119670868 7 -1 -1 
378 445 71 69 0.15616737306118011 4 -1 -1 
619 125 22 21 0.1549161970615387 4 -1 -1 
668 491 71 37 0.15436536073684692 2 -1 -1 
412 463 38 57 0.1511499434709549 8 -1 -1 
503 178 37 17 0.15053531527519226 5 -1 -1 
51 474 69 54 0.1471579670906067 5 -1 -1 
716 324 79 42 0.1463409960269928 4 -1 -1 
274 225 59 26 0.14485768973827362 4 -1 -1 
820 363 55 26 0.14439654350280762 4 -1 -1 
376 463 73 64 0.14301468431949615 7 -1 -1 
52 468 110 65 0.14261671900749207 4 -1 -1 
412 466 38 57 0.1420813649892807 7 -1 -1 
608 142 30 19 0.14023907482624054 4 -1 -1 
319 100 33 16 0.13882622122764587 4 -1 -1 
573 270 19 34 0.13658618927001953 7 -1 -1 
573 269 18 34 0.13449296355247498 9 -1 -1 
619 124 22 21 0.13094927370548248 5 -1 -1 
376 463 73 64 0.12773387134075165 6 -1 -1 
355 413 95 109 0.12614776194095612 4 -1 -1 
275 176 53 27 0.12507231533527374 4 -1 -1 
401 465 49 61 0.12479253113269806 5 -1 -1 
1 461 124 75 0.12478460371494293 5 -1 -1 
388 454 61 65 0.1218370720744133 8 -1 -1 
412 463 38 57 0.12077421694993973 2 -1 -1 
330 466 117 70 0.1204468384385109 9 -1 -1 
724 321 71 32 0.11973094940185547 4 -1 -1 
716 324 79 42 0.11963149160146713 5 -1 -1 
492 409 18 34 0.1180138811469078 3 -1 -1 
573 270 19 34 0.11711133271455765 8 -1 -1 
20 441 100 94 0.11627578735351562 4 -1 -1 
421 466 29 57 0.11489571630954742 1 -1 -1 
56 465 76 54 0.11487910151481628 5 -1 -1 
413 142 33 16 0.11236268281936646 5 -1 -1 
571 279 18 28 0.1114736944437027 4 -1 -1 
43 440 65 73 0.1111607700586319 4 -1 -1 
39 490 80 47 0.11092568933963776 5 -1 -1 
877 474 49 48 0.1098266988992691 4 -1 -1 
382 478 67 61 0.10902173817157745 8 -1 -1 
608 138 28 18 0.10741493105888367 4 -1 -1 
44 452 68 68 0.107240691781044 5 -1 -1 
675 485 76 40 0.10646897554397583 7 -1 -1 
421 466 29 57 0.10592116415500641 4 -1 -1 
503 178 38 17 0.10529857128858566 6 -1 -1 
274 225 59 26 0.10222553461790085 7 -1 -1 
37 457 102 76 0.1020139679312706 5 -1 -1 
668 491 71 37 0.10168461501598358 1 -1 -1 
332 419 117 103 0.10107946395874023 5 -1 -1 
352 450 92 53 0.10074752569198608 4 -1 -1 
526 267 23 18 0.09996292740106583 10 -1 -1 
668 491 71 37 0.09951750934123993 6 -1 -1 
604 153 26 19 0.09915609657764435 4 -1 -1 
571 279 18 28 0.09869690984487534 3 -1 -1 
873 325 53 55 0.09702395647764206 4 -1 -1 
547 111 21 19 0.09650848060846329 4 -1 -1 
362 110 23 20 0.09540467709302902 7 -1 -1 
604 141 27 19 0.09538325667381287 4 -1 -1 
363 109 26 20 0.09532832354307175 8 -1 -1 
369 301 66 32 0.09504563361406326 4 -1 -1 
714 336 80 40 0.09496955573558807 4 -1 -1 
412 466 38 57 0.09482193738222122 10 -1 -1 
413 142 34 16 0.09409669786691666 1 -1 -1 
669 491 70 37 0.09319759160280228 4 -1 -1 
403 461 47 60 0.09262553602457047 1 -1 -1 
698 475 52 40 0.0917467474937439 7 -1 -1 
503 178 38 17 0.09086139500141144 7 -1 -1 
303 443 145 83 0.09073955565690994 4 -1 -1 
552 417 41 59 0.0906020924448967 1 -1 -1 
571 281 18 26 0.08809488266706467 5 -1 -1 
350 458 97 53 0.08797213435173035 6 -1 -1 
265 231 75 36 0.08613946288824081 6 -1 -1 
713 462 37 48 0.08613117039203644 7 -1 -1 
871 461 48 53 0.08521673083305359 4 -1 -1 
503 178 38 17 0.08519654721021652 1 -1 -1 
274 227 61 27 0.08439504355192184 5 -1 -1 
55 448 78 66 0.08436371386051178 4 -1 -1 
613 133 26 22 0.08426579087972641 4 -1 -1 
408 481 42 58 0.08364538103342056 8 -1 -1 
607 154 38 19 0.08327513933181763 5 -1 -1 
366 433 85 94 0.08307154476642609 5 -1 -1 
573 270 19 34 0.082776740193367 1 -1 -1 
274 227 61 27 0.08261124044656754 8 -1 -1 
492 407 18 35 0.0822085291147232 1 -1 -1 
306 444 144 83 0.08191058784723282 6 -1 -1 
-2 458 123 80 0.0815543383359909 6 -1 -1 
571 279 18 28 0.08113616704940796 10 -1 -1 
412 463 38 57 0.08111916482448578 6 -1 -1 
552 417 41 59 0.07869498431682587 10 -1 -1 
503 178 38 17 0.07850097864866257 8 -1 -1 
359 478 90 57 0.07843824476003647 5 -1 -1 
378 97 27 16 0.07762373238801956 10 -1 -1 
571 279 18 28 0.07705865055322647 9 -1 -1 
278 228 67 31 0.07701145857572556 4 -1 -1 
879 487 55 39 0.07673660665750504 4 -1 -1 
724 321 71 32 0.07648405432701111 5 -1 -1 
799 362 73 36 0.07552766799926758 4 -1 -1 
306 444 144 83 0.07514898478984833 9 -1 -1 
350 458 97 53 0.07475361973047256 5 -1 -1 
691 427 57 34 0.07471194118261337 10 -1 -1 
602 148 25 21 0.07438602298498154 4 -1 -1 
669 491 70 37 0.07435252517461777 9 -1 -1 
691 426 57 35 0.07377104461193085 7 -1 -1 
400 106 28 16 0.07338383048772812 10 -1 -1 
527 209 21 21 0.07336395978927612 3 -1 -1 
295 232 57 30 0.07329581677913666 7 -1 -1 
290 231 61 33 0.07284748554229736 8 -1 -1 
552 417 41 59 0.07264243066310883 9 -1 -1 
494 417 19 29 0.07259906828403473 10 -1 -1 
381 95 28 17 0.07113189995288849 4 -1 -1 
407 470 43 65 0.07103689014911652 4 -1 -1 
492 407 18 36 0.07102485746145248 4 -1 -1 
713 462 37 48 0.07064582407474518 8 -1 -1 
43 436 58 53 0.0706091895699501 4 -1 -1 
575 112 21 23 0.07060504704713821 4 -1 -1 
607 150 32 19 0.07020314782857895 5 -1 -1 
295 230 57 32 0.06954643130302429 4 -1 -1 
714 336 80 40 0.06902928650379181 5 -1 -1 
693 471 54 40 0.0689566433429718 9 -1 -1 
669 492 71 36 0.06815419346094131 10 -1 -1 
322 394 125 110 0.06733370572328568 4 -1 -1 
58 461 98 50 0.06724324077367783 4 -1 -1 
395 447 55 68 0.06711427122354507 5 -1 -1 
356 298 79 34 0.06710116565227509 6 -1 -1 
712 445 38 58 0.06690268218517303 9 -1 -1 
742 317 58 34 0.06686050444841385 4 -1 -1 
527 209 21 21 0.06681536883115768 2 -1 -1 
380 97 40 18 0.06665724515914917 4 -1 -1 
350 300 84 36 0.06653153896331787 9 -1 -1 
493 400 16 33 0.06651211529970169 3 -1 -1 
574 264 18 29 0.06625968217849731 9 -1 -1 
573 269 18 34 0.0659157857298851 5 -1 -1 
573 270 19 34 0.0657355859875679 2 -1 -1 
606 143 27 16 0.06572117656469345 5 -1 -1 
278 228 68 32 0.06499060243368149 7 -1 -1 
618 131 27 23 0.06465422362089157 4 -1 -1 
279 229 69 33 0.06430316716432571 5 -1 -1 
367 434 72 54 0.06408803164958954 4 -1 -1 
413 142 34 16 0.0634060874581337 10 -1 -1 
360 112 23 18 0.06272125244140625 10 -1 -1 
547 111 21 19 0.06264395266771317 5 -1 -1 
503 178 37 17 0.06254164129495621 9 -1 -1 
552 417 41 59 0.06241125613451004 7 -1 -1 
366 433 85 94 0.061474286019802094 6 -1 -1 
55 452 124 73 0.05953381583094597 4 -1 -1 
41 434 89 85 0.05898755416274071 5 -1 -1 
-2 458 123 80 0.056083280593156815 9 -1 -1 
50 440 124 84 0.055850110948085785 5 -1 -1 
669 320 123 86 0.05409049615263939 6 -1 -1 
