438 574 201 90 0.9507511854171753 4 -1 -1 
442 355 192 90 0.9439414739608765 4 -1 -1 
855 410 103 162 0.9438576102256775 4 -1 -1 
1141 299 210 94 0.9424514770507812 5 -1 -1 
440 455 205 89 0.9399986267089844 4 -1 -1 
832 201 91 145 0.9277381300926208 4 -1 -1 
664 397 23 45 0.9267720580101013 1 -1 -1 
474 137 133 67 0.9183827638626099 4 -1 -1 
919 202 88 142 0.9152530431747437 4 -1 -1 
804 71 76 122 0.9103401899337769 4 -1 -1 
441 272 183 84 0.8971678018569946 4 -1 -1 
1110 142 163 67 0.8809952139854431 4 -1 -1 
1224 571 136 86 0.8786064982414246 4 -1 -1 
1130 205 154 71 0.8726487755775452 4 -1 -1 
1153 38 57 45 0.8219459652900696 10 -1 -1 
1226 426 130 87 0.8213374614715576 4 -1 -1 
445 202 166 74 0.8072693347930908 4 -1 -1 
1261 671 100 90 0.6975476145744324 4 -1 -1 
609 418 22 53 0.6898600459098816 1 -1 -1 
509 0 125 33 0.4508507251739502 4 -1 -1 
380 716 230 49 0.4209017753601074 9 -1 -1 
795 -2 133 42 0.4192436635494232 5 -1 -1 
380 716 230 49 0.4157261550426483 5 -1 -1 
794 -2 135 42 0.38917970657348633 6 -1 -1 
476 182 127 27 0.38637927174568176 4 -1 -1 
442 273 182 82 0.28842341899871826 5 -1 -1 
445 202 166 76 0.26058900356292725 5 -1 -1 
469 190 133 24 0.24772925674915314 4 -1 -1 
1139 300 212 92 0.2473875731229782 4 -1 -1 
382 718 221 46 0.24662035703659058 4 -1 -1 
795 -2 133 42 0.24428249895572662 4 -1 -1 
664 397 23 45 0.2012190818786621 4 -1 -1 
475 182 127 26 0.1782502382993698 5 -1 -1 
1153 41 52 41 0.1747056543827057 3 -1 -1 
1151 38 58 45 0.16955280303955078 4 -1 -1 
508 2 125 33 0.16324672102928162 5 -1 -1 
1226 426 130 88 0.16236215829849243 5 -1 -1 
856 410 101 162 0.1586609184741974 1 -1 -1 
804 71 75 122 0.1570686548948288 1 -1 -1 
380 716 230 49 0.15039005875587463 6 -1 -1 
1223 572 137 85 0.14737626910209656 5 -1 -1 
805 71 63 33 0.13634395599365234 4 -1 -1 
608 418 23 52 0.13623376190662384 2 -1 -1 
443 355 192 90 0.12960964441299438 5 -1 -1 
437 573 200 92 0.12519806623458862 5 -1 -1 
1110 142 163 67 0.12386206537485123 1 -1 -1 
383 728 150 36 0.12078193575143814 4 -1 -1 
831 202 92 143 0.12077128142118454 1 -1 -1 
474 137 133 66 0.12062293291091919 1 -1 -1 
1140 300 211 93 0.12055432796478271 6 -1 -1 
438 574 201 90 0.11913760006427765 1 -1 -1 
1152 25 53 50 0.11602698266506195 2 -1 -1 
438 574 201 90 0.11094269901514053 9 -1 -1 
454 196 153 37 0.10993396490812302 4 -1 -1 
918 202 89 143 0.10888701677322388 1 -1 -1 
1130 205 154 71 0.10809660702943802 1 -1 -1 
441 455 204 88 0.1078687459230423 5 -1 -1 
856 410 101 162 0.10741009563207626 9 -1 -1 
474 137 133 67 0.10687396675348282 10 -1 -1 
1224 426 134 88 0.10570275783538818 1 -1 -1 
469 190 133 24 0.1046990305185318 5 -1 -1 
856 410 101 163 0.10268373042345047 10 -1 -1 
442 355 192 89 0.1019761934876442 1 -1 -1 
1140 300 211 93 0.1006716936826706 8 -1 -1 
919 202 88 143 0.10054759681224823 10 -1 -1 
832 202 91 144 0.10043080896139145 10 -1 -1 
442 355 192 89 0.09903283417224884 9 -1 -1 
1109 142 157 64 0.09848983585834503 5 -1 -1 
1140 300 211 93 0.09838982671499252 10 -1 -1 
832 201 91 145 0.09734555333852768 5 -1 -1 
548 1 84 29 0.09655224531888962 4 -1 -1 
440 455 205 89 0.0962919220328331 1 -1 -1 
1223 574 136 84 0.09415122121572495 10 -1 -1 
918 202 89 142 0.09267709404230118 5 -1 -1 
474 137 133 66 0.09179217368364334 5 -1 -1 
795 -1 133 41 0.0916610136628151 8 -1 -1 
1224 571 136 86 0.08976268768310547 1 -1 -1 
419 700 192 63 0.08947686105966568 4 -1 -1 
441 455 204 88 0.08869355916976929 9 -1 -1 
438 573 200 91 0.08507782965898514 10 -1 -1 
385 734 81 30 0.08478470891714096 4 -1 -1 
438 574 201 90 0.084764763712883 7 -1 -1 
856 410 101 163 0.08475204557180405 5 -1 -1 
795 1 134 62 0.08403292298316956 6 -1 -1 
1153 16 45 54 0.08396529406309128 1 -1 -1 
855 410 103 162 0.08331996202468872 7 -1 -1 
1152 33 46 42 0.08278234302997589 9 -1 -1 
805 71 75 123 0.08221139758825302 9 -1 -1 
443 355 191 89 0.08141367137432098 10 -1 -1 
1261 674 98 86 0.07902983576059341 1 -1 -1 
598 420 30 52 0.07881220430135727 9 -1 -1 
440 455 205 89 0.07859139889478683 10 -1 -1 
1140 300 211 93 0.07824940234422684 2 -1 -1 
919 202 88 143 0.07775536179542542 9 -1 -1 
1224 571 136 86 0.07749849557876587 9 -1 -1 
1153 38 58 45 0.07725543528795242 2 -1 -1 
831 202 93 144 0.07521692663431168 9 -1 -1 
805 71 75 123 0.07427248358726501 10 -1 -1 
804 71 75 122 0.073949433863163 5 -1 -1 
463 714 147 49 0.0738726332783699 4 -1 -1 
442 272 181 83 0.07312176376581192 1 -1 -1 
447 204 161 67 0.07270418852567673 9 -1 -1 
1262 673 97 88 0.07183775305747986 10 -1 -1 
475 182 127 26 0.07139815390110016 6 -1 -1 
792 -2 130 44 0.07005273550748825 9 -1 -1 
474 137 133 66 0.0700121596455574 9 -1 -1 
439 574 199 91 0.06989394873380661 6 -1 -1 
1157 23 44 48 0.06986451894044876 3 -1 -1 
1261 674 98 86 0.06887712329626083 5 -1 -1 
441 272 182 84 0.06882460415363312 6 -1 -1 
381 717 229 48 0.06869545578956604 1 -1 -1 
608 418 22 49 0.06868290156126022 3 -1 -1 
1141 301 210 91 0.06730038672685623 9 -1 -1 
443 355 191 89 0.0672965869307518 7 -1 -1 
384 729 149 34 0.06662722676992416 5 -1 -1 
445 202 166 74 0.06595521420240402 1 -1 -1 
467 182 143 34 0.06582080572843552 9 -1 -1 
1223 574 136 84 0.0652773529291153 7 -1 -1 
383 731 141 33 0.06502001732587814 9 -1 -1 
1153 37 57 46 0.064742311835289 1 -1 -1 
446 699 169 62 0.06454339623451233 9 -1 -1 
380 716 230 49 0.06443766504526138 8 -1 -1 
1262 673 97 88 0.06332626938819885 2 -1 -1 
919 202 88 143 0.06332403421401978 7 -1 -1 
445 202 166 74 0.06298910081386566 10 -1 -1 
1156 17 35 54 0.06294385343790054 2 -1 -1 
664 397 24 46 0.06289302557706833 2 -1 -1 
1110 142 163 67 0.06237580627202988 6 -1 -1 
440 455 205 89 0.06230635195970535 7 -1 -1 
1109 143 164 67 0.06178366765379906 10 -1 -1 
1224 426 134 88 0.060851097106933594 10 -1 -1 
1155 52 49 31 0.06059829890727997 10 -1 -1 
442 273 181 82 0.06046605855226517 10 -1 -1 
467 715 142 48 0.060440920293331146 6 -1 -1 
855 410 103 162 0.06037255376577377 6 -1 -1 
795 -1 135 42 0.060007136315107346 7 -1 -1 
395 730 46 33 0.059526994824409485 1 -1 -1 
832 201 91 144 0.05940854176878929 7 -1 -1 
474 137 133 67 0.059159427881240845 7 -1 -1 
659 393 37 54 0.05913952738046646 1 -1 -1 
1130 205 154 71 0.05870208144187927 10 -1 -1 
1152 38 57 45 0.05829581990838051 7 -1 -1 
1109 142 157 64 0.05826428905129433 9 -1 -1 
609 418 22 53 0.05806148424744606 10 -1 -1 
1126 166 166 88 0.05644255876541138 4 -1 -1 
446 201 164 75 0.055389195680618286 6 -1 -1 
855 410 103 162 0.05500492826104164 8 -1 -1 
1154 53 43 30 0.054987408220767975 3 -1 -1 
381 717 229 48 0.054702624678611755 3 -1 -1 
1226 426 130 88 0.054639656096696854 9 -1 -1 
442 273 181 82 0.05449017882347107 7 -1 -1 
382 736 78 28 0.05444316565990448 9 -1 -1 
1261 669 98 89 0.05442623049020767 9 -1 -1 
855 410 102 162 0.05432039499282837 3 -1 -1 
441 273 182 82 0.05428237468004227 8 -1 -1 
445 202 166 75 0.05420909821987152 8 -1 -1 
609 418 22 53 0.0538446381688118 4 -1 -1 
382 731 122 33 0.05383484810590744 10 -1 -1 
543 0 91 13 0.052977513521909714 4 -1 -1 
1223 573 136 85 0.05286358669400215 8 -1 -1 
1140 300 211 93 0.052275560796260834 7 -1 -1 
548 1 84 29 0.05221891775727272 5 -1 -1 
1135 237 188 102 0.05208256095647812 4 -1 -1 
602 408 35 54 0.05201901122927666 1 -1 -1 
441 455 204 88 0.05156076326966286 6 -1 -1 
1109 143 164 67 0.051547497510910034 7 -1 -1 
805 71 75 123 0.05108775198459625 7 -1 -1 
442 355 192 89 0.05085941031575203 6 -1 -1 
1140 300 211 93 0.05078880488872528 1 -1 -1 
1129 205 148 43 0.05068071931600571 4 -1 -1 
1131 209 150 66 0.050658196210861206 9 -1 -1 
518 714 94 49 0.05042465031147003 9 -1 -1 
664 397 23 45 0.05037357658147812 10 -1 -1 
382 724 96 39 0.050366275012493134 9 -1 -1 
438 573 200 91 0.05028502270579338 8 -1 -1 
1219 578 58 80 0.05027022585272789 9 -1 -1 
586 422 38 48 0.050072554498910904 9 -1 -1 
