1066 271 132 47 0.899903416633606 4 -1 -1 
577 265 128 48 0.8927074670791626 4 -1 -1 
1038 346 20 57 0.8887171149253845 1 -1 -1 
705 182 36 34 0.8845568299293518 4 -1 -1 
702 166 31 28 0.8492401242256165 4 -1 -1 
1140 236 33 24 0.8431923389434814 10 -1 -1 
1013 192 55 33 0.8079740405082703 4 -1 -1 
563 92 20 16 0.7834964394569397 4 -1 -1 
510 139 10 25 0.771410346031189 1 -1 -1 
1199 167 13 28 0.7626003623008728 1 -1 -1 
663 165 15 23 0.7611445784568787 7 -1 -1 
985 176 44 30 0.7386709451675415 4 -1 -1 
1295 184 12 29 0.7363186478614807 1 -1 -1 
836 182 42 34 0.7312308549880981 4 -1 -1 
811 72 25 30 0.7105652689933777 6 -1 -1 
545 108 21 17 0.6920316815376282 4 -1 -1 
929 328 25 46 0.6812970042228699 2 -1 -1 
927 338 29 43 0.6767154932022095 10 -1 -1 
642 114 7 13 0.653668224811554 2 -1 -1 
468 175 15 19 0.6237024068832397 10 -1 -1 
553 88 6 16 0.6156211495399475 1 -1 -1 
642 120 7 11 0.6141512393951416 10 -1 -1 
470 166 13 23 0.6094128489494324 2 -1 -1 
968 162 33 28 0.6032936573028564 4 -1 -1 
1213 225 19 33 0.592736542224884 1 -1 -1 
1292 183 11 30 0.5864421129226685 1 -1 -1 
670 48 10 9 0.5810831189155579 4 -1 -1 
639 86 9 14 0.5678351521492004 1 -1 -1 
583 218 16 33 0.5668722987174988 2 -1 -1 
625 204 17 37 0.5549023151397705 2 -1 -1 
1021 322 22 46 0.5486045479774475 2 -1 -1 
650 205 16 35 0.5366517305374146 2 -1 -1 
909 131 30 22 0.5317838788032532 4 -1 -1 
582 229 17 26 0.5305936932563782 10 -1 -1 
497 195 11 20 0.5218490958213806 2 -1 -1 
1016 341 33 33 0.5209976434707642 3 -1 -1 
626 218 14 30 0.509066641330719 3 -1 -1 
650 205 17 36 0.5060229897499084 1 -1 -1 
582 75 16 17 0.5036203265190125 5 -1 -1 
1320 183 38 34 0.4957738220691681 4 -1 -1 
667 162 11 21 0.4926448166370392 2 -1 -1 
625 203 17 38 0.4904940128326416 1 -1 -1 
560 89 6 15 0.48534220457077026 1 -1 -1 
583 75 17 17 0.4605332612991333 4 -1 -1 
570 73 14 12 0.459276407957077 4 -1 -1 
1147 225 16 30 0.45201966166496277 2 -1 -1 
497 203 12 25 0.4398362636566162 3 -1 -1 
1213 225 17 33 0.4233282506465912 2 -1 -1 
820 92 7 16 0.40219834446907043 1 -1 -1 
669 167 12 21 0.39941835403442383 7 -1 -1 
498 211 10 21 0.3943234384059906 10 -1 -1 
117 392 13 27 0.3858594000339508 1 -1 -1 
1021 322 22 46 0.3838937282562256 1 -1 -1 
497 195 11 26 0.37465935945510864 1 -1 -1 
591 66 23 11 0.3530421853065491 4 -1 -1 
1016 342 34 31 0.3516678214073181 10 -1 -1 
811 72 25 30 0.3408505916595459 8 -1 -1 
681 80 6 9 0.33861061930656433 10 -1 -1 
649 216 19 30 0.3346807062625885 3 -1 -1 
578 67 14 12 0.3317905068397522 4 -1 -1 
670 166 12 21 0.3297612965106964 2 -1 -1 
1291 184 8 28 0.329423189163208 1 -1 -1 
469 173 14 20 0.3292505443096161 2 -1 -1 
665 164 16 24 0.3260881006717682 2 -1 -1 
811 72 25 30 0.3159126341342926 5 -1 -1 
497 205 11 22 0.3075108528137207 10 -1 -1 
662 166 12 21 0.3065725862979889 2 -1 -1 
819 93 7 15 0.3052176237106323 2 -1 -1 
650 215 18 29 0.30417633056640625 10 -1 -1 
1143 228 23 29 0.30347883701324463 10 -1 -1 
674 167 8 19 0.3000630736351013 1 -1 -1 
581 231 19 23 0.29873403906822205 3 -1 -1 
673 58 8 8 0.29756516218185425 4 -1 -1 
667 162 9 13 0.2963241934776306 2 -1 -1 
1067 272 131 47 0.29530829191207886 9 -1 -1 
498 211 10 21 0.2951383590698242 3 -1 -1 
807 69 8 24 0.29322633147239685 1 -1 -1 
1018 337 29 36 0.28896364569664 2 -1 -1 
261 69 30 18 0.2871004641056061 5 -1 -1 
1018 337 29 36 0.2779793441295624 1 -1 -1 
1148 225 13 31 0.27623385190963745 1 -1 -1 
940 123 45 25 0.2731824815273285 4 -1 -1 
670 162 11 20 0.27144575119018555 2 -1 -1 
1216 160 19 14 0.26925942301750183 10 -1 -1 
940 120 39 20 0.26660579442977905 4 -1 -1 
836 181 41 35 0.2658839821815491 5 -1 -1 
909 131 30 22 0.2657361924648285 5 -1 -1 
569 93 15 12 0.265691339969635 4 -1 -1 
818 91 7 15 0.26531532406806946 1 -1 -1 
581 229 19 26 0.26276230812072754 2 -1 -1 
626 216 15 32 0.25852957367897034 10 -1 -1 
597 54 24 12 0.2580309212207794 4 -1 -1 
639 86 9 14 0.25663742423057556 2 -1 -1 
642 114 7 14 0.2561338543891907 10 -1 -1 
573 72 15 12 0.2559435963630676 4 -1 -1 
1020 328 23 42 0.2553049921989441 3 -1 -1 
788 70 44 24 0.2527908384799957 6 -1 -1 
821 92 7 14 0.2486431747674942 2 -1 -1 
642 119 7 12 0.2421884536743164 2 -1 -1 
582 219 17 33 0.24166826903820038 10 -1 -1 
929 328 25 46 0.23994487524032593 1 -1 -1 
470 166 13 24 0.23896153271198273 1 -1 -1 
497 205 11 22 0.23862260580062866 2 -1 -1 
576 70 14 11 0.2344089150428772 4 -1 -1 
960 156 38 32 0.23391695320606232 4 -1 -1 
582 218 17 33 0.2327045202255249 1 -1 -1 
650 209 14 33 0.23269598186016083 3 -1 -1 
642 119 7 13 0.2309223711490631 3 -1 -1 
218 96 80 31 0.23001395165920258 4 -1 -1 
616 80 15 18 0.22988660633563995 4 -1 -1 
468 176 15 17 0.22966191172599792 3 -1 -1 
823 90 7 15 0.22505566477775574 1 -1 -1 
587 226 13 26 0.2232348918914795 2 -1 -1 
666 162 10 21 0.2156440019607544 1 -1 -1 
549 100 8 11 0.21498560905456543 10 -1 -1 
558 89 6 15 0.21449987590312958 1 -1 -1 
1140 235 32 25 0.21426266431808472 2 -1 -1 
553 88 6 15 0.2119823545217514 2 -1 -1 
593 47 25 13 0.2105151116847992 5 -1 -1 
642 114 7 13 0.210224449634552 1 -1 -1 
937 126 35 21 0.20929957926273346 4 -1 -1 
625 216 16 33 0.20665501058101654 2 -1 -1 
811 72 25 30 0.20326197147369385 9 -1 -1 
496 199 13 32 0.20200610160827637 10 -1 -1 
261 69 30 18 0.19582846760749817 4 -1 -1 
625 206 17 36 0.18273338675498962 3 -1 -1 
1319 186 39 30 0.17953653633594513 5 -1 -1 
467 168 18 27 0.16962456703186035 10 -1 -1 
661 164 20 26 0.16769275069236755 8 -1 -1 
216 98 96 43 0.16402481496334076 4 -1 -1 
626 205 16 37 0.1602291762828827 10 -1 -1 
1140 236 33 24 0.14785967767238617 3 -1 -1 
1140 237 33 23 0.14184187352657318 4 -1 -1 
576 264 130 51 0.141543447971344 5 -1 -1 
784 69 35 23 0.14006757736206055 6 -1 -1 
649 205 16 35 0.13943202793598175 10 -1 -1 
1067 272 131 47 0.13927628099918365 5 -1 -1 
25 337 60 43 0.13747857511043549 4 -1 -1 
581 229 19 26 0.13711386919021606 1 -1 -1 
1012 193 56 32 0.13182121515274048 5 -1 -1 
1335 181 24 33 0.12854261696338654 4 -1 -1 
943 155 56 37 0.1279180943965912 4 -1 -1 
242 105 97 49 0.12698428332805634 4 -1 -1 
812 72 24 31 0.12565112113952637 4 -1 -1 
590 47 31 17 0.12205496430397034 5 -1 -1 
582 219 17 33 0.12073531001806259 3 -1 -1 
1218 227 18 32 0.12034327536821365 1 -1 -1 
813 83 25 25 0.11819881945848465 4 -1 -1 
220 102 103 53 0.11794472485780716 9 -1 -1 
231 92 89 36 0.11534745991230011 4 -1 -1 
1321 180 37 25 0.11522509157657623 4 -1 -1 
435 350 40 54 0.11472667753696442 10 -1 -1 
1143 227 22 29 0.11440494656562805 1 -1 -1 
1067 272 131 47 0.11426737904548645 6 -1 -1 
507 136 15 29 0.11415889114141464 1 -1 -1 
1068 271 131 46 0.11294727027416229 1 -1 -1 
647 204 14 34 0.10992632806301117 2 -1 -1 
953 146 50 40 0.10966628789901733 4 -1 -1 
924 323 35 56 0.10828539729118347 2 -1 -1 
811 72 25 30 0.10806514322757721 7 -1 -1 
496 199 14 31 0.10716138035058975 1 -1 -1 
1012 193 56 32 0.1054501011967659 9 -1 -1 
582 61 34 16 0.10515802353620529 4 -1 -1 
220 102 103 53 0.10458839684724808 5 -1 -1 
593 48 30 17 0.10360939800739288 4 -1 -1 
116 391 15 30 0.1025315374135971 2 -1 -1 
587 52 33 17 0.1022011861205101 4 -1 -1 
1016 324 34 52 0.09828367084264755 1 -1 -1 
1066 272 132 47 0.09819971024990082 10 -1 -1 
495 206 16 28 0.0967988595366478 3 -1 -1 
958 160 52 34 0.0952959656715393 4 -1 -1 
447 134 33 24 0.09511309862136841 7 -1 -1 
114 392 19 32 0.09470701217651367 1 -1 -1 
805 69 29 26 0.0943688154220581 6 -1 -1 
581 228 19 27 0.09399668127298355 7 -1 -1 
576 264 130 51 0.09358169883489609 9 -1 -1 
23 350 64 40 0.09279639273881912 4 -1 -1 
584 48 33 18 0.09231986850500107 4 -1 -1 
584 48 33 18 0.091853067278862 5 -1 -1 
938 125 58 33 0.09157785773277283 4 -1 -1 
212 93 80 32 0.09122702479362488 5 -1 -1 
211 98 96 44 0.09115227311849594 5 -1 -1 
209 90 81 30 0.09059366583824158 4 -1 -1 
800 70 35 24 0.09031912684440613 5 -1 -1 
260 70 31 17 0.08959617465734482 8 -1 -1 
577 265 128 48 0.08923210948705673 1 -1 -1 
1012 193 56 32 0.08916223794221878 6 -1 -1 
8 361 48 49 0.08804173022508621 1 -1 -1 
467 168 18 27 0.08790133148431778 1 -1 -1 
938 125 58 33 0.08651524037122726 5 -1 -1 
661 164 20 26 0.08642537146806717 10 -1 -1 
581 65 31 14 0.08544351160526276 4 -1 -1 
647 205 14 35 0.08481660485267639 1 -1 -1 
653 206 16 36 0.08444097638130188 10 -1 -1 
115 392 17 32 0.08357708156108856 3 -1 -1 
625 218 16 37 0.08354485780000687 1 -1 -1 
644 214 18 31 0.08349820971488953 3 -1 -1 
21 357 70 53 0.0831172913312912 4 -1 -1 
223 112 100 50 0.08263632655143738 4 -1 -1 
950 133 53 42 0.08188652992248535 4 -1 -1 
211 98 96 44 0.08165125548839569 9 -1 -1 
583 59 33 17 0.08093108236789703 6 -1 -1 
1140 235 32 25 0.08070896565914154 1 -1 -1 
438 351 36 58 0.08058583736419678 1 -1 -1 
590 46 30 15 0.07941263914108276 4 -1 -1 
938 125 58 33 0.07932353019714355 6 -1 -1 
662 163 20 27 0.07920820266008377 1 -1 -1 
580 213 19 30 0.07878804951906204 2 -1 -1 
929 152 68 35 0.07870396971702576 6 -1 -1 
260 70 31 17 0.07810311019420624 6 -1 -1 
930 135 63 39 0.07777858525514603 6 -1 -1 
1139 231 23 27 0.07770371437072754 2 -1 -1 
580 71 24 22 0.07734367996454239 4 -1 -1 
777 65 38 21 0.0773121565580368 4 -1 -1 
463 174 21 24 0.07699035108089447 10 -1 -1 
577 125 21 31 0.0767073705792427 1 -1 -1 
576 264 131 50 0.07651042938232422 10 -1 -1 
1017 324 35 53 0.07618524879217148 10 -1 -1 
20 372 80 43 0.07617466151714325 4 -1 -1 
576 264 130 51 0.06005024537444115 6 -1 -1 
782 66 57 37 0.05585717782378197 6 -1 -1 
