556 87 33 53 0.9713460803031921 5 -1 -1 
864 623 96 142 0.9518232941627502 4 -1 -1 
518 207 51 67 0.9404489398002625 4 -1 -1 
678 563 77 137 0.9328162670135498 4 -1 -1 
455 408 65 99 0.9255353212356567 4 -1 -1 
441 329 101 80 0.9151498079299927 4 -1 -1 
492 193 28 19 0.9051565527915955 3 -1 -1 
796 262 56 70 0.9013411402702332 4 -1 -1 
576 301 16 42 0.8951392769813538 1 -1 -1 
820 343 63 83 0.8797059655189514 4 -1 -1 
587 18 37 36 0.8683450818061829 4 -1 -1 
607 60 10 28 0.8663309216499329 1 -1 -1 
535 148 43 51 0.8283990025520325 4 -1 -1 
515 302 21 33 0.8173884749412537 1 -1 -1 
808 442 61 79 0.7945394515991211 4 -1 -1 
797 230 104 49 0.7899237871170044 4 -1 -1 
596 63 10 25 0.7678936719894409 1 -1 -1 
436 113 12 30 0.7338648438453674 1 -1 -1 
399 451 19 41 0.7052834033966064 1 -1 -1 
625 239 15 32 0.6524925827980042 2 -1 -1 
366 174 13 34 0.6451743245124817 1 -1 -1 
992 665 62 36 0.5976440906524658 10 -1 -1 
445 111 12 29 0.5811051726341248 1 -1 -1 
398 122 12 24 0.5805676579475403 10 -1 -1 
568 40 32 37 0.5675750374794006 5 -1 -1 
295 352 125 86 0.5505672097206116 4 -1 -1 
442 43 13 30 0.5382981300354004 1 -1 -1 
399 120 11 18 0.5320878028869629 2 -1 -1 
767 45 36 37 0.531401515007019 4 -1 -1 
625 248 15 32 0.5266263484954834 10 -1 -1 
286 287 49 66 0.5242835879325867 5 -1 -1 
345 302 45 34 0.5231919884681702 10 -1 -1 
1018 659 22 38 0.5025241374969482 2 -1 -1 
737 314 78 93 0.4809896647930145 4 -1 -1 
804 214 96 38 0.47209474444389343 4 -1 -1 
1007 601 22 38 0.4706484377384186 10 -1 -1 
446 272 53 28 0.46028652787208557 7 -1 -1 
577 0 45 26 0.4582083523273468 4 -1 -1 
430 55 23 24 0.45305702090263367 3 -1 -1 
413 276 55 31 0.4516367018222809 10 -1 -1 
405 256 41 27 0.45001551508903503 3 -1 -1 
568 40 31 37 0.4332118630409241 4 -1 -1 
296 350 109 50 0.42675188183784485 4 -1 -1 
740 34 18 25 0.42279744148254395 1 -1 -1 
501 729 34 35 0.4185757637023926 2 -1 -1 
735 34 14 25 0.3973974585533142 1 -1 -1 
1006 665 40 33 0.39275825023651123 10 -1 -1 
286 287 49 66 0.3923281729221344 8 -1 -1 
500 729 35 35 0.38270676136016846 1 -1 -1 
398 450 16 32 0.37629082798957825 1 -1 -1 
625 249 15 30 0.3743181824684143 3 -1 -1 
400 91 15 23 0.3723669946193695 1 -1 -1 
457 275 41 26 0.3629988133907318 3 -1 -1 
461 245 30 25 0.36260467767715454 10 -1 -1 
737 314 78 93 0.36214491724967957 5 -1 -1 
495 159 21 29 0.35506659746170044 10 -1 -1 
406 262 46 30 0.35147371888160706 3 -1 -1 
398 123 12 23 0.347328782081604 3 -1 -1 
418 250 71 36 0.340968519449234 7 -1 -1 
1006 665 40 33 0.33759045600891113 2 -1 -1 
409 274 52 30 0.3207494616508484 7 -1 -1 
419 259 75 41 0.3206373155117035 7 -1 -1 
438 112 16 33 0.31792500615119934 1 -1 -1 
421 242 69 33 0.3130768835544586 7 -1 -1 
734 33 12 22 0.30806681513786316 1 -1 -1 
407 261 53 32 0.3069571554660797 7 -1 -1 
345 302 43 32 0.306729257106781 2 -1 -1 
404 405 15 38 0.30407944321632385 1 -1 -1 
445 300 62 33 0.3018547594547272 10 -1 -1 
481 156 35 32 0.2998865246772766 10 -1 -1 
286 288 49 64 0.295831561088562 4 -1 -1 
442 43 13 30 0.29488518834114075 2 -1 -1 
408 272 45 28 0.2937420606613159 10 -1 -1 
344 302 53 45 0.2919818162918091 7 -1 -1 
382 716 89 48 0.2913155257701874 4 -1 -1 
407 259 55 31 0.2866518199443817 10 -1 -1 
286 288 49 64 0.27721086144447327 6 -1 -1 
784 77 39 41 0.2770485579967499 3 -1 -1 
735 34 14 25 0.27695998549461365 10 -1 -1 
413 259 52 31 0.27682408690452576 3 -1 -1 
425 270 37 30 0.2757847011089325 10 -1 -1 
850 214 31 26 0.2729349732398987 10 -1 -1 
574 0 48 27 0.27173078060150146 5 -1 -1 
435 49 19 26 0.2656455338001251 3 -1 -1 
904 354 28 41 0.26559141278266907 7 -1 -1 
296 379 111 68 0.2627392113208771 4 -1 -1 
993 669 61 32 0.2579176425933838 3 -1 -1 
787 135 35 52 0.2575681805610657 4 -1 -1 
768 95 55 53 0.25617384910583496 4 -1 -1 
446 300 61 33 0.2541459798812866 3 -1 -1 
904 359 41 39 0.2531331777572632 10 -1 -1 
739 34 18 26 0.25144365429878235 10 -1 -1 
930 314 17 39 0.24932841956615448 10 -1 -1 
455 234 36 35 0.24798712134361267 10 -1 -1 
454 278 44 26 0.2442440539598465 7 -1 -1 
626 239 14 31 0.2394448071718216 1 -1 -1 
992 670 60 31 0.23657001554965973 7 -1 -1 
410 270 50 31 0.23592054843902588 3 -1 -1 
1018 659 22 38 0.2319767028093338 1 -1 -1 
367 174 13 33 0.2315269410610199 2 -1 -1 
497 160 19 28 0.23135963082313538 2 -1 -1 
734 33 12 22 0.22974884510040283 2 -1 -1 
767 46 37 38 0.2271070033311844 5 -1 -1 
345 302 46 36 0.22676625847816467 8 -1 -1 
432 55 24 23 0.2257702648639679 10 -1 -1 
399 451 16 35 0.22441530227661133 2 -1 -1 
788 136 33 52 0.2230362445116043 10 -1 -1 
423 64 23 17 0.22262899577617645 3 -1 -1 
408 277 34 27 0.22039054334163666 10 -1 -1 
493 159 23 28 0.22003552317619324 7 -1 -1 
626 238 13 22 0.21942366659641266 2 -1 -1 
296 354 80 69 0.21874330937862396 4 -1 -1 
904 355 27 41 0.2184983342885971 2 -1 -1 
398 122 12 24 0.21703876554965973 2 -1 -1 
400 92 15 21 0.2156941145658493 2 -1 -1 
472 152 43 36 0.21517683565616608 7 -1 -1 
448 273 51 29 0.2149183303117752 8 -1 -1 
808 206 79 34 0.21341660618782043 4 -1 -1 
398 449 14 23 0.21333624422550201 1 -1 -1 
456 274 42 27 0.21124933660030365 10 -1 -1 
808 213 74 31 0.2091929018497467 7 -1 -1 
405 263 41 35 0.2091771364212036 10 -1 -1 
491 150 25 34 0.20879720151424408 10 -1 -1 
930 317 19 47 0.20816685259342194 3 -1 -1 
439 239 52 32 0.2074350267648697 10 -1 -1 
765 69 58 50 0.20690768957138062 6 -1 -1 
347 302 28 27 0.20638743042945862 2 -1 -1 
424 57 19 23 0.20580293238162994 3 -1 -1 
294 354 124 89 0.2050320953130722 5 -1 -1 
796 230 104 51 0.205013707280159 5 -1 -1 
747 43 64 70 0.2043236941099167 4 -1 -1 
768 95 55 53 0.20405671000480652 5 -1 -1 
399 121 11 17 0.20277412235736847 10 -1 -1 
992 666 63 34 0.20240803062915802 2 -1 -1 
494 160 21 28 0.2000533491373062 8 -1 -1 
740 33 18 26 0.19864709675312042 2 -1 -1 
1022 665 26 33 0.19850538671016693 2 -1 -1 
721 94 96 49 0.1983894556760788 4 -1 -1 
430 49 19 24 0.19741784036159515 3 -1 -1 
769 76 54 40 0.19672536849975586 5 -1 -1 
465 153 50 36 0.19658884406089783 10 -1 -1 
286 287 49 66 0.19647753238677979 9 -1 -1 
432 53 33 27 0.19627782702445984 3 -1 -1 
607 59 10 28 0.1959177553653717 2 -1 -1 
843 57 14 41 0.19526654481887817 1 -1 -1 
405 257 40 29 0.19401836395263672 10 -1 -1 
904 354 27 41 0.19326969981193542 8 -1 -1 
735 34 14 25 0.19178883731365204 2 -1 -1 
348 178 12 29 0.19076509773731232 1 -1 -1 
834 0 6 9 0.19068869948387146 1 -1 -1 
406 278 24 25 0.19048716127872467 10 -1 -1 
462 215 46 24 0.1903756558895111 10 -1 -1 
408 267 52 33 0.1898760348558426 8 -1 -1 
904 356 25 40 0.18962053954601288 10 -1 -1 
556 87 33 53 0.1888522505760193 4 -1 -1 
405 263 41 35 0.1882859766483307 7 -1 -1 
1001 608 26 32 0.188064843416214 10 -1 -1 
750 38 56 54 0.1880556344985962 4 -1 -1 
382 716 89 48 0.18654565513134003 5 -1 -1 
407 262 64 41 0.18644191324710846 10 -1 -1 
735 34 14 25 0.18542344868183136 3 -1 -1 
470 251 22 20 0.18437373638153076 10 -1 -1 
788 136 33 52 0.18435639142990112 1 -1 -1 
434 44 23 28 0.18367880582809448 1 -1 -1 
770 78 53 38 0.1830434799194336 4 -1 -1 
497 160 19 28 0.18293659389019012 1 -1 -1 
398 131 11 17 0.18254728615283966 3 -1 -1 
448 242 42 29 0.18221576511859894 3 -1 -1 
625 239 15 33 0.18211710453033447 10 -1 -1 
415 250 70 32 0.18055768311023712 10 -1 -1 
864 623 96 142 0.17730365693569183 9 -1 -1 
421 243 70 33 0.1764136105775833 10 -1 -1 
399 514 18 43 0.17566606402397156 1 -1 -1 
445 111 18 34 0.17519603669643402 1 -1 -1 
399 514 18 43 0.16593500971794128 10 -1 -1 
625 246 16 33 0.16548281908035278 2 -1 -1 
436 47 21 27 0.1654406189918518 10 -1 -1 
422 56 29 25 0.16191348433494568 3 -1 -1 
452 48 27 30 0.16041243076324463 3 -1 -1 
808 443 62 78 0.15898896753787994 5 -1 -1 
302 328 141 83 0.15737082064151764 6 -1 -1 
747 52 75 69 0.15643782913684845 6 -1 -1 
752 83 69 52 0.1559533327817917 4 -1 -1 
439 52 35 26 0.1542045772075653 3 -1 -1 
462 37 19 34 0.15012337267398834 1 -1 -1 
294 351 56 56 0.14898206293582916 4 -1 -1 
425 253 70 39 0.1488068401813507 10 -1 -1 
446 298 66 35 0.14636075496673584 7 -1 -1 
737 313 78 94 0.1459595263004303 6 -1 -1 
322 386 96 57 0.14388547837734222 4 -1 -1 
1007 601 22 38 0.143149733543396 3 -1 -1 
418 250 71 36 0.14207126200199127 8 -1 -1 
409 277 69 32 0.14201754331588745 7 -1 -1 
743 92 77 50 0.1414709985256195 5 -1 -1 
419 259 75 41 0.14016421139240265 8 -1 -1 
728 32 77 53 0.13972587883472443 4 -1 -1 
678 563 77 137 0.13881216943264008 1 -1 -1 
989 664 65 37 0.1381727010011673 8 -1 -1 
821 343 62 82 0.13780242204666138 5 -1 -1 
764 82 59 55 0.1372002214193344 6 -1 -1 
295 347 77 47 0.1371096819639206 4 -1 -1 
459 44 23 32 0.13641399145126343 3 -1 -1 
576 301 16 42 0.13570910692214966 4 -1 -1 
295 350 112 52 0.13360853493213654 5 -1 -1 
297 333 99 59 0.13292178511619568 4 -1 -1 
737 313 78 94 0.13099946081638336 8 -1 -1 
864 623 95 141 0.12994647026062012 10 -1 -1 
344 302 57 51 0.1294894516468048 8 -1 -1 
754 43 62 73 0.12842994928359985 5 -1 -1 
421 242 69 33 0.12716631591320038 8 -1 -1 
300 387 112 60 0.12315751612186432 5 -1 -1 
418 265 77 38 0.12267826497554779 10 -1 -1 
722 45 98 74 0.12250087410211563 4 -1 -1 
286 288 49 65 0.12092143297195435 7 -1 -1 
344 303 63 64 0.11927561461925507 7 -1 -1 
758 78 65 52 0.11803708970546722 5 -1 -1 
440 46 29 28 0.11790364980697632 3 -1 -1 
356 174 22 34 0.11648689210414886 1 -1 -1 
421 243 70 33 0.11640724539756775 3 -1 -1 
407 258 66 40 0.11636097729206085 8 -1 -1 
903 333 48 65 0.11606060713529587 10 -1 -1 
754 67 68 55 0.11536101251840591 4 -1 -1 
434 44 23 28 0.11504264920949936 2 -1 -1 
444 383 84 26 0.11485020816326141 4 -1 -1 
296 349 125 78 0.11442932486534119 6 -1 -1 
455 408 66 99 0.11280437558889389 5 -1 -1 
408 253 73 36 0.11219105869531631 3 -1 -1 
754 59 68 61 0.11180183291435242 9 -1 -1 
745 65 77 58 0.11119227856397629 5 -1 -1 
408 273 63 34 0.110397107899189 8 -1 -1 
737 310 83 102 0.1103501096367836 9 -1 -1 
348 175 18 34 0.1099814623594284 1 -1 -1 
678 563 77 137 0.10985324531793594 9 -1 -1 
344 301 54 47 0.10918134450912476 4 -1 -1 
805 213 81 34 0.10881113260984421 10 -1 -1 
721 67 100 59 0.10765212029218674 6 -1 -1 
317 300 130 97 0.10730158537626266 6 -1 -1 
517 207 52 67 0.10490632057189941 9 -1 -1 
797 230 103 51 0.10411247611045837 1 -1 -1 
313 405 94 47 0.10360698401927948 4 -1 -1 
370 170 18 34 0.10275783389806747 1 -1 -1 
796 221 88 39 0.10264995694160461 4 -1 -1 
677 563 79 137 0.10255490243434906 10 -1 -1 
308 326 152 89 0.1025269478559494 4 -1 -1 
761 44 50 61 0.1020485907793045 6 -1 -1 
864 623 95 141 0.10162398219108582 7 -1 -1 
515 302 21 33 0.10041999816894531 4 -1 -1 
625 246 16 33 0.10019651055335999 1 -1 -1 
517 207 52 67 0.10002626478672028 1 -1 -1 
429 264 69 38 0.0976090207695961 3 -1 -1 
856 267 50 55 0.09645792841911316 7 -1 -1 
1001 607 26 34 0.09640561044216156 3 -1 -1 
863 624 96 141 0.09571874141693115 5 -1 -1 
294 339 133 70 0.09454279392957687 4 -1 -1 
864 623 96 142 0.09420672804117203 1 -1 -1 
297 338 138 82 0.08317407220602036 5 -1 -1 
864 623 95 142 0.07397931814193726 6 -1 -1 
295 385 126 89 0.07246814668178558 4 -1 -1 
321 714 154 53 0.0713578388094902 4 -1 -1 
294 350 124 83 0.061743106693029404 9 -1 -1 
441 329 103 81 0.054919417947530746 9 -1 -1 
291 379 123 79 0.05479656904935837 6 -1 -1 
864 623 96 142 0.05460312217473984 8 -1 -1 
321 714 154 53 0.05172223970293999 9 -1 -1 
735 309 88 101 0.05172184109687805 7 -1 -1 
710 40 114 96 0.051411453634500504 6 -1 -1 
