908 367 52 78 0.9980758428573608 6 -1 -1 
54 593 171 76 0.9568060040473938 4 -1 -1 
525 380 54 69 0.9311243295669556 4 -1 -1 
834 156 36 33 0.9268728494644165 4 -1 -1 
835 317 48 51 0.9172954559326172 4 -1 -1 
631 106 31 32 0.8855525255203247 6 -1 -1 
995 571 20 41 0.8813871145248413 1 -1 -1 
807 92 36 28 0.8705486059188843 4 -1 -1 
629 179 11 29 0.8635276556015015 1 -1 -1 
620 178 10 29 0.8631500005722046 1 -1 -1 
780 126 10 25 0.8623586297035217 1 -1 -1 
788 101 8 23 0.8487134575843811 1 -1 -1 
553 323 14 35 0.8451305627822876 1 -1 -1 
855 230 40 43 0.8416756987571716 4 -1 -1 
0 684 147 75 0.841129720211029 4 -1 -1 
848 367 34 24 0.8379677534103394 10 -1 -1 
611 33 28 26 0.7987382411956787 5 -1 -1 
780 104 9 20 0.797066867351532 1 -1 -1 
504 339 16 35 0.7939891219139099 1 -1 -1 
607 82 46 27 0.7915268540382385 4 -1 -1 
799 133 8 24 0.7895966172218323 1 -1 -1 
652 67 12 15 0.7860150933265686 7 -1 -1 
535 319 12 33 0.7846367955207825 1 -1 -1 
778 39 22 20 0.7595551013946533 4 -1 -1 
752 122 11 18 0.7372642159461975 2 -1 -1 
924 603 94 49 0.7352651953697205 7 -1 -1 
253 577 28 36 0.7256592512130737 2 -1 -1 
585 137 52 27 0.7209716439247131 4 -1 -1 
695 19 7 12 0.7204282879829407 2 -1 -1 
853 61 8 21 0.7202944159507751 1 -1 -1 
687 240 15 29 0.715846598148346 10 -1 -1 
729 22 21 21 0.7047823071479797 4 -1 -1 
787 60 7 19 0.6971995234489441 1 -1 -1 
774 27 24 19 0.6966049671173096 4 -1 -1 
272 565 21 33 0.694353461265564 2 -1 -1 
833 191 12 23 0.6933192014694214 10 -1 -1 
779 59 8 19 0.6866209506988525 1 -1 -1 
690 80 8 16 0.6804838180541992 2 -1 -1 
688 235 12 23 0.6798243522644043 2 -1 -1 
631 106 31 31 0.6787091493606567 4 -1 -1 
690 85 9 17 0.6733615398406982 10 -1 -1 
293 562 19 29 0.6673093438148499 2 -1 -1 
907 588 22 52 0.6582303047180176 1 -1 -1 
752 126 11 20 0.6546017527580261 10 -1 -1 
525 122 63 28 0.6529762744903564 4 -1 -1 
1003 356 16 19 0.6485865116119385 2 -1 -1 
782 0 21 12 0.6115587949752808 4 -1 -1 
813 53 23 25 0.6088146567344666 4 -1 -1 
527 45 42 24 0.6025611162185669 5 -1 -1 
695 23 6 13 0.5853222608566284 10 -1 -1 
653 63 9 14 0.5824394226074219 2 -1 -1 
1023 359 17 36 0.5823750495910645 2 -1 -1 
847 129 12 20 0.5816947817802429 10 -1 -1 
495 105 10 25 0.5778822898864746 1 -1 -1 
987 364 15 26 0.5649228096008301 2 -1 -1 
686 0 6 11 0.5606111288070679 2 -1 -1 
1007 369 17 24 0.5481717586517334 2 -1 -1 
686 4 7 11 0.5382159948348999 10 -1 -1 
1022 336 13 33 0.5272998809814453 1 -1 -1 
546 145 62 33 0.5243951082229614 5 -1 -1 
545 145 62 33 0.515588104724884 4 -1 -1 
992 607 24 40 0.4671623408794403 3 -1 -1 
622 0 29 10 0.4626867473125458 4 -1 -1 
1024 359 16 40 0.4314776360988617 1 -1 -1 
908 368 52 77 0.4227050244808197 4 -1 -1 
652 68 11 14 0.4159330725669861 10 -1 -1 
999 370 13 21 0.41261839866638184 2 -1 -1 
938 584 21 30 0.4045303463935852 2 -1 -1 
695 23 6 13 0.40394049882888794 3 -1 -1 
527 45 45 24 0.3998418152332306 4 -1 -1 
938 585 21 36 0.39295846223831177 1 -1 -1 
908 367 52 78 0.38662198185920715 5 -1 -1 
1022 345 12 31 0.38589340448379517 1 -1 -1 
908 367 52 78 0.38520678877830505 10 -1 -1 
1277 740 34 23 0.36931025981903076 1 -1 -1 
908 367 52 78 0.3676798939704895 7 -1 -1 
653 63 9 16 0.365867018699646 7 -1 -1 
880 9 9 19 0.35490894317626953 1 -1 -1 
266 584 16 28 0.34753474593162537 2 -1 -1 
861 61 7 19 0.33704060316085815 1 -1 -1 
992 605 18 31 0.32679492235183716 2 -1 -1 
959 602 18 26 0.3161695897579193 2 -1 -1 
922 602 95 50 0.3135104775428772 8 -1 -1 
687 238 14 30 0.3106859624385834 2 -1 -1 
686 2 7 13 0.3067813813686371 2 -1 -1 
807 5 6 12 0.3051433563232422 2 -1 -1 
849 127 9 17 0.3045770823955536 2 -1 -1 
852 19 6 14 0.3002930283546448 1 -1 -1 
686 4 7 12 0.3002591133117676 3 -1 -1 
857 61 8 21 0.2996421456336975 1 -1 -1 
532 136 67 30 0.29873308539390564 4 -1 -1 
1000 375 14 18 0.2974071502685547 2 -1 -1 
908 368 52 77 0.2908092141151428 8 -1 -1 
272 565 21 33 0.2884211242198944 1 -1 -1 
990 602 24 42 0.28369787335395813 1 -1 -1 
807 5 6 14 0.28130704164505005 1 -1 -1 
775 31 24 24 0.28128042817115784 4 -1 -1 
690 81 9 17 0.28102898597717285 10 -1 -1 
880 9 9 18 0.27845534682273865 2 -1 -1 
752 127 10 20 0.27731531858444214 3 -1 -1 
293 562 19 29 0.27646443247795105 1 -1 -1 
534 28 15 11 0.27588602900505066 10 -1 -1 
807 7 7 12 0.2749156355857849 10 -1 -1 
987 364 15 25 0.2748698592185974 1 -1 -1 
861 61 8 20 0.2742305099964142 2 -1 -1 
695 22 7 13 0.2705063819885254 2 -1 -1 
513 48 11 14 0.2590654194355011 10 -1 -1 
908 367 52 78 0.25765618681907654 9 -1 -1 
908 367 52 78 0.2570059895515442 2 -1 -1 
653 63 9 16 0.254292756319046 10 -1 -1 
499 56 12 12 0.25178438425064087 10 -1 -1 
253 577 28 36 0.24834148585796356 1 -1 -1 
992 605 18 31 0.24774634838104248 3 -1 -1 
879 16 11 14 0.24700237810611725 3 -1 -1 
49 575 97 42 0.2439730167388916 4 -1 -1 
1003 356 16 19 0.24325156211853027 1 -1 -1 
959 602 18 26 0.24317704141139984 1 -1 -1 
1009 366 19 30 0.24156424403190613 2 -1 -1 
654 62 7 11 0.24063418805599213 2 -1 -1 
941 588 22 40 0.23971253633499146 1 -1 -1 
688 235 12 23 0.23958486318588257 1 -1 -1 
1001 373 20 21 0.2387605458498001 2 -1 -1 
852 18 6 13 0.2386888861656189 2 -1 -1 
540 19 15 11 0.23238536715507507 10 -1 -1 
991 606 23 38 0.23129791021347046 10 -1 -1 
526 122 62 29 0.22386255860328674 5 -1 -1 
1022 352 17 34 0.22089560329914093 2 -1 -1 
1001 356 21 28 0.21669895946979523 2 -1 -1 
612 34 27 26 0.2058173418045044 4 -1 -1 
989 365 20 28 0.20537783205509186 2 -1 -1 
510 114 75 32 0.20484861731529236 4 -1 -1 
908 368 52 77 0.20369182527065277 3 -1 -1 
1000 366 24 25 0.20169934630393982 2 -1 -1 
532 135 65 30 0.19679902493953705 5 -1 -1 
511 107 71 30 0.1909429132938385 4 -1 -1 
54 593 171 76 0.1903395652770996 9 -1 -1 
902 595 96 56 0.1840646117925644 7 -1 -1 
1022 347 17 37 0.1827041655778885 1 -1 -1 
908 367 52 78 0.17986196279525757 1 -1 -1 
1131 539 62 66 0.17650149762630463 4 -1 -1 
47 578 104 43 0.16889072954654694 5 -1 -1 
47 578 104 43 0.1676342487335205 9 -1 -1 
1015 361 21 32 0.16620208323001862 2 -1 -1 
527 51 36 19 0.1559271216392517 4 -1 -1 
989 328 24 22 0.15004682540893555 1 -1 -1 
916 603 104 49 0.1497190296649933 6 -1 -1 
614 0 36 14 0.14950330555438995 4 -1 -1 
528 41 52 24 0.148698091506958 4 -1 -1 
527 51 36 19 0.147065207362175 5 -1 -1 
1040 349 15 34 0.14118394255638123 1 -1 -1 
487 46 24 23 0.13867151737213135 10 -1 -1 
509 107 71 29 0.13828366994857788 6 -1 -1 
1133 545 101 60 0.1367800235748291 4 -1 -1 
54 593 171 76 0.13583673536777496 1 -1 -1 
527 45 46 24 0.13569681346416473 6 -1 -1 
996 372 27 25 0.13433463871479034 2 -1 -1 
603 28 34 30 0.1337638795375824 5 -1 -1 
902 588 33 61 0.13308317959308624 1 -1 -1 
616 0 35 11 0.13191409409046173 5 -1 -1 
1005 369 20 26 0.1295143961906433 1 -1 -1 
544 145 64 33 0.1279144436120987 6 -1 -1 
902 595 96 56 0.12513263523578644 8 -1 -1 
845 123 19 27 0.12402452528476715 10 -1 -1 
540 39 47 20 0.12335268408060074 4 -1 -1 
511 107 71 30 0.12148799747228622 5 -1 -1 
938 611 82 40 0.12064394354820251 9 -1 -1 
30 568 105 45 0.11795011907815933 4 -1 -1 
311 327 12 32 0.11789817363023758 1 -1 -1 
510 114 75 32 0.11774294078350067 5 -1 -1 
1031 351 18 34 0.11733757704496384 2 -1 -1 
933 604 87 46 0.11721400916576385 10 -1 -1 
835 317 48 51 0.11467333883047104 5 -1 -1 
577 171 19 32 0.11236490309238434 2 -1 -1 
54 593 171 76 0.11231665313243866 7 -1 -1 
903 587 39 57 0.1119242012500763 7 -1 -1 
526 141 76 32 0.11092891544103622 5 -1 -1 
487 43 23 25 0.11022500693798065 4 -1 -1 
54 593 171 76 0.10984781384468079 10 -1 -1 
991 360 26 28 0.10840791463851929 2 -1 -1 
1039 346 17 37 0.10684380680322647 2 -1 -1 
969 391 21 27 0.10670802742242813 7 -1 -1 
925 602 93 50 0.10608822107315063 3 -1 -1 
47 578 104 43 0.10606501251459122 8 -1 -1 
529 42 55 24 0.10525978356599808 5 -1 -1 
47 578 104 43 0.10443931818008423 6 -1 -1 
969 391 21 27 0.10405056178569794 8 -1 -1 
1001 357 20 28 0.10360351204872131 1 -1 -1 
899 587 73 60 0.10183029621839523 1 -1 -1 
0 684 147 75 0.10172739624977112 1 -1 -1 
1030 350 17 34 0.10130700469017029 1 -1 -1 
1005 369 20 26 0.10029549151659012 10 -1 -1 
485 332 17 30 0.10025378316640854 3 -1 -1 
35 569 106 44 0.09993197023868561 5 -1 -1 
484 327 15 33 0.0993717610836029 1 -1 -1 
553 323 14 35 0.09817244857549667 4 -1 -1 
1021 345 15 34 0.09810033440589905 2 -1 -1 
540 39 47 20 0.09726062417030334 5 -1 -1 
542 321 16 34 0.09725943952798843 1 -1 -1 
1020 333 19 31 0.09710575640201569 1 -1 -1 
575 138 63 27 0.09694589674472809 5 -1 -1 
1015 361 21 32 0.09660761803388596 1 -1 -1 
523 44 35 23 0.09643127024173737 4 -1 -1 
548 322 16 35 0.09438548237085342 1 -1 -1 
493 328 25 31 0.09385193139314651 3 -1 -1 
686 239 16 30 0.09337809681892395 1 -1 -1 
503 112 78 36 0.0931074246764183 6 -1 -1 
728 21 23 23 0.09237057715654373 5 -1 -1 
48 582 131 42 0.09084022790193558 4 -1 -1 
525 379 54 70 0.09081205725669861 5 -1 -1 
612 34 27 26 0.09080931544303894 6 -1 -1 
612 34 27 26 0.09018456190824509 9 -1 -1 
54 593 170 77 0.08843030780553818 5 -1 -1 
1036 352 16 35 0.08730775862932205 2 -1 -1 
526 379 53 70 0.08622626960277557 1 -1 -1 
504 339 16 35 0.08611942827701569 4 -1 -1 
577 171 19 32 0.08553789556026459 1 -1 -1 
985 359 21 29 0.08546048402786255 2 -1 -1 
903 587 39 57 0.0839066430926323 8 -1 -1 
846 124 18 27 0.08350439369678497 3 -1 -1 
970 391 20 27 0.08345335721969604 2 -1 -1 
1133 540 76 65 0.08338133245706558 5 -1 -1 
526 122 62 29 0.08199125528335571 6 -1 -1 
488 332 23 30 0.0815165564417839 3 -1 -1 
834 156 36 33 0.08150247484445572 1 -1 -1 
54 593 171 76 0.08104847371578217 6 -1 -1 
525 380 54 69 0.08060107380151749 9 -1 -1 
906 584 69 56 0.08045720309019089 7 -1 -1 
905 588 25 54 0.08029625564813614 2 -1 -1 
509 127 77 33 0.08028377592563629 4 -1 -1 
994 323 24 27 0.07990085333585739 1 -1 -1 
1041 343 16 39 0.07938602566719055 9 -1 -1 
835 317 48 52 0.07935113459825516 1 -1 -1 
527 141 77 30 0.07921312749385834 6 -1 -1 
1023 336 21 33 0.07921016216278076 1 -1 -1 
505 340 15 34 0.07880908250808716 2 -1 -1 
47 578 121 43 0.07795674353837967 7 -1 -1 
526 379 53 70 0.07765281200408936 10 -1 -1 
528 45 55 26 0.07728835195302963 9 -1 -1 
835 317 48 51 0.07719225436449051 10 -1 -1 
989 329 25 21 0.07657966017723083 2 -1 -1 
853 229 42 45 0.07372433692216873 5 -1 -1 
891 580 123 74 0.07142191380262375 6 -1 -1 
54 593 172 76 0.0632442757487297 8 -1 -1 
54 593 171 76 0.061206281185150146 3 -1 -1 
40 563 136 59 0.06061359867453575 9 -1 -1 
