689 134 15 23 0.9975510239601135 9 -1 -1 
174 592 144 145 0.9876185655593872 5 -1 -1 
1107 610 129 103 0.9515658617019653 4 -1 -1 
337 451 78 73 0.9513871669769287 4 -1 -1 
433 420 62 65 0.9445041418075562 4 -1 -1 
384 395 61 58 0.9281793236732483 4 -1 -1 
176 402 76 48 0.9232987761497498 4 -1 -1 
482 295 38 33 0.9209328889846802 4 -1 -1 
275 532 88 72 0.9203492403030396 4 -1 -1 
39 475 110 78 0.9185784459114075 4 -1 -1 
1024 501 104 83 0.871172308921814 5 -1 -1 
614 203 19 17 0.8694162368774414 4 -1 -1 
614 222 22 20 0.8650416135787964 4 -1 -1 
880 653 32 72 0.8576419353485107 1 -1 -1 
969 423 79 59 0.8394908308982849 4 -1 -1 
666 140 8 8 0.8283330202102661 4 -1 -1 
47 447 119 51 0.8274936676025391 4 -1 -1 
631 190 29 16 0.8256661295890808 4 -1 -1 
635 166 13 12 0.819502592086792 4 -1 -1 
675 181 16 15 0.8180792927742004 4 -1 -1 
635 415 49 52 0.8055612444877625 4 -1 -1 
390 265 35 28 0.8038339614868164 4 -1 -1 
600 186 16 16 0.7976998090744019 4 -1 -1 
642 149 10 10 0.7857292294502258 4 -1 -1 
504 269 33 32 0.7847926616668701 4 -1 -1 
808 238 24 20 0.7625778913497925 4 -1 -1 
541 234 24 21 0.758207380771637 4 -1 -1 
419 363 59 47 0.755516767501831 4 -1 -1 
930 386 56 43 0.7456974983215332 4 -1 -1 
548 220 24 22 0.7446424961090088 4 -1 -1 
672 145 10 9 0.7418727874755859 4 -1 -1 
633 157 13 11 0.7380924224853516 4 -1 -1 
223 369 65 46 0.7107121348381042 4 -1 -1 
514 254 30 30 0.7030785083770752 4 -1 -1 
535 247 23 23 0.702428936958313 4 -1 -1 
588 202 7 13 0.7014191746711731 2 -1 -1 
789 207 21 20 0.694041907787323 4 -1 -1 
829 259 30 25 0.6832486987113953 4 -1 -1 
643 142 11 10 0.667635440826416 4 -1 -1 
588 207 8 13 0.6591048240661621 10 -1 -1 
748 301 10 22 0.6407458782196045 2 -1 -1 
556 210 21 21 0.6406372785568237 4 -1 -1 
749 308 10 20 0.633406937122345 3 -1 -1 
599 169 15 16 0.6297125816345215 5 -1 -1 
820 245 24 25 0.6224876642227173 4 -1 -1 
566 326 41 49 0.6211082339286804 4 -1 -1 
585 233 8 14 0.6191468238830566 2 -1 -1 
585 239 8 13 0.6048998832702637 10 -1 -1 
616 143 11 11 0.6043360233306885 4 -1 -1 
621 134 10 10 0.5987498164176941 4 -1 -1 
912 356 41 37 0.5948624014854431 4 -1 -1 
617 139 10 10 0.5850415825843811 4 -1 -1 
849 273 32 27 0.5473665595054626 4 -1 -1 
619 137 10 8 0.5327270030975342 4 -1 -1 
613 147 9 10 0.5157225728034973 4 -1 -1 
599 169 15 17 0.5096361637115479 4 -1 -1 
162 384 38 23 0.5082053542137146 10 -1 -1 
748 308 11 20 0.5069814324378967 10 -1 -1 
362 267 9 24 0.4940442144870758 1 -1 -1 
615 145 9 10 0.48941949009895325 4 -1 -1 
668 117 8 10 0.4812473952770233 5 -1 -1 
220 358 33 21 0.47896990180015564 10 -1 -1 
639 127 6 8 0.4764081537723541 5 -1 -1 
870 299 32 26 0.46270278096199036 7 -1 -1 
402 254 34 24 0.453132688999176 4 -1 -1 
669 131 8 9 0.4438076913356781 4 -1 -1 
237 330 13 31 0.43750521540641785 1 -1 -1 
664 129 12 10 0.4336784780025482 4 -1 -1 
545 191 28 13 0.42446741461753845 4 -1 -1 
678 126 8 10 0.4236113727092743 5 -1 -1 
683 159 6 10 0.4207251965999603 2 -1 -1 
820 245 24 25 0.41738343238830566 5 -1 -1 
779 175 20 15 0.4169885218143463 4 -1 -1 
868 300 34 22 0.4016283452510834 4 -1 -1 
429 241 29 21 0.3930566608905792 5 -1 -1 
669 130 8 10 0.38521188497543335 5 -1 -1 
913 356 40 37 0.37826576828956604 5 -1 -1 
663 129 8 9 0.3751622438430786 4 -1 -1 
689 134 15 23 0.3739854097366333 4 -1 -1 
220 356 21 22 0.36956021189689636 10 -1 -1 
678 128 8 8 0.3652653396129608 4 -1 -1 
567 326 40 49 0.3648318648338318 5 -1 -1 
643 145 10 9 0.3646455705165863 4 -1 -1 
667 117 9 9 0.35750168561935425 4 -1 -1 
639 127 6 8 0.35631826519966125 4 -1 -1 
260 313 31 42 0.3542638123035431 4 -1 -1 
639 127 6 8 0.3527473211288452 6 -1 -1 
633 139 5 9 0.3512932062149048 2 -1 -1 
1024 501 103 83 0.34970104694366455 4 -1 -1 
682 162 7 10 0.34335795044898987 10 -1 -1 
634 141 4 9 0.340462327003479 10 -1 -1 
427 241 32 22 0.3337535262107849 4 -1 -1 
634 141 4 9 0.33037394285202026 3 -1 -1 
220 355 13 23 0.3291670083999634 10 -1 -1 
678 126 8 10 0.32070696353912354 6 -1 -1 
754 157 23 12 0.32039910554885864 4 -1 -1 
634 140 4 9 0.31963738799095154 1 -1 -1 
585 239 8 14 0.3091438412666321 3 -1 -1 
598 181 16 11 0.3076075315475464 4 -1 -1 
587 206 9 14 0.3043859302997589 2 -1 -1 
752 152 25 14 0.30092182755470276 4 -1 -1 
748 308 11 20 0.2931222915649414 2 -1 -1 
515 254 29 30 0.29271620512008667 5 -1 -1 
539 239 23 18 0.29224154353141785 4 -1 -1 
689 145 15 13 0.29213014245033264 4 -1 -1 
161 382 40 25 0.29188787937164307 7 -1 -1 
684 158 5 8 0.289411336183548 2 -1 -1 
633 138 5 8 0.28901585936546326 2 -1 -1 
389 220 39 25 0.2833278775215149 4 -1 -1 
433 223 42 21 0.2830309271812439 4 -1 -1 
615 156 6 10 0.2812187075614929 3 -1 -1 
667 129 10 10 0.28027451038360596 6 -1 -1 
970 342 48 21 0.27874141931533813 4 -1 -1 
566 169 11 9 0.2784819006919861 4 -1 -1 
553 216 22 18 0.27819857001304626 4 -1 -1 
689 134 15 23 0.27775824069976807 5 -1 -1 
603 164 15 15 0.2767634391784668 4 -1 -1 
682 161 7 10 0.2764931619167328 3 -1 -1 
509 261 33 34 0.27606821060180664 4 -1 -1 
432 232 23 12 0.2751787006855011 4 -1 -1 
853 281 29 20 0.27462732791900635 4 -1 -1 
163 384 38 23 0.27462679147720337 3 -1 -1 
622 133 10 9 0.27276429533958435 4 -1 -1 
748 300 10 23 0.2718711495399475 1 -1 -1 
664 129 11 10 0.2713290750980377 5 -1 -1 
439 227 23 13 0.26998400688171387 4 -1 -1 
689 134 15 23 0.26993846893310547 2 -1 -1 
872 300 9 20 0.26788565516471863 1 -1 -1 
220 358 34 22 0.26767078042030334 7 -1 -1 
587 208 9 12 0.2670886218547821 3 -1 -1 
631 136 5 6 0.26527753472328186 2 -1 -1 
683 159 6 10 0.2648182511329651 10 -1 -1 
628 131 6 9 0.26429715752601624 4 -1 -1 
668 135 8 6 0.26386308670043945 4 -1 -1 
588 203 7 13 0.2622443437576294 10 -1 -1 
557 190 16 14 0.2609400749206543 4 -1 -1 
689 134 15 23 0.25924554467201233 1 -1 -1 
762 158 19 15 0.2589402496814728 4 -1 -1 
174 592 144 146 0.257400780916214 8 -1 -1 
163 374 38 29 0.2553970217704773 10 -1 -1 
552 186 21 18 0.25372999906539917 4 -1 -1 
556 211 20 21 0.25300905108451843 5 -1 -1 
615 156 6 10 0.2523779571056366 10 -1 -1 
566 172 11 12 0.25076645612716675 4 -1 -1 
689 134 15 23 0.248029887676239 6 -1 -1 
871 300 30 20 0.24778211116790771 8 -1 -1 
615 156 6 11 0.2469988316297531 7 -1 -1 
432 238 28 17 0.24667988717556 5 -1 -1 
105 337 22 13 0.24660396575927734 3 -1 -1 
667 137 8 7 0.24523811042308807 4 -1 -1 
174 592 144 146 0.24396881461143494 10 -1 -1 
789 207 22 20 0.23919011652469635 5 -1 -1 
174 592 144 145 0.23732440173625946 4 -1 -1 
107 337 20 13 0.23447322845458984 10 -1 -1 
226 362 35 22 0.23238660395145416 10 -1 -1 
639 127 6 8 0.23036259412765503 8 -1 -1 
747 148 36 24 0.22947458922863007 4 -1 -1 
46 447 121 51 0.21624310314655304 5 -1 -1 
504 269 34 32 0.21115294098854065 5 -1 -1 
867 299 35 23 0.20825757086277008 6 -1 -1 
410 249 37 25 0.20668092370033264 4 -1 -1 
258 296 50 61 0.2013140469789505 4 -1 -1 
174 592 144 145 0.20036937296390533 6 -1 -1 
894 352 60 44 0.19967731833457947 4 -1 -1 
372 221 49 25 0.1993834525346756 4 -1 -1 
431 227 40 22 0.19228874146938324 4 -1 -1 
390 256 38 26 0.18833181262016296 4 -1 -1 
174 592 144 146 0.18713532388210297 7 -1 -1 
970 423 78 60 0.18115277588367462 5 -1 -1 
953 346 81 38 0.17882201075553894 5 -1 -1 
393 216 41 25 0.17803722620010376 4 -1 -1 
1107 610 129 103 0.17091765999794006 9 -1 -1 
953 346 81 38 0.17087313532829285 4 -1 -1 
398 259 37 32 0.1707601249217987 4 -1 -1 
848 275 34 27 0.1694798320531845 5 -1 -1 
488 224 20 36 0.16408373415470123 1 -1 -1 
535 238 27 29 0.16207420825958252 4 -1 -1 
756 149 37 24 0.1602313220500946 4 -1 -1 
384 225 39 22 0.1585550308227539 4 -1 -1 
174 592 144 146 0.15788379311561584 2 -1 -1 
430 236 52 23 0.15320166945457458 6 -1 -1 
845 282 36 25 0.15188074111938477 4 -1 -1 
430 238 51 23 0.14812004566192627 9 -1 -1 
428 232 35 22 0.14678378403186798 4 -1 -1 
431 239 43 21 0.14260654151439667 4 -1 -1 
377 215 48 27 0.14238283038139343 4 -1 -1 
824 250 30 27 0.1404900699853897 4 -1 -1 
1107 610 129 103 0.13870882987976074 1 -1 -1 
858 300 42 31 0.13847918808460236 7 -1 -1 
434 221 60 29 0.13721172511577606 4 -1 -1 
386 220 41 24 0.135752335190773 5 -1 -1 
485 223 23 35 0.13441261649131775 2 -1 -1 
402 254 34 24 0.13429668545722961 5 -1 -1 
867 300 35 22 0.1320360153913498 5 -1 -1 
107 739 91 25 0.13153807818889618 4 -1 -1 
843 266 38 29 0.1297781765460968 4 -1 -1 
384 395 61 59 0.12813211977481842 5 -1 -1 
419 244 36 24 0.1274324357509613 4 -1 -1 
542 223 27 27 0.12718406319618225 4 -1 -1 
399 270 36 27 0.12682437896728516 4 -1 -1 
750 144 38 23 0.12516766786575317 4 -1 -1 
429 240 37 21 0.12485720217227936 6 -1 -1 
433 421 62 64 0.12479045242071152 5 -1 -1 
865 300 36 35 0.12417971342802048 6 -1 -1 
521 250 27 24 0.12296272814273834 4 -1 -1 
319 278 26 27 0.12232805043458939 10 -1 -1 
430 230 39 23 0.12179795652627945 5 -1 -1 
40 477 110 75 0.12070661783218384 5 -1 -1 
749 146 38 23 0.11794944852590561 5 -1 -1 
174 592 144 145 0.11635330319404602 9 -1 -1 
408 252 41 22 0.11616571992635727 5 -1 -1 
372 221 49 25 0.11605560779571533 5 -1 -1 
509 261 33 34 0.11517806351184845 5 -1 -1 
395 216 48 26 0.11499064415693283 6 -1 -1 
419 244 36 24 0.11480961740016937 5 -1 -1 
337 451 78 73 0.11467168480157852 1 -1 -1 
431 226 57 29 0.1144266203045845 6 -1 -1 
861 302 40 30 0.11299531906843185 4 -1 -1 
45 456 113 66 0.11112760007381439 4 -1 -1 
433 421 62 63 0.10876351594924927 1 -1 -1 
1107 610 129 103 0.10703114420175552 6 -1 -1 
453 220 49 25 0.1059667244553566 4 -1 -1 
391 264 35 28 0.104673832654953 5 -1 -1 
429 241 36 21 0.10456724464893341 9 -1 -1 
337 451 79 73 0.10390307009220123 5 -1 -1 
275 532 87 72 0.10312790423631668 5 -1 -1 
813 239 29 25 0.10279324650764465 4 -1 -1 
177 402 74 48 0.10180428624153137 5 -1 -1 
396 250 36 24 0.1010245755314827 4 -1 -1 
337 451 78 73 0.10087362676858902 9 -1 -1 
1106 610 130 103 0.09990010410547256 5 -1 -1 
176 402 76 48 0.0998273715376854 1 -1 -1 
856 262 27 35 0.09964410960674286 4 -1 -1 
432 225 44 22 0.09932035207748413 5 -1 -1 
389 220 39 25 0.09910327941179276 6 -1 -1 
426 221 39 22 0.0985235795378685 4 -1 -1 
857 276 26 34 0.09687691181898117 4 -1 -1 
443 220 46 22 0.09677354246377945 4 -1 -1 
1106 609 130 104 0.0965585932135582 7 -1 -1 
828 260 31 23 0.0959027037024498 5 -1 -1 
858 291 40 30 0.0950336754322052 7 -1 -1 
430 233 59 26 0.09499353915452957 5 -1 -1 
844 288 36 28 0.09404022246599197 4 -1 -1 
274 532 89 72 0.09229929000139236 1 -1 -1 
894 352 60 44 0.0913727656006813 5 -1 -1 
393 216 41 25 0.08979850262403488 5 -1 -1 
39 476 111 77 0.08905903249979019 6 -1 -1 
430 223 74 37 0.07740934193134308 4 -1 -1 
39 473 118 81 0.06556222587823868 9 -1 -1 
430 223 74 37 0.0554988756775856 5 -1 -1 
429 225 75 38 0.05161324515938759 9 -1 -1 
