661 459 78 55 0.9927108287811279 3 -1 -1 
649 162 60 54 0.9750237464904785 5 -1 -1 
592 154 79 49 0.9487161636352539 6 -1 -1 
210 150 113 66 0.9428539872169495 5 -1 -1 
996 279 67 60 0.9358240365982056 4 -1 -1 
507 231 78 47 0.9333391785621643 4 -1 -1 
420 223 86 51 0.9202127456665039 4 -1 -1 
660 216 62 45 0.9154230356216431 4 -1 -1 
754 312 28 52 0.9111449122428894 1 -1 -1 
476 275 15 45 0.9106012582778931 1 -1 -1 
413 271 17 47 0.9008340239524841 1 -1 -1 
776 302 26 63 0.8908728957176208 1 -1 -1 
664 105 32 19 0.8877332806587219 4 -1 -1 
593 201 64 43 0.8820331692695618 4 -1 -1 
568 131 60 24 0.8731516599655151 4 -1 -1 
746 173 38 38 0.8624897599220276 8 -1 -1 
502 195 68 44 0.8558382391929626 4 -1 -1 
983 58 11 9 0.8315446972846985 4 -1 -1 
128 285 44 35 0.794486939907074 10 -1 -1 
1012 50 10 8 0.7887049913406372 4 -1 -1 
578 231 84 67 0.7748165130615234 5 -1 -1 
1100 58 17 14 0.754644513130188 6 -1 -1 
435 128 23 18 0.7506467700004578 10 -1 -1 
1261 189 97 42 0.7468938231468201 4 -1 -1 
963 64 13 10 0.742800235748291 4 -1 -1 
1060 51 9 10 0.7414737939834595 4 -1 -1 
1101 72 13 14 0.7271645665168762 5 -1 -1 
678 120 30 29 0.7257468700408936 8 -1 -1 
1241 123 53 21 0.7236914038658142 4 -1 -1 
1090 86 20 15 0.7213442921638489 4 -1 -1 
1141 118 23 18 0.7131319642066956 4 -1 -1 
641 301 16 53 0.7098236680030823 1 -1 -1 
865 68 27 14 0.7058756947517395 5 -1 -1 
136 269 24 43 0.6988472938537598 2 -1 -1 
762 62 16 20 0.6970086693763733 6 -1 -1 
1277 177 80 30 0.6863641142845154 4 -1 -1 
682 88 23 16 0.6853706240653992 4 -1 -1 
896 58 27 11 0.6835719347000122 4 -1 -1 
971 69 13 11 0.6829801797866821 4 -1 -1 
840 86 29 13 0.6738694310188293 4 -1 -1 
682 435 35 67 0.6722126603126526 2 -1 -1 
1065 42 9 7 0.6717830896377563 4 -1 -1 
699 91 19 17 0.6546757817268372 4 -1 -1 
794 119 37 35 0.6542613506317139 4 -1 -1 
1176 261 119 35 0.6340963840484619 4 -1 -1 
1023 55 11 8 0.629074215888977 4 -1 -1 
742 69 20 14 0.6287590861320496 5 -1 -1 
1208 194 12 26 0.6280016303062439 1 -1 -1 
745 173 39 38 0.6216874718666077 4 -1 -1 
1079 55 8 8 0.6187877058982849 4 -1 -1 
447 199 16 27 0.6185596585273743 2 -1 -1 
28 341 54 47 0.6122205853462219 10 -1 -1 
1189 120 67 25 0.6074806451797485 5 -1 -1 
339 127 51 34 0.6050641536712646 5 -1 -1 
47 331 26 48 0.5904114246368408 2 -1 -1 
1073 46 10 8 0.5902871489524841 4 -1 -1 
1074 45 10 8 0.5859885811805725 4 -1 -1 
444 209 21 23 0.5703251957893372 10 -1 -1 
986 31 14 8 0.5688130855560303 4 -1 -1 
1192 275 150 52 0.5686857104301453 4 -1 -1 
936 75 16 15 0.5652051568031311 6 -1 -1 
616 117 9 22 0.5618215203285217 1 -1 -1 
1192 285 155 69 0.5466874241828918 4 -1 -1 
280 131 74 35 0.5361082553863525 4 -1 -1 
1107 52 10 9 0.5340173840522766 4 -1 -1 
1233 338 125 48 0.529748260974884 4 -1 -1 
969 53 9 8 0.5276685357093811 4 -1 -1 
183 146 86 29 0.52581787109375 4 -1 -1 
1177 138 58 26 0.524992048740387 4 -1 -1 
677 119 31 30 0.5246269106864929 7 -1 -1 
1042 42 7 6 0.5142630338668823 4 -1 -1 
1100 58 16 14 0.5050855875015259 5 -1 -1 
1188 269 142 43 0.5001784563064575 4 -1 -1 
992 78 18 14 0.4938240051269531 7 -1 -1 
936 75 16 15 0.4915783703327179 4 -1 -1 
1139 89 42 18 0.4908066391944885 5 -1 -1 
1140 89 42 17 0.48068979382514954 4 -1 -1 
1035 44 9 7 0.4770588278770447 4 -1 -1 
952 54 17 11 0.4767216742038727 4 -1 -1 
55 330 24 45 0.4675174653530121 2 -1 -1 
0 206 54 38 0.4550844430923462 4 -1 -1 
960 44 18 9 0.45208874344825745 4 -1 -1 
929 68 7 10 0.4490598142147064 2 -1 -1 
237 143 85 37 0.44703927636146545 4 -1 -1 
929 69 7 10 0.43706420063972473 10 -1 -1 
746 173 38 38 0.43024972081184387 7 -1 -1 
1187 136 49 21 0.42811986804008484 4 -1 -1 
1095 57 10 9 0.427595853805542 4 -1 -1 
578 230 85 68 0.4272320866584778 4 -1 -1 
1274 556 84 113 0.4264344871044159 4 -1 -1 
1039 43 7 6 0.4204765558242798 4 -1 -1 
1031 48 6 6 0.4185172915458679 4 -1 -1 
444 209 20 27 0.416179358959198 3 -1 -1 
936 75 16 16 0.4108216464519501 5 -1 -1 
1032 39 8 7 0.40945348143577576 4 -1 -1 
1190 119 65 26 0.40869009494781494 4 -1 -1 
520 165 31 18 0.40761739015579224 8 -1 -1 
925 47 16 7 0.40244829654693604 4 -1 -1 
1056 39 7 6 0.40225058794021606 4 -1 -1 
243 143 55 26 0.3988112211227417 4 -1 -1 
1033 41 9 6 0.3897121250629425 4 -1 -1 
873 56 21 13 0.38865938782691956 4 -1 -1 
1192 285 155 69 0.38748249411582947 5 -1 -1 
520 165 30 18 0.3819850981235504 7 -1 -1 
831 78 22 13 0.37668460607528687 8 -1 -1 
1087 56 4 8 0.3719558119773865 2 -1 -1 
662 456 76 57 0.3705490529537201 2 -1 -1 
1304 247 32 32 0.3698544204235077 3 -1 -1 
840 85 29 14 0.3693978190422058 5 -1 -1 
278 131 76 35 0.36856308579444885 5 -1 -1 
445 204 19 27 0.36750954389572144 2 -1 -1 
134 270 30 45 0.3646177053451538 10 -1 -1 
992 79 18 14 0.3617691099643707 10 -1 -1 
216 143 98 51 0.3576836884021759 4 -1 -1 
673 447 52 61 0.35677000880241394 2 -1 -1 
1101 72 14 14 0.35386255383491516 4 -1 -1 
1060 51 9 10 0.35381773114204407 6 -1 -1 
661 459 78 55 0.35246342420578003 4 -1 -1 
876 76 15 10 0.352090448141098 7 -1 -1 
1175 146 33 25 0.34213361144065857 4 -1 -1 
979 42 13 9 0.33836397528648376 4 -1 -1 
1087 57 5 8 0.33741798996925354 10 -1 -1 
1176 144 49 24 0.33474457263946533 4 -1 -1 
794 119 37 35 0.33288174867630005 6 -1 -1 
511 120 8 15 0.3295062780380249 2 -1 -1 
1074 49 7 7 0.32665032148361206 4 -1 -1 
1026 48 9 7 0.3263661861419678 4 -1 -1 
876 75 27 11 0.325670063495636 8 -1 -1 
832 78 22 13 0.32505273818969727 4 -1 -1 
890 72 21 13 0.32355159521102905 8 -1 -1 
758 306 33 60 0.32172858715057373 1 -1 -1 
446 200 17 28 0.31780752539634705 10 -1 -1 
852 76 6 13 0.31778931617736816 1 -1 -1 
1033 38 8 6 0.31579649448394775 4 -1 -1 
1182 136 52 22 0.3157433569431305 5 -1 -1 
1074 54 5 8 0.3150164484977722 1 -1 -1 
954 54 15 11 0.31354984641075134 5 -1 -1 
875 75 26 11 0.3132422864437103 7 -1 -1 
865 68 27 14 0.3122234642505646 4 -1 -1 
518 120 8 11 0.31064674258232117 10 -1 -1 
1114 92 6 10 0.3105664849281311 2 -1 -1 
64 331 17 44 0.310376912355423 2 -1 -1 
1191 275 151 54 0.3057294189929962 5 -1 -1 
1107 52 10 10 0.30441826581954956 5 -1 -1 
1077 54 9 8 0.302118718624115 4 -1 -1 
929 69 7 10 0.3011169135570526 7 -1 -1 
1095 53 10 11 0.297233521938324 4 -1 -1 
673 447 52 61 0.29290708899497986 3 -1 -1 
1096 53 12 13 0.2919728755950928 5 -1 -1 
207 148 80 44 0.28972703218460083 4 -1 -1 
882 54 25 11 0.2895679771900177 4 -1 -1 
137 269 24 43 0.2880244851112366 1 -1 -1 
886 73 21 12 0.2867823839187622 4 -1 -1 
1072 39 7 6 0.2863985300064087 4 -1 -1 
876 74 30 12 0.28547996282577515 4 -1 -1 
337 127 52 34 0.2852323055267334 4 -1 -1 
1042 42 7 6 0.2849273383617401 5 -1 -1 
661 459 78 55 0.2841983735561371 7 -1 -1 
795 92 13 14 0.28403493762016296 7 -1 -1 
63 331 17 44 0.2825358211994171 1 -1 -1 
53 331 26 47 0.280731201171875 1 -1 -1 
1037 43 8 7 0.2797158658504486 4 -1 -1 
1262 181 92 35 0.2578955292701721 4 -1 -1 
218 144 77 36 0.2519301474094391 4 -1 -1 
299 126 64 38 0.24724939465522766 5 -1 -1 
681 435 33 67 0.24354614317417145 1 -1 -1 
269 131 84 36 0.24223220348358154 6 -1 -1 
1261 188 97 42 0.24135525524616241 5 -1 -1 
253 136 90 32 0.23693200945854187 4 -1 -1 
649 162 60 53 0.23365090787410736 4 -1 -1 
1200 299 156 75 0.23306936025619507 4 -1 -1 
1240 338 118 48 0.23297563195228577 5 -1 -1 
211 149 114 67 0.23219136893749237 9 -1 -1 
1221 313 140 76 0.2313600480556488 4 -1 -1 
232 144 92 41 0.23013299703598022 5 -1 -1 
304 124 78 38 0.22508452832698822 4 -1 -1 
203 151 92 58 0.2130376547574997 4 -1 -1 
1134 86 39 18 0.20327532291412354 4 -1 -1 
212 149 114 67 0.19945292174816132 4 -1 -1 
1239 339 119 86 0.19471397995948792 4 -1 -1 
1137 86 38 18 0.19387522339820862 5 -1 -1 
246 141 84 34 0.18704631924629211 5 -1 -1 
1272 180 87 30 0.16469955444335938 5 -1 -1 
592 154 79 49 0.16351482272148132 5 -1 -1 
253 136 90 32 0.15868686139583588 5 -1 -1 
746 63 32 21 0.15868423879146576 6 -1 -1 
1190 118 68 27 0.15838313102722168 6 -1 -1 
1188 268 137 45 0.15829843282699585 5 -1 -1 
1218 333 102 50 0.15814878046512604 4 -1 -1 
444 200 21 31 0.15770135819911957 1 -1 -1 
246 141 84 34 0.1575443595647812 6 -1 -1 
34 332 50 54 0.15733428299427032 2 -1 -1 
661 459 77 55 0.15665404498577118 10 -1 -1 
1258 340 100 68 0.15561893582344055 5 -1 -1 
756 61 26 23 0.1534978598356247 6 -1 -1 
1174 141 67 32 0.15126624703407288 4 -1 -1 
1072 128 37 67 0.1494063436985016 6 -1 -1 
0 205 54 41 0.1489887684583664 5 -1 -1 
1141 83 42 17 0.1488613784313202 4 -1 -1 
211 206 22 44 0.14567218720912933 1 -1 -1 
1140 88 43 18 0.14473094046115875 6 -1 -1 
649 162 60 54 0.14338016510009766 8 -1 -1 
502 195 68 44 0.14268158376216888 5 -1 -1 
642 295 17 41 0.14265796542167664 1 -1 -1 
698 90 28 19 0.14165061712265015 4 -1 -1 
1072 129 37 66 0.1416221261024475 5 -1 -1 
593 155 82 47 0.14146924018859863 4 -1 -1 
1072 129 37 66 0.13988225162029266 4 -1 -1 
874 73 32 15 0.1397952288389206 6 -1 -1 
661 459 78 55 0.1384156346321106 8 -1 -1 
661 459 78 55 0.13796371221542358 9 -1 -1 
28 341 54 46 0.13777008652687073 7 -1 -1 
1221 313 140 76 0.13502812385559082 5 -1 -1 
1207 193 20 32 0.13474848866462708 1 -1 -1 
476 275 15 45 0.13451440632343292 4 -1 -1 
1274 556 84 113 0.132532000541687 5 -1 -1 
413 271 17 47 0.13126297295093536 4 -1 -1 
1072 128 37 67 0.13031518459320068 8 -1 -1 
681 435 35 68 0.12608756124973297 3 -1 -1 
826 77 30 19 0.1242603287100792 6 -1 -1 
667 449 60 60 0.12330801784992218 1 -1 -1 
1213 318 133 51 0.12299541383981705 4 -1 -1 
174 141 72 32 0.12073703110218048 4 -1 -1 
1200 299 156 75 0.12056760489940643 5 -1 -1 
182 147 77 28 0.11809492856264114 5 -1 -1 
645 292 15 35 0.11755120009183884 1 -1 -1 
441 204 20 30 0.11592386662960052 10 -1 -1 
506 231 78 48 0.1151900440454483 5 -1 -1 
28 341 54 46 0.11414726823568344 8 -1 -1 
880 52 35 14 0.11289173364639282 4 -1 -1 
1072 128 37 67 0.11232224106788635 7 -1 -1 
739 68 31 16 0.1119544506072998 6 -1 -1 
420 223 86 51 0.11193079501390457 5 -1 -1 
649 163 60 53 0.11158043146133423 6 -1 -1 
1176 262 111 33 0.11111970990896225 5 -1 -1 
444 200 20 31 0.10990867018699646 7 -1 -1 
421 223 85 51 0.10893544554710388 1 -1 -1 
890 55 32 14 0.1080423891544342 4 -1 -1 
660 216 62 45 0.10729845613241196 5 -1 -1 
502 195 68 44 0.1068967953324318 1 -1 -1 
872 53 35 16 0.10595180839300156 6 -1 -1 
649 162 60 54 0.10482808202505112 10 -1 -1 
507 231 78 47 0.10459230095148087 1 -1 -1 
640 300 17 54 0.10424575954675674 2 -1 -1 
1192 288 155 71 0.085284523665905 6 -1 -1 
209 149 117 69 0.08327563107013702 6 -1 -1 
1200 332 155 75 0.08284932374954224 4 -1 -1 
1183 305 161 76 0.07588579505681992 9 -1 -1 
588 142 120 67 0.0736566111445427 6 -1 -1 
1192 288 155 71 0.06323117017745972 1 -1 -1 
1181 261 144 50 0.06076651066541672 9 -1 -1 
1249 338 109 90 0.05994456633925438 6 -1 -1 
1221 313 140 76 0.05474131926894188 6 -1 -1 
1221 313 140 76 0.05460197106003761 9 -1 -1 
1183 305 161 76 0.05100463703274727 6 -1 -1 
