555 14 34 45 0.9774979948997498 9 -1 -1 
1202 638 58 105 0.8929970264434814 1 -1 -1 
656 284 84 75 0.8787336945533752 4 -1 -1 
1141 603 49 96 0.8764888048171997 1 -1 -1 
720 215 68 60 0.8713240027427673 4 -1 -1 
1014 494 38 98 0.8508292436599731 1 -1 -1 
1042 498 45 93 0.8267034888267517 1 -1 -1 
1243 672 48 94 0.7430111169815063 1 -1 -1 
17 79 77 46 0.7417610287666321 5 -1 -1 
87 108 99 37 0.7392343282699585 4 -1 -1 
913 168 120 47 0.7030429840087891 4 -1 -1 
92 93 92 33 0.6704893112182617 4 -1 -1 
877 129 96 38 0.658553957939148 4 -1 -1 
3 98 49 48 0.6406975388526917 5 -1 -1 
880 303 26 43 0.6317347884178162 2 -1 -1 
344 309 29 52 0.6285280585289001 10 -1 -1 
1301 265 37 56 0.6136346459388733 1 -1 -1 
345 293 26 46 0.6053667068481445 2 -1 -1 
896 141 110 40 0.6009719371795654 4 -1 -1 
605 33 30 29 0.5239089131355286 4 -1 -1 
795 105 68 26 0.49664023518562317 4 -1 -1 
668 2 22 22 0.49228641390800476 4 -1 -1 
879 306 27 64 0.4905509054660797 3 -1 -1 
879 304 27 65 0.448344886302948 10 -1 -1 
713 52 32 33 0.42181652784347534 5 -1 -1 
713 55 33 30 0.41180354356765747 4 -1 -1 
906 160 112 37 0.4078468084335327 4 -1 -1 
667 4 44 20 0.4074172079563141 4 -1 -1 
1108 200 80 35 0.4027674198150635 4 -1 -1 
555 14 34 45 0.3922484219074249 5 -1 -1 
7 88 60 52 0.38431257009506226 5 -1 -1 
839 84 40 36 0.37630122900009155 5 -1 -1 
81 79 83 39 0.3555568754673004 4 -1 -1 
32 76 99 47 0.32661691308021545 4 -1 -1 
69 75 88 35 0.322211354970932 4 -1 -1 
896 141 110 39 0.30264490842819214 5 -1 -1 
33 75 85 41 0.29484787583351135 5 -1 -1 
604 33 31 29 0.28278589248657227 7 -1 -1 
906 93 14 27 0.27233362197875977 10 -1 -1 
343 300 30 58 0.2549007534980774 2 -1 -1 
1271 176 34 62 0.24777266383171082 1 -1 -1 
1316 265 25 56 0.24714936316013336 1 -1 -1 
44 74 94 34 0.23833239078521729 5 -1 -1 
343 311 29 51 0.23502275347709656 3 -1 -1 
840 84 39 37 0.2339021861553192 4 -1 -1 
880 303 27 43 0.2268253117799759 1 -1 -1 
1216 655 53 102 0.22671599686145782 1 -1 -1 
781 65 96 54 0.22535543143749237 6 -1 -1 
880 325 23 45 0.21555103361606598 10 -1 -1 
0 66 24 36 0.2109796404838562 4 -1 -1 
97 104 87 30 0.20970605313777924 4 -1 -1 
905 89 15 26 0.20886974036693573 2 -1 -1 
875 129 98 39 0.20117789506912231 5 -1 -1 
556 0 31 16 0.19880464673042297 4 -1 -1 
555 13 34 45 0.1973782181739807 6 -1 -1 
714 53 32 32 0.19675463438034058 6 -1 -1 
906 160 112 37 0.195969820022583 5 -1 -1 
360 189 20 43 0.19177423417568207 1 -1 -1 
13 78 88 48 0.1910523772239685 4 -1 -1 
805 123 86 36 0.19072814285755157 4 -1 -1 
905 98 16 24 0.19072432816028595 3 -1 -1 
902 172 142 62 0.18943427503108978 4 -1 -1 
555 14 34 45 0.18790727853775024 4 -1 -1 
910 147 116 45 0.18769921362400055 4 -1 -1 
87 109 96 36 0.18575654923915863 5 -1 -1 
906 86 14 27 0.1843612790107727 10 -1 -1 
713 52 32 33 0.18432241678237915 9 -1 -1 
29 69 98 39 0.18392060697078705 4 -1 -1 
795 105 68 27 0.1824355125427246 5 -1 -1 
69 75 88 35 0.17939698696136475 5 -1 -1 
879 306 28 63 0.17644459009170532 2 -1 -1 
713 35 28 17 0.17364747822284698 4 -1 -1 
5 98 47 48 0.17294365167617798 4 -1 -1 
801 95 73 33 0.17277131974697113 4 -1 -1 
343 292 24 34 0.1726904660463333 2 -1 -1 
1111 195 114 41 0.17248889803886414 4 -1 -1 
882 301 25 32 0.17183852195739746 2 -1 -1 
712 37 33 44 0.16678665578365326 5 -1 -1 
905 94 15 27 0.16535687446594238 1 -1 -1 
804 129 32 31 0.16468514502048492 4 -1 -1 
713 35 32 34 0.16437263786792755 4 -1 -1 
345 293 26 46 0.16167275607585907 1 -1 -1 
915 168 87 31 0.16134268045425415 4 -1 -1 
555 13 34 46 0.15919286012649536 8 -1 -1 
878 303 31 67 0.15875409543514252 1 -1 -1 
882 129 51 25 0.15722496807575226 4 -1 -1 
1141 603 49 96 0.1568799763917923 4 -1 -1 
413 99 19 19 0.15623056888580322 4 -1 -1 
344 295 28 51 0.156150683760643 10 -1 -1 
817 72 62 49 0.15590660274028778 5 -1 -1 
874 139 60 31 0.15567941963672638 4 -1 -1 
66 62 89 35 0.1532653123140335 4 -1 -1 
555 14 34 45 0.15168143808841705 1 -1 -1 
1202 638 58 105 0.14941489696502686 4 -1 -1 
806 125 71 34 0.1470959484577179 6 -1 -1 
712 37 33 44 0.1469360589981079 6 -1 -1 
92 95 90 32 0.1462579220533371 5 -1 -1 
90 92 73 26 0.1441618800163269 4 -1 -1 
1023 69 76 39 0.14339187741279602 4 -1 -1 
845 84 36 37 0.14336420595645905 6 -1 -1 
912 167 119 43 0.14289243519306183 5 -1 -1 
893 193 69 64 0.1414371132850647 4 -1 -1 
1023 69 76 39 0.14065062999725342 5 -1 -1 
812 69 69 53 0.14057500660419464 6 -1 -1 
1243 672 48 93 0.14038793742656708 2 -1 -1 
211 157 19 40 0.13959939777851105 1 -1 -1 
712 37 33 44 0.13929463922977448 9 -1 -1 
904 99 15 23 0.138680562376976 10 -1 -1 
422 78 24 20 0.13801251351833344 4 -1 -1 
943 74 78 31 0.13765189051628113 4 -1 -1 
555 14 34 45 0.13757935166358948 2 -1 -1 
1266 185 29 53 0.1371888518333435 1 -1 -1 
1310 264 29 38 0.13531382381916046 1 -1 -1 
81 79 83 39 0.13490961492061615 5 -1 -1 
1233 653 53 89 0.1344573199748993 1 -1 -1 
905 85 14 29 0.13441573083400726 1 -1 -1 
57 67 91 36 0.13251668214797974 5 -1 -1 
1031 490 44 74 0.13185827434062958 1 -1 -1 
716 52 45 32 0.1306396871805191 4 -1 -1 
750 61 38 22 0.1306169033050537 4 -1 -1 
1300 265 38 57 0.13036011159420013 2 -1 -1 
882 129 51 25 0.12867432832717896 5 -1 -1 
422 78 24 20 0.12814059853553772 7 -1 -1 
349 1 103 32 0.1271791160106659 4 -1 -1 
60 57 71 34 0.12535607814788818 4 -1 -1 
782 66 97 54 0.12268029898405075 9 -1 -1 
1020 491 36 78 0.1221340224146843 1 -1 -1 
907 81 14 30 0.12098753452301025 2 -1 -1 
936 174 97 33 0.1202332153916359 4 -1 -1 
87 64 88 39 0.11981295049190521 4 -1 -1 
1014 494 38 98 0.11939739435911179 4 -1 -1 
905 96 15 26 0.11913876235485077 2 -1 -1 
781 239 6 35 0.11785264313220978 2 -1 -1 
839 82 38 38 0.11612106114625931 9 -1 -1 
1242 671 50 94 0.1155119240283966 10 -1 -1 
7 88 60 52 0.11512830853462219 4 -1 -1 
850 85 37 36 0.11419428139925003 5 -1 -1 
1024 205 19 35 0.1135699599981308 1 -1 -1 
555 14 34 45 0.11282318830490112 3 -1 -1 
610 30 19 21 0.11276181787252426 2 -1 -1 
355 54 22 42 0.11187195777893066 1 -1 -1 
1022 69 85 41 0.1116940826177597 9 -1 -1 
1022 69 72 40 0.11075633019208908 6 -1 -1 
604 33 31 29 0.11034137010574341 6 -1 -1 
804 128 57 33 0.10938920080661774 4 -1 -1 
788 64 90 55 0.10894133895635605 5 -1 -1 
349 290 22 27 0.10866919159889221 2 -1 -1 
711 47 66 42 0.10815688222646713 4 -1 -1 
1261 176 39 50 0.10804147273302078 1 -1 -1 
54 69 74 29 0.10790826380252838 4 -1 -1 
355 46 21 46 0.10787269473075867 2 -1 -1 
361 186 19 42 0.10719262808561325 2 -1 -1 
418 67 28 31 0.10705877095460892 4 -1 -1 
804 124 86 36 0.10701841115951538 5 -1 -1 
899 139 97 27 0.10554955154657364 4 -1 -1 
1043 498 42 92 0.1054450273513794 4 -1 -1 
39 78 112 45 0.10285235196352005 5 -1 -1 
788 72 87 49 0.1013185903429985 4 -1 -1 
107 85 91 37 0.10109589993953705 4 -1 -1 
341 288 34 71 0.09848380088806152 10 -1 -1 
10 62 100 40 0.0950341448187828 4 -1 -1 
813 74 69 49 0.09481845796108246 9 -1 -1 
657 284 83 74 0.09480100870132446 1 -1 -1 
987 21 100 46 0.09467864036560059 6 -1 -1 
941 61 92 38 0.09348135441541672 4 -1 -1 
833 74 59 48 0.09301844984292984 5 -1 -1 
914 170 122 47 0.09186086803674698 1 -1 -1 
800 88 79 40 0.09175537526607513 5 -1 -1 
910 147 116 45 0.09016518294811249 5 -1 -1 
720 215 68 60 0.08926036208868027 5 -1 -1 
546 9 46 59 0.08914601802825928 9 -1 -1 
330 53 97 50 0.08547347038984299 10 -1 -1 
902 172 142 62 0.0842319056391716 5 -1 -1 
87 109 97 36 0.08414919674396515 1 -1 -1 
349 1 103 32 0.08410147577524185 5 -1 -1 
934 70 90 30 0.08355458825826645 3 -1 -1 
1206 641 76 126 0.08266924321651459 1 -1 -1 
720 215 67 60 0.08034728467464447 1 -1 -1 
2 97 50 50 0.08016104996204376 6 -1 -1 
717 54 73 34 0.08012266457080841 9 -1 -1 
17 78 77 47 0.08010534197092056 6 -1 -1 
783 108 79 37 0.07980559021234512 4 -1 -1 
2 97 50 50 0.07938714325428009 9 -1 -1 
9 59 69 48 0.0792655497789383 4 -1 -1 
32 76 99 47 0.07908175885677338 6 -1 -1 
551 1 42 61 0.07780991494655609 5 -1 -1 
667 4 44 20 0.07741542160511017 5 -1 -1 
864 128 77 38 0.07695528119802475 5 -1 -1 
1266 175 40 64 0.07628967612981796 2 -1 -1 
656 284 84 75 0.0762493908405304 5 -1 -1 
95 55 91 40 0.07599225640296936 4 -1 -1 
349 1 103 32 0.07521257549524307 6 -1 -1 
876 128 96 39 0.07520649582147598 6 -1 -1 
1108 198 79 39 0.07503626495599747 5 -1 -1 
798 111 78 39 0.07465901225805283 4 -1 -1 
337 36 129 62 0.07412459701299667 6 -1 -1 
706 33 50 56 0.07403874397277832 4 -1 -1 
1 45 51 58 0.07362757623195648 4 -1 -1 
934 70 90 30 0.07317423075437546 10 -1 -1 
893 193 69 64 0.07235732674598694 5 -1 -1 
803 125 73 35 0.07213933020830154 9 -1 -1 
877 128 96 39 0.0719478651881218 1 -1 -1 
706 33 50 56 0.0717073455452919 5 -1 -1 
800 88 79 40 0.0716521367430687 6 -1 -1 
9 59 69 48 0.07147664576768875 5 -1 -1 
46 74 104 40 0.07123193144798279 6 -1 -1 
1277 137 39 87 0.07090418040752411 1 -1 -1 
101 73 86 38 0.07065419107675552 4 -1 -1 
36 62 94 37 0.07061264663934708 5 -1 -1 
711 39 58 48 0.07013523578643799 9 -1 -1 
833 74 59 48 0.0700775757431984 6 -1 -1 
888 133 110 42 0.07005122303962708 1 -1 -1 
350 1 108 32 0.07001666724681854 9 -1 -1 
338 282 40 69 0.06974312663078308 2 -1 -1 
901 125 98 36 0.06969808787107468 4 -1 -1 
823 74 62 51 0.06926650553941727 4 -1 -1 
897 142 108 40 0.06902524083852768 1 -1 -1 
711 47 66 42 0.06885095685720444 5 -1 -1 
1287 126 33 82 0.06880863010883331 1 -1 -1 
900 186 89 66 0.06857998669147491 4 -1 -1 
106 63 98 44 0.0680723562836647 4 -1 -1 
672 1 50 21 0.06764869391918182 4 -1 -1 
793 118 77 42 0.06716710329055786 4 -1 -1 
2 26 41 72 0.06679228693246841 4 -1 -1 
1108 200 80 35 0.06652940809726715 6 -1 -1 
1099 200 84 51 0.06636793166399002 4 -1 -1 
0 91 36 57 0.06621215492486954 5 -1 -1 
893 152 141 54 0.06586215645074844 4 -1 -1 
7 69 66 50 0.06581306457519531 5 -1 -1 
7 69 66 50 0.0648176297545433 4 -1 -1 
329 46 131 55 0.06440304219722748 4 -1 -1 
969 28 110 51 0.06432138383388519 6 -1 -1 
330 53 97 50 0.0640382170677185 3 -1 -1 
1171 620 89 124 0.06400298327207565 1 -1 -1 
665 2 29 23 0.06382545083761215 5 -1 -1 
1275 172 41 72 0.06331101059913635 1 -1 -1 
1107 199 80 36 0.06291812658309937 10 -1 -1 
791 105 79 32 0.062474314123392105 6 -1 -1 
667 4 44 20 0.0620834156870842 10 -1 -1 
556 2 44 61 0.06192789599299431 9 -1 -1 
15 58 93 42 0.06154249235987663 5 -1 -1 
895 141 110 40 0.060902196913957596 6 -1 -1 
800 59 78 53 0.06082075089216232 4 -1 -1 
894 127 96 35 0.0593896247446537 5 -1 -1 
1224 653 76 116 0.05929863080382347 1 -1 -1 
25 61 109 40 0.05910666659474373 6 -1 -1 
902 172 142 62 0.058209970593452454 9 -1 -1 
1111 195 114 41 0.05672971159219742 6 -1 -1 
2 67 141 61 0.053606245666742325 5 -1 -1 
