460 324 51 85 0.9887491464614868 5 -1 -1 
338 549 53 35 0.9637272953987122 3 -1 -1 
654 234 40 60 0.9529431462287903 5 -1 -1 
369 584 93 152 0.9525284767150879 4 -1 -1 
516 183 51 56 0.9457309246063232 4 -1 -1 
279 384 18 40 0.9330130219459534 1 -1 -1 
502 142 62 48 0.9308328628540039 4 -1 -1 
418 439 68 103 0.9287562370300293 4 -1 -1 
827 627 172 102 0.9260720610618591 4 -1 -1 
475 664 23 45 0.9194596409797668 1 -1 -1 
162 606 24 53 0.9106981158256531 1 -1 -1 
636 559 69 119 0.8962185382843018 4 -1 -1 
480 252 65 55 0.8821244239807129 5 -1 -1 
796 417 64 85 0.870896577835083 4 -1 -1 
150 652 28 56 0.8378469347953796 1 -1 -1 
95 652 33 49 0.8373355865478516 1 -1 -1 
181 612 26 47 0.8338691592216492 1 -1 -1 
221 392 21 41 0.8298739194869995 10 -1 -1 
449 666 23 53 0.8215295076370239 1 -1 -1 
153 479 22 48 0.808933675289154 1 -1 -1 
344 421 46 24 0.798153817653656 10 -1 -1 
757 227 47 57 0.7748602628707886 4 -1 -1 
704 60 61 34 0.7672996520996094 4 -1 -1 
294 377 17 38 0.7287567257881165 1 -1 -1 
306 610 54 34 0.6930583715438843 10 -1 -1 
829 703 93 60 0.6908118724822998 4 -1 -1 
802 267 24 45 0.688232421875 3 -1 -1 
531 83 11 30 0.6196615695953369 1 -1 -1 
541 29 42 30 0.5647402405738831 4 -1 -1 
265 528 18 42 0.5584859848022461 1 -1 -1 
318 242 15 41 0.5502186417579651 1 -1 -1 
156 525 33 71 0.5372048616409302 10 -1 -1 
718 90 44 41 0.5296525359153748 4 -1 -1 
315 592 47 30 0.5081374645233154 10 -1 -1 
241 335 17 22 0.49883607029914856 2 -1 -1 
226 393 15 25 0.4975310266017914 2 -1 -1 
222 391 20 36 0.4757252037525177 2 -1 -1 
173 741 44 22 0.43114665150642395 3 -1 -1 
449 666 23 53 0.4267577528953552 2 -1 -1 
757 125 91 34 0.41969114542007446 4 -1 -1 
714 25 48 28 0.41015884280204773 8 -1 -1 
480 252 64 54 0.40904125571250916 4 -1 -1 
802 268 22 44 0.3916614353656769 1 -1 -1 
713 13 61 41 0.3820042312145233 5 -1 -1 
241 335 19 29 0.37056490778923035 1 -1 -1 
521 43 47 35 0.3460937440395355 8 -1 -1 
505 35 63 43 0.3386518359184265 6 -1 -1 
714 25 50 28 0.3318689465522766 4 -1 -1 
156 524 27 51 0.32248252630233765 10 -1 -1 
267 525 26 48 0.3166617155075073 1 -1 -1 
713 26 31 27 0.3109017014503479 8 -1 -1 
460 324 51 84 0.29857176542282104 10 -1 -1 
330 519 43 23 0.2932351231575012 3 -1 -1 
554 5 31 29 0.29059308767318726 4 -1 -1 
460 324 51 85 0.28010743856430054 4 -1 -1 
294 376 17 39 0.2696172893047333 2 -1 -1 
228 623 16 37 0.2678636908531189 10 -1 -1 
713 26 52 27 0.2670496702194214 5 -1 -1 
460 324 51 84 0.2635708749294281 8 -1 -1 
457 9 12 25 0.2539048492908478 1 -1 -1 
172 420 18 49 0.2519240379333496 1 -1 -1 
316 591 46 29 0.24979168176651 3 -1 -1 
344 420 46 25 0.24399177730083466 7 -1 -1 
802 267 25 45 0.2433491200208664 10 -1 -1 
346 595 18 52 0.23694084584712982 7 -1 -1 
308 592 40 31 0.2337837517261505 10 -1 -1 
230 622 13 30 0.23375748097896576 1 -1 -1 
549 14 36 21 0.23318909108638763 4 -1 -1 
265 528 17 43 0.22990521788597107 2 -1 -1 
423 9 10 25 0.2271544337272644 1 -1 -1 
503 43 65 35 0.22601085901260376 4 -1 -1 
654 234 40 60 0.2257169485092163 8 -1 -1 
521 43 47 35 0.22571077942848206 7 -1 -1 
120 533 15 25 0.22546544671058655 1 -1 -1 
338 549 53 35 0.22527000308036804 7 -1 -1 
460 324 51 85 0.22167757153511047 6 -1 -1 
713 26 29 27 0.22096599638462067 4 -1 -1 
471 30 100 47 0.2185511291027069 6 -1 -1 
654 235 40 59 0.2174450159072876 4 -1 -1 
713 14 61 40 0.2156941145658493 4 -1 -1 
342 523 33 19 0.21288557350635529 3 -1 -1 
294 376 17 39 0.21166040003299713 10 -1 -1 
231 391 11 20 0.2116222083568573 2 -1 -1 
517 27 63 46 0.2096824049949646 6 -1 -1 
172 734 66 30 0.2084333300590515 3 -1 -1 
460 324 51 85 0.2081858217716217 9 -1 -1 
344 420 46 25 0.206590473651886 3 -1 -1 
321 242 13 28 0.20526553690433502 1 -1 -1 
145 524 40 64 0.20433595776557922 10 -1 -1 
556 29 28 25 0.2022746056318283 4 -1 -1 
95 652 33 49 0.20214159786701202 2 -1 -1 
713 95 39 40 0.2003098577260971 4 -1 -1 
575 30 9 22 0.2003062218427658 1 -1 -1 
310 596 54 43 0.19955302774906158 10 -1 -1 
314 581 29 42 0.19933858513832092 10 -1 -1 
533 94 9 19 0.19799117743968964 1 -1 -1 
517 38 50 39 0.19736218452453613 5 -1 -1 
155 524 34 72 0.19663836061954498 3 -1 -1 
460 324 51 84 0.19545507431030273 7 -1 -1 
346 595 18 52 0.19531410932540894 8 -1 -1 
274 526 24 50 0.19517770409584045 1 -1 -1 
156 526 33 70 0.19428513944149017 7 -1 -1 
95 652 33 49 0.1941443234682083 4 -1 -1 
173 744 28 19 0.1931515336036682 3 -1 -1 
714 26 45 27 0.1925952136516571 7 -1 -1 
341 542 50 31 0.19197548925876617 3 -1 -1 
279 384 18 40 0.19070221483707428 4 -1 -1 
348 242 82 42 0.19033131003379822 4 -1 -1 
522 99 7 15 0.19011631608009338 1 -1 -1 
703 61 61 34 0.1867508441209793 5 -1 -1 
475 664 23 45 0.1861647665500641 4 -1 -1 
713 14 61 40 0.18159860372543335 8 -1 -1 
157 520 26 44 0.18065688014030457 3 -1 -1 
849 434 20 36 0.17905636131763458 1 -1 -1 
718 91 43 40 0.17669278383255005 5 -1 -1 
878 327 101 116 0.17663756012916565 6 -1 -1 
534 51 34 27 0.17524084448814392 8 -1 -1 
231 623 13 26 0.17500554025173187 10 -1 -1 
144 434 25 61 0.17434942722320557 1 -1 -1 
316 590 35 30 0.17407244443893433 1 -1 -1 
162 421 29 49 0.17345307767391205 1 -1 -1 
266 527 27 48 0.17314215004444122 2 -1 -1 
161 465 15 35 0.17010365426540375 1 -1 -1 
337 246 129 81 0.16684992611408234 4 -1 -1 
796 416 64 87 0.16499978303909302 5 -1 -1 
369 584 94 152 0.16339562833309174 9 -1 -1 
524 22 60 41 0.16300971806049347 4 -1 -1 
1014 409 10 32 0.16256774961948395 1 -1 -1 
222 391 20 36 0.16230559349060059 1 -1 -1 
240 337 13 29 0.162259042263031 1 -1 -1 
117 532 19 46 0.1610952913761139 1 -1 -1 
345 242 101 59 0.16014671325683594 4 -1 -1 
240 335 15 21 0.15819823741912842 1 -1 -1 
522 32 51 33 0.15584011375904083 4 -1 -1 
537 8 49 27 0.15576228499412537 4 -1 -1 
422 7 11 25 0.1551588922739029 10 -1 -1 
713 18 60 37 0.15377822518348694 6 -1 -1 
245 334 16 24 0.15297189354896545 1 -1 -1 
155 470 20 42 0.15162208676338196 1 -1 -1 
221 393 21 40 0.15132223069667816 3 -1 -1 
232 390 9 15 0.15117263793945312 2 -1 -1 
525 27 59 33 0.14921195805072784 6 -1 -1 
498 25 74 38 0.14829310774803162 6 -1 -1 
230 622 13 30 0.14744409918785095 2 -1 -1 
714 11 65 43 0.1474229395389557 9 -1 -1 
849 434 12 32 0.1471945345401764 1 -1 -1 
344 420 46 25 0.14717885851860046 4 -1 -1 
474 36 93 42 0.14667350053787231 5 -1 -1 
213 382 8 20 0.14660145342350006 1 -1 -1 
546 30 37 28 0.14586414396762848 5 -1 -1 
351 549 41 22 0.14506424963474274 3 -1 -1 
531 33 38 40 0.14450304210186005 7 -1 -1 
228 391 14 21 0.14447607100009918 1 -1 -1 
225 393 16 25 0.14415697753429413 1 -1 -1 
699 88 58 41 0.1435999572277069 4 -1 -1 
460 324 51 84 0.14284023642539978 2 -1 -1 
421 5 11 23 0.1423812359571457 1 -1 -1 
449 666 23 52 0.14192602038383484 10 -1 -1 
507 30 62 43 0.14119258522987366 4 -1 -1 
531 33 38 40 0.1407465934753418 8 -1 -1 
719 72 19 26 0.1397773176431656 1 -1 -1 
721 67 26 31 0.13953539729118347 1 -1 -1 
344 420 46 25 0.13857997953891754 2 -1 -1 
759 122 25 20 0.13742628693580627 3 -1 -1 
221 391 21 42 0.13695500791072845 4 -1 -1 
548 29 35 28 0.13563069701194763 7 -1 -1 
654 235 40 59 0.13546019792556763 9 -1 -1 
543 18 42 30 0.13485391438007355 4 -1 -1 
525 13 60 39 0.13417641818523407 4 -1 -1 
337 242 62 74 0.13373145461082458 4 -1 -1 
457 4 70 33 0.13085368275642395 4 -1 -1 
172 607 37 55 0.12788933515548706 1 -1 -1 
462 11 122 63 0.1252649426460266 6 -1 -1 
637 559 68 119 0.1250677853822708 5 -1 -1 
238 329 23 28 0.12370283901691437 2 -1 -1 
236 336 20 35 0.1216312125325203 1 -1 -1 
516 183 51 56 0.12146938592195511 1 -1 -1 
474 36 93 42 0.11820873618125916 4 -1 -1 
339 276 88 45 0.1171528622508049 4 -1 -1 
827 628 173 101 0.11585871130228043 5 -1 -1 
757 227 46 57 0.11559567600488663 5 -1 -1 
504 36 64 42 0.11460250616073608 7 -1 -1 
289 380 19 41 0.11372095346450806 1 -1 -1 
332 536 54 40 0.11314330995082855 3 -1 -1 
504 36 64 42 0.11103078722953796 8 -1 -1 
418 439 68 103 0.11046689003705978 1 -1 -1 
525 26 60 33 0.10996820777654648 5 -1 -1 
347 240 66 35 0.10911428183317184 4 -1 -1 
369 584 93 152 0.10826217383146286 10 -1 -1 
474 36 93 42 0.10792524367570877 9 -1 -1 
516 183 51 56 0.1079191043972969 9 -1 -1 
461 7 125 58 0.10770782828330994 4 -1 -1 
500 48 68 33 0.10665390640497208 9 -1 -1 
369 584 93 152 0.10655037313699722 1 -1 -1 
341 245 130 80 0.10548649728298187 5 -1 -1 
636 559 69 119 0.10457448661327362 9 -1 -1 
502 142 62 48 0.10390718281269073 1 -1 -1 
418 440 68 101 0.1037042960524559 9 -1 -1 
498 25 74 38 0.10309741646051407 5 -1 -1 
228 622 16 36 0.10114460438489914 3 -1 -1 
480 252 65 54 0.10051564872264862 6 -1 -1 
757 125 91 33 0.10045308619737625 5 -1 -1 
827 685 149 75 0.0998331606388092 4 -1 -1 
826 628 173 102 0.09955663979053497 1 -1 -1 
460 324 51 84 0.09883414953947067 1 -1 -1 
774 120 84 33 0.09818990528583527 4 -1 -1 
306 607 54 37 0.09815890341997147 3 -1 -1 
369 584 94 152 0.0973871499300003 5 -1 -1 
306 608 54 35 0.09684081375598907 4 -1 -1 
369 584 93 152 0.09563476592302322 7 -1 -1 
348 242 93 46 0.0955299511551857 5 -1 -1 
464 17 115 62 0.09508121758699417 9 -1 -1 
491 48 71 34 0.09501946717500687 6 -1 -1 
523 27 60 44 0.09387072920799255 7 -1 -1 
878 328 102 116 0.09364236146211624 4 -1 -1 
227 623 18 39 0.09269564598798752 2 -1 -1 
294 377 17 38 0.09220489859580994 4 -1 -1 
519 16 66 38 0.09119345992803574 6 -1 -1 
517 27 63 46 0.09113921225070953 5 -1 -1 
418 439 68 104 0.09021315723657608 5 -1 -1 
418 439 68 103 0.08993441611528397 10 -1 -1 
318 511 60 32 0.08952832967042923 3 -1 -1 
369 584 93 152 0.08904367685317993 6 -1 -1 
516 183 51 56 0.08828268200159073 5 -1 -1 
500 49 67 31 0.08807433396577835 5 -1 -1 
689 92 63 46 0.08505211025476456 4 -1 -1 
878 327 101 116 0.08459928631782532 5 -1 -1 
349 272 102 41 0.08445620536804199 4 -1 -1 
325 516 55 36 0.08424844592809677 3 -1 -1 
796 417 64 86 0.08410075306892395 10 -1 -1 
519 16 66 38 0.0830969363451004 5 -1 -1 
636 559 69 120 0.08281448483467102 1 -1 -1 
826 628 173 102 0.08265478163957596 9 -1 -1 
318 564 52 54 0.08230568468570709 3 -1 -1 
312 590 51 34 0.08193465322256088 9 -1 -1 
348 240 139 69 0.08041605353355408 4 -1 -1 
464 17 115 62 0.07546164095401764 5 -1 -1 
339 261 132 69 0.06538296490907669 9 -1 -1 
452 21 118 60 0.06424473226070404 4 -1 -1 
636 559 69 119 0.06169280782341957 10 -1 -1 
343 245 134 81 0.06094726547598839 6 -1 -1 
368 583 94 153 0.058088406920433044 8 -1 -1 
369 584 93 152 0.057411592453718185 3 -1 -1 
347 241 127 69 0.053130101412534714 9 -1 -1 
323 262 119 73 0.052690811455249786 4 -1 -1 
