166 616 139 143 0.9574151039123535 4 -1 -1 
1178 632 144 112 0.9453583359718323 4 -1 -1 
537 429 61 79 0.9344573020935059 4 -1 -1 
663 264 31 35 0.9335891008377075 5 -1 -1 
713 301 33 31 0.9289546012878418 4 -1 -1 
1067 505 107 78 0.925565779209137 4 -1 -1 
999 429 78 58 0.9247758984565735 4 -1 -1 
444 348 52 44 0.9139241576194763 4 -1 -1 
587 307 36 38 0.9057804942131042 4 -1 -1 
560 350 42 42 0.9017010927200317 4 -1 -1 
292 489 98 100 0.9006847739219666 4 -1 -1 
426 580 79 109 0.89469975233078 4 -1 -1 
411 391 62 55 0.8932315111160278 4 -1 -1 
99 430 116 59 0.8721095323562622 4 -1 -1 
350 428 78 80 0.8694695234298706 4 -1 -1 
472 308 48 45 0.8551888465881348 4 -1 -1 
703 141 21 31 0.8514377474784851 9 -1 -1 
623 176 16 15 0.8411799073219299 4 -1 -1 
679 183 17 15 0.8405637145042419 4 -1 -1 
363 279 45 35 0.8305063843727112 4 -1 -1 
703 141 22 30 0.8291466236114502 8 -1 -1 
537 248 12 23 0.8234035968780518 1 -1 -1 
961 380 61 56 0.816859245300293 4 -1 -1 
546 297 13 21 0.8145751953125 2 -1 -1 
531 236 22 15 0.8080846667289734 10 -1 -1 
658 125 10 8 0.7561735510826111 4 -1 -1 
547 303 12 21 0.7539837956428528 10 -1 -1 
677 145 12 11 0.7539408206939697 4 -1 -1 
573 292 11 20 0.7524509429931641 2 -1 -1 
646 159 14 15 0.745759904384613 4 -1 -1 
656 141 12 10 0.7409268617630005 4 -1 -1 
399 533 24 52 0.7398720979690552 2 -1 -1 
555 265 10 19 0.7353127002716064 2 -1 -1 
677 122 7 7 0.7278059124946594 4 -1 -1 
735 230 18 11 0.7219088077545166 10 -1 -1 
399 553 23 45 0.7123092412948608 10 -1 -1 
614 154 13 12 0.7029408812522888 4 -1 -1 
637 143 11 12 0.7028229236602783 4 -1 -1 
205 378 67 59 0.6996408104896545 4 -1 -1 
553 611 28 57 0.6949647665023804 10 -1 -1 
607 158 14 12 0.6861410140991211 4 -1 -1 
692 205 7 14 0.659423291683197 3 -1 -1 
692 200 7 16 0.6579743027687073 2 -1 -1 
654 135 10 9 0.6422643065452576 4 -1 -1 
807 182 28 14 0.6289449334144592 4 -1 -1 
553 583 28 68 0.6283994913101196 2 -1 -1 
743 222 8 14 0.6254989504814148 2 -1 -1 
495 285 38 38 0.610096275806427 4 -1 -1 
48 476 98 69 0.5929141044616699 4 -1 -1 
662 120 8 7 0.5901854634284973 4 -1 -1 
927 351 53 45 0.5863860845565796 4 -1 -1 
694 145 10 11 0.5862292051315308 4 -1 -1 
555 272 11 19 0.5834326148033142 10 -1 -1 
655 139 11 10 0.5820626616477966 4 -1 -1 
538 231 9 16 0.5817157626152039 2 -1 -1 
774 165 21 21 0.5817087292671204 4 -1 -1 
798 175 28 12 0.570366382598877 4 -1 -1 
573 298 11 21 0.5665587186813354 3 -1 -1 
705 215 8 15 0.5596448183059692 2 -1 -1 
802 178 26 12 0.5562953352928162 4 -1 -1 
985 416 16 34 0.5429941415786743 1 -1 -1 
573 298 11 21 0.5376880764961243 10 -1 -1 
751 264 9 13 0.536625862121582 2 -1 -1 
662 112 7 7 0.5240215063095093 4 -1 -1 
624 139 11 10 0.5109230279922485 4 -1 -1 
554 611 28 57 0.5038869380950928 3 -1 -1 
496 186 22 27 0.5034509897232056 9 -1 -1 
603 174 6 10 0.5014356374740601 2 -1 -1 
4 492 17 41 0.49841058254241943 1 -1 -1 
617 145 10 11 0.4854942262172699 4 -1 -1 
705 219 9 15 0.4697711765766144 10 -1 -1 
536 232 14 17 0.45786455273628235 10 -1 -1 
556 273 9 18 0.4571434557437897 3 -1 -1 
662 115 7 6 0.45589256286621094 4 -1 -1 
741 226 11 14 0.4418480098247528 2 -1 -1 
626 136 10 11 0.43990573287010193 4 -1 -1 
624 142 11 12 0.4325008690357208 4 -1 -1 
627 133 12 11 0.4273010790348053 4 -1 -1 
751 272 8 15 0.42641499638557434 3 -1 -1 
603 176 6 11 0.4239214360713959 10 -1 -1 
496 186 22 27 0.4234570860862732 5 -1 -1 
611 156 13 12 0.4221600890159607 4 -1 -1 
679 113 7 7 0.41299694776535034 4 -1 -1 
37 470 13 33 0.4079173505306244 1 -1 -1 
693 132 4 8 0.40288418531417847 2 -1 -1 
823 190 32 16 0.4015715420246124 4 -1 -1 
677 104 8 7 0.3939124345779419 4 -1 -1 
679 113 7 7 0.3901596963405609 7 -1 -1 
535 232 15 17 0.38722512125968933 2 -1 -1 
662 112 7 7 0.38663631677627563 5 -1 -1 
751 272 8 15 0.37983715534210205 10 -1 -1 
830 192 30 16 0.3661656081676483 4 -1 -1 
282 303 55 29 0.3641326129436493 4 -1 -1 
398 552 25 47 0.3614392876625061 3 -1 -1 
637 143 11 12 0.3610687553882599 5 -1 -1 
646 149 5 9 0.3600306212902069 2 -1 -1 
693 133 4 9 0.35855284333229065 10 -1 -1 
686 114 8 10 0.35581904649734497 7 -1 -1 
627 145 8 10 0.34901612997055054 4 -1 -1 
497 186 21 26 0.34748318791389465 4 -1 -1 
619 144 11 11 0.34144020080566406 4 -1 -1 
679 112 7 8 0.3395002484321594 8 -1 -1 
839 206 38 21 0.3374985158443451 4 -1 -1 
751 268 8 16 0.3369530439376831 2 -1 -1 
697 156 6 12 0.33181026577949524 3 -1 -1 
825 187 30 15 0.33039039373397827 4 -1 -1 
603 176 6 11 0.33005836606025696 3 -1 -1 
495 286 37 37 0.3272692561149597 5 -1 -1 
696 148 8 10 0.3268769681453705 4 -1 -1 
686 114 8 10 0.3236948251724243 8 -1 -1 
235 339 13 28 0.31317928433418274 2 -1 -1 
305 306 17 39 0.3125671148300171 1 -1 -1 
831 198 31 19 0.3102805018424988 4 -1 -1 
647 149 4 10 0.30710920691490173 10 -1 -1 
235 339 14 29 0.307026207447052 1 -1 -1 
401 223 21 25 0.30395805835723877 4 -1 -1 
705 215 8 16 0.3019559383392334 1 -1 -1 
647 149 4 9 0.301523894071579 3 -1 -1 
495 286 37 37 0.300155907869339 6 -1 -1 
741 226 11 14 0.2999520003795624 10 -1 -1 
1082 220 44 27 0.2997798025608063 10 -1 -1 
399 533 24 51 0.29879382252693176 1 -1 -1 
553 583 28 67 0.29787230491638184 1 -1 -1 
705 219 8 15 0.2957664430141449 3 -1 -1 
736 229 16 12 0.29516077041625977 2 -1 -1 
692 205 8 14 0.29461994767189026 10 -1 -1 
622 143 10 10 0.29405826330184937 4 -1 -1 
693 133 4 9 0.28865766525268555 3 -1 -1 
833 199 39 23 0.28715649247169495 4 -1 -1 
342 267 9 19 0.2867227792739868 1 -1 -1 
697 154 6 13 0.28647392988204956 1 -1 -1 
647 149 5 9 0.2846585810184479 1 -1 -1 
692 200 7 16 0.28239765763282776 1 -1 -1 
646 147 6 9 0.279933899641037 2 -1 -1 
624 139 11 11 0.2790786623954773 5 -1 -1 
985 416 16 33 0.27657029032707214 2 -1 -1 
655 136 11 10 0.2755429148674011 4 -1 -1 
697 156 6 12 0.2683175802230835 10 -1 -1 
399 535 23 55 0.2660607695579529 10 -1 -1 
0 550 68 64 0.2654598653316498 4 -1 -1 
547 303 12 21 0.26536551117897034 3 -1 -1 
832 193 43 20 0.2453000694513321 5 -1 -1 
0 550 101 73 0.24116651713848114 4 -1 -1 
426 579 79 109 0.23740637302398682 5 -1 -1 
116 339 103 74 0.23530153930187225 6 -1 -1 
292 489 99 100 0.22810974717140198 5 -1 -1 
205 380 66 58 0.22333525121212006 5 -1 -1 
291 486 53 103 0.21839961409568787 4 -1 -1 
187 290 67 70 0.2170105278491974 5 -1 -1 
832 192 48 22 0.2017337679862976 4 -1 -1 
49 474 140 81 0.20171047747135162 4 -1 -1 
352 428 75 80 0.19434432685375214 5 -1 -1 
169 291 85 70 0.18447011709213257 6 -1 -1 
0 554 71 92 0.18102458119392395 4 -1 -1 
702 140 22 32 0.17775942385196686 6 -1 -1 
827 189 41 19 0.17737826704978943 5 -1 -1 
830 187 52 21 0.17532017827033997 4 -1 -1 
246 406 59 91 0.1749628633260727 8 -1 -1 
114 341 104 75 0.17450480163097382 4 -1 -1 
839 202 52 25 0.16833385825157166 4 -1 -1 
112 288 145 116 0.1679098904132843 6 -1 -1 
839 205 39 21 0.16328996419906616 5 -1 -1 
184 291 70 70 0.16104833781719208 8 -1 -1 
184 291 70 70 0.1610042154788971 4 -1 -1 
48 476 100 69 0.15919241309165955 5 -1 -1 
165 615 139 144 0.1527610570192337 9 -1 -1 
1068 506 106 78 0.15206223726272583 5 -1 -1 
50 484 101 92 0.15100499987602234 4 -1 -1 
245 406 60 90 0.14895007014274597 5 -1 -1 
400 219 25 30 0.14667578041553497 5 -1 -1 
66 473 101 63 0.14508166909217834 4 -1 -1 
291 486 53 103 0.1426342874765396 5 -1 -1 
99 429 116 62 0.14143715798854828 5 -1 -1 
110 355 82 62 0.136254221200943 4 -1 -1 
537 429 61 79 0.13533583283424377 5 -1 -1 
246 406 59 91 0.13460130989551544 6 -1 -1 
88 306 147 111 0.13323582708835602 6 -1 -1 
842 210 43 22 0.13318660855293274 4 -1 -1 
425 188 38 28 0.13193966448307037 4 -1 -1 
495 185 25 29 0.1295672357082367 6 -1 -1 
118 339 102 75 0.12661105394363403 5 -1 -1 
1178 632 145 113 0.12584148347377777 1 -1 -1 
85 341 114 71 0.12296029180288315 6 -1 -1 
0 545 86 55 0.11789192259311676 4 -1 -1 
836 198 50 26 0.11691217869520187 5 -1 -1 
243 406 61 91 0.11660779267549515 4 -1 -1 
999 429 77 58 0.11560719460248947 1 -1 -1 
1118 432 115 45 0.11462076753377914 4 -1 -1 
961 380 61 56 0.11310122907161713 5 -1 -1 
1178 632 145 112 0.10929223895072937 9 -1 -1 
702 140 23 32 0.10928792506456375 5 -1 -1 
166 616 139 143 0.10914982110261917 7 -1 -1 
49 476 139 84 0.10900896787643433 6 -1 -1 
831 191 49 21 0.10788554698228836 6 -1 -1 
889 278 18 39 0.10754090547561646 1 -1 -1 
51 475 99 68 0.10711933672428131 6 -1 -1 
166 616 139 143 0.10531647503376007 5 -1 -1 
165 614 139 145 0.10314469784498215 10 -1 -1 
283 298 70 41 0.10212317854166031 4 -1 -1 
132 291 125 71 0.10169568657875061 9 -1 -1 
165 614 139 145 0.10141853988170624 1 -1 -1 
828 184 49 20 0.10071851313114166 4 -1 -1 
100 430 116 61 0.10054992884397507 1 -1 -1 
75 364 92 53 0.09912225604057312 4 -1 -1 
205 378 67 59 0.09891432523727417 1 -1 -1 
216 381 77 60 0.09884537011384964 4 -1 -1 
426 580 79 109 0.09712574630975723 1 -1 -1 
1067 505 107 78 0.09500837326049805 1 -1 -1 
132 291 125 71 0.0945749580860138 5 -1 -1 
813 186 40 18 0.09427055716514587 4 -1 -1 
184 291 70 70 0.09414692968130112 7 -1 -1 
166 616 139 143 0.09345514327287674 6 -1 -1 
47 494 149 94 0.093439981341362 6 -1 -1 
426 580 79 110 0.09314229339361191 9 -1 -1 
74 484 100 85 0.09293516725301743 4 -1 -1 
828 191 34 23 0.09084156155586243 5 -1 -1 
832 205 36 23 0.09049921482801437 4 -1 -1 
42 503 94 65 0.08954910933971405 4 -1 -1 
0 550 109 59 0.08910078555345535 5 -1 -1 
47 485 98 86 0.08873172849416733 6 -1 -1 
422 188 39 29 0.08761730790138245 5 -1 -1 
246 406 59 91 0.08745400607585907 7 -1 -1 
61 446 152 86 0.08744226396083832 4 -1 -1 
195 292 107 67 0.08741571009159088 4 -1 -1 
292 490 98 99 0.08727321028709412 1 -1 -1 
412 391 60 54 0.08643156290054321 5 -1 -1 
805 182 36 18 0.08586481958627701 4 -1 -1 
226 297 90 51 0.08566273003816605 4 -1 -1 
832 189 56 23 0.0845111683011055 9 -1 -1 
702 140 23 32 0.08405151218175888 7 -1 -1 
799 177 37 17 0.08395680040121078 4 -1 -1 
0 550 68 64 0.08390995115041733 5 -1 -1 
412 391 60 54 0.08375749737024307 1 -1 -1 
185 290 70 67 0.08324490487575531 9 -1 -1 
537 429 61 79 0.082964226603508 10 -1 -1 
132 291 125 71 0.08143234252929688 4 -1 -1 
1179 632 144 113 0.08121136575937271 7 -1 -1 
240 397 65 68 0.0804777443408966 4 -1 -1 
1002 429 74 58 0.07978994399309158 5 -1 -1 
240 397 65 68 0.07973462343215942 5 -1 -1 
961 380 61 56 0.0795234814286232 1 -1 -1 
264 288 71 50 0.07917595654726028 4 -1 -1 
97 370 80 51 0.07916263490915298 4 -1 -1 
537 429 61 79 0.07907263934612274 1 -1 -1 
1178 632 145 113 0.07901151478290558 10 -1 -1 
132 285 127 69 0.07886818051338196 6 -1 -1 
925 350 57 47 0.07669448852539062 5 -1 -1 
1104 196 94 39 0.07668998092412949 6 -1 -1 
114 341 104 75 0.07633660733699799 7 -1 -1 
50 484 101 92 0.07609923183917999 5 -1 -1 
1178 632 145 113 0.07608642429113388 5 -1 -1 
400 219 25 30 0.07600651681423187 9 -1 -1 
426 580 79 110 0.0757654458284378 10 -1 -1 
537 429 61 79 0.0757063701748848 9 -1 -1 
92 344 107 70 0.07543647289276123 5 -1 -1 
703 140 23 32 0.0754135251045227 1 -1 -1 
37 511 134 101 0.07516786456108093 6 -1 -1 
702 140 23 32 0.07503310590982437 4 -1 -1 
0 550 66 60 0.07491985708475113 1 -1 -1 
80 344 112 67 0.07490503787994385 4 -1 -1 
1178 632 145 112 0.074130117893219 6 -1 -1 
98 584 139 128 0.07371793687343597 4 -1 -1 
3 573 98 83 0.07345537841320038 4 -1 -1 
114 339 110 76 0.07318364083766937 8 -1 -1 
836 190 57 28 0.07282648980617523 4 -1 -1 
52 486 150 110 0.07280487567186356 4 -1 -1 
49 476 139 84 0.07250560820102692 5 -1 -1 
98 430 117 59 0.0723111554980278 9 -1 -1 
121 323 108 69 0.07211317867040634 6 -1 -1 
351 428 76 80 0.07195299863815308 1 -1 -1 
411 391 62 55 0.07186545431613922 10 -1 -1 
51 475 99 68 0.0714399516582489 1 -1 -1 
119 339 104 76 0.07044358551502228 9 -1 -1 
0 551 110 65 0.07038327306509018 6 -1 -1 
836 198 50 26 0.06973614543676376 6 -1 -1 
839 202 52 25 0.0696951225399971 9 -1 -1 
37 511 134 101 0.06771174818277359 4 -1 -1 
7 546 157 131 0.06718991696834564 4 -1 -1 
166 616 139 143 0.06657732278108597 3 -1 -1 
166 616 139 143 0.06267616152763367 8 -1 -1 
11 535 164 97 0.05997759848833084 6 -1 -1 
52 328 165 92 0.05989520624279976 6 -1 -1 
124 612 134 145 0.05680431053042412 4 -1 -1 
7 546 157 131 0.05532141774892807 6 -1 -1 
59 500 176 113 0.055255938321352005 6 -1 -1 
61 483 173 96 0.055110007524490356 6 -1 -1 
52 486 150 110 0.051421720534563065 5 -1 -1 
