336 566 50 58 0.9842430353164673 3 -1 -1 
1158 554 34 54 0.8820655345916748 1 -1 -1 
425 393 18 54 0.8288620710372925 1 -1 -1 
1261 613 37 55 0.8221173286437988 1 -1 -1 
297 570 31 67 0.8153116703033447 10 -1 -1 
1241 654 29 35 0.8003621101379395 1 -1 -1 
367 344 27 46 0.7720760107040405 1 -1 -1 
451 454 23 54 0.7172930836677551 1 -1 -1 
372 481 24 56 0.7002597451210022 1 -1 -1 
281 400 23 55 0.667967677116394 1 -1 -1 
1138 590 29 35 0.5646799206733704 1 -1 -1 
1142 591 27 34 0.500114917755127 2 -1 -1 
278 235 23 32 0.4615142345428467 1 -1 -1 
315 227 24 35 0.4577365815639496 2 -1 -1 
277 235 24 38 0.4466210901737213 2 -1 -1 
302 583 26 57 0.3812945783138275 1 -1 -1 
282 395 27 48 0.35669514536857605 1 -1 -1 
315 228 22 33 0.3493157625198364 1 -1 -1 
336 567 51 57 0.3191012144088745 9 -1 -1 
1135 589 27 31 0.296529084444046 2 -1 -1 
275 234 38 42 0.26019737124443054 1 -1 -1 
336 567 51 57 0.2532288730144501 4 -1 -1 
1239 654 30 35 0.24111220240592957 2 -1 -1 
358 574 88 52 0.23494942486286163 9 -1 -1 
153 233 26 20 0.23102819919586182 2 -1 -1 
1148 588 24 33 0.22728541493415833 1 -1 -1 
153 233 26 20 0.22103774547576904 1 -1 -1 
319 227 15 25 0.21997210383415222 2 -1 -1 
336 567 51 57 0.20987281203269958 7 -1 -1 
338 537 84 86 0.20527972280979156 3 -1 -1 
1134 589 27 29 0.20305491983890533 1 -1 -1 
443 454 26 43 0.2024901658296585 1 -1 -1 
277 233 56 39 0.19803142547607422 1 -1 -1 
389 538 49 23 0.19444026052951813 3 -1 -1 
337 528 85 84 0.18754573166370392 8 -1 -1 
336 567 51 57 0.18628959357738495 1 -1 -1 
360 539 55 65 0.1858585923910141 8 -1 -1 
1158 554 34 53 0.17791655659675598 4 -1 -1 
315 232 28 38 0.1760178506374359 3 -1 -1 
318 229 26 38 0.16747087240219116 1 -1 -1 
322 231 14 25 0.16545799374580383 2 -1 -1 
276 233 22 28 0.1615685671567917 2 -1 -1 
1148 588 28 33 0.15601788461208344 2 -1 -1 
333 567 51 57 0.15574856102466583 2 -1 -1 
1133 586 25 27 0.15227845311164856 2 -1 -1 
367 524 44 40 0.1488305777311325 3 -1 -1 
298 570 30 69 0.1487233191728592 4 -1 -1 
359 554 60 68 0.1475389003753662 8 -1 -1 
279 236 17 25 0.14588788151741028 1 -1 -1 
337 528 85 84 0.1443614512681961 7 -1 -1 
320 226 22 30 0.14406782388687134 2 -1 -1 
361 511 48 50 0.14402197301387787 3 -1 -1 
301 577 26 63 0.14157608151435852 3 -1 -1 
1144 582 28 33 0.13904714584350586 2 -1 -1 
339 555 74 54 0.1352536827325821 8 -1 -1 
1261 613 37 55 0.13506720960140228 4 -1 -1 
1265 610 33 39 0.13275885581970215 1 -1 -1 
386 530 43 29 0.13059428334236145 3 -1 -1 
381 540 35 60 0.128927543759346 8 -1 -1 
315 237 27 30 0.12687133252620697 2 -1 -1 
374 527 43 43 0.126722514629364 3 -1 -1 
355 558 64 64 0.1261681765317917 9 -1 -1 
299 570 30 69 0.12496662884950638 2 -1 -1 
320 228 15 25 0.12369932234287262 1 -1 -1 
318 233 14 26 0.12193960696458817 2 -1 -1 
338 556 72 49 0.12166599929332733 3 -1 -1 
315 228 22 34 0.12092272937297821 3 -1 -1 
336 566 50 58 0.12000872194766998 8 -1 -1 
1246 647 35 41 0.11658059805631638 1 -1 -1 
342 318 20 28 0.11617939919233322 1 -1 -1 
315 230 23 35 0.1160978451371193 10 -1 -1 
1249 638 34 39 0.11348846554756165 1 -1 -1 
343 317 13 23 0.11269566416740417 1 -1 -1 
320 226 22 30 0.11261610686779022 1 -1 -1 
1263 612 35 52 0.11061011254787445 2 -1 -1 
312 235 27 34 0.10996027290821075 1 -1 -1 
380 560 28 35 0.10801257193088531 2 -1 -1 
372 545 47 64 0.10685080289840698 9 -1 -1 
1241 654 29 35 0.10666703432798386 4 -1 -1 
279 238 23 42 0.106549933552742 1 -1 -1 
1034 208 11 24 0.10543029755353928 1 -1 -1 
1259 640 28 34 0.10542343556880951 1 -1 -1 
335 567 52 57 0.10498692095279694 10 -1 -1 
344 527 69 50 0.10347887128591537 3 -1 -1 
284 393 36 56 0.1031394898891449 1 -1 -1 
277 234 64 36 0.10160582512617111 3 -1 -1 
424 392 17 39 0.10158004611730576 1 -1 -1 
323 227 13 22 0.10142312198877335 2 -1 -1 
349 321 13 25 0.10084385424852371 1 -1 -1 
354 536 60 64 0.0995267853140831 3 -1 -1 
373 481 23 56 0.0980815589427948 4 -1 -1 
346 318 13 25 0.09800143539905548 1 -1 -1 
425 393 18 54 0.09797217696905136 4 -1 -1 
367 345 27 46 0.09711574018001556 2 -1 -1 
372 492 32 67 0.09545863419771194 3 -1 -1 
335 550 66 49 0.09516890347003937 9 -1 -1 
346 509 63 53 0.09378340095281601 9 -1 -1 
338 524 75 44 0.09364157915115356 9 -1 -1 
333 203 9 26 0.09294584393501282 1 -1 -1 
337 532 75 64 0.09279409795999527 9 -1 -1 
372 482 24 56 0.09269353747367859 2 -1 -1 
486 288 13 18 0.09196773171424866 1 -1 -1 
377 533 36 58 0.09095168113708496 3 -1 -1 
359 554 60 68 0.08986454457044601 7 -1 -1 
278 237 15 25 0.08975187689065933 2 -1 -1 
345 317 12 23 0.08907895535230637 2 -1 -1 
308 236 28 33 0.08889881521463394 3 -1 -1 
451 455 23 53 0.08870406448841095 4 -1 -1 
425 391 30 57 0.08726467937231064 1 -1 -1 
322 232 14 26 0.0868128165602684 1 -1 -1 
1154 550 33 43 0.08665774762630463 1 -1 -1 
367 488 34 70 0.08606338500976562 1 -1 -1 
1034 206 12 26 0.08497709035873413 2 -1 -1 
1158 554 34 53 0.0845116451382637 2 -1 -1 
152 233 26 19 0.08437997102737427 7 -1 -1 
372 545 47 64 0.08366359025239944 7 -1 -1 
344 525 94 84 0.08251134306192398 9 -1 -1 
302 231 43 43 0.08149489760398865 3 -1 -1 
360 337 39 53 0.08100519329309464 1 -1 -1 
488 275 24 28 0.08073778450489044 1 -1 -1 
1171 554 30 53 0.0805991068482399 1 -1 -1 
1033 195 16 37 0.0804336816072464 1 -1 -1 
372 557 65 67 0.07964930683374405 9 -1 -1 
317 221 20 27 0.07953518629074097 2 -1 -1 
493 278 13 22 0.07950000464916229 1 -1 -1 
152 233 26 20 0.0793510153889656 10 -1 -1 
425 392 17 34 0.07913945615291595 2 -1 -1 
156 375 16 21 0.07911977171897888 1 -1 -1 
311 226 22 33 0.07853559404611588 2 -1 -1 
285 569 39 64 0.0783870667219162 10 -1 -1 
965 629 318 135 0.07829490303993225 6 -1 -1 
425 394 19 54 0.07818908244371414 2 -1 -1 
384 538 43 44 0.07809107005596161 3 -1 -1 
320 237 15 24 0.07715654373168945 2 -1 -1 
313 555 98 73 0.07692340016365051 3 -1 -1 
449 454 25 57 0.07682051509618759 2 -1 -1 
367 344 27 46 0.07562267780303955 4 -1 -1 
152 233 26 20 0.07558418810367584 4 -1 -1 
302 231 43 43 0.07555800676345825 1 -1 -1 
1241 645 32 37 0.07387211173772812 2 -1 -1 
355 558 64 64 0.07385893166065216 3 -1 -1 
1246 647 35 41 0.0729391798377037 2 -1 -1 
342 318 20 29 0.07273051887750626 3 -1 -1 
318 233 27 37 0.07271812111139297 10 -1 -1 
281 400 23 55 0.07262659072875977 2 -1 -1 
385 553 27 34 0.07250431925058365 2 -1 -1 
339 549 91 80 0.0724315196275711 8 -1 -1 
322 229 22 34 0.07235035300254822 3 -1 -1 
342 318 20 28 0.07204847782850266 2 -1 -1 
493 281 14 20 0.07189319282770157 2 -1 -1 
1146 594 31 34 0.07164417952299118 1 -1 -1 
293 569 34 67 0.07104578614234924 1 -1 -1 
285 569 39 64 0.07095293700695038 2 -1 -1 
339 555 74 54 0.07083826512098312 7 -1 -1 
324 235 13 25 0.07079672068357468 2 -1 -1 
342 318 20 29 0.07077454030513763 10 -1 -1 
358 574 88 52 0.07074885070323944 8 -1 -1 
1241 654 29 35 0.07011334598064423 10 -1 -1 
1253 642 31 37 0.07009312510490417 2 -1 -1 
390 527 56 36 0.07004047930240631 3 -1 -1 
65 297 9 20 0.06996379047632217 1 -1 -1 
289 221 53 43 0.0689525157213211 1 -1 -1 
344 568 60 57 0.06885255873203278 3 -1 -1 
287 395 25 30 0.06856931000947952 1 -1 -1 
336 533 85 84 0.06851290166378021 10 -1 -1 
372 480 19 43 0.06844977289438248 1 -1 -1 
363 546 53 66 0.06842518597841263 2 -1 -1 
303 587 24 54 0.06833600252866745 2 -1 -1 
334 561 48 47 0.06788764148950577 9 -1 -1 
279 395 27 32 0.06787849962711334 1 -1 -1 
359 554 60 68 0.06772001087665558 10 -1 -1 
275 234 38 42 0.06766841560602188 2 -1 -1 
323 227 13 22 0.06752071529626846 1 -1 -1 
284 395 25 31 0.06751454621553421 2 -1 -1 
1235 644 29 39 0.0673920214176178 1 -1 -1 
379 525 31 38 0.06702860444784164 9 -1 -1 
379 506 28 54 0.06701787561178207 9 -1 -1 
326 230 12 25 0.06649864464998245 1 -1 -1 
1295 321 9 19 0.06607112288475037 1 -1 -1 
317 232 14 24 0.06606438010931015 1 -1 -1 
1157 573 27 41 0.06584998220205307 1 -1 -1 
336 568 38 35 0.06506605446338654 3 -1 -1 
487 286 14 19 0.06450624763965607 2 -1 -1 
278 398 24 39 0.06437872350215912 1 -1 -1 
437 458 38 69 0.06431147456169128 1 -1 -1 
398 528 49 39 0.06427725404500961 9 -1 -1 
457 459 21 52 0.06413833051919937 1 -1 -1 
487 285 23 22 0.06409762054681778 3 -1 -1 
388 539 56 33 0.06402889639139175 3 -1 -1 
381 540 35 60 0.06358534842729568 2 -1 -1 
282 226 60 41 0.06348654627799988 9 -1 -1 
381 559 26 32 0.0634787306189537 1 -1 -1 
348 320 13 26 0.06301606446504593 10 -1 -1 
244 295 18 16 0.0628061443567276 1 -1 -1 
488 283 17 20 0.06251681596040726 1 -1 -1 
487 288 19 18 0.062465306371450424 10 -1 -1 
148 228 30 24 0.06234140694141388 1 -1 -1 
350 579 55 48 0.062281038612127304 9 -1 -1 
1253 608 40 47 0.06205243989825249 1 -1 -1 
307 569 23 62 0.061994779855012894 10 -1 -1 
388 538 55 24 0.06170458346605301 9 -1 -1 
155 371 20 34 0.06162918731570244 1 -1 -1 
1154 589 25 31 0.06157743185758591 1 -1 -1 
316 243 29 26 0.06135851889848709 1 -1 -1 
372 545 47 64 0.0613357275724411 10 -1 -1 
281 399 23 55 0.06113596633076668 4 -1 -1 
1142 591 27 34 0.06093696504831314 10 -1 -1 
280 244 16 23 0.06082397326827049 1 -1 -1 
351 325 12 21 0.06074798107147217 10 -1 -1 
365 342 23 41 0.06065872684121132 1 -1 -1 
339 562 69 58 0.06043269857764244 2 -1 -1 
316 239 15 22 0.0603143610060215 1 -1 -1 
404 515 42 45 0.05990830436348915 9 -1 -1 
373 480 20 37 0.05989466980099678 2 -1 -1 
358 574 88 52 0.05933210253715515 5 -1 -1 
1140 565 33 45 0.059157732874155045 1 -1 -1 
322 225 13 17 0.05908721312880516 2 -1 -1 
229 234 12 21 0.05896842107176781 1 -1 -1 
314 243 29 25 0.05887893959879875 10 -1 -1 
313 246 29 24 0.058526162058115005 3 -1 -1 
299 567 28 42 0.05843370407819748 3 -1 -1 
379 506 41 53 0.058275092393159866 3 -1 -1 
376 557 29 29 0.05780966579914093 2 -1 -1 
455 452 33 57 0.05769284442067146 1 -1 -1 
314 223 21 28 0.05745885893702507 1 -1 -1 
152 233 26 20 0.057414498180150986 8 -1 -1 
488 275 24 28 0.05734594538807869 2 -1 -1 
1168 549 29 45 0.057344552129507065 1 -1 -1 
244 293 26 22 0.05724886804819107 1 -1 -1 
301 569 40 64 0.056398697197437286 10 -1 -1 
355 492 46 67 0.05586191266775131 9 -1 -1 
372 545 47 64 0.05555087700486183 3 -1 -1 
349 321 13 25 0.05553364008665085 2 -1 -1 
289 582 38 68 0.05549952760338783 10 -1 -1 
1272 611 33 47 0.055104341357946396 1 -1 -1 
375 497 34 62 0.05491138622164726 1 -1 -1 
345 560 66 58 0.05485616996884346 1 -1 -1 
430 453 40 62 0.054796233773231506 1 -1 -1 
325 203 15 28 0.05438241735100746 1 -1 -1 
358 574 88 52 0.054203614592552185 7 -1 -1 
270 234 24 35 0.05413982272148132 1 -1 -1 
311 223 34 45 0.05406671762466431 2 -1 -1 
488 275 24 28 0.05370834097266197 3 -1 -1 
277 233 56 39 0.05323376506567001 2 -1 -1 
268 400 34 60 0.053150128573179245 1 -1 -1 
358 574 88 52 0.05297861248254776 6 -1 -1 
323 235 25 35 0.05278267711400986 1 -1 -1 
488 276 27 27 0.052668001502752304 9 -1 -1 
62 299 15 36 0.05261217802762985 1 -1 -1 
308 236 28 33 0.052491676062345505 10 -1 -1 
278 235 29 37 0.052474286407232285 3 -1 -1 
357 344 34 51 0.05153068155050278 1 -1 -1 
1033 195 16 37 0.051352303475141525 2 -1 -1 
487 278 24 26 0.05111044645309448 10 -1 -1 
340 541 72 59 0.05011940002441406 10 -1 -1 
