642 149 56 88 0.970277726650238 5 -1 -1 
1125 81 63 51 0.9418262243270874 4 -1 -1 
1263 264 96 77 0.9394655227661133 4 -1 -1 
726 114 48 58 0.9369913339614868 4 -1 -1 
537 433 106 161 0.9283031821250916 4 -1 -1 
718 304 40 79 0.9228524565696716 7 -1 -1 
1196 196 93 62 0.9098089933395386 4 -1 -1 
1200 152 21 41 0.9020707011222839 1 -1 -1 
1262 68 73 50 0.8892483711242676 4 -1 -1 
673 435 97 182 0.8814786076545715 4 -1 -1 
1183 159 16 36 0.7513774037361145 1 -1 -1 
1275 25 84 36 0.742094099521637 4 -1 -1 
594 257 78 122 0.7306089401245117 4 -1 -1 
1081 336 25 39 0.7267715930938721 2 -1 -1 
1051 2 47 34 0.7019563913345337 4 -1 -1 
1157 163 19 36 0.6424000859260559 1 -1 -1 
1077 344 29 49 0.622014045715332 10 -1 -1 
1170 156 19 41 0.5926763415336609 1 -1 -1 
1157 163 18 36 0.512097179889679 2 -1 -1 
730 316 24 41 0.5060808062553406 2 -1 -1 
1168 158 20 40 0.5055661797523499 2 -1 -1 
1282 46 13 25 0.4934054911136627 1 -1 -1 
992 8 13 24 0.4753146767616272 1 -1 -1 
1271 49 12 26 0.4735458493232727 1 -1 -1 
505 0 34 20 0.4706578850746155 4 -1 -1 
1179 156 17 39 0.3941737115383148 1 -1 -1 
594 256 78 122 0.35283926129341125 5 -1 -1 
1285 42 15 29 0.34121254086494446 1 -1 -1 
1274 47 15 26 0.3194486200809479 1 -1 -1 
1078 340 29 51 0.30187633633613586 2 -1 -1 
719 307 45 76 0.3008451759815216 8 -1 -1 
992 8 12 22 0.2965637147426605 2 -1 -1 
1291 42 11 28 0.29521432518959045 1 -1 -1 
1078 349 27 44 0.27283525466918945 3 -1 -1 
506 0 36 20 0.26284292340278625 5 -1 -1 
732 312 22 32 0.2615298628807068 2 -1 -1 
719 301 42 73 0.2439543902873993 2 -1 -1 
1158 83 30 48 0.2413312941789627 4 -1 -1 
718 304 40 79 0.23865357041358948 3 -1 -1 
729 326 23 42 0.23442083597183228 2 -1 -1 
1162 160 22 37 0.22811441123485565 2 -1 -1 
1271 55 11 24 0.21279074251651764 1 -1 -1 
1081 336 25 39 0.20983396470546722 1 -1 -1 
1162 160 22 37 0.2073999047279358 1 -1 -1 
642 149 58 88 0.2044188380241394 4 -1 -1 
674 56 11 16 0.2002781182527542 2 -1 -1 
993 8 18 29 0.18332228064537048 1 -1 -1 
674 57 11 17 0.17862528562545776 1 -1 -1 
672 436 96 181 0.17116981744766235 5 -1 -1 
1179 156 17 39 0.16920214891433716 2 -1 -1 
1051 2 47 34 0.16700799763202667 5 -1 -1 
478 126 21 42 0.1656274050474167 5 -1 -1 
720 304 41 76 0.16534769535064697 1 -1 -1 
1173 154 18 34 0.15618595480918884 2 -1 -1 
730 317 24 43 0.15328292548656464 1 -1 -1 
1078 340 29 51 0.15240176022052765 1 -1 -1 
993 8 16 26 0.14921662211418152 10 -1 -1 
1283 37 13 33 0.14775927364826202 1 -1 -1 
1187 156 15 36 0.14489862322807312 1 -1 -1 
548 11 48 49 0.14158156514167786 4 -1 -1 
1194 73 69 33 0.13997623324394226 4 -1 -1 
1283 49 15 28 0.13886050879955292 1 -1 -1 
993 8 26 25 0.13788236677646637 10 -1 -1 
1268 19 88 33 0.13680358231067657 4 -1 -1 
1288 102 50 15 0.1353776901960373 4 -1 -1 
1280 50 13 28 0.13484573364257812 1 -1 -1 
422 7 20 32 0.13457193970680237 1 -1 -1 
1087 335 21 32 0.13455262780189514 2 -1 -1 
1175 152 26 44 0.13436806201934814 1 -1 -1 
642 149 56 88 0.1342652142047882 6 -1 -1 
1272 22 87 39 0.133815735578537 5 -1 -1 
1173 154 18 34 0.13152287900447845 1 -1 -1 
724 302 40 63 0.13026565313339233 7 -1 -1 
523 0 23 20 0.1280304342508316 4 -1 -1 
421 7 20 29 0.1266772598028183 2 -1 -1 
728 302 38 61 0.125510111451149 1 -1 -1 
991 7 12 17 0.1247321143746376 2 -1 -1 
727 326 24 55 0.12345193326473236 10 -1 -1 
1125 81 63 51 0.12244235724210739 1 -1 -1 
1260 69 75 48 0.12232870608568192 5 -1 -1 
1200 152 22 41 0.1213681772351265 2 -1 -1 
478 127 21 39 0.12117738276720047 6 -1 -1 
1008 12 12 24 0.11994311213493347 1 -1 -1 
734 311 18 25 0.11939942091703415 2 -1 -1 
993 8 13 25 0.11917378008365631 3 -1 -1 
1200 152 21 41 0.117948979139328 4 -1 -1 
1188 64 72 37 0.1149110496044159 4 -1 -1 
718 307 45 76 0.11468816548585892 10 -1 -1 
718 304 40 79 0.11352957785129547 6 -1 -1 
1260 69 75 48 0.1122165247797966 1 -1 -1 
993 7 14 18 0.1119978055357933 1 -1 -1 
674 57 11 17 0.11097332835197449 10 -1 -1 
1213 75 60 35 0.1109229177236557 4 -1 -1 
1275 22 84 39 0.11056898534297943 1 -1 -1 
1168 48 13 23 0.10948977619409561 1 -1 -1 
1349 364 9 34 0.10850957781076431 10 -1 -1 
1263 265 95 77 0.10647493600845337 5 -1 -1 
1080 338 25 42 0.10644661635160446 3 -1 -1 
478 127 21 41 0.10623222589492798 4 -1 -1 
479 121 70 47 0.10589691251516342 4 -1 -1 
537 433 105 163 0.10495059937238693 1 -1 -1 
1181 153 14 29 0.10489291697740555 2 -1 -1 
994 8 26 23 0.10370947420597076 1 -1 -1 
1288 47 13 28 0.10367295891046524 1 -1 -1 
1183 152 27 43 0.10319667309522629 1 -1 -1 
1186 159 12 26 0.10274912416934967 1 -1 -1 
1185 52 64 35 0.1002030223608017 4 -1 -1 
1272 55 10 25 0.09992959350347519 3 -1 -1 
721 312 27 40 0.09931996464729309 2 -1 -1 
642 149 56 88 0.09893091768026352 10 -1 -1 
1078 348 26 45 0.09846290946006775 4 -1 -1 
725 114 49 59 0.09818019717931747 1 -1 -1 
1263 264 96 77 0.09740946441888809 1 -1 -1 
1263 265 95 77 0.0956282690167427 9 -1 -1 
536 433 107 163 0.0951683521270752 5 -1 -1 
478 124 69 45 0.09350426495075226 5 -1 -1 
593 0 37 17 0.09135803580284119 4 -1 -1 
672 436 98 183 0.09066230058670044 1 -1 -1 
1196 196 93 62 0.09066189080476761 5 -1 -1 
1196 196 94 61 0.09020677208900452 1 -1 -1 
725 320 24 40 0.08952274918556213 2 -1 -1 
1081 361 26 33 0.08801433444023132 3 -1 -1 
725 114 49 59 0.08759111911058426 5 -1 -1 
1125 82 63 50 0.08741071820259094 9 -1 -1 
670 436 101 183 0.08736246824264526 9 -1 -1 
1051 2 47 34 0.08700422942638397 1 -1 -1 
642 149 56 88 0.08611469715833664 8 -1 -1 
987 8 15 23 0.08600675314664841 1 -1 -1 
725 114 49 59 0.08589433133602142 9 -1 -1 
537 433 105 163 0.08588231354951859 9 -1 -1 
1271 49 12 26 0.08552636206150055 2 -1 -1 
1166 166 21 34 0.08474720269441605 1 -1 -1 
1179 153 14 31 0.08398909121751785 1 -1 -1 
728 308 38 76 0.0837378203868866 9 -1 -1 
537 433 106 161 0.08229941874742508 10 -1 -1 
413 8 28 26 0.0822964459657669 1 -1 -1 
1009 0 12 21 0.0816669762134552 1 -1 -1 
1193 157 14 36 0.08159010112285614 1 -1 -1 
1182 154 15 28 0.08082649856805801 1 -1 -1 
1263 265 95 77 0.08077461272478104 7 -1 -1 
643 149 55 88 0.08068351447582245 9 -1 -1 
1171 179 16 18 0.08059508353471756 1 -1 -1 
1159 160 20 31 0.0805148184299469 2 -1 -1 
428 10 17 33 0.0802064761519432 1 -1 -1 
724 325 25 56 0.08015771210193634 7 -1 -1 
642 149 56 88 0.08011374622583389 2 -1 -1 
997 15 19 27 0.08002126216888428 1 -1 -1 
994 8 26 23 0.07969526946544647 3 -1 -1 
477 126 38 44 0.07945571839809418 5 -1 -1 
1263 264 96 77 0.07941921055316925 10 -1 -1 
1002 18 16 27 0.07890733331441879 1 -1 -1 
995 18 15 28 0.07804176956415176 1 -1 -1 
642 150 56 88 0.07769733667373657 1 -1 -1 
1246 20 91 37 0.07764218747615814 4 -1 -1 
994 8 19 23 0.07684632390737534 2 -1 -1 
717 322 19 39 0.07665946334600449 2 -1 -1 
1196 196 93 62 0.07658538967370987 10 -1 -1 
1003 4 18 23 0.07604875415563583 10 -1 -1 
725 114 49 59 0.07328635454177856 10 -1 -1 
1003 4 18 23 0.07325749844312668 1 -1 -1 
1221 71 70 37 0.07288406044244766 4 -1 -1 
739 315 24 41 0.07278238981962204 2 -1 -1 
506 0 33 20 0.07208596915006638 9 -1 -1 
1171 179 9 19 0.07189051806926727 1 -1 -1 
578 34 14 28 0.07181430608034134 1 -1 -1 
1207 151 16 38 0.07137768715620041 1 -1 -1 
1158 82 30 48 0.07117479294538498 5 -1 -1 
728 302 38 61 0.07109221816062927 3 -1 -1 
987 30 54 44 0.07099061459302902 10 -1 -1 
1124 82 64 50 0.07070229947566986 5 -1 -1 
675 55 9 13 0.07066495716571808 2 -1 -1 
1268 58 13 26 0.07050042599439621 1 -1 -1 
724 325 25 56 0.07026015222072601 2 -1 -1 
1153 163 16 36 0.0699702575802803 1 -1 -1 
1124 82 64 50 0.06956419348716736 6 -1 -1 
1186 159 12 26 0.06950034946203232 2 -1 -1 
1268 43 14 29 0.06822618842124939 1 -1 -1 
1170 156 19 42 0.0680854544043541 10 -1 -1 
727 311 23 28 0.06795927882194519 2 -1 -1 
1125 81 63 51 0.06745811551809311 10 -1 -1 
1271 48 11 26 0.06709349900484085 3 -1 -1 
1348 363 11 36 0.06692994385957718 1 -1 -1 
1124 82 64 50 0.06673246622085571 7 -1 -1 
477 126 40 43 0.06660626083612442 4 -1 -1 
549 28 47 36 0.0660400390625 4 -1 -1 
505 0 34 20 0.06576918810606003 1 -1 -1 
1167 154 30 45 0.06561587750911713 9 -1 -1 
1289 37 12 26 0.06527248024940491 1 -1 -1 
991 9 13 33 0.06455226242542267 3 -1 -1 
537 433 106 161 0.0641758069396019 6 -1 -1 
409 8 31 26 0.06413144618272781 2 -1 -1 
1159 160 20 31 0.06406386941671371 1 -1 -1 
595 0 24 14 0.06388163566589355 4 -1 -1 
1187 156 15 36 0.06366577744483948 2 -1 -1 
1008 0 13 23 0.06356213986873627 10 -1 -1 
1082 332 23 28 0.06354221701622009 2 -1 -1 
719 307 45 76 0.06351842731237411 4 -1 -1 
1078 349 27 44 0.06339214742183685 7 -1 -1 
1009 9 13 22 0.06328032165765762 1 -1 -1 
1196 196 93 63 0.06314992904663086 9 -1 -1 
1176 179 13 18 0.06311828643083572 1 -1 -1 
1247 14 81 31 0.06275632977485657 4 -1 -1 
1075 360 24 35 0.06238999962806702 3 -1 -1 
720 324 22 56 0.0619216188788414 10 -1 -1 
1007 7 14 24 0.06171790510416031 10 -1 -1 
1160 162 21 36 0.061601366847753525 10 -1 -1 
1008 11 12 24 0.06121598929166794 2 -1 -1 
725 114 49 59 0.06116652488708496 7 -1 -1 
672 435 96 181 0.06111951917409897 10 -1 -1 
537 433 106 161 0.060820452868938446 7 -1 -1 
374 6 66 32 0.060778383165597916 4 -1 -1 
1050 2 48 34 0.060524553060531616 6 -1 -1 
1272 55 10 25 0.060481682419776917 10 -1 -1 
716 315 27 68 0.060367751866579056 9 -1 -1 
1198 76 65 32 0.06030747666954994 5 -1 -1 
721 325 25 55 0.0602867417037487 9 -1 -1 
594 257 78 122 0.06016455218195915 6 -1 -1 
1086 346 23 44 0.059786196798086166 10 -1 -1 
1282 46 13 25 0.05935528129339218 2 -1 -1 
1196 196 93 62 0.0588906854391098 7 -1 -1 
1004 11 17 26 0.058781299740076065 10 -1 -1 
1252 66 87 53 0.05868692696094513 9 -1 -1 
672 436 96 181 0.058607928454875946 6 -1 -1 
717 319 32 65 0.05832862854003906 1 -1 -1 
404 34 15 33 0.05827998369932175 1 -1 -1 
1008 0 13 23 0.0582655593752861 3 -1 -1 
1263 265 96 76 0.05789262428879738 6 -1 -1 
560 2 46 50 0.05784251168370247 4 -1 -1 
1260 17 99 44 0.057807039469480515 9 -1 -1 
1050 2 48 34 0.05770502984523773 9 -1 -1 
1003 4 18 23 0.05753853917121887 3 -1 -1 
1200 80 62 38 0.05749170482158661 4 -1 -1 
1292 41 11 26 0.05698234587907791 2 -1 -1 
417 3 34 41 0.05692799761891365 1 -1 -1 
594 257 78 122 0.05686885118484497 1 -1 -1 
1273 38 18 30 0.056757427752017975 1 -1 -1 
1168 49 13 22 0.056731294840574265 2 -1 -1 
995 6 19 22 0.05632486566901207 10 -1 -1 
1087 335 21 32 0.05594890937209129 1 -1 -1 
725 324 23 41 0.05590613931417465 10 -1 -1 
993 7 14 18 0.055796265602111816 10 -1 -1 
727 326 24 58 0.05569665506482124 3 -1 -1 
725 114 49 59 0.05564887821674347 6 -1 -1 
1241 67 79 44 0.05534514784812927 4 -1 -1 
1263 265 95 77 0.05512310191988945 8 -1 -1 
594 257 78 122 0.05508089438080788 10 -1 -1 
743 302 24 58 0.05497819557785988 9 -1 -1 
1266 50 15 26 0.05479812994599342 1 -1 -1 
1285 43 14 28 0.05456145480275154 2 -1 -1 
1008 16 14 29 0.05445808172225952 1 -1 -1 
1008 0 13 22 0.05397460609674454 2 -1 -1 
994 12 15 31 0.053718529641628265 3 -1 -1 
718 315 36 69 0.053530484437942505 2 -1 -1 
1192 153 31 48 0.053372591733932495 1 -1 -1 
728 326 23 43 0.05332484841346741 1 -1 -1 
1281 102 55 17 0.05318289250135422 5 -1 -1 
716 322 17 41 0.05236189067363739 9 -1 -1 
1273 54 19 28 0.05235442519187927 1 -1 -1 
1007 8 14 23 0.052330560982227325 3 -1 -1 
1078 365 26 30 0.05205605924129486 10 -1 -1 
523 0 14 19 0.05194268003106117 4 -1 -1 
1182 155 8 21 0.05136014521121979 1 -1 -1 
1059 11 39 27 0.05123871564865112 4 -1 -1 
1171 179 11 12 0.05117349699139595 1 -1 -1 
1274 47 15 26 0.051159102469682693 2 -1 -1 
685 183 12 28 0.05112987011671066 1 -1 -1 
1078 342 26 49 0.050156984478235245 9 -1 -1 
992 8 13 23 0.05014606565237045 4 -1 -1 
