449 195 24 21 0.8497121930122375 4 -1 -1 
442 248 23 39 0.8373610973358154 8 -1 -1 
447 129 9 12 0.8259180784225464 7 -1 -1 
399 102 9 12 0.8012732267379761 5 -1 -1 
424 139 14 13 0.7612265348434448 4 -1 -1 
159 276 57 44 0.7587598562240601 5 -1 -1 
521 196 7 18 0.7398500442504883 1 -1 -1 
304 192 8 19 0.7202473282814026 1 -1 -1 
399 118 11 12 0.6811145544052124 4 -1 -1 
123 316 59 44 0.67868971824646 4 -1 -1 
559 315 15 26 0.6732205152511597 10 -1 -1 
499 185 7 14 0.6680957078933716 2 -1 -1 
505 224 9 17 0.6577028632164001 10 -1 -1 
505 218 9 18 0.6396170258522034 2 -1 -1 
560 308 14 25 0.6344373226165771 2 -1 -1 
424 118 10 11 0.6308537125587463 5 -1 -1 
359 176 7 12 0.6253437995910645 10 -1 -1 
32 430 50 39 0.6249586939811707 3 -1 -1 
163 431 25 40 0.6247824430465698 10 -1 -1 
636 452 20 41 0.620806097984314 10 -1 -1 
499 190 7 13 0.6195096373558044 10 -1 -1 
719 281 94 45 0.6172369122505188 4 -1 -1 
162 416 22 39 0.6075422763824463 2 -1 -1 
549 278 12 21 0.5961064100265503 2 -1 -1 
404 93 9 11 0.5928512215614319 6 -1 -1 
641 441 15 36 0.5865716338157654 2 -1 -1 
549 285 13 24 0.586418628692627 10 -1 -1 
476 159 6 12 0.5833672881126404 2 -1 -1 
463 127 4 9 0.5618546009063721 1 -1 -1 
86 367 53 38 0.5607364177703857 10 -1 -1 
476 163 6 11 0.5456748604774475 10 -1 -1 
704 498 27 40 0.5255193710327148 2 -1 -1 
573 421 19 33 0.5252299904823303 2 -1 -1 
184 253 14 23 0.5084160566329956 10 -1 -1 
399 86 7 10 0.4975328743457794 6 -1 -1 
377 136 5 9 0.4952029883861542 2 -1 -1 
359 173 6 11 0.49509525299072266 2 -1 -1 
660 288 30 28 0.49307483434677124 10 -1 -1 
389 141 16 18 0.4892856180667877 4 -1 -1 
571 430 22 43 0.48911356925964355 10 -1 -1 
353 150 5 8 0.4879220724105835 10 -1 -1 
702 498 29 41 0.4842672049999237 10 -1 -1 
353 147 5 8 0.483008474111557 2 -1 -1 
484 164 6 12 0.482888787984848 10 -1 -1 
361 166 5 9 0.4817390739917755 2 -1 -1 
359 130 10 11 0.4789651036262512 4 -1 -1 
720 284 91 42 0.4673563838005066 5 -1 -1 
377 142 4 8 0.46564480662345886 10 -1 -1 
450 117 4 6 0.4585307836532593 10 -1 -1 
287 182 20 13 0.4519557058811188 10 -1 -1 
67 406 42 33 0.4507405161857605 10 -1 -1 
32 431 51 38 0.44947049021720886 10 -1 -1 
389 141 16 18 0.4473553001880646 5 -1 -1 
186 254 12 17 0.44398555159568787 2 -1 -1 
301 162 23 15 0.4434700608253479 5 -1 -1 
484 162 7 11 0.44265317916870117 2 -1 -1 
409 86 6 7 0.43870416283607483 4 -1 -1 
89 381 51 28 0.435308039188385 10 -1 -1 
261 192 28 23 0.43494534492492676 4 -1 -1 
257 192 32 21 0.4285038113594055 5 -1 -1 
95 363 49 33 0.42619001865386963 10 -1 -1 
572 426 21 41 0.4146934449672699 2 -1 -1 
419 93 6 5 0.41209179162979126 4 -1 -1 
421 104 4 7 0.4075717628002167 10 -1 -1 
159 276 57 44 0.40550047159194946 4 -1 -1 
471 143 4 8 0.40460073947906494 10 -1 -1 
377 138 4 10 0.39913442730903625 2 -1 -1 
639 306 16 22 0.3983323276042938 2 -1 -1 
245 205 35 28 0.39491942524909973 4 -1 -1 
421 103 4 6 0.3944670259952545 2 -1 -1 
359 130 10 11 0.39092960953712463 7 -1 -1 
640 306 14 23 0.39017805457115173 1 -1 -1 
635 444 17 31 0.38761231303215027 2 -1 -1 
412 105 4 7 0.383853018283844 1 -1 -1 
442 248 23 40 0.38155245780944824 7 -1 -1 
450 116 4 6 0.378112256526947 2 -1 -1 
386 112 3 8 0.37723153829574585 1 -1 -1 
104 347 46 33 0.37536850571632385 10 -1 -1 
345 140 14 11 0.3740624189376831 7 -1 -1 
694 266 97 39 0.3729807138442993 4 -1 -1 
62 410 40 37 0.3727918863296509 10 -1 -1 
418 87 3 6 0.3693336248397827 2 -1 -1 
238 194 47 34 0.3681517243385315 4 -1 -1 
261 192 28 23 0.36297401785850525 8 -1 -1 
449 128 6 8 0.36056163907051086 2 -1 -1 
345 140 14 11 0.3567538857460022 8 -1 -1 
570 424 25 50 0.35391882061958313 7 -1 -1 
469 137 5 10 0.3495498597621918 2 -1 -1 
327 139 12 14 0.347907692193985 5 -1 -1 
359 130 10 11 0.3477528393268585 8 -1 -1 
634 448 11 20 0.346770703792572 2 -1 -1 
412 105 4 6 0.3437419831752777 2 -1 -1 
449 114 4 6 0.3398791253566742 2 -1 -1 
486 166 5 11 0.3383514881134033 10 -1 -1 
69 400 52 32 0.3378795087337494 10 -1 -1 
32 443 51 31 0.3351633548736572 3 -1 -1 
95 372 43 23 0.33477988839149475 10 -1 -1 
484 164 6 11 0.3340274691581726 2 -1 -1 
184 253 14 23 0.3287171423435211 8 -1 -1 
409 86 6 7 0.3282680809497833 6 -1 -1 
358 174 6 8 0.32803359627723694 2 -1 -1 
636 447 20 42 0.3245784044265747 2 -1 -1 
448 113 5 6 0.31870236992836 2 -1 -1 
470 139 5 10 0.3180907666683197 2 -1 -1 
463 127 4 9 0.3176993727684021 10 -1 -1 
359 176 7 12 0.3170311748981476 2 -1 -1 
447 129 5 7 0.3146570920944214 2 -1 -1 
412 105 4 7 0.31186413764953613 10 -1 -1 
190 255 8 14 0.3081706762313843 2 -1 -1 
390 109 3 8 0.3039034903049469 1 -1 -1 
486 162 6 12 0.30375218391418457 2 -1 -1 
442 106 3 6 0.3026692271232605 2 -1 -1 
418 88 3 5 0.3003253638744354 10 -1 -1 
39 425 53 40 0.29776424169540405 10 -1 -1 
447 129 9 12 0.2957562804222107 8 -1 -1 
571 435 10 18 0.2951860725879669 2 -1 -1 
476 164 6 10 0.2927888035774231 3 -1 -1 
104 357 45 31 0.28970786929130554 10 -1 -1 
185 264 13 11 0.28911247849464417 10 -1 -1 
470 141 5 10 0.2876686155796051 1 -1 -1 
377 138 4 10 0.2863302528858185 10 -1 -1 
404 93 9 11 0.28584420680999756 5 -1 -1 
463 126 4 10 0.28283262252807617 2 -1 -1 
389 142 16 17 0.2811514437198639 6 -1 -1 
359 171 7 11 0.2799266278743744 2 -1 -1 
45 416 52 41 0.2742890417575836 10 -1 -1 
301 162 23 15 0.27236780524253845 4 -1 -1 
670 293 21 24 0.2719135284423828 10 -1 -1 
100 362 24 24 0.2714298963546753 2 -1 -1 
114 333 61 35 0.2711109519004822 8 -1 -1 
353 149 5 9 0.2708665728569031 2 -1 -1 
360 167 6 10 0.2707097828388214 10 -1 -1 
108 341 49 33 0.2706657350063324 10 -1 -1 
345 139 5 11 0.27043601870536804 1 -1 -1 
710 495 18 23 0.27036339044570923 2 -1 -1 
78 391 50 33 0.269076943397522 10 -1 -1 
447 129 7 9 0.2685662806034088 2 -1 -1 
418 87 3 6 0.2680318057537079 1 -1 -1 
470 140 5 10 0.2675037384033203 10 -1 -1 
404 93 9 11 0.2663629651069641 8 -1 -1 
442 108 4 5 0.2655104398727417 10 -1 -1 
424 118 10 11 0.2650609612464905 4 -1 -1 
505 218 9 17 0.262936532497406 1 -1 -1 
185 252 10 16 0.2621268630027771 2 -1 -1 
106 339 51 31 0.26197806000709534 8 -1 -1 
298 168 17 11 0.260067880153656 4 -1 -1 
399 86 7 10 0.2585391700267792 8 -1 -1 
704 498 27 40 0.25726115703582764 1 -1 -1 
484 161 5 9 0.2572326064109802 2 -1 -1 
639 442 17 37 0.25654852390289307 1 -1 -1 
392 91 6 6 0.25634878873825073 10 -1 -1 
164 415 21 27 0.2559117376804352 2 -1 -1 
120 317 60 48 0.255369633436203 8 -1 -1 
471 142 4 9 0.2546980381011963 3 -1 -1 
87 375 43 24 0.25464779138565063 10 -1 -1 
476 159 6 12 0.25383803248405457 1 -1 -1 
293 163 26 15 0.2537895441055298 5 -1 -1 
360 170 6 9 0.2525693476200104 10 -1 -1 
349 140 11 10 0.25231656432151794 7 -1 -1 
286 185 16 10 0.2507091462612152 10 -1 -1 
354 144 5 9 0.25016629695892334 2 -1 -1 
412 106 4 6 0.24958589673042297 3 -1 -1 
442 107 3 6 0.24931447207927704 1 -1 -1 
352 143 6 10 0.24897970259189606 8 -1 -1 
487 164 5 11 0.2473566234111786 1 -1 -1 
185 255 13 20 0.24588803946971893 7 -1 -1 
649 307 8 18 0.2455224096775055 1 -1 -1 
409 87 5 6 0.24498595297336578 5 -1 -1 
484 164 7 12 0.2428514063358307 8 -1 -1 
399 118 11 11 0.2414170801639557 5 -1 -1 
161 425 27 46 0.2303440272808075 2 -1 -1 
161 417 24 48 0.22732852399349213 10 -1 -1 
290 165 25 14 0.22713898122310638 5 -1 -1 
107 342 46 32 0.2264777272939682 7 -1 -1 
698 261 108 51 0.22504834830760956 5 -1 -1 
91 388 51 30 0.22467204928398132 10 -1 -1 
251 190 38 21 0.22078651189804077 4 -1 -1 
638 445 18 37 0.2207569032907486 10 -1 -1 
241 203 39 22 0.22018587589263916 4 -1 -1 
699 265 112 55 0.2195231020450592 4 -1 -1 
560 308 14 26 0.21640153229236603 1 -1 -1 
243 199 41 19 0.20660008490085602 4 -1 -1 
253 202 32 19 0.20617377758026123 4 -1 -1 
123 316 58 42 0.20358769595623016 7 -1 -1 
635 447 21 41 0.1992485672235489 3 -1 -1 
124 339 43 32 0.19832918047904968 10 -1 -1 
290 166 24 14 0.1982443779706955 4 -1 -1 
549 279 13 22 0.1973882019519806 1 -1 -1 
293 163 26 15 0.1949937492609024 4 -1 -1 
110 336 55 30 0.19217461347579956 4 -1 -1 
113 337 55 35 0.19069752097129822 7 -1 -1 
240 191 48 26 0.19031627476215363 5 -1 -1 
324 135 17 21 0.19021667540073395 5 -1 -1 
559 316 15 25 0.18909873068332672 3 -1 -1 
39 425 53 40 0.18819889426231384 3 -1 -1 
96 313 87 53 0.18752798438072205 4 -1 -1 
184 253 14 22 0.18442374467849731 2 -1 -1 
55 405 44 34 0.18334424495697021 10 -1 -1 
119 350 44 35 0.18295420706272125 10 -1 -1 
130 334 48 26 0.18207593262195587 4 -1 -1 
111 361 43 33 0.17990554869174957 10 -1 -1 
123 316 58 42 0.17571328580379486 5 -1 -1 
639 306 16 22 0.17403362691402435 10 -1 -1 
572 425 21 35 0.17400102317333221 10 -1 -1 
162 415 25 44 0.17396852374076843 1 -1 -1 
119 340 49 33 0.16865426301956177 8 -1 -1 
702 498 29 41 0.1682598888874054 3 -1 -1 
562 309 13 27 0.1666373312473297 10 -1 -1 
32 428 53 41 0.1664755493402481 7 -1 -1 
715 280 97 46 0.1613622009754181 6 -1 -1 
64 315 106 57 0.16127783060073853 4 -1 -1 
635 444 17 31 0.160538911819458 1 -1 -1 
693 253 61 47 0.15903577208518982 4 -1 -1 
261 192 28 23 0.15892335772514343 7 -1 -1 
250 204 30 29 0.15828506648540497 5 -1 -1 
36 439 58 37 0.15826794505119324 10 -1 -1 
121 334 53 29 0.15780460834503174 7 -1 -1 
642 308 15 24 0.15733028948307037 2 -1 -1 
645 313 14 22 0.1573224663734436 1 -1 -1 
559 315 15 26 0.15615886449813843 2 -1 -1 
303 155 24 16 0.15366223454475403 4 -1 -1 
55 422 50 45 0.15345458686351776 10 -1 -1 
303 155 24 16 0.15177851915359497 5 -1 -1 
284 162 29 17 0.1515694111585617 4 -1 -1 
123 316 58 42 0.150283083319664 6 -1 -1 
261 192 28 23 0.14980389177799225 6 -1 -1 
442 247 22 31 0.14857088029384613 2 -1 -1 
304 162 28 17 0.14591149985790253 5 -1 -1 
574 420 18 30 0.14550583064556122 1 -1 -1 
247 194 42 35 0.1385943591594696 5 -1 -1 
234 190 54 26 0.13526494801044464 6 -1 -1 
33 411 80 61 0.13194459676742554 7 -1 -1 
105 310 78 60 0.131198450922966 6 -1 -1 
570 425 24 49 0.1231151893734932 9 -1 -1 
689 250 100 55 0.1215246170759201 5 -1 -1 
442 248 24 40 0.11848287284374237 6 -1 -1 
30 411 83 61 0.11805297434329987 10 -1 -1 
570 424 25 50 0.11677807569503784 8 -1 -1 
635 445 23 48 0.11595553904771805 9 -1 -1 
87 325 89 74 0.1134381890296936 7 -1 -1 
691 259 97 51 0.10598837584257126 6 -1 -1 
93 317 89 59 0.10376383364200592 7 -1 -1 
679 235 94 65 0.10226317495107651 4 -1 -1 
63 307 114 60 0.09842278808355331 6 -1 -1 
46 321 108 58 0.0953216627240181 4 -1 -1 
87 325 89 74 0.0886453166604042 6 -1 -1 
55 317 106 58 0.08657290041446686 5 -1 -1 
681 257 95 61 0.08462430536746979 4 -1 -1 
570 416 26 45 0.0844222903251648 2 -1 -1 
244 194 44 33 0.08326862752437592 6 -1 -1 
723 270 103 53 0.0824870839715004 5 -1 -1 
230 201 49 32 0.08087494224309921 4 -1 -1 
694 250 108 54 0.08033332973718643 9 -1 -1 
94 310 87 64 0.07993649691343307 8 -1 -1 
239 200 46 33 0.07873155176639557 5 -1 -1 
570 425 24 49 0.0771896243095398 3 -1 -1 
36 387 90 79 0.07660136371850967 7 -1 -1 
87 325 89 74 0.07606775313615799 8 -1 -1 
29 413 78 62 0.07534667104482651 3 -1 -1 
64 324 95 54 0.07533778250217438 7 -1 -1 
87 325 89 74 0.07504304498434067 4 -1 -1 
230 198 52 33 0.07420367002487183 6 -1 -1 
251 198 43 36 0.07288757711648941 4 -1 -1 
699 265 112 55 0.0727502629160881 6 -1 -1 
442 248 24 40 0.07264306396245956 9 -1 -1 
570 424 24 49 0.07226400822401047 1 -1 -1 
635 439 23 51 0.0721193179488182 1 -1 -1 
64 324 95 54 0.07204566150903702 6 -1 -1 
689 267 97 55 0.07118333131074905 5 -1 -1 
634 448 23 46 0.069342702627182 7 -1 -1 
252 190 42 31 0.06918752193450928 4 -1 -1 
95 291 89 65 0.06816740334033966 6 -1 -1 
720 252 107 54 0.06751085072755814 4 -1 -1 
721 282 92 44 0.0670434907078743 9 -1 -1 
731 261 104 57 0.06668071448802948 4 -1 -1 
76 351 75 65 0.06622875481843948 10 -1 -1 
31 409 83 63 0.06598803400993347 9 -1 -1 
687 243 98 58 0.06594160944223404 6 -1 -1 
679 235 94 65 0.06561267375946045 5 -1 -1 
84 346 82 66 0.06532048434019089 7 -1 -1 
569 417 27 50 0.06526613980531693 10 -1 -1 
105 310 78 60 0.06522676348686218 5 -1 -1 
112 289 83 74 0.0636768490076065 4 -1 -1 
633 437 26 46 0.06366582959890366 2 -1 -1 
67 333 90 60 0.06327353417873383 10 -1 -1 
672 246 85 68 0.0632023736834526 4 -1 -1 
442 248 24 40 0.06099516898393631 5 -1 -1 
234 190 54 26 0.059170130640268326 9 -1 -1 
64 319 100 55 0.05775122717022896 8 -1 -1 
42 296 106 67 0.0573372021317482 4 -1 -1 
226 185 59 29 0.056682705879211426 4 -1 -1 
442 248 24 40 0.05617169290781021 4 -1 -1 
75 320 98 58 0.05601752921938896 10 -1 -1 
78 294 104 63 0.055764563381671906 4 -1 -1 
243 190 46 25 0.05548851564526558 8 -1 -1 
64 324 95 54 0.05483293905854225 9 -1 -1 
72 332 82 63 0.05439217761158943 7 -1 -1 
252 190 42 31 0.05321240425109863 5 -1 -1 
36 387 90 79 0.050922758877277374 10 -1 -1 
50 374 88 73 0.050856929272413254 7 -1 -1 
72 332 82 63 0.050685953348875046 4 -1 -1 
