373 376 93 123 0.9966226816177368 6 -1 -1 
775 418 51 91 0.9768561720848083 5 -1 -1 
922 189 67 36 0.9685824513435364 5 -1 -1 
688 6 22 30 0.9680943489074707 5 -1 -1 
596 96 28 27 0.9066268801689148 4 -1 -1 
316 105 61 30 0.8942855596542358 5 -1 -1 
464 271 47 55 0.8859353065490723 5 -1 -1 
648 186 32 38 0.8725506067276001 4 -1 -1 
989 247 33 24 0.8705236315727234 10 -1 -1 
750 157 11 30 0.8625632524490356 1 -1 -1 
1031 378 32 30 0.8556504845619202 10 -1 -1 
605 42 40 18 0.8443029522895813 4 -1 -1 
719 32 11 14 0.8335052132606506 7 -1 -1 
829 508 16 46 0.8296966552734375 1 -1 -1 
535 114 64 27 0.8240901231765747 6 -1 -1 
531 460 19 40 0.8119757771492004 3 -1 -1 
672 27 18 20 0.8063151836395264 4 -1 -1 
623 68 7 18 0.8010963797569275 1 -1 -1 
552 169 44 50 0.795014500617981 6 -1 -1 
1045 351 43 32 0.7758627533912659 10 -1 -1 
914 90 14 17 0.7756057381629944 7 -1 -1 
612 68 7 18 0.7748266458511353 1 -1 -1 
1112 433 25 36 0.7711279988288879 10 -1 -1 
742 66 20 26 0.7641480565071106 5 -1 -1 
603 112 9 22 0.7625419497489929 1 -1 -1 
546 151 22 15 0.7581664323806763 10 -1 -1 
595 182 9 26 0.7571602463722229 1 -1 -1 
760 293 43 47 0.7548031806945801 4 -1 -1 
525 236 42 51 0.7478836178779602 4 -1 -1 
615 58 7 18 0.7339738607406616 1 -1 -1 
332 544 77 91 0.7208014726638794 4 -1 -1 
1128 523 22 44 0.7141826152801514 1 -1 -1 
629 53 7 19 0.7101130485534668 1 -1 -1 
991 289 32 29 0.7020358443260193 3 -1 -1 
1087 413 35 31 0.7002142071723938 10 -1 -1 
635 0 13 15 0.6919974088668823 7 -1 -1 
531 450 19 37 0.6894528269767761 2 -1 -1 
677 4 16 17 0.6891101598739624 4 -1 -1 
1157 527 53 33 0.6860736608505249 3 -1 -1 
617 27 22 22 0.6704963445663452 4 -1 -1 
1297 711 48 53 0.6679931282997131 10 -1 -1 
635 0 13 15 0.6678445339202881 6 -1 -1 
879 164 54 37 0.6667140126228333 4 -1 -1 
640 102 8 18 0.6586130261421204 2 -1 -1 
763 166 17 33 0.6555861830711365 7 -1 -1 
745 50 20 23 0.6465129256248474 5 -1 -1 
569 284 12 24 0.6464262008666992 3 -1 -1 
569 273 13 27 0.6409565806388855 2 -1 -1 
721 27 8 12 0.6094398498535156 2 -1 -1 
613 57 9 27 0.5895676612854004 1 -1 -1 
777 134 8 20 0.5852394104003906 1 -1 -1 
454 110 36 26 0.584896445274353 8 -1 -1 
829 519 16 37 0.5832079648971558 3 -1 -1 
639 108 10 18 0.5664844512939453 10 -1 -1 
854 32 26 17 0.5504565238952637 7 -1 -1 
569 283 12 25 0.5442351698875427 10 -1 -1 
768 101 27 17 0.5429976582527161 5 -1 -1 
1171 548 49 35 0.5313122868537903 10 -1 -1 
968 117 10 18 0.5084749460220337 2 -1 -1 
643 40 7 15 0.47816285490989685 1 -1 -1 
863 88 26 25 0.47305938601493835 7 -1 -1 
553 174 42 44 0.4683591425418854 5 -1 -1 
644 48 7 17 0.459525465965271 1 -1 -1 
535 115 63 26 0.45694732666015625 7 -1 -1 
914 90 14 17 0.45313000679016113 8 -1 -1 
1119 432 17 24 0.44246628880500793 2 -1 -1 
518 4 7 17 0.42532455921173096 1 -1 -1 
720 28 10 13 0.42061737179756165 7 -1 -1 
605 192 8 18 0.4145644009113312 10 -1 -1 
991 289 32 29 0.41095808148384094 10 -1 -1 
592 167 10 22 0.4068516492843628 1 -1 -1 
768 105 33 40 0.4049539864063263 6 -1 -1 
1158 534 62 48 0.4042755663394928 10 -1 -1 
984 120 8 18 0.40409529209136963 2 -1 -1 
829 507 16 43 0.402071475982666 2 -1 -1 
554 164 22 16 0.38188430666923523 10 -1 -1 
554 157 34 23 0.37781035900115967 7 -1 -1 
464 273 47 54 0.37638112902641296 4 -1 -1 
868 31 9 14 0.3651432991027832 2 -1 -1 
550 153 25 17 0.36199241876602173 10 -1 -1 
745 50 20 23 0.3590847849845886 4 -1 -1 
553 157 21 19 0.3574502468109131 10 -1 -1 
639 109 10 17 0.3504493534564972 3 -1 -1 
601 73 9 18 0.3503228425979614 2 -1 -1 
776 133 9 20 0.3490033447742462 2 -1 -1 
643 39 6 14 0.3431001603603363 2 -1 -1 
601 76 10 18 0.3365876078605652 10 -1 -1 
598 185 12 23 0.3353605568408966 1 -1 -1 
220 612 155 152 0.3346262276172638 6 -1 -1 
602 188 10 20 0.3312174081802368 1 -1 -1 
742 67 21 25 0.3306541442871094 4 -1 -1 
373 376 93 123 0.3233811855316162 7 -1 -1 
373 376 93 123 0.32299697399139404 10 -1 -1 
1163 536 58 42 0.31592610478401184 3 -1 -1 
1058 296 18 26 0.3144601881504059 1 -1 -1 
863 88 26 25 0.3102000951766968 8 -1 -1 
855 32 26 18 0.30906328558921814 10 -1 -1 
643 44 7 18 0.3041437268257141 1 -1 -1 
774 133 11 14 0.3032655417919159 2 -1 -1 
876 32 16 13 0.29730379581451416 10 -1 -1 
639 108 10 18 0.2945879101753235 7 -1 -1 
373 376 93 123 0.29182928800582886 4 -1 -1 
561 164 36 31 0.29074499011039734 7 -1 -1 
765 167 13 25 0.28939008712768555 2 -1 -1 
967 117 10 18 0.2871914207935333 1 -1 -1 
219 613 155 151 0.28475022315979004 5 -1 -1 
763 169 16 30 0.2832644283771515 8 -1 -1 
568 167 30 31 0.282103955745697 4 -1 -1 
546 150 24 17 0.27630555629730225 3 -1 -1 
422 164 87 49 0.27623945474624634 6 -1 -1 
331 543 77 91 0.2756681740283966 5 -1 -1 
373 376 93 123 0.274823397397995 5 -1 -1 
1169 529 52 36 0.27369049191474915 3 -1 -1 
677 4 16 17 0.2714715003967285 5 -1 -1 
282 617 93 73 0.2685430943965912 4 -1 -1 
639 107 10 18 0.2683647572994232 2 -1 -1 
989 247 33 24 0.2659907042980194 4 -1 -1 
452 85 115 55 0.2650807201862335 9 -1 -1 
621 64 7 21 0.2613067328929901 1 -1 -1 
563 173 34 32 0.26086148619651794 6 -1 -1 
565 161 33 23 0.2591647207736969 7 -1 -1 
601 75 10 20 0.2585969865322113 7 -1 -1 
1002 291 21 28 0.2580026388168335 3 -1 -1 
922 189 67 37 0.2577275335788727 4 -1 -1 
569 273 13 28 0.25753384828567505 1 -1 -1 
1013 220 11 18 0.2575228214263916 2 -1 -1 
452 85 115 55 0.25603246688842773 6 -1 -1 
623 67 7 18 0.2552514672279358 2 -1 -1 
617 27 21 21 0.2547491490840912 5 -1 -1 
605 191 8 18 0.25442448258399963 2 -1 -1 
454 110 41 26 0.2540736496448517 4 -1 -1 
94 134 34 20 0.2538850009441376 10 -1 -1 
614 56 11 25 0.25375738739967346 1 -1 -1 
605 192 9 18 0.2530347406864166 3 -1 -1 
605 191 8 18 0.2520225942134857 1 -1 -1 
555 159 26 20 0.2517920434474945 10 -1 -1 
856 31 25 16 0.2503555417060852 2 -1 -1 
554 164 22 16 0.2478972226381302 7 -1 -1 
1046 353 19 25 0.24680517613887787 2 -1 -1 
454 110 46 27 0.24624943733215332 5 -1 -1 
984 123 8 15 0.24577276408672333 1 -1 -1 
1138 390 65 37 0.24567259848117828 4 -1 -1 
835 354 23 52 0.24558869004249573 3 -1 -1 
768 168 16 30 0.24366647005081177 7 -1 -1 
375 376 90 124 0.2435513436794281 8 -1 -1 
613 56 9 24 0.24217413365840912 2 -1 -1 
635 0 13 15 0.24147480726242065 8 -1 -1 
774 418 52 91 0.24133889377117157 8 -1 -1 
531 449 19 38 0.23609371483325958 1 -1 -1 
863 88 26 25 0.23580940067768097 10 -1 -1 
764 167 19 32 0.2336457073688507 10 -1 -1 
373 376 93 123 0.23310798406600952 2 -1 -1 
767 100 32 33 0.22678150236606598 5 -1 -1 
997 221 38 20 0.22394904494285583 10 -1 -1 
531 461 19 39 0.22384527325630188 10 -1 -1 
561 152 40 26 0.22132942080497742 7 -1 -1 
531 450 19 37 0.21321256458759308 3 -1 -1 
558 169 38 37 0.21317794919013977 4 -1 -1 
315 104 63 32 0.21042804419994354 4 -1 -1 
831 336 33 71 0.20769713819026947 3 -1 -1 
531 459 19 41 0.2070869356393814 2 -1 -1 
767 101 31 18 0.20461636781692505 4 -1 -1 
573 164 29 29 0.2029063105583191 4 -1 -1 
775 418 51 91 0.2023933380842209 4 -1 -1 
767 100 32 33 0.2022155374288559 6 -1 -1 
450 110 66 31 0.20073503255844116 6 -1 -1 
765 167 26 32 0.20014312863349915 7 -1 -1 
219 613 155 151 0.198627308011055 4 -1 -1 
375 376 90 124 0.19792257249355316 9 -1 -1 
373 376 93 123 0.18204377591609955 3 -1 -1 
767 119 30 27 0.18169444799423218 6 -1 -1 
767 100 32 33 0.17532528936862946 4 -1 -1 
432 131 69 31 0.1740904301404953 6 -1 -1 
1058 296 21 30 0.1719568818807602 2 -1 -1 
1156 529 62 38 0.171791210770607 10 -1 -1 
553 174 42 45 0.17127181589603424 4 -1 -1 
611 36 33 23 0.16778989136219025 4 -1 -1 
574 164 26 31 0.16509604454040527 7 -1 -1 
744 50 22 24 0.16363221406936646 6 -1 -1 
218 668 144 97 0.15606212615966797 5 -1 -1 
452 103 92 37 0.15539656579494476 6 -1 -1 
688 6 22 30 0.1525457203388214 6 -1 -1 
554 157 34 23 0.15149414539337158 8 -1 -1 
775 418 51 91 0.1497620791196823 10 -1 -1 
373 376 93 123 0.14794325828552246 1 -1 -1 
568 167 30 31 0.14722642302513123 6 -1 -1 
854 32 29 18 0.14513446390628815 8 -1 -1 
968 118 57 22 0.1450488567352295 7 -1 -1 
994 225 30 20 0.14469453692436218 10 -1 -1 
890 60 30 26 0.1445498913526535 10 -1 -1 
863 88 26 25 0.14281460642814636 4 -1 -1 
431 132 70 33 0.14160986244678497 5 -1 -1 
432 131 69 31 0.14063023030757904 4 -1 -1 
1062 296 19 31 0.13883167505264282 1 -1 -1 
567 169 30 29 0.1380247324705124 8 -1 -1 
218 668 144 97 0.13775181770324707 6 -1 -1 
91 134 76 33 0.13585110008716583 10 -1 -1 
993 225 28 22 0.1357571929693222 3 -1 -1 
262 604 117 109 0.13450895249843597 6 -1 -1 
766 101 30 20 0.1341104656457901 6 -1 -1 
525 236 43 52 0.13317085802555084 5 -1 -1 
688 6 22 30 0.132878839969635 4 -1 -1 
531 450 19 37 0.13267122209072113 10 -1 -1 
563 160 38 25 0.13190360367298126 8 -1 -1 
220 613 154 151 0.13051976263523102 8 -1 -1 
605 42 40 19 0.13033606112003326 5 -1 -1 
990 247 32 24 0.12710221111774445 9 -1 -1 
93 134 73 32 0.12684443593025208 7 -1 -1 
561 152 40 26 0.12623947858810425 8 -1 -1 
554 149 38 28 0.12302982062101364 7 -1 -1 
443 126 88 31 0.12201353162527084 6 -1 -1 
833 337 35 68 0.12198182195425034 10 -1 -1 
1144 397 75 45 0.12170757353305817 4 -1 -1 
414 164 93 51 0.1196507140994072 8 -1 -1 
1140 374 84 53 0.11861970275640488 4 -1 -1 
533 111 66 30 0.118385449051857 5 -1 -1 
774 418 52 92 0.11536271125078201 9 -1 -1 
533 111 66 30 0.11364763230085373 4 -1 -1 
452 107 62 32 0.11278115212917328 8 -1 -1 
211 554 187 212 0.08334366232156754 6 -1 -1 
550 157 53 52 0.07445716857910156 6 -1 -1 
399 163 117 68 0.06197289749979973 6 -1 -1 
