489 857 66 53 0.9916833639144897 3 -1 -1 
618 761 42 34 0.9374536275863647 3 -1 -1 
526 893 132 98 0.9327540397644043 4 -1 -1 
829 660 36 29 0.884255588054657 4 -1 -1 
894 645 32 27 0.8687946200370789 4 -1 -1 
823 708 54 50 0.8643337488174438 4 -1 -1 
710 730 64 55 0.859306812286377 4 -1 -1 
769 676 43 32 0.8571746945381165 4 -1 -1 
879 669 39 33 0.8524569869041443 4 -1 -1 
422 979 181 101 0.7949919700622559 4 -1 -1 
852 633 32 29 0.7859944105148315 4 -1 -1 
729 719 53 37 0.6479280591011047 4 -1 -1 
948 741 20 43 0.647507905960083 2 -1 -1 
489 857 66 53 0.6395982503890991 7 -1 -1 
844 650 32 28 0.6279111504554749 4 -1 -1 
949 753 19 36 0.6040641069412231 10 -1 -1 
876 1001 38 77 0.5758835673332214 3 -1 -1 
724 702 27 23 0.5700868368148804 3 -1 -1 
728 756 18 50 0.5686565637588501 1 -1 -1 
1163 883 107 87 0.5566093325614929 4 -1 -1 
847 618 54 21 0.5551233887672424 4 -1 -1 
876 979 40 87 0.5190874934196472 2 -1 -1 
880 630 25 15 0.5175679326057434 3 -1 -1 
834 621 13 24 0.5098749399185181 1 -1 -1 
876 979 39 87 0.49248364567756653 1 -1 -1 
847 641 33 28 0.48750829696655273 4 -1 -1 
927 615 10 17 0.47482746839523315 2 -1 -1 
940 659 10 20 0.46612533926963806 10 -1 -1 
940 653 10 20 0.4464360773563385 2 -1 -1 
839 593 41 19 0.43831631541252136 4 -1 -1 
1008 783 16 23 0.43766525387763977 2 -1 -1 
723 773 21 35 0.4371599555015564 3 -1 -1 
651 738 28 40 0.4299663007259369 3 -1 -1 
888 614 12 19 0.4289971590042114 2 -1 -1 
952 650 10 23 0.4223383665084839 2 -1 -1 
637 742 41 36 0.41572636365890503 3 -1 -1 
900 1038 37 42 0.40910208225250244 2 -1 -1 
952 655 10 22 0.4079028069972992 10 -1 -1 
880 630 24 15 0.4038078784942627 10 -1 -1 
899 1038 37 42 0.4036019444465637 1 -1 -1 
887 615 11 20 0.3942450284957886 1 -1 -1 
893 594 20 19 0.3896622955799103 4 -1 -1 
940 659 10 20 0.3878321051597595 3 -1 -1 
725 755 21 52 0.3725784420967102 2 -1 -1 
643 730 36 44 0.365817129611969 3 -1 -1 
940 646 12 25 0.3557693362236023 2 -1 -1 
861 612 7 15 0.35265111923217773 1 -1 -1 
104 675 25 46 0.3486567735671997 1 -1 -1 
948 741 20 42 0.3453768491744995 1 -1 -1 
793 656 10 24 0.3444340229034424 1 -1 -1 
952 650 10 24 0.334606409072876 1 -1 -1 
1012 762 9 20 0.33212924003601074 1 -1 -1 
941 644 12 19 0.3223084509372711 2 -1 -1 
104 674 25 47 0.3207392990589142 2 -1 -1 
1055 748 183 112 0.3195686340332031 9 -1 -1 
952 659 10 18 0.3191482424736023 3 -1 -1 
835 621 12 24 0.3143986165523529 2 -1 -1 
742 675 12 27 0.3118480443954468 1 -1 -1 
1217 727 84 43 0.30937206745147705 4 -1 -1 
888 622 11 20 0.30558085441589355 2 -1 -1 
488 856 67 55 0.3005162477493286 4 -1 -1 
859 603 8 18 0.29976093769073486 1 -1 -1 
886 625 14 18 0.29652461409568787 10 -1 -1 
725 708 26 24 0.28934985399246216 3 -1 -1 
1162 787 190 93 0.2890055477619171 6 -1 -1 
722 781 20 27 0.2885455787181854 10 -1 -1 
940 653 10 21 0.2869243025779724 10 -1 -1 
1152 768 255 119 0.2835874557495117 6 -1 -1 
1148 785 133 95 0.2833595871925354 4 -1 -1 
857 633 25 21 0.2820926308631897 4 -1 -1 
887 619 10 20 0.281942754983902 1 -1 -1 
1107 789 134 91 0.2817865014076233 4 -1 -1 
1109 786 133 93 0.27980169653892517 5 -1 -1 
1148 785 133 95 0.2791920304298401 5 -1 -1 
868 622 37 22 0.27702125906944275 7 -1 -1 
914 613 15 15 0.2718772292137146 3 -1 -1 
916 614 18 16 0.26970893144607544 10 -1 -1 
1144 796 93 82 0.26879289746284485 8 -1 -1 
615 747 53 44 0.26642924547195435 3 -1 -1 
885 626 17 17 0.2662515938282013 3 -1 -1 
725 755 21 52 0.263994961977005 3 -1 -1 
927 615 10 17 0.2638084590435028 1 -1 -1 
1010 781 13 18 0.262649804353714 2 -1 -1 
722 780 17 28 0.262017160654068 3 -1 -1 
859 603 8 18 0.26143044233322144 2 -1 -1 
939 647 16 32 0.25886255502700806 10 -1 -1 
878 985 30 82 0.2557237148284912 3 -1 -1 
877 1016 54 64 0.24820411205291748 3 -1 -1 
649 726 29 37 0.24766618013381958 3 -1 -1 
710 730 62 56 0.24635596573352814 5 -1 -1 
724 702 27 23 0.2453676015138626 10 -1 -1 
893 588 38 25 0.2432369440793991 10 -1 -1 
888 618 13 21 0.2429552674293518 10 -1 -1 
914 615 21 16 0.24068346619606018 3 -1 -1 
856 619 48 21 0.24057796597480774 7 -1 -1 
1145 727 277 151 0.24050310254096985 9 -1 -1 
489 857 66 53 0.240500345826149 8 -1 -1 
1162 789 189 91 0.23810303211212158 4 -1 -1 
1212 723 85 32 0.23586715757846832 4 -1 -1 
1162 787 190 93 0.23400269448757172 5 -1 -1 
838 593 41 20 0.23245643079280853 5 -1 -1 
661 742 20 36 0.23176857829093933 3 -1 -1 
915 612 14 15 0.23174189031124115 10 -1 -1 
1055 785 179 96 0.2300965040922165 9 -1 -1 
940 651 11 22 0.2263847440481186 1 -1 -1 
941 656 13 22 0.21991591155529022 3 -1 -1 
922 615 13 16 0.2191845029592514 10 -1 -1 
914 605 11 18 0.21901988983154297 2 -1 -1 
833 628 14 19 0.21897561848163605 3 -1 -1 
839 622 10 23 0.21764709055423737 1 -1 -1 
948 754 20 35 0.2157425433397293 3 -1 -1 
851 618 53 22 0.21363088488578796 6 -1 -1 
926 616 11 17 0.21322841942310333 10 -1 -1 
889 620 14 19 0.2129434496164322 2 -1 -1 
950 646 11 22 0.21291713416576385 2 -1 -1 
1225 726 100 53 0.21208615601062775 4 -1 -1 
915 607 10 19 0.21107903122901917 3 -1 -1 
924 621 15 13 0.2108975052833557 10 -1 -1 
727 697 19 22 0.2082396149635315 3 -1 -1 
861 627 27 19 0.2081269770860672 4 -1 -1 
1010 766 10 28 0.20750278234481812 1 -1 -1 
1035 731 28 43 0.2066461741924286 7 -1 -1 
912 589 17 19 0.20411573350429535 10 -1 -1 
943 646 19 33 0.2032964825630188 10 -1 -1 
600 753 60 42 0.20316089689731598 3 -1 -1 
888 622 10 20 0.19965103268623352 3 -1 -1 
721 705 22 27 0.1994672268629074 3 -1 -1 
901 585 36 25 0.19732794165611267 10 -1 -1 
899 1038 38 42 0.1968984305858612 10 -1 -1 
854 643 25 20 0.19454702734947205 4 -1 -1 
1009 783 15 23 0.19249898195266724 1 -1 -1 
724 702 27 23 0.19100071489810944 7 -1 -1 
1022 762 8 19 0.19089317321777344 1 -1 -1 
941 656 13 22 0.1906866878271103 10 -1 -1 
1074 787 162 92 0.18960808217525482 6 -1 -1 
893 578 43 30 0.18935582041740417 10 -1 -1 
903 593 13 18 0.18921709060668945 2 -1 -1 
854 651 22 24 0.1890440136194229 4 -1 -1 
940 648 12 22 0.18881277740001678 10 -1 -1 
724 768 21 40 0.1879604160785675 1 -1 -1 
894 589 14 13 0.18716508150100708 4 -1 -1 
859 609 8 15 0.18666091561317444 10 -1 -1 
890 583 7 15 0.18641160428524017 1 -1 -1 
911 588 27 28 0.18518640100955963 10 -1 -1 
913 610 29 22 0.1846689134836197 10 -1 -1 
861 605 7 18 0.1843913495540619 1 -1 -1 
948 656 13 21 0.18435420095920563 3 -1 -1 
915 607 10 19 0.18373924493789673 10 -1 -1 
744 681 10 29 0.1826184093952179 1 -1 -1 
1250 726 99 44 0.18237827718257904 4 -1 -1 
859 619 25 16 0.1823578178882599 4 -1 -1 
1216 725 44 33 0.1808529794216156 4 -1 -1 
739 678 13 29 0.17945337295532227 1 -1 -1 
861 611 7 16 0.17864203453063965 2 -1 -1 
880 629 24 16 0.17788612842559814 7 -1 -1 
952 650 10 25 0.1762428879737854 3 -1 -1 
882 634 23 13 0.17574754357337952 3 -1 -1 
1154 796 84 83 0.17498473823070526 4 -1 -1 
890 622 14 18 0.1741640865802765 10 -1 -1 
950 645 14 33 0.17392723262310028 1 -1 -1 
914 602 12 18 0.1736731082201004 10 -1 -1 
1154 789 84 60 0.17318233847618103 8 -1 -1 
716 707 14 36 0.1728655993938446 1 -1 -1 
952 650 10 22 0.17199382185935974 10 -1 -1 
1147 747 137 106 0.17158478498458862 5 -1 -1 
1216 722 39 27 0.1714141070842743 4 -1 -1 
886 614 10 18 0.17117971181869507 2 -1 -1 
939 655 10 23 0.170990988612175 1 -1 -1 
879 1021 49 59 0.17090290784835815 10 -1 -1 
888 622 12 20 0.17053714394569397 1 -1 -1 
1147 747 137 106 0.16972461342811584 4 -1 -1 
615 744 57 33 0.16961392760276794 9 -1 -1 
859 609 8 15 0.16942568123340607 1 -1 -1 
1035 731 28 43 0.1688874363899231 8 -1 -1 
489 857 66 53 0.16689012944698334 10 -1 -1 
1148 776 134 103 0.16604843735694885 6 -1 -1 
914 596 15 21 0.16489821672439575 10 -1 -1 
877 1009 37 70 0.1643328070640564 10 -1 -1 
1223 725 147 68 0.162486270070076 4 -1 -1 
1149 748 174 90 0.16216591000556946 6 -1 -1 
829 584 50 28 0.16172528266906738 4 -1 -1 
833 652 40 29 0.16169990599155426 4 -1 -1 
868 622 37 22 0.15908940136432648 8 -1 -1 
819 593 56 23 0.15888820588588715 4 -1 -1 
1009 761 17 36 0.15841196477413177 1 -1 -1 
1163 883 110 87 0.15739110112190247 5 -1 -1 
1158 796 248 178 0.15718162059783936 6 -1 -1 
950 646 14 32 0.15652640163898468 10 -1 -1 
1090 574 40 20 0.15547321736812592 4 -1 -1 
884 1035 54 45 0.1538386046886444 3 -1 -1 
1066 728 172 96 0.15330548584461212 9 -1 -1 
914 597 25 27 0.1518106907606125 10 -1 -1 
102 661 30 66 0.1479501724243164 1 -1 -1 
1140 748 263 136 0.14721150696277618 5 -1 -1 
710 730 64 55 0.14375291764736176 6 -1 -1 
791 643 15 39 0.13833685219287872 1 -1 -1 
923 611 36 21 0.13795451819896698 7 -1 -1 
1151 737 138 82 0.13578274846076965 4 -1 -1 
1160 778 195 101 0.1329871118068695 9 -1 -1 
1156 744 194 105 0.1324320137500763 5 -1 -1 
871 627 34 19 0.13235905766487122 3 -1 -1 
1145 727 277 151 0.1317727267742157 4 -1 -1 
490 855 64 55 0.13064464926719666 9 -1 -1 
940 645 14 33 0.12999358773231506 2 -1 -1 
844 650 32 28 0.12979596853256226 5 -1 -1 
848 619 52 22 0.12947426736354828 5 -1 -1 
939 647 16 32 0.12822221219539642 3 -1 -1 
824 709 53 49 0.12811511754989624 5 -1 -1 
849 584 31 27 0.12810923159122467 4 -1 -1 
916 608 35 21 0.12795481085777283 10 -1 -1 
1156 744 194 105 0.12547467648983002 4 -1 -1 
912 611 28 22 0.12421544641256332 3 -1 -1 
970 958 22 39 0.12295808643102646 1 -1 -1 
950 645 14 33 0.1220693439245224 2 -1 -1 
1055 748 183 112 0.12202392518520355 6 -1 -1 
1128 744 221 172 0.11991646885871887 6 -1 -1 
852 634 32 29 0.11963524669408798 5 -1 -1 
525 893 133 97 0.11819904297590256 1 -1 -1 
916 605 39 24 0.11729166656732559 7 -1 -1 
923 611 36 21 0.11710918694734573 10 -1 -1 
875 623 31 22 0.11695437878370285 10 -1 -1 
1137 752 130 109 0.11667456477880478 6 -1 -1 
1055 769 181 110 0.11485941708087921 5 -1 -1 
1184 728 208 106 0.1138911023736 4 -1 -1 
925 612 40 20 0.11377469450235367 4 -1 -1 
1116 786 142 92 0.11317743360996246 9 -1 -1 
911 588 28 25 0.11210757493972778 3 -1 -1 
1085 751 153 95 0.11173155158758163 5 -1 -1 
1163 883 110 87 0.11164245754480362 6 -1 -1 
829 584 50 28 0.11036251485347748 5 -1 -1 
889 584 28 26 0.10936730355024338 10 -1 -1 
944 646 19 32 0.10855689644813538 1 -1 -1 
913 602 26 26 0.10714811831712723 3 -1 -1 
1134 809 130 146 0.1065186932682991 6 -1 -1 
1154 733 200 128 0.10506594926118851 6 -1 -1 
940 645 14 33 0.10442575812339783 1 -1 -1 
878 626 28 20 0.10404566675424576 8 -1 -1 
899 588 34 22 0.10374068468809128 3 -1 -1 
1085 751 153 95 0.10273192077875137 4 -1 -1 
824 595 51 22 0.10145680606365204 5 -1 -1 
1223 725 147 68 0.10106438398361206 5 -1 -1 
847 641 33 28 0.1001833900809288 5 -1 -1 
853 590 32 23 0.0997423455119133 4 -1 -1 
1163 850 147 119 0.09889298677444458 4 -1 -1 
1151 737 138 82 0.09808958321809769 5 -1 -1 
920 602 51 29 0.0970035269856453 4 -1 -1 
710 731 62 55 0.09528318047523499 1 -1 -1 
1128 744 221 172 0.09460922330617905 9 -1 -1 
1009 761 17 36 0.09455655515193939 2 -1 -1 
876 979 41 91 0.09419578313827515 10 -1 -1 
846 620 44 24 0.09395280480384827 6 -1 -1 
915 591 37 32 0.09346605837345123 10 -1 -1 
1149 748 174 90 0.09318546205759048 9 -1 -1 
829 659 36 30 0.09315818548202515 1 -1 -1 
939 638 19 34 0.09313111752271652 2 -1 -1 
1169 726 171 85 0.09240284562110901 4 -1 -1 
944 646 19 32 0.09218738228082657 3 -1 -1 
868 622 37 22 0.09126801788806915 6 -1 -1 
942 642 21 34 0.09109717607498169 2 -1 -1 
728 719 54 44 0.08936083316802979 5 -1 -1 
917 594 70 41 0.08918721973896027 4 -1 -1 
829 601 41 20 0.0880410224199295 4 -1 -1 
717 748 41 61 0.08794151246547699 9 -1 -1 
1151 737 138 82 0.0875706598162651 6 -1 -1 
1194 758 288 224 0.08724620938301086 6 -1 -1 
894 645 32 27 0.08718805015087128 1 -1 -1 
1122 793 131 88 0.08678526431322098 6 -1 -1 
913 591 29 29 0.0865626111626625 3 -1 -1 
845 651 32 28 0.08621937036514282 1 -1 -1 
1147 728 338 157 0.08296696841716766 6 -1 -1 
1257 799 250 223 0.07984557002782822 6 -1 -1 
1158 796 248 178 0.07757652550935745 4 -1 -1 
1153 776 231 201 0.07534365355968475 9 -1 -1 
1128 744 221 172 0.07376599311828613 4 -1 -1 
917 594 70 41 0.07058991491794586 5 -1 -1 
1154 768 279 136 0.06940596550703049 4 -1 -1 
1154 768 279 136 0.06621985137462616 9 -1 -1 
38 839 197 242 0.06428423523902893 6 -1 -1 
1207 835 227 202 0.06163068115711212 6 -1 -1 
1153 759 290 186 0.05787147954106331 5 -1 -1 
1207 835 227 202 0.05463332682847977 4 -1 -1 
820 577 59 38 0.05408013239502907 6 -1 -1 
910 593 71 39 0.05386599898338318 9 -1 -1 
1194 758 288 224 0.05347190424799919 9 -1 -1 
820 577 59 38 0.05261172726750374 9 -1 -1 
1086 733 215 158 0.05253593623638153 6 -1 -1 
1273 827 298 230 0.051335658878088 6 -1 -1 
1107 713 249 150 0.05085793137550354 9 -1 -1 
1257 799 250 223 0.05046914517879486 4 -1 -1 
