495 190 18 24 0.997260570526123 9 -1 -1 
404 204 18 25 0.9948940277099609 6 -1 -1 
361 313 36 45 0.9827766418457031 5 -1 -1 
290 348 46 46 0.9267519116401672 4 -1 -1 
306 391 51 61 0.9106045961380005 4 -1 -1 
359 267 27 24 0.9085372686386108 4 -1 -1 
693 311 36 35 0.9067794680595398 4 -1 -1 
799 382 13 29 0.8822376132011414 1 -1 -1 
380 242 21 20 0.8381150364875793 4 -1 -1 
460 252 21 22 0.8278935551643372 4 -1 -1 
854 456 71 53 0.8209785223007202 7 -1 -1 
393 228 19 19 0.8207825422286987 4 -1 -1 
473 137 6 6 0.7760971188545227 4 -1 -1 
469 184 13 11 0.7625774145126343 4 -1 -1 
468 146 6 7 0.7555273175239563 4 -1 -1 
460 201 14 14 0.7440178394317627 4 -1 -1 
433 231 7 12 0.7378285527229309 2 -1 -1 
433 235 6 12 0.7364005446434021 10 -1 -1 
494 167 10 10 0.7323147058486938 4 -1 -1 
664 335 21 19 0.7104154825210571 3 -1 -1 
341 292 32 32 0.7072615623474121 4 -1 -1 
481 146 6 6 0.6600170731544495 4 -1 -1 
685 401 33 28 0.6521241664886475 10 -1 -1 
419 201 12 17 0.6426183581352234 5 -1 -1 
509 171 12 10 0.642521321773529 4 -1 -1 
480 207 15 17 0.6207095980644226 5 -1 -1 
495 189 19 25 0.607978105545044 8 -1 -1 
560 371 11 19 0.6044878363609314 2 -1 -1 
486 229 17 17 0.556246280670166 4 -1 -1 
489 126 4 3 0.5534529089927673 4 -1 -1 
483 127 5 4 0.5490815043449402 4 -1 -1 
608 208 15 14 0.540869951248169 4 -1 -1 
477 127 4 5 0.5259028673171997 4 -1 -1 
472 128 4 4 0.5202500224113464 4 -1 -1 
491 150 6 6 0.5122513175010681 4 -1 -1 
531 245 17 20 0.5100126266479492 7 -1 -1 
559 373 14 25 0.48983749747276306 10 -1 -1 
435 152 8 7 0.4858056306838989 4 -1 -1 
420 165 12 10 0.46094900369644165 4 -1 -1 
426 159 9 8 0.4454885721206665 4 -1 -1 
418 201 13 17 0.43567144870758057 6 -1 -1 
465 128 5 4 0.42904573678970337 4 -1 -1 
644 238 15 16 0.4145033657550812 4 -1 -1 
436 152 7 7 0.4107116162776947 5 -1 -1 
480 207 15 18 0.4053109884262085 4 -1 -1 
523 198 15 20 0.40297383069992065 4 -1 -1 
501 127 6 7 0.4005267322063446 4 -1 -1 
766 343 9 23 0.39823079109191895 1 -1 -1 
431 161 8 8 0.3901442289352417 4 -1 -1 
643 238 17 17 0.3611472249031067 8 -1 -1 
430 155 8 7 0.3534214496612549 4 -1 -1 
426 159 10 9 0.3420446515083313 5 -1 -1 
644 238 15 16 0.33713436126708984 7 -1 -1 
501 144 3 5 0.33506664633750916 10 -1 -1 
491 150 6 6 0.33333784341812134 5 -1 -1 
496 124 4 3 0.3321264684200287 4 -1 -1 
765 350 10 18 0.32885465025901794 3 -1 -1 
466 126 5 5 0.3281920850276947 4 -1 -1 
474 127 4 4 0.3239968717098236 4 -1 -1 
459 128 5 6 0.3227390944957733 6 -1 -1 
478 127 5 4 0.32273349165916443 4 -1 -1 
365 212 12 9 0.3179008662700653 4 -1 -1 
685 398 25 25 0.31433963775634766 10 -1 -1 
484 126 5 4 0.3136848509311676 4 -1 -1 
482 125 5 5 0.31259509921073914 4 -1 -1 
462 145 3 5 0.31234240531921387 10 -1 -1 
467 124 4 6 0.3059096038341522 4 -1 -1 
373 206 10 7 0.3038298785686493 4 -1 -1 
495 189 18 25 0.30316054821014404 3 -1 -1 
462 144 2 5 0.3022169768810272 2 -1 -1 
365 197 5 8 0.30132800340652466 2 -1 -1 
429 157 9 8 0.30106428265571594 4 -1 -1 
495 190 18 24 0.30046921968460083 4 -1 -1 
659 250 6 16 0.29806429147720337 1 -1 -1 
407 180 14 9 0.29800233244895935 10 -1 -1 
475 127 5 4 0.2972947657108307 4 -1 -1 
467 123 4 5 0.2971482574939728 4 -1 -1 
462 145 3 5 0.296513170003891 1 -1 -1 
433 233 6 13 0.2962478995323181 2 -1 -1 
455 133 7 7 0.2956276535987854 4 -1 -1 
459 128 5 6 0.29436594247817993 4 -1 -1 
404 218 15 12 0.29284217953681946 4 -1 -1 
420 165 12 11 0.2913553714752197 6 -1 -1 
481 127 4 4 0.2912851572036743 4 -1 -1 
472 126 4 4 0.2908188998699188 4 -1 -1 
419 166 11 12 0.2898164391517639 4 -1 -1 
365 197 5 9 0.28948721289634705 10 -1 -1 
418 170 11 9 0.28867247700691223 4 -1 -1 
401 207 6 11 0.28596845269203186 2 -1 -1 
459 128 5 6 0.2837792634963989 5 -1 -1 
419 166 11 12 0.2827654182910919 6 -1 -1 
500 139 3 4 0.2822111248970032 2 -1 -1 
404 204 18 25 0.28182336688041687 10 -1 -1 
560 379 16 22 0.28147071599960327 10 -1 -1 
840 428 19 24 0.2811044454574585 3 -1 -1 
434 153 8 7 0.28084737062454224 4 -1 -1 
644 238 16 16 0.27949678897857666 6 -1 -1 
491 150 6 6 0.27837130427360535 6 -1 -1 
484 124 4 4 0.27790066599845886 4 -1 -1 
500 137 3 5 0.2773185968399048 2 -1 -1 
486 126 4 4 0.275068998336792 4 -1 -1 
471 127 3 4 0.27315378189086914 4 -1 -1 
495 189 18 25 0.27228158712387085 10 -1 -1 
760 353 6 14 0.2699119746685028 1 -1 -1 
559 372 14 25 0.269699364900589 2 -1 -1 
404 218 15 12 0.26881200075149536 6 -1 -1 
855 456 70 58 0.26739010214805603 8 -1 -1 
531 245 16 20 0.2670675814151764 8 -1 -1 
481 128 3 3 0.26338914036750793 4 -1 -1 
404 204 18 25 0.26218634843826294 4 -1 -1 
843 421 16 26 0.2615853250026703 3 -1 -1 
473 125 5 5 0.2612082362174988 4 -1 -1 
765 344 10 23 0.2590915262699127 2 -1 -1 
495 190 18 24 0.2580631375312805 1 -1 -1 
454 149 3 5 0.257386177778244 10 -1 -1 
495 190 18 24 0.2565641403198242 2 -1 -1 
501 136 3 5 0.2563907504081726 2 -1 -1 
495 189 18 25 0.252520352602005 7 -1 -1 
418 201 13 17 0.25167372822761536 4 -1 -1 
436 151 7 6 0.25049519538879395 4 -1 -1 
454 148 3 6 0.2501021921634674 2 -1 -1 
531 245 16 20 0.24796903133392334 6 -1 -1 
882 419 8 22 0.24750559031963348 1 -1 -1 
495 132 3 5 0.24732854962348938 2 -1 -1 
495 132 3 5 0.24634844064712524 10 -1 -1 
477 124 4 4 0.24633003771305084 4 -1 -1 
501 143 3 5 0.2443905472755432 2 -1 -1 
450 139 6 7 0.24264144897460938 4 -1 -1 
453 136 8 7 0.24209652841091156 4 -1 -1 
404 204 18 25 0.2390405535697937 5 -1 -1 
466 127 5 5 0.234485924243927 5 -1 -1 
459 128 5 6 0.23175495862960815 9 -1 -1 
408 179 13 10 0.23122495412826538 7 -1 -1 
523 198 15 20 0.22924484312534332 5 -1 -1 
490 126 4 3 0.2277650386095047 4 -1 -1 
502 125 5 6 0.22727817296981812 4 -1 -1 
475 125 5 5 0.2269776165485382 4 -1 -1 
481 125 4 4 0.2268076092004776 4 -1 -1 
472 123 4 5 0.22494910657405853 9 -1 -1 
644 238 16 16 0.22483378648757935 5 -1 -1 
361 313 36 45 0.22443830966949463 8 -1 -1 
866 471 62 43 0.22213239967823029 7 -1 -1 
523 197 13 20 0.22187107801437378 7 -1 -1 
696 412 22 20 0.22085992991924286 10 -1 -1 
467 124 4 6 0.2200590819120407 5 -1 -1 
523 198 15 20 0.21980513632297516 6 -1 -1 
468 125 5 4 0.2193242758512497 4 -1 -1 
472 128 4 4 0.21735291182994843 5 -1 -1 
608 208 15 14 0.21703563630580902 5 -1 -1 
451 137 8 7 0.21642351150512695 4 -1 -1 
421 165 12 10 0.2155505120754242 5 -1 -1 
428 160 11 9 0.21553054451942444 5 -1 -1 
415 169 14 10 0.2153279334306717 7 -1 -1 
500 139 3 4 0.21374773979187012 10 -1 -1 
881 414 10 27 0.21165809035301208 1 -1 -1 
466 126 5 5 0.21106436848640442 5 -1 -1 
877 417 8 18 0.21067404747009277 1 -1 -1 
476 126 5 5 0.20980390906333923 5 -1 -1 
429 157 9 9 0.2097139060497284 5 -1 -1 
409 177 10 11 0.20937663316726685 10 -1 -1 
495 190 18 24 0.20933763682842255 5 -1 -1 
473 124 4 4 0.20706705749034882 4 -1 -1 
466 127 5 5 0.20698976516723633 6 -1 -1 
469 123 4 4 0.20690535008907318 4 -1 -1 
480 125 4 5 0.20630976557731628 4 -1 -1 
467 123 4 5 0.20610566437244415 5 -1 -1 
760 350 16 19 0.20595556497573853 3 -1 -1 
500 140 4 4 0.20579317212104797 2 -1 -1 
483 123 4 4 0.20506498217582703 4 -1 -1 
401 208 6 12 0.2047380656003952 1 -1 -1 
433 231 6 12 0.2040463089942932 1 -1 -1 
481 146 6 6 0.20398597419261932 5 -1 -1 
669 322 13 25 0.2037997841835022 1 -1 -1 
483 128 4 4 0.20171520113945007 4 -1 -1 
436 152 7 7 0.20063307881355286 6 -1 -1 
496 123 4 4 0.20019687712192535 6 -1 -1 
467 124 4 5 0.19823379814624786 6 -1 -1 
404 218 15 12 0.19810348749160767 5 -1 -1 
467 128 4 4 0.1977750062942505 4 -1 -1 
692 398 27 26 0.19753803312778473 10 -1 -1 
670 324 11 21 0.1972813606262207 2 -1 -1 
468 123 5 5 0.19696415960788727 9 -1 -1 
434 161 5 8 0.19659735262393951 4 -1 -1 
306 391 51 61 0.19593657553195953 5 -1 -1 
762 348 14 21 0.19563454389572144 1 -1 -1 
504 135 6 6 0.19535760581493378 4 -1 -1 
462 145 3 5 0.19497187435626984 3 -1 -1 
482 125 5 4 0.19496004283428192 4 -1 -1 
477 124 4 4 0.19383826851844788 5 -1 -1 
560 371 11 18 0.19148290157318115 1 -1 -1 
500 124 6 7 0.1909681111574173 4 -1 -1 
432 162 7 7 0.19048070907592773 7 -1 -1 
477 127 4 4 0.18991826474666595 5 -1 -1 
481 146 6 6 0.18965674936771393 6 -1 -1 
477 124 4 4 0.18933652341365814 9 -1 -1 
434 231 6 7 0.18910527229309082 2 -1 -1 
466 129 5 4 0.1888994425535202 4 -1 -1 
404 204 18 25 0.18819932639598846 7 -1 -1 
423 163 10 10 0.18698722124099731 4 -1 -1 
531 245 16 20 0.18436768651008606 4 -1 -1 
759 344 12 23 0.18118903040885925 1 -1 -1 
404 204 18 25 0.1804257184267044 2 -1 -1 
495 189 18 25 0.18008586764335632 6 -1 -1 
523 198 15 19 0.179808109998703 8 -1 -1 
150 518 58 21 0.17740564048290253 4 -1 -1 
361 313 36 45 0.17697247862815857 4 -1 -1 
664 333 21 21 0.16844676434993744 10 -1 -1 
877 411 12 28 0.1654469072818756 1 -1 -1 
559 375 15 25 0.1642356961965561 3 -1 -1 
404 204 18 25 0.1592113971710205 3 -1 -1 
698 418 19 15 0.15790583193302155 10 -1 -1 
847 420 13 23 0.15703213214874268 3 -1 -1 
361 313 36 46 0.15697500109672546 9 -1 -1 
411 202 17 20 0.15605691075325012 5 -1 -1 
855 456 70 58 0.15601471066474915 6 -1 -1 
404 204 18 25 0.15314143896102905 9 -1 -1 
361 313 36 45 0.15192869305610657 10 -1 -1 
685 398 25 25 0.1494695395231247 2 -1 -1 
361 313 36 45 0.14845886826515198 6 -1 -1 
559 372 14 25 0.14838498830795288 1 -1 -1 
846 420 14 24 0.14801178872585297 1 -1 -1 
874 411 11 25 0.1434786319732666 1 -1 -1 
380 242 21 20 0.14286521077156067 5 -1 -1 
404 204 18 25 0.1401810199022293 1 -1 -1 
764 342 12 25 0.1395968347787857 3 -1 -1 
404 204 18 25 0.1392347365617752 8 -1 -1 
799 382 13 29 0.1380237340927124 4 -1 -1 
223 259 51 21 0.13777022063732147 4 -1 -1 
854 456 63 48 0.13755950331687927 2 -1 -1 
669 327 16 25 0.13633811473846436 1 -1 -1 
838 431 17 19 0.13308662176132202 3 -1 -1 
643 238 17 17 0.13002300262451172 9 -1 -1 
761 340 14 26 0.12863792479038239 1 -1 -1 
698 418 19 15 0.1277117282152176 3 -1 -1 
509 168 21 14 0.1271141618490219 4 -1 -1 
664 333 21 21 0.12620599567890167 8 -1 -1 
664 333 21 21 0.1258011758327484 7 -1 -1 
762 348 14 21 0.12550091743469238 10 -1 -1 
686 410 30 22 0.12188291549682617 10 -1 -1 
393 228 19 19 0.12186899781227112 5 -1 -1 
480 207 15 18 0.12067564576864243 6 -1 -1 
486 229 17 17 0.120477594435215 5 -1 -1 
757 345 12 22 0.12014289945363998 9 -1 -1 
361 313 36 45 0.11986692994832993 7 -1 -1 
667 328 18 24 0.11826813966035843 3 -1 -1 
758 347 13 22 0.11773913353681564 3 -1 -1 
412 165 20 14 0.11710163205862045 6 -1 -1 
290 348 46 46 0.11685751378536224 5 -1 -1 
225 258 50 23 0.11623997986316681 5 -1 -1 
856 456 74 59 0.11610732972621918 3 -1 -1 
685 402 33 28 0.1135624349117279 3 -1 -1 
361 313 36 45 0.11326217651367188 2 -1 -1 
393 228 19 19 0.11216714978218079 6 -1 -1 
523 198 15 20 0.11061712354421616 9 -1 -1 
762 348 14 21 0.10967238992452621 2 -1 -1 
524 196 20 21 0.10788219422101974 4 -1 -1 
460 252 21 22 0.1078229695558548 5 -1 -1 
531 245 16 20 0.10459652543067932 5 -1 -1 
688 410 28 23 0.10440580546855927 3 -1 -1 
846 420 14 23 0.09781436622142792 10 -1 -1 
856 456 74 59 0.08746285736560822 10 -1 -1 
693 311 36 35 0.08716720342636108 5 -1 -1 
855 455 75 60 0.07473669946193695 4 -1 -1 
693 311 35 35 0.07469213008880615 1 -1 -1 
855 455 75 60 0.07243572920560837 9 -1 -1 
693 311 35 35 0.0718233659863472 9 -1 -1 
683 399 35 31 0.0674455463886261 7 -1 -1 
693 311 35 35 0.058524325489997864 10 -1 -1 
693 311 36 35 0.05738960951566696 7 -1 -1 
693 311 35 35 0.05719422921538353 6 -1 -1 
