786 305 48 74 0.9529693722724915 5 -1 -1 
874 350 122 59 0.9523858428001404 4 -1 -1 
1048 423 145 105 0.94478839635849 5 -1 -1 
639 146 16 22 0.9329990744590759 7 -1 -1 
812 357 71 43 0.9250922799110413 7 -1 -1 
385 328 58 73 0.9223871827125549 4 -1 -1 
526 139 39 34 0.9189636707305908 4 -1 -1 
683 176 38 34 0.9058959484100342 4 -1 -1 
804 270 94 42 0.9037010669708252 4 -1 -1 
675 144 30 27 0.903516411781311 4 -1 -1 
562 205 12 30 0.8838430047035217 1 -1 -1 
411 241 51 49 0.8774475455284119 4 -1 -1 
165 510 148 147 0.875294029712677 4 -1 -1 
970 492 64 97 0.874309778213501 4 -1 -1 
506 172 35 33 0.8698394298553467 4 -1 -1 
679 55 38 48 0.8685017228126526 6 -1 -1 
742 143 63 26 0.860271155834198 4 -1 -1 
771 246 92 40 0.8602408766746521 4 -1 -1 
582 105 59 23 0.8553043007850647 4 -1 -1 
755 331 15 41 0.8552005290985107 1 -1 -1 
774 330 14 41 0.8506221771240234 1 -1 -1 
655 35 27 18 0.8456518650054932 4 -1 -1 
778 217 85 36 0.8399157524108887 4 -1 -1 
538 206 12 37 0.833324670791626 1 -1 -1 
377 282 54 52 0.8288150429725647 4 -1 -1 
882 290 113 51 0.8218730688095093 4 -1 -1 
727 131 64 25 0.8154597282409668 4 -1 -1 
552 41 19 17 0.8112549185752869 4 -1 -1 
987 338 37 29 0.8108217120170593 10 -1 -1 
1024 338 43 28 0.80414217710495 10 -1 -1 
788 152 55 30 0.797956109046936 4 -1 -1 
731 166 96 35 0.7939362525939941 6 -1 -1 
513 71 22 21 0.7934967279434204 4 -1 -1 
633 270 38 59 0.7931426167488098 8 -1 -1 
717 148 31 30 0.789939820766449 8 -1 -1 
943 263 17 37 0.7854469418525696 1 -1 -1 
715 119 62 22 0.7851096987724304 4 -1 -1 
818 129 9 24 0.7790631055831909 1 -1 -1 
741 189 67 36 0.7737191915512085 4 -1 -1 
645 195 23 33 0.7729820609092712 7 -1 -1 
619 62 21 19 0.771251916885376 4 -1 -1 
778 197 73 31 0.768067479133606 4 -1 -1 
1103 411 45 31 0.7647374272346497 10 -1 -1 
451 148 68 32 0.7597616314888 4 -1 -1 
464 205 73 36 0.7499679327011108 4 -1 -1 
667 113 27 25 0.7473516464233398 4 -1 -1 
1016 248 19 37 0.7467573285102844 1 -1 -1 
1034 394 47 30 0.7465924024581909 10 -1 -1 
909 636 52 63 0.7335969805717468 10 -1 -1 
959 272 12 34 0.7275875806808472 1 -1 -1 
1027 373 45 30 0.7268549203872681 10 -1 -1 
503 91 29 24 0.7263020277023315 4 -1 -1 
613 3 15 12 0.7259596586227417 4 -1 -1 
703 305 15 28 0.7216456532478333 2 -1 -1 
895 228 45 28 0.7064339518547058 10 -1 -1 
660 87 33 24 0.7062357068061829 4 -1 -1 
1055 368 44 33 0.7050184011459351 10 -1 -1 
970 274 37 28 0.7039216756820679 10 -1 -1 
839 119 7 19 0.6987189054489136 1 -1 -1 
922 631 32 49 0.6963573694229126 2 -1 -1 
879 221 39 22 0.6913146376609802 10 -1 -1 
474 133 49 27 0.6895204186439514 4 -1 -1 
441 188 9 20 0.6893965601921082 1 -1 -1 
931 173 10 30 0.6873658895492554 1 -1 -1 
842 417 22 39 0.6770491600036621 10 -1 -1 
634 270 38 59 0.6732646226882935 7 -1 -1 
676 58 24 30 0.6699179410934448 6 -1 -1 
706 261 16 31 0.6586678624153137 2 -1 -1 
831 136 7 21 0.6571410298347473 1 -1 -1 
676 54 35 37 0.6492175459861755 6 -1 -1 
858 132 8 20 0.6463408470153809 1 -1 -1 
448 84 48 22 0.6370348930358887 4 -1 -1 
641 140 11 18 0.6357543468475342 2 -1 -1 
787 102 7 21 0.6335198879241943 1 -1 -1 
703 312 14 32 0.6243452429771423 10 -1 -1 
845 408 19 39 0.617607593536377 2 -1 -1 
920 217 33 22 0.6140449643135071 10 -1 -1 
705 269 17 27 0.6109907031059265 10 -1 -1 
0 633 138 90 0.6090146899223328 4 -1 -1 
959 622 78 84 0.6047821044921875 7 -1 -1 
495 106 29 24 0.6016759276390076 4 -1 -1 
762 100 7 20 0.5996374487876892 1 -1 -1 
939 173 9 29 0.5949405431747437 1 -1 -1 
415 213 86 45 0.5945627689361572 4 -1 -1 
160 424 160 71 0.5907854437828064 4 -1 -1 
493 48 50 23 0.5906997323036194 4 -1 -1 
537 27 18 15 0.5883556008338928 5 -1 -1 
822 108 10 25 0.5873653292655945 1 -1 -1 
515 109 28 30 0.5865179300308228 4 -1 -1 
1161 20 10 18 0.5803065896034241 1 -1 -1 
850 109 9 19 0.5749229788780212 1 -1 -1 
244 386 134 67 0.5736839771270752 4 -1 -1 
710 37 34 14 0.5717033743858337 4 -1 -1 
847 124 8 18 0.5616869330406189 1 -1 -1 
676 102 24 23 0.5511873364448547 4 -1 -1 
446 104 35 23 0.5473742485046387 5 -1 -1 
689 65 28 38 0.5441084504127502 6 -1 -1 
875 215 38 24 0.5433211326599121 10 -1 -1 
463 76 44 21 0.5406084060668945 4 -1 -1 
560 32 6 14 0.536022424697876 1 -1 -1 
900 235 30 22 0.5304376482963562 10 -1 -1 
852 104 8 18 0.5274494886398315 1 -1 -1 
517 37 33 15 0.5238584876060486 4 -1 -1 
850 136 8 18 0.5195538401603699 1 -1 -1 
887 193 41 26 0.5180377960205078 10 -1 -1 
634 270 38 59 0.5172724723815918 6 -1 -1 
673 45 41 18 0.5156313180923462 4 -1 -1 
510 44 37 19 0.515152633190155 4 -1 -1 
902 161 11 33 0.5125987529754639 1 -1 -1 
678 126 9 19 0.5123177766799927 2 -1 -1 
646 20 24 13 0.5063540935516357 4 -1 -1 
769 330 12 42 0.4971356987953186 1 -1 -1 
445 104 36 22 0.49686184525489807 8 -1 -1 
960 623 78 83 0.4954870641231537 10 -1 -1 
657 193 11 26 0.48390358686447144 1 -1 -1 
647 191 11 23 0.4785740077495575 2 -1 -1 
415 213 86 44 0.47816601395606995 5 -1 -1 
660 21 23 17 0.4773218035697937 4 -1 -1 
733 167 94 33 0.472691148519516 4 -1 -1 
530 97 7 18 0.4720134437084198 1 -1 -1 
1027 376 41 26 0.4715249538421631 3 -1 -1 
707 112 19 21 0.4674379527568817 10 -1 -1 
708 101 15 23 0.46494996547698975 10 -1 -1 
362 207 29 15 0.4646297097206116 10 -1 -1 
311 352 35 32 0.4574097692966461 3 -1 -1 
516 23 33 16 0.45516979694366455 4 -1 -1 
532 97 8 18 0.45478472113609314 1 -1 -1 
763 330 12 41 0.4532414972782135 1 -1 -1 
864 144 9 17 0.45253169536590576 2 -1 -1 
635 3 20 11 0.4508223235607147 4 -1 -1 
866 167 27 22 0.4505162835121155 10 -1 -1 
660 28 18 15 0.44718658924102783 4 -1 -1 
837 143 8 18 0.44620028138160706 1 -1 -1 
875 208 37 26 0.4434816539287567 10 -1 -1 
902 174 9 26 0.44164663553237915 1 -1 -1 
647 191 10 24 0.44056305289268494 1 -1 -1 
454 84 42 22 0.43644586205482483 5 -1 -1 
675 15 21 14 0.43572530150413513 4 -1 -1 
666 23 39 18 0.43331414461135864 4 -1 -1 
649 7 26 12 0.4302632212638855 4 -1 -1 
447 104 34 22 0.43023890256881714 7 -1 -1 
676 102 24 22 0.4291723668575287 5 -1 -1 
864 143 8 20 0.42906269431114197 1 -1 -1 
849 182 10 24 0.42905470728874207 2 -1 -1 
551 17 18 10 0.425533652305603 4 -1 -1 
878 197 42 26 0.42549559473991394 10 -1 -1 
322 350 26 28 0.4251099228858948 3 -1 -1 
494 49 49 22 0.4249882400035858 5 -1 -1 
466 76 41 21 0.42366012930870056 5 -1 -1 
857 140 8 19 0.42357996106147766 1 -1 -1 
828 169 16 18 0.4200996160507202 10 -1 -1 
1175 584 25 56 0.41722649335861206 1 -1 -1 
834 137 10 20 0.41599372029304504 1 -1 -1 
1044 410 50 37 0.41556355357170105 7 -1 -1 
950 269 17 34 0.4128863215446472 1 -1 -1 
807 31 5 10 0.41227057576179504 1 -1 -1 
761 0 5 9 0.4118652939796448 1 -1 -1 
841 409 18 33 0.4087938964366913 2 -1 -1 
812 27 5 13 0.4057313799858093 1 -1 -1 
677 125 10 20 0.4057273268699646 1 -1 -1 
348 206 44 19 0.38767343759536743 7 -1 -1 
457 78 47 24 0.38391172885894775 5 -1 -1 
514 109 29 31 0.34874987602233887 5 -1 -1 
511 39 40 20 0.3245566189289093 4 -1 -1 
776 202 79 36 0.32006362080574036 4 -1 -1 
675 47 41 28 0.31778937578201294 4 -1 -1 
30 527 154 128 0.2940228283405304 4 -1 -1 
738 177 87 40 0.2732991576194763 4 -1 -1 
511 26 43 20 0.2716507017612457 4 -1 -1 
1042 411 72 45 0.26306813955307007 8 -1 -1 
959 623 79 83 0.25460413098335266 8 -1 -1 
514 108 29 31 0.2527991235256195 6 -1 -1 
915 219 36 28 0.25110670924186707 10 -1 -1 
500 107 36 27 0.24646303057670593 4 -1 -1 
166 511 146 147 0.2419077306985855 5 -1 -1 
1050 426 142 101 0.24057495594024658 4 -1 -1 
14 562 149 101 0.23973150551319122 4 -1 -1 
508 32 43 19 0.23748689889907837 4 -1 -1 
689 61 28 42 0.23428326845169067 9 -1 -1 
508 44 40 19 0.2322901338338852 5 -1 -1 
922 224 36 26 0.23061668872833252 10 -1 -1 
738 177 87 40 0.22951623797416687 6 -1 -1 
791 258 97 45 0.21786320209503174 4 -1 -1 
813 357 72 44 0.21048910915851593 8 -1 -1 
70 513 133 136 0.21018929779529572 4 -1 -1 
689 67 28 37 0.20962098240852356 5 -1 -1 
920 218 34 25 0.2088356465101242 3 -1 -1 
349 205 43 20 0.19903214275836945 10 -1 -1 
347 207 44 19 0.19454719126224518 8 -1 -1 
662 22 43 20 0.1932213008403778 5 -1 -1 
786 306 48 72 0.19162073731422424 4 -1 -1 
677 53 39 47 0.19033287465572357 9 -1 -1 
8 614 145 88 0.18914462625980377 4 -1 -1 
677 53 39 47 0.18755899369716644 5 -1 -1 
1042 411 72 44 0.18667864799499512 7 -1 -1 
775 243 88 44 0.18368089199066162 5 -1 -1 
677 57 28 32 0.1824222356081009 5 -1 -1 
665 91 34 33 0.18238554894924164 4 -1 -1 
515 21 42 20 0.18043729662895203 5 -1 -1 
959 622 79 84 0.1794372797012329 3 -1 -1 
970 492 64 97 0.17922833561897278 5 -1 -1 
905 218 38 27 0.17808404564857483 10 -1 -1 
345 207 47 19 0.17750468850135803 4 -1 -1 
922 224 36 26 0.17701104283332825 3 -1 -1 
645 193 24 36 0.17525801062583923 6 -1 -1 
930 227 33 27 0.17496177554130554 10 -1 -1 
776 225 88 45 0.1737208515405655 4 -1 -1 
907 211 41 29 0.17114928364753723 10 -1 -1 
512 17 45 19 0.16812583804130554 4 -1 -1 
108 469 150 101 0.16782651841640472 4 -1 -1 
86 493 146 140 0.16771365702152252 4 -1 -1 
676 57 30 32 0.16200198233127594 4 -1 -1 
882 290 113 51 0.16025474667549133 5 -1 -1 
916 209 37 26 0.15894435346126556 10 -1 -1 
659 87 35 24 0.15566116571426392 5 -1 -1 
433 209 95 40 0.15507812798023224 4 -1 -1 
482 47 45 20 0.15331096947193146 4 -1 -1 
670 101 29 34 0.15097983181476593 4 -1 -1 
912 226 37 25 0.14985008537769318 10 -1 -1 
511 39 40 20 0.14955580234527588 5 -1 -1 
122 446 169 101 0.14943711459636688 4 -1 -1 
689 69 28 35 0.14761163294315338 4 -1 -1 
221 387 161 68 0.1472696214914322 5 -1 -1 
779 217 83 36 0.14701196551322937 5 -1 -1 
645 193 24 36 0.14650137722492218 8 -1 -1 
508 101 32 29 0.14452767372131348 4 -1 -1 
339 208 48 23 0.14448143541812897 7 -1 -1 
155 427 163 73 0.14350812137126923 5 -1 -1 
108 416 190 78 0.14254003763198853 4 -1 -1 
731 166 95 35 0.14234426617622375 5 -1 -1 
484 48 47 21 0.14163628220558167 5 -1 -1 
105 438 179 77 0.1416078805923462 4 -1 -1 
494 48 49 23 0.14151570200920105 6 -1 -1 
928 227 34 27 0.14130891859531403 3 -1 -1 
110 489 143 116 0.14097057282924652 4 -1 -1 
656 24 43 23 0.1403033435344696 4 -1 -1 
675 55 27 34 0.13684262335300446 9 -1 -1 
464 76 43 21 0.1353902667760849 6 -1 -1 
1044 409 106 43 0.13390594720840454 7 -1 -1 
468 72 41 21 0.13237853348255157 4 -1 -1 
874 350 122 58 0.13166795670986176 1 -1 -1 
537 0 42 17 0.13157448172569275 5 -1 -1 
472 45 43 21 0.13108795881271362 4 -1 -1 
909 224 39 27 0.13067281246185303 3 -1 -1 
472 45 43 21 0.13055387139320374 5 -1 -1 
725 157 83 35 0.13018666207790375 6 -1 -1 
118 512 125 140 0.12990739941596985 4 -1 -1 
675 47 37 32 0.12949778139591217 6 -1 -1 
917 228 36 25 0.1276782751083374 3 -1 -1 
718 128 82 32 0.1273302137851715 4 -1 -1 
673 48 34 35 0.12672249972820282 4 -1 -1 
53 491 122 146 0.12554828822612762 4 -1 -1 
25 539 148 118 0.12460171431303024 5 -1 -1 
90 446 167 87 0.12390341609716415 4 -1 -1 
743 159 93 37 0.12161450833082199 6 -1 -1 
511 26 43 20 0.12037148326635361 5 -1 -1 
505 44 43 19 0.11924617737531662 6 -1 -1 
786 305 48 74 0.1187426820397377 8 -1 -1 
675 47 41 28 0.11744479089975357 5 -1 -1 
874 350 122 58 0.11744081974029541 9 -1 -1 
803 270 95 42 0.11693022400140762 5 -1 -1 
345 207 47 19 0.11628148704767227 6 -1 -1 
71 467 160 129 0.11602821946144104 4 -1 -1 
1049 424 143 102 0.11348872631788254 6 -1 -1 
675 21 42 20 0.11343911290168762 4 -1 -1 
500 21 45 19 0.11293371766805649 4 -1 -1 
916 210 36 28 0.11271535605192184 3 -1 -1 
663 23 43 19 0.1115165650844574 6 -1 -1 
709 35 41 16 0.11084064841270447 5 -1 -1 
1047 424 146 104 0.08502320945262909 8 -1 -1 
1049 424 143 102 0.08245062083005905 9 -1 -1 
1049 424 143 102 0.05010147765278816 1 -1 -1 
