594 635 123 131 0.9964655637741089 6 -1 -1 
1248 663 41 75 0.9451278448104858 1 -1 -1 
485 460 65 76 0.9448374509811401 4 -1 -1 
354 475 82 82 0.9433907866477966 4 -1 -1 
154 375 82 55 0.931991457939148 4 -1 -1 
976 444 76 54 0.9264440536499023 4 -1 -1 
65 426 102 69 0.9155047535896301 4 -1 -1 
202 284 49 46 0.9131560921669006 5 -1 -1 
1024 495 90 75 0.9037411212921143 4 -1 -1 
-1 492 93 79 0.8927978277206421 4 -1 -1 
909 357 58 46 0.8920843601226807 4 -1 -1 
62 286 81 46 0.882597029209137 4 -1 -1 
914 557 26 71 0.8547042608261108 1 -1 -1 
1179 411 18 42 0.8519527316093445 1 -1 -1 
1156 415 16 35 0.8464989066123962 1 -1 -1 
865 307 51 33 0.8373652100563049 4 -1 -1 
887 196 46 18 0.8069359660148621 4 -1 -1 
1012 495 17 50 0.7875281572341919 1 -1 -1 
876 333 68 37 0.7825993895530701 4 -1 -1 
629 118 10 9 0.77880859375 4 -1 -1 
557 170 18 16 0.778298020362854 4 -1 -1 
846 281 42 29 0.7565146088600159 4 -1 -1 
982 497 16 55 0.7486448884010315 1 -1 -1 
997 494 18 55 0.7417434453964233 1 -1 -1 
861 226 56 22 0.7365099191665649 4 -1 -1 
617 109 8 9 0.7300752401351929 4 -1 -1 
636 107 10 7 0.7269509434700012 4 -1 -1 
650 366 62 75 0.7236318588256836 5 -1 -1 
688 155 17 14 0.7219259738922119 4 -1 -1 
565 164 16 14 0.7020906209945679 4 -1 -1 
339 193 38 18 0.6999022960662842 5 -1 -1 
1291 419 19 37 0.6900477409362793 2 -1 -1 
207 248 25 18 0.6509497761726379 10 -1 -1 
212 336 61 52 0.6509397029876709 4 -1 -1 
849 191 30 17 0.6485219597816467 4 -1 -1 
406 362 17 35 0.6383357048034668 2 -1 -1 
1240 412 29 31 0.6236878633499146 2 -1 -1 
1101 418 21 29 0.622622013092041 2 -1 -1 
321 200 47 20 0.6197339296340942 4 -1 -1 
62 286 81 46 0.6129282116889954 6 -1 -1 
650 102 10 9 0.6053600311279297 4 -1 -1 
1189 366 13 26 0.6018180251121521 1 -1 -1 
1308 697 38 67 0.598815381526947 1 -1 -1 
1324 700 25 62 0.5862681865692139 1 -1 -1 
1010 400 23 34 0.5801532864570618 2 -1 -1 
649 366 62 76 0.579867422580719 8 -1 -1 
407 376 16 29 0.5762650370597839 10 -1 -1 
1272 409 15 28 0.5762035846710205 2 -1 -1 
178 321 47 42 0.5723424553871155 4 -1 -1 
255 309 59 46 0.5676166415214539 4 -1 -1 
115 323 83 71 0.563413143157959 6 -1 -1 
902 236 59 22 0.5616303086280823 4 -1 -1 
1093 405 17 39 0.559660792350769 2 -1 -1 
127 300 18 44 0.5502323508262634 1 -1 -1 
380 188 7 17 0.5415114760398865 1 -1 -1 
137 280 22 21 0.5371269583702087 10 -1 -1 
677 160 6 12 0.5245935320854187 2 -1 -1 
886 243 51 21 0.48888757824897766 4 -1 -1 
1038 419 23 28 0.486121267080307 2 -1 -1 
222 244 24 16 0.4850870966911316 10 -1 -1 
1096 406 23 40 0.4834012985229492 2 -1 -1 
995 402 16 19 0.47152578830718994 2 -1 -1 
1007 391 16 28 0.4540274739265442 2 -1 -1 
1047 415 24 31 0.4495869278907776 2 -1 -1 
350 213 45 20 0.4376804530620575 4 -1 -1 
251 240 20 16 0.43604347109794617 10 -1 -1 
1018 401 15 28 0.4356826841831207 2 -1 -1 
157 269 19 16 0.4317043125629425 10 -1 -1 
1101 418 12 28 0.42870044708251953 2 -1 -1 
259 235 16 17 0.4234389364719391 10 -1 -1 
650 102 10 9 0.4226345121860504 5 -1 -1 
113 325 84 69 0.41966044902801514 8 -1 -1 
1291 418 19 38 0.4194662272930145 1 -1 -1 
189 351 21 28 0.41771677136421204 3 -1 -1 
221 244 25 16 0.41696158051490784 3 -1 -1 
239 235 16 22 0.41626206040382385 10 -1 -1 
1330 697 28 62 0.4139200747013092 1 -1 -1 
75 451 13 31 0.398423969745636 1 -1 -1 
676 163 7 11 0.3893487751483917 10 -1 -1 
342 185 15 11 0.3830089867115021 3 -1 -1 
166 302 8 26 0.3827846050262451 1 -1 -1 
594 635 123 131 0.3825019896030426 4 -1 -1 
1093 405 14 27 0.37837427854537964 2 -1 -1 
1010 400 14 34 0.3718864917755127 1 -1 -1 
260 233 23 18 0.3712198734283447 10 -1 -1 
1004 390 19 31 0.36737799644470215 1 -1 -1 
339 193 38 19 0.3633154630661011 4 -1 -1 
1008 394 19 33 0.36141717433929443 2 -1 -1 
994 390 26 30 0.35971665382385254 2 -1 -1 
953 316 11 19 0.35256537795066833 2 -1 -1 
157 269 19 16 0.35061293840408325 3 -1 -1 
256 237 16 17 0.34668219089508057 10 -1 -1 
990 495 19 55 0.34602758288383484 1 -1 -1 
140 281 19 17 0.3434789180755615 7 -1 -1 
677 164 6 11 0.333892285823822 3 -1 -1 
1011 400 22 34 0.33170637488365173 1 -1 -1 
387 189 8 17 0.33091849088668823 1 -1 -1 
676 161 7 13 0.3292537033557892 1 -1 -1 
231 236 23 20 0.3284440338611603 10 -1 -1 
255 308 59 47 0.31740424036979675 5 -1 -1 
889 234 51 23 0.31712105870246887 4 -1 -1 
252 240 19 16 0.31542477011680603 3 -1 -1 
342 185 15 11 0.3075009286403656 10 -1 -1 
232 241 22 17 0.306324303150177 3 -1 -1 
163 268 15 14 0.3029240369796753 10 -1 -1 
1056 415 16 32 0.30140548944473267 1 -1 -1 
207 248 25 18 0.30099424719810486 3 -1 -1 
654 89 9 8 0.30093395709991455 4 -1 -1 
1007 393 18 34 0.29535025358200073 1 -1 -1 
1189 366 13 26 0.2949495315551758 2 -1 -1 
994 390 26 30 0.29243040084838867 1 -1 -1 
1093 405 15 35 0.2910677194595337 1 -1 -1 
324 199 44 21 0.2876856029033661 5 -1 -1 
69 451 12 34 0.28648871183395386 1 -1 -1 
331 196 42 18 0.2862190306186676 4 -1 -1 
1272 409 15 28 0.28564006090164185 1 -1 -1 
1318 699 25 56 0.2783873975276947 1 -1 -1 
1238 419 26 26 0.27445369958877563 2 -1 -1 
1018 401 15 29 0.2709013819694519 1 -1 -1 
594 635 123 131 0.2697102427482605 7 -1 -1 
237 241 17 17 0.2689533829689026 10 -1 -1 
1040 424 16 24 0.2677564322948456 2 -1 -1 
266 231 19 19 0.2666712701320648 10 -1 -1 
994 401 18 20 0.2661673426628113 1 -1 -1 
253 316 32 41 0.2650076150894165 4 -1 -1 
1010 408 15 26 0.2628467082977295 2 -1 -1 
1317 693 38 69 0.26225051283836365 1 -1 -1 
357 180 18 11 0.26188191771507263 10 -1 -1 
1041 416 29 31 0.25954926013946533 1 -1 -1 
1040 422 16 26 0.25902149081230164 1 -1 -1 
241 234 18 17 0.25846460461616516 10 -1 -1 
995 399 20 32 0.257703959941864 1 -1 -1 
358 214 45 22 0.25649622082710266 4 -1 -1 
260 234 22 18 0.2518453896045685 3 -1 -1 
258 237 14 17 0.25132957100868225 3 -1 -1 
594 635 123 131 0.25067952275276184 10 -1 -1 
594 635 123 131 0.24975398182868958 5 -1 -1 
406 362 17 35 0.24940818548202515 1 -1 -1 
238 243 17 15 0.24786566197872162 3 -1 -1 
244 237 16 19 0.24237969517707825 10 -1 -1 
163 268 15 14 0.24002481997013092 3 -1 -1 
212 336 61 51 0.2400176227092743 5 -1 -1 
349 186 6 11 0.23983459174633026 1 -1 -1 
115 323 83 71 0.2372722029685974 7 -1 -1 
202 302 50 28 0.23476281762123108 6 -1 -1 
1248 663 41 75 0.23427772521972656 4 -1 -1 
1003 398 20 34 0.23425929248332977 1 -1 -1 
113 325 84 69 0.23420608043670654 5 -1 -1 
125 316 19 30 0.2337145060300827 1 -1 -1 
363 175 12 14 0.23309308290481567 10 -1 -1 
630 118 9 9 0.23286686837673187 7 -1 -1 
1003 398 20 34 0.23177509009838104 2 -1 -1 
1040 405 30 40 0.22237326204776764 2 -1 -1 
331 196 42 18 0.22075659036636353 5 -1 -1 
227 236 29 21 0.21580687165260315 3 -1 -1 
406 362 17 36 0.21224547922611237 10 -1 -1 
885 204 43 21 0.20564289391040802 4 -1 -1 
888 239 68 25 0.20518167316913605 4 -1 -1 
650 366 62 75 0.20497679710388184 4 -1 -1 
406 375 18 30 0.20196633040905 3 -1 -1 
351 213 47 21 0.19378572702407837 5 -1 -1 
1008 398 18 34 0.189553901553154 10 -1 -1 
1051 407 23 38 0.1866326481103897 2 -1 -1 
594 635 123 131 0.18601840734481812 9 -1 -1 
222 239 29 20 0.18475106358528137 10 -1 -1 
249 235 29 22 0.18463674187660217 10 -1 -1 
1100 417 22 30 0.18370749056339264 1 -1 -1 
1101 417 21 30 0.18188348412513733 7 -1 -1 
1096 406 23 40 0.1817072629928589 1 -1 -1 
1007 392 18 33 0.18074564635753632 10 -1 -1 
1240 411 72 37 0.17866994440555573 7 -1 -1 
650 366 62 75 0.17725300788879395 9 -1 -1 
360 220 51 22 0.17593643069267273 4 -1 -1 
210 336 62 52 0.1731736660003662 6 -1 -1 
202 284 49 46 0.17286176979541779 4 -1 -1 
594 635 123 131 0.1721351146697998 8 -1 -1 
1038 389 17 34 0.16992317140102386 1 -1 -1 
363 211 49 21 0.16659453511238098 4 -1 -1 
879 244 68 28 0.16042062640190125 4 -1 -1 
211 244 29 20 0.1572556495666504 10 -1 -1 
847 191 33 17 0.15699172019958496 5 -1 -1 
147 265 31 20 0.15608802437782288 7 -1 -1 
1046 405 26 41 0.1552744358778 1 -1 -1 
135 273 24 26 0.15015210211277008 7 -1 -1 
594 635 123 131 0.14436867833137512 2 -1 -1 
354 218 47 21 0.14327934384346008 5 -1 -1 
252 233 30 22 0.1418473720550537 3 -1 -1 
1034 413 24 33 0.13868005573749542 2 -1 -1 
406 375 18 30 0.1380603313446045 2 -1 -1 
594 635 123 131 0.13707628846168518 3 -1 -1 
311 201 45 22 0.1367177665233612 4 -1 -1 
115 323 83 71 0.13630643486976624 4 -1 -1 
361 212 51 23 0.1354152262210846 5 -1 -1 
1103 408 22 38 0.13467389345169067 2 -1 -1 
1003 388 23 29 0.13459496200084686 2 -1 -1 
326 191 46 20 0.13316716253757477 4 -1 -1 
350 220 44 22 0.1326010525226593 4 -1 -1 
1044 393 25 43 0.1320749968290329 1 -1 -1 
211 244 29 20 0.1320352405309677 3 -1 -1 
914 557 26 71 0.12679512798786163 4 -1 -1 
115 320 139 73 0.06279963254928589 6 -1 -1 
63 424 107 72 0.05753052607178688 5 -1 -1 
113 322 104 72 0.052474495023489 9 -1 -1 
