752 124 26 83 0.9086799621582031 1 -1 -1 
178 82 27 44 0.9011645317077637 1 -1 -1 
585 50 23 59 0.8745080828666687 1 -1 -1 
932 118 23 58 0.8622571229934692 1 -1 -1 
1149 466 56 113 0.8471351265907288 1 -1 -1 
392 90 25 79 0.8295317888259888 1 -1 -1 
959 104 34 83 0.8242409229278564 1 -1 -1 
971 109 27 79 0.8206747174263 1 -1 -1 
1066 137 47 91 0.8185222148895264 1 -1 -1 
733 84 27 77 0.8157523274421692 1 -1 -1 
230 56 33 75 0.8137274980545044 1 -1 -1 
9 20 38 62 0.8018210530281067 1 -1 -1 
621 43 17 52 0.7823753356933594 1 -1 -1 
1105 218 32 43 0.7413888573646545 2 -1 -1 
713 92 26 80 0.7254988551139832 1 -1 -1 
635 66 61 44 0.6950300931930542 10 -1 -1 
722 86 26 82 0.6368960738182068 1 -1 -1 
636 71 48 37 0.6221928596496582 3 -1 -1 
429 36 23 46 0.6157119870185852 10 -1 -1 
790 67 20 60 0.6122892498970032 1 -1 -1 
642 50 26 46 0.6029398441314697 2 -1 -1 
771 75 18 47 0.598987340927124 2 -1 -1 
100 2 18 37 0.5817709565162659 2 -1 -1 
51 1 23 36 0.5757643580436707 2 -1 -1 
757 79 23 41 0.5502035617828369 2 -1 -1 
99 2 18 38 0.5496277213096619 1 -1 -1 
761 78 27 44 0.5120927691459656 2 -1 -1 
1052 218 53 48 0.5014159083366394 2 -1 -1 
476 48 26 40 0.48479601740837097 10 -1 -1 
649 51 24 49 0.4756093919277191 2 -1 -1 
786 77 20 50 0.47111767530441284 1 -1 -1 
220 0 22 42 0.46864867210388184 1 -1 -1 
646 36 16 41 0.4583793580532074 1 -1 -1 
1080 139 29 82 0.4561460018157959 1 -1 -1 
40 13 30 30 0.4377443492412567 3 -1 -1 
642 50 22 45 0.43714818358421326 1 -1 -1 
1105 218 32 25 0.41222164034843445 2 -1 -1 
771 74 18 49 0.40449437499046326 1 -1 -1 
1106 218 31 24 0.397539347410202 1 -1 -1 
628 10 11 32 0.3957226872444153 1 -1 -1 
687 74 44 41 0.3890130817890167 3 -1 -1 
220 0 22 42 0.38498082756996155 2 -1 -1 
647 50 24 48 0.3633124828338623 1 -1 -1 
430 36 22 36 0.361621230840683 2 -1 -1 
724 80 30 58 0.3596307635307312 1 -1 -1 
1105 218 32 43 0.3576090931892395 1 -1 -1 
646 36 18 40 0.3540131449699402 2 -1 -1 
477 61 27 30 0.3324821889400482 10 -1 -1 
231 50 22 47 0.33157435059547424 1 -1 -1 
49 8 25 31 0.3245115280151367 3 -1 -1 
717 84 27 57 0.32345157861709595 1 -1 -1 
1053 219 57 48 0.32008096575737 1 -1 -1 
477 48 22 27 0.31595373153686523 10 -1 -1 
559 49 13 32 0.3118366301059723 1 -1 -1 
642 44 20 41 0.30842530727386475 2 -1 -1 
777 73 25 53 0.302390992641449 1 -1 -1 
647 45 23 40 0.30030763149261475 2 -1 -1 
781 77 22 50 0.28696921467781067 2 -1 -1 
775 81 21 44 0.2864450216293335 2 -1 -1 
51 1 23 36 0.2841472327709198 1 -1 -1 
755 83 21 37 0.28274908661842346 1 -1 -1 
476 61 14 30 0.2751710116863251 10 -1 -1 
52 2 16 27 0.2742656469345093 2 -1 -1 
43 12 27 31 0.27125605940818787 2 -1 -1 
40 13 30 30 0.2681884765625 10 -1 -1 
794 67 17 46 0.2638890743255615 1 -1 -1 
937 104 39 76 0.2635228931903839 1 -1 -1 
749 81 23 39 0.26054713129997253 2 -1 -1 
475 53 20 38 0.2551140785217285 10 -1 -1 
614 23 10 29 0.2548663020133972 1 -1 -1 
650 49 17 30 0.2520976662635803 2 -1 -1 
951 111 26 71 0.25179773569107056 1 -1 -1 
787 70 21 57 0.24882540106773376 2 -1 -1 
431 52 19 33 0.24795711040496826 10 -1 -1 
679 81 42 40 0.24616126716136932 3 -1 -1 
648 65 31 41 0.24600878357887268 2 -1 -1 
660 54 23 43 0.24589161574840546 2 -1 -1 
644 50 14 39 0.23973797261714935 1 -1 -1 
648 36 16 27 0.23417338728904724 2 -1 -1 
640 50 20 42 0.22915612161159515 2 -1 -1 
642 56 32 49 0.22421711683273315 1 -1 -1 
687 77 47 36 0.22271551191806793 10 -1 -1 
654 51 23 47 0.22051218152046204 1 -1 -1 
49 8 25 31 0.21634946763515472 10 -1 -1 
431 42 22 43 0.2152235060930252 2 -1 -1 
430 36 24 47 0.21398815512657166 7 -1 -1 
1067 218 69 49 0.21248476207256317 2 -1 -1 
957 97 26 70 0.21226604282855988 1 -1 -1 
678 83 21 38 0.21053075790405273 3 -1 -1 
431 36 20 21 0.20764099061489105 2 -1 -1 
650 36 15 36 0.20739100873470306 1 -1 -1 
761 78 27 44 0.19499512016773224 1 -1 -1 
652 47 21 43 0.1948959231376648 1 -1 -1 
748 81 23 39 0.1932048201560974 1 -1 -1 
227 54 20 60 0.19313554465770721 1 -1 -1 
621 43 16 51 0.19304496049880981 2 -1 -1 
724 80 30 58 0.1895589530467987 2 -1 -1 
618 50 14 45 0.18869902193546295 1 -1 -1 
59 0 122 39 0.1878376007080078 6 -1 -1 
645 49 15 33 0.18200092017650604 2 -1 -1 
624 44 20 49 0.1818171888589859 1 -1 -1 
933 112 30 70 0.18135637044906616 1 -1 -1 
50 2 39 36 0.1804446429014206 2 -1 -1 
660 54 23 43 0.1796310544013977 1 -1 -1 
663 36 17 43 0.1785966455936432 1 -1 -1 
655 36 19 42 0.17830002307891846 1 -1 -1 
716 85 22 52 0.1762477308511734 2 -1 -1 
477 46 24 34 0.17522095143795013 3 -1 -1 
623 61 12 34 0.17471231520175934 1 -1 -1 
47 0 74 39 0.174662783741951 6 -1 -1 
1341 12 14 34 0.17449496686458588 1 -1 -1 
610 11 17 42 0.1743110865354538 1 -1 -1 
635 68 48 41 0.17319683730602264 2 -1 -1 
640 51 31 53 0.17301829159259796 10 -1 -1 
693 63 29 43 0.17197003960609436 3 -1 -1 
732 80 24 44 0.17132647335529327 2 -1 -1 
47 0 68 40 0.16721652448177338 7 -1 -1 
957 97 26 70 0.16671591997146606 2 -1 -1 
782 86 19 40 0.1662152260541916 1 -1 -1 
777 69 23 49 0.1649024933576584 2 -1 -1 
559 49 12 32 0.16458715498447418 2 -1 -1 
648 65 31 41 0.1587335467338562 10 -1 -1 
645 29 17 39 0.1583457738161087 2 -1 -1 
485 61 18 27 0.1573219746351242 10 -1 -1 
635 83 36 26 0.15544264018535614 3 -1 -1 
669 54 17 40 0.1544787436723709 2 -1 -1 
431 54 16 31 0.15430966019630432 2 -1 -1 
224 -2 24 42 0.15313497185707092 1 -1 -1 
706 77 44 55 0.15209360420703888 3 -1 -1 
640 51 31 53 0.152083158493042 3 -1 -1 
477 58 27 32 0.15058687329292297 3 -1 -1 
645 23 11 25 0.15056826174259186 2 -1 -1 
680 71 57 47 0.1488824486732483 7 -1 -1 
795 63 15 35 0.14775384962558746 1 -1 -1 
697 69 39 39 0.1476990282535553 3 -1 -1 
614 43 21 49 0.1467134952545166 1 -1 -1 
752 123 27 85 0.14567455649375916 4 -1 -1 
178 82 27 44 0.1454700082540512 4 -1 -1 
231 50 22 47 0.14537958800792694 2 -1 -1 
635 71 49 38 0.14490140974521637 7 -1 -1 
650 49 16 30 0.14450892806053162 1 -1 -1 
478 57 20 27 0.14394152164459229 10 -1 -1 
789 61 19 45 0.14372684061527252 1 -1 -1 
653 38 21 45 0.14268150925636292 2 -1 -1 
774 71 21 39 0.14231881499290466 2 -1 -1 
46 4 24 35 0.1413499265909195 1 -1 -1 
660 42 19 46 0.1407330483198166 2 -1 -1 
43 12 27 31 0.13926911354064941 7 -1 -1 
373 0 21 40 0.13874965906143188 1 -1 -1 
655 50 22 40 0.13855110108852386 2 -1 -1 
50 12 35 29 0.1359933465719223 3 -1 -1 
635 70 49 39 0.13525956869125366 4 -1 -1 
59 -1 122 40 0.13470451533794403 9 -1 -1 
640 37 18 39 0.13406497240066528 1 -1 -1 
225 43 38 70 0.1335124373435974 1 -1 -1 
95 0 19 35 0.13130629062652588 2 -1 -1 
373 0 21 40 0.1299550086259842 2 -1 -1 
484 47 24 37 0.12993325293064117 10 -1 -1 
1091 214 47 49 0.1294785439968109 2 -1 -1 
40 0 71 41 0.12652844190597534 3 -1 -1 
635 66 31 42 0.1261536329984665 10 -1 -1 
706 77 44 55 0.12546734511852264 7 -1 -1 
618 6 16 38 0.12378811836242676 1 -1 -1 
706 77 44 55 0.12235324829816818 10 -1 -1 
627 6 15 37 0.1218663826584816 2 -1 -1 
50 2 39 36 0.12164255976676941 3 -1 -1 
634 73 27 35 0.12158076465129852 3 -1 -1 
629 13 19 37 0.12100659310817719 1 -1 -1 
475 49 22 41 0.1202399730682373 3 -1 -1 
683 72 60 48 0.12020329385995865 10 -1 -1 
643 25 17 42 0.11982712149620056 1 -1 -1 
648 65 31 41 0.11976584792137146 1 -1 -1 
50 2 39 36 0.11974649876356125 1 -1 -1 
224 -2 24 42 0.11670554429292679 2 -1 -1 
50 2 39 36 0.11535641551017761 10 -1 -1 
49 8 25 31 0.1150939017534256 7 -1 -1 
635 62 60 48 0.11468832939863205 1 -1 -1 
636 10 16 37 0.11439680308103561 1 -1 -1 
620 11 19 41 0.11199983209371567 1 -1 -1 
392 90 25 79 0.11170993000268936 4 -1 -1 
59 0 122 39 0.11099840700626373 7 -1 -1 
54 0 49 35 0.1089501827955246 6 -1 -1 
363 -1 28 41 0.10884250700473785 2 -1 -1 
363 -1 28 41 0.10861515998840332 1 -1 -1 
590 50 24 52 0.105905681848526 1 -1 -1 
1067 218 69 49 0.10362882912158966 1 -1 -1 
585 50 24 59 0.1027897298336029 2 -1 -1 
643 34 15 39 0.10257542133331299 2 -1 -1 
585 50 23 59 0.10214023292064667 4 -1 -1 
102 1 24 37 0.1009180024266243 2 -1 -1 
959 104 34 83 0.10067889094352722 4 -1 -1 
617 41 21 37 0.09984499961137772 1 -1 -1 
47 0 68 40 0.09946376830339432 8 -1 -1 
603 17 24 41 0.09796023368835449 1 -1 -1 
672 69 60 45 0.09777464717626572 10 -1 -1 
479 43 27 32 0.09766538441181183 10 -1 -1 
481 48 25 40 0.0972776785492897 3 -1 -1 
50 0 36 37 0.09646449238061905 7 -1 -1 
1066 138 47 90 0.09557660669088364 4 -1 -1 
1084 137 36 78 0.09524163603782654 1 -1 -1 
9 20 38 63 0.09432923048734665 4 -1 -1 
648 29 21 39 0.09263600409030914 1 -1 -1 
963 95 38 76 0.09225991368293762 1 -1 -1 
41 2 27 36 0.0916704311966896 2 -1 -1 
230 56 33 76 0.0912918895483017 4 -1 -1 
633 38 19 43 0.09012168645858765 1 -1 -1 
42 2 28 35 0.09007997810840607 3 -1 -1 
632 44 16 47 0.08999308943748474 1 -1 -1 
669 66 57 48 0.08975096046924591 3 -1 -1 
636 10 16 37 0.08929531276226044 2 -1 -1 
50 12 35 29 0.08772887289524078 10 -1 -1 
636 53 29 52 0.08677495270967484 2 -1 -1 
730 76 45 56 0.086690753698349 1 -1 -1 
609 11 17 42 0.08643989264965057 2 -1 -1 
9 20 38 63 0.08525650948286057 2 -1 -1 
640 16 18 37 0.08501376211643219 1 -1 -1 
635 50 21 47 0.08463818579912186 1 -1 -1 
971 109 27 79 0.08437430113554001 4 -1 -1 
59 -1 122 40 0.08405635505914688 4 -1 -1 
228 -1 35 43 0.08296290040016174 1 -1 -1 
48 0 68 39 0.08139540255069733 9 -1 -1 
646 18 19 46 0.08131127804517746 1 -1 -1 
642 22 17 40 0.08064279705286026 2 -1 -1 
358 2 25 37 0.08043869584798813 1 -1 -1 
696 78 41 55 0.08014286309480667 3 -1 -1 
59 0 122 39 0.07781924307346344 8 -1 -1 
40 0 71 41 0.07554197311401367 10 -1 -1 
32 1 57 44 0.07268324494361877 3 -1 -1 
636 43 46 55 0.07098939269781113 2 -1 -1 
632 50 44 56 0.06498253345489502 9 -1 -1 
623 38 49 59 0.05959221348166466 9 -1 -1 
48 0 68 39 0.057047538459300995 5 -1 -1 
59 -1 122 40 0.05576774850487709 5 -1 -1 
1173 5 160 64 0.055274613201618195 6 -1 -1 
635 41 46 59 0.054859939962625504 7 -1 -1 
1177 6 156 62 0.05339115858078003 9 -1 -1 
40 1 71 38 0.05034499242901802 1 -1 -1 
