816 13 29 33 0.9569770097732544 3 -1 -1 
678 287 25 51 0.9030063152313232 1 -1 -1 
18 44 73 53 0.8982399106025696 4 -1 -1 
689 148 42 41 0.8827329874038696 7 -1 -1 
1204 277 156 100 0.8792180418968201 4 -1 -1 
950 511 39 62 0.8676444888114929 1 -1 -1 
577 177 19 46 0.8572663068771362 1 -1 -1 
863 43 56 51 0.8456289768218994 7 -1 -1 
973 37 80 54 0.8418233394622803 4 -1 -1 
561 166 18 46 0.8343697786331177 1 -1 -1 
534 212 18 48 0.8292968273162842 1 -1 -1 
1170 324 37 48 0.8234493136405945 1 -1 -1 
212 67 23 42 0.8193314671516418 1 -1 -1 
1168 179 22 43 0.8073565363883972 1 -1 -1 
323 202 21 50 0.8047928214073181 1 -1 -1 
780 1 29 27 0.7961896657943726 10 -1 -1 
70 143 24 44 0.7960609197616577 1 -1 -1 
1207 207 36 45 0.7920622825622559 10 -1 -1 
431 205 20 46 0.7900533676147461 1 -1 -1 
1282 555 47 72 0.7847138047218323 1 -1 -1 
807 75 32 34 0.7747666835784912 10 -1 -1 
742 125 27 38 0.773740291595459 10 -1 -1 
395 150 19 49 0.7722733616828918 1 -1 -1 
1217 326 36 50 0.7720569968223572 1 -1 -1 
776 114 33 29 0.7711402177810669 10 -1 -1 
822 67 30 33 0.7711354494094849 10 -1 -1 
658 56 102 57 0.7542172074317932 4 -1 -1 
279 115 22 47 0.7521364092826843 1 -1 -1 
783 175 30 37 0.7431520819664001 10 -1 -1 
536 161 17 42 0.7366961240768433 1 -1 -1 
604 171 16 44 0.7354397177696228 1 -1 -1 
292 191 20 45 0.7325541377067566 1 -1 -1 
92 128 22 47 0.727581262588501 1 -1 -1 
636 99 94 52 0.7247831225395203 4 -1 -1 
221 148 14 31 0.7230982184410095 1 -1 -1 
1250 352 32 51 0.7223585844039917 1 -1 -1 
632 223 56 37 0.7180818319320679 10 -1 -1 
1215 301 30 51 0.7175689339637756 1 -1 -1 
39 105 26 46 0.7144222259521484 1 -1 -1 
332 126 17 45 0.7104528546333313 1 -1 -1 
645 214 23 36 0.7094814777374268 2 -1 -1 
1066 584 39 43 0.7084704041481018 2 -1 -1 
759 49 15 39 0.7057417035102844 1 -1 -1 
692 10 50 39 0.7035024762153625 8 -1 -1 
623 57 13 41 0.702895998954773 1 -1 -1 
933 407 56 52 0.6984702348709106 10 -1 -1 
376 135 21 43 0.6978097558021545 1 -1 -1 
492 207 20 28 0.6753711700439453 2 -1 -1 
110 150 23 52 0.6646318435668945 1 -1 -1 
1067 268 94 67 0.6639060974121094 4 -1 -1 
1133 695 35 47 0.6595600843429565 2 -1 -1 
1016 596 31 43 0.6573005318641663 2 -1 -1 
644 48 15 44 0.6570748686790466 1 -1 -1 
633 221 56 39 0.657047688961029 7 -1 -1 
1277 384 38 48 0.6528952121734619 2 -1 -1 
790 162 19 35 0.6494563221931458 2 -1 -1 
535 72 11 26 0.6479132771492004 2 -1 -1 
1082 212 99 73 0.6451411843299866 9 -1 -1 
1294 469 31 55 0.6432327032089233 10 -1 -1 
118 128 102 66 0.6411901116371155 4 -1 -1 
116 152 25 50 0.6259125471115112 1 -1 -1 
853 0 77 54 0.6232972741127014 5 -1 -1 
1232 687 41 44 0.6177332997322083 2 -1 -1 
122 91 24 44 0.6160383224487305 1 -1 -1 
775 44 35 25 0.6148011088371277 3 -1 -1 
316 99 19 49 0.613511323928833 1 -1 -1 
499 202 42 34 0.608154833316803 10 -1 -1 
263 135 21 44 0.6063128709793091 1 -1 -1 
119 152 34 49 0.6017711758613586 1 -1 -1 
1274 206 85 59 0.5987054109573364 4 -1 -1 
765 50 32 28 0.5984663963317871 10 -1 -1 
523 120 125 62 0.5976449847221375 4 -1 -1 
495 130 18 44 0.5935925245285034 1 -1 -1 
296 105 18 46 0.5912829637527466 1 -1 -1 
310 101 18 47 0.5858163833618164 1 -1 -1 
1020 461 33 55 0.5844936370849609 1 -1 -1 
232 134 18 44 0.583265483379364 1 -1 -1 
256 103 13 38 0.5803960561752319 1 -1 -1 
120 103 20 41 0.579728901386261 1 -1 -1 
337 97 19 42 0.578971266746521 1 -1 -1 
1139 391 34 33 0.5588333606719971 2 -1 -1 
121 87 19 40 0.5556737184524536 1 -1 -1 
67 103 20 43 0.5520116090774536 10 -1 -1 
103 145 18 51 0.5512920022010803 1 -1 -1 
991 416 29 48 0.5495579242706299 2 -1 -1 
980 429 41 47 0.5472191572189331 10 -1 -1 
495 159 17 33 0.5448882579803467 3 -1 -1 
509 84 14 25 0.5438999533653259 2 -1 -1 
1211 407 28 36 0.5412033200263977 2 -1 -1 
209 91 20 31 0.5408993363380432 1 -1 -1 
1013 442 30 39 0.5403460264205933 2 -1 -1 
1164 599 47 75 0.5391190052032471 2 -1 -1 
237 73 20 44 0.5384539365768433 1 -1 -1 
605 49 14 42 0.536303699016571 1 -1 -1 
1158 493 40 35 0.521780788898468 2 -1 -1 
307 141 16 40 0.5201057195663452 1 -1 -1 
718 32 45 36 0.5195574164390564 7 -1 -1 
587 52 16 43 0.5186271071434021 1 -1 -1 
1209 675 39 32 0.516399621963501 2 -1 -1 
483 93 14 25 0.5062286853790283 2 -1 -1 
1102 678 33 44 0.5059931874275208 2 -1 -1 
262 134 21 42 0.5028933882713318 2 -1 -1 
339 127 19 45 0.5014123916625977 1 -1 -1 
1102 678 33 44 0.4946787655353546 10 -1 -1 
335 178 26 42 0.49436402320861816 10 -1 -1 
390 129 13 32 0.4935217797756195 1 -1 -1 
1036 491 40 59 0.48864176869392395 1 -1 -1 
588 37 18 37 0.488624632358551 1 -1 -1 
523 120 127 62 0.4883342683315277 5 -1 -1 
218 132 17 47 0.4863434135913849 1 -1 -1 
133 0 18 27 0.48602157831192017 10 -1 -1 
322 97 18 47 0.48356059193611145 1 -1 -1 
1117 569 37 47 0.4803495705127716 2 -1 -1 
165 86 31 34 0.48033851385116577 10 -1 -1 
1021 514 33 41 0.47864630818367004 2 -1 -1 
1235 236 29 44 0.473319947719574 10 -1 -1 
1163 598 42 44 0.4727027714252472 2 -1 -1 
966 365 33 43 0.47058749198913574 10 -1 -1 
889 0 72 36 0.46919742226600647 5 -1 -1 
278 101 11 28 0.4678233563899994 1 -1 -1 
494 147 18 45 0.46597298979759216 1 -1 -1 
771 46 36 26 0.463936984539032 10 -1 -1 
47 108 29 42 0.4631481468677521 1 -1 -1 
716 148 15 26 0.46050456166267395 2 -1 -1 
299 166 22 30 0.45999789237976074 2 -1 -1 
582 164 17 42 0.45789170265197754 1 -1 -1 
226 146 15 34 0.4534325897693634 1 -1 -1 
1020 461 33 53 0.4517700970172882 2 -1 -1 
1134 695 33 47 0.4510865807533264 1 -1 -1 
1260 701 36 37 0.4510667324066162 2 -1 -1 
761 20 32 31 0.4487959146499634 10 -1 -1 
703 148 29 35 0.4486602544784546 2 -1 -1 
1226 300 20 45 0.4470894932746887 1 -1 -1 
474 210 14 28 0.44544047117233276 2 -1 -1 
303 103 21 46 0.4453340172767639 1 -1 -1 
968 363 24 41 0.4437849521636963 2 -1 -1 
1042 492 35 41 0.4412590563297272 2 -1 -1 
1284 714 35 41 0.43868401646614075 2 -1 -1 
300 131 22 49 0.43765491247177124 1 -1 -1 
1186 545 64 67 0.4373781383037567 10 -1 -1 
236 72 11 30 0.43520545959472656 1 -1 -1 
649 148 15 39 0.4331004023551941 1 -1 -1 
616 56 15 40 0.43258434534072876 1 -1 -1 
852 0 79 53 0.4321438670158386 4 -1 -1 
510 198 31 33 0.43195387721061707 10 -1 -1 
255 91 12 31 0.427227646112442 1 -1 -1 
266 112 15 29 0.4270443916320801 1 -1 -1 
579 119 71 65 0.42693063616752625 4 -1 -1 
172 86 29 38 0.4261249005794525 10 -1 -1 
1106 449 42 40 0.425037145614624 10 -1 -1 
495 129 17 46 0.4250298738479614 2 -1 -1 
1312 397 42 39 0.42417117953300476 2 -1 -1 
232 46 20 24 0.4220695495605469 2 -1 -1 
494 147 17 40 0.41711151599884033 2 -1 -1 
965 377 35 39 0.4157206416130066 10 -1 -1 
287 163 19 33 0.41521841287612915 2 -1 -1 
164 85 13 26 0.4148288667201996 2 -1 -1 
548 69 17 31 0.4134252071380615 10 -1 -1 
1214 544 34 57 0.41332900524139404 1 -1 -1 
1201 650 33 34 0.4068695306777954 2 -1 -1 
612 41 15 38 0.40644335746765137 1 -1 -1 
128 97 20 40 0.4059790074825287 1 -1 -1 
606 64 16 38 0.405426949262619 1 -1 -1 
728 32 43 31 0.4034946858882904 7 -1 -1 
290 80 16 39 0.40261849761009216 1 -1 -1 
210 91 19 32 0.40114620327949524 2 -1 -1 
646 169 19 36 0.40002357959747314 2 -1 -1 
326 96 21 44 0.3993300497531891 1 -1 -1 
863 42 55 51 0.39910295605659485 8 -1 -1 
280 80 11 31 0.39627450704574585 1 -1 -1 
1188 564 43 43 0.3947923481464386 2 -1 -1 
328 183 30 37 0.39329078793525696 7 -1 -1 
742 18 37 28 0.3910495936870575 10 -1 -1 
968 512 20 62 0.39092355966567993 1 -1 -1 
758 117 29 29 0.3871863782405853 10 -1 -1 
990 416 30 49 0.3866955637931824 1 -1 -1 
1009 543 54 68 0.385997474193573 10 -1 -1 
642 100 21 46 0.3815687894821167 1 -1 -1 
285 165 35 31 0.37892284989356995 10 -1 -1 
287 107 21 53 0.3675396740436554 1 -1 -1 
279 162 33 33 0.35291460156440735 10 -1 -1 
298 122 20 46 0.34257081151008606 1 -1 -1 
638 98 92 53 0.3338830769062042 5 -1 -1 
338 168 25 45 0.33129310607910156 10 -1 -1 
1159 550 75 63 0.3299418091773987 10 -1 -1 
380 131 22 45 0.325707346200943 1 -1 -1 
659 56 101 57 0.3050750494003296 5 -1 -1 
388 127 17 45 0.30128172039985657 1 -1 -1 
1164 427 75 45 0.28872421383857727 10 -1 -1 
1229 700 83 54 0.2870437502861023 10 -1 -1 
1273 205 86 60 0.28464117646217346 5 -1 -1 
861 0 91 43 0.2843875586986542 5 -1 -1 
579 119 71 65 0.2815453112125397 5 -1 -1 
638 98 92 53 0.2682366371154785 8 -1 -1 
1157 476 57 55 0.2659739851951599 10 -1 -1 
277 103 20 43 0.2651546597480774 1 -1 -1 
334 84 22 47 0.2648124098777771 1 -1 -1 
1143 548 49 66 0.26445844769477844 10 -1 -1 
1164 599 47 75 0.2531760036945343 1 -1 -1 
972 37 81 54 0.2500687837600708 5 -1 -1 
272 114 23 47 0.2499905824661255 1 -1 -1 
123 129 98 62 0.24980881810188293 5 -1 -1 
340 169 23 43 0.24805420637130737 2 -1 -1 
691 26 72 43 0.24056226015090942 7 -1 -1 
330 98 23 50 0.23925405740737915 1 -1 -1 
690 25 71 44 0.2391158789396286 8 -1 -1 
289 81 19 52 0.2386704683303833 1 -1 -1 
221 64 21 39 0.23505043983459473 1 -1 -1 
638 98 92 53 0.23133546113967896 6 -1 -1 
1158 437 63 54 0.22586382925510406 10 -1 -1 
262 103 20 39 0.22279055416584015 1 -1 -1 
281 104 21 50 0.22103016078472137 1 -1 -1 
269 102 21 40 0.22083215415477753 1 -1 -1 
1248 707 71 55 0.20952290296554565 10 -1 -1 
972 38 81 53 0.20894931256771088 6 -1 -1 
1166 566 63 71 0.20494824647903442 10 -1 -1 
298 107 24 53 0.20353549718856812 1 -1 -1 
1018 494 59 61 0.20264029502868652 10 -1 -1 
1214 691 87 53 0.20240415632724762 10 -1 -1 
638 98 92 53 0.20210501551628113 7 -1 -1 
376 135 21 43 0.1985253542661667 2 -1 -1 
1164 611 70 70 0.19834288954734802 2 -1 -1 
691 9 73 51 0.1981893926858902 8 -1 -1 
288 165 33 33 0.1980600357055664 1 -1 -1 
268 111 22 43 0.1958615779876709 1 -1 -1 
1112 556 66 67 0.19537363946437836 10 -1 -1 
255 90 20 41 0.19277650117874146 1 -1 -1 
1203 278 155 99 0.19011490046977997 5 -1 -1 
1158 446 54 68 0.18837082386016846 10 -1 -1 
279 162 33 33 0.1882532835006714 2 -1 -1 
292 190 20 46 0.18754646182060242 2 -1 -1 
326 182 23 37 0.1847347915172577 10 -1 -1 
1180 653 142 108 0.18466661870479584 10 -1 -1 
1162 603 64 77 0.18332400918006897 10 -1 -1 
0 83 63 68 0.17887437343597412 7 -1 -1 
280 81 18 40 0.17866621911525726 1 -1 -1 
321 86 23 45 0.17758101224899292 1 -1 -1 
327 170 33 42 0.17725823819637299 10 -1 -1 
978 416 52 63 0.17504307627677917 10 -1 -1 
1181 417 69 52 0.17477771639823914 10 -1 -1 
303 72 21 41 0.17393039166927338 1 -1 -1 
297 75 20 43 0.17344246804714203 1 -1 -1 
0 82 55 70 0.17295773327350616 6 -1 -1 
227 68 22 37 0.17288072407245636 1 -1 -1 
189 98 27 32 0.17232750356197357 2 -1 -1 
0 83 63 68 0.17119450867176056 8 -1 -1 
1015 506 53 74 0.17015254497528076 10 -1 -1 
325 184 18 45 0.16978782415390015 1 -1 -1 
1274 370 48 65 0.16898591816425323 2 -1 -1 
696 12 87 49 0.1676836609840393 7 -1 -1 
1089 347 68 79 0.16765019297599792 8 -1 -1 
332 173 29 44 0.1672406792640686 2 -1 -1 
283 164 26 33 0.16708387434482574 1 -1 -1 
342 145 20 43 0.16615410149097443 1 -1 -1 
288 98 20 44 0.1654389649629593 1 -1 -1 
1160 590 65 54 0.1647532433271408 10 -1 -1 
861 0 91 43 0.16461214423179626 4 -1 -1 
260 94 23 38 0.16371484100818634 1 -1 -1 
345 133 21 46 0.1600906252861023 1 -1 -1 
337 107 21 49 0.1600637286901474 1 -1 -1 
994 608 68 53 0.1597544252872467 3 -1 -1 
295 81 20 48 0.15927451848983765 1 -1 -1 
338 178 23 42 0.15712040662765503 3 -1 -1 
310 93 21 45 0.15558664500713348 1 -1 -1 
277 92 25 42 0.1552322953939438 1 -1 -1 
1160 588 55 65 0.1543138176202774 2 -1 -1 
1163 635 73 48 0.15430209040641785 10 -1 -1 
885 0 77 36 0.15409404039382935 4 -1 -1 
291 170 30 33 0.15402176976203918 10 -1 -1 
271 158 32 36 0.15344250202178955 3 -1 -1 
1260 710 61 53 0.15022504329681396 2 -1 -1 
304 91 21 47 0.1501760631799698 1 -1 -1 
1173 648 68 50 0.15009529888629913 2 -1 -1 
267 155 29 37 0.1500491052865982 10 -1 -1 
18 44 74 54 0.1492169350385666 5 -1 -1 
274 100 19 36 0.14902889728546143 1 -1 -1 
331 169 31 46 0.14697086811065674 3 -1 -1 
189 100 33 31 0.14512917399406433 10 -1 -1 
1165 604 69 76 0.14467620849609375 1 -1 -1 
316 84 21 47 0.14416570961475372 1 -1 -1 
1193 543 56 64 0.1424199640750885 2 -1 -1 
1204 276 157 101 0.09188394248485565 10 -1 -1 
1204 276 157 101 0.07692784816026688 1 -1 -1 
1204 277 156 100 0.07221432030200958 7 -1 -1 
1186 653 136 107 0.06966875493526459 7 -1 -1 
1186 655 137 104 0.06278961896896362 3 -1 -1 
1204 277 156 100 0.058345943689346313 8 -1 -1 
1180 665 141 100 0.05663356930017471 9 -1 -1 
1203 277 156 100 0.05653347074985504 6 -1 -1 
1202 278 156 99 0.055342692881822586 9 -1 -1 
