363 355 79 70 0.9989767074584961 9 -1 -1 
589 221 20 22 0.9987016916275024 9 -1 -1 
648 224 17 24 0.9986011385917664 9 -1 -1 
627 266 25 34 0.9968760013580322 9 -1 -1 
699 317 32 41 0.9964622855186462 9 -1 -1 
720 236 17 23 0.9953528642654419 9 -1 -1 
123 559 85 66 0.946048378944397 4 -1 -1 
873 608 40 21 0.9401759505271912 3 -1 -1 
712 420 31 33 0.9400595426559448 4 -1 -1 
438 391 41 32 0.9377468824386597 4 -1 -1 
743 480 41 40 0.9304867386817932 4 -1 -1 
584 637 59 74 0.9295238852500916 4 -1 -1 
675 454 36 35 0.9267988801002502 4 -1 -1 
624 453 36 36 0.9097960591316223 4 -1 -1 
888 647 43 29 0.8988938927650452 3 -1 -1 
595 515 43 43 0.8915926218032837 4 -1 -1 
710 280 14 14 0.8915303349494934 4 -1 -1 
255 473 57 45 0.8858924508094788 4 -1 -1 
973 414 49 43 0.8769077062606812 4 -1 -1 
706 269 14 13 0.876196563243866 4 -1 -1 
723 356 23 24 0.868695080280304 4 -1 -1 
246 547 18 29 0.8662457466125488 3 -1 -1 
720 383 25 25 0.8578003644943237 4 -1 -1 
627 418 32 33 0.8565853238105774 4 -1 -1 
929 451 11 29 0.8538746237754822 1 -1 -1 
305 423 10 29 0.853251576423645 1 -1 -1 
680 351 23 21 0.8456811308860779 4 -1 -1 
963 436 9 32 0.8365766406059265 1 -1 -1 
1069 459 11 30 0.8254071474075317 1 -1 -1 
639 360 25 23 0.8211500644683838 4 -1 -1 
679 573 48 58 0.818823516368866 4 -1 -1 
996 388 38 31 0.8160094618797302 4 -1 -1 
934 372 9 24 0.815693736076355 1 -1 -1 
1107 529 17 39 0.8119770288467407 1 -1 -1 
754 593 53 62 0.8036648035049438 4 -1 -1 
338 397 8 25 0.8034323453903198 1 -1 -1 
947 488 14 37 0.8033196330070496 1 -1 -1 
955 385 37 31 0.8021498322486877 4 -1 -1 
645 253 13 12 0.8005130290985107 4 -1 -1 
75 561 36 25 0.7985302209854126 3 -1 -1 
719 264 13 12 0.796973466873169 4 -1 -1 
678 373 25 26 0.7963482141494751 4 -1 -1 
672 699 64 64 0.7877463698387146 4 -1 -1 
1296 644 18 45 0.7834542393684387 1 -1 -1 
482 341 26 22 0.7830380797386169 4 -1 -1 
820 465 11 32 0.7827561497688293 1 -1 -1 
199 507 68 54 0.7809054851531982 4 -1 -1 
668 275 14 12 0.7791928648948669 4 -1 -1 
953 440 10 27 0.7748634219169617 1 -1 -1 
635 382 28 25 0.7738567590713501 4 -1 -1 
939 453 10 29 0.771163821220398 1 -1 -1 
326 507 18 28 0.7655922174453735 10 -1 -1 
705 260 12 11 0.7647828459739685 4 -1 -1 
1069 652 22 42 0.7629266977310181 3 -1 -1 
1031 416 9 25 0.762336254119873 1 -1 -1 
95 542 30 21 0.7558976411819458 3 -1 -1 
720 236 16 15 0.7553316354751587 9 -1 -1 
828 313 8 24 0.754866898059845 1 -1 -1 
688 277 14 12 0.7458789348602295 4 -1 -1 
883 584 40 26 0.7447425723075867 3 -1 -1 
942 374 8 24 0.7412641644477844 1 -1 -1 
1080 462 10 29 0.7389072775840759 1 -1 -1 
327 499 15 27 0.7366616129875183 2 -1 -1 
874 615 38 19 0.7344628572463989 3 -1 -1 
830 467 11 29 0.7290887236595154 1 -1 -1 
685 285 15 14 0.7250382900238037 4 -1 -1 
648 340 22 21 0.7240263819694519 4 -1 -1 
888 483 10 26 0.7218592762947083 1 -1 -1 
956 466 10 28 0.7182754874229431 1 -1 -1 
666 264 13 11 0.7180893421173096 4 -1 -1 
667 253 13 11 0.7113122940063477 4 -1 -1 
55 508 21 33 0.7088927626609802 1 -1 -1 
935 399 10 23 0.7059350609779358 1 -1 -1 
893 363 9 20 0.6952461004257202 1 -1 -1 
505 282 22 17 0.6924088597297668 4 -1 -1 
947 421 10 27 0.6910437941551208 1 -1 -1 
1018 576 17 26 0.6892341375350952 2 -1 -1 
648 246 11 10 0.6888712048530579 4 -1 -1 
641 263 13 13 0.6860221028327942 4 -1 -1 
1127 631 20 33 0.6851463913917542 2 -1 -1 
597 207 13 9 0.6841540932655334 4 -1 -1 
765 358 11 13 0.6827883720397949 3 -1 -1 
912 547 15 35 0.6790137887001038 1 -1 -1 
319 411 9 27 0.6762365698814392 1 -1 -1 
844 297 8 20 0.6743088960647583 1 -1 -1 
665 295 7 19 0.6730934977531433 1 -1 -1 
349 392 8 22 0.6689141988754272 1 -1 -1 
655 220 8 14 0.6679581999778748 9 -1 -1 
664 267 14 11 0.6677367091178894 4 -1 -1 
749 280 34 13 0.6667197346687317 4 -1 -1 
1017 582 18 35 0.6616402268409729 10 -1 -1 
663 281 13 12 0.6613257527351379 4 -1 -1 
246 534 17 33 0.6530237197875977 2 -1 -1 
191 485 13 34 0.6490169167518616 1 -1 -1 
981 513 13 26 0.6463568210601807 2 -1 -1 
663 289 15 13 0.6411011815071106 4 -1 -1 
686 268 13 12 0.6385636925697327 4 -1 -1 
753 291 44 18 0.6311809420585632 5 -1 -1 
665 277 14 12 0.6253043413162231 4 -1 -1 
686 250 11 8 0.6222342252731323 4 -1 -1 
292 421 11 27 0.6220744252204895 1 -1 -1 
960 411 10 24 0.6191496849060059 1 -1 -1 
647 249 12 10 0.6174169182777405 4 -1 -1 
687 294 18 17 0.6164649128913879 4 -1 -1 
1072 643 20 38 0.6123512983322144 2 -1 -1 
106 499 12 31 0.6120436191558838 1 -1 -1 
663 270 13 11 0.6072401404380798 4 -1 -1 
670 246 10 9 0.6072385907173157 4 -1 -1 
862 369 10 25 0.6030737161636353 1 -1 -1 
703 255 13 12 0.5999631285667419 4 -1 -1 
998 488 17 30 0.5932466983795166 10 -1 -1 
789 272 5 16 0.5923071503639221 1 -1 -1 
886 637 38 25 0.5918759703636169 3 -1 -1 
1124 640 21 38 0.591591477394104 3 -1 -1 
663 282 14 17 0.5865429043769836 4 -1 -1 
686 242 10 9 0.5845019221305847 4 -1 -1 
781 413 8 25 0.5839602947235107 1 -1 -1 
703 241 11 11 0.5839199423789978 4 -1 -1 
666 274 14 10 0.5810827612876892 4 -1 -1 
849 269 7 19 0.5809674263000488 1 -1 -1 
686 260 12 10 0.578292727470398 4 -1 -1 
347 394 8 22 0.5780013799667358 1 -1 -1 
904 481 11 33 0.5778993368148804 1 -1 -1 
686 279 15 13 0.5751766562461853 4 -1 -1 
981 522 12 24 0.5707849860191345 10 -1 -1 
835 291 8 22 0.5701606273651123 1 -1 -1 
672 195 8 7 0.5656593441963196 4 -1 -1 
1022 415 11 24 0.5653069615364075 1 -1 -1 
671 236 10 9 0.5647271275520325 4 -1 -1 
720 256 10 9 0.5623346567153931 4 -1 -1 
852 297 7 19 0.5586255192756653 1 -1 -1 
704 297 7 18 0.5583223700523376 1 -1 -1 
230 476 12 28 0.5578876733779907 1 -1 -1 
343 385 7 20 0.5545198917388916 1 -1 -1 
886 569 35 23 0.554397463798523 3 -1 -1 
903 481 8 24 0.5535745024681091 1 -1 -1 
812 460 11 30 0.5533748865127563 1 -1 -1 
824 454 10 30 0.5531412959098816 1 -1 -1 
952 410 8 22 0.5500730276107788 1 -1 -1 
747 273 34 13 0.5475388765335083 5 -1 -1 
686 271 14 11 0.5459385514259338 4 -1 -1 
638 301 9 18 0.5365898609161377 1 -1 -1 
804 451 11 29 0.5316239595413208 1 -1 -1 
1028 416 10 24 0.5301191806793213 1 -1 -1 
686 229 11 9 0.529615044593811 4 -1 -1 
94 543 43 25 0.5243076682090759 3 -1 -1 
668 251 12 9 0.5226593613624573 4 -1 -1 
838 470 10 30 0.521902322769165 1 -1 -1 
1020 399 10 25 0.5207436084747314 1 -1 -1 
708 247 12 11 0.519425630569458 4 -1 -1 
796 285 6 16 0.5143303275108337 1 -1 -1 
657 221 9 12 0.5127652883529663 9 -1 -1 
840 469 11 31 0.5111116170883179 1 -1 -1 
579 212 9 9 0.5101518630981445 4 -1 -1 
256 447 9 25 0.5097478628158569 1 -1 -1 
882 560 38 30 0.5079435110092163 3 -1 -1 
346 394 6 22 0.5066272616386414 1 -1 -1 
593 290 9 18 0.5064375996589661 1 -1 -1 
363 355 79 70 0.5040931701660156 4 -1 -1 
174 514 15 30 0.5035178065299988 1 -1 -1 
671 229 10 9 0.5033724904060364 4 -1 -1 
687 226 10 10 0.5011700391769409 4 -1 -1 
273 435 13 24 0.49877041578292847 2 -1 -1 
1002 487 12 23 0.49865204095840454 2 -1 -1 
646 251 12 11 0.4939884841442108 4 -1 -1 
671 232 10 9 0.4930756986141205 4 -1 -1 
618 205 14 11 0.4913133680820465 6 -1 -1 
217 464 11 30 0.48770806193351746 1 -1 -1 
686 252 11 9 0.4868161678314209 4 -1 -1 
204 490 12 23 0.48660174012184143 2 -1 -1 
835 468 10 30 0.48597246408462524 1 -1 -1 
753 269 31 12 0.4843137264251709 4 -1 -1 
1125 638 23 40 0.4832971394062042 10 -1 -1 
654 191 7 7 0.4824768602848053 4 -1 -1 
830 253 6 16 0.4823850691318512 1 -1 -1 
670 238 10 9 0.48206910490989685 4 -1 -1 
846 540 27 18 0.4790278971195221 3 -1 -1 
200 500 19 27 0.4770493805408478 3 -1 -1 
524 293 7 17 0.4762466251850128 1 -1 -1 
842 531 26 23 0.4759335219860077 3 -1 -1 
670 242 10 11 0.4753453731536865 4 -1 -1 
0 547 76 116 0.3996260464191437 8 -1 -1 
851 557 36 30 0.3842659890651703 10 -1 -1 
363 355 79 70 0.36855506896972656 1 -1 -1 
844 530 36 27 0.36448076367378235 3 -1 -1 
363 355 79 70 0.36343851685523987 10 -1 -1 
363 355 79 70 0.3587421476840973 5 -1 -1 
89 554 34 28 0.3480585217475891 3 -1 -1 
851 553 38 25 0.3443634510040283 3 -1 -1 
0 549 77 112 0.3373033106327057 9 -1 -1 
363 355 79 70 0.31974104046821594 3 -1 -1 
362 352 81 73 0.3125709891319275 2 -1 -1 
119 532 33 29 0.3107174336910248 3 -1 -1 
363 355 79 70 0.30707457661628723 7 -1 -1 
878 555 41 28 0.3018226623535156 3 -1 -1 
754 292 43 17 0.300228476524353 4 -1 -1 
363 355 79 70 0.29775622487068176 6 -1 -1 
0 551 75 113 0.29519233107566833 6 -1 -1 
96 536 48 29 0.2879526913166046 3 -1 -1 
849 542 37 28 0.2760518491268158 3 -1 -1 
851 557 36 30 0.27276289463043213 7 -1 -1 
363 355 79 70 0.26475489139556885 8 -1 -1 
846 537 37 25 0.2643313705921173 3 -1 -1 
851 555 36 31 0.26246845722198486 8 -1 -1 
0 549 77 112 0.26062870025634766 5 -1 -1 
1071 642 21 39 0.2547595500946045 1 -1 -1 
0 551 77 111 0.24921420216560364 4 -1 -1 
94 541 49 26 0.2480517476797104 7 -1 -1 
1016 376 33 31 0.23896923661231995 4 -1 -1 
1069 652 22 42 0.23648369312286377 10 -1 -1 
882 560 38 30 0.2321426421403885 7 -1 -1 
851 557 36 30 0.23166005313396454 3 -1 -1 
198 507 70 54 0.22778329253196716 5 -1 -1 
883 564 38 28 0.2198595255613327 10 -1 -1 
1069 650 22 44 0.2154238522052765 2 -1 -1 
874 558 34 30 0.20853348076343536 3 -1 -1 
746 272 39 18 0.20351958274841309 4 -1 -1 
999 383 43 31 0.1996675282716751 4 -1 -1 
1126 630 22 35 0.19866934418678284 1 -1 -1 
879 557 41 30 0.19493013620376587 10 -1 -1 
955 385 37 31 0.19452399015426636 5 -1 -1 
97 556 31 30 0.18485352396965027 3 -1 -1 
882 559 38 30 0.18055595457553864 8 -1 -1 
799 436 19 41 0.17973633110523224 1 -1 -1 
973 414 49 43 0.17453567683696747 5 -1 -1 
857 558 42 30 0.16980211436748505 3 -1 -1 
94 539 49 27 0.16848433017730713 8 -1 -1 
138 493 15 41 0.16645467281341553 1 -1 -1 
83 560 40 26 0.15434890985488892 3 -1 -1 
996 388 38 31 0.1510481983423233 5 -1 -1 
190 484 20 41 0.1501016914844513 1 -1 -1 
844 546 32 31 0.14450900256633759 3 -1 -1 
1125 638 23 40 0.14327199757099152 7 -1 -1 
256 479 28 39 0.14324165880680084 4 -1 -1 
200 507 68 53 0.1399829089641571 7 -1 -1 
1025 373 29 35 0.13432368636131287 4 -1 -1 
906 544 23 38 0.131737619638443 1 -1 -1 
1126 631 22 38 0.13139578700065613 3 -1 -1 
584 637 59 74 0.1293051838874817 5 -1 -1 
98 545 35 32 0.12905415892601013 3 -1 -1 
671 699 64 64 0.12853001058101654 5 -1 -1 
748 287 41 16 0.12793175876140594 5 -1 -1 
95 538 49 28 0.12696896493434906 10 -1 -1 
1 549 75 114 0.1262902468442917 7 -1 -1 
245 533 19 39 0.12613266706466675 1 -1 -1 
748 270 43 18 0.1261008083820343 5 -1 -1 
1125 636 23 42 0.12558938562870026 1 -1 -1 
200 507 68 53 0.1241242066025734 6 -1 -1 
1069 650 23 44 0.12410491704940796 1 -1 -1 
107 533 42 29 0.12282582372426987 10 -1 -1 
101 490 18 41 0.12268513441085815 1 -1 -1 
843 530 38 28 0.12264032661914825 10 -1 -1 
243 519 23 46 0.11956124007701874 2 -1 -1 
851 544 35 27 0.1193215399980545 10 -1 -1 
747 277 40 18 0.11930568516254425 5 -1 -1 
193 491 24 39 0.11881444603204727 1 -1 -1 
171 516 20 42 0.11870337277650833 3 -1 -1 
846 552 33 33 0.11820172518491745 10 -1 -1 
1016 578 20 39 0.11818765103816986 2 -1 -1 
672 699 64 64 0.11670386046171188 1 -1 -1 
82 551 37 26 0.11446986347436905 3 -1 -1 
1071 642 21 39 0.11388010531663895 3 -1 -1 
123 559 84 66 0.11346019804477692 1 -1 -1 
841 537 29 33 0.11167299002408981 3 -1 -1 
838 526 28 32 0.10992784798145294 3 -1 -1 
584 637 59 74 0.10737361013889313 1 -1 -1 
75 562 37 24 0.10687842220067978 1 -1 -1 
124 559 83 65 0.10557616502046585 6 -1 -1 
1 549 75 114 0.10548526793718338 3 -1 -1 
172 515 18 42 0.10504136979579926 1 -1 -1 
847 541 37 22 0.10483258962631226 10 -1 -1 
646 329 26 34 0.10463715344667435 4 -1 -1 
196 496 24 38 0.10346771776676178 3 -1 -1 
754 292 43 17 0.10283694416284561 6 -1 -1 
106 531 41 25 0.10117059201002121 3 -1 -1 
627 266 25 35 0.10053098946809769 4 -1 -1 
1071 642 21 39 0.10013087838888168 10 -1 -1 
123 559 84 66 0.0997147485613823 5 -1 -1 
1016 376 33 31 0.09816953539848328 5 -1 -1 
1069 651 22 43 0.09768500924110413 7 -1 -1 
859 532 30 37 0.09765592217445374 3 -1 -1 
125 528 32 29 0.09643635898828506 3 -1 -1 
124 559 83 66 0.09618952870368958 7 -1 -1 
672 699 63 64 0.09574690461158752 10 -1 -1 
119 531 33 29 0.09501855820417404 10 -1 -1 
896 550 30 33 0.09453711658716202 1 -1 -1 
892 558 33 33 0.09437093883752823 1 -1 -1 
908 548 20 37 0.09426902234554291 2 -1 -1 
1124 637 23 41 0.09300453215837479 8 -1 -1 
92 544 38 27 0.09208118915557861 7 -1 -1 
853 550 35 27 0.09091344475746155 10 -1 -1 
244 541 20 36 0.0906248390674591 10 -1 -1 
0 585 68 81 0.09042596071958542 9 -1 -1 
115 540 36 29 0.0886995792388916 3 -1 -1 
745 267 40 19 0.08783518522977829 4 -1 -1 
1111 528 18 41 0.08761187642812729 1 -1 -1 
199 507 68 54 0.06053405627608299 9 -1 -1 
385 359 66 70 0.05856931954622269 9 -1 -1 
199 507 68 54 0.056763917207717896 1 -1 -1 
