514 210 48 30 0.952350914478302 8 -1 -1 
485 206 22 32 0.9523267149925232 8 -1 -1 
322 201 26 37 0.9495031833648682 5 -1 -1 
580 426 69 74 0.9019337296485901 4 -1 -1 
572 363 65 56 0.8972833752632141 4 -1 -1 
385 247 36 33 0.8802580833435059 4 -1 -1 
425 192 30 27 0.8783583045005798 4 -1 -1 
286 243 89 32 0.8734855651855469 4 -1 -1 
610 177 39 25 0.8423661589622498 7 -1 -1 
386 96 11 10 0.8401178121566772 4 -1 -1 
175 214 10 26 0.8201305866241455 1 -1 -1 
401 295 45 48 0.8101341724395752 4 -1 -1 
428 416 45 97 0.8052725791931152 8 -1 -1 
349 127 16 14 0.7947529554367065 4 -1 -1 
636 213 55 32 0.791354238986969 8 -1 -1 
296 227 45 25 0.7745468616485596 8 -1 -1 
555 220 8 25 0.7715334296226501 1 -1 -1 
432 102 7 11 0.7487655878067017 8 -1 -1 
562 217 9 24 0.7378950715065002 1 -1 -1 
461 142 16 13 0.7370228171348572 4 -1 -1 
556 198 9 23 0.7315544486045837 1 -1 -1 
404 137 18 15 0.7292693853378296 4 -1 -1 
573 293 48 48 0.7280492186546326 8 -1 -1 
336 113 14 13 0.7069088816642761 4 -1 -1 
455 207 28 28 0.7054402232170105 4 -1 -1 
479 367 39 62 0.7029357552528381 7 -1 -1 
252 211 15 18 0.6993240714073181 10 -1 -1 
561 323 42 51 0.698211669921875 8 -1 -1 
436 166 7 14 0.6960158348083496 2 -1 -1 
213 250 53 65 0.6951379776000977 5 -1 -1 
185 263 16 24 0.681100606918335 10 -1 -1 
494 315 14 25 0.6807408332824707 2 -1 -1 
540 284 55 39 0.6794252991676331 4 -1 -1 
74 472 40 66 0.6766707301139832 10 -1 -1 
459 135 15 12 0.6731836795806885 4 -1 -1 
453 147 7 12 0.6724209785461426 2 -1 -1 
167 294 15 27 0.6709287762641907 10 -1 -1 
612 177 37 25 0.6699655652046204 8 -1 -1 
408 202 9 16 0.6692423820495605 2 -1 -1 
284 188 9 17 0.6628326177597046 2 -1 -1 
187 255 14 24 0.6598496437072754 2 -1 -1 
517 203 43 26 0.6593329906463623 8 -1 -1 
308 166 7 14 0.6590300798416138 2 -1 -1 
808 153 102 35 0.6552761197090149 6 -1 -1 
479 368 39 61 0.6472163796424866 8 -1 -1 
471 239 12 21 0.6466408371925354 2 -1 -1 
391 182 23 21 0.6446340680122375 4 -1 -1 
408 208 10 17 0.6445423364639282 10 -1 -1 
308 170 7 14 0.6437625885009766 10 -1 -1 
296 199 9 19 0.6405807137489319 2 -1 -1 
440 103 11 12 0.6385352611541748 5 -1 -1 
295 227 45 25 0.636328399181366 7 -1 -1 
436 171 7 13 0.6350217461585999 10 -1 -1 
168 285 14 27 0.6339663863182068 2 -1 -1 
253 205 12 21 0.6331945061683655 2 -1 -1 
598 202 19 15 0.6313305497169495 10 -1 -1 
347 92 9 9 0.6289355754852295 4 -1 -1 
463 175 8 15 0.6271952986717224 2 -1 -1 
422 162 7 13 0.6239810585975647 2 -1 -1 
590 183 18 13 0.6167083978652954 10 -1 -1 
471 245 12 21 0.6008411049842834 10 -1 -1 
77 468 29 50 0.5987421274185181 2 -1 -1 
451 249 11 19 0.5908034443855286 10 -1 -1 
454 153 6 9 0.5908015370368958 10 -1 -1 
300 187 8 14 0.5878123641014099 2 -1 -1 
436 226 10 20 0.5753633379936218 2 -1 -1 
421 236 10 17 0.5739800930023193 10 -1 -1 
296 206 11 18 0.5733763575553894 10 -1 -1 
493 322 16 29 0.568244218826294 10 -1 -1 
421 228 10 19 0.5661582350730896 2 -1 -1 
435 233 11 19 0.5518794655799866 10 -1 -1 
451 242 10 19 0.5458208322525024 2 -1 -1 
559 167 19 14 0.538162350654602 10 -1 -1 
423 168 6 12 0.5348593592643738 10 -1 -1 
11 309 13 33 0.5342220664024353 1 -1 -1 
448 133 6 11 0.527950644493103 2 -1 -1 
570 198 9 16 0.5269948840141296 2 -1 -1 
570 202 9 17 0.5247230529785156 10 -1 -1 
368 119 5 9 0.5175386071205139 2 -1 -1 
354 114 4 7 0.5107470154762268 2 -1 -1 
463 180 8 14 0.5072075724601746 10 -1 -1 
284 195 9 16 0.496913880109787 10 -1 -1 
284 141 15 16 0.4961533844470978 10 -1 -1 
603 316 14 40 0.4952484965324402 1 -1 -1 
453 235 12 17 0.4916990399360657 10 -1 -1 
310 134 17 16 0.49093371629714966 4 -1 -1 
584 494 22 44 0.48771464824676514 1 -1 -1 
248 167 6 16 0.48535051941871643 1 -1 -1 
301 193 8 13 0.4766356348991394 10 -1 -1 
396 82 8 9 0.47531023621559143 5 -1 -1 
151 239 10 23 0.46835097670555115 10 -1 -1 
85 459 26 51 0.4643540680408478 2 -1 -1 
490 178 10 13 0.4607129991054535 2 -1 -1 
449 138 5 9 0.45682692527770996 10 -1 -1 
463 180 8 14 0.4550936222076416 3 -1 -1 
379 119 10 9 0.45456549525260925 10 -1 -1 
442 119 5 10 0.45147842168807983 10 -1 -1 
441 103 10 12 0.4418201744556427 4 -1 -1 
368 123 5 10 0.439779669046402 10 -1 -1 
396 83 8 8 0.43612605333328247 4 -1 -1 
213 250 54 64 0.42699626088142395 4 -1 -1 
475 197 22 21 0.42580652236938477 4 -1 -1 
296 206 11 18 0.42530056834220886 3 -1 -1 
442 115 5 11 0.4247286319732666 2 -1 -1 
354 118 5 9 0.4205324053764343 10 -1 -1 
636 212 62 34 0.4148620665073395 5 -1 -1 
561 324 43 51 0.4101443588733673 7 -1 -1 
380 117 7 9 0.4097401201725006 2 -1 -1 
436 210 9 23 0.4092787802219391 2 -1 -1 
478 194 18 17 0.4010787904262543 4 -1 -1 
319 106 18 15 0.38939663767814636 4 -1 -1 
457 238 9 15 0.3887301981449127 10 -1 -1 
176 214 9 26 0.386694997549057 2 -1 -1 
537 187 19 23 0.3861089050769806 8 -1 -1 
435 210 10 23 0.3846878111362457 1 -1 -1 
420 230 8 17 0.3835775852203369 2 -1 -1 
511 522 29 17 0.38000985980033875 2 -1 -1 
1 356 34 49 0.37718865275382996 7 -1 -1 
284 195 8 16 0.3756198585033417 3 -1 -1 
511 524 29 14 0.37512415647506714 10 -1 -1 
321 206 28 31 0.37141597270965576 6 -1 -1 
515 212 47 28 0.3694469630718231 7 -1 -1 
426 216 8 21 0.36780139803886414 2 -1 -1 
441 136 7 14 0.36287787556648254 2 -1 -1 
441 139 7 13 0.3618762493133545 10 -1 -1 
442 118 5 10 0.3609444200992584 2 -1 -1 
461 122 5 10 0.35834503173828125 2 -1 -1 
610 182 7 17 0.35757336020469666 1 -1 -1 
569 299 48 57 0.357565313577652 8 -1 -1 
451 246 10 20 0.35532519221305847 2 -1 -1 
367 121 6 12 0.3517981767654419 2 -1 -1 
591 178 19 15 0.34891921281814575 10 -1 -1 
455 110 5 9 0.3468391001224518 10 -1 -1 
162 237 8 21 0.3455197513103485 1 -1 -1 
422 166 7 13 0.34537190198898315 2 -1 -1 
460 126 14 11 0.34467795491218567 10 -1 -1 
372 96 3 5 0.3429996371269226 2 -1 -1 
630 336 10 29 0.3424682915210724 2 -1 -1 
441 137 7 14 0.34086859226226807 1 -1 -1 
441 103 10 12 0.33986568450927734 6 -1 -1 
518 203 41 23 0.339336097240448 7 -1 -1 
152 236 12 24 0.3389192521572113 10 -1 -1 
295 204 11 18 0.33849453926086426 2 -1 -1 
432 102 7 11 0.33764708042144775 7 -1 -1 
808 152 72 29 0.3356892168521881 6 -1 -1 
373 100 5 6 0.334033727645874 10 -1 -1 
523 192 35 27 0.33244788646698 8 -1 -1 
454 148 6 13 0.33176732063293457 10 -1 -1 
152 233 9 23 0.33053916692733765 2 -1 -1 
310 134 17 16 0.33015137910842896 5 -1 -1 
301 202 6 17 0.3296501040458679 2 -1 -1 
250 147 8 18 0.32813364267349243 1 -1 -1 
167 294 16 27 0.32798460125923157 3 -1 -1 
412 99 4 6 0.32629477977752686 2 -1 -1 
368 124 5 10 0.3262369632720947 3 -1 -1 
511 522 29 17 0.32069382071495056 1 -1 -1 
485 205 23 33 0.3049774467945099 7 -1 -1 
559 163 33 19 0.30213236808776855 10 -1 -1 
75 467 37 66 0.2950698137283325 2 -1 -1 
573 293 48 48 0.28175172209739685 5 -1 -1 
428 416 45 97 0.2734459638595581 6 -1 -1 
428 416 45 96 0.2701355516910553 9 -1 -1 
636 212 63 34 0.24642816185951233 4 -1 -1 
809 167 104 41 0.2455025464296341 6 -1 -1 
527 203 33 21 0.24536065757274628 8 -1 -1 
480 368 38 61 0.23846697807312012 6 -1 -1 
636 212 62 34 0.23405721783638 6 -1 -1 
534 188 24 28 0.22771324217319489 8 -1 -1 
428 416 45 97 0.22088171541690826 3 -1 -1 
213 250 53 65 0.21255196630954742 8 -1 -1 
574 292 84 54 0.21248194575309753 8 -1 -1 
514 210 48 30 0.20846588909626007 5 -1 -1 
514 210 48 30 0.20562320947647095 4 -1 -1 
635 212 60 33 0.20471809804439545 7 -1 -1 
532 204 33 26 0.20250153541564941 8 -1 -1 
572 293 50 48 0.19916047155857086 4 -1 -1 
516 199 41 21 0.19902829825878143 8 -1 -1 
763 480 69 58 0.19748534262180328 8 -1 -1 
428 416 45 97 0.1944587677717209 7 -1 -1 
610 177 39 25 0.19393934309482574 10 -1 -1 
213 250 53 64 0.19221234321594238 6 -1 -1 
636 212 63 34 0.1915844827890396 9 -1 -1 
523 192 35 27 0.19114039838314056 7 -1 -1 
427 416 46 96 0.1886814683675766 5 -1 -1 
185 260 17 27 0.188376784324646 2 -1 -1 
534 187 23 25 0.18685773015022278 7 -1 -1 
9 309 17 35 0.18330515921115875 2 -1 -1 
610 177 39 25 0.1829935759305954 3 -1 -1 
0 260 49 54 0.17763414978981018 4 -1 -1 
485 206 22 32 0.17591826617717743 2 -1 -1 
537 152 34 24 0.17509253323078156 4 -1 -1 
531 151 31 25 0.17221592366695404 4 -1 -1 
726 412 122 114 0.1709805130958557 4 -1 -1 
514 210 48 30 0.16958361864089966 3 -1 -1 
572 293 50 48 0.16946086287498474 7 -1 -1 
605 176 36 20 0.1691681295633316 8 -1 -1 
535 152 32 24 0.16818173229694366 8 -1 -1 
525 185 31 26 0.16774000227451324 8 -1 -1 
485 205 23 33 0.1672866940498352 5 -1 -1 
478 199 26 26 0.16667862236499786 8 -1 -1 
517 181 39 27 0.16544725000858307 7 -1 -1 
793 159 106 45 0.16274628043174744 6 -1 -1 
736 441 101 45 0.16229285299777985 4 -1 -1 
538 154 33 22 0.16197742521762848 10 -1 -1 
485 205 22 33 0.15888525545597076 4 -1 -1 
475 196 24 24 0.15827684104442596 7 -1 -1 
535 152 32 24 0.15792861580848694 7 -1 -1 
801 177 97 40 0.15442071855068207 6 -1 -1 
549 286 62 40 0.15044772624969482 4 -1 -1 
428 416 45 96 0.14911189675331116 2 -1 -1 
314 102 27 20 0.14744721353054047 4 -1 -1 
572 363 64 56 0.14689385890960693 6 -1 -1 
213 250 53 64 0.14655999839305878 9 -1 -1 
760 483 70 56 0.14547616243362427 7 -1 -1 
511 181 45 28 0.14531221985816956 8 -1 -1 
508 178 33 19 0.14497926831245422 4 -1 -1 
492 320 17 32 0.14365476369857788 3 -1 -1 
493 315 16 31 0.1429937183856964 1 -1 -1 
79 458 33 61 0.14250198006629944 10 -1 -1 
479 367 39 61 0.14048609137535095 2 -1 -1 
479 367 39 61 0.14028161764144897 1 -1 -1 
478 199 26 26 0.13835443556308746 4 -1 -1 
0 356 34 55 0.13796262443065643 8 -1 -1 
566 321 60 48 0.13568581640720367 8 -1 -1 
511 208 36 21 0.13316543400287628 8 -1 -1 
485 206 22 32 0.13218270242214203 3 -1 -1 
79 458 33 61 0.13196627795696259 1 -1 -1 
572 363 64 56 0.1314874291419983 5 -1 -1 
475 196 25 25 0.13118664920330048 8 -1 -1 
770 174 77 44 0.13116857409477234 6 -1 -1 
479 368 39 60 0.13009101152420044 3 -1 -1 
508 179 35 19 0.12943637371063232 5 -1 -1 
532 204 33 26 0.12917181849479675 7 -1 -1 
629 511 90 27 0.12758329510688782 4 -1 -1 
74 467 39 68 0.126910999417305 1 -1 -1 
725 412 118 114 0.12599654495716095 6 -1 -1 
561 324 42 50 0.12561146914958954 10 -1 -1 
561 324 43 51 0.12527553737163544 4 -1 -1 
734 421 107 55 0.12520065903663635 4 -1 -1 
287 242 88 33 0.1248379647731781 6 -1 -1 
485 206 22 32 0.1243395283818245 1 -1 -1 
514 188 42 27 0.12222785502672195 8 -1 -1 
509 179 41 22 0.12171760946512222 8 -1 -1 
514 210 48 30 0.12131811678409576 2 -1 -1 
509 178 45 25 0.11848914623260498 7 -1 -1 
427 415 45 97 0.11769995838403702 1 -1 -1 
474 192 25 22 0.11753947287797928 4 -1 -1 
0 356 34 55 0.11650997400283813 10 -1 -1 
808 153 104 45 0.11615188419818878 5 -1 -1 
287 242 88 33 0.11611194908618927 5 -1 -1 
0 262 75 48 0.11593319475650787 4 -1 -1 
469 197 24 24 0.11087770760059357 4 -1 -1 
763 477 71 61 0.10926719754934311 4 -1 -1 
526 209 46 29 0.10872483253479004 7 -1 -1 
750 502 74 37 0.1080654039978981 8 -1 -1 
59 246 92 51 0.10675882548093796 6 -1 -1 
808 153 103 35 0.10597207397222519 7 -1 -1 
0 234 58 73 0.10515288263559341 4 -1 -1 
514 188 42 27 0.10479074716567993 7 -1 -1 
102 249 48 49 0.1044202595949173 4 -1 -1 
784 180 94 47 0.10412648320198059 6 -1 -1 
725 412 118 114 0.09976889938116074 5 -1 -1 
749 413 143 121 0.09364061057567596 4 -1 -1 
513 199 57 37 0.09270661324262619 8 -1 -1 
734 405 128 90 0.09261910617351532 4 -1 -1 
781 154 131 69 0.087654709815979 6 -1 -1 
567 290 110 71 0.08137939125299454 6 -1 -1 
747 424 115 115 0.07550659030675888 5 -1 -1 
729 406 123 83 0.07343225926160812 5 -1 -1 
729 406 123 83 0.07040479779243469 6 -1 -1 
514 208 55 33 0.06561561673879623 6 -1 -1 
747 424 115 115 0.06391497701406479 6 -1 -1 
753 443 109 97 0.061822712421417236 4 -1 -1 
507 187 53 45 0.06003711745142937 8 -1 -1 
699 404 137 98 0.05586478114128113 4 -1 -1 
564 296 104 98 0.053927112370729446 6 -1 -1 
