532 339 36 106 0.9987758994102478 9 -1 -1 
762 195 43 22 0.9810175895690918 5 -1 -1 
659 261 31 67 0.9638466238975525 5 -1 -1 
736 461 43 27 0.9427257180213928 7 -1 -1 
268 428 63 27 0.9373704791069031 4 -1 -1 
533 231 27 58 0.9350765347480774 4 -1 -1 
348 425 62 28 0.9350648522377014 4 -1 -1 
533 114 26 61 0.9312202334403992 4 -1 -1 
575 531 27 60 0.9271519184112549 4 -1 -1 
1077 443 58 26 0.9189605116844177 4 -1 -1 
175 423 64 29 0.9145558476448059 4 -1 -1 
904 435 60 26 0.9142839908599854 4 -1 -1 
579 437 23 58 0.9019969701766968 4 -1 -1 
1055 526 45 58 0.9018810987472534 4 -1 -1 
1151 268 53 40 0.8984325528144836 4 -1 -1 
1254 520 54 55 0.8924229741096497 4 -1 -1 
669 129 31 53 0.8902965188026428 4 -1 -1 
1090 299 50 42 0.8891809582710266 4 -1 -1 
1202 245 45 55 0.8886882066726685 4 -1 -1 
575 648 27 67 0.8735693097114563 4 -1 -1 
747 660 26 62 0.873340904712677 4 -1 -1 
624 173 26 52 0.8684812188148499 4 -1 -1 
1274 275 45 51 0.8652473092079163 4 -1 -1 
976 531 50 53 0.8560445308685303 4 -1 -1 
248 468 56 23 0.8518472909927368 4 -1 -1 
1098 524 40 55 0.8354539275169373 4 -1 -1 
1184 526 56 49 0.8233781456947327 4 -1 -1 
1023 540 45 52 0.8212706446647644 4 -1 -1 
870 266 9 17 0.7750101685523987 10 -1 -1 
534 0 26 26 0.7449064254760742 4 -1 -1 
1281 221 15 10 0.7385886907577515 1 -1 -1 
809 171 18 10 0.7363576889038086 10 -1 -1 
519 243 10 21 0.734216570854187 10 -1 -1 
589 292 9 20 0.7099401950836182 10 -1 -1 
859 241 19 17 0.6883969306945801 10 -1 -1 
788 308 12 13 0.6827974915504456 1 -1 -1 
1317 542 17 28 0.6773633360862732 10 -1 -1 
463 699 61 36 0.6692434549331665 4 -1 -1 
1033 522 17 12 0.6479721069335938 1 -1 -1 
805 182 19 8 0.6479619145393372 10 -1 -1 
731 364 21 10 0.6476520299911499 10 -1 -1 
1300 357 23 10 0.6473181843757629 10 -1 -1 
1078 257 16 12 0.6463606953620911 1 -1 -1 
327 464 62 27 0.6281499266624451 5 -1 -1 
648 518 9 22 0.6208725571632385 10 -1 -1 
872 101 12 18 0.6194084882736206 10 -1 -1 
517 163 8 13 0.6144173741340637 1 -1 -1 
713 272 7 15 0.6120551824569702 1 -1 -1 
516 15 9 18 0.6027052402496338 10 -1 -1 
743 17 48 31 0.5930913686752319 4 -1 -1 
784 115 18 9 0.5905776619911194 10 -1 -1 
238 558 11 22 0.5843683481216431 10 -1 -1 
1206 497 12 10 0.5825513005256653 1 -1 -1 
797 322 12 11 0.5774213671684265 1 -1 -1 
784 156 17 8 0.5620037317276001 10 -1 -1 
579 437 23 58 0.5531853437423706 6 -1 -1 
784 164 16 9 0.5525564551353455 10 -1 -1 
816 127 20 12 0.5434550642967224 10 -1 -1 
941 522 18 30 0.5433993339538574 7 -1 -1 
471 19 8 16 0.5408437252044678 1 -1 -1 
959 573 15 25 0.5375506281852722 10 -1 -1 
782 146 18 9 0.5315766930580139 10 -1 -1 
812 574 9 13 0.5212027430534363 1 -1 -1 
37 606 25 13 0.5128739476203918 10 -1 -1 
348 566 9 9 0.5117018222808838 1 -1 -1 
712 521 19 34 0.5025485157966614 10 -1 -1 
808 160 17 8 0.49856752157211304 10 -1 -1 
908 238 9 17 0.4928761422634125 10 -1 -1 
1308 252 14 11 0.49160170555114746 1 -1 -1 
1278 237 15 10 0.4882466197013855 1 -1 -1 
840 176 8 13 0.48722219467163086 1 -1 -1 
519 243 9 15 0.4833587408065796 2 -1 -1 
327 465 62 26 0.47937247157096863 4 -1 -1 
1159 506 11 13 0.4771863520145416 1 -1 -1 
493 558 17 29 0.4726822078227997 10 -1 -1 
941 522 18 30 0.4683171808719635 8 -1 -1 
1009 344 23 12 0.46493828296661377 10 -1 -1 
779 627 9 8 0.4611509144306183 1 -1 -1 
808 161 18 12 0.45901769399642944 10 -1 -1 
807 384 23 10 0.4541933536529541 10 -1 -1 
516 15 9 13 0.45328372716903687 2 -1 -1 
1284 237 10 10 0.45167893171310425 1 -1 -1 
532 339 36 106 0.4477623999118805 4 -1 -1 
887 40 10 14 0.44360604882240295 1 -1 -1 
692 161 10 16 0.4435807168483734 2 -1 -1 
946 196 11 13 0.4420870542526245 1 -1 -1 
964 301 11 8 0.4406532347202301 1 -1 -1 
814 122 22 12 0.42743122577667236 10 -1 -1 
1234 203 15 21 0.4272001385688782 10 -1 -1 
893 234 12 33 0.4254639148712158 10 -1 -1 
784 164 16 8 0.4226791262626648 3 -1 -1 
940 522 19 30 0.42035436630249023 10 -1 -1 
1087 202 21 9 0.41880863904953003 10 -1 -1 
495 296 6 13 0.4114437699317932 1 -1 -1 
796 322 11 9 0.41108110547065735 1 -1 -1 
351 510 17 10 0.4078103303909302 10 -1 -1 
1328 179 25 12 0.4077486991882324 10 -1 -1 
800 324 11 10 0.40320518612861633 1 -1 -1 
346 580 8 9 0.3994837701320648 1 -1 -1 
1306 221 11 9 0.39811962842941284 1 -1 -1 
743 17 47 31 0.3979502320289612 5 -1 -1 
960 574 11 17 0.3978981673717499 10 -1 -1 
1009 344 23 12 0.3940775394439697 3 -1 -1 
762 108 20 13 0.3933051526546478 10 -1 -1 
807 384 23 11 0.3924811780452728 3 -1 -1 
851 565 99 37 0.3921770751476288 8 -1 -1 
1311 357 12 9 0.3911699652671814 2 -1 -1 
721 23 10 14 0.3893077075481415 1 -1 -1 
3 541 41 40 0.3860059976577759 4 -1 -1 
1298 251 21 11 0.381079763174057 3 -1 -1 
712 521 19 20 0.3794359564781189 10 -1 -1 
789 628 9 10 0.37564903497695923 1 -1 -1 
532 339 36 106 0.37234365940093994 10 -1 -1 
761 109 20 13 0.3722233176231384 3 -1 -1 
516 111 10 20 0.3706267476081848 10 -1 -1 
786 132 17 10 0.36536315083503723 10 -1 -1 
745 745 23 19 0.3631547689437866 4 -1 -1 
375 540 9 9 0.36080846190452576 1 -1 -1 
692 161 10 16 0.36039841175079346 10 -1 -1 
1148 578 10 16 0.3583158254623413 1 -1 -1 
736 460 43 28 0.3543463945388794 8 -1 -1 
733 70 17 17 0.3519352674484253 10 -1 -1 
870 266 9 18 0.3496358096599579 1 -1 -1 
1014 344 18 12 0.3492151200771332 2 -1 -1 
1275 238 18 9 0.3489770293235779 3 -1 -1 
713 521 18 15 0.3487784266471863 2 -1 -1 
530 340 37 105 0.34592941403388977 3 -1 -1 
803 143 19 12 0.34335586428642273 10 -1 -1 
8 518 69 31 0.34274211525917053 4 -1 -1 
466 577 32 49 0.34097549319267273 4 -1 -1 
900 289 15 14 0.33946654200553894 10 -1 -1 
532 339 36 106 0.3367125988006592 1 -1 -1 
532 339 36 106 0.33584409952163696 5 -1 -1 
355 579 10 11 0.3316124975681305 1 -1 -1 
110 537 28 28 0.3303942084312439 4 -1 -1 
907 240 11 15 0.32654982805252075 3 -1 -1 
38 606 24 13 0.3258318305015564 3 -1 -1 
965 300 11 9 0.3257395923137665 2 -1 -1 
783 123 17 10 0.3230590224266052 3 -1 -1 
692 169 9 11 0.32031384110450745 1 -1 -1 
1303 252 16 11 0.32023194432258606 1 -1 -1 
691 166 10 13 0.31980136036872864 2 -1 -1 
951 306 13 10 0.3186257779598236 1 -1 -1 
1089 202 20 8 0.3171660602092743 3 -1 -1 
952 300 22 14 0.3170665502548218 10 -1 -1 
809 166 18 12 0.31655794382095337 10 -1 -1 
784 156 16 8 0.31611987948417664 3 -1 -1 
648 518 9 17 0.31524309515953064 2 -1 -1 
649 530 8 10 0.3143693208694458 2 -1 -1 
736 460 43 28 0.313986599445343 6 -1 -1 
816 94 20 14 0.31330543756484985 10 -1 -1 
851 565 99 37 0.3118392825126648 6 -1 -1 
532 339 36 106 0.29412317276000977 2 -1 -1 
532 339 36 106 0.2939107418060303 6 -1 -1 
1336 525 22 28 0.27754589915275574 4 -1 -1 
281 566 43 19 0.26808393001556396 8 -1 -1 
530 340 37 105 0.26632454991340637 7 -1 -1 
1184 526 56 49 0.23255358636379242 5 -1 -1 
976 531 50 53 0.22336089611053467 5 -1 -1 
530 340 37 105 0.2212335467338562 8 -1 -1 
712 520 19 34 0.2165757119655609 7 -1 -1 
763 103 40 20 0.21256816387176514 8 -1 -1 
282 566 43 19 0.21138177812099457 7 -1 -1 
283 560 38 19 0.21047890186309814 7 -1 -1 
464 576 47 98 0.20830433070659637 6 -1 -1 
2 524 51 45 0.19895081222057343 4 -1 -1 
463 577 47 84 0.1940261274576187 4 -1 -1 
283 560 38 19 0.1883144974708557 8 -1 -1 
107 619 68 34 0.18332624435424805 4 -1 -1 
659 261 31 67 0.1813930720090866 4 -1 -1 
354 574 49 20 0.18033960461616516 8 -1 -1 
659 261 31 67 0.17946897447109222 9 -1 -1 
575 648 27 67 0.1766425222158432 9 -1 -1 
284 557 36 16 0.1756352186203003 7 -1 -1 
574 647 28 68 0.1753847599029541 6 -1 -1 
763 103 40 20 0.1734713762998581 7 -1 -1 
712 520 20 35 0.17100542783737183 4 -1 -1 
464 568 46 59 0.1699409931898117 4 -1 -1 
465 600 44 74 0.1686764806509018 4 -1 -1 
712 520 19 34 0.1592518836259842 8 -1 -1 
366 568 48 19 0.1549627035856247 4 -1 -1 
659 261 31 67 0.14884409308433533 6 -1 -1 
284 557 36 16 0.1476764976978302 10 -1 -1 
574 647 28 68 0.1464027315378189 5 -1 -1 
1041 531 46 57 0.14577238261699677 4 -1 -1 
8 518 69 31 0.14048334956169128 5 -1 -1 
465 671 60 57 0.13849802315235138 4 -1 -1 
940 521 19 31 0.13835951685905457 3 -1 -1 
851 565 99 37 0.13752757012844086 7 -1 -1 
367 572 46 18 0.13360930979251862 5 -1 -1 
534 0 26 26 0.13286155462265015 5 -1 -1 
463 699 61 35 0.13185814023017883 6 -1 -1 
731 61 25 27 0.1317880004644394 10 -1 -1 
762 106 39 17 0.13152213394641876 10 -1 -1 
463 698 61 36 0.131333127617836 5 -1 -1 
22 510 63 37 0.13011407852172852 4 -1 -1 
1158 325 33 16 0.1295030266046524 7 -1 -1 
1158 325 33 16 0.12792964279651642 4 -1 -1 
463 576 45 57 0.12691037356853485 6 -1 -1 
365 556 49 29 0.12627248466014862 4 -1 -1 
463 576 46 55 0.12597224116325378 5 -1 -1 
1055 526 45 58 0.1243109181523323 6 -1 -1 
326 464 64 28 0.12414927780628204 9 -1 -1 
283 560 38 19 0.1231319010257721 10 -1 -1 
362 574 45 20 0.12219157814979553 5 -1 -1 
284 567 42 18 0.12209806591272354 10 -1 -1 
1273 275 46 51 0.12176990509033203 5 -1 -1 
1254 520 54 56 0.11985714733600616 5 -1 -1 
712 520 19 34 0.11956939101219177 3 -1 -1 
281 568 43 18 0.11836723238229752 6 -1 -1 
74 533 62 32 0.11685945093631744 4 -1 -1 
347 573 47 17 0.11414575576782227 8 -1 -1 
1229 200 22 26 0.11229633539915085 10 -1 -1 
1089 299 52 43 0.11214028298854828 7 -1 -1 
669 129 31 53 0.11199939996004105 5 -1 -1 
763 103 40 20 0.11175815016031265 6 -1 -1 
345 577 33 15 0.1114257201552391 8 -1 -1 
367 572 46 18 0.11115701496601105 6 -1 -1 
368 571 44 19 0.10982377827167511 8 -1 -1 
362 574 45 20 0.10940917581319809 6 -1 -1 
284 557 36 16 0.10862058401107788 8 -1 -1 
669 129 31 53 0.10799378156661987 6 -1 -1 
465 600 44 74 0.1065475270152092 5 -1 -1 
26 736 117 25 0.10606025904417038 6 -1 -1 
268 427 63 30 0.10573329031467438 9 -1 -1 
811 120 28 20 0.10566830635070801 10 -1 -1 
464 576 47 98 0.10473453998565674 9 -1 -1 
852 565 98 37 0.10437515377998352 5 -1 -1 
940 522 19 31 0.10330616682767868 2 -1 -1 
1212 165 33 17 0.1018194630742073 10 -1 -1 
575 648 27 67 0.09921819716691971 1 -1 -1 
466 554 45 66 0.09859880059957504 6 -1 -1 
465 622 41 61 0.09512002766132355 4 -1 -1 
659 261 31 67 0.09471776336431503 1 -1 -1 
1023 540 44 52 0.09372477233409882 5 -1 -1 
903 434 62 29 0.09273763746023178 9 -1 -1 
175 422 63 30 0.09205683320760727 9 -1 -1 
365 564 50 23 0.09195134788751602 6 -1 -1 
348 425 62 32 0.09105085581541061 9 -1 -1 
473 661 58 49 0.0903874933719635 4 -1 -1 
1158 325 33 16 0.09038142114877701 8 -1 -1 
175 422 63 30 0.08930199593305588 5 -1 -1 
950 298 28 19 0.0892358347773552 10 -1 -1 
711 521 21 37 0.08888763934373856 9 -1 -1 
1023 540 44 52 0.08866289258003235 6 -1 -1 
1202 244 45 56 0.08854994177818298 5 -1 -1 
349 571 51 20 0.08836071193218231 7 -1 -1 
977 531 49 53 0.08811045438051224 10 -1 -1 
11 528 54 51 0.08765300363302231 4 -1 -1 
365 564 50 23 0.0847720131278038 5 -1 -1 
1089 299 52 43 0.08451355993747711 10 -1 -1 
347 426 63 31 0.08416850864887238 6 -1 -1 
1151 267 53 42 0.08386270701885223 5 -1 -1 
1055 525 45 59 0.08368612080812454 7 -1 -1 
976 531 50 53 0.08229538798332214 9 -1 -1 
1055 526 45 58 0.08193908631801605 9 -1 -1 
374 554 42 22 0.08165092766284943 4 -1 -1 
1055 526 45 58 0.08023921400308609 5 -1 -1 
1254 520 54 55 0.0798109620809555 9 -1 -1 
1203 245 44 56 0.07978536933660507 10 -1 -1 
1098 524 40 55 0.07943333685398102 5 -1 -1 
1317 542 18 30 0.0789012461900711 7 -1 -1 
