220 292 76 99 0.9919527173042297 6 -1 -1 
24 239 82 102 0.9694637656211853 6 -1 -1 
401 608 287 157 0.8846004009246826 6 -1 -1 
1238 215 76 33 0.8652475476264954 6 -1 -1 
734 225 39 20 0.8564636707305908 4 -1 -1 
1054 404 150 63 0.822228729724884 4 -1 -1 
395 340 74 52 0.7817609906196594 4 -1 -1 
635 245 42 21 0.7693766355514526 4 -1 -1 
406 230 37 21 0.7537209987640381 4 -1 -1 
645 365 19 56 0.7244887351989746 1 -1 -1 
181 255 58 67 0.7086032032966614 5 -1 -1 
962 262 170 92 0.6480332016944885 6 -1 -1 
375 241 30 32 0.6424978971481323 4 -1 -1 
366 310 52 44 0.6265289187431335 4 -1 -1 
415 272 42 33 0.6209803223609924 4 -1 -1 
878 250 39 20 0.6195091009140015 4 -1 -1 
524 319 81 54 0.6194941401481628 4 -1 -1 
844 241 44 22 0.6016191244125366 4 -1 -1 
1256 313 99 38 0.5981529355049133 4 -1 -1 
698 228 24 20 0.5878837704658508 4 -1 -1 
210 246 43 29 0.5659476518630981 4 -1 -1 
910 248 34 18 0.5617840886116028 4 -1 -1 
385 260 44 28 0.556301474571228 4 -1 -1 
399 608 293 157 0.5240041017532349 7 -1 -1 
929 256 51 23 0.5152199864387512 4 -1 -1 
644 312 74 50 0.5087974071502686 4 -1 -1 
139 236 68 47 0.5028583407402039 6 -1 -1 
1119 286 73 37 0.4915500283241272 4 -1 -1 
447 244 60 50 0.46708014607429504 6 -1 -1 
1103 283 99 52 0.4637090563774109 4 -1 -1 
412 271 43 35 0.4490039646625519 5 -1 -1 
929 250 48 21 0.44292697310447693 4 -1 -1 
1257 313 92 37 0.43852531909942627 5 -1 -1 
783 292 15 42 0.4336968660354614 1 -1 -1 
886 250 43 21 0.42917412519454956 4 -1 -1 
268 240 28 31 0.41692692041397095 5 -1 -1 
923 247 46 21 0.4014143943786621 4 -1 -1 
268 240 28 32 0.40116050839424133 4 -1 -1 
525 319 79 53 0.36550867557525635 5 -1 -1 
120 284 92 205 0.3612779974937439 6 -1 -1 
1260 305 84 37 0.36075255274772644 5 -1 -1 
1272 303 86 35 0.3584901988506317 4 -1 -1 
898 249 39 17 0.3549928367137909 4 -1 -1 
452 277 61 39 0.35125014185905457 6 -1 -1 
453 277 59 40 0.34771016240119934 5 -1 -1 
380 254 30 23 0.3391979932785034 4 -1 -1 
585 257 40 26 0.33179888129234314 6 -1 -1 
1279 303 78 35 0.33094605803489685 5 -1 -1 
377 240 28 21 0.3226669132709503 4 -1 -1 
453 277 59 40 0.3148881494998932 4 -1 -1 
265 232 26 23 0.3147986829280853 4 -1 -1 
319 236 28 27 0.3140256404876709 4 -1 -1 
844 240 45 24 0.31315141916275024 5 -1 -1 
451 294 65 56 0.3129214942455292 5 -1 -1 
266 236 28 27 0.3122900426387787 5 -1 -1 
451 258 70 43 0.3100903034210205 6 -1 -1 
382 257 34 27 0.3093540072441101 4 -1 -1 
863 267 52 26 0.30835267901420593 4 -1 -1 
1045 246 63 18 0.3075045943260193 4 -1 -1 
293 291 125 63 0.3048824965953827 6 -1 -1 
623 361 40 28 0.3007689416408539 3 -1 -1 
448 242 83 61 0.3004486560821533 6 -1 -1 
491 293 43 41 0.2939837574958801 4 -1 -1 
642 314 75 47 0.2937650978565216 5 -1 -1 
408 285 15 40 0.29215750098228455 1 -1 -1 
881 250 42 21 0.2915005385875702 5 -1 -1 
451 299 66 55 0.28975775837898254 4 -1 -1 
181 255 58 67 0.2863231599330902 9 -1 -1 
698 228 24 20 0.284555047750473 5 -1 -1 
872 322 54 29 0.2840718924999237 4 -1 -1 
871 246 41 20 0.283767968416214 4 -1 -1 
921 254 50 19 0.27652180194854736 4 -1 -1 
120 271 14 31 0.27580276131629944 1 -1 -1 
639 364 23 41 0.2732771337032318 3 -1 -1 
8 246 16 35 0.2706250548362732 1 -1 -1 
440 239 61 43 0.26976650953292847 6 -1 -1 
238 267 15 28 0.2667238414287567 1 -1 -1 
1176 213 66 31 0.2659217119216919 6 -1 -1 
638 240 41 19 0.2654806673526764 4 -1 -1 
323 241 25 28 0.264278382062912 4 -1 -1 
452 277 61 39 0.26063838601112366 9 -1 -1 
520 249 13 24 0.25805097818374634 1 -1 -1 
13 285 189 195 0.25742730498313904 6 -1 -1 
1298 224 44 29 0.25713157653808594 6 -1 -1 
1063 247 48 20 0.2569501996040344 4 -1 -1 
372 241 33 30 0.2561965584754944 5 -1 -1 
642 229 29 15 0.25415676832199097 4 -1 -1 
1123 253 65 27 0.25414785742759705 4 -1 -1 
1 264 148 200 0.25394177436828613 6 -1 -1 
1118 287 69 35 0.2532024681568146 5 -1 -1 
399 608 293 157 0.2526504695415497 8 -1 -1 
427 239 90 57 0.2524792551994324 6 -1 -1 
451 283 64 49 0.25109830498695374 6 -1 -1 
412 271 43 34 0.2503384053707123 6 -1 -1 
899 349 52 29 0.2469061315059662 7 -1 -1 
416 234 29 18 0.24643740057945251 4 -1 -1 
1036 439 47 33 0.24540044367313385 10 -1 -1 
589 274 55 27 0.24446068704128265 4 -1 -1 
964 252 156 61 0.24350915849208832 6 -1 -1 
424 256 24 22 0.24051016569137573 4 -1 -1 
875 258 42 25 0.23873724043369293 4 -1 -1 
1268 302 71 27 0.23812991380691528 4 -1 -1 
702 260 54 24 0.23807743191719055 4 -1 -1 
139 236 68 47 0.23755034804344177 5 -1 -1 
609 225 27 15 0.23584909737110138 4 -1 -1 
1238 220 48 27 0.23483017086982727 6 -1 -1 
451 283 64 49 0.23444108664989471 5 -1 -1 
1100 444 64 41 0.23404473066329956 3 -1 -1 
243 265 12 29 0.2336287945508957 1 -1 -1 
1165 258 66 28 0.23343966901302338 6 -1 -1 
1297 228 45 26 0.2298380732536316 5 -1 -1 
401 269 47 35 0.22942054271697998 4 -1 -1 
449 259 80 69 0.2273937463760376 6 -1 -1 
1167 260 45 25 0.22604763507843018 4 -1 -1 
366 310 52 44 0.22599239647388458 5 -1 -1 
639 243 56 24 0.22489474713802338 4 -1 -1 
368 232 35 22 0.22480462491512299 4 -1 -1 
432 252 49 34 0.22462208569049835 6 -1 -1 
429 254 35 31 0.22460810840129852 6 -1 -1 
219 292 77 99 0.22387884557247162 10 -1 -1 
674 319 45 42 0.22382324934005737 4 -1 -1 
391 263 44 30 0.22337137162685394 4 -1 -1 
331 260 16 31 0.2233511507511139 1 -1 -1 
540 261 66 26 0.22210793197155 6 -1 -1 
319 236 28 27 0.22200466692447662 5 -1 -1 
631 228 34 15 0.22097447514533997 4 -1 -1 
442 238 36 25 0.22052861750125885 4 -1 -1 
425 255 35 28 0.21890653669834137 4 -1 -1 
670 144 11 8 0.21881739795207977 4 -1 -1 
406 218 37 29 0.21792541444301605 4 -1 -1 
876 273 43 27 0.21743261814117432 4 -1 -1 
428 255 34 30 0.2172650545835495 5 -1 -1 
1238 215 74 33 0.217220738530159 5 -1 -1 
220 292 76 99 0.2153880000114441 4 -1 -1 
179 253 61 69 0.21429550647735596 6 -1 -1 
1254 308 82 35 0.21323400735855103 4 -1 -1 
326 255 21 31 0.21309302747249603 1 -1 -1 
451 294 65 56 0.2129259705543518 6 -1 -1 
1063 247 48 20 0.21216630935668945 5 -1 -1 
534 256 55 29 0.2107308804988861 6 -1 -1 
386 260 39 27 0.21043965220451355 5 -1 -1 
532 260 16 27 0.2101454883813858 1 -1 -1 
302 301 79 87 0.20992520451545715 6 -1 -1 
1271 303 72 27 0.2089594006538391 5 -1 -1 
644 231 35 18 0.20863929390907288 4 -1 -1 
220 292 76 99 0.2065897434949875 5 -1 -1 
843 241 30 20 0.20648881793022156 4 -1 -1 
970 308 46 31 0.20638208091259003 10 -1 -1 
526 253 21 30 0.2056860625743866 1 -1 -1 
636 236 39 15 0.20472802221775055 4 -1 -1 
442 239 38 26 0.20428481698036194 6 -1 -1 
268 243 44 32 0.20422470569610596 4 -1 -1 
762 312 32 38 0.2041557878255844 4 -1 -1 
254 233 20 20 0.20324930548667908 4 -1 -1 
233 267 17 30 0.20301832258701324 1 -1 -1 
691 229 28 21 0.20232230424880981 4 -1 -1 
503 250 14 22 0.20193123817443848 1 -1 -1 
257 233 27 20 0.2018730789422989 4 -1 -1 
577 258 50 33 0.20083747804164886 6 -1 -1 
523 250 15 29 0.19972558319568634 1 -1 -1 
577 256 47 27 0.19665245711803436 4 -1 -1 
578 257 47 27 0.19664092361927032 5 -1 -1 
635 360 33 37 0.19661620259284973 3 -1 -1 
644 238 47 19 0.19528499245643616 4 -1 -1 
515 250 16 25 0.19516243040561676 1 -1 -1 
271 257 12 23 0.19404830038547516 1 -1 -1 
267 252 20 23 0.1933971643447876 4 -1 -1 
639 309 61 34 0.1930474042892456 4 -1 -1 
409 294 14 42 0.19283831119537354 1 -1 -1 
440 242 42 32 0.19266103208065033 6 -1 -1 
878 253 44 25 0.19223140180110931 4 -1 -1 
784 292 13 26 0.19127462804317474 1 -1 -1 
520 249 12 23 0.1908373087644577 2 -1 -1 
642 311 76 52 0.19082021713256836 6 -1 -1 
844 240 45 24 0.1906103789806366 6 -1 -1 
472 262 57 40 0.1904514878988266 6 -1 -1 
581 266 60 34 0.1902111917734146 6 -1 -1 
1233 247 81 31 0.18878450989723206 6 -1 -1 
267 240 31 32 0.18755733966827393 6 -1 -1 
24 239 82 102 0.18620041012763977 4 -1 -1 
219 292 78 99 0.18011757731437683 9 -1 -1 
874 257 257 105 0.17892251908779144 6 -1 -1 
264 282 150 61 0.17867346107959747 6 -1 -1 
617 264 135 83 0.17575334012508392 6 -1 -1 
438 254 78 63 0.17395681142807007 6 -1 -1 
319 304 99 52 0.1739496886730194 4 -1 -1 
1072 275 119 68 0.16563357412815094 4 -1 -1 
24 239 82 102 0.16421644389629364 5 -1 -1 
37 208 79 92 0.16157062351703644 6 -1 -1 
120 291 76 192 0.16087786853313446 9 -1 -1 
454 279 78 67 0.1584765911102295 6 -1 -1 
6 392 104 75 0.15802809596061707 4 -1 -1 
303 301 54 104 0.1546379029750824 6 -1 -1 
139 218 85 65 0.15326979756355286 6 -1 -1 
259 278 124 52 0.14823070168495178 6 -1 -1 
631 276 102 60 0.14760740101337433 6 -1 -1 
1002 240 133 105 0.14450302720069885 6 -1 -1 
101 303 76 183 0.14366592466831207 9 -1 -1 
220 292 76 99 0.14320984482765198 2 -1 -1 
219 292 77 99 0.1430376172065735 7 -1 -1 
179 254 63 69 0.14211814105510712 4 -1 -1 
1033 268 104 83 0.1393868774175644 6 -1 -1 
119 276 68 94 0.13937169313430786 6 -1 -1 
55 202 63 78 0.13828614354133606 6 -1 -1 
956 250 178 101 0.13809756934642792 5 -1 -1 
157 245 75 60 0.13695478439331055 6 -1 -1 
320 305 99 51 0.13659806549549103 6 -1 -1 
101 303 76 183 0.13601931929588318 6 -1 -1 
605 281 114 68 0.13484984636306763 6 -1 -1 
950 254 136 74 0.13467322289943695 6 -1 -1 
269 226 91 56 0.13461506366729736 6 -1 -1 
157 245 75 60 0.13003157079219818 5 -1 -1 
578 250 199 107 0.1298529952764511 9 -1 -1 
1103 283 99 52 0.12943518161773682 5 -1 -1 
219 292 78 99 0.12925097346305847 3 -1 -1 
392 608 305 157 0.1270020455121994 5 -1 -1 
636 271 129 51 0.12631972134113312 6 -1 -1 
394 599 308 166 0.1246296763420105 9 -1 -1 
121 294 101 196 0.11781686544418335 5 -1 -1 
127 304 82 192 0.11706879734992981 4 -1 -1 
617 264 135 83 0.11665356159210205 9 -1 -1 
660 249 298 113 0.115720234811306 9 -1 -1 
578 250 199 107 0.11418188363313675 6 -1 -1 
4 352 99 122 0.11325442790985107 4 -1 -1 
219 292 77 99 0.11265533417463303 1 -1 -1 
460 240 93 54 0.11257217079401016 6 -1 -1 
949 261 156 85 0.11252998560667038 4 -1 -1 
615 297 102 62 0.11244378983974457 4 -1 -1 
300 294 117 61 0.11211253702640533 9 -1 -1 
0 238 86 88 0.11094988882541656 6 -1 -1 
128 299 98 191 0.11065950989723206 9 -1 -1 
8 400 141 59 0.11063361167907715 4 -1 -1 
577 269 88 67 0.10901116579771042 6 -1 -1 
957 261 168 93 0.10821333527565002 9 -1 -1 
399 608 293 157 0.10700462758541107 3 -1 -1 
974 241 144 50 0.10681182146072388 6 -1 -1 
401 608 286 157 0.10655349493026733 4 -1 -1 
291 281 120 182 0.1063825860619545 6 -1 -1 
9 215 96 93 0.10612667351961136 6 -1 -1 
1238 203 102 47 0.10432815551757812 6 -1 -1 
454 279 78 67 0.1033841073513031 4 -1 -1 
128 198 82 84 0.10310278087854385 6 -1 -1 
220 292 76 99 0.10299331694841385 8 -1 -1 
320 305 99 51 0.10255051404237747 5 -1 -1 
572 259 90 50 0.1024656742811203 6 -1 -1 
267 231 125 62 0.10156144201755524 6 -1 -1 
524 318 81 54 0.10155363380908966 6 -1 -1 
262 261 103 54 0.10141526907682419 6 -1 -1 
272 258 153 78 0.1012132465839386 6 -1 -1 
624 272 127 53 0.10120682418346405 9 -1 -1 
451 287 75 63 0.0998682975769043 9 -1 -1 
1096 247 101 42 0.09961540251970291 6 -1 -1 
5 213 142 187 0.0990772619843483 6 -1 -1 
138 229 75 56 0.09830507636070251 9 -1 -1 
640 289 89 67 0.0981302410364151 6 -1 -1 
658 249 311 112 0.09750224649906158 6 -1 -1 
635 307 84 52 0.09387555718421936 9 -1 -1 
599 248 168 74 0.0938388928771019 6 -1 -1 
261 248 147 69 0.09353318810462952 6 -1 -1 
640 289 89 67 0.09264567494392395 4 -1 -1 
124 323 68 150 0.09212124347686768 6 -1 -1 
454 279 78 67 0.09186545014381409 5 -1 -1 
294 208 72 72 0.09125940501689911 6 -1 -1 
1045 262 119 71 0.09115343540906906 6 -1 -1 
111 214 90 72 0.09007576107978821 6 -1 -1 
525 258 107 45 0.08960599452257156 6 -1 -1 
5 362 104 111 0.08956021815538406 5 -1 -1 
24 239 82 102 0.08903594315052032 9 -1 -1 
22 369 97 95 0.08885148912668228 4 -1 -1 
1254 295 101 50 0.08871076256036758 4 -1 -1 
91 244 131 224 0.08751725405454636 6 -1 -1 
953 261 96 80 0.08697179704904556 4 -1 -1 
451 296 73 79 0.08685092628002167 6 -1 -1 
468 253 77 78 0.08677636831998825 6 -1 -1 
101 303 76 183 0.08625742048025131 4 -1 -1 
274 286 84 96 0.08581199496984482 6 -1 -1 
114 308 76 187 0.08407747745513916 5 -1 -1 
293 291 125 63 0.08331207185983658 5 -1 -1 
582 286 86 71 0.08309612423181534 6 -1 -1 
14 362 88 104 0.08277963101863861 6 -1 -1 
160 237 86 54 0.08247313648462296 6 -1 -1 
1212 248 123 39 0.08195929229259491 6 -1 -1 
597 298 119 63 0.08071935176849365 6 -1 -1 
574 260 161 71 0.08069746941328049 6 -1 -1 
308 272 111 62 0.08032587915658951 6 -1 -1 
449 259 80 69 0.07972569763660431 5 -1 -1 
1256 309 100 42 0.07751051336526871 6 -1 -1 
1096 251 102 46 0.07733608037233353 4 -1 -1 
258 273 91 50 0.07691017538309097 6 -1 -1 
1072 275 119 68 0.07675939053297043 5 -1 -1 
449 259 80 69 0.07672755420207977 9 -1 -1 
962 293 146 61 0.07668563723564148 6 -1 -1 
862 267 135 68 0.07658859342336655 6 -1 -1 
645 365 19 56 0.07580223679542542 4 -1 -1 
640 289 89 67 0.0749877393245697 5 -1 -1 
264 282 150 61 0.07494701445102692 9 -1 -1 
182 234 75 68 0.07383665442466736 6 -1 -1 
522 267 115 73 0.0737081915140152 6 -1 -1 
578 250 199 107 0.07340708374977112 5 -1 -1 
123 251 72 67 0.07309199869632721 6 -1 -1 
394 339 76 54 0.07301634550094604 5 -1 -1 
956 262 78 78 0.07285059243440628 6 -1 -1 
7 195 107 151 0.07261234521865845 6 -1 -1 
578 250 199 107 0.07171499729156494 4 -1 -1 
11 325 202 173 0.0715072900056839 4 -1 -1 
7 398 112 64 0.07148586958646774 5 -1 -1 
1081 239 106 44 0.07139375805854797 6 -1 -1 
153 211 110 70 0.07108108699321747 6 -1 -1 
857 320 102 54 0.07096894085407257 4 -1 -1 
1234 240 108 34 0.06988099217414856 6 -1 -1 
510 255 111 38 0.06957806646823883 6 -1 -1 
160 237 86 54 0.06941737979650497 5 -1 -1 
448 242 83 61 0.0693887397646904 9 -1 -1 
1243 188 99 48 0.06932835280895233 6 -1 -1 
773 263 220 96 0.0688813179731369 9 -1 -1 
1007 231 111 70 0.06848495453596115 6 -1 -1 
303 295 67 159 0.06836065649986267 6 -1 -1 
954 236 131 64 0.06830119341611862 6 -1 -1 
964 252 156 61 0.06808684021234512 9 -1 -1 
1037 248 109 63 0.06802116334438324 6 -1 -1 
476 253 234 102 0.06750417500734329 6 -1 -1 
438 254 78 63 0.06742935627698898 9 -1 -1 
302 301 79 87 0.06716518849134445 5 -1 -1 
1 289 175 193 0.06705532968044281 5 -1 -1 
139 218 85 65 0.06699375808238983 5 -1 -1 
789 258 251 96 0.06662534177303314 6 -1 -1 
1064 278 116 68 0.06634104996919632 6 -1 -1 
433 269 78 68 0.06610450893640518 6 -1 -1 
177 241 72 69 0.06599867343902588 5 -1 -1 
1089 278 103 53 0.06584842503070831 6 -1 -1 
263 209 80 69 0.0657120794057846 6 -1 -1 
425 239 92 54 0.06553823500871658 9 -1 -1 
303 298 54 116 0.06536228954792023 7 -1 -1 
221 248 169 179 0.0650576576590538 6 -1 -1 
956 250 178 101 0.06492771208286285 7 -1 -1 
52 224 90 76 0.06471725553274155 6 -1 -1 
950 254 136 74 0.06408396363258362 9 -1 -1 
547 263 107 68 0.06400738656520844 6 -1 -1 
26 214 176 220 0.062489256262779236 6 -1 -1 
394 599 500 166 0.06235005334019661 6 -1 -1 
0 230 89 217 0.0618053674697876 6 -1 -1 
0 291 151 188 0.06174909695982933 4 -1 -1 
956 250 178 101 0.05949454382061958 8 -1 -1 
1020 257 193 94 0.05929691344499588 6 -1 -1 
828 259 274 101 0.05577460676431656 9 -1 -1 
293 289 115 182 0.05150796100497246 9 -1 -1 
121 294 101 196 0.05091318488121033 8 -1 -1 
