494 78 18 20 0.9932510256767273 9 -1 -1 
386 74 35 17 0.9907310605049133 9 -1 -1 
607 210 41 26 0.9847363829612732 5 -1 -1 
346 242 64 32 0.9817613959312439 6 -1 -1 
284 244 56 28 0.97566819190979 5 -1 -1 
888 548 124 56 0.9450086355209351 4 -1 -1 
421 595 68 92 0.9432700276374817 4 -1 -1 
718 551 64 73 0.9396368265151978 4 -1 -1 
262 349 13 28 0.9240812063217163 1 -1 -1 
663 400 39 39 0.916958212852478 4 -1 -1 
558 289 30 31 0.9123261570930481 4 -1 -1 
712 383 35 35 0.9067494869232178 4 -1 -1 
944 662 160 70 0.9066953063011169 4 -1 -1 
110 230 57 22 0.9066463112831116 4 -1 -1 
660 344 35 34 0.9027034044265747 4 -1 -1 
508 525 40 67 0.8972231149673462 8 -1 -1 
386 440 50 50 0.8861757516860962 4 -1 -1 
218 392 10 27 0.8821465969085693 1 -1 -1 
301 290 9 24 0.8675747513771057 1 -1 -1 
106 214 55 21 0.8662537336349487 4 -1 -1 
721 202 40 18 0.8598976135253906 4 -1 -1 
376 168 40 15 0.8329674005508423 4 -1 -1 
652 284 30 29 0.8277823328971863 4 -1 -1 
710 246 46 23 0.827582597732544 5 -1 -1 
673 319 9 19 0.8265217542648315 3 -1 -1 
288 283 9 24 0.8259873986244202 1 -1 -1 
293 275 8 25 0.8245149254798889 1 -1 -1 
254 359 9 18 0.8158460259437561 1 -1 -1 
761 358 27 18 0.8122955560684204 10 -1 -1 
649 316 8 21 0.8102009296417236 3 -1 -1 
736 224 45 17 0.8097515106201172 4 -1 -1 
616 264 26 24 0.7921153903007507 4 -1 -1 
207 306 8 25 0.7900186777114868 1 -1 -1 
525 148 17 15 0.7775774598121643 4 -1 -1 
591 232 28 22 0.7762284874916077 4 -1 -1 
605 341 10 22 0.775871992111206 3 -1 -1 
170 207 34 20 0.7713302373886108 4 -1 -1 
330 291 8 23 0.7702770233154297 1 -1 -1 
308 280 8 22 0.7657473683357239 1 -1 -1 
275 280 8 21 0.7653552293777466 1 -1 -1 
341 291 10 28 0.7652275562286377 1 -1 -1 
704 281 8 24 0.7599654197692871 1 -1 -1 
412 117 28 12 0.741339921951294 4 -1 -1 
403 144 39 19 0.7390498518943787 5 -1 -1 
660 233 35 20 0.7389793992042542 4 -1 -1 
400 380 66 44 0.734717845916748 4 -1 -1 
510 244 15 11 0.7311784029006958 10 -1 -1 
712 281 9 24 0.7295551300048828 1 -1 -1 
247 290 9 25 0.7284504175186157 1 -1 -1 
768 237 8 20 0.723856508731842 1 -1 -1 
341 280 9 21 0.7226488590240479 1 -1 -1 
584 156 37 14 0.7150716781616211 4 -1 -1 
548 142 16 12 0.703946053981781 4 -1 -1 
386 89 20 9 0.6994678974151611 4 -1 -1 
604 335 11 21 0.6982463598251343 2 -1 -1 
175 405 9 12 0.6837865114212036 7 -1 -1 
672 312 10 19 0.6794943809509277 2 -1 -1 
694 366 13 22 0.6738645434379578 2 -1 -1 
515 238 8 14 0.6733946800231934 2 -1 -1 
743 212 37 17 0.6691994667053223 6 -1 -1 
516 370 10 25 0.6580847501754761 3 -1 -1 
758 240 8 20 0.6498926281929016 1 -1 -1 
479 83 9 9 0.63637775182724 4 -1 -1 
411 107 22 9 0.6355516314506531 4 -1 -1 
649 310 9 21 0.62967848777771 2 -1 -1 
678 266 8 20 0.6282956600189209 1 -1 -1 
716 267 8 21 0.620137631893158 1 -1 -1 
692 252 8 20 0.613591730594635 1 -1 -1 
688 291 10 19 0.6103357076644897 2 -1 -1 
398 97 23 9 0.6088429093360901 4 -1 -1 
409 136 35 13 0.608749270439148 4 -1 -1 
694 371 13 23 0.6042217016220093 10 -1 -1 
495 78 17 20 0.6036105155944824 5 -1 -1 
771 314 19 14 0.595008373260498 10 -1 -1 
652 483 50 58 0.5808117985725403 4 -1 -1 
315 285 8 22 0.578280508518219 1 -1 -1 
596 161 32 16 0.5734453201293945 4 -1 -1 
516 363 10 23 0.5703784227371216 2 -1 -1 
504 161 6 11 0.5679961442947388 2 -1 -1 
1065 723 166 39 0.5669640898704529 4 -1 -1 
556 712 64 52 0.5589419007301331 4 -1 -1 
395 86 19 9 0.5495262742042542 4 -1 -1 
707 254 7 21 0.5459027886390686 1 -1 -1 
467 95 10 10 0.5430412292480469 4 -1 -1 
684 266 8 20 0.538684070110321 1 -1 -1 
802 520 15 24 0.5288968086242676 10 -1 -1 
532 109 29 14 0.5267215967178345 4 -1 -1 
366 150 6 16 0.5250581502914429 1 -1 -1 
503 165 7 10 0.5194280743598938 10 -1 -1 
724 258 36 18 0.5067852735519409 8 -1 -1 
1288 346 68 33 0.4980062246322632 4 -1 -1 
493 189 18 24 0.4948285222053528 4 -1 -1 
224 231 40 20 0.4901834726333618 4 -1 -1 
453 78 16 18 0.49017035961151123 5 -1 -1 
688 299 10 16 0.48974642157554626 3 -1 -1 
811 332 10 23 0.4880227744579315 10 -1 -1 
705 272 7 18 0.4809515178203583 1 -1 -1 
651 482 51 59 0.4741816818714142 5 -1 -1 
224 231 41 20 0.47177231311798096 5 -1 -1 
425 157 31 14 0.4689185619354248 4 -1 -1 
779 303 20 15 0.4681473672389984 3 -1 -1 
764 293 10 23 0.4648299813270569 1 -1 -1 
693 245 8 25 0.46298620104789734 1 -1 -1 
767 299 25 15 0.4612370729446411 10 -1 -1 
410 98 16 10 0.4605054557323456 4 -1 -1 
895 401 11 23 0.4584677219390869 1 -1 -1 
527 131 6 14 0.4581301212310791 1 -1 -1 
607 163 29 16 0.4521210193634033 4 -1 -1 
688 299 10 16 0.44285130500793457 10 -1 -1 
311 282 8 21 0.4336961805820465 1 -1 -1 
674 208 6 15 0.43213388323783875 1 -1 -1 
523 132 4 12 0.4317864775657654 1 -1 -1 
513 240 11 14 0.43010759353637695 2 -1 -1 
517 112 6 11 0.4281822741031647 1 -1 -1 
390 88 20 8 0.426291823387146 4 -1 -1 
831 358 13 20 0.42608940601348877 3 -1 -1 
701 253 7 18 0.42097264528274536 1 -1 -1 
524 132 6 13 0.41871917247772217 1 -1 -1 
700 210 7 18 0.41586363315582275 1 -1 -1 
592 154 34 13 0.41546759009361267 4 -1 -1 
175 404 8 11 0.41542869806289673 2 -1 -1 
771 313 20 15 0.4069385230541229 3 -1 -1 
797 336 11 14 0.40497082471847534 10 -1 -1 
662 180 33 15 0.4044856131076813 4 -1 -1 
711 275 7 19 0.40394100546836853 1 -1 -1 
743 212 36 16 0.3980194628238678 5 -1 -1 
384 290 9 22 0.3966083526611328 1 -1 -1 
678 211 13 14 0.3915638327598572 10 -1 -1 
371 287 9 15 0.382892370223999 2 -1 -1 
513 241 11 13 0.3793945610523224 10 -1 -1 
614 168 24 16 0.3771645724773407 4 -1 -1 
764 293 11 22 0.3752381205558777 2 -1 -1 
703 253 7 21 0.3727055788040161 1 -1 -1 
527 130 6 13 0.3637189567089081 2 -1 -1 
453 78 16 17 0.3594646751880646 9 -1 -1 
516 363 11 24 0.35562804341316223 1 -1 -1 
832 357 11 19 0.3555620610713959 2 -1 -1 
557 155 5 12 0.3554050922393799 1 -1 -1 
525 112 4 10 0.3518330156803131 1 -1 -1 
356 222 49 17 0.35175251960754395 4 -1 -1 
403 144 40 19 0.3188505172729492 4 -1 -1 
1066 723 165 40 0.3021547794342041 5 -1 -1 
712 246 45 26 0.2988506853580475 8 -1 -1 
951 707 158 26 0.29495948553085327 4 -1 -1 
712 252 46 23 0.2762235105037689 5 -1 -1 
507 525 42 68 0.27489322423934937 5 -1 -1 
742 211 40 18 0.27242231369018555 4 -1 -1 
590 157 40 17 0.23848497867584229 4 -1 -1 
611 163 41 20 0.2328653782606125 4 -1 -1 
295 243 51 23 0.22779615223407745 5 -1 -1 
555 712 65 52 0.2215144783258438 5 -1 -1 
297 237 60 26 0.21713581681251526 5 -1 -1 
710 246 46 23 0.2165158987045288 4 -1 -1 
346 242 62 32 0.20726290345191956 5 -1 -1 
717 257 43 20 0.20275098085403442 7 -1 -1 
655 176 43 20 0.2003888636827469 4 -1 -1 
600 160 41 19 0.19862987101078033 4 -1 -1 
346 242 64 32 0.19725827872753143 8 -1 -1 
730 285 49 20 0.17743174731731415 4 -1 -1 
507 525 42 68 0.17695488035678864 6 -1 -1 
710 246 48 26 0.17493227124214172 6 -1 -1 
293 226 71 29 0.1747043877840042 5 -1 -1 
302 243 45 22 0.17294828593730927 4 -1 -1 
507 525 41 68 0.17070803046226501 7 -1 -1 
717 257 43 20 0.17009641230106354 4 -1 -1 
408 135 39 16 0.16909974813461304 5 -1 -1 
400 380 67 44 0.1653798669576645 5 -1 -1 
710 255 48 22 0.1652059406042099 8 -1 -1 
284 244 56 28 0.16343070566654205 4 -1 -1 
346 242 63 32 0.1605471819639206 7 -1 -1 
0 605 58 54 0.15947924554347992 6 -1 -1 
409 137 41 18 0.1581619679927826 4 -1 -1 
353 233 59 24 0.1577928513288498 6 -1 -1 
490 184 23 33 0.15691795945167542 4 -1 -1 
351 238 62 28 0.15635114908218384 6 -1 -1 
1064 724 165 39 0.15028752386569977 6 -1 -1 
284 244 56 28 0.14756585657596588 6 -1 -1 
507 525 41 68 0.14498618245124817 9 -1 -1 
507 525 42 68 0.1437012106180191 4 -1 -1 
507 525 41 67 0.1379694789648056 1 -1 -1 
409 138 41 19 0.13642500340938568 5 -1 -1 
358 226 50 19 0.13621214032173157 4 -1 -1 
723 195 48 17 0.1327480971813202 9 -1 -1 
710 255 48 22 0.1318548619747162 6 -1 -1 
224 230 41 21 0.13079912960529327 6 -1 -1 
408 231 52 28 0.12277266383171082 4 -1 -1 
728 286 53 22 0.12220752239227295 5 -1 -1 
390 74 42 21 0.1208474338054657 9 -1 -1 
287 230 85 46 0.11982159316539764 9 -1 -1 
355 231 56 22 0.1188487634062767 4 -1 -1 
314 233 88 42 0.11740770936012268 6 -1 -1 
284 244 56 28 0.11688267439603806 8 -1 -1 
403 144 39 19 0.11617918312549591 6 -1 -1 
736 224 45 18 0.11561119556427002 5 -1 -1 
295 230 67 31 0.11560513079166412 4 -1 -1 
346 243 62 31 0.11269024759531021 2 -1 -1 
386 73 38 19 0.11113805323839188 6 -1 -1 
793 516 25 30 0.11094237864017487 10 -1 -1 
590 231 29 24 0.11033090949058533 5 -1 -1 
425 155 37 17 0.10973698645830154 5 -1 -1 
721 202 40 18 0.10959814488887787 5 -1 -1 
170 206 34 21 0.10939101874828339 5 -1 -1 
889 548 122 56 0.10871613025665283 9 -1 -1 
595 159 39 18 0.10755633562803268 5 -1 -1 
555 711 65 53 0.10630335658788681 9 -1 -1 
335 191 86 34 0.10586408525705338 9 -1 -1 
294 229 66 32 0.10556778311729431 6 -1 -1 
356 222 49 17 0.10521459579467773 5 -1 -1 
718 551 64 73 0.10510176420211792 9 -1 -1 
346 242 63 32 0.10437874495983124 4 -1 -1 
421 594 68 93 0.10419735312461853 9 -1 -1 
296 227 87 42 0.10306090116500854 6 -1 -1 
722 256 40 21 0.10256315022706985 5 -1 -1 
663 399 39 40 0.1022399440407753 5 -1 -1 
766 293 34 24 0.10187623649835587 3 -1 -1 
796 328 28 28 0.10186177492141724 10 -1 -1 
890 548 121 56 0.10130609571933746 1 -1 -1 
735 224 45 18 0.10074611753225327 6 -1 -1 
889 548 123 56 0.10046042501926422 5 -1 -1 
423 225 47 35 0.09837166965007782 4 -1 -1 
718 551 64 72 0.09814514964818954 5 -1 -1 
246 205 21 46 0.09779916703701019 4 -1 -1 
224 231 41 20 0.0971040427684784 8 -1 -1 
408 236 39 26 0.09650535136461258 4 -1 -1 
946 707 162 26 0.0963829979300499 5 -1 -1 
616 159 44 26 0.09635718166828156 4 -1 -1 
608 161 41 20 0.09582100063562393 5 -1 -1 
345 243 64 31 0.09507372975349426 9 -1 -1 
307 239 53 24 0.09487786889076233 4 -1 -1 
764 293 35 24 0.09483165293931961 10 -1 -1 
337 229 74 43 0.09471659362316132 6 -1 -1 
507 525 41 68 0.09429730474948883 2 -1 -1 
346 243 62 31 0.09426407516002655 10 -1 -1 
716 244 44 20 0.09404048323631287 5 -1 -1 
838 335 16 37 0.09394654631614685 10 -1 -1 
346 242 63 32 0.09394099563360214 1 -1 -1 
346 243 62 31 0.09242258965969086 3 -1 -1 
349 235 59 25 0.09204478561878204 4 -1 -1 
507 525 42 67 0.0919329971075058 3 -1 -1 
584 155 39 16 0.09186365455389023 5 -1 -1 
606 156 41 21 0.09161107242107391 4 -1 -1 
421 595 68 92 0.09104044735431671 6 -1 -1 
720 247 41 29 0.09095512330532074 4 -1 -1 
944 662 160 70 0.09068591147661209 9 -1 -1 
741 284 50 24 0.09039714187383652 4 -1 -1 
658 177 40 19 0.08991703391075134 5 -1 -1 
386 73 38 20 0.08986285328865051 4 -1 -1 
721 202 40 18 0.08925297856330872 9 -1 -1 
555 711 65 53 0.08898662030696869 6 -1 -1 
421 595 68 92 0.08851433545351028 5 -1 -1 
284 244 56 28 0.088511623442173 10 -1 -1 
742 212 38 18 0.08685644716024399 9 -1 -1 
741 284 50 24 0.08681794255971909 5 -1 -1 
707 256 49 22 0.086788609623909 9 -1 -1 
305 227 60 27 0.08674930781126022 4 -1 -1 
712 246 45 26 0.08627334982156754 7 -1 -1 
718 550 64 73 0.08591273427009583 1 -1 -1 
726 262 41 22 0.08590719103813171 8 -1 -1 
736 224 45 18 0.08540397882461548 1 -1 -1 
283 228 77 39 0.0826994776725769 5 -1 -1 
1076 708 156 54 0.08038002252578735 9 -1 -1 
281 234 76 39 0.06935980170965195 6 -1 -1 
277 238 67 35 0.06707767397165298 9 -1 -1 
312 225 91 43 0.05869293957948685 9 -1 -1 
290 221 81 36 0.053507424890995026 6 -1 -1 
