477 178 41 45 0.9840817451477051 6 -1 -1 
466 225 27 39 0.9531391263008118 7 -1 -1 
327 466 119 84 0.9153988361358643 4 -1 -1 
568 265 31 46 0.9109445810317993 8 -1 -1 
354 670 18 49 0.8857679963111877 1 -1 -1 
445 469 17 42 0.8843655586242676 1 -1 -1 
1006 429 42 30 0.8714497089385986 10 -1 -1 
659 148 40 31 0.8578342199325562 4 -1 -1 
990 392 71 37 0.8577595353126526 7 -1 -1 
594 22 18 27 0.8458724021911621 5 -1 -1 
667 70 8 19 0.8401497006416321 1 -1 -1 
678 186 33 37 0.8198506832122803 4 -1 -1 
572 51 21 22 0.8152623176574707 4 -1 -1 
467 327 14 33 0.7983614206314087 1 -1 -1 
622 28 20 19 0.7921671271324158 4 -1 -1 
674 72 7 19 0.7833117842674255 1 -1 -1 
497 94 35 32 0.7791681885719299 5 -1 -1 
448 440 16 39 0.7693812251091003 1 -1 -1 
659 13 36 17 0.7693648338317871 4 -1 -1 
543 43 20 19 0.7676340937614441 4 -1 -1 
335 666 17 47 0.7650127410888672 1 -1 -1 
536 7 26 18 0.7610379457473755 4 -1 -1 
475 512 66 108 0.7561507821083069 4 -1 -1 
541 54 20 21 0.73511803150177 4 -1 -1 
675 106 25 25 0.7258305549621582 4 -1 -1 
380 387 66 82 0.7214963436126709 4 -1 -1 
734 530 61 95 0.6931676864624023 5 -1 -1 
686 35 27 23 0.6742927432060242 5 -1 -1 
650 367 16 28 0.6692969799041748 2 -1 -1 
564 6 6 15 0.6676194667816162 1 -1 -1 
742 698 70 65 0.6540887355804443 5 -1 -1 
522 30 19 17 0.6462591886520386 4 -1 -1 
729 721 18 42 0.6223236918449402 1 -1 -1 
724 146 61 27 0.5692638158798218 4 -1 -1 
344 655 21 44 0.5384778380393982 1 -1 -1 
1029 394 16 26 0.533561646938324 2 -1 -1 
359 397 20 36 0.5292842984199524 10 -1 -1 
334 474 38 31 0.5266835689544678 10 -1 -1 
658 31 16 12 0.5256813764572144 10 -1 -1 
577 0 6 10 0.5132166147232056 10 -1 -1 
671 71 8 19 0.4946194887161255 1 -1 -1 
742 698 71 66 0.492651104927063 4 -1 -1 
731 25 36 20 0.4909158945083618 4 -1 -1 
722 235 102 49 0.48373904824256897 7 -1 -1 
650 375 15 30 0.48288556933403015 10 -1 -1 
471 139 12 22 0.47910240292549133 2 -1 -1 
744 164 73 30 0.47544968128204346 4 -1 -1 
733 530 62 95 0.4685346484184265 4 -1 -1 
650 375 16 30 0.45965132117271423 3 -1 -1 
724 237 102 45 0.45826947689056396 6 -1 -1 
657 0 31 10 0.4569149613380432 4 -1 -1 
472 224 13 22 0.44848936796188354 2 -1 -1 
816 94 29 27 0.44370806217193604 7 -1 -1 
816 94 29 27 0.42965781688690186 8 -1 -1 
448 439 16 39 0.427664577960968 2 -1 -1 
722 235 103 49 0.41998207569122314 8 -1 -1 
666 30 8 13 0.41162773966789246 1 -1 -1 
728 25 39 20 0.40388861298561096 5 -1 -1 
490 133 8 18 0.38679003715515137 1 -1 -1 
338 654 25 41 0.38257357478141785 2 -1 -1 
490 133 8 17 0.38162121176719666 2 -1 -1 
471 139 13 23 0.38142672181129456 1 -1 -1 
498 94 34 32 0.3713809847831726 4 -1 -1 
1011 394 45 32 0.37037765979766846 2 -1 -1 
816 93 29 28 0.3590880334377289 4 -1 -1 
686 35 29 23 0.3533017337322235 9 -1 -1 
421 358 27 17 0.3489868640899658 10 -1 -1 
336 655 28 46 0.3383806645870209 10 -1 -1 
449 446 15 36 0.3351331949234009 3 -1 -1 
652 1 36 17 0.333575963973999 4 -1 -1 
336 657 26 45 0.33111879229545593 1 -1 -1 
652 1 36 17 0.3241448402404785 5 -1 -1 
1020 395 27 32 0.32295939326286316 2 -1 -1 
666 30 8 13 0.3182539939880371 2 -1 -1 
379 387 67 82 0.30808496475219727 5 -1 -1 
728 148 77 28 0.30215686559677124 4 -1 -1 
471 143 13 21 0.30195778608322144 3 -1 -1 
442 471 14 41 0.2988235354423523 1 -1 -1 
345 654 18 34 0.295954167842865 2 -1 -1 
659 31 16 12 0.2867162525653839 1 -1 -1 
653 0 35 12 0.28595030307769775 5 -1 -1 
886 330 56 83 0.2859266996383667 4 -1 -1 
429 345 23 17 0.2828865647315979 3 -1 -1 
490 116 8 15 0.2826633155345917 2 -1 -1 
990 392 72 37 0.2816733419895172 8 -1 -1 
349 662 20 47 0.27574822306632996 1 -1 -1 
489 116 10 18 0.27111998200416565 10 -1 -1 
541 38 16 15 0.27103981375694275 4 -1 -1 
1028 394 18 30 0.2705349028110504 1 -1 -1 
659 31 16 12 0.269241601228714 2 -1 -1 
477 178 40 45 0.2666914761066437 5 -1 -1 
708 92 52 24 0.2633001208305359 5 -1 -1 
742 157 68 28 0.26120972633361816 4 -1 -1 
659 31 8 11 0.2584775686264038 2 -1 -1 
568 265 31 46 0.2576867640018463 5 -1 -1 
337 656 27 48 0.2559327781200409 3 -1 -1 
466 225 27 39 0.2515609860420227 3 -1 -1 
858 218 52 23 0.2513570189476013 7 -1 -1 
744 165 73 31 0.2513139843940735 5 -1 -1 
1011 394 45 32 0.2504366338253021 7 -1 -1 
466 225 27 39 0.24456828832626343 8 -1 -1 
476 512 65 108 0.24364642798900604 5 -1 -1 
339 665 26 48 0.24318860471248627 1 -1 -1 
828 234 65 32 0.24216753244400024 6 -1 -1 
477 178 41 45 0.2421484738588333 4 -1 -1 
658 31 16 12 0.23984862864017487 7 -1 -1 
708 92 52 24 0.23786106705665588 4 -1 -1 
577 0 6 9 0.23715698719024658 2 -1 -1 
655 1 22 14 0.23564781248569489 1 -1 -1 
418 354 31 22 0.23562918603420258 3 -1 -1 
653 9 37 14 0.23094607889652252 4 -1 -1 
542 39 19 18 0.23081976175308228 4 -1 -1 
441 485 13 27 0.23079174757003784 1 -1 -1 
872 304 65 108 0.22633321583271027 4 -1 -1 
472 139 10 14 0.2258460968732834 2 -1 -1 
427 349 23 17 0.22493521869182587 3 -1 -1 
650 367 16 28 0.22472816705703735 1 -1 -1 
472 223 11 16 0.22398541867733002 2 -1 -1 
723 138 56 27 0.22284017503261566 4 -1 -1 
859 219 51 22 0.22038625180721283 8 -1 -1 
339 654 22 34 0.2180739790201187 1 -1 -1 
1005 428 43 31 0.2176014930009842 4 -1 -1 
334 664 20 48 0.21539215743541718 10 -1 -1 
466 225 27 39 0.21538923680782318 6 -1 -1 
514 28 26 17 0.2148241549730301 4 -1 -1 
659 31 9 12 0.21423690021038055 10 -1 -1 
687 34 43 23 0.21364372968673706 5 -1 -1 
651 5 23 15 0.21342529356479645 4 -1 -1 
651 1 27 17 0.21121597290039062 8 -1 -1 
686 35 48 23 0.21031714975833893 9 -1 -1 
474 142 14 22 0.20985640585422516 3 -1 -1 
687 36 24 22 0.20916208624839783 4 -1 -1 
449 446 15 36 0.20848585665225983 10 -1 -1 
485 0 6 10 0.2075798660516739 1 -1 -1 
816 93 28 28 0.2070465385913849 5 -1 -1 
872 321 62 86 0.20659390091896057 5 -1 -1 
687 35 40 23 0.20415475964546204 6 -1 -1 
564 10 6 12 0.20344239473342896 3 -1 -1 
471 141 16 23 0.20196190476417542 10 -1 -1 
649 372 17 33 0.2004225254058838 2 -1 -1 
508 38 21 17 0.2002396434545517 4 -1 -1 
871 316 58 54 0.20007255673408508 4 -1 -1 
502 27 29 22 0.19970577955245972 4 -1 -1 
488 115 7 15 0.19915127754211426 2 -1 -1 
490 132 9 18 0.1991320699453354 10 -1 -1 
568 265 31 46 0.1975453794002533 7 -1 -1 
1046 386 33 25 0.19686412811279297 3 -1 -1 
490 124 10 23 0.19618019461631775 2 -1 -1 
1011 394 45 32 0.19544371962547302 1 -1 -1 
659 14 34 17 0.19444291293621063 5 -1 -1 
594 22 18 27 0.19399574398994446 4 -1 -1 
650 6 36 15 0.1920112818479538 5 -1 -1 
568 265 31 46 0.19048547744750977 4 -1 -1 
486 0 5 9 0.18962951004505157 2 -1 -1 
679 18 16 12 0.18954968452453613 4 -1 -1 
424 351 29 24 0.1885889321565628 10 -1 -1 
816 93 28 28 0.18764875829219818 6 -1 -1 
871 316 58 54 0.18678076565265656 5 -1 -1 
723 227 173 65 0.1859685182571411 6 -1 -1 
1020 395 27 32 0.185797318816185 1 -1 -1 
346 397 30 36 0.18579329550266266 10 -1 -1 
690 24 4 11 0.18494679033756256 1 -1 -1 
656 1 22 12 0.1841747909784317 4 -1 -1 
568 265 31 46 0.18226346373558044 6 -1 -1 
334 664 20 48 0.18099816143512726 3 -1 -1 
800 232 94 39 0.18078942596912384 6 -1 -1 
474 138 13 19 0.18016457557678223 2 -1 -1 
802 3 21 15 0.17986835539340973 4 -1 -1 
659 31 9 12 0.17814049124717712 7 -1 -1 
805 30 18 18 0.17701105773448944 10 -1 -1 
466 224 27 40 0.17604011297225952 4 -1 -1 
652 1 36 17 0.1700354963541031 6 -1 -1 
824 258 111 40 0.16775843501091003 6 -1 -1 
466 224 27 40 0.1661747545003891 10 -1 -1 
424 347 29 24 0.16596505045890808 3 -1 -1 
707 91 68 33 0.16126036643981934 5 -1 -1 
742 165 75 32 0.16024251282215118 6 -1 -1 
874 307 66 106 0.15937507152557373 6 -1 -1 
730 237 115 50 0.15674851834774017 4 -1 -1 
424 346 29 23 0.15351685881614685 10 -1 -1 
802 184 72 38 0.15143278241157532 6 -1 -1 
466 225 27 39 0.1501946598291397 2 -1 -1 
747 168 75 36 0.14945511519908905 4 -1 -1 
896 352 46 62 0.14594022929668427 4 -1 -1 
729 237 115 49 0.14522238075733185 5 -1 -1 
739 238 113 51 0.14258335530757904 6 -1 -1 
418 349 30 24 0.1424693465232849 10 -1 -1 
851 250 93 44 0.14109379053115845 6 -1 -1 
723 143 68 30 0.14064496755599976 5 -1 -1 
718 22 45 19 0.13574637472629547 4 -1 -1 
675 106 25 25 0.13285301625728607 5 -1 -1 
819 225 75 34 0.13274574279785156 6 -1 -1 
466 224 27 40 0.13203807175159454 9 -1 -1 
715 30 47 19 0.13194946944713593 4 -1 -1 
720 231 121 70 0.13094523549079895 6 -1 -1 
872 300 53 61 0.1302594691514969 5 -1 -1 
886 330 56 83 0.12904255092144012 5 -1 -1 
990 392 72 37 0.1268368810415268 3 -1 -1 
812 185 101 44 0.1254839450120926 6 -1 -1 
649 366 17 30 0.12360640615224838 10 -1 -1 
687 35 40 23 0.12328153103590012 4 -1 -1 
888 334 53 79 0.12224654853343964 6 -1 -1 
493 91 35 27 0.1217723935842514 4 -1 -1 
498 94 34 32 0.1212506964802742 6 -1 -1 
429 343 29 24 0.12103546410799026 3 -1 -1 
649 372 17 33 0.12096044421195984 1 -1 -1 
653 0 35 12 0.12043646723031998 6 -1 -1 
706 94 64 31 0.11861880123615265 9 -1 -1 
731 25 36 20 0.11788436770439148 6 -1 -1 
724 133 78 35 0.11718444526195526 4 -1 -1 
728 148 77 28 0.1169297844171524 5 -1 -1 
1170 566 148 163 0.11556342989206314 6 -1 -1 
416 347 29 26 0.11421418935060501 3 -1 -1 
817 81 64 42 0.11340615898370743 6 -1 -1 
1247 502 111 106 0.11247366666793823 6 -1 -1 
716 129 66 29 0.11199169605970383 4 -1 -1 
990 392 72 37 0.11129529029130936 10 -1 -1 
861 294 76 123 0.10930486768484116 5 -1 -1 
827 244 75 39 0.10666964203119278 6 -1 -1 
808 184 72 34 0.106320820748806 7 -1 -1 
650 6 36 15 0.10628063231706619 6 -1 -1 
708 90 66 33 0.10595991462469101 4 -1 -1 
787 217 105 44 0.10592395067214966 6 -1 -1 
421 343 26 25 0.10554341226816177 3 -1 -1 
500 33 27 22 0.10490038990974426 4 -1 -1 
428 342 28 22 0.10489542782306671 10 -1 -1 
1173 501 183 229 0.103596992790699 6 -1 -1 
743 177 82 47 0.103509820997715 6 -1 -1 
868 298 71 119 0.10302326083183289 9 -1 -1 
865 327 66 55 0.10300547629594803 6 -1 -1 
594 22 19 28 0.10198084264993668 6 -1 -1 
738 21 32 21 0.10081087052822113 4 -1 -1 
327 466 117 83 0.09998323768377304 5 -1 -1 
502 27 29 22 0.0998297929763794 5 -1 -1 
727 236 179 69 0.09901273250579834 9 -1 -1 
536 7 27 19 0.09776347875595093 5 -1 -1 
829 220 72 32 0.09729483723640442 6 -1 -1 
734 325 34 19 0.09628736227750778 3 -1 -1 
746 186 96 46 0.0961664617061615 6 -1 -1 
837 249 76 39 0.09609141200780869 6 -1 -1 
718 22 45 19 0.09588757902383804 5 -1 -1 
493 91 35 27 0.0940316841006279 5 -1 -1 
990 392 72 37 0.0934259444475174 6 -1 -1 
743 245 185 66 0.09329932183027267 6 -1 -1 
849 300 74 45 0.09261206537485123 4 -1 -1 
765 206 147 76 0.08592475950717926 6 -1 -1 
327 466 118 83 0.08049806952476501 10 -1 -1 
327 466 119 84 0.07657358795404434 1 -1 -1 
476 511 68 109 0.07545645534992218 9 -1 -1 
327 466 117 83 0.07505286484956741 9 -1 -1 
774 183 146 69 0.07392565906047821 6 -1 -1 
850 280 89 133 0.07362323999404907 6 -1 -1 
723 233 164 70 0.06357891857624054 5 -1 -1 
749 226 151 60 0.06214148923754692 9 -1 -1 
733 194 165 77 0.061059337109327316 6 -1 -1 
327 466 118 83 0.06100914999842644 7 -1 -1 
720 231 121 70 0.060315344482660294 9 -1 -1 
727 236 179 69 0.057106539607048035 4 -1 -1 
831 248 146 57 0.050986628979444504 6 -1 -1 
903 277 90 127 0.050680872052907944 6 -1 -1 
