430 326 44 52 0.9988487958908081 9 -1 -1 
496 250 27 35 0.9986472725868225 9 -1 -1 
289 446 59 63 0.9979668259620667 6 -1 -1 
625 355 21 30 0.9676591157913208 5 -1 -1 
382 439 43 51 0.9275308847427368 4 -1 -1 
136 412 68 30 0.9235389828681946 4 -1 -1 
872 424 57 47 0.8998193144798279 4 -1 -1 
829 423 53 42 0.8979631066322327 4 -1 -1 
541 485 41 54 0.8950327634811401 4 -1 -1 
940 424 17 25 0.877718448638916 3 -1 -1 
473 310 23 22 0.8739902973175049 4 -1 -1 
753 392 28 24 0.8715829849243164 7 -1 -1 
503 315 20 23 0.8115636110305786 4 -1 -1 
614 262 15 16 0.8083295226097107 4 -1 -1 
487 393 33 43 0.8080378770828247 4 -1 -1 
483 343 29 35 0.8049021363258362 4 -1 -1 
496 250 26 35 0.7952262759208679 6 -1 -1 
618 315 22 20 0.7945407032966614 4 -1 -1 
563 258 13 13 0.7933245897293091 4 -1 -1 
473 259 15 19 0.7913066148757935 5 -1 -1 
87 368 37 24 0.7788052558898926 7 -1 -1 
448 283 20 22 0.7778186202049255 5 -1 -1 
621 287 17 15 0.7731772065162659 4 -1 -1 
573 216 11 9 0.7593773007392883 4 -1 -1 
370 312 36 21 0.7544264197349548 4 -1 -1 
698 309 7 17 0.7542287111282349 1 -1 -1 
710 305 6 15 0.7495017647743225 1 -1 -1 
535 265 10 15 0.7424866557121277 7 -1 -1 
488 286 18 17 0.7396607995033264 4 -1 -1 
856 482 38 25 0.734486997127533 10 -1 -1 
620 333 22 24 0.7254452109336853 4 -1 -1 
576 181 7 5 0.7155799865722656 4 -1 -1 
592 220 12 11 0.7129654884338379 4 -1 -1 
705 304 6 14 0.7080780863761902 1 -1 -1 
547 209 19 8 0.697628915309906 4 -1 -1 
575 287 12 17 0.6965854167938232 8 -1 -1 
519 285 18 21 0.6917033195495605 4 -1 -1 
518 215 10 9 0.6908111572265625 4 -1 -1 
195 362 20 22 0.6845097541809082 10 -1 -1 
620 301 18 17 0.6843429207801819 4 -1 -1 
559 198 8 8 0.683136522769928 4 -1 -1 
461 227 24 10 0.6810068488121033 4 -1 -1 
576 248 8 11 0.6766720414161682 6 -1 -1 
370 495 17 31 0.6735914945602417 10 -1 -1 
586 190 6 5 0.6728950142860413 4 -1 -1 
415 389 39 45 0.6618833541870117 4 -1 -1 
447 420 40 58 0.6597703695297241 4 -1 -1 
608 219 9 8 0.6590356826782227 4 -1 -1 
481 256 14 14 0.6533370018005371 4 -1 -1 
575 174 4 5 0.639538586139679 4 -1 -1 
534 214 9 9 0.6300232410430908 4 -1 -1 
496 237 12 12 0.6233125925064087 4 -1 -1 
571 209 12 9 0.621338963508606 4 -1 -1 
372 491 15 26 0.6088265180587769 2 -1 -1 
592 204 5 6 0.5988987684249878 4 -1 -1 
555 191 6 6 0.5957058668136597 4 -1 -1 
897 525 60 13 0.5898454189300537 4 -1 -1 
697 295 6 13 0.5830366611480713 1 -1 -1 
501 311 8 11 0.5812826752662659 10 -1 -1 
162 362 18 21 0.5803712010383606 10 -1 -1 
593 199 7 6 0.5787198543548584 4 -1 -1 
623 409 9 16 0.5743811726570129 2 -1 -1 
814 451 16 12 0.5741347074508667 10 -1 -1 
502 306 6 11 0.5690208673477173 2 -1 -1 
527 204 9 10 0.5645966529846191 4 -1 -1 
548 203 9 8 0.5605744123458862 4 -1 -1 
595 271 5 7 0.5533323287963867 2 -1 -1 
533 196 8 8 0.5511125326156616 4 -1 -1 
528 203 9 8 0.5505663752555847 4 -1 -1 
149 522 26 16 0.5489681959152222 10 -1 -1 
594 273 6 8 0.5418994426727295 10 -1 -1 
48 353 8 15 0.5368857979774475 2 -1 -1 
415 389 38 44 0.5291544198989868 5 -1 -1 
412 494 40 45 0.5284333825111389 4 -1 -1 
459 389 8 15 0.5273826718330383 2 -1 -1 
37 345 10 16 0.5260664820671082 2 -1 -1 
702 316 8 17 0.5254307985305786 1 -1 -1 
623 415 8 17 0.5232053399085999 10 -1 -1 
634 253 30 14 0.5071926116943359 4 -1 -1 
609 343 7 16 0.49127182364463806 2 -1 -1 
576 248 8 11 0.4864184856414795 8 -1 -1 
754 392 27 24 0.4820646643638611 8 -1 -1 
594 272 6 9 0.48121383786201477 7 -1 -1 
465 233 23 11 0.47633060812950134 5 -1 -1 
669 335 13 13 0.46437668800354004 10 -1 -1 
430 326 44 52 0.46428826451301575 4 -1 -1 
663 342 16 14 0.45650336146354675 10 -1 -1 
535 265 10 15 0.4542568027973175 8 -1 -1 
663 348 16 11 0.4464002847671509 10 -1 -1 
289 446 59 63 0.4443172812461853 4 -1 -1 
608 343 8 17 0.4381106495857239 1 -1 -1 
586 167 6 6 0.4344576895236969 4 -1 -1 
465 233 22 11 0.4300134479999542 4 -1 -1 
559 181 7 7 0.42368102073669434 4 -1 -1 
612 232 11 11 0.4216558039188385 4 -1 -1 
689 264 5 10 0.4203440546989441 1 -1 -1 
608 348 7 13 0.4184507131576538 3 -1 -1 
458 396 10 20 0.41843363642692566 10 -1 -1 
541 203 3 6 0.4157363772392273 2 -1 -1 
86 368 39 24 0.4093543589115143 6 -1 -1 
288 446 60 62 0.4039705991744995 7 -1 -1 
623 409 8 22 0.40121468901634216 1 -1 -1 
875 480 10 18 0.39874765276908875 2 -1 -1 
601 213 14 9 0.396083801984787 4 -1 -1 
722 309 9 15 0.3900832533836365 10 -1 -1 
548 203 9 9 0.38671478629112244 5 -1 -1 
609 347 7 14 0.38416123390197754 10 -1 -1 
496 250 27 35 0.3829154074192047 4 -1 -1 
155 364 11 16 0.3808872699737549 10 -1 -1 
155 365 10 16 0.38065752387046814 3 -1 -1 
496 250 27 35 0.3803806006908417 10 -1 -1 
430 326 44 52 0.37944480776786804 10 -1 -1 
543 228 6 8 0.37166348099708557 2 -1 -1 
443 304 11 13 0.370232492685318 2 -1 -1 
289 446 59 63 0.3678007423877716 5 -1 -1 
0 360 25 20 0.3660881221294403 7 -1 -1 
575 287 12 18 0.3643378019332886 7 -1 -1 
3 332 12 15 0.3636767268180847 10 -1 -1 
374 491 10 21 0.36122050881385803 2 -1 -1 
439 307 9 14 0.36084386706352234 2 -1 -1 
459 391 9 19 0.3605412542819977 2 -1 -1 
430 326 44 52 0.3589533567428589 5 -1 -1 
46 359 13 11 0.3586099445819855 10 -1 -1 
701 302 5 13 0.35587480664253235 1 -1 -1 
447 421 40 57 0.35193803906440735 5 -1 -1 
939 414 13 14 0.35050657391548157 10 -1 -1 
723 307 8 14 0.34446290135383606 2 -1 -1 
541 203 3 7 0.34427693486213684 10 -1 -1 
710 292 7 14 0.3437325358390808 1 -1 -1 
430 326 44 52 0.3435285687446594 3 -1 -1 
566 190 4 7 0.3429507315158844 10 -1 -1 
637 322 7 14 0.3408704102039337 1 -1 -1 
430 326 44 52 0.3381533622741699 1 -1 -1 
595 272 5 8 0.33579549193382263 2 -1 -1 
623 415 8 17 0.33382582664489746 3 -1 -1 
856 480 40 26 0.33161693811416626 7 -1 -1 
814 451 10 11 0.33132660388946533 10 -1 -1 
46 358 12 13 0.3261745870113373 2 -1 -1 
87 368 37 24 0.32507407665252686 8 -1 -1 
289 446 59 63 0.32464349269866943 10 -1 -1 
567 189 4 7 0.32430508732795715 2 -1 -1 
458 395 11 21 0.321013480424881 7 -1 -1 
543 228 6 9 0.32063108682632446 10 -1 -1 
704 299 6 15 0.3199562430381775 1 -1 -1 
496 250 27 35 0.3166840970516205 1 -1 -1 
624 245 5 12 0.31493762135505676 1 -1 -1 
541 203 3 7 0.3148323893547058 1 -1 -1 
502 306 6 13 0.31469717621803284 10 -1 -1 
430 326 44 52 0.31454864144325256 7 -1 -1 
458 395 10 21 0.3137439489364624 3 -1 -1 
496 250 27 35 0.3132248818874359 2 -1 -1 
543 228 6 9 0.3104415833950043 7 -1 -1 
464 222 20 10 0.3022936284542084 4 -1 -1 
555 191 7 6 0.30219048261642456 5 -1 -1 
430 326 44 52 0.30208975076675415 6 -1 -1 
496 250 27 35 0.30190786719322205 3 -1 -1 
496 250 27 35 0.30109965801239014 5 -1 -1 
705 290 6 13 0.2996758818626404 1 -1 -1 
664 338 17 12 0.29963505268096924 10 -1 -1 
430 326 44 52 0.2994768023490906 2 -1 -1 
370 497 17 30 0.29903456568717957 3 -1 -1 
289 446 59 63 0.2983633577823639 8 -1 -1 
496 250 27 35 0.29742956161499023 7 -1 -1 
566 190 5 7 0.294211208820343 1 -1 -1 
288 446 60 62 0.2941681146621704 9 -1 -1 
576 248 8 11 0.29305413365364075 5 -1 -1 
441 304 13 15 0.29260751605033875 10 -1 -1 
536 195 8 6 0.29085832834243774 4 -1 -1 
521 208 10 8 0.2897716164588928 4 -1 -1 
709 293 6 14 0.2869933247566223 1 -1 -1 
577 169 4 3 0.2852671146392822 4 -1 -1 
36 345 11 17 0.2829500436782837 1 -1 -1 
96 373 29 19 0.2814355492591858 7 -1 -1 
653 344 8 17 0.2811029553413391 1 -1 -1 
496 250 27 35 0.2806001305580139 8 -1 -1 
580 162 4 5 0.2803400158882141 8 -1 -1 
705 292 7 14 0.2793532609939575 1 -1 -1 
530 201 8 8 0.276783287525177 4 -1 -1 
371 491 15 26 0.27307242155075073 10 -1 -1 
413 494 38 45 0.2678488790988922 5 -1 -1 
430 326 44 52 0.2676432430744171 8 -1 -1 
620 333 22 24 0.2525081932544708 5 -1 -1 
372 491 15 26 0.2432953119277954 1 -1 -1 
411 298 27 15 0.24159783124923706 4 -1 -1 
858 480 38 19 0.23946066200733185 10 -1 -1 
412 494 40 45 0.22949954867362976 6 -1 -1 
289 446 59 62 0.22646194696426392 2 -1 -1 
462 229 25 12 0.22592806816101074 4 -1 -1 
412 494 40 45 0.2251674085855484 8 -1 -1 
0 360 24 20 0.218624547123909 8 -1 -1 
634 253 29 14 0.21755199134349823 5 -1 -1 
138 522 35 16 0.20681151747703552 7 -1 -1 
411 298 28 15 0.2063918560743332 7 -1 -1 
370 312 36 22 0.20524436235427856 5 -1 -1 
503 315 20 23 0.19955185055732727 5 -1 -1 
519 285 18 21 0.18960127234458923 5 -1 -1 
448 283 20 22 0.1888761669397354 6 -1 -1 
625 355 21 30 0.18852250277996063 4 -1 -1 
412 494 40 45 0.18703478574752808 7 -1 -1 
415 389 39 44 0.183902308344841 6 -1 -1 
411 298 27 15 0.18226397037506104 8 -1 -1 
753 392 28 24 0.18073904514312744 3 -1 -1 
631 251 24 15 0.1791938692331314 4 -1 -1 
856 480 40 26 0.1776430308818817 8 -1 -1 
939 415 19 26 0.17155253887176514 3 -1 -1 
856 480 40 26 0.1713370680809021 3 -1 -1 
473 310 23 22 0.16732454299926758 5 -1 -1 
460 226 25 11 0.16712094843387604 5 -1 -1 
636 258 32 15 0.16674646735191345 4 -1 -1 
449 283 19 22 0.16212935745716095 4 -1 -1 
289 446 59 63 0.1576424539089203 3 -1 -1 
195 362 20 22 0.15720131993293762 3 -1 -1 
289 446 59 63 0.15477508306503296 1 -1 -1 
421 301 29 15 0.14892983436584473 7 -1 -1 
633 256 26 15 0.1482429802417755 4 -1 -1 
488 394 32 42 0.14797750115394592 5 -1 -1 
661 336 21 19 0.14580340683460236 10 -1 -1 
462 229 25 12 0.14525733888149261 5 -1 -1 
412 298 26 15 0.1432124376296997 5 -1 -1 
644 262 34 16 0.14267516136169434 4 -1 -1 
162 362 19 21 0.14195169508457184 7 -1 -1 
858 481 37 25 0.14138515293598175 2 -1 -1 
625 355 21 30 0.13820570707321167 8 -1 -1 
620 301 19 18 0.13765744864940643 5 -1 -1 
859 479 37 17 0.1371883898973465 8 -1 -1 
457 388 12 28 0.13713552057743073 2 -1 -1 
753 392 28 24 0.13345976173877716 10 -1 -1 
415 389 38 44 0.10517463088035583 9 -1 -1 
415 389 38 44 0.06792093068361282 8 -1 -1 
855 480 41 28 0.050203945487737656 9 -1 -1 
