435 233 47 65 0.9986782670021057 9 -1 -1 
861 348 86 96 0.9688785672187805 8 -1 -1 
124 257 68 29 0.9479141235351562 4 -1 -1 
64 300 83 54 0.8898338675498962 5 -1 -1 
390 238 24 20 0.8895096778869629 4 -1 -1 
773 344 38 41 0.837851881980896 10 -1 -1 
282 274 11 19 0.8186736106872559 3 -1 -1 
503 226 20 14 0.8120400905609131 4 -1 -1 
296 299 21 31 0.7930914163589478 10 -1 -1 
236 299 19 28 0.7865620255470276 10 -1 -1 
734 454 216 85 0.7728719711303711 4 -1 -1 
217 249 47 31 0.7661117315292358 5 -1 -1 
298 291 17 28 0.7408474087715149 2 -1 -1 
165 336 24 36 0.7381792068481445 10 -1 -1 
505 252 10 17 0.7131525278091431 2 -1 -1 
319 259 12 21 0.713106632232666 2 -1 -1 
504 258 11 16 0.7025535106658936 10 -1 -1 
508 235 13 17 0.7009423971176147 7 -1 -1 
283 266 10 23 0.6916347146034241 2 -1 -1 
542 253 9 17 0.6902516484260559 2 -1 -1 
637 239 65 29 0.6897255182266235 4 -1 -1 
348 214 14 12 0.6797268390655518 5 -1 -1 
785 303 128 46 0.6725329756736755 4 -1 -1 
698 248 118 43 0.6706809997558594 6 -1 -1 
457 210 12 10 0.6606207489967346 4 -1 -1 
75 280 34 24 0.6522701978683472 10 -1 -1 
780 331 24 41 0.6493743062019348 2 -1 -1 
319 267 12 18 0.6471736431121826 10 -1 -1 
168 321 20 39 0.6428677439689636 2 -1 -1 
240 291 14 26 0.6418203711509705 2 -1 -1 
519 245 14 18 0.6403296589851379 7 -1 -1 
519 243 13 19 0.6356362104415894 8 -1 -1 
337 226 17 23 0.6337502598762512 8 -1 -1 
0 335 80 55 0.6237866282463074 4 -1 -1 
542 257 10 17 0.6086832880973816 10 -1 -1 
488 228 7 15 0.5882883667945862 1 -1 -1 
474 225 10 15 0.5848329663276672 3 -1 -1 
91 270 31 23 0.5844094753265381 10 -1 -1 
413 216 20 21 0.5649113655090332 4 -1 -1 
829 309 128 60 0.5618665218353271 4 -1 -1 
720 339 16 29 0.507000207901001 1 -1 -1 
509 236 12 15 0.5058533549308777 8 -1 -1 
368 218 18 10 0.4968882203102112 10 -1 -1 
698 250 79 33 0.48832404613494873 6 -1 -1 
904 380 30 43 0.4821139872074127 2 -1 -1 
488 206 5 13 0.48161420226097107 1 -1 -1 
249 242 37 23 0.4795750677585602 4 -1 -1 
435 233 47 65 0.4692067503929138 4 -1 -1 
504 211 6 12 0.46583542227745056 1 -1 -1 
297 296 19 31 0.46580952405929565 2 -1 -1 
1 308 19 34 0.46294939517974854 2 -1 -1 
338 234 16 15 0.4576447308063507 7 -1 -1 
861 348 86 96 0.4492442309856415 7 -1 -1 
117 256 10 23 0.44447535276412964 1 -1 -1 
320 261 12 24 0.44441506266593933 3 -1 -1 
409 211 4 10 0.4408724904060364 2 -1 -1 
541 228 20 14 0.4399247467517853 7 -1 -1 
251 243 36 22 0.43843787908554077 5 -1 -1 
505 247 9 16 0.43560171127319336 2 -1 -1 
0 308 20 39 0.43058204650878906 1 -1 -1 
488 228 7 14 0.42804035544395447 2 -1 -1 
402 214 5 12 0.4234938323497772 10 -1 -1 
521 243 10 15 0.4203258752822876 8 -1 -1 
240 287 13 23 0.4167393147945404 2 -1 -1 
413 216 20 21 0.4154563844203949 5 -1 -1 
82 276 31 21 0.414979487657547 10 -1 -1 
831 308 128 61 0.4128156006336212 5 -1 -1 
457 202 9 9 0.40339693427085876 5 -1 -1 
482 200 5 15 0.4004921615123749 1 -1 -1 
413 216 20 21 0.3964364528656006 6 -1 -1 
892 374 41 46 0.39465588331222534 2 -1 -1 
456 202 10 11 0.39055225253105164 4 -1 -1 
476 225 13 15 0.3903820812702179 3 -1 -1 
408 211 6 12 0.3893691599369049 1 -1 -1 
501 208 6 13 0.38617369532585144 1 -1 -1 
318 254 11 18 0.3858136236667633 2 -1 -1 
488 204 5 12 0.37968772649765015 2 -1 -1 
777 333 31 45 0.3779489994049072 10 -1 -1 
237 295 18 30 0.372289776802063 2 -1 -1 
773 272 89 37 0.3706226646900177 4 -1 -1 
402 212 5 12 0.3702396750450134 2 -1 -1 
415 210 14 14 0.3700275719165802 4 -1 -1 
368 218 18 11 0.3697604238986969 7 -1 -1 
153 260 40 24 0.36864134669303894 4 -1 -1 
315 227 22 15 0.3653776943683624 4 -1 -1 
71 281 25 21 0.3635615408420563 10 -1 -1 
282 266 12 26 0.3595830798149109 1 -1 -1 
435 233 47 65 0.35807010531425476 1 -1 -1 
96 274 16 17 0.35529887676239014 2 -1 -1 
236 244 46 25 0.35349705815315247 5 -1 -1 
401 201 5 11 0.34994542598724365 2 -1 -1 
488 232 7 11 0.3481660783290863 3 -1 -1 
476 196 6 11 0.3384822607040405 2 -1 -1 
63 282 39 25 0.3383844792842865 10 -1 -1 
435 233 47 65 0.3371742069721222 10 -1 -1 
315 227 23 14 0.33708104491233826 5 -1 -1 
74 273 27 23 0.3335605561733246 10 -1 -1 
500 206 6 12 0.3255888819694519 1 -1 -1 
504 256 11 18 0.3251112997531891 2 -1 -1 
508 231 15 16 0.32403284311294556 7 -1 -1 
319 228 13 11 0.3220992088317871 4 -1 -1 
117 250 11 22 0.32162851095199585 1 -1 -1 
800 301 85 31 0.31601181626319885 4 -1 -1 
456 207 12 12 0.3147008419036865 5 -1 -1 
282 274 11 19 0.31459394097328186 10 -1 -1 
165 336 24 35 0.31451869010925293 3 -1 -1 
435 233 47 65 0.314126580953598 3 -1 -1 
435 233 47 65 0.31301459670066833 7 -1 -1 
457 188 7 8 0.3109981417655945 4 -1 -1 
475 224 10 16 0.309481143951416 2 -1 -1 
699 249 81 39 0.3093279302120209 4 -1 -1 
256 241 38 22 0.3087974786758423 4 -1 -1 
103 268 21 23 0.30787429213523865 10 -1 -1 
710 269 12 29 0.3068542778491974 1 -1 -1 
488 206 5 13 0.30625635385513306 10 -1 -1 
420 202 5 13 0.3055129945278168 2 -1 -1 
96 274 24 19 0.30439668893814087 2 -1 -1 
706 256 79 36 0.3015470504760742 6 -1 -1 
774 271 63 30 0.3014494776725769 4 -1 -1 
441 194 7 9 0.2996808588504791 4 -1 -1 
409 212 5 13 0.2981584966182709 10 -1 -1 
714 340 20 31 0.29795563220977783 1 -1 -1 
319 257 12 24 0.29566025733947754 1 -1 -1 
435 233 47 66 0.29393255710601807 2 -1 -1 
479 198 5 10 0.2919269800186157 2 -1 -1 
508 231 15 16 0.2919192314147949 8 -1 -1 
542 259 9 16 0.2895786762237549 3 -1 -1 
407 211 7 13 0.28935807943344116 2 -1 -1 
514 241 12 18 0.2888038754463196 7 -1 -1 
708 257 89 35 0.2884649932384491 4 -1 -1 
524 242 6 11 0.28772619366645813 2 -1 -1 
860 348 87 97 0.2855192720890045 4 -1 -1 
441 194 7 9 0.28506001830101013 5 -1 -1 
319 268 11 18 0.28395965695381165 3 -1 -1 
515 249 11 14 0.2821143567562103 7 -1 -1 
436 233 46 65 0.2796318531036377 5 -1 -1 
168 321 20 39 0.27932387590408325 1 -1 -1 
337 227 17 22 0.2757214605808258 6 -1 -1 
404 212 7 14 0.27562394738197327 10 -1 -1 
521 243 10 15 0.2742154598236084 7 -1 -1 
474 224 10 15 0.27407586574554443 10 -1 -1 
269 220 10 20 0.2722204327583313 1 -1 -1 
319 228 13 11 0.2685965299606323 5 -1 -1 
229 247 45 24 0.2671601176261902 5 -1 -1 
477 195 6 10 0.26691755652427673 2 -1 -1 
457 187 7 9 0.26418235898017883 8 -1 -1 
488 229 7 14 0.2635709047317505 10 -1 -1 
720 339 16 28 0.2634522020816803 2 -1 -1 
479 198 5 10 0.2626311779022217 1 -1 -1 
400 201 6 11 0.26128852367401123 1 -1 -1 
488 206 5 13 0.2609356641769409 3 -1 -1 
401 201 5 12 0.25865674018859863 10 -1 -1 
480 199 7 12 0.2584567368030548 1 -1 -1 
542 252 10 22 0.2572793662548065 1 -1 -1 
62 278 32 24 0.2568225562572479 10 -1 -1 
321 229 16 12 0.2551826536655426 4 -1 -1 
821 296 129 55 0.24287724494934082 4 -1 -1 
779 281 106 43 0.23934979736804962 4 -1 -1 
64 300 84 54 0.23753191530704498 4 -1 -1 
700 248 121 44 0.2356603741645813 4 -1 -1 
861 348 86 96 0.22227199375629425 3 -1 -1 
785 292 113 44 0.21038468182086945 4 -1 -1 
861 348 86 96 0.20871536433696747 2 -1 -1 
218 248 50 29 0.19543853402137756 4 -1 -1 
861 348 86 96 0.19530640542507172 5 -1 -1 
766 272 103 39 0.1900855451822281 5 -1 -1 
699 249 113 42 0.17803873121738434 5 -1 -1 
699 238 142 55 0.1702282875776291 9 -1 -1 
231 244 47 26 0.15845730900764465 4 -1 -1 
804 303 134 53 0.14766477048397064 5 -1 -1 
0 335 77 57 0.14636416733264923 5 -1 -1 
779 281 106 43 0.14575757086277008 5 -1 -1 
797 308 136 55 0.1424410343170166 4 -1 -1 
124 257 68 29 0.14183717966079712 1 -1 -1 
700 229 134 60 0.14021433889865875 6 -1 -1 
861 348 86 96 0.12870962917804718 10 -1 -1 
764 259 94 46 0.12683136761188507 4 -1 -1 
861 348 86 96 0.12294141948223114 1 -1 -1 
124 257 68 29 0.12266909331083298 6 -1 -1 
618 227 85 41 0.1194787248969078 4 -1 -1 
0 335 78 56 0.1184367761015892 6 -1 -1 
695 238 101 46 0.11691424250602722 6 -1 -1 
784 304 126 45 0.10935261845588684 5 -1 -1 
824 307 131 59 0.10524169355630875 6 -1 -1 
213 244 48 28 0.1037328690290451 5 -1 -1 
734 454 218 84 0.10251142084598541 5 -1 -1 
732 453 219 84 0.10065895318984985 10 -1 -1 
764 259 94 46 0.09663450717926025 5 -1 -1 
785 303 128 46 0.09526024758815765 1 -1 -1 
735 253 109 42 0.09524942189455032 4 -1 -1 
830 293 127 55 0.09467814862728119 5 -1 -1 
785 292 113 44 0.09192483872175217 5 -1 -1 
124 257 68 29 0.08994723856449127 5 -1 -1 
812 294 122 38 0.08933091163635254 5 -1 -1 
791 277 132 51 0.08925531804561615 4 -1 -1 
218 248 50 29 0.08773653209209442 6 -1 -1 
124 257 69 29 0.08667588233947754 9 -1 -1 
709 217 159 70 0.08611472696065903 9 -1 -1 
0 335 80 55 0.08405465632677078 1 -1 -1 
698 224 153 67 0.08381166309118271 5 -1 -1 
734 454 218 84 0.08368155360221863 1 -1 -1 
64 300 84 54 0.08030951768159866 6 -1 -1 
861 348 86 96 0.07779453694820404 9 -1 -1 
829 309 128 60 0.0773148462176323 1 -1 -1 
788 304 132 47 0.07491549849510193 6 -1 -1 
239 242 45 23 0.07266764342784882 6 -1 -1 
719 247 124 46 0.0709422156214714 5 -1 -1 
10 323 99 58 0.07075192779302597 4 -1 -1 
780 264 106 45 0.06925865262746811 4 -1 -1 
210 248 47 34 0.06884152442216873 4 -1 -1 
701 235 126 47 0.06815533339977264 4 -1 -1 
830 283 127 54 0.06780407577753067 4 -1 -1 
776 249 123 53 0.06515394151210785 9 -1 -1 
232 245 48 28 0.06512095779180527 6 -1 -1 
124 257 68 29 0.0644674003124237 7 -1 -1 
719 241 131 46 0.06407974660396576 4 -1 -1 
227 252 47 32 0.06382960826158524 5 -1 -1 
239 242 45 23 0.06382369995117188 9 -1 -1 
213 244 48 28 0.061664879322052 4 -1 -1 
830 309 128 61 0.0609172098338604 9 -1 -1 
227 252 47 32 0.06042031571269035 4 -1 -1 
618 227 85 41 0.0603078231215477 5 -1 -1 
64 300 84 54 0.05912066996097565 9 -1 -1 
820 290 135 46 0.05903354287147522 6 -1 -1 
776 249 123 53 0.05885443463921547 6 -1 -1 
232 249 52 28 0.05814265459775925 4 -1 -1 
57 288 83 52 0.058109186589717865 5 -1 -1 
716 256 120 42 0.056837230920791626 6 -1 -1 
433 231 52 70 0.05529490485787392 6 -1 -1 
701 235 126 47 0.05499570816755295 5 -1 -1 
233 291 26 39 0.054528236389160156 10 -1 -1 
810 299 124 33 0.05418096482753754 9 -1 -1 
218 248 50 29 0.05366300046443939 9 -1 -1 
860 317 99 71 0.053343821316957474 4 -1 -1 
787 262 113 49 0.05329447239637375 5 -1 -1 
125 258 67 27 0.05269453302025795 10 -1 -1 
709 217 159 70 0.05233389139175415 4 -1 -1 
559 216 48 27 0.05196695029735565 4 -1 -1 
728 454 228 85 0.0519399531185627 9 -1 -1 
9 335 93 69 0.05120009556412697 4 -1 -1 
1 342 81 81 0.05091464892029762 4 -1 -1 
829 309 128 60 0.050744056701660156 8 -1 -1 
810 299 124 33 0.050130367279052734 6 -1 -1 
781 310 100 54 0.05001687631011009 4 -1 -1 
