382 512 80 149 0.9988288283348083 9 -1 -1 
742 346 112 52 0.9980818033218384 9 -1 -1 
929 290 24 27 0.9974339604377747 9 -1 -1 
738 338 110 43 0.9913527369499207 9 -1 -1 
362 298 36 21 0.9710597991943359 5 -1 -1 
985 367 25 29 0.9341131448745728 6 -1 -1 
991 262 25 13 0.9186485409736633 5 -1 -1 
1079 463 48 33 0.9124369025230408 4 -1 -1 
220 487 130 272 0.9078566431999207 6 -1 -1 
2 376 204 64 0.9042824506759644 6 -1 -1 
339 348 30 24 0.8983475565910339 4 -1 -1 
327 406 32 34 0.8920922875404358 4 -1 -1 
342 322 23 24 0.8762799501419067 4 -1 -1 
268 341 57 21 0.8703963160514832 4 -1 -1 
336 457 38 41 0.8693070411682129 4 -1 -1 
104 316 52 20 0.8678959012031555 4 -1 -1 
420 327 22 21 0.8570775389671326 4 -1 -1 
350 205 16 23 0.8274829387664795 6 -1 -1 
883 238 11 12 0.7968192100524902 5 -1 -1 
329 281 21 17 0.7923962473869324 4 -1 -1 
895 277 19 14 0.7914010286331177 4 -1 -1 
390 315 22 26 0.7908212542533875 5 -1 -1 
362 233 11 9 0.7900257706642151 4 -1 -1 
380 333 25 26 0.7809463143348694 4 -1 -1 
783 279 26 13 0.7681077718734741 4 -1 -1 
371 253 16 14 0.7640197277069092 4 -1 -1 
925 276 10 14 0.7566103935241699 7 -1 -1 
860 313 27 17 0.7533866763114929 4 -1 -1 
340 292 19 16 0.7434427738189697 4 -1 -1 
153 311 54 18 0.7419866323471069 4 -1 -1 
298 290 7 17 0.7323123812675476 1 -1 -1 
414 227 11 9 0.7288158535957336 4 -1 -1 
374 191 8 7 0.7204257249832153 4 -1 -1 
346 266 17 13 0.718680739402771 4 -1 -1 
916 350 23 20 0.7177897691726685 4 -1 -1 
296 303 44 20 0.717638373374939 4 -1 -1 
778 295 30 14 0.7000842094421387 4 -1 -1 
125 263 41 15 0.6983203887939453 4 -1 -1 
-1 565 38 34 0.6893248558044434 4 -1 -1 
901 224 9 7 0.6816530227661133 4 -1 -1 
105 336 62 22 0.6622546315193176 4 -1 -1 
313 289 7 16 0.6534342169761658 1 -1 -1 
1006 271 24 12 0.6497987508773804 4 -1 -1 
651 287 34 14 0.6492661237716675 4 -1 -1 
827 289 41 18 0.6408700346946716 4 -1 -1 
249 238 15 12 0.6376981139183044 4 -1 -1 
416 204 10 8 0.6268056035041809 4 -1 -1 
91 289 87 31 0.6198179721832275 6 -1 -1 
724 288 35 15 0.6196138858795166 4 -1 -1 
946 281 26 14 0.6162151098251343 4 -1 -1 
377 215 9 9 0.6106731295585632 4 -1 -1 
0 491 84 39 0.610092043876648 4 -1 -1 
467 243 16 15 0.6091808676719666 4 -1 -1 
359 274 16 19 0.6012847423553467 5 -1 -1 
425 216 9 9 0.5864011645317078 4 -1 -1 
853 345 38 24 0.5808355212211609 5 -1 -1 
335 314 20 16 0.5766696929931641 4 -1 -1 
387 193 7 6 0.5738867521286011 4 -1 -1 
925 276 10 14 0.5653099417686462 8 -1 -1 
904 320 27 22 0.5632122755050659 4 -1 -1 
750 285 34 14 0.5623369812965393 4 -1 -1 
268 251 20 9 0.5530616641044617 4 -1 -1 
256 230 19 10 0.5529345273971558 4 -1 -1 
426 225 13 9 0.5519883036613464 4 -1 -1 
342 224 12 11 0.551719069480896 4 -1 -1 
905 291 12 9 0.5416496396064758 10 -1 -1 
227 303 42 19 0.5389378666877747 4 -1 -1 
853 345 38 24 0.5374578237533569 8 -1 -1 
160 494 11 32 0.5372763872146606 1 -1 -1 
352 190 16 22 0.5345631837844849 6 -1 -1 
216 289 33 21 0.5342416763305664 6 -1 -1 
904 243 24 37 0.5208331942558289 6 -1 -1 
909 286 6 11 0.5184646844863892 2 -1 -1 
904 319 27 23 0.5140786170959473 5 -1 -1 
0 505 75 58 0.5112823843955994 4 -1 -1 
279 382 11 21 0.506957471370697 10 -1 -1 
206 309 6 19 0.5040647983551025 1 -1 -1 
969 238 16 12 0.49639806151390076 5 -1 -1 
279 380 11 20 0.49209052324295044 2 -1 -1 
904 260 21 21 0.4892270565032959 6 -1 -1 
119 367 124 54 0.4877959191799164 6 -1 -1 
314 301 27 20 0.48647570610046387 4 -1 -1 
378 207 7 10 0.485238254070282 5 -1 -1 
8 389 156 51 0.47696757316589355 6 -1 -1 
334 310 22 21 0.45461782813072205 5 -1 -1 
966 243 14 10 0.4538611173629761 4 -1 -1 
262 254 26 26 0.4474748969078064 6 -1 -1 
430 306 26 19 0.44625163078308105 4 -1 -1 
47 319 39 17 0.446104496717453 4 -1 -1 
389 315 23 26 0.44195443391799927 4 -1 -1 
204 282 16 13 0.4417595863342285 4 -1 -1 
351 195 16 30 0.4399762451648712 6 -1 -1 
233 366 33 35 0.43947434425354004 8 -1 -1 
81 285 40 15 0.4375089704990387 4 -1 -1 
749 285 35 14 0.4342215359210968 5 -1 -1 
435 236 13 20 0.43413570523262024 8 -1 -1 
260 316 9 16 0.42966368794441223 2 -1 -1 
966 243 14 10 0.42850252985954285 5 -1 -1 
391 220 10 9 0.4273568391799927 4 -1 -1 
260 324 8 13 0.4265400171279907 1 -1 -1 
382 511 79 150 0.41515275835990906 4 -1 -1 
229 303 41 19 0.4007531404495239 5 -1 -1 
986 241 13 9 0.3957582712173462 4 -1 -1 
382 512 80 149 0.3945033848285675 10 -1 -1 
378 212 6 6 0.39201170206069946 4 -1 -1 
4 495 99 42 0.38870182633399963 4 -1 -1 
742 346 112 52 0.37865233421325684 4 -1 -1 
105 336 62 22 0.3777887225151062 6 -1 -1 
135 290 41 19 0.37638187408447266 6 -1 -1 
250 303 19 16 0.3695887327194214 4 -1 -1 
0 513 65 50 0.36771348118782043 5 -1 -1 
217 273 7 13 0.36696261167526245 1 -1 -1 
359 275 16 18 0.36642852425575256 4 -1 -1 
433 233 15 20 0.3632168471813202 6 -1 -1 
276 234 15 8 0.3625850975513458 4 -1 -1 
309 245 15 11 0.36111876368522644 4 -1 -1 
950 260 5 12 0.35964661836624146 1 -1 -1 
907 288 7 10 0.35642874240875244 2 -1 -1 
221 285 39 18 0.3511943817138672 6 -1 -1 
391 221 10 8 0.3487722873687744 6 -1 -1 
295 302 46 21 0.34597837924957275 5 -1 -1 
177 220 60 22 0.3451017141342163 6 -1 -1 
891 224 4 7 0.3436805307865143 10 -1 -1 
382 511 79 150 0.34312158823013306 5 -1 -1 
313 289 7 13 0.34094521403312683 2 -1 -1 
382 512 80 149 0.3405779004096985 2 -1 -1 
282 242 16 11 0.3397987484931946 4 -1 -1 
355 190 13 16 0.3381735682487488 6 -1 -1 
380 333 25 26 0.33598658442497253 5 -1 -1 
897 216 5 6 0.3351786434650421 7 -1 -1 
981 259 28 13 0.3337315320968628 4 -1 -1 
986 237 15 8 0.3325935900211334 4 -1 -1 
188 220 63 26 0.3324935734272003 6 -1 -1 
378 207 7 10 0.3314592242240906 6 -1 -1 
332 257 5 11 0.32927459478378296 1 -1 -1 
382 512 80 149 0.32825136184692383 3 -1 -1 
382 512 80 149 0.3264865577220917 6 -1 -1 
168 355 97 46 0.3247969150543213 6 -1 -1 
382 512 80 149 0.3233444094657898 1 -1 -1 
267 233 17 8 0.31985771656036377 4 -1 -1 
260 321 9 16 0.31783023476600647 10 -1 -1 
382 512 80 149 0.3155285120010376 7 -1 -1 
739 338 112 52 0.3149794936180115 10 -1 -1 
744 353 112 45 0.31294721364974976 10 -1 -1 
929 290 24 27 0.31181633472442627 4 -1 -1 
905 291 12 9 0.30965691804885864 3 -1 -1 
739 338 112 52 0.27697253227233887 1 -1 -1 
30 296 73 32 0.2729831337928772 6 -1 -1 
740 340 111 55 0.2724812626838684 2 -1 -1 
929 290 24 27 0.272434800863266 1 -1 -1 
0 502 79 55 0.27213841676712036 5 -1 -1 
66 291 93 32 0.2680814862251282 6 -1 -1 
742 346 112 52 0.26623284816741943 5 -1 -1 
929 290 24 27 0.26515665650367737 10 -1 -1 
929 290 24 27 0.2626398503780365 3 -1 -1 
739 338 112 52 0.26180288195610046 3 -1 -1 
7 482 103 41 0.26088541746139526 4 -1 -1 
382 512 80 149 0.2584795653820038 8 -1 -1 
744 353 112 45 0.25002825260162354 3 -1 -1 
929 289 24 29 0.24903948605060577 2 -1 -1 
744 353 112 45 0.24642914533615112 1 -1 -1 
739 338 112 52 0.24216994643211365 7 -1 -1 
147 240 54 23 0.2370554506778717 6 -1 -1 
742 346 112 52 0.23153828084468842 6 -1 -1 
1022 259 31 23 0.23128584027290344 9 -1 -1 
929 289 24 29 0.23054718971252441 7 -1 -1 
64 370 152 59 0.22933955490589142 6 -1 -1 
203 224 47 27 0.22787724435329437 6 -1 -1 
192 234 47 20 0.22726163268089294 6 -1 -1 
224 483 127 278 0.22712668776512146 5 -1 -1 
995 242 44 18 0.2226356416940689 6 -1 -1 
170 369 76 51 0.22243043780326843 6 -1 -1 
929 290 24 27 0.22218629717826843 5 -1 -1 
25 353 135 44 0.22143638134002686 6 -1 -1 
903 242 26 36 0.2167947143316269 9 -1 -1 
929 289 24 29 0.21621698141098022 8 -1 -1 
744 353 112 45 0.21618254482746124 7 -1 -1 
102 355 93 37 0.216101735830307 6 -1 -1 
119 367 124 54 0.21529942750930786 5 -1 -1 
13 378 166 39 0.213539257645607 6 -1 -1 
115 368 128 54 0.21352992951869965 4 -1 -1 
33 295 68 33 0.21321435272693634 9 -1 -1 
985 367 25 29 0.21053573489189148 4 -1 -1 
929 289 24 29 0.20401816070079803 6 -1 -1 
985 367 25 29 0.195196270942688 5 -1 -1 
46 293 75 33 0.19459815323352814 6 -1 -1 
198 362 68 40 0.19099971652030945 6 -1 -1 
28 369 179 44 0.187860369682312 6 -1 -1 
224 483 127 278 0.18655750155448914 9 -1 -1 
1 481 135 75 0.18575502932071686 4 -1 -1 
739 338 112 52 0.18540866672992706 8 -1 -1 
115 368 128 54 0.1844412088394165 9 -1 -1 
161 240 45 18 0.18423981964588165 6 -1 -1 
113 477 56 55 0.18394501507282257 4 -1 -1 
172 360 90 47 0.18226419389247894 5 -1 -1 
1006 269 33 14 0.18160521984100342 4 -1 -1 
18 365 155 39 0.18074406683444977 6 -1 -1 
21 490 95 42 0.18071359395980835 4 -1 -1 
96 337 74 31 0.17983151972293854 6 -1 -1 
21 353 98 37 0.17804113030433655 6 -1 -1 
63 472 74 49 0.17438030242919922 4 -1 -1 
210 233 34 20 0.17391668260097504 6 -1 -1 
903 241 26 36 0.1735605001449585 5 -1 -1 
725 287 34 16 0.17157964408397675 5 -1 -1 
221 207 33 18 0.17156384885311127 6 -1 -1 
21 302 74 32 0.17092737555503845 6 -1 -1 
215 234 30 21 0.16992069780826569 4 -1 -1 
69 471 100 57 0.1698169857263565 4 -1 -1 
105 357 135 48 0.16935105621814728 6 -1 -1 
209 218 44 23 0.16785970330238342 6 -1 -1 
198 362 68 40 0.16782012581825256 8 -1 -1 
19 354 203 77 0.16706514358520508 6 -1 -1 
737 339 109 41 0.1651047021150589 4 -1 -1 
170 369 76 51 0.16470438241958618 5 -1 -1 
0 494 80 39 0.16466309130191803 5 -1 -1 
218 223 37 22 0.16393820941448212 6 -1 -1 
744 353 112 45 0.1629878133535385 8 -1 -1 
264 257 31 28 0.16026736795902252 6 -1 -1 
827 288 41 18 0.1597287356853485 5 -1 -1 
56 289 73 31 0.15887576341629028 6 -1 -1 
220 226 30 25 0.1570732444524765 6 -1 -1 
167 220 52 20 0.15604153275489807 6 -1 -1 
649 287 36 15 0.15552465617656708 5 -1 -1 
79 359 126 42 0.15368962287902832 6 -1 -1 
37 295 68 32 0.15334057807922363 5 -1 -1 
985 367 25 29 0.1525096446275711 7 -1 -1 
188 218 52 20 0.15243804454803467 6 -1 -1 
738 338 110 43 0.15220241248607635 5 -1 -1 
55 293 73 32 0.1487584263086319 9 -1 -1 
179 227 52 26 0.14455856382846832 6 -1 -1 
10 298 85 35 0.14063064754009247 9 -1 -1 
200 212 44 24 0.13983479142189026 6 -1 -1 
41 472 128 74 0.1363391876220703 4 -1 -1 
46 479 79 51 0.13444343209266663 4 -1 -1 
981 258 34 15 0.13426072895526886 5 -1 -1 
1020 260 32 23 0.13302035629749298 4 -1 -1 
1090 251 37 15 0.13291668891906738 9 -1 -1 
219 486 130 273 0.131506085395813 4 -1 -1 
201 235 38 20 0.13130705058574677 4 -1 -1 
2 497 101 46 0.1312306970357895 5 -1 -1 
170 369 76 51 0.13070698082447052 4 -1 -1 
985 367 25 29 0.12904077768325806 8 -1 -1 
777 295 31 14 0.12883800268173218 5 -1 -1 
219 210 31 28 0.12682175636291504 6 -1 -1 
172 360 90 47 0.12587851285934448 8 -1 -1 
250 210 39 18 0.1256326586008072 6 -1 -1 
0 497 55 46 0.12539075314998627 4 -1 -1 
221 208 38 24 0.12528637051582336 6 -1 -1 
172 360 90 47 0.12508445978164673 4 -1 -1 
174 234 46 19 0.1238507553935051 6 -1 -1 
1022 259 31 23 0.12050195783376694 5 -1 -1 
945 279 28 17 0.11987656354904175 5 -1 -1 
4 375 201 66 0.11963172256946564 5 -1 -1 
333 309 25 22 0.11786001175642014 4 -1 -1 
4 372 203 69 0.1121259406208992 9 -1 -1 
53 338 195 80 0.09660058468580246 6 -1 -1 
2 376 204 64 0.09274397045373917 4 -1 -1 
178 211 69 31 0.09136559814214706 6 -1 -1 
7 475 157 69 0.09018640220165253 5 -1 -1 
136 349 132 73 0.09011678397655487 6 -1 -1 
0 399 193 81 0.08843202143907547 6 -1 -1 
144 223 77 30 0.07928471267223358 6 -1 -1 
15 446 155 83 0.07555904239416122 4 -1 -1 
1 485 127 80 0.07521665841341019 5 -1 -1 
0 469 119 70 0.07347775250673294 4 -1 -1 
141 228 70 32 0.0728055015206337 6 -1 -1 
7 475 157 69 0.07214239239692688 6 -1 -1 
219 486 130 273 0.0720723569393158 8 -1 -1 
2 344 207 66 0.0698392391204834 6 -1 -1 
5 359 235 137 0.06699210405349731 6 -1 -1 
159 216 79 30 0.06572656333446503 6 -1 -1 
54 465 116 72 0.06499102711677551 5 -1 -1 
182 221 65 29 0.05985152721405029 5 -1 -1 
2 413 146 83 0.05893664434552193 6 -1 -1 
52 361 193 72 0.05868994817137718 5 -1 -1 
54 465 116 72 0.05675859376788139 6 -1 -1 
192 209 80 36 0.055539943277835846 6 -1 -1 
219 487 130 272 0.05474869906902313 1 -1 -1 
1 493 112 81 0.0545051172375679 4 -1 -1 
53 379 172 75 0.054393231868743896 6 -1 -1 
1 493 122 77 0.05437462404370308 9 -1 -1 
22 335 222 86 0.054048821330070496 9 -1 -1 
15 446 155 83 0.05383443832397461 6 -1 -1 
0 358 152 79 0.05319364368915558 6 -1 -1 
180 220 66 30 0.05276285856962204 9 -1 -1 
19 289 206 83 0.05180896818637848 6 -1 -1 
2 376 204 64 0.05145641416311264 3 -1 -1 
219 487 130 272 0.051452312618494034 7 -1 -1 
155 225 85 35 0.050901662558317184 6 -1 -1 
2 376 204 64 0.05072637274861336 10 -1 -1 
66 439 114 86 0.050542060285806656 4 -1 -1 
41 472 128 74 0.05050420016050339 9 -1 -1 
