466 100 36 15 0.996211051940918 9 -1 -1 
323 367 29 52 0.9715293645858765 8 -1 -1 
96 307 69 31 0.918154239654541 4 -1 -1 
461 430 38 65 0.9173972606658936 4 -1 -1 
327 202 20 20 0.904631495475769 4 -1 -1 
73 332 66 30 0.9038028120994568 4 -1 -1 
308 285 32 35 0.8845721483230591 4 -1 -1 
19 378 86 33 0.8688536286354065 4 -1 -1 
70 492 45 33 0.8565145134925842 10 -1 -1 
357 232 22 25 0.8479108810424805 4 -1 -1 
167 405 52 58 0.8038971424102783 4 -1 -1 
281 215 25 23 0.8020952939987183 4 -1 -1 
121 407 58 28 0.7998386025428772 7 -1 -1 
465 135 12 10 0.7851741909980774 4 -1 -1 
406 149 13 13 0.7804299592971802 4 -1 -1 
133 430 16 35 0.7679149508476257 10 -1 -1 
340 187 21 18 0.7360138297080994 4 -1 -1 
130 279 60 27 0.6970869302749634 4 -1 -1 
312 352 13 23 0.6801667809486389 10 -1 -1 
465 127 11 10 0.679983377456665 4 -1 -1 
408 107 19 9 0.6579632759094238 4 -1 -1 
42 355 62 30 0.6211827993392944 4 -1 -1 
492 297 29 37 0.6133571267127991 4 -1 -1 
0 400 72 40 0.6121237874031067 4 -1 -1 
438 62 5 5 0.5850106477737427 4 -1 -1 
111 471 64 67 0.5845664739608765 4 -1 -1 
312 344 11 20 0.5608614087104797 2 -1 -1 
539 332 10 17 0.5607321858406067 2 -1 -1 
590 103 17 7 0.5460954308509827 4 -1 -1 
493 296 28 38 0.5454103946685791 5 -1 -1 
486 79 7 7 0.5451781153678894 4 -1 -1 
376 132 13 11 0.5409491062164307 4 -1 -1 
418 72 7 6 0.5340266823768616 4 -1 -1 
477 108 23 10 0.5276156067848206 4 -1 -1 
401 125 4 6 0.5156323909759521 2 -1 -1 
473 91 4 5 0.4939204156398773 2 -1 -1 
541 340 12 18 0.4896176755428314 3 -1 -1 
121 407 58 27 0.48810848593711853 8 -1 -1 
398 141 5 10 0.4867289662361145 7 -1 -1 
559 355 32 46 0.475265234708786 4 -1 -1 
477 77 6 5 0.46912404894828796 4 -1 -1 
401 128 4 6 0.4650653004646301 10 -1 -1 
468 103 34 14 0.4591482877731323 4 -1 -1 
606 104 20 9 0.45745816826820374 4 -1 -1 
437 114 5 6 0.45482033491134644 2 -1 -1 
398 140 5 7 0.45324286818504333 2 -1 -1 
474 65 6 5 0.45241865515708923 4 -1 -1 
42 355 61 31 0.44983693957328796 5 -1 -1 
352 163 16 21 0.44609445333480835 4 -1 -1 
488 83 6 6 0.44337907433509827 4 -1 -1 
555 343 12 9 0.43908315896987915 10 -1 -1 
112 471 64 68 0.43630728125572205 5 -1 -1 
412 82 8 7 0.4346258342266083 4 -1 -1 
540 341 11 17 0.43407607078552246 10 -1 -1 
558 355 34 48 0.43169859051704407 5 -1 -1 
465 50 4 4 0.4298982620239258 4 -1 -1 
0 444 23 34 0.41922029852867126 4 -1 -1 
-1 399 72 41 0.418779194355011 5 -1 -1 
489 87 5 7 0.4087866544723511 4 -1 -1 
473 92 4 6 0.4041822850704193 7 -1 -1 
323 367 29 52 0.39974045753479004 3 -1 -1 
555 342 14 11 0.3941879868507385 3 -1 -1 
384 149 13 20 0.3888477683067322 7 -1 -1 
371 136 13 14 0.3866116404533386 4 -1 -1 
487 81 6 7 0.3821535110473633 4 -1 -1 
384 149 13 21 0.37189048528671265 6 -1 -1 
401 95 9 10 0.36409878730773926 6 -1 -1 
476 114 8 6 0.35958465933799744 10 -1 -1 
398 141 5 10 0.3566852807998657 10 -1 -1 
473 92 4 6 0.3555990755558014 10 -1 -1 
540 332 9 20 0.3538496196269989 1 -1 -1 
386 121 4 9 0.3511926233768463 1 -1 -1 
323 367 29 52 0.3459662199020386 7 -1 -1 
420 69 7 7 0.34279611706733704 4 -1 -1 
70 493 44 32 0.3343774378299713 4 -1 -1 
130 279 59 27 0.326557457447052 5 -1 -1 
384 148 13 14 0.3209354281425476 4 -1 -1 
311 346 13 25 0.31865420937538147 2 -1 -1 
540 334 9 21 0.31687620282173157 3 -1 -1 
488 83 6 7 0.31533512473106384 5 -1 -1 
556 341 20 13 0.31372684240341187 3 -1 -1 
436 116 7 6 0.31072625517845154 10 -1 -1 
401 125 4 8 0.31048524379730225 1 -1 -1 
591 103 16 7 0.3086532652378082 5 -1 -1 
402 123 4 6 0.30862316489219666 2 -1 -1 
401 125 4 7 0.30293989181518555 10 -1 -1 
436 44 6 9 0.3010028898715973 10 -1 -1 
468 63 3 6 0.29856568574905396 1 -1 -1 
312 346 12 24 0.296430379152298 10 -1 -1 
477 111 5 8 0.2937314510345459 2 -1 -1 
477 74 5 6 0.29320862889289856 4 -1 -1 
0 444 23 34 0.2882390320301056 5 -1 -1 
540 339 8 18 0.286411315202713 3 -1 -1 
323 367 29 52 0.28530067205429077 5 -1 -1 
398 141 5 10 0.2839112877845764 8 -1 -1 
426 63 5 5 0.28366395831108093 4 -1 -1 
488 83 7 9 0.2822813093662262 6 -1 -1 
486 77 8 7 0.27776259183883667 4 -1 -1 
558 355 39 66 0.275023877620697 4 -1 -1 
488 87 7 7 0.2743586599826813 6 -1 -1 
370 131 18 15 0.2738407552242279 4 -1 -1 
237 234 6 13 0.2719349265098572 1 -1 -1 
540 333 10 21 0.27003243565559387 10 -1 -1 
323 367 29 52 0.265190064907074 2 -1 -1 
401 127 4 7 0.26397013664245605 2 -1 -1 
384 140 15 22 0.26393449306488037 6 -1 -1 
414 79 8 8 0.2590654790401459 4 -1 -1 
421 68 7 6 0.2546162009239197 4 -1 -1 
551 72 4 8 0.25446024537086487 1 -1 -1 
73 342 57 20 0.25419631600379944 4 -1 -1 
486 77 6 6 0.2522566616535187 4 -1 -1 
466 100 36 15 0.2515341341495514 2 -1 -1 
488 87 6 7 0.24817852675914764 5 -1 -1 
469 74 3 7 0.24735495448112488 1 -1 -1 
401 95 9 10 0.24660493433475494 4 -1 -1 
398 141 5 9 0.245610311627388 2 -1 -1 
541 332 7 12 0.24323908984661102 2 -1 -1 
415 78 7 6 0.2419510930776596 4 -1 -1 
437 43 5 7 0.23911070823669434 2 -1 -1 
476 114 7 5 0.23901621997356415 2 -1 -1 
466 100 35 15 0.23521475493907928 1 -1 -1 
448 44 4 4 0.232419952750206 4 -1 -1 
485 74 3 6 0.2300717681646347 2 -1 -1 
489 84 6 8 0.2289716750383377 5 -1 -1 
474 65 5 5 0.2272493988275528 5 -1 -1 
466 100 36 15 0.22706834971904755 5 -1 -1 
384 148 13 21 0.22543732821941376 8 -1 -1 
479 69 7 7 0.22485317289829254 4 -1 -1 
428 59 4 4 0.22479908168315887 4 -1 -1 
542 340 9 16 0.2241385132074356 2 -1 -1 
473 92 4 6 0.2205444574356079 8 -1 -1 
466 100 36 15 0.22034244239330292 10 -1 -1 
466 100 35 15 0.21868668496608734 3 -1 -1 
485 76 5 6 0.21834734082221985 4 -1 -1 
384 140 15 22 0.21699130535125732 5 -1 -1 
541 345 15 14 0.21616968512535095 3 -1 -1 
0 443 23 34 0.21538524329662323 9 -1 -1 
468 63 3 6 0.2151716947555542 2 -1 -1 
323 367 29 52 0.21419657766819 4 -1 -1 
541 348 15 11 0.21323947608470917 10 -1 -1 
421 65 6 6 0.21190574765205383 4 -1 -1 
423 70 5 7 0.21177956461906433 1 -1 -1 
607 104 17 9 0.21065793931484222 5 -1 -1 
477 74 4 5 0.20914475619792938 4 -1 -1 
122 407 58 27 0.20865951478481293 6 -1 -1 
468 63 3 6 0.20842650532722473 10 -1 -1 
398 139 4 6 0.2078874111175537 2 -1 -1 
478 75 6 7 0.20728103816509247 4 -1 -1 
466 130 10 9 0.20307259261608124 4 -1 -1 
312 343 11 22 0.20278270542621613 1 -1 -1 
424 65 7 6 0.2019749879837036 4 -1 -1 
42 355 61 31 0.2011231631040573 6 -1 -1 
122 407 58 27 0.20023594796657562 3 -1 -1 
166 405 53 58 0.19899393618106842 5 -1 -1 
112 471 63 67 0.19892726838588715 6 -1 -1 
436 116 7 6 0.19881269335746765 7 -1 -1 
418 72 7 6 0.19742780923843384 5 -1 -1 
478 73 6 5 0.19704550504684448 4 -1 -1 
488 87 7 7 0.19638559222221375 8 -1 -1 
370 136 14 14 0.19600225985050201 5 -1 -1 
485 75 4 6 0.1958642452955246 4 -1 -1 
436 43 6 9 0.19541709125041962 1 -1 -1 
371 113 24 11 0.19474707543849945 4 -1 -1 
477 71 4 6 0.1946885585784912 4 -1 -1 
539 338 11 17 0.19386230409145355 2 -1 -1 
412 81 8 8 0.19186612963676453 6 -1 -1 
401 127 4 7 0.19091695547103882 3 -1 -1 
466 100 35 15 0.18917259573936462 6 -1 -1 
0 445 23 34 0.18915218114852905 6 -1 -1 
422 65 8 7 0.18686945736408234 4 -1 -1 
384 143 14 16 0.18686805665493011 4 -1 -1 
362 128 23 18 0.18591271340847015 4 -1 -1 
323 367 29 52 0.1815875768661499 9 -1 -1 
473 107 30 11 0.17992739379405975 5 -1 -1 
4 385 87 41 0.1795329600572586 4 -1 -1 
352 163 16 21 0.16831958293914795 5 -1 -1 
352 163 16 21 0.1604022979736328 7 -1 -1 
114 470 61 69 0.15860994160175323 8 -1 -1 
323 366 29 53 0.15783695876598358 1 -1 -1 
466 100 36 15 0.15739671885967255 7 -1 -1 
475 99 33 14 0.154697448015213 9 -1 -1 
340 163 27 20 0.15092645585536957 4 -1 -1 
352 163 16 21 0.14885105192661285 8 -1 -1 
325 185 18 19 0.14572136104106903 4 -1 -1 
166 405 54 58 0.14455527067184448 6 -1 -1 
384 148 13 21 0.14453162252902985 5 -1 -1 
341 187 19 18 0.14195138216018677 6 -1 -1 
384 149 13 21 0.14140821993350983 4 -1 -1 
352 164 17 22 0.1392870843410492 10 -1 -1 
323 366 29 53 0.1374618113040924 10 -1 -1 
0 444 23 34 0.13700683414936066 8 -1 -1 
349 171 19 17 0.13439500331878662 10 -1 -1 
312 353 13 22 0.1325395703315735 3 -1 -1 
355 133 27 17 0.13165399432182312 4 -1 -1 
473 107 30 11 0.12984609603881836 6 -1 -1 
466 100 36 15 0.12451406568288803 8 -1 -1 
115 469 61 69 0.12046875059604645 9 -1 -1 
364 113 29 13 0.12014441192150116 4 -1 -1 
368 125 20 16 0.11953172087669373 4 -1 -1 
341 187 19 18 0.11755553632974625 5 -1 -1 
560 359 35 76 0.11645978689193726 9 -1 -1 
281 215 25 23 0.11606415361166 5 -1 -1 
472 99 34 15 0.11326968669891357 4 -1 -1 
122 407 58 27 0.11203207820653915 9 -1 -1 
376 111 22 12 0.11184703558683395 4 -1 -1 
95 307 69 31 0.11171229183673859 5 -1 -1 
70 492 45 33 0.11066333949565887 3 -1 -1 
346 159 21 22 0.11058571934700012 4 -1 -1 
20 377 85 34 0.11041963845491409 1 -1 -1 
19 377 85 35 0.09083636850118637 5 -1 -1 
4 385 87 41 0.07620149105787277 5 -1 -1 
111 471 64 67 0.07397996634244919 10 -1 -1 
111 471 64 67 0.06689293682575226 7 -1 -1 
19 377 86 36 0.06456353515386581 9 -1 -1 
19 371 85 39 0.06453830003738403 6 -1 -1 
-1 430 28 46 0.06284423172473907 9 -1 -1 
111 471 64 67 0.059222765266895294 1 -1 -1 
28 359 79 44 0.05779791995882988 4 -1 -1 
0 430 29 46 0.05770010128617287 4 -1 -1 
336 159 33 28 0.05707671120762825 4 -1 -1 
539 356 61 85 0.0552813857793808 9 -1 -1 
0 430 29 46 0.054098717868328094 5 -1 -1 
111 471 64 67 0.05254495516419411 3 -1 -1 
