526 297 49 64 0.9950405955314636 9 -1 -1 
525 297 50 64 0.9690496325492859 6 -1 -1 
413 394 42 51 0.9190173149108887 4 -1 -1 
442 301 24 25 0.9035863876342773 4 -1 -1 
674 392 31 33 0.8958894610404968 7 -1 -1 
531 248 15 11 0.7602137327194214 4 -1 -1 
463 343 38 43 0.7112055420875549 4 -1 -1 
638 299 23 16 0.6904904246330261 10 -1 -1 
592 284 9 13 0.6805025935173035 10 -1 -1 
791 427 34 27 0.6663255095481873 10 -1 -1 
404 289 7 11 0.6504726409912109 2 -1 -1 
771 410 34 28 0.6482629179954529 10 -1 -1 
593 281 7 11 0.6435361504554749 2 -1 -1 
454 247 5 8 0.6360333561897278 2 -1 -1 
405 315 9 16 0.6148175001144409 10 -1 -1 
615 279 15 14 0.6021953821182251 8 -1 -1 
404 293 8 12 0.6000338792800903 10 -1 -1 
614 333 11 20 0.5965763926506042 10 -1 -1 
672 364 11 17 0.5924164652824402 10 -1 -1 
454 250 5 8 0.5900741219520569 10 -1 -1 
432 260 5 9 0.589301586151123 10 -1 -1 
380 351 14 25 0.5874819159507751 10 -1 -1 
679 297 7 16 0.5811200737953186 1 -1 -1 
578 272 6 10 0.5795266032218933 2 -1 -1 
677 389 16 21 0.5761532187461853 2 -1 -1 
406 310 8 15 0.5639978647232056 2 -1 -1 
615 328 9 17 0.5631322264671326 2 -1 -1 
548 240 4 7 0.562680721282959 2 -1 -1 
577 281 7 12 0.5615455508232117 2 -1 -1 
512 222 14 12 0.5547285079956055 4 -1 -1 
548 243 5 7 0.5521560311317444 10 -1 -1 
576 287 8 10 0.5441000461578369 10 -1 -1 
702 312 8 15 0.5429269075393677 2 -1 -1 
440 247 4 8 0.5392610430717468 2 -1 -1 
482 202 5 5 0.5347477197647095 4 -1 -1 
336 340 14 28 0.530443549156189 1 -1 -1 
432 256 6 9 0.5292348861694336 2 -1 -1 
562 258 6 10 0.5266196131706238 10 -1 -1 
672 356 11 17 0.5248253345489502 2 -1 -1 
510 217 9 9 0.5164512991905212 4 -1 -1 
382 348 11 20 0.5144597291946411 2 -1 -1 
702 319 8 14 0.49875694513320923 10 -1 -1 
440 251 4 7 0.4887350797653198 10 -1 -1 
540 238 5 8 0.4882872402667999 10 -1 -1 
687 297 23 20 0.4865594506263733 5 -1 -1 
561 253 6 11 0.48588988184928894 2 -1 -1 
542 223 3 9 0.4766796827316284 1 -1 -1 
534 234 4 6 0.4732109606266022 10 -1 -1 
687 298 23 19 0.47320324182510376 4 -1 -1 
674 356 10 14 0.47194334864616394 2 -1 -1 
348 336 11 18 0.45714235305786133 2 -1 -1 
674 359 10 16 0.4461399018764496 2 -1 -1 
541 235 3 6 0.43760043382644653 2 -1 -1 
675 391 22 26 0.4374856948852539 7 -1 -1 
540 236 5 8 0.43209582567214966 2 -1 -1 
498 219 15 18 0.4296921491622925 9 -1 -1 
348 335 11 27 0.4296279549598694 1 -1 -1 
665 326 18 12 0.42938926815986633 10 -1 -1 
491 202 4 5 0.42787012457847595 8 -1 -1 
498 219 15 18 0.4247349500656128 6 -1 -1 
578 275 6 10 0.4232427179813385 10 -1 -1 
533 218 6 6 0.4148561656475067 4 -1 -1 
526 297 49 64 0.4112086892127991 4 -1 -1 
624 270 5 9 0.41088810563087463 2 -1 -1 
644 269 34 14 0.40629810094833374 7 -1 -1 
541 233 3 6 0.40390726923942566 2 -1 -1 
491 202 4 5 0.3899866044521332 4 -1 -1 
440 248 4 10 0.3820590674877167 10 -1 -1 
624 272 5 8 0.36046484112739563 10 -1 -1 
615 279 16 14 0.35970038175582886 7 -1 -1 
548 240 4 8 0.3585492670536041 10 -1 -1 
561 250 6 13 0.3541727364063263 2 -1 -1 
512 222 14 12 0.3506603538990021 5 -1 -1 
470 206 6 5 0.34920206665992737 4 -1 -1 
578 279 6 9 0.3486124873161316 2 -1 -1 
527 219 4 7 0.3478810787200928 10 -1 -1 
475 212 7 6 0.34736812114715576 4 -1 -1 
534 227 4 6 0.34707367420196533 2 -1 -1 
463 343 38 43 0.3453995883464813 5 -1 -1 
528 217 4 6 0.3408665955066681 2 -1 -1 
534 227 4 6 0.340646892786026 10 -1 -1 
664 316 11 12 0.340361088514328 2 -1 -1 
496 219 6 8 0.3299390971660614 4 -1 -1 
487 198 4 4 0.32864904403686523 4 -1 -1 
561 248 5 10 0.3218807280063629 2 -1 -1 
671 356 14 25 0.3212973177433014 10 -1 -1 
534 232 4 7 0.32048457860946655 2 -1 -1 
669 319 9 14 0.31803712248802185 2 -1 -1 
460 218 4 6 0.31722038984298706 2 -1 -1 
537 224 4 6 0.31451722979545593 2 -1 -1 
454 248 5 10 0.3141807019710541 2 -1 -1 
581 249 18 17 0.31333234906196594 10 -1 -1 
535 226 5 6 0.3132282793521881 10 -1 -1 
527 219 4 6 0.3130352795124054 2 -1 -1 
620 280 11 12 0.3115084171295166 8 -1 -1 
593 283 8 13 0.31074845790863037 2 -1 -1 
474 217 7 6 0.3103637993335724 8 -1 -1 
666 325 17 12 0.3100742697715759 3 -1 -1 
538 225 3 7 0.30991679430007935 10 -1 -1 
577 281 7 13 0.30960145592689514 10 -1 -1 
677 389 16 21 0.308019757270813 7 -1 -1 
672 322 7 11 0.306486576795578 2 -1 -1 
460 220 4 7 0.30448514223098755 10 -1 -1 
615 331 10 20 0.3038700819015503 2 -1 -1 
524 216 3 5 0.30202367901802063 2 -1 -1 
575 237 5 11 0.30054956674575806 1 -1 -1 
381 351 11 23 0.29863885045051575 2 -1 -1 
538 224 3 7 0.2979409396648407 1 -1 -1 
673 355 9 12 0.2975413501262665 2 -1 -1 
556 247 5 9 0.2969943881034851 10 -1 -1 
667 316 10 14 0.2968428432941437 2 -1 -1 
548 241 5 8 0.2963053286075592 2 -1 -1 
344 337 12 29 0.2962561249732971 1 -1 -1 
653 311 22 17 0.29411712288856506 10 -1 -1 
491 202 4 5 0.29380273818969727 7 -1 -1 
702 312 8 16 0.29141899943351746 1 -1 -1 
659 314 14 14 0.2900615930557251 10 -1 -1 
578 272 6 10 0.288602352142334 10 -1 -1 
482 202 5 5 0.2874200940132141 5 -1 -1 
440 246 4 6 0.287179172039032 2 -1 -1 
503 232 5 8 0.2870607376098633 2 -1 -1 
499 221 14 16 0.281659871339798 5 -1 -1 
561 248 5 9 0.2804659605026245 10 -1 -1 
523 217 4 7 0.2801905870437622 10 -1 -1 
540 236 5 8 0.2777666449546814 10 -1 -1 
404 297 7 10 0.2771536111831665 10 -1 -1 
526 297 49 64 0.27473244071006775 7 -1 -1 
562 257 6 11 0.2728654444217682 2 -1 -1 
594 282 7 13 0.272722452878952 10 -1 -1 
534 225 4 6 0.27259933948516846 2 -1 -1 
480 212 4 6 0.27067187428474426 10 -1 -1 
525 219 6 7 0.2694850265979767 10 -1 -1 
643 299 19 21 0.2684006094932556 10 -1 -1 
662 316 14 12 0.2654823064804077 10 -1 -1 
662 319 20 18 0.2646539509296417 10 -1 -1 
382 348 11 23 0.2629721760749817 10 -1 -1 
491 202 4 5 0.2627856135368347 5 -1 -1 
540 238 5 8 0.26200151443481445 2 -1 -1 
520 210 4 6 0.2589769959449768 2 -1 -1 
526 297 49 64 0.2589176297187805 3 -1 -1 
667 316 7 10 0.2575018107891083 2 -1 -1 
440 251 4 7 0.25732624530792236 3 -1 -1 
645 269 33 14 0.2545502781867981 4 -1 -1 
577 286 7 8 0.25173476338386536 2 -1 -1 
556 245 4 9 0.25169041752815247 2 -1 -1 
499 221 14 16 0.25148653984069824 8 -1 -1 
474 214 7 7 0.24933083355426788 4 -1 -1 
586 254 13 12 0.24839317798614502 7 -1 -1 
625 268 5 9 0.24693182110786438 2 -1 -1 
474 217 7 6 0.24546794593334198 7 -1 -1 
474 211 7 5 0.24390439689159393 4 -1 -1 
526 297 49 64 0.23757147789001465 5 -1 -1 
675 391 21 25 0.23355354368686676 2 -1 -1 
526 297 49 64 0.2306811660528183 10 -1 -1 
779 417 43 34 0.2171330749988556 10 -1 -1 
674 393 31 33 0.21636182069778442 8 -1 -1 
381 347 12 26 0.21513894200325012 1 -1 -1 
701 311 10 23 0.2112066000699997 2 -1 -1 
526 297 49 64 0.2110225260257721 8 -1 -1 
644 269 35 14 0.20812028646469116 8 -1 -1 
675 391 28 32 0.2064971923828125 2 -1 -1 
671 353 14 24 0.2046397626399994 2 -1 -1 
582 249 17 18 0.19197438657283783 4 -1 -1 
645 269 33 14 0.1844448745250702 6 -1 -1 
343 338 13 28 0.1789122372865677 2 -1 -1 
338 340 13 28 0.17354068160057068 2 -1 -1 
662 319 20 18 0.16022147238254547 3 -1 -1 
823 367 51 34 0.157401904463768 10 -1 -1 
677 389 16 21 0.15723231434822083 1 -1 -1 
381 352 13 24 0.15670862793922424 3 -1 -1 
649 307 23 19 0.15556997060775757 10 -1 -1 
845 358 34 43 0.15498043596744537 10 -1 -1 
526 297 49 64 0.15168394148349762 1 -1 -1 
660 316 20 15 0.1495484858751297 3 -1 -1 
581 249 18 17 0.1461077183485031 7 -1 -1 
894 359 52 37 0.14505568146705627 4 -1 -1 
654 267 28 15 0.14063510298728943 4 -1 -1 
689 295 33 22 0.13931739330291748 4 -1 -1 
677 264 47 30 0.1384156048297882 6 -1 -1 
662 316 18 17 0.13678307831287384 2 -1 -1 
612 326 14 21 0.13351492583751678 2 -1 -1 
526 297 49 64 0.13255630433559418 2 -1 -1 
826 366 49 35 0.1320420354604721 8 -1 -1 
638 292 23 18 0.1294706016778946 10 -1 -1 
654 267 28 15 0.12826581299304962 7 -1 -1 
687 298 23 19 0.12734419107437134 6 -1 -1 
674 392 31 33 0.12713734805583954 6 -1 -1 
827 344 49 56 0.12639175355434418 4 -1 -1 
641 271 30 15 0.1260872483253479 7 -1 -1 
347 340 11 30 0.12577831745147705 1 -1 -1 
638 297 23 22 0.12406948953866959 3 -1 -1 
821 318 78 81 0.12398896366357803 4 -1 -1 
845 358 34 43 0.12313103675842285 8 -1 -1 
676 264 31 28 0.12049666792154312 8 -1 -1 
646 269 33 14 0.119327612221241 5 -1 -1 
381 350 13 26 0.11837086826562881 7 -1 -1 
826 366 49 35 0.11666440963745117 7 -1 -1 
642 269 35 14 0.11625021696090698 10 -1 -1 
497 220 17 18 0.11584562808275223 4 -1 -1 
807 348 69 43 0.11476918309926987 4 -1 -1 
818 361 54 38 0.11413399875164032 4 -1 -1 
836 344 42 56 0.11379916220903397 10 -1 -1 
674 392 31 33 0.11270691454410553 3 -1 -1 
664 324 19 14 0.11238227784633636 7 -1 -1 
674 393 31 33 0.11053118854761124 4 -1 -1 
845 358 34 43 0.11045946180820465 7 -1 -1 
547 325 27 38 0.1103961318731308 6 -1 -1 
695 299 34 18 0.11033430695533752 4 -1 -1 
688 292 29 24 0.10613207519054413 5 -1 -1 
847 344 33 56 0.10600683093070984 4 -1 -1 
341 335 16 23 0.10581349581480026 2 -1 -1 
674 388 16 19 0.10551025718450546 2 -1 -1 
413 395 42 49 0.10525886714458466 5 -1 -1 
637 267 31 16 0.10521410405635834 7 -1 -1 
180 415 103 82 0.10444005578756332 6 -1 -1 
613 327 13 22 0.10441198199987411 10 -1 -1 
847 335 50 42 0.10417438298463821 4 -1 -1 
798 329 87 72 0.10381262004375458 4 -1 -1 
668 263 32 29 0.10373107343912125 6 -1 -1 
675 391 21 25 0.10325484722852707 1 -1 -1 
341 335 16 23 0.10321291536092758 1 -1 -1 
662 319 20 18 0.1030019149184227 2 -1 -1 
209 429 77 79 0.10252898931503296 6 -1 -1 
763 327 43 37 0.10224446654319763 4 -1 -1 
583 246 19 17 0.10145235061645508 4 -1 -1 
332 344 17 27 0.09986982494592667 3 -1 -1 
851 366 38 36 0.09895619004964828 10 -1 -1 
638 294 23 20 0.09889671206474304 8 -1 -1 
581 249 18 17 0.09883831441402435 3 -1 -1 
676 264 31 28 0.09875958412885666 7 -1 -1 
801 319 86 80 0.0985209122300148 6 -1 -1 
638 296 23 22 0.0983242467045784 7 -1 -1 
878 368 65 31 0.09635049849748611 4 -1 -1 
917 362 39 36 0.09629684686660767 4 -1 -1 
802 338 77 40 0.09501723200082779 4 -1 -1 
671 358 13 24 0.09436246752738953 3 -1 -1 
338 192 35 15 0.09373599290847778 6 -1 -1 
674 392 31 33 0.09353294968605042 10 -1 -1 
581 249 18 17 0.0934000015258789 8 -1 -1 
684 293 23 22 0.09290856122970581 4 -1 -1 
638 296 23 23 0.09183550626039505 4 -1 -1 
213 425 74 87 0.09092611074447632 4 -1 -1 
613 277 18 17 0.08984196931123734 10 -1 -1 
675 392 29 32 0.08921273052692413 1 -1 -1 
583 246 19 17 0.08913791924715042 10 -1 -1 
836 339 51 56 0.0887494683265686 4 -1 -1 
647 263 32 19 0.08828616142272949 7 -1 -1 
652 263 28 19 0.08742351084947586 6 -1 -1 
678 273 40 21 0.08639033883810043 4 -1 -1 
614 331 11 22 0.08605039119720459 7 -1 -1 
404 310 12 22 0.08559317886829376 10 -1 -1 
653 311 22 17 0.0852721706032753 3 -1 -1 
613 331 12 23 0.08519628643989563 3 -1 -1 
528 245 19 16 0.08502532541751862 4 -1 -1 
381 349 12 26 0.08440576493740082 4 -1 -1 
849 345 39 53 0.08429539203643799 10 -1 -1 
209 429 77 79 0.0842951312661171 5 -1 -1 
641 307 22 16 0.08355363458395004 10 -1 -1 
644 302 19 20 0.08318766951560974 3 -1 -1 
684 293 23 22 0.0830165445804596 5 -1 -1 
656 270 22 18 0.08297353982925415 7 -1 -1 
613 329 13 23 0.08237819373607635 1 -1 -1 
536 331 36 32 0.08178006857633591 6 -1 -1 
653 269 29 14 0.08168349415063858 10 -1 -1 
671 360 13 22 0.08137136697769165 2 -1 -1 
840 329 84 70 0.07988026738166809 4 -1 -1 
685 291 44 28 0.0793093889951706 5 -1 -1 
348 339 12 31 0.07863198220729828 9 -1 -1 
635 300 24 20 0.07818107306957245 10 -1 -1 
99 388 186 135 0.07679420709609985 4 -1 -1 
534 320 42 47 0.07187626510858536 9 -1 -1 
781 307 99 80 0.06890441477298737 4 -1 -1 
534 320 42 47 0.06792788952589035 6 -1 -1 
685 291 44 28 0.06607512384653091 4 -1 -1 
778 308 105 79 0.06418725103139877 6 -1 -1 
678 265 50 29 0.06349258124828339 4 -1 -1 
820 330 82 71 0.059853069484233856 6 -1 -1 
678 264 47 29 0.059845734387636185 5 -1 -1 
801 319 86 80 0.05726592242717743 5 -1 -1 
685 291 44 28 0.052861519157886505 6 -1 -1 
635 262 46 22 0.05141909420490265 6 -1 -1 
