414 4 302 223 0.6520677804946899 4 -1 -1 
714 143 407 451 0.6292315721511841 4 -1 -1 
526 445 130 196 0.50596684217453 7 -1 -1 
50 145 514 457 0.402774840593338 4 -1 -1 
584 424 86 145 0.3946714699268341 1 -1 -1 
577 386 55 79 0.3539884090423584 1 -1 -1 
457 172 117 254 0.3518539369106293 9 -1 -1 
33 321 75 64 0.334223210811615 1 -1 -1 
583 423 72 147 0.33199623227119446 2 -1 -1 
1 348 540 416 0.327314168214798 4 -1 -1 
581 425 50 107 0.3103448748588562 1 -1 -1 
611 448 61 121 0.30733534693717957 1 -1 -1 
732 164 299 309 0.3070922791957855 4 -1 -1 
578 423 61 149 0.2928333878517151 1 -1 -1 
531 423 109 217 0.291382759809494 2 -1 -1 
565 423 70 152 0.291290283203125 2 -1 -1 
556 421 86 202 0.2861435115337372 1 -1 -1 
708 152 384 438 0.27732735872268677 5 -1 -1 
581 428 52 89 0.2658238410949707 2 -1 -1 
579 407 52 91 0.26364725828170776 1 -1 -1 
714 143 409 445 0.2595352232456207 6 -1 -1 
732 164 299 309 0.25625866651535034 5 -1 -1 
57 323 59 64 0.25287118554115295 1 -1 -1 
604 448 67 180 0.23926986753940582 1 -1 -1 
727 152 183 448 0.23583528399467468 4 -1 -1 
57 321 56 62 0.23414237797260284 2 -1 -1 
525 424 105 212 0.22723142802715302 1 -1 -1 
228 0 498 231 0.22348342835903168 4 -1 -1 
749 405 363 190 0.21995900571346283 4 -1 -1 
752 157 364 251 0.2139088213443756 4 -1 -1 
567 445 102 196 0.21345622837543488 1 -1 -1 
586 440 85 171 0.2120605856180191 2 -1 -1 
55 321 67 110 0.20198868215084076 1 -1 -1 
60 159 513 459 0.19998972117900848 9 -1 -1 
262 4 452 212 0.19804266095161438 6 -1 -1 
457 172 117 254 0.19363482296466827 4 -1 -1 
747 368 369 231 0.1924045979976654 9 -1 -1 
533 427 92 132 0.18879862129688263 2 -1 -1 
526 445 130 196 0.1885042041540146 8 -1 -1 
60 159 513 459 0.18388156592845917 5 -1 -1 
210 45 479 378 0.18209208548069 4 -1 -1 
10 360 510 404 0.18033002316951752 10 -1 -1 
457 172 117 254 0.17714664340019226 5 -1 -1 
33 322 74 64 0.16517670452594757 2 -1 -1 
939 439 23 18 0.16269224882125854 10 -1 -1 
727 152 183 448 0.16266527771949768 5 -1 -1 
525 443 129 198 0.15767870843410492 6 -1 -1 
595 426 51 118 0.15024636685848236 1 -1 -1 
603 438 71 130 0.1484535038471222 2 -1 -1 
0 0 946 764 0.14082969725131989 6 -1 -1 
58 321 72 110 0.14032721519470215 2 -1 -1 
444 5 269 223 0.13733290135860443 1 -1 -1 
533 427 92 132 0.1361181139945984 1 -1 -1 
168 160 389 174 0.1360623836517334 4 -1 -1 
522 432 80 183 0.13133752346038818 2 -1 -1 
752 157 364 251 0.12993097305297852 5 -1 -1 
179 165 383 248 0.12956978380680084 5 -1 -1 
64 154 534 491 0.1292112022638321 8 -1 -1 
596 418 43 90 0.12812268733978271 1 -1 -1 
521 436 77 142 0.12705719470977783 1 -1 -1 
412 3 301 227 0.12386632710695267 5 -1 -1 
50 320 51 55 0.12341217696666718 1 -1 -1 
938 439 23 17 0.12274567037820816 2 -1 -1 
523 453 130 300 0.12250851839780807 1 -1 -1 
0 0 692 764 0.1219574511051178 9 -1 -1 
293 72 365 172 0.12062201648950577 4 -1 -1 
320 8 37 30 0.11924900114536285 2 -1 -1 
319 8 38 30 0.11808628588914871 1 -1 -1 
752 375 365 218 0.11800921708345413 5 -1 -1 
64 154 534 491 0.11624859273433685 10 -1 -1 
529 471 123 245 0.11598609387874603 7 -1 -1 
81 234 395 254 0.11561239510774612 5 -1 -1 
590 396 45 85 0.1141868382692337 1 -1 -1 
725 149 247 434 0.11411144584417343 6 -1 -1 
715 148 403 445 0.11408202350139618 8 -1 -1 
529 471 123 245 0.11169625073671341 6 -1 -1 
578 398 55 102 0.11097561568021774 2 -1 -1 
715 148 403 445 0.11073217540979385 1 -1 -1 
32 316 91 87 0.1102127805352211 1 -1 -1 
19 247 540 517 0.10898525267839432 5 -1 -1 
81 234 395 254 0.10863880813121796 4 -1 -1 
0 2 820 762 0.10699808597564697 5 -1 -1 
734 163 352 302 0.10472162812948227 6 -1 -1 
51 322 53 89 0.10394492000341415 1 -1 -1 
717 150 406 448 0.10316673666238785 9 -1 -1 
64 150 500 366 0.10302586108446121 1 -1 -1 
730 164 172 265 0.10244637727737427 4 -1 -1 
735 166 330 173 0.10212770849466324 4 -1 -1 
521 432 123 216 0.10123172402381897 4 -1 -1 
509 343 156 294 0.09979851543903351 6 -1 -1 
30 321 80 118 0.09864062070846558 1 -1 -1 
577 385 54 79 0.09858489781618118 2 -1 -1 
529 402 134 247 0.09787781536579132 9 -1 -1 
457 172 117 254 0.09782633930444717 6 -1 -1 
60 323 94 122 0.09585261344909668 1 -1 -1 
45 232 545 531 0.09552562236785889 3 -1 -1 
204 616 221 145 0.09518671035766602 4 -1 -1 
596 418 43 90 0.09257190674543381 2 -1 -1 
766 166 297 111 0.09185830503702164 9 -1 -1 
130 146 485 326 0.09165627509355545 4 -1 -1 
938 439 23 17 0.09150934964418411 1 -1 -1 
526 430 126 214 0.09128991514444351 10 -1 -1 
746 342 372 208 0.0897512137889862 6 -1 -1 
51 23 620 324 0.08960864692926407 4 -1 -1 
55 318 46 51 0.08917620033025742 2 -1 -1 
584 397 77 128 0.08872918039560318 1 -1 -1 
557 399 72 123 0.08872904628515244 1 -1 -1 
746 342 372 208 0.08808393031358719 4 -1 -1 
595 426 51 118 0.08736085146665573 2 -1 -1 
117 133 433 151 0.08718596398830414 4 -1 -1 
101 133 505 343 0.08706265687942505 5 -1 -1 
529 471 123 245 0.0868968665599823 8 -1 -1 
19 247 540 517 0.08682166039943695 9 -1 -1 
210 45 479 378 0.08619366586208344 5 -1 -1 
712 148 408 447 0.08532463014125824 10 -1 -1 
812 164 316 345 0.08373059332370758 4 -1 -1 
376 16 887 747 0.08362700045108795 6 -1 -1 
715 153 163 420 0.08321870118379593 9 -1 -1 
565 14 146 219 0.0830949991941452 4 -1 -1 
566 30 148 205 0.08305894583463669 6 -1 -1 
725 149 247 434 0.08246014267206192 9 -1 -1 
574 399 44 78 0.08214487880468369 1 -1 -1 
743 160 359 195 0.08049265295267105 9 -1 -1 
32 316 91 87 0.08036059886217117 2 -1 -1 
61 312 91 88 0.08033482730388641 1 -1 -1 
716 144 408 450 0.08007205277681351 7 -1 -1 
509 445 103 200 0.07915264368057251 9 -1 -1 
13 533 423 223 0.0787716656923294 4 -1 -1 
2 0 1196 764 0.07853711396455765 9 -1 -1 
525 449 67 88 0.07754728198051453 1 -1 -1 
227 163 347 250 0.07731521874666214 4 -1 -1 
667 159 163 364 0.07710975408554077 4 -1 -1 
656 12 34 73 0.07676451653242111 1 -1 -1 
13 273 543 491 0.07610426843166351 8 -1 -1 
0 0 692 764 0.076054148375988 4 -1 -1 
40 302 97 86 0.07601942867040634 1 -1 -1 
45 232 545 531 0.07577362656593323 1 -1 -1 
489 293 166 348 0.07504341751337051 9 -1 -1 
538 391 144 246 0.07499048858880997 1 -1 -1 
116 150 443 179 0.0748877301812172 5 -1 -1 
1007 207 33 29 0.0746655985713005 1 -1 -1 
114 592 332 169 0.07466451823711395 4 -1 -1 
663 21 23 47 0.07423818111419678 1 -1 -1 
318 2 398 186 0.07307733595371246 9 -1 -1 
525 435 130 286 0.07305808365345001 2 -1 -1 
784 162 275 111 0.07284866273403168 6 -1 -1 
747 392 367 201 0.07229050993919373 1 -1 -1 
677 68 423 396 0.07119706273078918 4 -1 -1 
556 421 86 202 0.07114434987306595 7 -1 -1 
205 2 521 222 0.07112527638673782 5 -1 -1 
743 162 339 244 0.06998138129711151 1 -1 -1 
74 239 401 230 0.06975799053907394 9 -1 -1 
69 26 626 367 0.06929060816764832 9 -1 -1 
312 112 297 173 0.0691099688410759 4 -1 -1 
678 21 20 47 0.06812047213315964 1 -1 -1 
60 159 513 459 0.0674455314874649 6 -1 -1 
167 0 560 231 0.06729818880558014 9 -1 -1 
64 154 534 491 0.06724140048027039 2 -1 -1 
756 284 367 275 0.06698529422283173 5 -1 -1 
601 389 35 75 0.06691136211156845 1 -1 -1 
567 379 68 114 0.0664902999997139 1 -1 -1 
712 148 408 447 0.06647974997758865 3 -1 -1 
652 11 49 119 0.06647364050149918 1 -1 -1 
767 163 294 111 0.06641437858343124 4 -1 -1 
715 148 403 445 0.06640683859586716 2 -1 -1 
795 143 330 153 0.06629688292741776 4 -1 -1 
735 162 102 254 0.06583493947982788 4 -1 -1 
677 68 423 396 0.06580094248056412 5 -1 -1 
709 165 147 307 0.06561674922704697 4 -1 -1 
61 312 91 88 0.06554543226957321 2 -1 -1 
584 397 77 128 0.06512541323900223 2 -1 -1 
230 164 345 290 0.06504859030246735 9 -1 -1 
557 399 72 123 0.06459477543830872 2 -1 -1 
608 470 41 101 0.06401162594556808 1 -1 -1 
76 312 103 116 0.06391159445047379 1 -1 -1 
745 326 373 203 0.06355484575033188 9 -1 -1 
574 385 43 69 0.06305873394012451 1 -1 -1 
216 144 399 487 0.06208965182304382 4 -1 -1 
64 154 534 491 0.06144870072603226 7 -1 -1 
579 422 81 167 0.060824617743492126 10 -1 -1 
194 548 324 213 0.06055428832769394 4 -1 -1 
489 293 166 348 0.0598764605820179 4 -1 -1 
97 243 520 518 0.05959855392575264 4 -1 -1 
541 401 145 244 0.05937083438038826 7 -1 -1 
360 41 902 722 0.05929991602897644 5 -1 -1 
795 143 330 153 0.05920882523059845 9 -1 -1 
46 321 83 163 0.05885285884141922 1 -1 -1 
29 336 74 61 0.058672256767749786 1 -1 -1 
812 164 316 345 0.058378204703330994 5 -1 -1 
10 487 406 270 0.058316152542829514 6 -1 -1 
767 163 294 111 0.0579410195350647 7 -1 -1 
710 312 419 311 0.05752769112586975 4 -1 -1 
0 45 818 719 0.05751380696892738 8 -1 -1 
30 321 80 118 0.05723593756556511 2 -1 -1 
545 437 148 260 0.05715382844209671 9 -1 -1 
1001 208 40 43 0.057002902030944824 1 -1 -1 
512 438 69 136 0.05692598596215248 2 -1 -1 
248 58 35 36 0.056912343949079514 1 -1 -1 
27 90 524 406 0.056778136640787125 9 -1 -1 
581 381 47 60 0.05672904849052429 1 -1 -1 
508 2 215 182 0.05666026100516319 4 -1 -1 
360 41 902 722 0.05664697289466858 4 -1 -1 
508 437 81 192 0.0566389225423336 1 -1 -1 
78 322 96 115 0.05662297084927559 2 -1 -1 
457 172 117 254 0.05654124170541763 1 -1 -1 
556 458 114 183 0.05653264746069908 9 -1 -1 
248 157 320 367 0.05652647837996483 5 -1 -1 
749 405 363 190 0.056450411677360535 6 -1 -1 
75 231 389 233 0.05611913278698921 6 -1 -1 
556 421 86 202 0.055949579924345016 4 -1 -1 
51 322 53 89 0.05582147836685181 2 -1 -1 
40 302 97 86 0.05571158230304718 2 -1 -1 
293 72 365 172 0.05568929761648178 5 -1 -1 
725 149 247 434 0.05556096136569977 8 -1 -1 
535 498 114 238 0.05552607774734497 4 -1 -1 
187 685 259 79 0.05469973757863045 4 -1 -1 
313 1 44 29 0.05451253056526184 1 -1 -1 
293 72 365 172 0.054505303502082825 6 -1 -1 
735 166 330 173 0.05449819937348366 5 -1 -1 
208 128 386 143 0.05420625954866409 5 -1 -1 
253 147 339 154 0.053974512964487076 4 -1 -1 
685 24 22 45 0.053965382277965546 1 -1 -1 
70 217 315 226 0.053442757576704025 4 -1 -1 
525 449 67 88 0.05216921120882034 2 -1 -1 
577 385 54 73 0.05214296281337738 4 -1 -1 
810 213 317 350 0.05193503201007843 6 -1 -1 
939 438 23 19 0.05187801271677017 9 -1 -1 
667 159 163 364 0.051771294325590134 9 -1 -1 
180 621 244 140 0.05170872062444687 10 -1 -1 
13 273 543 491 0.051672715693712234 2 -1 -1 
672 160 215 448 0.0516064427793026 1 -1 -1 
316 162 253 346 0.05150996521115303 4 -1 -1 
10 487 406 270 0.0514754094183445 5 -1 -1 
13 273 543 491 0.05111148953437805 7 -1 -1 
208 128 386 143 0.051109347492456436 6 -1 -1 
939 439 23 18 0.051107313483953476 3 -1 -1 
671 14 37 89 0.05104782432317734 1 -1 -1 
94 638 303 119 0.05086246132850647 4 -1 -1 
444 5 269 223 0.050857268273830414 2 -1 -1 
609 457 51 105 0.050820063799619675 2 -1 -1 
64 150 500 366 0.05074913054704666 3 -1 -1 
525 443 129 198 0.05067506805062294 3 -1 -1 
248 157 320 367 0.050539735704660416 6 -1 -1 
556 421 86 202 0.050525035709142685 6 -1 -1 
538 391 144 246 0.050402212888002396 2 -1 -1 
430 190 255 552 0.05039510503411293 9 -1 -1 
523 463 121 248 0.050240181386470795 9 -1 -1 
574 415 47 87 0.0502367801964283 2 -1 -1 
359 158 226 219 0.050211600959300995 4 -1 -1 
