393 405 219 126 0.9676855802536011 5 -1 -1 
197 588 294 148 0.9409274458885193 4 -1 -1 
987 500 296 148 0.9144753813743591 4 -1 -1 
1181 226 40 60 0.8841519951820374 1 -1 -1 
1199 237 36 59 0.8719147443771362 1 -1 -1 
376 274 77 49 0.8715857863426208 10 -1 -1 
737 0 79 68 0.871452808380127 4 -1 -1 
1161 330 197 132 0.8536207675933838 4 -1 -1 
909 15 80 90 0.8109456300735474 4 -1 -1 
630 203 22 67 0.777979850769043 1 -1 -1 
9 64 101 137 0.6842845678329468 4 -1 -1 
1189 226 32 42 0.6534777879714966 1 -1 -1 
392 260 36 55 0.5796562433242798 2 -1 -1 
468 67 25 32 0.5520666837692261 2 -1 -1 
391 261 54 59 0.5393329858779907 10 -1 -1 
622 0 31 28 0.519079327583313 10 -1 -1 
397 259 44 59 0.5102728009223938 2 -1 -1 
339 201 51 34 0.4545140564441681 3 -1 -1 
430 36 45 36 0.41466760635375977 10 -1 -1 
624 0 26 18 0.36500126123428345 2 -1 -1 
1210 238 25 30 0.32392412424087524 1 -1 -1 
433 50 66 51 0.313504159450531 10 -1 -1 
410 263 35 57 0.29633206129074097 2 -1 -1 
10 77 100 125 0.2825935184955597 5 -1 -1 
377 274 75 48 0.2825029790401459 2 -1 -1 
393 405 222 127 0.2630615830421448 4 -1 -1 
429 37 58 55 0.25660616159439087 10 -1 -1 
630 0 19 26 0.2504328489303589 10 -1 -1 
388 261 29 51 0.2451341152191162 2 -1 -1 
467 75 34 26 0.2433321177959442 10 -1 -1 
341 201 49 33 0.23813596367835999 10 -1 -1 
1197 228 32 41 0.23591046035289764 1 -1 -1 
1210 238 25 30 0.23166663944721222 2 -1 -1 
990 498 295 152 0.21400436758995056 5 -1 -1 
623 0 29 27 0.2132396250963211 1 -1 -1 
18 120 94 81 0.2070823311805725 4 -1 -1 
631 0 20 25 0.20560112595558167 2 -1 -1 
470 67 21 31 0.20257660746574402 1 -1 -1 
402 36 74 67 0.2023196518421173 10 -1 -1 
909 15 80 90 0.2012081742286682 6 -1 -1 
376 274 77 49 0.19602854549884796 4 -1 -1 
392 260 36 55 0.19461998343467712 1 -1 -1 
430 37 45 36 0.19370248913764954 3 -1 -1 
623 0 30 27 0.19285187125205994 2 -1 -1 
909 15 80 90 0.17963087558746338 7 -1 -1 
4 27 106 175 0.17670941352844238 6 -1 -1 
1182 226 39 60 0.1755111664533615 4 -1 -1 
208 199 35 30 0.17021054029464722 2 -1 -1 
208 198 50 32 0.16526608169078827 10 -1 -1 
1153 158 21 46 0.16346602141857147 10 -1 -1 
1197 228 32 41 0.14983828365802765 2 -1 -1 
1195 229 30 56 0.14957208931446075 1 -1 -1 
114 148 27 36 0.14738547801971436 1 -1 -1 
615 204 35 69 0.14597606658935547 1 -1 -1 
430 42 65 58 0.14481233060359955 2 -1 -1 
468 68 26 31 0.14357373118400574 10 -1 -1 
429 35 50 54 0.14285431802272797 2 -1 -1 
625 0 28 28 0.14214086532592773 3 -1 -1 
397 259 44 59 0.14194802939891815 1 -1 -1 
1189 226 32 42 0.14170897006988525 2 -1 -1 
468 70 31 30 0.14100494980812073 1 -1 -1 
197 586 296 152 0.14031833410263062 10 -1 -1 
393 406 219 125 0.1359989047050476 8 -1 -1 
387 297 67 24 0.13488714396953583 10 -1 -1 
197 586 296 152 0.1340314894914627 9 -1 -1 
419 260 27 47 0.1335683912038803 2 -1 -1 
624 0 26 18 0.13066919147968292 10 -1 -1 
421 58 78 45 0.1291978508234024 3 -1 -1 
1153 158 21 46 0.12780597805976868 3 -1 -1 
399 257 34 46 0.12252350151538849 2 -1 -1 
449 37 26 44 0.12197525054216385 2 -1 -1 
340 193 43 36 0.12044209986925125 3 -1 -1 
1197 237 38 59 0.12036064267158508 4 -1 -1 
376 274 77 49 0.11949864774942398 3 -1 -1 
412 297 42 24 0.11709490418434143 10 -1 -1 
197 587 294 150 0.11685393005609512 7 -1 -1 
626 0 25 19 0.11667241156101227 1 -1 -1 
635 0 18 20 0.1164611354470253 2 -1 -1 
437 65 56 35 0.11645327508449554 10 -1 -1 
197 587 294 149 0.11545203626155853 5 -1 -1 
344 191 64 40 0.11498426645994186 3 -1 -1 
198 587 295 149 0.11354682594537735 1 -1 -1 
634 3 18 25 0.11330444365739822 10 -1 -1 
429 35 50 54 0.11274044215679169 1 -1 -1 
399 38 79 67 0.11270582675933838 3 -1 -1 
413 58 82 49 0.11257947236299515 10 -1 -1 
429 37 58 55 0.11197035759687424 3 -1 -1 
447 37 28 38 0.10967499762773514 10 -1 -1 
1147 0 26 34 0.10734733939170837 1 -1 -1 
430 42 65 58 0.10722116380929947 1 -1 -1 
433 43 42 39 0.10713489353656769 10 -1 -1 
391 261 54 59 0.10677807033061981 4 -1 -1 
736 0 81 68 0.10562402009963989 5 -1 -1 
449 37 26 44 0.10480175167322159 1 -1 -1 
737 0 78 68 0.10474197566509247 1 -1 -1 
1164 330 194 130 0.10377536714076996 5 -1 -1 
18 121 93 80 0.10334835201501846 5 -1 -1 
440 39 34 54 0.10085742920637131 2 -1 -1 
908 14 81 92 0.10059048980474472 5 -1 -1 
622 0 23 14 0.09955563396215439 2 -1 -1 
377 274 75 48 0.09883606433868408 1 -1 -1 
393 405 219 126 0.09746774286031723 6 -1 -1 
410 263 35 57 0.09579632431268692 1 -1 -1 
208 199 35 30 0.09486542642116547 1 -1 -1 
410 257 31 45 0.09430622309446335 2 -1 -1 
1300 104 26 30 0.09191357344388962 4 -1 -1 
432 36 43 36 0.0914435163140297 2 -1 -1 
430 36 45 36 0.09075767546892166 1 -1 -1 
444 66 48 33 0.08986450731754303 2 -1 -1 
1200 145 22 43 0.08974409848451614 3 -1 -1 
987 500 297 148 0.08936837315559387 1 -1 -1 
624 0 19 26 0.0892016738653183 10 -1 -1 
453 73 42 28 0.08767320215702057 10 -1 -1 
388 261 29 51 0.08750470727682114 1 -1 -1 
1199 237 37 60 0.0869373232126236 2 -1 -1 
393 256 32 40 0.08682981133460999 2 -1 -1 
389 38 113 75 0.08681779354810715 10 -1 -1 
625 203 23 55 0.08658617734909058 1 -1 -1 
393 406 219 125 0.08649987727403641 10 -1 -1 
390 274 38 46 0.08647751063108444 10 -1 -1 
1162 330 196 133 0.08638899028301239 1 -1 -1 
430 63 70 40 0.08612693101167679 7 -1 -1 
445 62 58 44 0.0835123285651207 10 -1 -1 
459 67 34 33 0.08344151824712753 1 -1 -1 
630 203 22 67 0.082089863717556 2 -1 -1 
208 191 43 34 0.0819196105003357 2 -1 -1 
987 500 297 148 0.07846764475107193 9 -1 -1 
407 266 45 54 0.07826199382543564 10 -1 -1 
208 193 28 31 0.0768798440694809 2 -1 -1 
1199 224 25 37 0.07611258327960968 1 -1 -1 
909 15 80 90 0.07603463530540466 8 -1 -1 
339 199 32 35 0.07555817067623138 3 -1 -1 
440 42 35 42 0.07551698386669159 3 -1 -1 
419 30 56 50 0.07505492120981216 10 -1 -1 
440 39 34 54 0.07500247657299042 1 -1 -1 
630 203 22 67 0.07499458640813828 4 -1 -1 
386 274 41 45 0.07465413957834244 2 -1 -1 
6 16 102 177 0.07397332042455673 5 -1 -1 
125 166 28 65 0.07377234846353531 1 -1 -1 
415 298 39 22 0.0734485611319542 2 -1 -1 
412 33 64 63 0.07260989397764206 1 -1 -1 
909 14 81 92 0.07162003964185715 1 -1 -1 
987 500 296 148 0.07153446972370148 7 -1 -1 
393 405 219 126 0.07119884341955185 7 -1 -1 
2 26 103 175 0.07113439589738846 9 -1 -1 
118 148 24 55 0.07071372866630554 1 -1 -1 
905 10 83 95 0.07045020908117294 9 -1 -1 
987 500 297 148 0.07026167958974838 10 -1 -1 
430 36 45 36 0.06981082260608673 4 -1 -1 
796 0 20 21 0.06966137140989304 1 -1 -1 
391 261 54 59 0.06938491761684418 3 -1 -1 
636 203 22 66 0.06918702274560928 1 -1 -1 
0 30 76 170 0.06878397613763809 4 -1 -1 
197 587 294 150 0.06872937083244324 6 -1 -1 
393 406 219 125 0.06750519573688507 2 -1 -1 
1162 330 196 133 0.06744351238012314 9 -1 -1 
622 0 31 28 0.06735052168369293 4 -1 -1 
412 33 64 63 0.06728626787662506 2 -1 -1 
1199 224 25 37 0.06678216904401779 2 -1 -1 
474 65 21 28 0.06654882431030273 1 -1 -1 
1197 237 38 59 0.06532591581344604 10 -1 -1 
1218 238 21 31 0.06492704153060913 1 -1 -1 
737 0 79 68 0.06478416174650192 9 -1 -1 
466 77 35 25 0.06431815773248672 3 -1 -1 
4 104 100 108 0.06407774239778519 9 -1 -1 
624 0 20 23 0.06407695263624191 1 -1 -1 
18 78 101 124 0.06406397372484207 9 -1 -1 
197 587 294 150 0.06391530483961105 3 -1 -1 
420 260 27 52 0.06384429335594177 1 -1 -1 
632 204 37 66 0.06382104009389877 1 -1 -1 
1194 225 46 58 0.06376289576292038 1 -1 -1 
439 50 38 39 0.06342603266239166 10 -1 -1 
197 587 294 150 0.06260941177606583 8 -1 -1 
1153 158 21 46 0.062079526484012604 1 -1 -1 
377 275 75 48 0.061642564833164215 7 -1 -1 
207 202 23 28 0.061574049293994904 1 -1 -1 
207 202 23 28 0.06145923212170601 2 -1 -1 
1244 109 112 107 0.0613570474088192 6 -1 -1 
110 166 46 70 0.061313048005104065 1 -1 -1 
384 258 26 46 0.060597892850637436 2 -1 -1 
1295 104 31 43 0.0605226531624794 4 -1 -1 
622 0 18 22 0.059907373040914536 2 -1 -1 
430 42 65 58 0.05976592004299164 8 -1 -1 
438 65 56 34 0.05974854528903961 3 -1 -1 
430 42 65 58 0.05967479944229126 7 -1 -1 
389 408 196 124 0.059265945106744766 9 -1 -1 
417 267 38 53 0.05843875929713249 9 -1 -1 
1202 132 26 56 0.05842674896121025 3 -1 -1 
388 274 50 47 0.05763734132051468 9 -1 -1 
1197 237 38 59 0.05730094015598297 3 -1 -1 
436 53 35 45 0.0570681132376194 2 -1 -1 
438 71 62 34 0.05700070783495903 9 -1 -1 
429 48 44 32 0.0569721944630146 3 -1 -1 
399 257 34 46 0.05675140768289566 1 -1 -1 
1163 330 194 133 0.05671198293566704 10 -1 -1 
1241 110 115 105 0.05661650002002716 9 -1 -1 
1181 212 43 51 0.05619442090392113 1 -1 -1 
114 148 27 34 0.05574198067188263 2 -1 -1 
207 198 33 31 0.05573375150561333 7 -1 -1 
475 67 26 31 0.055314116179943085 2 -1 -1 
341 193 46 37 0.05505860224366188 9 -1 -1 
1181 227 39 59 0.054642293602228165 10 -1 -1 
987 500 296 148 0.05462278425693512 8 -1 -1 
1203 231 30 50 0.05441651493310928 1 -1 -1 
989 497 295 153 0.0542110800743103 6 -1 -1 
208 200 52 32 0.05414864048361778 2 -1 -1 
455 37 21 59 0.05401616171002388 2 -1 -1 
624 0 26 18 0.05362878739833832 3 -1 -1 
1155 176 19 30 0.05349408835172653 3 -1 -1 
376 296 78 25 0.053340502083301544 3 -1 -1 
206 192 52 42 0.053215574473142624 1 -1 -1 
392 32 83 70 0.05313212424516678 9 -1 -1 
21 18 93 152 0.05293252319097519 4 -1 -1 
427 36 51 44 0.05269584059715271 7 -1 -1 
1207 237 37 64 0.0525968037545681 1 -1 -1 
443 52 38 38 0.05250871926546097 3 -1 -1 
340 201 50 34 0.052387580275535583 7 -1 -1 
363 190 57 42 0.05101201683282852 3 -1 -1 
453 73 42 28 0.05079184100031853 3 -1 -1 
393 406 219 125 0.050778381526470184 3 -1 -1 
207 198 18 27 0.05074689909815788 2 -1 -1 
8 68 102 134 0.05052563175559044 1 -1 -1 
443 55 42 43 0.05047939717769623 10 -1 -1 
1149 0 23 23 0.05040861293673515 4 -1 -1 
1190 232 39 63 0.050217583775520325 2 -1 -1 
1142 343 211 174 0.050059396773576736 4 -1 -1 
