350 281 57 81 0.942164957523346 4 -1 -1 
1048 601 64 119 0.9421420693397522 4 -1 -1 
377 502 52 99 0.9409784078598022 4 -1 -1 
1034 259 29 21 0.936671793460846 3 -1 -1 
811 563 54 110 0.9330419898033142 4 -1 -1 
443 520 55 111 0.9304113984107971 4 -1 -1 
1133 600 60 105 0.9291579723358154 4 -1 -1 
916 594 63 111 0.9252349138259888 4 -1 -1 
274 522 87 112 0.9245777726173401 4 -1 -1 
738 410 47 90 0.9232298731803894 4 -1 -1 
649 572 51 112 0.9185253381729126 4 -1 -1 
582 552 51 100 0.917822539806366 4 -1 -1 
634 407 48 89 0.9127622246742249 4 -1 -1 
576 302 48 75 0.9104276299476624 4 -1 -1 
996 297 99 49 0.9095861315727234 4 -1 -1 
414 101 42 58 0.9068112373352051 4 -1 -1 
435 280 51 72 0.9053513407707214 4 -1 -1 
517 291 58 80 0.9044718146324158 4 -1 -1 
-1 430 77 92 0.9003655910491943 4 -1 -1 
501 99 42 53 0.8986534476280212 4 -1 -1 
871 111 37 65 0.8973272442817688 4 -1 -1 
732 579 56 111 0.8972368240356445 4 -1 -1 
799 118 36 56 0.8922796249389648 4 -1 -1 
664 106 35 59 0.8903584480285645 4 -1 -1 
198 406 42 20 0.8860058784484863 3 -1 -1 
725 110 35 59 0.8764935731887817 4 -1 -1 
1286 450 34 24 0.873525083065033 3 -1 -1 
22 292 37 25 0.8685305118560791 3 -1 -1 
1127 544 23 25 0.8557224869728088 1 -1 -1 
633 310 43 74 0.8521401286125183 4 -1 -1 
459 153 14 27 0.8431320786476135 1 -1 -1 
693 308 41 78 0.8384676575660706 4 -1 -1 
262 434 19 28 0.8335634469985962 1 -1 -1 
394 701 45 21 0.8125093579292297 3 -1 -1 
827 321 44 79 0.8122844696044922 4 -1 -1 
1166 493 23 25 0.7950404286384583 1 -1 -1 
8 327 39 21 0.7928134202957153 3 -1 -1 
154 222 22 32 0.7801153063774109 1 -1 -1 
124 712 43 22 0.7748197913169861 10 -1 -1 
170 192 16 29 0.769504964351654 1 -1 -1 
519 533 40 78 0.7622076869010925 4 -1 -1 
23 253 37 24 0.7572892904281616 10 -1 -1 
549 160 89 47 0.7563323378562927 4 -1 -1 
124 199 27 26 0.7219248414039612 10 -1 -1 
406 84 12 29 0.7211087942123413 1 -1 -1 
93 195 27 27 0.7064509987831116 10 -1 -1 
555 709 43 21 0.6963987946510315 10 -1 -1 
826 184 15 26 0.6943030953407288 1 -1 -1 
408 699 24 22 0.6846582293510437 2 -1 -1 
421 66 17 20 0.6757441759109497 2 -1 -1 
132 710 26 24 0.6686047911643982 2 -1 -1 
568 707 20 23 0.6609450578689575 2 -1 -1 
206 399 18 24 0.6563507318496704 2 -1 -1 
653 148 12 27 0.6390795707702637 1 -1 -1 
61 581 28 27 0.6180080771446228 1 -1 -1 
831 174 10 27 0.5765438675880432 1 -1 -1 
53 583 19 26 0.5716234445571899 1 -1 -1 
174 140 19 20 0.5682680606842041 2 -1 -1 
15 321 19 22 0.5589262843132019 2 -1 -1 
1047 89 32 25 0.5562926530838013 10 -1 -1 
22 273 33 25 0.5366117358207703 3 -1 -1 
534 26 9 21 0.5338441729545593 1 -1 -1 
1225 514 24 27 0.5224171876907349 2 -1 -1 
28 611 23 29 0.5078774094581604 2 -1 -1 
1205 520 17 23 0.48956063389778137 2 -1 -1 
395 701 44 21 0.47923192381858826 10 -1 -1 
1053 260 10 21 0.4733957052230835 3 -1 -1 
534 26 9 21 0.4521681070327759 3 -1 -1 
398 700 37 22 0.4501350224018097 2 -1 -1 
27 611 24 28 0.4491800367832184 1 -1 -1 
56 443 50 52 0.44891491532325745 7 -1 -1 
1240 519 21 26 0.44003698229789734 2 -1 -1 
23 271 31 25 0.43789350986480713 1 -1 -1 
1233 517 23 26 0.4266030490398407 2 -1 -1 
1193 521 14 22 0.41961872577667236 2 -1 -1 
12 323 29 24 0.4004185199737549 2 -1 -1 
1074 128 47 62 0.3968254327774048 4 -1 -1 
1191 521 15 23 0.3931925892829895 1 -1 -1 
1064 279 17 23 0.3931766450405121 2 -1 -1 
1062 280 18 23 0.39056745171546936 1 -1 -1 
204 400 28 24 0.3887386918067932 3 -1 -1 
1049 284 35 21 0.38518768548965454 10 -1 -1 
34 230 47 27 0.379376620054245 7 -1 -1 
1224 514 25 26 0.3757018446922302 1 -1 -1 
534 26 9 19 0.35659128427505493 2 -1 -1 
22 293 36 24 0.3521950840950012 1 -1 -1 
1205 521 17 23 0.34280914068222046 1 -1 -1 
57 443 49 48 0.3421365022659302 4 -1 -1 
1237 520 24 28 0.34183359146118164 1 -1 -1 
174 140 20 20 0.33473509550094604 1 -1 -1 
10 323 27 23 0.32897624373435974 3 -1 -1 
53 582 18 26 0.3232457935810089 2 -1 -1 
599 142 10 19 0.3213405907154083 1 -1 -1 
1047 90 32 24 0.30873650312423706 7 -1 -1 
1212 727 45 27 0.30421900749206543 10 -1 -1 
112 157 22 25 0.299783319234848 10 -1 -1 
128 712 22 21 0.2988564074039459 2 -1 -1 
1227 520 26 22 0.29846739768981934 1 -1 -1 
7 328 40 21 0.2936004400253296 7 -1 -1 
204 402 26 22 0.29080089926719666 2 -1 -1 
1050 284 34 22 0.29036593437194824 3 -1 -1 
19 280 30 22 0.28088006377220154 3 -1 -1 
1270 644 71 81 0.2804902195930481 4 -1 -1 
55 443 50 54 0.2741020917892456 10 -1 -1 
421 66 17 20 0.271415650844574 1 -1 -1 
548 160 90 48 0.2708228826522827 5 -1 -1 
23 267 34 21 0.2677202820777893 10 -1 -1 
1177 522 94 47 0.26676636934280396 7 -1 -1 
1194 521 18 23 0.2662455439567566 1 -1 -1 
827 322 44 78 0.26543769240379333 5 -1 -1 
23 291 35 25 0.26135608553886414 2 -1 -1 
15 321 19 22 0.2593207061290741 1 -1 -1 
137 711 25 23 0.2583409547805786 10 -1 -1 
198 406 42 20 0.25024890899658203 7 -1 -1 
206 399 19 24 0.24044837057590485 1 -1 -1 
1177 521 94 48 0.23773325979709625 8 -1 -1 
1068 280 14 25 0.23442895710468292 1 -1 -1 
567 709 24 21 0.23370085656642914 10 -1 -1 
119 160 16 22 0.23322409391403198 10 -1 -1 
405 700 27 22 0.22820217907428741 10 -1 -1 
12 321 19 18 0.22624589502811432 2 -1 -1 
8 327 38 21 0.20772947371006012 10 -1 -1 
35 480 78 58 0.20071002840995789 5 -1 -1 
40 229 41 28 0.19276118278503418 10 -1 -1 
555 709 43 21 0.1880682110786438 3 -1 -1 
1291 450 36 30 0.18703216314315796 3 -1 -1 
51 228 30 29 0.18641336262226105 7 -1 -1 
1280 611 66 117 0.17893214523792267 4 -1 -1 
33 457 72 76 0.17537203431129456 5 -1 -1 
52 581 32 30 0.17304040491580963 1 -1 -1 
198 406 42 20 0.17221757769584656 10 -1 -1 
1220 650 122 74 0.16837772727012634 4 -1 -1 
1110 330 25 39 0.1597157120704651 7 -1 -1 
996 297 100 50 0.15919168293476105 5 -1 -1 
34 229 47 28 0.1568606197834015 8 -1 -1 
125 713 42 22 0.15445005893707275 3 -1 -1 
1210 528 64 73 0.1540830135345459 8 -1 -1 
394 702 45 21 0.14811977744102478 7 -1 -1 
1224 589 118 141 0.14412733912467957 6 -1 -1 
732 579 56 111 0.14244374632835388 5 -1 -1 
1177 522 94 47 0.14051423966884613 6 -1 -1 
1210 528 64 73 0.13582783937454224 7 -1 -1 
634 407 48 88 0.1347823143005371 5 -1 -1 
518 533 41 78 0.13431794941425323 5 -1 -1 
554 710 44 20 0.13336962461471558 7 -1 -1 
38 471 71 62 0.1322592943906784 4 -1 -1 
124 712 43 22 0.1287836730480194 4 -1 -1 
1295 643 52 82 0.12444093078374863 4 -1 -1 
41 452 68 79 0.12296181172132492 7 -1 -1 
351 281 56 81 0.12058072537183762 9 -1 -1 
582 553 51 99 0.11778433620929718 5 -1 -1 
124 712 43 22 0.1161399707198143 2 -1 -1 
1182 602 65 94 0.11558109521865845 4 -1 -1 
7 326 40 22 0.11517404019832611 8 -1 -1 
738 410 46 90 0.11433775722980499 10 -1 -1 
351 281 56 81 0.11413611471652985 10 -1 -1 
1035 286 49 24 0.11402054131031036 10 -1 -1 
1271 612 71 116 0.11373461037874222 6 -1 -1 
516 291 59 80 0.1126570776104927 5 -1 -1 
1073 128 50 69 0.11196333169937134 5 -1 -1 
634 407 48 89 0.11153611540794373 10 -1 -1 
1159 600 72 100 0.1103438287973404 4 -1 -1 
62 580 28 29 0.10984953492879868 2 -1 -1 
738 410 47 90 0.10969986021518707 5 -1 -1 
34 230 47 27 0.10901062935590744 3 -1 -1 
394 701 45 21 0.10754301398992538 4 -1 -1 
377 502 52 99 0.10706688463687897 10 -1 -1 
693 307 41 79 0.1063167154788971 5 -1 -1 
811 563 54 110 0.10504777729511261 10 -1 -1 
1199 599 65 89 0.10334404557943344 4 -1 -1 
1047 89 32 25 0.10327359288930893 8 -1 -1 
649 573 51 111 0.10316253453493118 5 -1 -1 
47 440 59 74 0.10162121802568436 4 -1 -1 
554 709 43 21 0.10142096877098083 8 -1 -1 
1026 294 59 18 0.10052607208490372 10 -1 -1 
1277 670 65 57 0.1002466008067131 4 -1 -1 
649 573 51 111 0.10003160685300827 10 -1 -1 
47 579 26 32 0.09936551004648209 1 -1 -1 
167 190 23 34 0.09923681616783142 1 -1 -1 
1048 602 64 118 0.09833546727895737 1 -1 -1 
351 281 56 81 0.09806626290082932 1 -1 -1 
377 502 52 99 0.0979468896985054 9 -1 -1 
198 406 42 20 0.0978909581899643 8 -1 -1 
435 280 51 72 0.09638462215662003 1 -1 -1 
581 552 52 100 0.09585868567228317 10 -1 -1 
351 281 56 81 0.0957927480340004 7 -1 -1 
738 410 47 90 0.09532396495342255 9 -1 -1 
41 452 68 79 0.0952591821551323 8 -1 -1 
738 410 46 90 0.09482385963201523 1 -1 -1 
442 521 57 110 0.09471248835325241 5 -1 -1 
811 563 54 110 0.0946633592247963 5 -1 -1 
1187 530 84 56 0.0946006029844284 7 -1 -1 
1223 529 55 88 0.09445469826459885 6 -1 -1 
1048 601 64 119 0.09419648349285126 9 -1 -1 
435 280 51 72 0.09341888129711151 5 -1 -1 
45 441 61 78 0.09293258190155029 10 -1 -1 
1242 638 98 87 0.09122058004140854 6 -1 -1 
576 302 48 75 0.09109973162412643 5 -1 -1 
443 520 55 111 0.09010933339595795 10 -1 -1 
1262 636 79 90 0.09005321562290192 5 -1 -1 
1048 601 64 119 0.08978664875030518 10 -1 -1 
1225 607 116 122 0.08751042187213898 4 -1 -1 
1190 554 141 169 0.0774124413728714 6 -1 -1 
1265 559 85 166 0.062488432973623276 6 -1 -1 
