630 463 162 73 0.9495176672935486 4 -1 -1 
250 412 173 97 0.9437100291252136 4 -1 -1 
51 525 215 99 0.9400245547294617 4 -1 -1 
188 348 158 77 0.9370452165603638 4 -1 -1 
247 393 82 44 0.8931228518486023 7 -1 -1 
763 157 68 44 0.8726237416267395 4 -1 -1 
160 304 22 44 0.8663578033447266 1 -1 -1 
532 288 25 48 0.8657769560813904 7 -1 -1 
532 9 42 26 0.8546851873397827 4 -1 -1 
286 316 84 38 0.8392535448074341 7 -1 -1 
600 598 106 84 0.826799213886261 7 -1 -1 
216 40 10 28 0.816342294216156 1 -1 -1 
1108 490 161 131 0.8064280152320862 4 -1 -1 
534 287 21 31 0.8049055933952332 2 -1 -1 
653 347 115 74 0.7807493209838867 4 -1 -1 
419 290 18 49 0.7766433358192444 1 -1 -1 
822 89 11 32 0.7662206292152405 1 -1 -1 
7 316 22 43 0.7627759575843811 1 -1 -1 
690 628 23 64 0.7064374089241028 1 -1 -1 
208 105 12 25 0.6936081647872925 10 -1 -1 
399 287 70 45 0.6869251728057861 7 -1 -1 
532 287 25 49 0.6451322436332703 10 -1 -1 
326 300 17 29 0.623477578163147 2 -1 -1 
267 15 33 33 0.6120015382766724 4 -1 -1 
349 320 18 43 0.5957447290420532 1 -1 -1 
347 300 16 29 0.5480087399482727 2 -1 -1 
373 180 67 72 0.5198917388916016 4 -1 -1 
1055 108 12 17 0.49471166729927063 2 -1 -1 
268 387 28 43 0.47543865442276 2 -1 -1 
364 304 18 41 0.4682333171367645 1 -1 -1 
316 318 19 34 0.4338473975658417 2 -1 -1 
246 393 82 44 0.4254915416240692 3 -1 -1 
375 177 65 74 0.4202776849269867 5 -1 -1 
183 32 21 16 0.40995097160339355 10 -1 -1 
353 319 21 44 0.4031713902950287 1 -1 -1 
314 314 17 29 0.403079092502594 2 -1 -1 
347 300 16 32 0.38793861865997314 1 -1 -1 
357 309 22 42 0.3827081024646759 1 -1 -1 
364 304 19 31 0.3577471971511841 2 -1 -1 
7 317 14 38 0.3468783497810364 1 -1 -1 
652 347 116 73 0.3299758732318878 5 -1 -1 
533 288 24 47 0.327859103679657 2 -1 -1 
1053 113 17 14 0.32641667127609253 10 -1 -1 
325 300 17 29 0.3263188898563385 1 -1 -1 
301 0 20 19 0.323921799659729 6 -1 -1 
315 318 21 34 0.32160845398902893 1 -1 -1 
1107 490 161 130 0.32030850648880005 5 -1 -1 
246 393 82 44 0.3154275119304657 8 -1 -1 
399 290 68 44 0.3118223547935486 8 -1 -1 
179 31 25 17 0.30859625339508057 3 -1 -1 
292 317 49 32 0.30657538771629333 2 -1 -1 
286 313 86 38 0.3048688769340515 8 -1 -1 
306 315 28 32 0.2948070466518402 2 -1 -1 
598 599 109 84 0.2931908071041107 8 -1 -1 
347 301 25 31 0.2913762629032135 2 -1 -1 
285 304 97 45 0.29036882519721985 7 -1 -1 
419 290 18 29 0.28924286365509033 2 -1 -1 
420 290 18 31 0.28609293699264526 1 -1 -1 
286 313 86 38 0.28596043586730957 6 -1 -1 
364 305 21 44 0.28514254093170166 3 -1 -1 
268 387 28 43 0.28359922766685486 1 -1 -1 
301 0 20 20 0.27758926153182983 8 -1 -1 
308 320 31 32 0.2768801748752594 2 -1 -1 
357 303 22 38 0.2749819755554199 2 -1 -1 
218 524 48 74 0.27071014046669006 4 -1 -1 
12 333 21 27 0.2697065770626068 1 -1 -1 
264 389 48 41 0.2648840546607971 2 -1 -1 
598 603 36 35 0.2545565664768219 3 -1 -1 
239 400 30 48 0.25453200936317444 3 -1 -1 
1054 109 12 17 0.252018541097641 10 -1 -1 
1054 108 13 17 0.2504177987575531 1 -1 -1 
161 328 21 19 0.2485802173614502 1 -1 -1 
365 313 15 39 0.24404098093509674 1 -1 -1 
483 607 28 22 0.2424428015947342 4 -1 -1 
349 320 19 43 0.23880569636821747 2 -1 -1 
283 328 93 29 0.23286573588848114 6 -1 -1 
357 309 22 42 0.232056125998497 3 -1 -1 
314 314 17 29 0.23128411173820496 1 -1 -1 
197 31 7 17 0.22992616891860962 10 -1 -1 
348 303 31 44 0.22974129021167755 1 -1 -1 
534 287 21 31 0.22847147285938263 1 -1 -1 
671 629 41 59 0.21937420964241028 1 -1 -1 
319 308 19 28 0.21798951923847198 2 -1 -1 
605 601 20 35 0.2145368754863739 1 -1 -1 
287 317 54 33 0.2052069902420044 10 -1 -1 
401 287 21 48 0.20453526079654694 9 -1 -1 
351 314 24 39 0.20439627766609192 2 -1 -1 
347 299 14 21 0.2036859542131424 2 -1 -1 
197 64 21 17 0.20360572636127472 10 -1 -1 
531 288 27 48 0.20307032763957977 3 -1 -1 
301 0 20 19 0.20268890261650085 7 -1 -1 
14 335 16 25 0.2023511528968811 2 -1 -1 
208 106 12 25 0.20179256796836853 3 -1 -1 
306 315 28 32 0.1985863298177719 1 -1 -1 
249 14 52 39 0.19690397381782532 4 -1 -1 
364 303 20 28 0.1963399201631546 1 -1 -1 
482 605 29 24 0.19614629447460175 5 -1 -1 
534 287 22 35 0.19445183873176575 7 -1 -1 
362 306 19 44 0.19268925487995148 2 -1 -1 
346 165 95 87 0.19263187050819397 4 -1 -1 
419 290 18 49 0.19199462234973907 2 -1 -1 
357 302 21 32 0.1919478327035904 1 -1 -1 
365 304 24 32 0.19103248417377472 3 -1 -1 
320 312 18 32 0.18929782509803772 1 -1 -1 
162 119 9 25 0.18875427544116974 1 -1 -1 
376 157 55 47 0.18834760785102844 4 -1 -1 
209 105 11 24 0.18672531843185425 2 -1 -1 
612 600 12 28 0.18660929799079895 1 -1 -1 
266 15 34 33 0.18348337709903717 5 -1 -1 
324 307 18 35 0.18257588148117065 1 -1 -1 
687 628 26 64 0.18050545454025269 2 -1 -1 
531 9 42 27 0.1782233715057373 5 -1 -1 
1053 115 19 12 0.17669062316417694 3 -1 -1 
306 315 28 32 0.1733091026544571 7 -1 -1 
275 673 56 40 0.17236308753490448 3 -1 -1 
354 316 22 41 0.1713314801454544 3 -1 -1 
763 157 69 44 0.16919897496700287 5 -1 -1 
283 328 92 27 0.16628696024417877 8 -1 -1 
1054 110 15 16 0.16434873640537262 7 -1 -1 
597 599 95 78 0.16423778235912323 3 -1 -1 
599 599 106 82 0.16403301060199738 10 -1 -1 
316 306 77 42 0.16321027278900146 7 -1 -1 
626 613 85 68 0.16295021772384644 8 -1 -1 
374 156 62 83 0.1618146449327469 4 -1 -1 
683 630 28 45 0.16056375205516815 1 -1 -1 
472 598 38 31 0.16033542156219482 4 -1 -1 
274 587 161 142 0.16005614399909973 6 -1 -1 
264 389 48 41 0.15822386741638184 1 -1 -1 
401 286 21 47 0.15761440992355347 10 -1 -1 
420 294 47 31 0.15591728687286377 7 -1 -1 
241 405 42 39 0.15583071112632751 3 -1 -1 
292 317 49 32 0.15445348620414734 1 -1 -1 
197 64 22 17 0.1531575471162796 3 -1 -1 
255 403 70 30 0.15296711027622223 7 -1 -1 
375 180 65 71 0.15278460085391998 6 -1 -1 
327 298 17 21 0.15144027769565582 2 -1 -1 
415 289 19 33 0.15052753686904907 1 -1 -1 
7 317 22 42 0.14839744567871094 2 -1 -1 
630 463 162 73 0.1481531262397766 1 -1 -1 
685 631 26 33 0.14765074849128723 2 -1 -1 
301 0 20 20 0.14703449606895447 5 -1 -1 
275 663 39 45 0.1466216742992401 3 -1 -1 
1054 112 17 15 0.14541082084178925 1 -1 -1 
348 303 31 44 0.14503052830696106 3 -1 -1 
247 393 82 44 0.14452290534973145 10 -1 -1 
362 318 20 39 0.144380584359169 3 -1 -1 
50 526 213 98 0.14396607875823975 1 -1 -1 
536 286 17 22 0.14341387152671814 2 -1 -1 
348 307 18 38 0.14247021079063416 1 -1 -1 
596 602 56 41 0.142029270529747 3 -1 -1 
297 302 92 48 0.14155413210391998 6 -1 -1 
597 599 95 78 0.1410796344280243 9 -1 -1 
319 316 21 33 0.14098212122917175 2 -1 -1 
1107 490 161 130 0.13958121836185455 6 -1 -1 
361 303 17 30 0.1393803060054779 2 -1 -1 
188 32 16 16 0.13669532537460327 3 -1 -1 
532 288 25 48 0.1364525854587555 8 -1 -1 
424 294 29 43 0.1362777203321457 7 -1 -1 
314 311 17 21 0.13588149845600128 2 -1 -1 
1053 115 19 12 0.13581767678260803 7 -1 -1 
421 289 21 23 0.13561926782131195 2 -1 -1 
630 602 109 85 0.13535669445991516 7 -1 -1 
250 412 173 97 0.13490396738052368 5 -1 -1 
472 598 38 31 0.13346858322620392 5 -1 -1 
286 316 83 37 0.13326618075370789 4 -1 -1 
288 318 59 33 0.1330423802137375 8 -1 -1 
209 105 11 24 0.1329551637172699 1 -1 -1 
220 69 52 24 0.1314159482717514 4 -1 -1 
532 288 25 48 0.12956051528453827 9 -1 -1 
630 463 163 73 0.12929809093475342 9 -1 -1 
262 386 29 38 0.1289592981338501 1 -1 -1 
187 348 158 77 0.1275494396686554 5 -1 -1 
532 288 25 48 0.1267007291316986 4 -1 -1 
401 286 21 47 0.12655332684516907 3 -1 -1 
1054 110 15 16 0.12605954706668854 3 -1 -1 
421 291 21 34 0.12566833198070526 2 -1 -1 
382 203 58 49 0.12560246884822845 4 -1 -1 
301 0 20 20 0.1251862496137619 9 -1 -1 
605 601 20 35 0.12497032433748245 3 -1 -1 
960 16 13 22 0.12418408691883087 2 -1 -1 
361 153 58 50 0.12407268583774567 4 -1 -1 
241 394 27 46 0.12374035269021988 2 -1 -1 
401 287 21 48 0.1233958974480629 7 -1 -1 
164 125 8 18 0.1231577917933464 1 -1 -1 
179 27 24 16 0.12253246456384659 3 -1 -1 
488 595 24 19 0.12191856652498245 4 -1 -1 
346 165 95 87 0.12095736712217331 5 -1 -1 
347 308 21 39 0.12095065414905548 2 -1 -1 
643 622 69 61 0.12081067264080048 1 -1 -1 
361 316 17 36 0.1204623430967331 2 -1 -1 
960 16 13 21 0.12021978944540024 1 -1 -1 
241 394 27 46 0.119354747235775 1 -1 -1 
188 348 158 77 0.11927637457847595 1 -1 -1 
265 391 38 44 0.11825525760650635 3 -1 -1 
1052 108 27 20 0.11820217967033386 10 -1 -1 
197 36 7 12 0.11808279156684875 2 -1 -1 
208 106 12 25 0.11777205765247345 4 -1 -1 
273 575 136 118 0.11737371981143951 6 -1 -1 
630 463 163 73 0.11422540992498398 10 -1 -1 
815 90 17 33 0.11347652971744537 1 -1 -1 
1108 490 161 131 0.11272972077131271 1 -1 -1 
250 413 173 96 0.11123540252447128 1 -1 -1 
286 316 84 38 0.1105041429400444 3 -1 -1 
241 388 63 43 0.10998483002185822 1 -1 -1 
275 331 88 47 0.1083683967590332 6 -1 -1 
598 600 97 49 0.1074354276061058 7 -1 -1 
239 18 60 40 0.10603078454732895 5 -1 -1 
235 14 63 37 0.10377351939678192 6 -1 -1 
630 463 163 73 0.10147160291671753 7 -1 -1 
345 307 46 45 0.09996937960386276 3 -1 -1 
0 317 19 41 0.09905532747507095 1 -1 -1 
51 525 215 99 0.098459392786026 9 -1 -1 
400 287 69 45 0.09794057905673981 3 -1 -1 
416 293 57 45 0.09777932614088058 7 -1 -1 
187 349 159 75 0.09752558171749115 6 -1 -1 
315 307 78 42 0.09644840657711029 8 -1 -1 
763 157 68 44 0.09597953408956528 1 -1 -1 
4 314 19 33 0.09523822367191315 1 -1 -1 
373 137 51 61 0.0944463387131691 4 -1 -1 
283 617 142 143 0.09347561746835709 6 -1 -1 
600 598 106 84 0.09237649291753769 2 -1 -1 
250 412 173 97 0.09214524924755096 9 -1 -1 
247 393 82 44 0.09184150397777557 6 -1 -1 
243 397 47 41 0.09181100130081177 3 -1 -1 
253 392 76 42 0.0914151668548584 2 -1 -1 
188 347 157 77 0.09137321263551712 9 -1 -1 
671 629 41 59 0.09114442765712738 2 -1 -1 
187 347 159 78 0.09114119410514832 7 -1 -1 
399 290 68 44 0.09047099202871323 1 -1 -1 
322 312 60 44 0.09045267850160599 7 -1 -1 
383 150 59 48 0.08853576332330704 4 -1 -1 
209 38 17 32 0.08825302124023438 1 -1 -1 
955 13 21 35 0.08739905059337616 2 -1 -1 
292 56 52 52 0.0867769792675972 4 -1 -1 
225 385 66 45 0.08605386316776276 1 -1 -1 
638 629 73 59 0.08601288497447968 7 -1 -1 
319 310 73 41 0.08597613871097565 1 -1 -1 
373 180 67 72 0.08587811142206192 8 -1 -1 
598 599 102 79 0.08561781048774719 6 -1 -1 
630 602 109 85 0.08434586971998215 8 -1 -1 
643 622 69 61 0.08434494584798813 2 -1 -1 
400 279 69 45 0.08393057435750961 8 -1 -1 
653 347 115 73 0.08324260264635086 10 -1 -1 
51 524 214 100 0.08295559883117676 10 -1 -1 
369 156 65 76 0.08274443447589874 5 -1 -1 
298 177 138 81 0.0809977799654007 4 -1 -1 
599 598 107 84 0.08091473579406738 4 -1 -1 
52 524 213 100 0.07920858263969421 5 -1 -1 
629 463 163 73 0.07858238369226456 5 -1 -1 
5 316 16 41 0.07804285734891891 2 -1 -1 
312 148 127 101 0.07759327441453934 4 -1 -1 
274 582 208 178 0.0774596780538559 4 -1 -1 
243 395 47 46 0.07745415717363358 1 -1 -1 
397 290 53 48 0.07741650938987732 9 -1 -1 
400 287 69 45 0.07728533446788788 6 -1 -1 
301 170 137 84 0.07639849931001663 6 -1 -1 
597 598 103 55 0.07581237703561783 8 -1 -1 
597 603 73 68 0.07508217543363571 7 -1 -1 
347 145 66 54 0.07461890578269958 4 -1 -1 
242 404 58 45 0.0743456482887268 9 -1 -1 
307 595 169 114 0.07420750707387924 6 -1 -1 
1107 490 161 130 0.0740724727511406 8 -1 -1 
286 316 84 38 0.07389333099126816 10 -1 -1 
285 313 84 39 0.07364552468061447 2 -1 -1 
371 177 69 75 0.07345003634691238 9 -1 -1 
312 148 127 101 0.07303040474653244 5 -1 -1 
7 317 18 43 0.07244717329740524 4 -1 -1 
346 586 138 107 0.07195891439914703 6 -1 -1 
955 13 21 35 0.07179364562034607 1 -1 -1 
617 608 92 72 0.07140511274337769 3 -1 -1 
270 583 89 130 0.07086023688316345 6 -1 -1 
224 9 68 30 0.07065941393375397 6 -1 -1 
1108 490 161 130 0.07043302059173584 9 -1 -1 
396 293 58 47 0.06984350085258484 7 -1 -1 
287 313 89 39 0.06974302232265472 1 -1 -1 
275 331 88 47 0.06965667009353638 7 -1 -1 
270 583 89 130 0.06961311399936676 8 -1 -1 
355 159 66 63 0.06888874620199203 4 -1 -1 
387 168 60 75 0.06854908913373947 4 -1 -1 
241 403 29 57 0.06840164959430695 8 -1 -1 
653 347 115 74 0.06831317394971848 1 -1 -1 
160 118 14 30 0.06810704618692398 1 -1 -1 
1123 483 191 105 0.06786171346902847 4 -1 -1 
284 328 92 29 0.06766505539417267 5 -1 -1 
298 177 138 81 0.06751123070716858 5 -1 -1 
178 28 26 20 0.0668327659368515 7 -1 -1 
279 572 172 96 0.06677940487861633 6 -1 -1 
376 157 55 47 0.06669040024280548 5 -1 -1 
630 463 163 73 0.06634559482336044 6 -1 -1 
197 382 127 46 0.06634080410003662 1 -1 -1 
340 311 41 47 0.06624604761600494 1 -1 -1 
274 582 208 178 0.06623521447181702 9 -1 -1 
1052 107 26 22 0.06613165885210037 1 -1 -1 
9 315 27 36 0.06580361723899841 1 -1 -1 
250 412 173 97 0.0657716765999794 7 -1 -1 
316 306 77 42 0.06543177366256714 3 -1 -1 
1051 106 23 23 0.0650491788983345 2 -1 -1 
596 604 47 57 0.06476141512393951 3 -1 -1 
294 652 122 111 0.06452620774507523 4 -1 -1 
345 155 95 96 0.06380860507488251 6 -1 -1 
250 412 173 97 0.06270549446344376 10 -1 -1 
630 600 118 85 0.06131390854716301 9 -1 -1 
250 413 173 96 0.06094586104154587 6 -1 -1 
188 348 158 77 0.0608670711517334 10 -1 -1 
278 301 111 56 0.05968458205461502 9 -1 -1 
297 162 141 89 0.057861145585775375 9 -1 -1 
346 121 102 126 0.05733347684144974 4 -1 -1 
187 348 159 77 0.05676081404089928 8 -1 -1 
278 301 111 56 0.05671815574169159 8 -1 -1 
237 394 119 87 0.05635443329811096 9 -1 -1 
273 576 213 166 0.05349831283092499 5 -1 -1 
278 575 231 176 0.052670665085315704 6 -1 -1 
372 143 80 105 0.05232483521103859 5 -1 -1 
