813 395 100 211 0.9935539960861206 6 -1 -1 
746 78 20 27 0.943576991558075 6 -1 -1 
382 350 52 53 0.8708390593528748 4 -1 -1 
432 123 26 16 0.8073544502258301 4 -1 -1 
764 162 39 63 0.797383189201355 6 -1 -1 
678 188 35 60 0.7579954862594604 7 -1 -1 
618 59 22 28 0.6686544418334961 6 -1 -1 
678 187 35 61 0.6516864895820618 6 -1 -1 
633 210 27 29 0.6467230916023254 4 -1 -1 
833 612 17 41 0.645611047744751 1 -1 -1 
835 565 158 198 0.6177557706832886 6 -1 -1 
571 42 9 8 0.5740184187889099 4 -1 -1 
705 8 5 5 0.5648263096809387 4 -1 -1 
703 22 6 6 0.5535790324211121 4 -1 -1 
678 188 35 60 0.5522381067276001 8 -1 -1 
809 604 15 47 0.5455836057662964 1 -1 -1 
710 20 10 16 0.5256949663162231 6 -1 -1 
669 22 7 6 0.5252666473388672 4 -1 -1 
807 605 17 46 0.5024130344390869 3 -1 -1 
678 1 8 11 0.4823565185070038 6 -1 -1 
714 0 7 10 0.4731840491294861 6 -1 -1 
346 125 30 34 0.45706436038017273 6 -1 -1 
456 88 22 33 0.39588242769241333 6 -1 -1 
798 79 28 25 0.3913121521472931 4 -1 -1 
809 602 14 33 0.3876219093799591 2 -1 -1 
800 82 26 25 0.38289740681648254 6 -1 -1 
317 123 59 38 0.3645416498184204 6 -1 -1 
856 623 117 141 0.36121582984924316 9 -1 -1 
710 29 10 8 0.3592762351036072 4 -1 -1 
325 126 24 26 0.3584211468696594 4 -1 -1 
705 8 5 5 0.3537214398384094 5 -1 -1 
431 131 16 8 0.3502262532711029 4 -1 -1 
633 210 27 29 0.34066131711006165 6 -1 -1 
809 602 14 33 0.3399631381034851 1 -1 -1 
350 125 26 36 0.33927005529403687 8 -1 -1 
711 20 9 11 0.33700788021087646 6 -1 -1 
618 59 22 28 0.32180342078208923 9 -1 -1 
590 13 20 11 0.3168497085571289 4 -1 -1 
802 80 19 16 0.3162687420845032 4 -1 -1 
711 20 9 11 0.3155304789543152 9 -1 -1 
456 101 17 19 0.3135956823825836 5 -1 -1 
678 1 8 11 0.3117564916610718 9 -1 -1 
787 82 39 30 0.3066399395465851 6 -1 -1 
633 210 27 29 0.30303388833999634 5 -1 -1 
808 619 15 39 0.3021235466003418 1 -1 -1 
456 88 21 33 0.30076363682746887 5 -1 -1 
679 1 7 11 0.29504504799842834 8 -1 -1 
558 37 13 10 0.27807801961898804 4 -1 -1 
821 462 103 194 0.271934449672699 6 -1 -1 
807 620 16 37 0.2705968916416168 3 -1 -1 
573 23 21 10 0.26831039786338806 4 -1 -1 
500 85 4 9 0.2658335566520691 1 -1 -1 
456 101 17 20 0.265367716550827 4 -1 -1 
812 475 172 279 0.26410621404647827 6 -1 -1 
710 20 10 16 0.2627917230129242 9 -1 -1 
765 162 37 63 0.2549518048763275 5 -1 -1 
811 396 101 205 0.2542291581630707 4 -1 -1 
618 59 22 28 0.2533073425292969 8 -1 -1 
309 124 39 28 0.25245726108551025 4 -1 -1 
813 395 100 211 0.25223714113235474 10 -1 -1 
805 85 21 18 0.2480567991733551 4 -1 -1 
710 21 10 16 0.2409021556377411 4 -1 -1 
714 0 7 10 0.23461787402629852 8 -1 -1 
765 162 37 64 0.23209480941295624 9 -1 -1 
502 85 8 9 0.23010170459747314 10 -1 -1 
746 77 20 28 0.22805963456630707 5 -1 -1 
811 396 101 205 0.22766676545143127 5 -1 -1 
844 564 116 199 0.22714418172836304 9 -1 -1 
500 85 7 9 0.22674678266048431 10 -1 -1 
836 613 19 42 0.22301942110061646 1 -1 -1 
349 125 27 35 0.21882200241088867 5 -1 -1 
573 38 11 10 0.21875615417957306 4 -1 -1 
823 556 102 101 0.2166091352701187 6 -1 -1 
813 395 100 211 0.2165038138628006 7 -1 -1 
349 125 27 35 0.2114645391702652 4 -1 -1 
853 617 124 146 0.21058112382888794 6 -1 -1 
571 42 9 8 0.20705807209014893 5 -1 -1 
382 350 52 53 0.20585419237613678 5 -1 -1 
500 86 4 8 0.20446443557739258 3 -1 -1 
545 37 24 11 0.20439448952674866 4 -1 -1 
678 1 8 11 0.201286181807518 5 -1 -1 
804 82 21 16 0.2012336701154709 4 -1 -1 
500 85 8 10 0.19941647350788116 1 -1 -1 
679 1 7 11 0.19807110726833344 7 -1 -1 
714 0 7 10 0.19799405336380005 5 -1 -1 
845 616 19 45 0.19759924709796906 1 -1 -1 
502 83 7 8 0.197292760014534 2 -1 -1 
759 165 12 16 0.1966407299041748 4 -1 -1 
759 165 12 16 0.19615446031093597 6 -1 -1 
710 20 10 17 0.19418925046920776 5 -1 -1 
500 84 8 9 0.19181902706623077 2 -1 -1 
793 75 30 24 0.19120566546916962 4 -1 -1 
800 82 26 25 0.19097843766212463 5 -1 -1 
276 151 43 27 0.18980711698532104 4 -1 -1 
809 603 17 37 0.18804429471492767 3 -1 -1 
711 20 9 9 0.18362443149089813 4 -1 -1 
350 125 26 36 0.1833915263414383 7 -1 -1 
679 0 6 7 0.18175409734249115 6 -1 -1 
807 605 17 46 0.18168646097183228 10 -1 -1 
810 602 11 22 0.17970235645771027 2 -1 -1 
761 90 30 17 0.17881019413471222 4 -1 -1 
711 20 9 10 0.1762198954820633 5 -1 -1 
813 395 100 211 0.1756156086921692 2 -1 -1 
604 8 18 9 0.17345046997070312 4 -1 -1 
509 58 25 12 0.172435000538826 4 -1 -1 
800 79 16 14 0.17064562439918518 4 -1 -1 
669 22 7 6 0.16984766721725464 5 -1 -1 
811 396 101 205 0.1676514893770218 8 -1 -1 
499 87 5 10 0.16515463590621948 1 -1 -1 
781 83 45 33 0.16479802131652832 9 -1 -1 
570 39 10 10 0.16426581144332886 4 -1 -1 
714 0 7 7 0.1635615974664688 6 -1 -1 
561 36 12 10 0.1626707911491394 4 -1 -1 
678 188 35 60 0.1619752049446106 9 -1 -1 
500 85 5 9 0.16175352036952972 2 -1 -1 
678 188 35 60 0.1616189330816269 4 -1 -1 
323 125 26 27 0.16053038835525513 5 -1 -1 
702 21 6 6 0.1593242585659027 4 -1 -1 
1203 3 11 5 0.15889199078083038 4 -1 -1 
977 305 12 22 0.15683333575725555 1 -1 -1 
801 82 25 25 0.15628711879253387 9 -1 -1 
307 123 69 37 0.15582041442394257 4 -1 -1 
338 116 39 44 0.15460136532783508 6 -1 -1 
619 78 4 9 0.15316201746463776 1 -1 -1 
597 9 24 10 0.15168118476867676 4 -1 -1 
618 59 22 28 0.15153636038303375 5 -1 -1 
332 150 27 25 0.15140393376350403 4 -1 -1 
758 98 5 8 0.15107323229312897 10 -1 -1 
746 78 20 27 0.15053166449069977 9 -1 -1 
456 88 21 33 0.149703249335289 9 -1 -1 
820 37 5 11 0.14968468248844147 1 -1 -1 
502 85 8 9 0.1492445319890976 7 -1 -1 
787 82 39 30 0.1491030752658844 5 -1 -1 
503 84 6 10 0.14623461663722992 4 -1 -1 
580 14 30 13 0.14619901776313782 4 -1 -1 
836 564 100 168 0.14618228375911713 6 -1 -1 
848 620 19 49 0.14593985676765442 1 -1 -1 
678 1 8 11 0.14410102367401123 4 -1 -1 
714 0 7 10 0.14409956336021423 7 -1 -1 
502 85 8 9 0.14353498816490173 3 -1 -1 
752 34 7 6 0.14352168142795563 4 -1 -1 
571 42 9 8 0.14328137040138245 6 -1 -1 
790 557 167 201 0.14271259307861328 6 -1 -1 
807 605 17 44 0.14261752367019653 2 -1 -1 
431 131 17 8 0.14061735570430756 5 -1 -1 
800 82 26 24 0.1406116485595703 8 -1 -1 
679 0 6 7 0.14019565284252167 9 -1 -1 
678 0 7 8 0.14007732272148132 5 -1 -1 
849 573 122 190 0.13992443680763245 5 -1 -1 
811 396 101 205 0.139911949634552 9 -1 -1 
714 0 7 10 0.13918371498584747 9 -1 -1 
1139 51 13 8 0.13805173337459564 4 -1 -1 
1231 0 15 7 0.13804146647453308 4 -1 -1 
570 37 12 10 0.1376299411058426 4 -1 -1 
813 395 100 211 0.13749055564403534 3 -1 -1 
504 83 5 9 0.13705845177173615 1 -1 -1 
777 76 49 31 0.13658717274665833 6 -1 -1 
502 84 7 10 0.13637515902519226 2 -1 -1 
456 94 27 27 0.13389866054058075 4 -1 -1 
327 126 23 27 0.1330963671207428 6 -1 -1 
576 20 24 12 0.13265842199325562 4 -1 -1 
704 22 7 7 0.13256119191646576 4 -1 -1 
776 464 163 288 0.13209064304828644 6 -1 -1 
678 188 35 60 0.13124306499958038 2 -1 -1 
255 118 122 49 0.1310821771621704 6 -1 -1 
805 85 21 18 0.13038916885852814 5 -1 -1 
799 80 27 25 0.12963496148586273 7 -1 -1 
977 305 12 22 0.1291094571352005 2 -1 -1 
500 85 7 9 0.12896078824996948 4 -1 -1 
710 27 10 10 0.12889599800109863 5 -1 -1 
307 123 69 37 0.12801961600780487 5 -1 -1 
703 22 6 6 0.12732712924480438 7 -1 -1 
759 165 12 16 0.1264510303735733 5 -1 -1 
500 83 7 8 0.1262938529253006 2 -1 -1 
633 210 27 29 0.12449774146080017 8 -1 -1 
775 49 5 13 0.12417445331811905 1 -1 -1 
758 98 5 8 0.12395817786455154 2 -1 -1 
1249 0 40 11 0.12209927290678024 9 -1 -1 
678 188 35 60 0.12097076326608658 5 -1 -1 
456 99 20 22 0.12041321396827698 6 -1 -1 
543 35 18 11 0.12010741978883743 4 -1 -1 
309 123 39 28 0.12005409598350525 5 -1 -1 
306 122 49 38 0.119893379509449 6 -1 -1 
499 87 5 9 0.11957467347383499 3 -1 -1 
500 85 7 9 0.11913053691387177 7 -1 -1 
321 126 41 27 0.11867023259401321 6 -1 -1 
571 42 9 8 0.11800142377614975 8 -1 -1 
703 22 6 6 0.11794944852590561 10 -1 -1 
1142 0 8 6 0.11739835143089294 4 -1 -1 
791 77 34 25 0.11719927936792374 6 -1 -1 
432 130 25 9 0.11704759299755096 5 -1 -1 
806 81 17 13 0.11673888564109802 4 -1 -1 
586 11 23 12 0.11665867269039154 4 -1 -1 
1223 0 24 8 0.11618050932884216 4 -1 -1 
321 126 41 27 0.11565177142620087 4 -1 -1 
431 123 27 16 0.11452279984951019 5 -1 -1 
575 37 10 9 0.11347085237503052 4 -1 -1 
502 85 8 9 0.11342737823724747 8 -1 -1 
678 188 35 60 0.11290484666824341 3 -1 -1 
334 125 42 32 0.11275042593479156 4 -1 -1 
705 8 5 5 0.11260094493627548 9 -1 -1 
576 17 29 13 0.1123475655913353 4 -1 -1 
765 162 37 64 0.11192233860492706 4 -1 -1 
437 130 22 8 0.11127302050590515 4 -1 -1 
812 399 60 56 0.1112501472234726 4 -1 -1 
970 300 16 23 0.11113431304693222 2 -1 -1 
833 612 17 41 0.11069081723690033 2 -1 -1 
581 25 14 7 0.11036089807748795 4 -1 -1 
679 0 6 7 0.11018697917461395 4 -1 -1 
813 396 96 207 0.11000847071409225 1 -1 -1 
633 210 27 29 0.10901866853237152 9 -1 -1 
550 39 18 10 0.1085020899772644 4 -1 -1 
501 87 8 9 0.10832611471414566 1 -1 -1 
807 620 16 37 0.10802506655454636 10 -1 -1 
321 149 36 23 0.10758648067712784 4 -1 -1 
590 9 25 11 0.10740169882774353 4 -1 -1 
567 36 12 10 0.10735172778367996 4 -1 -1 
786 43 4 10 0.10662026703357697 1 -1 -1 
810 602 11 22 0.10555588454008102 1 -1 -1 
571 41 9 9 0.10412897914648056 7 -1 -1 
618 59 22 28 0.10297583043575287 1 -1 -1 
456 98 27 23 0.10181871801614761 5 -1 -1 
746 78 20 27 0.10143279284238815 4 -1 -1 
618 59 22 28 0.09997109323740005 3 -1 -1 
285 122 83 35 0.09628503769636154 6 -1 -1 
840 556 251 205 0.09494365751743317 6 -1 -1 
456 95 32 26 0.0948650985956192 6 -1 -1 
270 146 61 30 0.09438737481832504 4 -1 -1 
784 59 42 49 0.0935458242893219 6 -1 -1 
1111 43 30 18 0.09241416305303574 6 -1 -1 
808 398 125 312 0.09075618535280228 6 -1 -1 
843 564 105 105 0.08799070864915848 6 -1 -1 
846 567 126 195 0.08744494616985321 4 -1 -1 
582 14 29 12 0.08739521354436874 5 -1 -1 
507 51 33 18 0.08727028220891953 4 -1 -1 
257 111 119 53 0.08714159578084946 9 -1 -1 
789 80 37 28 0.08657617121934891 8 -1 -1 
288 123 60 33 0.08655864745378494 4 -1 -1 
678 188 35 60 0.0864361971616745 1 -1 -1 
781 83 45 33 0.08489205688238144 4 -1 -1 
847 580 192 188 0.08426009863615036 9 -1 -1 
761 79 30 26 0.08310377597808838 4 -1 -1 
864 626 118 140 0.08280730247497559 5 -1 -1 
633 210 27 29 0.08065122365951538 1 -1 -1 
48 97 72 35 0.08014848828315735 4 -1 -1 
456 86 19 34 0.07980242371559143 4 -1 -1 
763 77 61 36 0.07974996417760849 9 -1 -1 
633 210 27 29 0.0795801430940628 7 -1 -1 
791 77 34 25 0.07938387989997864 5 -1 -1 
534 34 32 16 0.07917662709951401 4 -1 -1 
382 350 52 53 0.0790187269449234 9 -1 -1 
807 84 22 24 0.07874608039855957 6 -1 -1 
821 462 103 194 0.07745609432458878 9 -1 -1 
286 121 62 32 0.07724067568778992 5 -1 -1 
618 59 22 28 0.07700079679489136 2 -1 -1 
762 83 32 24 0.0768396407365799 6 -1 -1 
444 82 39 19 0.07617424428462982 4 -1 -1 
452 84 29 31 0.07608717679977417 4 -1 -1 
307 123 69 37 0.0755547434091568 9 -1 -1 
285 134 69 36 0.07540875673294067 4 -1 -1 
382 350 52 53 0.07517217844724655 1 -1 -1 
764 90 36 20 0.07483673840761185 4 -1 -1 
281 149 66 29 0.07434716820716858 4 -1 -1 
823 556 102 101 0.07312574982643127 9 -1 -1 
821 420 171 269 0.07306870818138123 6 -1 -1 
338 120 40 42 0.07294818013906479 5 -1 -1 
613 60 21 28 0.07265809923410416 9 -1 -1 
257 111 119 53 0.07213173806667328 4 -1 -1 
618 59 22 28 0.07170712202787399 7 -1 -1 
432 123 26 16 0.07109051197767258 1 -1 -1 
501 56 36 16 0.07102586328983307 4 -1 -1 
746 78 20 27 0.07080286741256714 10 -1 -1 
315 136 52 38 0.07059650123119354 6 -1 -1 
1035 612 103 69 0.07035734504461288 4 -1 -1 
458 101 31 21 0.07021480053663254 4 -1 -1 
764 90 36 20 0.07017962634563446 6 -1 -1 
794 400 255 361 0.0699714943766594 6 -1 -1 
302 125 50 37 0.06976526230573654 4 -1 -1 
888 653 101 112 0.06972263753414154 9 -1 -1 
823 556 102 101 0.069156713783741 5 -1 -1 
316 107 56 50 0.06839282065629959 6 -1 -1 
27 90 89 38 0.06818918883800507 4 -1 -1 
821 462 103 194 0.06793711334466934 5 -1 -1 
821 462 103 194 0.06735868752002716 4 -1 -1 
801 85 26 30 0.06714849174022675 6 -1 -1 
276 121 75 34 0.0667652040719986 9 -1 -1 
454 97 18 24 0.06620852649211884 9 -1 -1 
746 77 20 28 0.06618624180555344 8 -1 -1 
694 404 294 356 0.065391406416893 6 -1 -1 
677 188 36 60 0.06438693404197693 10 -1 -1 
285 134 69 36 0.064265675842762 6 -1 -1 
541 35 29 14 0.06238973140716553 5 -1 -1 
850 572 126 191 0.062079183757305145 8 -1 -1 
711 388 103 241 0.05899800360202789 6 -1 -1 
453 80 38 42 0.05874704569578171 6 -1 -1 
257 111 119 53 0.057395584881305695 5 -1 -1 
840 566 220 197 0.05521756783127785 5 -1 -1 
843 562 237 201 0.05342360585927963 4 -1 -1 
819 520 152 227 0.053056731820106506 5 -1 -1 
765 79 61 31 0.05210036039352417 4 -1 -1 
765 79 61 31 0.05142335966229439 5 -1 -1 
677 358 91 260 0.050845496356487274 6 -1 -1 
