947 40 415 326 0.9890005588531494 6 -1 -1 
166 357 140 267 0.8997207880020142 1 -1 -1 
263 217 83 203 0.812772810459137 1 -1 -1 
947 43 405 322 0.737530529499054 9 -1 -1 
947 43 405 322 0.6933343410491943 7 -1 -1 
947 43 405 322 0.3858744502067566 8 -1 -1 
947 42 415 330 0.34562480449676514 4 -1 -1 
947 41 247 188 0.31617799401283264 6 -1 -1 
191 353 102 170 0.3129892945289612 2 -1 -1 
944 45 407 319 0.3087422847747803 3 -1 -1 
947 43 405 322 0.24435825645923615 5 -1 -1 
175 356 89 162 0.24209898710250854 2 -1 -1 
940 78 20 42 0.22183427214622498 1 -1 -1 
190 353 94 150 0.21667757630348206 1 -1 -1 
264 218 70 111 0.21056537330150604 2 -1 -1 
205 367 91 239 0.20955170691013336 1 -1 -1 
947 43 405 322 0.20788365602493286 2 -1 -1 
261 216 79 196 0.19185195863246918 2 -1 -1 
174 356 135 267 0.1900344341993332 4 -1 -1 
261 227 36 101 0.18410710990428925 1 -1 -1 
261 217 66 147 0.16695626080036163 1 -1 -1 
185 363 92 211 0.15857280790805817 2 -1 -1 
263 217 83 203 0.1580197811126709 4 -1 -1 
225 402 81 222 0.15493150055408478 1 -1 -1 
195 352 73 125 0.1539711356163025 2 -1 -1 
185 363 92 211 0.135997474193573 1 -1 -1 
159 352 141 239 0.13403722643852234 2 -1 -1 
201 378 100 204 0.13236545026302338 2 -1 -1 
1041 126 319 226 0.1313137710094452 9 -1 -1 
267 218 73 109 0.12783214449882507 1 -1 -1 
176 360 69 159 0.12591266632080078 1 -1 -1 
223 372 80 127 0.12423477321863174 2 -1 -1 
212 362 93 126 0.11157399415969849 1 -1 -1 
258 218 53 116 0.10993202030658722 1 -1 -1 
282 259 62 167 0.10979970544576645 1 -1 -1 
943 45 257 233 0.10795800387859344 8 -1 -1 
157 350 131 192 0.10777394473552704 1 -1 -1 
195 352 68 111 0.10341571271419525 1 -1 -1 
148 332 137 194 0.10260111093521118 2 -1 -1 
187 357 139 265 0.09782090783119202 9 -1 -1 
943 41 418 326 0.09777788817882538 10 -1 -1 
949 51 298 271 0.09400908648967743 6 -1 -1 
1033 130 323 225 0.09387612342834473 5 -1 -1 
946 41 246 191 0.09296122938394547 2 -1 -1 
199 353 52 79 0.09169893711805344 1 -1 -1 
256 217 51 111 0.09161123633384705 2 -1 -1 
944 41 253 194 0.0892711728811264 7 -1 -1 
817 11 22 23 0.08767600357532501 1 -1 -1 
264 217 87 205 0.0865616500377655 9 -1 -1 
947 43 405 322 0.08471286296844482 1 -1 -1 
946 41 246 191 0.08222249150276184 1 -1 -1 
169 369 55 144 0.08173657953739166 1 -1 -1 
185 326 125 207 0.07939799875020981 1 -1 -1 
157 257 153 270 0.0790562853217125 2 -1 -1 
804 -12 650 485 0.07805293798446655 9 -1 -1 
224 374 77 170 0.0776037946343422 1 -1 -1 
195 351 63 86 0.0772453099489212 2 -1 -1 
822 28 52 26 0.07637684792280197 4 -1 -1 
1041 126 319 226 0.07581817358732224 6 -1 -1 
170 356 60 160 0.07414396107196808 2 -1 -1 
940 78 20 42 0.07381846755743027 2 -1 -1 
816 11 24 25 0.07245690375566483 2 -1 -1 
175 360 134 262 0.07162980735301971 3 -1 -1 
192 345 138 268 0.06556424498558044 2 -1 -1 
244 440 69 184 0.06517846137285233 1 -1 -1 
237 383 65 111 0.06391220539808273 1 -1 -1 
1204 275 46 90 0.06376423686742783 1 -1 -1 
804 -36 641 509 0.06239629536867142 5 -1 -1 
244 219 62 142 0.06229505315423012 1 -1 -1 
938 73 18 37 0.061329908668994904 1 -1 -1 
202 351 89 103 0.0610048770904541 1 -1 -1 
940 29 282 291 0.06014369800686836 9 -1 -1 
941 73 27 45 0.05996473506093025 1 -1 -1 
1040 116 311 222 0.05935532972216606 4 -1 -1 
947 48 284 267 0.05888315290212631 5 -1 -1 
944 34 254 159 0.058828387409448624 9 -1 -1 
916 23 212 192 0.05812251195311546 6 -1 -1 
817 24 42 27 0.05785512924194336 4 -1 -1 
996 107 382 316 0.05666540563106537 9 -1 -1 
933 77 24 41 0.05640891194343567 1 -1 -1 
1033 130 323 225 0.055687978863716125 8 -1 -1 
276 219 72 130 0.055460844188928604 2 -1 -1 
947 48 284 267 0.05540807545185089 7 -1 -1 
946 41 246 191 0.055276356637477875 5 -1 -1 
266 448 37 46 0.05527520924806595 1 -1 -1 
804 -36 641 509 0.05482366681098938 6 -1 -1 
260 230 32 97 0.0544259250164032 2 -1 -1 
110 359 186 265 0.05438707768917084 9 -1 -1 
927 36 206 195 0.054343100637197495 9 -1 -1 
804 -36 641 509 0.05430552363395691 4 -1 -1 
1040 145 316 230 0.054248224943876266 1 -1 -1 
1251 246 108 101 0.0537177175283432 2 -1 -1 
276 218 46 102 0.05289527773857117 1 -1 -1 
1085 228 54 54 0.05235094949603081 4 -1 -1 
848 1 15 19 0.052237387746572495 1 -1 -1 
268 293 68 131 0.0517323799431324 1 -1 -1 
252 233 35 94 0.05134911835193634 1 -1 -1 
946 113 325 238 0.05119553580880165 8 -1 -1 
198 244 129 270 0.050825104117393494 1 -1 -1 
836 29 44 26 0.05043281614780426 4 -1 -1 
