607 298 32 92 0.9252222180366516 1 -1 -1 
580 269 29 94 0.8629363775253296 1 -1 -1 
659 299 43 87 0.6943544149398804 10 -1 -1 
662 258 39 74 0.6349389553070068 2 -1 -1 
570 269 40 44 0.6074338555335999 1 -1 -1 
660 295 43 86 0.4085928797721863 2 -1 -1 
1 106 130 144 0.4043272137641907 6 -1 -1 
7 99 139 147 0.32116180658340454 8 -1 -1 
0 105 132 144 0.31645917892456055 7 -1 -1 
662 258 39 74 0.2763884365558624 1 -1 -1 
2 77 191 179 0.2344726026058197 6 -1 -1 
595 287 34 81 0.23401039838790894 1 -1 -1 
570 269 40 44 0.22558113932609558 2 -1 -1 
1298 338 52 26 0.22205840051174164 4 -1 -1 
581 270 37 43 0.221917986869812 1 -1 -1 
1168 225 47 52 0.2025350034236908 10 -1 -1 
1164 229 41 30 0.1677578240633011 3 -1 -1 
1169 228 38 31 0.16759417951107025 10 -1 -1 
556 264 50 42 0.16520223021507263 1 -1 -1 
660 297 43 89 0.1592581868171692 1 -1 -1 
610 301 29 74 0.15718162059783936 2 -1 -1 
608 298 33 92 0.14694908261299133 4 -1 -1 
581 290 38 81 0.1420830488204956 1 -1 -1 
661 255 40 105 0.13710881769657135 3 -1 -1 
3 90 133 160 0.13397134840488434 5 -1 -1 
608 298 27 57 0.13302335143089294 2 -1 -1 
3 90 133 160 0.12961237132549286 4 -1 -1 
1 88 130 163 0.12243596464395523 9 -1 -1 
9 59 370 192 0.12230291217565536 9 -1 -1 
581 274 28 85 0.12115486711263657 9 -1 -1 
0 35 117 222 0.12080290913581848 6 -1 -1 
20 92 156 154 0.12077349424362183 7 -1 -1 
1303 338 46 27 0.11575204133987427 10 -1 -1 
1175 231 46 55 0.11425058543682098 10 -1 -1 
660 257 40 103 0.11333780735731125 10 -1 -1 
580 269 29 94 0.11333035677671432 4 -1 -1 
651 266 53 120 0.11332622915506363 9 -1 -1 
1177 234 28 26 0.11318133026361465 10 -1 -1 
4 77 192 176 0.1131136491894722 9 -1 -1 
609 297 26 67 0.11289125680923462 1 -1 -1 
581 267 26 71 0.11235255002975464 2 -1 -1 
1297 392 61 79 0.11222609877586365 4 -1 -1 
1305 339 45 27 0.11155050992965698 1 -1 -1 
1165 219 44 45 0.10929542034864426 10 -1 -1 
575 262 33 37 0.10803933441638947 1 -1 -1 
561 268 47 96 0.10651256889104843 1 -1 -1 
664 301 30 62 0.10636443644762039 2 -1 -1 
661 312 30 74 0.10620635747909546 10 -1 -1 
32 130 116 118 0.10335048288106918 7 -1 -1 
581 270 37 43 0.1024007573723793 2 -1 -1 
662 291 41 80 0.10101161152124405 3 -1 -1 
610 305 28 84 0.10017363727092743 9 -1 -1 
1167 224 46 50 0.0982072725892067 3 -1 -1 
1163 225 39 23 0.09690524637699127 3 -1 -1 
1308 477 47 50 0.09568498283624649 1 -1 -1 
1285 337 65 40 0.09409806877374649 4 -1 -1 
617 306 24 78 0.09332054853439331 1 -1 -1 
1303 338 46 27 0.09083748608827591 2 -1 -1 
1173 174 78 48 0.09068258851766586 4 -1 -1 
32 118 133 130 0.09009137004613876 6 -1 -1 
659 298 42 88 0.08873722702264786 4 -1 -1 
1177 232 29 27 0.08838009089231491 3 -1 -1 
1204 268 63 61 0.08601104468107224 10 -1 -1 
31 92 167 153 0.08509490638971329 8 -1 -1 
556 264 50 42 0.08467410504817963 2 -1 -1 
557 266 46 72 0.08460775762796402 1 -1 -1 
1174 267 127 199 0.08093541115522385 3 -1 -1 
1214 340 50 41 0.08081041276454926 3 -1 -1 
1311 484 45 60 0.08066192269325256 1 -1 -1 
22 79 158 167 0.08027641475200653 5 -1 -1 
616 300 24 57 0.07983559370040894 2 -1 -1 
9 59 370 192 0.07960337400436401 6 -1 -1 
1214 345 36 27 0.07891262322664261 3 -1 -1 
59 151 62 93 0.07824740558862686 6 -1 -1 
575 262 33 37 0.07799071818590164 2 -1 -1 
607 299 32 91 0.07677852362394333 3 -1 -1 
1214 282 57 52 0.0758773684501648 10 -1 -1 
656 260 51 124 0.07552798092365265 2 -1 -1 
92 488 153 102 0.07492909580469131 4 -1 -1 
607 299 32 91 0.07390539348125458 10 -1 -1 
589 269 32 92 0.07329992949962616 1 -1 -1 
606 303 20 50 0.07290694117546082 1 -1 -1 
586 290 25 76 0.0718948096036911 1 -1 -1 
1292 389 59 56 0.07152295857667923 4 -1 -1 
612 299 19 41 0.07097648084163666 2 -1 -1 
1173 232 34 42 0.07007069140672684 10 -1 -1 
1289 389 47 67 0.0698734000325203 10 -1 -1 
663 313 31 72 0.06877516210079193 2 -1 -1 
672 321 29 65 0.06870339810848236 2 -1 -1 
1201 256 63 68 0.06857329607009888 3 -1 -1 
669 319 30 67 0.06801121681928635 10 -1 -1 
22 79 158 167 0.06742794066667557 4 -1 -1 
585 275 48 38 0.06568681448698044 1 -1 -1 
59 151 62 93 0.06521056592464447 8 -1 -1 
666 285 31 59 0.0647897869348526 3 -1 -1 
1264 332 83 39 0.06445986032485962 4 -1 -1 
1196 255 58 65 0.06327977031469345 10 -1 -1 
608 312 21 79 0.06320859491825104 1 -1 -1 
1173 187 39 31 0.06294495612382889 10 -1 -1 
1165 213 44 48 0.06234285235404968 3 -1 -1 
1306 331 45 28 0.06225850060582161 4 -1 -1 
1166 201 42 56 0.06202727183699608 10 -1 -1 
61 151 60 94 0.061366427689790726 7 -1 -1 
577 248 40 56 0.0612981952726841 1 -1 -1 
1170 186 56 51 0.0606260746717453 10 -1 -1 
606 303 20 50 0.0604909211397171 2 -1 -1 
58 153 61 90 0.06003895401954651 9 -1 -1 
656 255 42 56 0.059803981333971024 2 -1 -1 
1307 460 49 57 0.05937783420085907 1 -1 -1 
1170 156 138 74 0.058421965688467026 4 -1 -1 
1172 217 51 52 0.058174245059490204 10 -1 -1 
1290 337 59 38 0.05783490091562271 1 -1 -1 
551 266 41 86 0.057737190276384354 1 -1 -1 
658 288 39 78 0.05749291554093361 1 -1 -1 
6 64 251 187 0.05722576007246971 5 -1 -1 
0 105 92 141 0.056954532861709595 4 -1 -1 
32 118 133 130 0.05599876493215561 9 -1 -1 
666 285 31 59 0.05593610554933548 10 -1 -1 
1289 389 47 67 0.055836740881204605 1 -1 -1 
1172 190 29 36 0.055676475167274475 10 -1 -1 
1164 225 39 25 0.05534429848194122 10 -1 -1 
595 293 22 71 0.055283721536397934 1 -1 -1 
1174 229 46 53 0.055110685527324677 3 -1 -1 
1174 267 127 199 0.05496931076049805 7 -1 -1 
609 299 21 45 0.05493886396288872 1 -1 -1 
0 125 66 125 0.05479170382022858 6 -1 -1 
1172 179 66 45 0.054782405495643616 10 -1 -1 
624 309 17 41 0.05477508530020714 2 -1 -1 
567 263 39 70 0.05458405613899231 2 -1 -1 
58 153 61 90 0.05457749590277672 5 -1 -1 
1286 346 56 58 0.05361277237534523 4 -1 -1 
1174 267 127 199 0.05334228277206421 9 -1 -1 
9 59 370 192 0.053171366453170776 4 -1 -1 
667 290 40 77 0.053068771958351135 10 -1 -1 
664 304 45 84 0.05303991585969925 3 -1 -1 
581 270 30 93 0.05277123302221298 3 -1 -1 
1170 186 56 51 0.05247635021805763 3 -1 -1 
577 265 21 38 0.05238750949501991 2 -1 -1 
1314 337 40 25 0.05206979066133499 4 -1 -1 
617 312 23 43 0.05201035737991333 1 -1 -1 
581 290 38 81 0.05168597400188446 3 -1 -1 
654 298 40 85 0.051587361842393875 3 -1 -1 
1313 390 46 60 0.051218703389167786 4 -1 -1 
602 291 31 22 0.05109889432787895 1 -1 -1 
1290 384 45 54 0.05091601982712746 4 -1 -1 
1205 281 63 51 0.05091342702507973 3 -1 -1 
7 84 266 176 0.05091017112135887 4 -1 -1 
666 261 41 99 0.050699517130851746 1 -1 -1 
547 252 54 50 0.05039375275373459 1 -1 -1 
21 110 138 136 0.050274934619665146 1 -1 -1 
0 87 77 144 0.050209157168865204 6 -1 -1 
