1131 562 56 85 0.9571962952613831 7 -1 -1 
790 541 128 103 0.9455570578575134 4 -1 -1 
1011 312 108 48 0.9454864263534546 4 -1 -1 
686 4 11 15 0.9397542476654053 7 -1 -1 
909 365 69 65 0.9367778897285461 4 -1 -1 
913 504 91 94 0.9282097220420837 4 -1 -1 
0 340 78 65 0.9191805124282837 4 -1 -1 
736 131 33 27 0.9062519669532776 4 -1 -1 
1158 431 138 57 0.8857485055923462 4 -1 -1 
1273 542 26 45 0.8729801177978516 1 -1 -1 
978 311 17 36 0.8709195852279663 1 -1 -1 
972 597 24 57 0.8661175966262817 1 -1 -1 
953 307 15 35 0.8536517024040222 1 -1 -1 
844 51 34 20 0.8477365970611572 4 -1 -1 
947 223 81 37 0.8371294736862183 4 -1 -1 
1092 384 21 41 0.8232574462890625 1 -1 -1 
807 70 25 21 0.8128805160522461 4 -1 -1 
539 54 28 35 0.8102047443389893 5 -1 -1 
389 146 31 32 0.808806300163269 4 -1 -1 
981 266 92 35 0.8033362030982971 4 -1 -1 
1140 412 19 49 0.8021668195724487 1 -1 -1 
91 241 23 34 0.7995855808258057 1 -1 -1 
360 161 39 44 0.7976880669593811 5 -1 -1 
877 36 26 21 0.7903643846511841 4 -1 -1 
597 124 28 31 0.7902073264122009 4 -1 -1 
908 207 13 23 0.7870055437088013 10 -1 -1 
584 48 23 22 0.7855225801467896 4 -1 -1 
567 237 11 25 0.7791080474853516 3 -1 -1 
661 39 6 19 0.7634193897247314 1 -1 -1 
1056 355 51 54 0.7553021907806396 4 -1 -1 
301 468 39 42 0.7413125038146973 10 -1 -1 
306 457 25 41 0.7366434335708618 2 -1 -1 
651 38 7 20 0.7346919775009155 1 -1 -1 
718 39 7 18 0.7338541746139526 1 -1 -1 
89 616 198 150 0.7256284356117249 5 -1 -1 
704 39 8 13 0.7126516103744507 2 -1 -1 
788 39 25 21 0.7084418535232544 4 -1 -1 
53 366 23 44 0.704598069190979 1 -1 -1 
772 13 21 16 0.7018657326698303 4 -1 -1 
1162 585 27 34 0.7013838291168213 2 -1 -1 
657 40 7 19 0.7006151676177979 1 -1 -1 
997 280 101 43 0.695469319820404 4 -1 -1 
566 228 12 27 0.6921429634094238 2 -1 -1 
888 298 50 63 0.6918973326683044 5 -1 -1 
1266 447 91 78 0.6895703077316284 4 -1 -1 
615 456 20 41 0.6798868775367737 2 -1 -1 
1063 242 32 25 0.646432638168335 10 -1 -1 
210 224 74 36 0.6406769752502441 4 -1 -1 
68 378 16 35 0.639305830001831 3 -1 -1 
866 159 26 15 0.6370428204536438 10 -1 -1 
1033 223 43 26 0.6333440542221069 7 -1 -1 
400 115 38 35 0.6333047151565552 4 -1 -1 
919 213 9 23 0.6292903423309326 10 -1 -1 
495 11 18 18 0.6287702918052673 4 -1 -1 
1046 239 29 21 0.62754887342453 10 -1 -1 
797 52 24 25 0.6236829161643982 5 -1 -1 
35 254 16 25 0.6170800924301147 10 -1 -1 
835 32 33 21 0.6138070225715637 4 -1 -1 
826 88 25 24 0.6118716597557068 4 -1 -1 
1124 411 20 47 0.6059818267822266 1 -1 -1 
138 230 17 25 0.6044827103614807 10 -1 -1 
594 6 7 18 0.5984498262405396 1 -1 -1 
755 38 18 22 0.5954921841621399 7 -1 -1 
956 101 11 20 0.5916919708251953 1 -1 -1 
1300 504 59 78 0.5852512717247009 5 -1 -1 
453 21 33 18 0.5844690799713135 4 -1 -1 
839 74 25 14 0.5816855430603027 7 -1 -1 
563 22 16 20 0.5800870656967163 4 -1 -1 
882 394 16 31 0.5745127201080322 2 -1 -1 
615 470 19 38 0.5723479986190796 10 -1 -1 
882 398 18 37 0.5715940594673157 10 -1 -1 
787 23 29 15 0.5710804462432861 4 -1 -1 
256 247 14 39 0.5696349143981934 1 -1 -1 
704 44 7 12 0.562839686870575 10 -1 -1 
120 386 21 35 0.5607466697692871 2 -1 -1 
907 155 11 20 0.5584394335746765 2 -1 -1 
877 56 7 18 0.5499565601348877 1 -1 -1 
581 0 32 18 0.5496150851249695 5 -1 -1 
105 386 16 36 0.5472118854522705 2 -1 -1 
589 7 6 16 0.527942955493927 1 -1 -1 
389 125 48 29 0.52281653881073 4 -1 -1 
553 35 21 28 0.5201058983802795 4 -1 -1 
838 5 28 27 0.518238365650177 4 -1 -1 
1145 403 33 34 0.5157386064529419 10 -1 -1 
432 154 10 27 0.5147531628608704 1 -1 -1 
655 39 6 19 0.5134412050247192 1 -1 -1 
59 374 24 38 0.5131740570068359 3 -1 -1 
915 173 20 20 0.5103716850280762 2 -1 -1 
833 104 19 15 0.5090517401695251 10 -1 -1 
697 26 6 15 0.499666303396225 1 -1 -1 
468 42 24 21 0.49415603280067444 4 -1 -1 
592 2 11 21 0.4932042956352234 1 -1 -1 
1047 232 36 27 0.49014177918434143 10 -1 -1 
822 127 50 21 0.48244038224220276 4 -1 -1 
1131 563 56 84 0.4806228280067444 3 -1 -1 
688 3 8 13 0.4744372069835663 7 -1 -1 
1069 248 30 23 0.4741532802581787 10 -1 -1 
466 1 28 15 0.4735802114009857 4 -1 -1 
845 12 21 20 0.4712369740009308 4 -1 -1 
142 308 23 35 0.4625266492366791 1 -1 -1 
591 6 7 17 0.45805415511131287 1 -1 -1 
466 0 28 16 0.45239317417144775 5 -1 -1 
697 26 6 15 0.44974881410598755 2 -1 -1 
90 617 195 150 0.44876760244369507 4 -1 -1 
622 0 7 10 0.44818609952926636 10 -1 -1 
826 127 55 29 0.4474433958530426 4 -1 -1 
688 2 6 10 0.43887796998023987 2 -1 -1 
798 51 23 26 0.43816205859184265 4 -1 -1 
539 54 28 35 0.4376271069049835 6 -1 -1 
54 366 23 44 0.4374030828475952 2 -1 -1 
1153 586 31 38 0.43703609704971313 2 -1 -1 
884 402 15 33 0.43331557512283325 3 -1 -1 
304 458 31 44 0.42474883794784546 10 -1 -1 
986 271 109 41 0.4242289066314697 4 -1 -1 
369 109 32 32 0.42383086681365967 4 -1 -1 
955 153 28 29 0.42378032207489014 8 -1 -1 
755 38 18 22 0.4236443042755127 8 -1 -1 
35 254 17 26 0.4222166836261749 3 -1 -1 
697 28 6 15 0.41488876938819885 3 -1 -1 
996 280 104 45 0.4130547344684601 5 -1 -1 
467 42 25 21 0.40900230407714844 5 -1 -1 
887 296 51 64 0.40606406331062317 4 -1 -1 
1124 408 22 49 0.39931225776672363 10 -1 -1 
1062 236 29 26 0.38694456219673157 10 -1 -1 
432 154 10 25 0.3828042149543762 2 -1 -1 
839 75 20 15 0.3729523718357086 10 -1 -1 
393 119 45 34 0.3646712601184845 6 -1 -1 
1038 227 37 24 0.36434412002563477 10 -1 -1 
1131 563 56 84 0.3563237488269806 8 -1 -1 
839 6 23 19 0.35094842314720154 4 -1 -1 
468 42 24 21 0.35072487592697144 6 -1 -1 
704 44 7 12 0.34981298446655273 3 -1 -1 
615 471 20 37 0.3484620451927185 3 -1 -1 
977 590 21 31 0.34594079852104187 1 -1 -1 
566 237 12 25 0.3422345221042633 10 -1 -1 
697 28 6 15 0.33649593591690063 10 -1 -1 
846 75 15 13 0.32918381690979004 7 -1 -1 
453 21 33 18 0.32793518900871277 5 -1 -1 
826 128 56 29 0.32656875252723694 5 -1 -1 
622 0 6 8 0.32336869835853577 2 -1 -1 
582 0 30 18 0.3218061923980713 4 -1 -1 
757 0 15 8 0.31821903586387634 4 -1 -1 
553 34 21 29 0.3160778284072876 5 -1 -1 
873 159 20 20 0.3153277337551117 10 -1 -1 
1129 409 23 50 0.3151663541793823 1 -1 -1 
721 40 6 16 0.31442075967788696 1 -1 -1 
1131 562 56 85 0.31057918071746826 6 -1 -1 
959 101 11 21 0.3089277148246765 1 -1 -1 
105 392 17 31 0.30683234333992004 10 -1 -1 
1148 590 28 35 0.3038308620452881 2 -1 -1 
615 456 20 41 0.2837655544281006 1 -1 -1 
1131 562 55 85 0.27230167388916016 9 -1 -1 
1300 504 58 77 0.26464107632637024 4 -1 -1 
818 103 34 18 0.2638481855392456 7 -1 -1 
825 87 27 26 0.26182180643081665 5 -1 -1 
1266 448 91 77 0.2535404860973358 5 -1 -1 
104 385 17 37 0.24624012410640717 1 -1 -1 
948 223 82 37 0.23770204186439514 5 -1 -1 
837 6 29 27 0.22914840281009674 5 -1 -1 
108 389 21 34 0.22606278955936432 2 -1 -1 
956 155 28 28 0.22560806572437286 10 -1 -1 
955 156 29 28 0.21288220584392548 7 -1 -1 
1131 562 55 85 0.2126762866973877 2 -1 -1 
597 124 28 31 0.2059422731399536 5 -1 -1 
120 386 21 34 0.20203258097171783 1 -1 -1 
986 271 109 41 0.2004847675561905 5 -1 -1 
448 16 36 18 0.1942359358072281 4 -1 -1 
143 308 21 36 0.1937192976474762 2 -1 -1 
819 102 33 20 0.1873476207256317 10 -1 -1 
210 224 74 36 0.1846436858177185 5 -1 -1 
445 10 36 17 0.18319526314735413 4 -1 -1 
118 388 23 34 0.18133889138698578 10 -1 -1 
743 19 26 25 0.18048053979873657 4 -1 -1 
835 31 33 22 0.1790762096643448 5 -1 -1 
830 28 29 25 0.17897343635559082 4 -1 -1 
912 169 25 27 0.17626866698265076 2 -1 -1 
538 54 29 35 0.1733035445213318 4 -1 -1 
615 456 20 41 0.16144819557666779 10 -1 -1 
558 15 22 28 0.1590525209903717 4 -1 -1 
1131 562 55 85 0.15822233259677887 4 -1 -1 
1133 563 61 84 0.15628056228160858 1 -1 -1 
552 33 23 30 0.15565474331378937 8 -1 -1 
440 14 39 18 0.14904354512691498 4 -1 -1 
549 24 25 36 0.1477670818567276 5 -1 -1 
1300 503 60 79 0.14586596190929413 8 -1 -1 
551 31 24 31 0.1458556354045868 6 -1 -1 
554 21 24 31 0.14570629596710205 4 -1 -1 
105 383 23 33 0.14388738572597504 2 -1 -1 
430 32 31 21 0.14050689339637756 4 -1 -1 
789 541 129 102 0.13955754041671753 9 -1 -1 
142 320 26 33 0.13665828108787537 1 -1 -1 
1157 428 138 61 0.1353483945131302 9 -1 -1 
91 241 23 34 0.13464407622814178 2 -1 -1 
1211 381 149 75 0.13301204144954681 6 -1 -1 
1157 428 138 61 0.10185662657022476 5 -1 -1 
1157 428 138 61 0.08597171306610107 6 -1 -1 
1165 385 168 79 0.07009708881378174 6 -1 -1 
1211 381 149 75 0.05502743646502495 5 -1 -1 
1261 460 98 117 0.05475662276148796 4 -1 -1 
