462 91 21 28 0.974636435508728 9 -1 -1 
455 193 20 27 0.9489227533340454 5 -1 -1 
32 339 79 38 0.9040626287460327 4 -1 -1 
126 351 74 40 0.9032477140426636 4 -1 -1 
752 258 45 25 0.8925298452377319 7 -1 -1 
448 283 16 28 0.8838186264038086 7 -1 -1 
882 274 70 27 0.8809253573417664 4 -1 -1 
564 252 9 17 0.8532862663269043 3 -1 -1 
891 426 37 25 0.8518261313438416 10 -1 -1 
370 173 31 20 0.8475778102874756 4 -1 -1 
791 432 39 27 0.8128178119659424 10 -1 -1 
163 432 34 22 0.8004541397094727 10 -1 -1 
598 222 28 22 0.7996271252632141 8 -1 -1 
673 482 20 36 0.7894852757453918 10 -1 -1 
98 375 85 45 0.779378354549408 4 -1 -1 
665 240 32 24 0.7779045701026917 7 -1 -1 
626 226 32 26 0.7755863070487976 7 -1 -1 
319 182 27 20 0.7707710862159729 4 -1 -1 
459 166 17 19 0.7629633545875549 4 -1 -1 
838 492 22 33 0.7511139512062073 10 -1 -1 
453 141 16 16 0.746708333492279 4 -1 -1 
622 262 19 13 0.7450122833251953 10 -1 -1 
458 155 15 16 0.737829327583313 4 -1 -1 
462 242 19 17 0.7352733016014099 10 -1 -1 
430 258 7 17 0.7327581644058228 3 -1 -1 
700 253 32 21 0.7320072650909424 7 -1 -1 
488 160 17 16 0.7282400727272034 4 -1 -1 
510 162 17 17 0.7261874079704285 4 -1 -1 
560 211 19 20 0.7066305875778198 5 -1 -1 
564 245 9 19 0.6850208640098572 2 -1 -1 
494 273 13 19 0.6725250482559204 10 -1 -1 
111 214 19 13 0.6643140912055969 10 -1 -1 
436 221 8 14 0.6617316603660583 10 -1 -1 
840 481 19 33 0.6523913145065308 2 -1 -1 
629 255 9 16 0.6517235636711121 2 -1 -1 
472 406 15 33 0.6510567665100098 10 -1 -1 
451 126 15 16 0.6502078175544739 4 -1 -1 
398 317 10 20 0.6492354869842529 2 -1 -1 
495 267 11 19 0.6481717824935913 2 -1 -1 
633 400 11 19 0.645919680595398 2 -1 -1 
317 241 18 12 0.6448723673820496 10 -1 -1 
449 286 13 16 0.6415228247642517 2 -1 -1 
355 446 18 32 0.6377384066581726 10 -1 -1 
587 360 25 21 0.6318573951721191 10 -1 -1 
436 217 8 13 0.6297180652618408 2 -1 -1 
270 328 11 20 0.628214955329895 2 -1 -1 
338 299 13 21 0.627970278263092 10 -1 -1 
466 238 11 16 0.6274691820144653 2 -1 -1 
339 293 11 19 0.625614583492279 2 -1 -1 
677 482 15 23 0.6200771331787109 2 -1 -1 
452 120 14 12 0.6172977089881897 4 -1 -1 
472 405 14 21 0.6172048449516296 2 -1 -1 
630 403 15 25 0.616611659526825 10 -1 -1 
406 394 12 23 0.6163029670715332 10 -1 -1 
470 309 10 22 0.6146313548088074 2 -1 -1 
406 385 12 25 0.612873911857605 2 -1 -1 
268 336 15 19 0.612061619758606 10 -1 -1 
3 196 19 14 0.6065720915794373 10 -1 -1 
356 441 16 24 0.6032492518424988 2 -1 -1 
383 288 10 21 0.6027196645736694 2 -1 -1 
453 113 12 12 0.6024380326271057 4 -1 -1 
648 221 7 17 0.6017958521842957 1 -1 -1 
417 333 11 22 0.6014890670776367 2 -1 -1 
398 322 10 24 0.6002231240272522 3 -1 -1 
438 174 8 12 0.597614586353302 10 -1 -1 
328 468 15 26 0.5937185883522034 2 -1 -1 
327 473 16 31 0.5927342176437378 10 -1 -1 
595 158 30 15 0.5924429893493652 4 -1 -1 
438 366 11 20 0.5874229073524475 2 -1 -1 
389 158 17 24 0.5827322006225586 5 -1 -1 
462 91 22 28 0.5804833769798279 5 -1 -1 
578 296 11 19 0.5799140334129333 2 -1 -1 
715 330 12 20 0.5787516236305237 2 -1 -1 
665 240 31 24 0.5785052180290222 8 -1 -1 
900 418 20 26 0.5757291316986084 2 -1 -1 
449 286 14 19 0.575552761554718 7 -1 -1 
356 148 19 17 0.5713182091712952 4 -1 -1 
470 318 9 19 0.5696141123771667 10 -1 -1 
437 372 12 23 0.5689154863357544 10 -1 -1 
801 425 19 29 0.5628219842910767 2 -1 -1 
443 189 7 11 0.5627382397651672 10 -1 -1 
141 205 19 15 0.5615652799606323 10 -1 -1 
700 253 32 21 0.5611739754676819 8 -1 -1 
417 339 11 23 0.5587019324302673 10 -1 -1 
708 334 26 17 0.5572124123573303 10 -1 -1 
430 250 7 18 0.5568278431892395 2 -1 -1 
285 417 14 29 0.5555420517921448 10 -1 -1 
598 221 27 23 0.5552265048027039 7 -1 -1 
835 272 20 14 0.553575336933136 10 -1 -1 
439 171 6 11 0.548490047454834 2 -1 -1 
685 349 10 21 0.5479602217674255 2 -1 -1 
417 252 6 16 0.5475107431411743 1 -1 -1 
285 411 12 23 0.5399965643882751 2 -1 -1 
378 381 12 20 0.5362986922264099 2 -1 -1 
419 194 9 16 0.5359954237937927 10 -1 -1 
334 328 10 20 0.5348619818687439 2 -1 -1 
578 301 12 18 0.5341069102287292 10 -1 -1 
171 426 14 23 0.5326079726219177 2 -1 -1 
744 248 11 18 0.5147882103919983 1 -1 -1 
684 357 11 23 0.5123147964477539 10 -1 -1 
420 193 8 13 0.5081158876419067 2 -1 -1 
383 296 9 18 0.5064198970794678 10 -1 -1 
383 295 9 20 0.4971563220024109 3 -1 -1 
588 354 12 20 0.49515464901924133 2 -1 -1 
443 184 6 10 0.49496638774871826 2 -1 -1 
612 214 7 16 0.49394601583480835 1 -1 -1 
0 329 33 39 0.491010457277298 4 -1 -1 
415 259 8 16 0.49098312854766846 10 -1 -1 
433 198 7 13 0.48910781741142273 2 -1 -1 
320 235 8 15 0.4874190092086792 2 -1 -1 
377 388 13 28 0.48619920015335083 10 -1 -1 
416 252 7 17 0.4822167456150055 2 -1 -1 
706 251 12 20 0.4775165021419525 2 -1 -1 
614 214 7 17 0.47434020042419434 1 -1 -1 
591 352 13 23 0.47291675209999084 2 -1 -1 
431 188 8 14 0.4694274663925171 10 -1 -1 
585 216 22 24 0.4645426571369171 7 -1 -1 
617 215 5 15 0.45873379707336426 1 -1 -1 
398 322 10 24 0.45159944891929626 10 -1 -1 
627 218 9 17 0.44504138827323914 1 -1 -1 
560 211 19 20 0.44495871663093567 8 -1 -1 
707 239 12 19 0.43989261984825134 2 -1 -1 
74 342 36 35 0.439606249332428 4 -1 -1 
894 420 32 26 0.43945708870887756 10 -1 -1 
318 236 6 14 0.43811723589897156 2 -1 -1 
175 428 13 22 0.4352596700191498 2 -1 -1 
42 209 8 17 0.4291994869709015 1 -1 -1 
714 331 16 20 0.4281665086746216 10 -1 -1 
390 146 17 18 0.4252617657184601 4 -1 -1 
431 187 7 13 0.42497625946998596 2 -1 -1 
433 201 7 14 0.42459604144096375 10 -1 -1 
332 335 12 18 0.41671645641326904 10 -1 -1 
595 355 13 21 0.408936470746994 2 -1 -1 
461 184 8 14 0.40547993779182434 10 -1 -1 
176 202 31 18 0.40093663334846497 10 -1 -1 
711 332 19 19 0.3926055431365967 2 -1 -1 
588 353 22 24 0.3887484073638916 10 -1 -1 
180 429 10 22 0.3828178644180298 2 -1 -1 
463 91 21 28 0.38182544708251953 8 -1 -1 
381 380 9 16 0.37735047936439514 2 -1 -1 
317 237 6 14 0.37707531452178955 1 -1 -1 
465 239 15 18 0.3708263337612152 10 -1 -1 
591 218 26 24 0.3657827377319336 8 -1 -1 
377 382 13 28 0.3613343834877014 2 -1 -1 
450 54 8 13 0.3612118661403656 10 -1 -1 
461 183 8 12 0.35852399468421936 2 -1 -1 
333 329 11 20 0.356486976146698 1 -1 -1 
752 258 45 25 0.35208797454833984 8 -1 -1 
626 225 39 27 0.3506344258785248 6 -1 -1 
589 217 30 25 0.3422803282737732 7 -1 -1 
631 230 36 21 0.3350161612033844 7 -1 -1 
894 420 32 26 0.32093557715415955 2 -1 -1 
585 215 26 24 0.3195507824420929 8 -1 -1 
528 141 33 17 0.3188461363315582 7 -1 -1 
163 427 28 24 0.31279200315475464 10 -1 -1 
528 141 33 17 0.31092143058776855 8 -1 -1 
595 158 30 16 0.3074757754802704 5 -1 -1 
98 375 85 45 0.30256402492523193 5 -1 -1 
-1 209 33 20 0.29470568895339966 4 -1 -1 
584 215 20 25 0.287067711353302 10 -1 -1 
792 431 37 27 0.28630155324935913 2 -1 -1 
176 201 33 19 0.2792353928089142 7 -1 -1 
801 425 18 28 0.27594253420829773 10 -1 -1 
700 254 28 20 0.26951029896736145 10 -1 -1 
626 225 39 27 0.2654512822628021 8 -1 -1 
463 91 21 28 0.2653186023235321 4 -1 -1 
436 360 15 30 0.2565523684024811 2 -1 -1 
796 425 20 26 0.2545626759529114 2 -1 -1 
174 204 25 20 0.25248271226882935 10 -1 -1 
840 481 19 33 0.2506442964076996 1 -1 -1 
184 200 27 19 0.2426995187997818 10 -1 -1 
284 412 14 32 0.2426386922597885 2 -1 -1 
471 403 16 31 0.23724442720413208 2 -1 -1 
448 283 15 28 0.23055163025856018 8 -1 -1 
177 201 32 19 0.22938235104084015 8 -1 -1 
665 235 32 22 0.22303149104118347 7 -1 -1 
587 350 21 25 0.22052447497844696 2 -1 -1 
528 140 32 19 0.21179704368114471 10 -1 -1 
563 197 35 18 0.21095526218414307 4 -1 -1 
328 468 15 28 0.2024836540222168 1 -1 -1 
563 197 36 18 0.19534288346767426 8 -1 -1 
839 492 21 33 0.19530054926872253 3 -1 -1 
901 418 19 26 0.19514571130275726 10 -1 -1 
752 258 45 25 0.19436044991016388 3 -1 -1 
840 481 19 34 0.1924106478691101 10 -1 -1 
377 134 23 20 0.1896386444568634 4 -1 -1 
563 197 36 18 0.18128502368927002 7 -1 -1 
379 136 27 23 0.18098725378513336 4 -1 -1 
319 183 27 19 0.17873556911945343 5 -1 -1 
377 384 13 32 0.1766730099916458 3 -1 -1 
527 137 32 17 0.17518344521522522 8 -1 -1 
527 137 32 17 0.17358821630477905 7 -1 -1 
800 424 20 28 0.1710427850484848 1 -1 -1 
900 418 19 26 0.16974174976348877 1 -1 -1 
752 258 45 25 0.16874679923057556 10 -1 -1 
376 379 15 33 0.1683225780725479 10 -1 -1 
405 384 14 30 0.16767378151416779 1 -1 -1 
455 193 20 27 0.16578392684459686 8 -1 -1 
355 440 17 27 0.16394594311714172 1 -1 -1 
448 283 15 28 0.1627943217754364 2 -1 -1 
563 197 35 18 0.1623719334602356 5 -1 -1 
327 473 16 31 0.16228625178337097 3 -1 -1 
891 426 37 25 0.16183745861053467 4 -1 -1 
839 491 21 34 0.16118748486042023 2 -1 -1 
588 214 33 23 0.1585431843996048 8 -1 -1 
389 158 18 24 0.15850184857845306 4 -1 -1 
1 194 25 20 0.15616200864315033 10 -1 -1 
462 91 21 28 0.15549850463867188 3 -1 -1 
455 193 20 27 0.15496905148029327 4 -1 -1 
-1 209 33 20 0.1531144231557846 5 -1 -1 
463 91 21 28 0.15293562412261963 6 -1 -1 
665 240 32 24 0.15292812883853912 10 -1 -1 
355 447 18 31 0.14998434484004974 3 -1 -1 
163 428 31 24 0.14839865267276764 2 -1 -1 
666 235 31 23 0.14760397374629974 8 -1 -1 
586 357 25 23 0.14737728238105774 2 -1 -1 
284 409 14 29 0.14728721976280212 10 -1 -1 
282 408 18 28 0.14715087413787842 2 -1 -1 
563 198 36 17 0.1467609405517578 6 -1 -1 
791 433 39 26 0.14524812996387482 3 -1 -1 
757 252 41 23 0.1444280594587326 7 -1 -1 
