980 549 109 100 0.945949375629425 4 -1 -1 
463 372 59 88 0.9432637691497803 4 -1 -1 
1024 661 166 93 0.9324633479118347 4 -1 -1 
665 434 61 90 0.9221784472465515 4 -1 -1 
777 340 53 63 0.9218114018440247 4 -1 -1 
663 340 50 68 0.9216488003730774 4 -1 -1 
685 599 74 126 0.8919182419776917 4 -1 -1 
948 641 23 51 0.8905454874038696 1 -1 -1 
836 534 76 102 0.8833231329917908 4 -1 -1 
747 64 68 27 0.8480489253997803 4 -1 -1 
671 92 22 32 0.843854546546936 8 -1 -1 
508 187 12 34 0.8275888562202454 1 -1 -1 
342 512 52 31 0.8265017867088318 10 -1 -1 
668 268 45 54 0.8245185613632202 4 -1 -1 
378 626 96 139 0.8200935125350952 4 -1 -1 
779 92 59 36 0.8171921968460083 5 -1 -1 
848 56 49 23 0.8118252158164978 5 -1 -1 
398 168 66 43 0.7792555689811707 4 -1 -1 
1110 574 59 41 0.7576231360435486 10 -1 -1 
768 10 7 22 0.7567993998527527 1 -1 -1 
759 11 8 21 0.7520923614501953 1 -1 -1 
284 698 63 40 0.7509262561798096 10 -1 -1 
627 39 14 16 0.7508351802825928 10 -1 -1 
631 32 9 16 0.732353150844574 2 -1 -1 
578 128 12 21 0.7301375865936279 2 -1 -1 
746 48 9 23 0.7193415760993958 1 -1 -1 
783 34 8 23 0.7089205980300903 1 -1 -1 
413 323 36 24 0.7085229158401489 10 -1 -1 
522 404 21 44 0.7040218710899353 1 -1 -1 
654 174 40 48 0.7036510705947876 5 -1 -1 
776 30 8 22 0.7031227350234985 1 -1 -1 
696 44 10 23 0.7019932866096497 1 -1 -1 
419 296 44 25 0.7018805146217346 10 -1 -1 
691 134 13 22 0.700470507144928 2 -1 -1 
744 206 15 27 0.6826968193054199 10 -1 -1 
302 662 60 40 0.6777069568634033 10 -1 -1 
745 200 14 24 0.6761820912361145 2 -1 -1 
460 514 67 105 0.6631954312324524 4 -1 -1 
578 136 13 22 0.6577171683311462 10 -1 -1 
712 101 12 23 0.6476081013679504 2 -1 -1 
690 141 13 21 0.6291767954826355 10 -1 -1 
713 150 13 25 0.6249666810035706 2 -1 -1 
730 34 10 24 0.6187141537666321 1 -1 -1 
469 104 10 20 0.6181803941726685 2 -1 -1 
490 190 13 34 0.6147123575210571 1 -1 -1 
529 411 18 43 0.6138639450073242 10 -1 -1 
585 66 11 24 0.6017636656761169 1 -1 -1 
714 158 12 20 0.5977032780647278 3 -1 -1 
367 154 67 37 0.5938254594802856 4 -1 -1 
623 166 14 27 0.5909088253974915 2 -1 -1 
416 309 40 25 0.5892890095710754 10 -1 -1 
382 76 47 25 0.5888755321502686 4 -1 -1 
790 39 8 19 0.580337643623352 1 -1 -1 
616 175 24 21 0.5734732151031494 10 -1 -1 
523 403 21 44 0.5496513247489929 2 -1 -1 
794 31 8 20 0.5486059784889221 1 -1 -1 
720 31 10 22 0.5179091691970825 10 -1 -1 
916 52 10 20 0.49612662196159363 1 -1 -1 
671 1 7 16 0.4930233061313629 3 -1 -1 
654 174 40 48 0.4917924404144287 4 -1 -1 
712 109 11 22 0.48986369371414185 10 -1 -1 
585 66 11 21 0.4889044463634491 2 -1 -1 
671 92 22 32 0.48117220401763916 7 -1 -1 
712 109 11 23 0.47443410754203796 3 -1 -1 
414 113 16 19 0.47418007254600525 10 -1 -1 
532 413 15 40 0.4726906716823578 3 -1 -1 
415 105 13 25 0.46855953335762024 2 -1 -1 
799 0 6 15 0.4597998261451721 1 -1 -1 
905 51 9 20 0.4580927789211273 10 -1 -1 
397 263 36 28 0.457485556602478 3 -1 -1 
823 28 11 23 0.45724251866340637 1 -1 -1 
396 263 38 31 0.4572409689426422 10 -1 -1 
943 45 9 17 0.45085662603378296 10 -1 -1 
713 157 13 21 0.4476346969604492 10 -1 -1 
722 5 9 22 0.4424574673175812 1 -1 -1 
467 113 15 17 0.4340537488460541 3 -1 -1 
792 39 8 21 0.43037113547325134 1 -1 -1 
467 114 15 16 0.4291773736476898 10 -1 -1 
410 329 37 23 0.428006112575531 10 -1 -1 
295 681 57 31 0.4226193130016327 10 -1 -1 
523 404 23 47 0.4149056077003479 10 -1 -1 
616 175 23 22 0.40726056694984436 3 -1 -1 
460 515 66 104 0.405105859041214 5 -1 -1 
713 150 12 25 0.4035092890262604 1 -1 -1 
813 0 10 19 0.40048009157180786 1 -1 -1 
455 123 27 23 0.3965471088886261 10 -1 -1 
902 92 58 27 0.36626172065734863 4 -1 -1 
1202 739 91 25 0.3610093891620636 4 -1 -1 
416 309 40 25 0.35300883650779724 3 -1 -1 
902 61 5 15 0.3524789810180664 1 -1 -1 
1057 472 40 27 0.34498482942581177 10 -1 -1 
411 118 19 18 0.3428270220756531 10 -1 -1 
619 170 21 25 0.3418363928794861 2 -1 -1 
720 31 8 16 0.3401555120944977 2 -1 -1 
296 683 56 31 0.3401264250278473 3 -1 -1 
628 38 13 16 0.34004130959510803 2 -1 -1 
623 166 14 26 0.3347909152507782 1 -1 -1 
398 170 63 41 0.33436620235443115 5 -1 -1 
301 676 59 30 0.33146557211875916 10 -1 -1 
736 10 11 14 0.32794189453125 10 -1 -1 
407 335 37 22 0.3255455195903778 10 -1 -1 
690 141 13 21 0.3254323899745941 3 -1 -1 
415 106 13 23 0.3246654272079468 1 -1 -1 
585 71 10 20 0.32245293259620667 10 -1 -1 
791 36 8 18 0.32149001955986023 1 -1 -1 
831 45 5 12 0.3213089406490326 1 -1 -1 
1057 472 40 27 0.31442227959632874 3 -1 -1 
620 167 14 24 0.3136630356311798 2 -1 -1 
780 33 8 24 0.3104993999004364 1 -1 -1 
926 53 13 18 0.3088076412677765 10 -1 -1 
412 324 37 24 0.3060341775417328 3 -1 -1 
425 305 36 22 0.29647260904312134 10 -1 -1 
469 104 10 21 0.2951729893684387 1 -1 -1 
906 445 102 44 0.2938426733016968 4 -1 -1 
412 115 19 20 0.2937362492084503 3 -1 -1 
616 175 24 21 0.29316556453704834 7 -1 -1 
301 676 59 30 0.29134225845336914 3 -1 -1 
671 0 7 16 0.291258841753006 10 -1 -1 
671 0 7 15 0.2905910313129425 1 -1 -1 
404 337 39 22 0.2850119173526764 3 -1 -1 
393 271 41 28 0.2841872572898865 10 -1 -1 
736 12 10 18 0.28193801641464233 1 -1 -1 
342 512 52 31 0.28163275122642517 7 -1 -1 
422 318 34 18 0.2783171534538269 10 -1 -1 
525 406 21 44 0.27793267369270325 3 -1 -1 
724 14 6 14 0.2756217122077942 1 -1 -1 
671 0 7 13 0.27544865012168884 2 -1 -1 
696 44 10 23 0.2753739356994629 2 -1 -1 
791 83 11 15 0.2747005522251129 10 -1 -1 
348 479 42 26 0.2693166136741638 3 -1 -1 
948 563 18 36 0.26921942830085754 3 -1 -1 
1076 473 23 34 0.26824864745140076 3 -1 -1 
845 55 53 24 0.26575571298599243 4 -1 -1 
393 271 41 28 0.26360243558883667 3 -1 -1 
958 103 13 33 0.26344043016433716 1 -1 -1 
448 127 32 24 0.26155900955200195 10 -1 -1 
737 11 10 14 0.25712525844573975 2 -1 -1 
383 161 53 39 0.25646525621414185 4 -1 -1 
712 101 12 23 0.2546420097351074 1 -1 -1 
364 73 65 31 0.24355395138263702 4 -1 -1 
906 431 74 55 0.22889119386672974 4 -1 -1 
882 90 79 33 0.22877879440784454 4 -1 -1 
367 154 67 37 0.21067725121974945 5 -1 -1 
778 92 62 37 0.20684611797332764 4 -1 -1 
302 663 60 40 0.19097159802913666 3 -1 -1 
1204 737 91 27 0.18688854575157166 5 -1 -1 
375 627 99 138 0.18498897552490234 5 -1 -1 
894 94 69 41 0.1762295514345169 4 -1 -1 
747 63 69 28 0.16750462353229523 5 -1 -1 
1046 460 55 47 0.16703858971595764 10 -1 -1 
496 187 17 35 0.16238339245319366 1 -1 -1 
453 125 29 23 0.159982368350029 3 -1 -1 
777 341 53 62 0.1596839725971222 5 -1 -1 
653 173 42 50 0.15751782059669495 6 -1 -1 
904 442 61 47 0.15063723921775818 4 -1 -1 
483 193 19 46 0.1454291194677353 1 -1 -1 
350 149 75 38 0.14322251081466675 4 -1 -1 
1110 574 59 41 0.142872616648674 4 -1 -1 
852 42 46 28 0.14186644554138184 4 -1 -1 
980 549 109 100 0.13993556797504425 9 -1 -1 
845 55 53 25 0.13568778336048126 9 -1 -1 
853 46 46 27 0.13521412014961243 5 -1 -1 
906 443 97 46 0.13303208351135254 5 -1 -1 
671 92 22 32 0.13254137337207794 6 -1 -1 
906 451 75 46 0.1318036913871765 4 -1 -1 
446 129 31 24 0.1316874921321869 3 -1 -1 
888 90 73 31 0.13160915672779083 5 -1 -1 
618 167 22 28 0.1315462589263916 1 -1 -1 
980 549 109 101 0.13121508061885834 10 -1 -1 
492 188 16 37 0.1274755895137787 1 -1 -1 
877 83 79 30 0.12596116960048676 4 -1 -1 
350 149 75 38 0.12517736852169037 5 -1 -1 
1204 738 91 26 0.12445908784866333 6 -1 -1 
671 92 22 32 0.12436296045780182 3 -1 -1 
281 679 57 50 0.12431539595127106 10 -1 -1 
685 598 75 126 0.1231004148721695 1 -1 -1 
380 261 60 37 0.12254194915294647 10 -1 -1 
284 698 63 41 0.12252107262611389 4 -1 -1 
904 434 133 62 0.12074433267116547 4 -1 -1 
848 66 47 20 0.11980531364679337 4 -1 -1 
671 92 22 32 0.11647487431764603 5 -1 -1 
445 130 28 24 0.11620991677045822 1 -1 -1 
377 626 97 139 0.11534597724676132 10 -1 -1 
302 663 60 40 0.11254433542490005 7 -1 -1 
304 660 57 40 0.11213776469230652 4 -1 -1 
907 443 78 45 0.11212193220853806 10 -1 -1 
822 22 16 33 0.10928143560886383 1 -1 -1 
897 103 67 45 0.10927420109510422 4 -1 -1 
846 55 52 25 0.10878119617700577 6 -1 -1 
671 92 22 32 0.10773350298404694 2 -1 -1 
286 667 60 45 0.10685089230537415 10 -1 -1 
671 92 22 32 0.10527636110782623 1 -1 -1 
906 454 115 49 0.1050877720117569 4 -1 -1 
383 161 53 39 0.10475045442581177 5 -1 -1 
665 434 60 91 0.10474146157503128 5 -1 -1 
364 73 65 31 0.10430660098791122 5 -1 -1 
980 549 109 100 0.10407321155071259 7 -1 -1 
744 204 16 30 0.10393937677145004 3 -1 -1 
967 34 14 40 0.10342338681221008 1 -1 -1 
1024 661 166 93 0.10243993252515793 1 -1 -1 
464 372 57 88 0.10159818828105927 9 -1 -1 
904 416 58 69 0.09919573366641998 4 -1 -1 
463 372 59 88 0.09913040697574615 1 -1 -1 
463 372 59 88 0.09903432428836823 10 -1 -1 
284 697 66 42 0.09830714017152786 3 -1 -1 
668 268 45 56 0.09744236618280411 5 -1 -1 
907 90 66 39 0.09659218788146973 4 -1 -1 
380 261 60 37 0.09658059477806091 3 -1 -1 
377 626 97 139 0.09639610350131989 1 -1 -1 
910 50 29 25 0.09619133174419403 10 -1 -1 
979 549 110 100 0.09581901878118515 1 -1 -1 
396 259 60 37 0.09424886852502823 10 -1 -1 
663 339 50 69 0.09387810528278351 5 -1 -1 
463 372 60 88 0.09355124086141586 5 -1 -1 
1110 574 60 41 0.09307654201984406 3 -1 -1 
375 627 99 138 0.09247398376464844 9 -1 -1 
905 466 92 53 0.0919785276055336 4 -1 -1 
499 186 19 35 0.09165363758802414 1 -1 -1 
744 201 16 31 0.0915551483631134 1 -1 -1 
665 435 61 89 0.0912989154458046 10 -1 -1 
1050 460 52 49 0.09090723097324371 3 -1 -1 
489 190 16 36 0.08944246917963028 2 -1 -1 
396 259 60 37 0.08853249251842499 3 -1 -1 
858 58 42 26 0.08795610070228577 4 -1 -1 
348 158 76 49 0.08789803832769394 4 -1 -1 
869 55 31 26 0.08744298666715622 5 -1 -1 
685 598 75 126 0.08743861317634583 5 -1 -1 
617 164 22 29 0.08685537427663803 10 -1 -1 
846 65 52 21 0.08609878271818161 5 -1 -1 
689 134 16 31 0.08577513694763184 10 -1 -1 
944 638 32 60 0.08502286672592163 1 -1 -1 
905 421 104 62 0.08418775349855423 4 -1 -1 
979 548 110 101 0.08409593254327774 5 -1 -1 
1024 661 165 91 0.08396632969379425 5 -1 -1 
906 419 74 67 0.08341798186302185 5 -1 -1 
484 185 18 38 0.08232440054416656 1 -1 -1 
398 168 66 43 0.08217642456293106 1 -1 -1 
621 168 22 29 0.08203568309545517 10 -1 -1 
910 98 62 46 0.08049570769071579 4 -1 -1 
665 434 61 91 0.08023710548877716 1 -1 -1 
668 268 45 55 0.07991137355566025 1 -1 -1 
904 434 133 62 0.0766587182879448 5 -1 -1 
980 549 109 100 0.07588572800159454 6 -1 -1 
844 50 60 34 0.07436717301607132 5 -1 -1 
905 428 131 65 0.06420453637838364 9 -1 -1 
980 549 109 100 0.05502265691757202 8 -1 -1 
904 427 131 68 0.053249821066856384 6 -1 -1 
980 549 109 100 0.05165043845772743 3 -1 -1 
