647 556 69 109 0.9796567559242249 5 -1 -1 
461 328 62 88 0.9458966851234436 4 -1 -1 
374 623 86 140 0.9403911828994751 4 -1 -1 
435 310 31 21 0.9379385113716125 3 -1 -1 
485 249 48 64 0.9314342737197876 4 -1 -1 
365 504 124 112 0.9311259984970093 4 -1 -1 
508 173 38 62 0.9308956861495972 5 -1 -1 
346 523 22 51 0.8917228579521179 1 -1 -1 
665 79 39 41 0.8900571465492249 4 -1 -1 
173 455 66 86 0.8878433108329773 5 -1 -1 
330 480 22 46 0.8795039057731628 1 -1 -1 
556 559 75 151 0.8782438635826111 4 -1 -1 
354 493 19 47 0.8722641468048096 1 -1 -1 
455 540 22 47 0.8643056154251099 1 -1 -1 
532 55 50 38 0.8627734184265137 4 -1 -1 
791 396 70 90 0.8610613942146301 4 -1 -1 
544 84 41 42 0.8598356246948242 4 -1 -1 
249 491 48 29 0.8453356623649597 10 -1 -1 
798 472 23 41 0.8429028391838074 1 -1 -1 
182 518 164 75 0.8423741459846497 4 -1 -1 
632 125 42 43 0.8375299572944641 4 -1 -1 
790 353 124 61 0.8338007926940918 4 -1 -1 
540 236 12 33 0.8275901079177856 1 -1 -1 
553 235 12 34 0.8133772015571594 1 -1 -1 
375 527 17 38 0.8119039535522461 1 -1 -1 
829 511 80 117 0.8038133382797241 4 -1 -1 
97 637 63 39 0.7947930097579956 10 -1 -1 
364 607 17 46 0.7487526535987854 1 -1 -1 
370 210 12 32 0.7425891160964966 1 -1 -1 
396 422 41 30 0.7389742136001587 3 -1 -1 
414 338 35 30 0.7258812785148621 10 -1 -1 
381 206 12 33 0.7137059569358826 1 -1 -1 
308 286 15 40 0.6823001503944397 1 -1 -1 
172 455 67 86 0.675446629524231 8 -1 -1 
526 113 32 40 0.6598824858665466 5 -1 -1 
326 219 14 29 0.6571263074874878 10 -1 -1 
590 179 15 31 0.6420926451683044 2 -1 -1 
773 237 42 54 0.6186546683311462 4 -1 -1 
823 661 78 102 0.6165888905525208 4 -1 -1 
327 218 13 21 0.5827689170837402 2 -1 -1 
327 408 54 29 0.5700005292892456 3 -1 -1 
699 0 53 24 0.5552569031715393 5 -1 -1 
591 190 13 28 0.5513147115707397 10 -1 -1 
255 470 49 35 0.5275952219963074 10 -1 -1 
526 113 32 40 0.5025643706321716 4 -1 -1 
743 114 39 43 0.498861163854599 4 -1 -1 
735 477 90 126 0.4933594763278961 4 -1 -1 
788 395 66 37 0.4804154932498932 4 -1 -1 
154 630 151 94 0.46985912322998047 4 -1 -1 
393 389 37 23 0.4676038324832916 10 -1 -1 
736 476 90 126 0.46740445494651794 5 -1 -1 
591 190 14 28 0.431412011384964 3 -1 -1 
699 0 52 24 0.42947980761528015 4 -1 -1 
373 207 15 34 0.4134615957736969 1 -1 -1 
368 132 31 21 0.39448463916778564 3 -1 -1 
331 182 16 27 0.3944576382637024 1 -1 -1 
460 214 18 18 0.39445242285728455 3 -1 -1 
666 79 38 41 0.38342463970184326 7 -1 -1 
823 662 78 100 0.37687841057777405 5 -1 -1 
932 556 33 26 0.36916884779930115 10 -1 -1 
335 432 59 32 0.3665872812271118 10 -1 -1 
666 79 38 41 0.35407131910324097 6 -1 -1 
428 269 31 29 0.34978488087654114 4 -1 -1 
743 114 39 43 0.34926560521125793 5 -1 -1 
932 549 37 26 0.3456393778324127 10 -1 -1 
331 409 61 37 0.3399077355861664 3 -1 -1 
465 40 14 20 0.33621945977211 10 -1 -1 
361 506 22 39 0.33358052372932434 1 -1 -1 
666 79 38 41 0.32794156670570374 8 -1 -1 
338 519 18 47 0.32264935970306396 1 -1 -1 
383 381 47 31 0.3207238018512726 10 -1 -1 
369 136 24 24 0.32003751397132874 3 -1 -1 
933 541 45 29 0.3191492557525635 10 -1 -1 
774 218 54 73 0.3179982602596283 4 -1 -1 
333 182 15 27 0.31233838200569153 2 -1 -1 
331 501 18 36 0.31095191836357117 1 -1 -1 
464 40 32 21 0.3105238080024719 10 -1 -1 
590 179 15 31 0.30091437697410583 1 -1 -1 
781 148 15 30 0.29989248514175415 1 -1 -1 
373 525 13 38 0.29606711864471436 1 -1 -1 
379 134 19 20 0.29332661628723145 3 -1 -1 
355 517 25 46 0.2918089032173157 1 -1 -1 
363 608 18 46 0.29148203134536743 3 -1 -1 
464 43 15 18 0.2866557836532593 3 -1 -1 
544 235 13 34 0.27667275071144104 1 -1 -1 
331 409 61 37 0.2749127745628357 10 -1 -1 
371 140 16 21 0.273971289396286 3 -1 -1 
398 389 32 24 0.27146390080451965 3 -1 -1 
558 560 72 150 0.2678146958351135 5 -1 -1 
340 421 90 39 0.25990232825279236 7 -1 -1 
369 508 13 35 0.2581019699573517 1 -1 -1 
465 41 13 19 0.25674131512641907 2 -1 -1 
247 474 58 43 0.2567133605480194 10 -1 -1 
791 395 70 91 0.2527036666870117 5 -1 -1 
704 2 36 24 0.25245603919029236 5 -1 -1 
334 413 86 38 0.25147745013237 7 -1 -1 
428 269 32 29 0.25058937072753906 7 -1 -1 
557 0 23 12 0.24790780246257782 8 -1 -1 
208 594 124 65 0.2468509078025818 4 -1 -1 
330 431 38 32 0.2456689178943634 10 -1 -1 
338 500 19 38 0.24399949610233307 1 -1 -1 
743 41 78 28 0.2418021857738495 4 -1 -1 
368 134 30 19 0.24063946306705475 10 -1 -1 
408 427 30 25 0.24018199741840363 3 -1 -1 
335 430 56 31 0.2397497594356537 3 -1 -1 
327 434 21 29 0.23855605721473694 2 -1 -1 
412 265 48 33 0.2376703917980194 4 -1 -1 
376 123 18 29 0.2374623417854309 3 -1 -1 
337 421 54 36 0.23619778454303741 10 -1 -1 
327 416 46 30 0.23491816222667694 3 -1 -1 
362 605 20 46 0.23446856439113617 2 -1 -1 
391 422 46 30 0.23367439210414886 7 -1 -1 
268 477 38 30 0.23191550374031067 10 -1 -1 
327 408 64 32 0.23026886582374573 7 -1 -1 
350 503 21 45 0.22962059080600739 1 -1 -1 
451 209 28 26 0.22758032381534576 3 -1 -1 
156 652 118 72 0.2261442095041275 4 -1 -1 
932 534 30 34 0.22405025362968445 10 -1 -1 
374 420 64 33 0.22345101833343506 3 -1 -1 
457 215 16 21 0.22189398109912872 3 -1 -1 
850 325 34 29 0.21942150592803955 3 -1 -1 
429 290 21 21 0.21890194714069366 10 -1 -1 
379 120 12 31 0.2182367593050003 1 -1 -1 
929 557 26 26 0.21781310439109802 10 -1 -1 
370 136 26 24 0.2167779952287674 10 -1 -1 
369 527 14 44 0.21594081819057465 1 -1 -1 
307 286 16 40 0.2153654396533966 2 -1 -1 
741 114 43 64 0.21471844613552094 4 -1 -1 
710 10 42 15 0.21445469558238983 4 -1 -1 
933 562 31 26 0.21389058232307434 10 -1 -1 
173 455 66 86 0.21175789833068848 4 -1 -1 
342 420 50 36 0.21138305962085724 3 -1 -1 
773 220 52 71 0.21096652746200562 8 -1 -1 
163 602 165 101 0.21095803380012512 4 -1 -1 
773 220 52 71 0.20965947210788727 6 -1 -1 
329 430 31 33 0.20919948816299438 2 -1 -1 
254 471 50 34 0.20882922410964966 8 -1 -1 
373 146 15 16 0.20868271589279175 3 -1 -1 
385 135 13 24 0.20789971947669983 3 -1 -1 
326 404 47 26 0.20507465302944183 3 -1 -1 
773 223 50 69 0.201756551861763 7 -1 -1 
666 80 38 40 0.20103372633457184 5 -1 -1 
647 556 68 109 0.20032821595668793 4 -1 -1 
328 423 53 33 0.1980007290840149 3 -1 -1 
303 676 24 51 0.19705450534820557 1 -1 -1 
508 173 38 62 0.19319720566272736 4 -1 -1 
736 477 89 126 0.17999505996704102 9 -1 -1 
368 423 69 34 0.1768188774585724 7 -1 -1 
297 287 22 40 0.1759546399116516 1 -1 -1 
334 425 70 39 0.17481590807437897 7 -1 -1 
773 222 51 70 0.1727735549211502 5 -1 -1 
789 395 67 37 0.1719532459974289 5 -1 -1 
189 550 151 72 0.16643717885017395 4 -1 -1 
327 403 72 35 0.16629105806350708 3 -1 -1 
358 423 80 36 0.163177028298378 8 -1 -1 
339 423 87 40 0.16254951059818268 10 -1 -1 
647 556 68 109 0.15754196047782898 8 -1 -1 
364 130 26 29 0.15724985301494598 3 -1 -1 
828 128 18 41 0.1552809625864029 1 -1 -1 
375 124 24 29 0.15402978658676147 10 -1 -1 
361 377 70 38 0.1519535630941391 10 -1 -1 
801 321 82 37 0.15130306780338287 4 -1 -1 
327 404 73 33 0.14916974306106567 10 -1 -1 
735 476 89 123 0.14674945175647736 6 -1 -1 
790 371 94 35 0.1458474099636078 4 -1 -1 
330 395 83 39 0.14554478228092194 7 -1 -1 
334 413 86 38 0.1451745629310608 10 -1 -1 
647 556 69 109 0.14451676607131958 10 -1 -1 
365 504 124 113 0.1423768401145935 9 -1 -1 
778 220 86 67 0.14025245606899261 4 -1 -1 
795 325 96 48 0.1389787197113037 4 -1 -1 
828 511 80 117 0.13677968084812164 5 -1 -1 
170 586 158 88 0.13605305552482605 4 -1 -1 
777 213 77 54 0.13520944118499756 4 -1 -1 
789 374 115 55 0.1343168318271637 4 -1 -1 
342 388 84 41 0.1336572766304016 7 -1 -1 
359 409 77 43 0.13205000758171082 7 -1 -1 
247 469 58 40 0.1317044049501419 7 -1 -1 
373 133 29 28 0.1300772726535797 3 -1 -1 
743 41 78 28 0.12926776707172394 5 -1 -1 
366 504 122 112 0.12802740931510925 7 -1 -1 
401 254 58 45 0.12749037146568298 4 -1 -1 
556 560 74 150 0.12673071026802063 1 -1 -1 
172 455 67 86 0.12653405964374542 2 -1 -1 
374 624 86 139 0.12470344454050064 9 -1 -1 
334 413 86 38 0.12391925603151321 8 -1 -1 
364 504 125 112 0.12301763892173767 6 -1 -1 
454 214 26 27 0.12260120362043381 3 -1 -1 
647 556 68 109 0.12231937795877457 9 -1 -1 
789 352 124 62 0.12152928858995438 5 -1 -1 
154 629 152 96 0.12091580033302307 5 -1 -1 
181 563 143 85 0.12063737958669662 4 -1 -1 
735 36 88 31 0.11913874000310898 9 -1 -1 
791 396 70 90 0.11829683184623718 8 -1 -1 
647 556 69 110 0.11824546754360199 6 -1 -1 
262 296 17 36 0.11803381145000458 1 -1 -1 
332 419 73 41 0.11611880362033844 8 -1 -1 
796 216 89 53 0.11576326191425323 4 -1 -1 
358 385 75 40 0.11564662307500839 10 -1 -1 
556 560 74 150 0.1154966801404953 10 -1 -1 
334 413 86 38 0.11463452875614166 3 -1 -1 
773 222 51 70 0.11444447934627533 9 -1 -1 
789 371 95 34 0.1136898323893547 5 -1 -1 
759 35 72 31 0.11321971565485 4 -1 -1 
307 286 17 41 0.1126985102891922 10 -1 -1 
485 249 48 64 0.11170419305562973 5 -1 -1 
370 420 67 35 0.11152870953083038 10 -1 -1 
485 249 48 64 0.11055158078670502 1 -1 -1 
348 380 81 38 0.11041111499071121 7 -1 -1 
299 293 21 41 0.10951734334230423 2 -1 -1 
825 205 62 57 0.10896214842796326 4 -1 -1 
399 262 60 39 0.10862677544355392 7 -1 -1 
710 10 42 15 0.1079745665192604 5 -1 -1 
156 630 134 94 0.10752036422491074 6 -1 -1 
866 389 60 43 0.10721013695001602 3 -1 -1 
714 21 30 31 0.10686146467924118 4 -1 -1 
461 328 62 88 0.10673698037862778 9 -1 -1 
294 290 22 39 0.10627705603837967 2 -1 -1 
823 662 78 100 0.10563140362501144 6 -1 -1 
173 455 66 86 0.10524733364582062 9 -1 -1 
709 10 44 16 0.10403300076723099 6 -1 -1 
365 505 124 111 0.1038399264216423 5 -1 -1 
182 519 164 77 0.10374051332473755 5 -1 -1 
290 288 19 40 0.10267435014247894 1 -1 -1 
374 624 86 139 0.10252635926008224 10 -1 -1 
359 409 77 43 0.10180447995662689 8 -1 -1 
462 328 61 89 0.10077611356973648 1 -1 -1 
823 662 78 101 0.0981726199388504 8 -1 -1 
366 205 20 35 0.09735620021820068 1 -1 -1 
351 401 71 44 0.09696274995803833 10 -1 -1 
540 0 40 13 0.09657207876443863 6 -1 -1 
342 388 84 41 0.09620040655136108 3 -1 -1 
377 208 16 39 0.09575937688350677 1 -1 -1 
836 217 64 53 0.09552712738513947 4 -1 -1 
364 504 125 113 0.09526374191045761 10 -1 -1 
370 420 67 35 0.09447527676820755 9 -1 -1 
293 297 21 38 0.09394343197345734 1 -1 -1 
331 392 79 38 0.09384367614984512 8 -1 -1 
485 249 48 64 0.09339962899684906 9 -1 -1 
461 328 62 88 0.09266173094511032 10 -1 -1 
647 556 69 109 0.0926017016172409 7 -1 -1 
792 227 97 64 0.0915752574801445 4 -1 -1 
247 469 58 40 0.09154997766017914 9 -1 -1 
829 227 66 54 0.0912853255867958 4 -1 -1 
351 401 71 44 0.09098519384860992 7 -1 -1 
351 401 71 44 0.09034574776887894 3 -1 -1 
374 623 86 140 0.08986842632293701 7 -1 -1 
838 198 64 61 0.08971688151359558 4 -1 -1 
832 160 70 54 0.08878161013126373 4 -1 -1 
373 623 85 141 0.08856114745140076 1 -1 -1 
326 412 65 45 0.08795224130153656 7 -1 -1 
299 295 21 39 0.08698120713233948 10 -1 -1 
788 349 127 70 0.08665139228105545 9 -1 -1 
292 296 23 38 0.08619039505720139 10 -1 -1 
354 422 79 37 0.0852128267288208 3 -1 -1 
461 328 62 88 0.08508333563804626 5 -1 -1 
556 560 74 150 0.08502018451690674 9 -1 -1 
451 218 25 32 0.08483593910932541 3 -1 -1 
829 513 80 116 0.08437496423721313 6 -1 -1 
736 477 87 123 0.08387091010808945 8 -1 -1 
185 518 159 68 0.0837416723370552 1 -1 -1 
373 624 85 140 0.0766301229596138 5 -1 -1 
373 624 85 140 0.07478342205286026 6 -1 -1 
736 477 89 125 0.06928719580173492 1 -1 -1 
365 504 124 113 0.06863124668598175 1 -1 -1 
776 210 130 84 0.06607375293970108 4 -1 -1 
828 510 81 119 0.06028760224580765 9 -1 -1 
789 349 128 68 0.055667318403720856 6 -1 -1 
365 504 122 112 0.05489972233772278 8 -1 -1 
828 510 81 119 0.052190933376550674 1 -1 -1 
374 624 86 139 0.0520426481962204 8 -1 -1 
