405 174 26 45 0.9990242719650269 9 -1 -1 
300 71 17 22 0.9983614087104797 9 -1 -1 
7 350 75 32 0.9439069628715515 4 -1 -1 
323 439 40 68 0.9366660714149475 4 -1 -1 
22 327 79 29 0.9210750460624695 4 -1 -1 
416 365 37 53 0.9130650758743286 4 -1 -1 
539 275 34 35 0.8628690838813782 4 -1 -1 
186 286 21 26 0.8565124869346619 7 -1 -1 
300 236 25 35 0.8421036005020142 4 -1 -1 
312 142 16 17 0.8194090127944946 4 -1 -1 
369 67 9 11 0.7855434417724609 5 -1 -1 
383 160 17 18 0.7826882600784302 4 -1 -1 
399 63 8 9 0.7774311304092407 4 -1 -1 
479 94 13 12 0.7500742077827454 4 -1 -1 
412 109 15 20 0.7459087371826172 5 -1 -1 
73 305 65 25 0.7300187945365906 4 -1 -1 
355 196 20 22 0.7150911092758179 4 -1 -1 
286 115 14 14 0.7111672759056091 4 -1 -1 
419 126 12 17 0.7063246369361877 5 -1 -1 
550 195 7 16 0.6942071914672852 1 -1 -1 
352 42 7 8 0.6771780848503113 4 -1 -1 
497 129 21 19 0.6652112603187561 4 -1 -1 
313 68 9 9 0.6624738574028015 4 -1 -1 
337 53 9 9 0.6481376886367798 4 -1 -1 
496 116 13 8 0.6402833461761475 10 -1 -1 
80 262 61 25 0.637009859085083 4 -1 -1 
242 74 24 9 0.6342655420303345 4 -1 -1 
333 31 7 7 0.6309943795204163 4 -1 -1 
403 59 8 8 0.6192677021026611 4 -1 -1 
372 17 9 6 0.6038495898246765 4 -1 -1 
290 84 21 24 0.600272536277771 6 -1 -1 
391 114 5 8 0.5869689583778381 2 -1 -1 
365 6 6 4 0.5836443305015564 4 -1 -1 
450 87 12 13 0.5783191323280334 4 -1 -1 
626 306 13 23 0.5755569338798523 10 -1 -1 
391 118 5 7 0.5688766837120056 10 -1 -1 
349 15 6 5 0.5478814244270325 4 -1 -1 
208 357 13 23 0.5443114638328552 1 -1 -1 
443 39 15 6 0.5376869440078735 4 -1 -1 
405 174 26 45 0.5349734425544739 4 -1 -1 
342 28 6 5 0.5348196029663086 4 -1 -1 
53 222 41 20 0.5332913398742676 7 -1 -1 
444 42 15 8 0.5258039832115173 4 -1 -1 
322 51 13 9 0.5254191160202026 4 -1 -1 
285 136 10 13 0.5253942012786865 7 -1 -1 
264 32 11 6 0.5203994512557983 4 -1 -1 
330 40 13 9 0.5160007476806641 5 -1 -1 
313 60 11 12 0.5101866126060486 4 -1 -1 
329 45 9 9 0.5078094005584717 4 -1 -1 
435 24 7 6 0.5048716068267822 4 -1 -1 
393 25 7 6 0.5009039044380188 4 -1 -1 
431 50 16 9 0.5007601380348206 4 -1 -1 
353 9 5 4 0.4974185824394226 4 -1 -1 
463 66 4 9 0.4843319356441498 1 -1 -1 
251 164 15 19 0.482850044965744 6 -1 -1 
242 186 24 33 0.48167434334754944 4 -1 -1 
247 181 26 14 0.4774801433086395 7 -1 -1 
72 68 14 12 0.475300133228302 4 -1 -1 
262 66 15 10 0.47224166989326477 4 -1 -1 
453 53 4 9 0.4692859351634979 1 -1 -1 
345 63 4 8 0.46532148122787476 1 -1 -1 
403 55 8 8 0.4649598300457001 4 -1 -1 
282 158 7 14 0.46177253127098083 1 -1 -1 
265 21 11 7 0.4575180411338806 5 -1 -1 
139 217 34 14 0.456569105386734 7 -1 -1 
289 102 15 17 0.4548691213130951 6 -1 -1 
716 528 13 10 0.4510868787765503 1 -1 -1 
364 16 7 5 0.4486016035079956 4 -1 -1 
268 29 10 7 0.4456743896007538 4 -1 -1 
57 216 40 20 0.4454275667667389 7 -1 -1 
242 186 24 33 0.44524580240249634 5 -1 -1 
40 248 14 21 0.4425485134124756 10 -1 -1 
271 128 15 18 0.4413546025753021 6 -1 -1 
40 104 6 10 0.43843874335289 1 -1 -1 
285 136 10 14 0.4330744445323944 8 -1 -1 
444 28 8 9 0.429785817861557 5 -1 -1 
406 28 18 8 0.42940253019332886 4 -1 -1 
401 48 6 5 0.42894455790519714 4 -1 -1 
333 36 11 8 0.4283885955810547 4 -1 -1 
355 3 5 5 0.4277362823486328 4 -1 -1 
405 174 26 45 0.42214488983154297 10 -1 -1 
377 12 5 5 0.4197990596294403 5 -1 -1 
268 29 11 7 0.41696691513061523 5 -1 -1 
263 37 9 7 0.41579824686050415 4 -1 -1 
268 139 12 17 0.41459718346595764 5 -1 -1 
405 174 26 45 0.41311511397361755 3 -1 -1 
349 59 4 7 0.41104766726493835 10 -1 -1 
444 42 15 8 0.4092961549758911 5 -1 -1 
300 71 17 22 0.40889015793800354 4 -1 -1 
326 60 9 10 0.4086441099643707 4 -1 -1 
77 272 59 27 0.4081108868122101 4 -1 -1 
136 220 33 15 0.4049379825592041 7 -1 -1 
365 28 4 5 0.40374529361724854 7 -1 -1 
263 34 10 6 0.3967640697956085 4 -1 -1 
286 136 10 13 0.3931148648262024 4 -1 -1 
454 175 60 28 0.39156636595726013 4 -1 -1 
208 357 13 21 0.3913930058479309 2 -1 -1 
391 48 3 7 0.3888627588748932 10 -1 -1 
394 56 4 6 0.38384103775024414 2 -1 -1 
504 216 30 36 0.38216495513916016 5 -1 -1 
394 57 3 7 0.38208937644958496 10 -1 -1 
337 22 6 7 0.37832289934158325 4 -1 -1 
270 56 4 8 0.3753186762332916 1 -1 -1 
135 229 32 16 0.3732490539550781 4 -1 -1 
454 173 60 29 0.37320274114608765 5 -1 -1 
137 216 43 16 0.37250635027885437 4 -1 -1 
405 174 26 45 0.3702687919139862 7 -1 -1 
363 13 7 8 0.3700703978538513 4 -1 -1 
405 174 26 45 0.3671052157878876 6 -1 -1 
255 156 15 18 0.3667413890361786 6 -1 -1 
405 174 26 45 0.3650778830051422 1 -1 -1 
345 63 3 7 0.36351311206817627 2 -1 -1 
349 58 4 6 0.3633747696876526 2 -1 -1 
345 64 4 7 0.36118829250335693 10 -1 -1 
365 28 4 5 0.36003798246383667 10 -1 -1 
432 48 15 8 0.35992851853370667 4 -1 -1 
341 20 5 5 0.35771772265434265 4 -1 -1 
55 217 42 22 0.3574017584323883 4 -1 -1 
72 69 14 11 0.3571445643901825 5 -1 -1 
251 164 16 19 0.35556742548942566 7 -1 -1 
257 182 17 14 0.35461321473121643 7 -1 -1 
336 37 10 8 0.3524445593357086 4 -1 -1 
265 31 10 7 0.35208818316459656 5 -1 -1 
405 174 26 45 0.35156381130218506 5 -1 -1 
377 12 5 5 0.3505052924156189 4 -1 -1 
412 109 15 20 0.34993165731430054 6 -1 -1 
443 20 7 8 0.3494773507118225 6 -1 -1 
340 20 5 6 0.34879469871520996 4 -1 -1 
419 126 12 17 0.34637871384620667 4 -1 -1 
268 139 12 17 0.34481415152549744 8 -1 -1 
444 27 8 10 0.3434770405292511 4 -1 -1 
365 27 4 5 0.33918237686157227 2 -1 -1 
209 365 12 20 0.33893322944641113 3 -1 -1 
54 219 41 23 0.3387998044490814 8 -1 -1 
337 20 6 6 0.3367560803890228 4 -1 -1 
251 163 16 20 0.3362242579460144 8 -1 -1 
504 216 30 36 0.33592110872268677 4 -1 -1 
394 57 3 6 0.3354382812976837 1 -1 -1 
541 229 7 15 0.33097654581069946 1 -1 -1 
263 21 13 7 0.3297845125198364 4 -1 -1 
335 39 9 8 0.3294016122817993 4 -1 -1 
105 170 37 17 0.32890763878822327 6 -1 -1 
405 174 26 45 0.3288675844669342 2 -1 -1 
364 12 5 6 0.32732781767845154 5 -1 -1 
377 3 6 5 0.32202696800231934 4 -1 -1 
333 40 10 9 0.3219447433948517 4 -1 -1 
443 27 8 7 0.32106342911720276 4 -1 -1 
270 157 16 15 0.3206121027469635 7 -1 -1 
300 71 17 22 0.32001474499702454 10 -1 -1 
558 403 67 41 0.3198683261871338 4 -1 -1 
261 25 11 6 0.3196578025817871 4 -1 -1 
328 41 14 9 0.31844913959503174 4 -1 -1 
405 174 26 45 0.3184039890766144 8 -1 -1 
391 48 3 7 0.3174436390399933 2 -1 -1 
249 152 9 17 0.31553786993026733 5 -1 -1 
328 43 12 9 0.31257376074790955 4 -1 -1 
364 12 5 6 0.3115716576576233 6 -1 -1 
408 28 17 8 0.310038298368454 5 -1 -1 
444 28 8 9 0.30781471729278564 6 -1 -1 
268 128 18 26 0.3044641613960266 6 -1 -1 
161 152 10 18 0.30339205265045166 10 -1 -1 
300 71 17 22 0.30232417583465576 1 -1 -1 
377 10 5 4 0.3020666837692261 4 -1 -1 
406 21 20 8 0.30072021484375 6 -1 -1 
289 102 14 17 0.3004125952720642 5 -1 -1 
300 71 17 22 0.2992849349975586 5 -1 -1 
249 152 9 17 0.2937789559364319 6 -1 -1 
54 222 38 20 0.28654932975769043 4 -1 -1 
291 84 20 23 0.28258633613586426 9 -1 -1 
558 387 54 56 0.27921950817108154 4 -1 -1 
104 181 42 19 0.2700987160205841 6 -1 -1 
73 304 66 27 0.2651071846485138 5 -1 -1 
74 299 62 24 0.25579994916915894 4 -1 -1 
247 179 27 16 0.2492610067129135 8 -1 -1 
98 183 31 15 0.24348823726177216 7 -1 -1 
187 286 20 26 0.2376580387353897 8 -1 -1 
59 216 38 19 0.22304090857505798 8 -1 -1 
113 168 30 16 0.22215433418750763 4 -1 -1 
135 219 55 30 0.22197546064853668 4 -1 -1 
245 175 26 20 0.22018460929393768 7 -1 -1 
288 86 20 32 0.21827098727226257 6 -1 -1 
55 217 42 22 0.21592094004154205 6 -1 -1 
80 262 66 30 0.21365369856357574 5 -1 -1 
355 196 20 22 0.19350504875183105 5 -1 -1 
63 215 34 18 0.19285981357097626 4 -1 -1 
104 171 37 17 0.1905433088541031 4 -1 -1 
99 183 31 15 0.19009427726268768 8 -1 -1 
100 181 31 16 0.18675628304481506 6 -1 -1 
75 291 68 26 0.18655432760715485 4 -1 -1 
612 287 26 17 0.18600577116012573 3 -1 -1 
524 464 35 55 0.18523620069026947 4 -1 -1 
111 170 31 17 0.18416808545589447 5 -1 -1 
205 119 20 20 0.1829969435930252 9 -1 -1 
98 183 31 15 0.18270277976989746 4 -1 -1 
291 84 20 23 0.17572273313999176 5 -1 -1 
558 414 79 36 0.17446698248386383 4 -1 -1 
176 156 35 18 0.17283955216407776 4 -1 -1 
78 278 69 24 0.17264048755168915 5 -1 -1 
54 222 38 20 0.17248369753360748 6 -1 -1 
247 179 27 16 0.16552835702896118 6 -1 -1 
135 219 55 30 0.16086730360984802 6 -1 -1 
497 129 21 19 0.15931040048599243 5 -1 -1 
207 359 16 26 0.15631231665611267 3 -1 -1 
99 174 41 22 0.15531933307647705 7 -1 -1 
102 176 38 20 0.15212373435497284 4 -1 -1 
266 156 22 17 0.15204964578151703 4 -1 -1 
248 171 24 22 0.15181446075439453 8 -1 -1 
127 159 27 17 0.15060003101825714 7 -1 -1 
111 170 31 17 0.14969654381275177 8 -1 -1 
268 124 20 22 0.1467602550983429 6 -1 -1 
104 181 42 19 0.1455647349357605 8 -1 -1 
254 79 25 12 0.1449458748102188 4 -1 -1 
95 168 50 30 0.14416220784187317 6 -1 -1 
104 181 42 19 0.14375519752502441 4 -1 -1 
247 172 23 21 0.14310196042060852 6 -1 -1 
53 225 36 18 0.13939261436462402 8 -1 -1 
103 172 40 20 0.13939188420772552 8 -1 -1 
55 217 42 22 0.13859830796718597 5 -1 -1 
129 159 28 17 0.1373007446527481 10 -1 -1 
212 183 23 23 0.13488011062145233 10 -1 -1 
80 282 71 27 0.133978009223938 4 -1 -1 
104 181 42 19 0.13275669515132904 7 -1 -1 
292 83 19 24 0.1305873990058899 4 -1 -1 
118 163 29 15 0.13037508726119995 4 -1 -1 
612 286 24 17 0.1294875591993332 7 -1 -1 
626 306 14 25 0.12931028008460999 3 -1 -1 
300 71 17 22 0.12790803611278534 6 -1 -1 
242 179 25 20 0.12774775922298431 7 -1 -1 
134 215 52 25 0.12749430537223816 4 -1 -1 
103 172 40 20 0.12663738429546356 5 -1 -1 
242 143 17 26 0.12658171355724335 9 -1 -1 
454 175 60 29 0.1264241635799408 6 -1 -1 
126 317 13 28 0.126241996884346 1 -1 -1 
524 464 35 55 0.12471485137939453 5 -1 -1 
134 156 25 18 0.1245957463979721 3 -1 -1 
39 246 16 24 0.12316667288541794 3 -1 -1 
135 217 55 29 0.12234152853488922 7 -1 -1 
54 222 38 20 0.122139111161232 5 -1 -1 
268 128 18 27 0.12052183598279953 5 -1 -1 
246 144 14 25 0.12020478397607803 6 -1 -1 
186 286 21 25 0.11993809044361115 6 -1 -1 
21 327 79 29 0.11880513280630112 1 -1 -1 
109 174 35 18 0.1183466836810112 4 -1 -1 
165 145 34 16 0.11714870482683182 4 -1 -1 
246 146 16 24 0.11682043224573135 9 -1 -1 
525 466 57 50 0.11675136536359787 4 -1 -1 
612 286 24 17 0.1166539266705513 8 -1 -1 
411 108 17 22 0.11597157269716263 4 -1 -1 
113 166 29 14 0.11519593000411987 5 -1 -1 
100 170 42 18 0.11508125811815262 7 -1 -1 
242 186 24 33 0.11465541273355484 6 -1 -1 
242 179 25 20 0.11435092240571976 8 -1 -1 
205 119 21 20 0.1135818213224411 5 -1 -1 
555 399 102 55 0.11356387287378311 4 -1 -1 
134 218 54 30 0.11292795091867447 8 -1 -1 
253 155 18 23 0.11275585740804672 9 -1 -1 
205 119 21 20 0.11270735412836075 8 -1 -1 
251 170 22 22 0.11267087608575821 7 -1 -1 
143 152 24 18 0.11132344603538513 10 -1 -1 
249 149 19 22 0.11046987771987915 6 -1 -1 
54 218 42 23 0.1101667582988739 10 -1 -1 
7 350 75 32 0.11006812751293182 1 -1 -1 
101 181 36 17 0.10967117547988892 5 -1 -1 
555 410 46 38 0.10962530225515366 4 -1 -1 
97 173 35 19 0.10961350053548813 4 -1 -1 
158 173 38 18 0.1094973087310791 4 -1 -1 
110 166 32 15 0.10854409635066986 6 -1 -1 
143 152 24 18 0.10848836600780487 3 -1 -1 
491 217 43 37 0.10843692719936371 6 -1 -1 
98 182 31 15 0.1077776774764061 10 -1 -1 
416 365 37 53 0.10758068412542343 5 -1 -1 
135 224 54 28 0.10712552070617676 9 -1 -1 
158 172 29 17 0.10656470060348511 7 -1 -1 
135 219 55 30 0.10627728700637817 5 -1 -1 
244 174 22 21 0.10505309700965881 8 -1 -1 
242 186 24 33 0.1043579950928688 8 -1 -1 
186 286 21 26 0.10374536365270615 3 -1 -1 
67 215 31 17 0.10330577194690704 7 -1 -1 
212 183 23 23 0.10283731669187546 7 -1 -1 
241 140 17 29 0.10181381553411484 6 -1 -1 
58 215 39 18 0.10164181888103485 10 -1 -1 
95 168 50 30 0.09864819049835205 8 -1 -1 
95 168 50 30 0.08436111360788345 7 -1 -1 
95 168 50 30 0.07748564332723618 4 -1 -1 
96 170 49 29 0.06258294731378555 9 -1 -1 
553 368 85 77 0.06135306879878044 4 -1 -1 
50 215 48 29 0.05943905562162399 7 -1 -1 
95 168 50 30 0.05935395881533623 5 -1 -1 
