603 101 53 53 0.9855718612670898 5 -1 -1 
12 15 94 45 0.9672099351882935 5 -1 -1 
226 68 42 42 0.9560787081718445 5 -1 -1 
375 318 141 120 0.9463393092155457 4 -1 -1 
251 55 71 40 0.9372037649154663 5 -1 -1 
42 111 97 48 0.9116803407669067 4 -1 -1 
734 188 63 56 0.9037929177284241 4 -1 -1 
169 42 65 33 0.8854416012763977 4 -1 -1 
98 112 98 49 0.8826098442077637 4 -1 -1 
786 79 36 43 0.8823133111000061 5 -1 -1 
58 56 78 32 0.8806045651435852 4 -1 -1 
826 63 34 30 0.8753787875175476 4 -1 -1 
20 64 78 31 0.8699983954429626 4 -1 -1 
357 482 51 68 0.8315656185150146 10 -1 -1 
5 450 70 68 0.7974979877471924 10 -1 -1 
910 62 8 26 0.7517944574356079 1 -1 -1 
881 460 35 74 0.7352265119552612 10 -1 -1 
187 56 13 31 0.731846272945404 1 -1 -1 
129 40 53 32 0.729922354221344 4 -1 -1 
361 450 50 85 0.6767683029174805 2 -1 -1 
1046 157 104 38 0.6690460443496704 4 -1 -1 
883 437 34 70 0.651086151599884 2 -1 -1 
994 77 81 33 0.6463845372200012 4 -1 -1 
16 422 44 77 0.632469117641449 2 -1 -1 
842 110 16 30 0.6201590895652771 10 -1 -1 
0 68 55 37 0.6149352788925171 4 -1 -1 
1069 56 10 24 0.6134228110313416 1 -1 -1 
1057 24 62 27 0.6095896363258362 4 -1 -1 
237 45 42 29 0.6067968010902405 4 -1 -1 
39 424 34 68 0.6009721755981445 2 -1 -1 
1053 184 107 49 0.6006861925125122 4 -1 -1 
843 105 16 28 0.5986471176147461 2 -1 -1 
741 14 9 16 0.5976147055625916 2 -1 -1 
1024 144 114 39 0.591744065284729 4 -1 -1 
971 134 86 35 0.5888892412185669 4 -1 -1 
0 40 71 31 0.5841574668884277 4 -1 -1 
1063 145 90 37 0.5766400694847107 4 -1 -1 
920 65 34 32 0.5671646595001221 4 -1 -1 
290 81 73 33 0.5669934749603271 4 -1 -1 
985 96 88 45 0.5663010478019714 5 -1 -1 
1063 57 8 25 0.5662740468978882 1 -1 -1 
165 52 15 30 0.5611560344696045 1 -1 -1 
740 19 11 14 0.5492247343063354 10 -1 -1 
304 71 55 24 0.5283716320991516 4 -1 -1 
7 604 44 60 0.5189012289047241 10 -1 -1 
903 53 9 19 0.5026943683624268 2 -1 -1 
4 604 42 62 0.48879000544548035 3 -1 -1 
1096 56 11 25 0.487169474363327 1 -1 -1 
904 64 8 26 0.46344953775405884 1 -1 -1 
1056 60 10 22 0.43938764929771423 1 -1 -1 
298 73 86 31 0.43631917238235474 4 -1 -1 
7 421 42 76 0.4322848618030548 2 -1 -1 
158 63 19 22 0.4139285087585449 3 -1 -1 
12 15 94 45 0.4037151336669922 9 -1 -1 
311 50 43 24 0.4007206857204437 5 -1 -1 
996 87 79 32 0.39632347226142883 4 -1 -1 
1065 55 9 24 0.39055612683296204 1 -1 -1 
309 50 43 26 0.3902934789657593 4 -1 -1 
904 67 8 23 0.3843193054199219 3 -1 -1 
290 82 76 32 0.37747058272361755 5 -1 -1 
985 96 87 45 0.3773896396160126 4 -1 -1 
1025 150 86 37 0.37166517972946167 4 -1 -1 
948 128 98 42 0.362062931060791 4 -1 -1 
882 439 34 77 0.36201733350753784 10 -1 -1 
920 66 33 31 0.35853180289268494 5 -1 -1 
902 57 11 23 0.3552342355251312 10 -1 -1 
1050 62 12 24 0.35363098978996277 1 -1 -1 
358 454 58 89 0.34336164593696594 10 -1 -1 
162 53 17 30 0.33620381355285645 3 -1 -1 
1098 56 15 25 0.33233606815338135 1 -1 -1 
995 65 67 27 0.33081644773483276 4 -1 -1 
361 450 51 84 0.3261580467224121 1 -1 -1 
165 51 15 31 0.32364726066589355 2 -1 -1 
903 52 9 23 0.32143843173980713 1 -1 -1 
266 52 64 32 0.31506961584091187 5 -1 -1 
1073 53 10 21 0.31448307633399963 1 -1 -1 
298 73 86 31 0.31308168172836304 5 -1 -1 
902 61 11 27 0.31257545948028564 3 -1 -1 
158 63 19 22 0.3102717399597168 10 -1 -1 
13 605 46 60 0.30751490592956543 3 -1 -1 
157 67 15 18 0.29786792397499084 3 -1 -1 
1097 54 10 23 0.29729682207107544 2 -1 -1 
186 53 16 25 0.296345055103302 1 -1 -1 
272 48 50 23 0.2949340343475342 5 -1 -1 
881 437 36 74 0.2915849983692169 1 -1 -1 
20 450 31 48 0.2845781743526459 2 -1 -1 
26 422 44 63 0.2833744287490845 2 -1 -1 
902 57 10 19 0.2827626168727875 2 -1 -1 
1035 62 24 24 0.2805599272251129 1 -1 -1 
9 604 40 86 0.2798699736595154 3 -1 -1 
1157 618 46 78 0.27674442529678345 1 -1 -1 
740 19 11 14 0.2760466933250427 3 -1 -1 
272 48 50 23 0.2754839062690735 4 -1 -1 
39 424 34 68 0.2741057872772217 1 -1 -1 
307 66 49 22 0.27405473589897156 4 -1 -1 
0 69 34 38 0.2713264226913452 4 -1 -1 
1157 620 50 77 0.2706255316734314 2 -1 -1 
1094 53 11 21 0.2702731788158417 1 -1 -1 
902 62 11 26 0.26710963249206543 10 -1 -1 
11 67 50 30 0.265822172164917 4 -1 -1 
47 426 30 55 0.2636410593986511 2 -1 -1 
1017 90 60 26 0.2630816400051117 4 -1 -1 
24 423 44 74 0.26226192712783813 1 -1 -1 
12 422 43 78 0.26062309741973877 1 -1 -1 
842 112 16 28 0.2590930461883545 3 -1 -1 
273 41 67 28 0.2560652494430542 6 -1 -1 
158 61 14 22 0.25576162338256836 2 -1 -1 
6 442 61 75 0.2486160546541214 2 -1 -1 
164 64 17 20 0.24856089055538177 3 -1 -1 
238 45 41 30 0.2439868003129959 5 -1 -1 
603 101 53 53 0.24195201694965363 4 -1 -1 
603 101 53 53 0.23758132755756378 8 -1 -1 
1058 55 9 23 0.2364162653684616 1 -1 -1 
741 13 10 18 0.23628182709217072 1 -1 -1 
902 54 10 24 0.23414573073387146 3 -1 -1 
237 46 59 34 0.22957926988601685 4 -1 -1 
295 50 47 25 0.22852781414985657 4 -1 -1 
1040 58 16 24 0.22849029302597046 1 -1 -1 
1050 167 108 43 0.2231801301240921 4 -1 -1 
1056 12 68 37 0.22290004789829254 4 -1 -1 
1052 184 110 49 0.22227002680301666 5 -1 -1 
303 71 63 27 0.2219870388507843 5 -1 -1 
740 18 11 15 0.22167398035526276 2 -1 -1 
306 59 61 26 0.22066308557987213 4 -1 -1 
16 422 44 78 0.21915018558502197 10 -1 -1 
2 39 70 31 0.21878789365291595 5 -1 -1 
1101 53 13 23 0.21739764511585236 1 -1 -1 
162 53 17 30 0.21691742539405823 10 -1 -1 
0 68 56 37 0.2141815721988678 5 -1 -1 
226 68 42 42 0.21285057067871094 4 -1 -1 
843 105 16 28 0.21222183108329773 1 -1 -1 
903 52 9 23 0.21070411801338196 10 -1 -1 
2 605 44 87 0.20954659581184387 10 -1 -1 
1096 60 11 26 0.20932990312576294 3 -1 -1 
1054 20 69 31 0.2074684053659439 5 -1 -1 
967 122 88 33 0.20323890447616577 4 -1 -1 
882 461 28 57 0.20239466428756714 2 -1 -1 
269 35 74 28 0.1994788497686386 6 -1 -1 
369 480 48 61 0.19933848083019257 2 -1 -1 
902 60 11 19 0.1991039365530014 7 -1 -1 
976 88 95 42 0.198470339179039 4 -1 -1 
257 37 71 33 0.19760747253894806 6 -1 -1 
262 48 64 31 0.1968233287334442 4 -1 -1 
359 450 41 63 0.19625939428806305 2 -1 -1 
1049 156 104 39 0.19599749147891998 5 -1 -1 
317 70 77 31 0.19487717747688293 4 -1 -1 
369 480 48 61 0.1940804421901703 10 -1 -1 
976 88 95 42 0.1940097063779831 5 -1 -1 
157 68 17 20 0.19371318817138672 10 -1 -1 
1086 36 30 16 0.19211068749427795 4 -1 -1 
1079 28 44 23 0.19165171682834625 4 -1 -1 
904 74 7 17 0.1912669539451599 3 -1 -1 
254 46 64 31 0.19055287539958954 5 -1 -1 
160 55 14 27 0.19018623232841492 1 -1 -1 
1115 55 8 22 0.19002951681613922 1 -1 -1 
295 50 47 25 0.18939325213432312 5 -1 -1 
243 42 65 32 0.1887819617986679 4 -1 -1 
251 55 72 40 0.18741367757320404 4 -1 -1 
785 79 38 44 0.18727101385593414 4 -1 -1 
357 475 51 74 0.1860017329454422 2 -1 -1 
881 458 35 75 0.18553295731544495 3 -1 -1 
1003 59 56 28 0.18530742824077606 4 -1 -1 
315 64 31 23 0.18522131443023682 4 -1 -1 
306 67 58 24 0.18521663546562195 5 -1 -1 
306 59 61 26 0.18521346151828766 5 -1 -1 
1094 53 11 21 0.18468517065048218 2 -1 -1 
904 52 8 16 0.18155032396316528 1 -1 -1 
949 124 73 33 0.18126355111598969 4 -1 -1 
994 87 81 32 0.1807890236377716 5 -1 -1 
5 421 41 47 0.18052147328853607 2 -1 -1 
1023 147 72 31 0.17979289591312408 4 -1 -1 
975 113 90 32 0.17896026372909546 4 -1 -1 
237 46 59 34 0.17863501608371735 5 -1 -1 
39 59 80 32 0.1784818470478058 4 -1 -1 
162 61 18 23 0.17750893533229828 2 -1 -1 
1049 53 10 22 0.17722667753696442 1 -1 -1 
1025 147 108 41 0.177124485373497 5 -1 -1 
1021 64 39 26 0.17648205161094666 4 -1 -1 
901 60 9 18 0.17622226476669312 10 -1 -1 
742 9 8 15 0.17622151970863342 2 -1 -1 
1097 57 11 25 0.1736685186624527 10 -1 -1 
378 84 11 22 0.1733102649450302 1 -1 -1 
12 15 94 45 0.17075715959072113 4 -1 -1 
1064 56 9 26 0.1699974238872528 2 -1 -1 
1069 56 10 24 0.16864798963069916 2 -1 -1 
356 483 57 67 0.1679355949163437 4 -1 -1 
1025 64 36 26 0.16650035977363586 1 -1 -1 
603 101 53 53 0.1654285043478012 10 -1 -1 
272 50 67 31 0.1654016673564911 6 -1 -1 
22 606 26 55 0.16428935527801514 3 -1 -1 
1013 93 61 41 0.16395148634910583 4 -1 -1 
308 47 57 28 0.16313816606998444 6 -1 -1 
0 59 65 35 0.16309663653373718 4 -1 -1 
3 618 39 79 0.16182559728622437 3 -1 -1 
17 420 39 52 0.15995340049266815 2 -1 -1 
7 437 47 78 0.15974478423595428 10 -1 -1 
90 112 110 18 0.15917761623859406 4 -1 -1 
99 112 97 48 0.15899279713630676 5 -1 -1 
287 76 65 26 0.15802350640296936 4 -1 -1 
261 39 66 29 0.1540139615535736 4 -1 -1 
247 34 63 28 0.153463214635849 4 -1 -1 
261 39 66 29 0.15150250494480133 5 -1 -1 
5 451 70 67 0.15067322552204132 4 -1 -1 
4 421 41 71 0.1506367027759552 1 -1 -1 
273 44 67 30 0.14987528324127197 4 -1 -1 
245 32 75 29 0.14893296360969543 6 -1 -1 
901 51 13 29 0.14797154068946838 2 -1 -1 
1062 184 134 57 0.14775356650352478 4 -1 -1 
603 101 53 53 0.14714199304580688 9 -1 -1 
298 73 86 31 0.14607912302017212 6 -1 -1 
603 101 53 53 0.1459476351737976 7 -1 -1 
170 42 64 33 0.14417700469493866 5 -1 -1 
920 66 32 31 0.1404677778482437 6 -1 -1 
253 34 62 28 0.13920044898986816 5 -1 -1 
1154 613 74 89 0.1389315128326416 2 -1 -1 
287 35 78 31 0.13734419643878937 6 -1 -1 
5 450 72 68 0.13559210300445557 3 -1 -1 
920 66 32 31 0.13382840156555176 8 -1 -1 
349 472 74 82 0.13186334073543549 10 -1 -1 
34 424 39 72 0.13040576875209808 10 -1 -1 
1157 612 148 96 0.13001161813735962 4 -1 -1 
376 318 140 119 0.12811709940433502 9 -1 -1 
129 40 53 32 0.12770050764083862 5 -1 -1 
1058 168 125 53 0.127005472779274 4 -1 -1 
375 318 142 120 0.1264195591211319 1 -1 -1 
0 40 71 31 0.1258106827735901 1 -1 -1 
603 101 53 53 0.12336430698633194 6 -1 -1 
293 78 97 41 0.12335836887359619 4 -1 -1 
12 15 94 45 0.1224142536520958 10 -1 -1 
94 15 64 33 0.12215090543031693 6 -1 -1 
42 112 96 47 0.12184072285890579 1 -1 -1 
904 59 14 30 0.12119113653898239 1 -1 -1 
922 64 45 29 0.12012535333633423 5 -1 -1 
286 45 64 28 0.12008143961429596 5 -1 -1 
603 101 53 53 0.11878416687250137 2 -1 -1 
47 424 34 59 0.11833050101995468 1 -1 -1 
902 52 12 32 0.11758062243461609 1 -1 -1 
314 63 76 28 0.11696110665798187 4 -1 -1 
356 483 58 68 0.1161205917596817 3 -1 -1 
246 56 47 39 0.11608743667602539 5 -1 -1 
12 16 94 44 0.11537127196788788 6 -1 -1 
52 109 105 20 0.11477508395910263 4 -1 -1 
57 56 79 32 0.11322470009326935 1 -1 -1 
1095 60 17 28 0.11314819753170013 3 -1 -1 
375 318 141 119 0.11195288598537445 5 -1 -1 
272 52 71 33 0.1112745851278305 4 -1 -1 
1 591 54 108 0.10631246119737625 3 -1 -1 
353 457 69 94 0.06996823847293854 2 -1 -1 
97 112 102 51 0.06917373090982437 9 -1 -1 
41 110 109 49 0.06568925082683563 9 -1 -1 
39 111 106 48 0.06563283503055573 5 -1 -1 
1101 594 226 147 0.06219714879989624 6 -1 -1 
41 114 129 56 0.05967564135789871 4 -1 -1 
3 424 79 88 0.05552782490849495 10 -1 -1 
