389 458 45 80 0.9199485778808594 5 -1 -1 
707 351 44 42 0.9055473208427429 7 -1 -1 
439 346 35 52 0.8927754163742065 4 -1 -1 
429 283 28 37 0.8924046158790588 4 -1 -1 
650 329 51 40 0.886076807975769 7 -1 -1 
243 247 31 25 0.8603783249855042 4 -1 -1 
312 230 40 28 0.8521916270256042 4 -1 -1 
127 437 27 29 0.8519701361656189 10 -1 -1 
425 204 22 27 0.8491836190223694 4 -1 -1 
338 209 26 30 0.8342418670654297 5 -1 -1 
92 390 37 22 0.8240928649902344 10 -1 -1 
592 465 15 36 0.7845223546028137 10 -1 -1 
0 482 38 30 0.767909049987793 10 -1 -1 
762 380 44 34 0.7661558389663696 7 -1 -1 
429 157 18 19 0.7577365636825562 4 -1 -1 
266 472 24 41 0.7442111372947693 10 -1 -1 
679 316 10 28 0.7418279051780701 1 -1 -1 
453 146 17 15 0.726814866065979 4 -1 -1 
431 140 16 16 0.7195426225662231 4 -1 -1 
842 394 65 38 0.7184926271438599 7 -1 -1 
510 230 10 13 0.6940524578094482 2 -1 -1 
593 468 14 20 0.693203866481781 2 -1 -1 
841 394 65 39 0.6925256848335266 8 -1 -1 
602 208 39 18 0.691929042339325 4 -1 -1 
409 403 15 39 0.6887261867523193 10 -1 -1 
4 475 21 29 0.6769511699676514 2 -1 -1 
428 173 19 22 0.6704590320587158 4 -1 -1 
342 516 24 23 0.659529447555542 10 -1 -1 
546 356 11 18 0.6406959891319275 2 -1 -1 
532 450 16 36 0.6340014338493347 10 -1 -1 
216 394 13 21 0.6318926811218262 2 -1 -1 
185 244 15 30 0.627979576587677 3 -1 -1 
610 319 42 34 0.6255373358726501 7 -1 -1 
510 232 10 17 0.6247767210006714 10 -1 -1 
404 255 10 19 0.61849045753479 10 -1 -1 
405 250 8 16 0.6163129806518555 2 -1 -1 
545 362 11 20 0.6118093729019165 10 -1 -1 
345 513 17 23 0.6080973148345947 2 -1 -1 
557 298 26 28 0.6059252619743347 4 -1 -1 
213 352 22 16 0.6056869029998779 10 -1 -1 
610 319 41 34 0.5998317003250122 8 -1 -1 
359 406 14 24 0.5981891751289368 2 -1 -1 
389 458 45 80 0.5943117141723633 8 -1 -1 
130 434 15 24 0.5930131077766418 2 -1 -1 
693 347 12 19 0.5851032137870789 2 -1 -1 
249 335 23 15 0.583868682384491 10 -1 -1 
255 328 10 19 0.5820663571357727 2 -1 -1 
439 69 16 24 0.5703393220901489 8 -1 -1 
494 239 8 13 0.5687363743782043 2 -1 -1 
533 451 15 22 0.5683870315551758 2 -1 -1 
358 413 16 30 0.5537750720977783 10 -1 -1 
719 212 18 12 0.5482968688011169 10 -1 -1 
866 223 28 23 0.547610342502594 8 -1 -1 
425 93 12 15 0.5469396114349365 4 -1 -1 
267 470 21 28 0.5436891317367554 2 -1 -1 
371 263 15 24 0.5413923263549805 7 -1 -1 
217 343 9 21 0.5382876992225647 2 -1 -1 
216 401 13 25 0.5335258841514587 10 -1 -1 
460 134 14 12 0.5310255885124207 4 -1 -1 
371 263 13 19 0.5204417109489441 2 -1 -1 
715 247 9 17 0.5104634165763855 2 -1 -1 
410 404 13 20 0.4955486059188843 2 -1 -1 
592 312 15 30 0.4865223169326782 10 -1 -1 
271 470 14 23 0.48425209522247314 2 -1 -1 
715 247 9 19 0.47792932391166687 1 -1 -1 
557 298 25 28 0.47549495100975037 5 -1 -1 
715 251 8 17 0.4748307168483734 3 -1 -1 
823 372 17 27 0.4746183156967163 1 -1 -1 
278 505 18 27 0.4745253026485443 2 -1 -1 
493 242 11 15 0.4659295082092285 7 -1 -1 
762 380 44 34 0.45848456025123596 8 -1 -1 
212 346 7 20 0.4573120176792145 1 -1 -1 
866 223 28 23 0.44465240836143494 7 -1 -1 
636 306 7 18 0.44348686933517456 1 -1 -1 
628 304 9 16 0.44295698404312134 2 -1 -1 
214 345 9 19 0.44152677059173584 2 -1 -1 
93 267 20 17 0.4400039315223694 10 -1 -1 
212 345 7 19 0.4370414614677429 2 -1 -1 
761 382 25 33 0.41412296891212463 7 -1 -1 
252 331 16 18 0.41243454813957214 10 -1 -1 
494 242 10 14 0.4113074839115143 10 -1 -1 
652 313 12 22 0.4105037450790405 1 -1 -1 
251 328 9 18 0.40975627303123474 2 -1 -1 
275 511 20 27 0.40752196311950684 10 -1 -1 
534 460 13 17 0.3999723196029663 2 -1 -1 
474 177 9 18 0.3841187357902527 10 -1 -1 
304 190 23 22 0.3830418884754181 4 -1 -1 
766 354 12 23 0.3819061815738678 2 -1 -1 
216 348 12 18 0.3811386823654175 10 -1 -1 
250 327 7 18 0.38083142042160034 2 -1 -1 
631 309 10 19 0.37626883387565613 1 -1 -1 
2 478 30 30 0.37130117416381836 2 -1 -1 
764 384 14 27 0.3672466278076172 2 -1 -1 
439 69 16 24 0.36405059695243835 7 -1 -1 
561 273 48 25 0.35798734426498413 5 -1 -1 
250 332 8 17 0.35755157470703125 2 -1 -1 
456 177 9 18 0.3558921217918396 10 -1 -1 
557 298 26 27 0.3546867370605469 8 -1 -1 
629 307 10 17 0.35377925634384155 2 -1 -1 
774 360 9 20 0.351714164018631 1 -1 -1 
133 435 15 22 0.3485834300518036 2 -1 -1 
474 177 9 15 0.3462304472923279 2 -1 -1 
278 509 14 27 0.3459666669368744 2 -1 -1 
652 330 12 20 0.34040993452072144 2 -1 -1 
707 351 44 42 0.34005194902420044 8 -1 -1 
656 332 10 20 0.33493876457214355 2 -1 -1 
99 269 15 14 0.3326415717601776 10 -1 -1 
215 349 13 17 0.3321913778781891 2 -1 -1 
127 435 26 29 0.3314340114593506 2 -1 -1 
759 205 7 12 0.3310697674751282 1 -1 -1 
99 389 18 20 0.33008965849876404 2 -1 -1 
274 469 15 23 0.32845547795295715 2 -1 -1 
424 93 12 15 0.32684949040412903 5 -1 -1 
353 239 14 18 0.32456254959106445 3 -1 -1 
252 331 10 18 0.3241051733493805 2 -1 -1 
823 372 17 27 0.3226836323738098 2 -1 -1 
593 313 23 30 0.32174500823020935 10 -1 -1 
534 460 13 20 0.32166922092437744 10 -1 -1 
635 306 8 17 0.3172053098678589 2 -1 -1 
625 326 11 20 0.3107001483440399 2 -1 -1 
3 475 15 25 0.30903077125549316 2 -1 -1 
104 390 19 17 0.30840373039245605 2 -1 -1 
829 372 11 23 0.3070406913757324 2 -1 -1 
346 187 20 24 0.3052334189414978 4 -1 -1 
214 344 8 19 0.30455881357192993 1 -1 -1 
100 386 22 23 0.30446702241897583 10 -1 -1 
371 263 15 24 0.3028894364833832 10 -1 -1 
715 251 8 17 0.29535216093063354 10 -1 -1 
216 343 9 22 0.2946265935897827 1 -1 -1 
709 360 15 23 0.2919842600822449 2 -1 -1 
216 343 8 17 0.29055866599082947 2 -1 -1 
215 346 9 20 0.2884425222873688 10 -1 -1 
695 346 11 21 0.2871820032596588 1 -1 -1 
596 306 44 27 0.28462156653404236 7 -1 -1 
596 309 54 39 0.28343579173088074 7 -1 -1 
456 177 9 13 0.28280067443847656 2 -1 -1 
288 198 9 13 0.2820514440536499 2 -1 -1 
628 304 9 18 0.27934470772743225 1 -1 -1 
650 329 51 40 0.2760217785835266 6 -1 -1 
494 239 9 14 0.27598467469215393 10 -1 -1 
493 241 10 15 0.2757669985294342 2 -1 -1 
303 187 24 24 0.2753466069698334 6 -1 -1 
562 273 47 25 0.27379661798477173 6 -1 -1 
558 204 8 17 0.2731778025627136 10 -1 -1 
592 465 15 35 0.2718924283981323 2 -1 -1 
604 314 12 27 0.2702578008174896 1 -1 -1 
633 305 9 17 0.2684580385684967 2 -1 -1 
428 111 5 9 0.2678203880786896 10 -1 -1 
604 314 12 24 0.2675778269767761 2 -1 -1 
252 331 16 18 0.2669738531112671 2 -1 -1 
531 450 17 34 0.2658365070819855 2 -1 -1 
5 477 24 28 0.26488402485847473 10 -1 -1 
216 398 14 25 0.2633954882621765 2 -1 -1 
439 69 16 24 0.26214495301246643 6 -1 -1 
650 329 51 40 0.26143306493759155 8 -1 -1 
602 208 38 18 0.2571045458316803 5 -1 -1 
47 210 114 71 0.25367453694343567 5 -1 -1 
304 189 23 23 0.25067001581192017 5 -1 -1 
592 311 22 31 0.2437680959701538 7 -1 -1 
766 350 17 28 0.24276351928710938 1 -1 -1 
650 312 15 32 0.24179640412330627 1 -1 -1 
266 470 21 32 0.24026426672935486 10 -1 -1 
608 305 33 21 0.24017566442489624 7 -1 -1 
766 351 17 27 0.23699037730693817 2 -1 -1 
277 506 19 31 0.2333056628704071 1 -1 -1 
557 298 26 27 0.23174084722995758 6 -1 -1 
708 352 44 41 0.2282971441745758 6 -1 -1 
265 471 24 41 0.22241736948490143 2 -1 -1 
592 311 22 31 0.21963432431221008 8 -1 -1 
761 382 25 33 0.21894730627536774 8 -1 -1 
650 314 16 31 0.21329961717128754 10 -1 -1 
606 308 30 30 0.21256010234355927 7 -1 -1 
602 309 24 31 0.2124960869550705 7 -1 -1 
47 210 114 71 0.2077871859073639 4 -1 -1 
761 382 19 33 0.19979508221149445 10 -1 -1 
359 405 15 27 0.19760818779468536 1 -1 -1 
718 205 20 23 0.19436265528202057 10 -1 -1 
279 505 17 28 0.19426229596138 10 -1 -1 
4 475 21 29 0.1889912635087967 1 -1 -1 
268 470 19 28 0.1873026043176651 1 -1 -1 
342 516 24 22 0.18408390879631042 2 -1 -1 
625 318 73 50 0.18298068642616272 7 -1 -1 
57 205 134 76 0.1788538098335266 6 -1 -1 
595 308 26 31 0.17639000713825226 7 -1 -1 
93 389 36 23 0.17630408704280853 2 -1 -1 
0 482 38 30 0.17596198618412018 3 -1 -1 
92 390 37 22 0.17239199578762054 4 -1 -1 
707 351 44 42 0.1714746505022049 3 -1 -1 
650 322 17 26 0.17079760134220123 1 -1 -1 
591 311 15 31 0.16880948841571808 3 -1 -1 
761 381 39 34 0.16440370678901672 2 -1 -1 
47 210 114 71 0.16363610327243805 9 -1 -1 
1 480 35 31 0.16341184079647064 7 -1 -1 
596 309 54 39 0.16315533220767975 8 -1 -1 
127 437 27 29 0.1628638654947281 4 -1 -1 
128 433 19 26 0.16018466651439667 10 -1 -1 
600 312 18 30 0.15085141360759735 7 -1 -1 
370 262 17 26 0.14841477572917938 2 -1 -1 
650 330 51 39 0.14258602261543274 4 -1 -1 
612 317 63 38 0.1421760618686676 7 -1 -1 
346 187 20 24 0.14133943617343903 5 -1 -1 
610 312 28 36 0.14024858176708221 8 -1 -1 
615 308 27 26 0.1398703008890152 7 -1 -1 
304 189 23 23 0.1395561546087265 8 -1 -1 
540 190 33 18 0.1390964239835739 4 -1 -1 
388 458 46 81 0.13826577365398407 4 -1 -1 
650 329 51 40 0.13670854270458221 3 -1 -1 
282 504 15 27 0.1350845843553543 1 -1 -1 
533 192 39 18 0.1348618119955063 6 -1 -1 
359 405 14 27 0.13444596529006958 10 -1 -1 
32 197 117 83 0.133490189909935 6 -1 -1 
760 381 46 36 0.10954113304615021 10 -1 -1 
71 211 127 70 0.10860427469015121 4 -1 -1 
650 330 51 39 0.09806037694215775 10 -1 -1 
608 310 53 40 0.09710141271352768 7 -1 -1 
588 302 52 41 0.09594199061393738 7 -1 -1 
71 211 127 70 0.09535984694957733 5 -1 -1 
596 309 54 39 0.09334013611078262 6 -1 -1 
650 329 51 40 0.09291895478963852 2 -1 -1 
590 303 53 38 0.09045138210058212 6 -1 -1 
71 211 127 70 0.0890161395072937 9 -1 -1 
620 319 76 48 0.07991204410791397 6 -1 -1 
611 323 55 40 0.07790710031986237 7 -1 -1 
609 316 45 37 0.07656954228878021 6 -1 -1 
612 313 74 40 0.07558915764093399 6 -1 -1 
76 185 137 92 0.07484359294176102 6 -1 -1 
759 381 47 36 0.07447490841150284 3 -1 -1 
759 381 47 36 0.07198698073625565 6 -1 -1 
18 192 126 88 0.07099428027868271 5 -1 -1 
625 318 73 50 0.07090385258197784 8 -1 -1 
590 303 53 38 0.06937301158905029 8 -1 -1 
612 313 74 40 0.06601297855377197 8 -1 -1 
15 189 125 89 0.06555206328630447 4 -1 -1 
608 310 53 40 0.06494960188865662 8 -1 -1 
649 328 52 41 0.06215791776776314 1 -1 -1 
609 318 46 36 0.06047681346535683 1 -1 -1 
759 381 47 36 0.05920417234301567 9 -1 -1 
609 318 46 36 0.055302802473306656 2 -1 -1 
29 230 118 70 0.0514516606926918 9 -1 -1 
-1 204 127 82 0.05007699877023697 9 -1 -1 
