204 226 48 47 0.996791422367096 6 -1 -1 
640 327 188 149 0.9910891056060791 6 -1 -1 
117 319 65 56 0.9454363584518433 4 -1 -1 
590 305 37 45 0.929148256778717 7 -1 -1 
158 282 49 39 0.9149919748306274 4 -1 -1 
443 245 30 28 0.9083337783813477 4 -1 -1 
484 192 35 14 0.8955520391464233 4 -1 -1 
548 285 52 36 0.8874371647834778 4 -1 -1 
290 200 30 16 0.8821058869361877 4 -1 -1 
437 176 13 10 0.8078940510749817 4 -1 -1 
514 213 34 16 0.8068484663963318 4 -1 -1 
361 176 13 11 0.8065358400344849 4 -1 -1 
263 191 35 19 0.8002756834030151 4 -1 -1 
454 191 16 12 0.7627570033073425 4 -1 -1 
529 220 42 17 0.7519769072532654 4 -1 -1 
404 167 22 8 0.7432070374488831 4 -1 -1 
304 170 12 11 0.7385526299476624 4 -1 -1 
254 154 11 8 0.6950350403785706 4 -1 -1 
338 154 7 7 0.6839954257011414 4 -1 -1 
327 155 8 6 0.6785117983818054 4 -1 -1 
24 302 78 32 0.6586415767669678 4 -1 -1 
43 282 75 26 0.655419647693634 4 -1 -1 
424 160 11 8 0.6521902680397034 4 -1 -1 
240 216 24 29 0.6497863531112671 5 -1 -1 
355 149 6 5 0.6396251916885376 4 -1 -1 
545 235 20 12 0.6304853558540344 10 -1 -1 
841 400 32 22 0.5983017683029175 3 -1 -1 
513 206 25 20 0.5809723734855652 4 -1 -1 
69 262 65 24 0.5797151327133179 4 -1 -1 
443 165 11 10 0.5740686058998108 4 -1 -1 
597 256 21 15 0.5672516226768494 10 -1 -1 
543 229 23 17 0.5381428003311157 10 -1 -1 
873 420 23 33 0.5369476675987244 3 -1 -1 
347 153 4 9 0.5330941677093506 1 -1 -1 
419 157 10 8 0.49928826093673706 4 -1 -1 
460 173 11 11 0.49863681197166443 5 -1 -1 
216 162 23 10 0.4904572367668152 4 -1 -1 
460 173 10 11 0.4774208068847656 4 -1 -1 
240 216 24 29 0.4635569453239441 4 -1 -1 
542 229 11 12 0.43246757984161377 10 -1 -1 
239 151 10 10 0.4135957956314087 4 -1 -1 
535 223 43 17 0.4111393690109253 4 -1 -1 
596 258 9 15 0.404854416847229 1 -1 -1 
422 159 12 8 0.3962695598602295 4 -1 -1 
34 285 75 32 0.3946681618690491 4 -1 -1 
381 134 5 7 0.39419305324554443 8 -1 -1 
381 134 5 7 0.39288005232810974 6 -1 -1 
733 335 23 17 0.3907037377357483 10 -1 -1 
440 161 13 7 0.3835088908672333 4 -1 -1 
218 152 12 9 0.3746367394924164 4 -1 -1 
514 205 20 15 0.3670429587364197 4 -1 -1 
230 169 22 12 0.36197155714035034 4 -1 -1 
415 154 10 6 0.3610319495201111 4 -1 -1 
744 334 12 16 0.36067038774490356 2 -1 -1 
211 151 19 10 0.3593783378601074 4 -1 -1 
443 165 11 10 0.35815000534057617 5 -1 -1 
732 334 24 20 0.3580450117588043 3 -1 -1 
402 147 6 6 0.35726025700569153 7 -1 -1 
547 225 35 14 0.35026153922080994 4 -1 -1 
365 144 3 5 0.34655025601387024 2 -1 -1 
204 226 48 47 0.34472957253456116 4 -1 -1 
590 305 37 45 0.34428778290748596 8 -1 -1 
893 422 46 38 0.338806688785553 10 -1 -1 
876 416 38 41 0.3384157121181488 3 -1 -1 
324 155 11 8 0.33271002769470215 4 -1 -1 
347 134 7 6 0.3235497772693634 4 -1 -1 
57 266 69 29 0.3192458748817444 4 -1 -1 
229 149 13 9 0.31519752740859985 4 -1 -1 
319 156 4 8 0.31413355469703674 1 -1 -1 
339 142 9 6 0.3137531876564026 4 -1 -1 
67 262 68 25 0.3122563064098358 5 -1 -1 
388 149 6 6 0.3111687898635864 4 -1 -1 
402 148 4 6 0.30257660150527954 7 -1 -1 
222 150 19 8 0.3009268641471863 4 -1 -1 
239 153 11 11 0.2988109290599823 4 -1 -1 
204 226 48 47 0.2987964451313019 10 -1 -1 
742 337 14 17 0.2972092628479004 10 -1 -1 
419 156 14 7 0.2941257953643799 4 -1 -1 
596 258 10 14 0.29354244470596313 2 -1 -1 
205 151 12 9 0.29305243492126465 4 -1 -1 
386 140 4 5 0.29268577694892883 2 -1 -1 
741 335 15 17 0.2924528419971466 3 -1 -1 
539 224 29 16 0.2919718325138092 10 -1 -1 
414 153 8 7 0.29123666882514954 4 -1 -1 
204 226 48 47 0.2911703884601593 5 -1 -1 
388 148 6 7 0.290942907333374 8 -1 -1 
527 219 35 11 0.290243536233902 4 -1 -1 
381 135 5 6 0.2884020209312439 5 -1 -1 
388 148 6 7 0.2871875762939453 5 -1 -1 
426 150 9 7 0.2860310673713684 4 -1 -1 
376 135 3 4 0.2815060615539551 1 -1 -1 
923 442 32 49 0.2814403474330902 10 -1 -1 
380 133 5 6 0.27708715200424194 6 -1 -1 
241 215 22 16 0.2763100862503052 4 -1 -1 
731 335 12 18 0.27163228392601013 3 -1 -1 
394 135 6 5 0.27088749408721924 4 -1 -1 
168 211 51 23 0.27014458179473877 4 -1 -1 
217 163 29 12 0.2701053321361542 4 -1 -1 
886 420 26 37 0.269868403673172 3 -1 -1 
388 148 6 7 0.2677108943462372 6 -1 -1 
13 292 90 38 0.26705995202064514 4 -1 -1 
381 135 5 6 0.2668280005455017 7 -1 -1 
239 151 10 11 0.26578518748283386 5 -1 -1 
556 224 36 13 0.26492196321487427 4 -1 -1 
79 257 59 25 0.26443368196487427 4 -1 -1 
543 228 10 12 0.26395323872566223 2 -1 -1 
376 133 4 5 0.2591089904308319 2 -1 -1 
643 328 187 146 0.25707748532295227 7 -1 -1 
428 150 12 8 0.2566196620464325 4 -1 -1 
640 327 188 149 0.25533270835876465 4 -1 -1 
337 140 11 6 0.255244642496109 4 -1 -1 
335 142 12 6 0.2548341155052185 4 -1 -1 
254 153 11 9 0.2542089521884918 5 -1 -1 
543 227 25 16 0.25384286046028137 4 -1 -1 
888 418 34 42 0.2530531585216522 3 -1 -1 
204 226 48 47 0.25265365839004517 7 -1 -1 
350 135 5 4 0.25099650025367737 4 -1 -1 
519 219 9 13 0.2502272129058838 2 -1 -1 
173 211 48 23 0.24644850194454193 5 -1 -1 
282 186 8 9 0.24362827837467194 4 -1 -1 
341 142 8 5 0.24292565882205963 4 -1 -1 
517 219 11 12 0.24077780544757843 10 -1 -1 
368 134 4 5 0.24047647416591644 2 -1 -1 
738 340 18 15 0.24041645228862762 3 -1 -1 
737 334 19 18 0.23580916225910187 2 -1 -1 
297 160 8 7 0.2344706803560257 4 -1 -1 
320 157 8 7 0.23438724875450134 8 -1 -1 
222 166 29 14 0.23434048891067505 4 -1 -1 
388 148 6 7 0.22765125334262848 7 -1 -1 
416 155 6 6 0.2260831743478775 4 -1 -1 
215 213 6 18 0.22605668008327484 1 -1 -1 
518 219 9 13 0.2255914956331253 1 -1 -1 
293 180 4 10 0.22459855675697327 1 -1 -1 
596 258 10 14 0.2206156849861145 10 -1 -1 
263 192 35 18 0.21869410574436188 5 -1 -1 
368 135 4 5 0.21862605214118958 10 -1 -1 
381 135 5 6 0.21856094896793365 4 -1 -1 
546 226 29 13 0.2177550196647644 10 -1 -1 
319 156 4 8 0.21630176901817322 2 -1 -1 
263 192 35 18 0.21507054567337036 6 -1 -1 
643 328 187 146 0.213972270488739 10 -1 -1 
434 164 7 6 0.21268780529499054 10 -1 -1 
434 160 4 8 0.21205106377601624 1 -1 -1 
323 158 5 6 0.21117492020130157 10 -1 -1 
305 159 4 8 0.21063455939292908 1 -1 -1 
479 176 6 12 0.2105950266122818 2 -1 -1 
322 156 11 8 0.2096180021762848 4 -1 -1 
208 153 20 9 0.20904891192913055 4 -1 -1 
590 305 37 45 0.20867936313152313 2 -1 -1 
479 176 6 12 0.20762673020362854 1 -1 -1 
221 151 15 9 0.20753738284111023 4 -1 -1 
347 153 4 9 0.20687313377857208 2 -1 -1 
380 133 5 6 0.2047848403453827 8 -1 -1 
204 226 48 47 0.20310276746749878 2 -1 -1 
419 148 14 8 0.20251807570457458 4 -1 -1 
358 128 4 4 0.2024947851896286 4 -1 -1 
241 215 23 31 0.2024378776550293 6 -1 -1 
204 226 48 47 0.20117886364459991 8 -1 -1 
376 135 4 4 0.20082004368305206 10 -1 -1 
425 162 6 6 0.20070557296276093 4 -1 -1 
916 426 31 62 0.20034705102443695 10 -1 -1 
418 154 12 7 0.20020686089992523 4 -1 -1 
50 261 72 27 0.1994708925485611 4 -1 -1 
338 154 7 7 0.19944420456886292 5 -1 -1 
342 141 7 5 0.1992083340883255 4 -1 -1 
415 154 10 6 0.19900640845298767 5 -1 -1 
893 427 36 33 0.19814340770244598 3 -1 -1 
926 457 25 33 0.1973746120929718 10 -1 -1 
20 276 94 33 0.19726596772670746 4 -1 -1 
411 149 7 7 0.1953057050704956 4 -1 -1 
293 180 5 10 0.19518537819385529 2 -1 -1 
380 133 5 6 0.19482867419719696 5 -1 -1 
204 226 48 48 0.19400866329669952 9 -1 -1 
347 134 7 6 0.1934049427509308 5 -1 -1 
441 162 11 8 0.19321009516716003 4 -1 -1 
442 159 11 7 0.19306446611881256 4 -1 -1 
417 156 8 5 0.192964568734169 4 -1 -1 
412 151 6 6 0.19240862131118774 4 -1 -1 
418 157 9 4 0.19189435243606567 4 -1 -1 
271 193 26 11 0.19146278500556946 5 -1 -1 
460 173 11 11 0.1910138875246048 6 -1 -1 
872 411 32 42 0.1899288147687912 3 -1 -1 
838 402 26 22 0.18921595811843872 3 -1 -1 
321 156 7 8 0.18779101967811584 1 -1 -1 
804 506 108 32 0.18742701411247253 4 -1 -1 
368 135 4 5 0.1853167563676834 1 -1 -1 
217 162 23 9 0.18529671430587769 5 -1 -1 
885 407 33 48 0.18222220242023468 3 -1 -1 
589 305 38 45 0.18215833604335785 3 -1 -1 
596 253 22 18 0.18095871806144714 7 -1 -1 
38 268 79 32 0.17892031371593475 4 -1 -1 
742 426 88 45 0.1773727834224701 8 -1 -1 
268 192 29 12 0.17070448398590088 4 -1 -1 
71 250 61 27 0.16151532530784607 4 -1 -1 
589 305 38 45 0.15936054289340973 9 -1 -1 
641 330 176 144 0.15560683608055115 5 -1 -1 
589 306 39 44 0.15516959130764008 6 -1 -1 
902 423 40 50 0.1535906046628952 10 -1 -1 
22 295 81 38 0.1529649943113327 5 -1 -1 
683 391 148 99 0.15212470293045044 6 -1 -1 
204 226 48 48 0.15203620493412018 3 -1 -1 
57 266 69 29 0.14749452471733093 5 -1 -1 
42 282 76 27 0.1449122279882431 5 -1 -1 
589 306 39 44 0.14403259754180908 4 -1 -1 
562 212 37 23 0.14379900693893433 4 -1 -1 
24 299 78 35 0.14085665345191956 6 -1 -1 
888 418 34 42 0.13802464306354523 10 -1 -1 
521 217 35 14 0.13703107833862305 4 -1 -1 
204 226 48 47 0.13607680797576904 1 -1 -1 
160 211 59 25 0.1351151466369629 9 -1 -1 
34 285 75 32 0.13453829288482666 5 -1 -1 
118 319 64 56 0.13397306203842163 1 -1 -1 
589 306 39 44 0.1335114985704422 1 -1 -1 
64 262 71 25 0.13198815286159515 6 -1 -1 
513 205 22 18 0.13177545368671417 5 -1 -1 
155 209 64 27 0.12794293463230133 5 -1 -1 
742 426 88 45 0.12567324936389923 7 -1 -1 
863 414 34 40 0.12512648105621338 3 -1 -1 
62 239 66 29 0.12233560532331467 4 -1 -1 
218 170 31 13 0.12180579453706741 4 -1 -1 
543 227 25 16 0.12027236819267273 7 -1 -1 
208 153 28 15 0.11946050077676773 4 -1 -1 
515 214 33 15 0.11565353721380234 5 -1 -1 
158 282 49 39 0.11557406932115555 5 -1 -1 
226 168 26 14 0.11512002348899841 5 -1 -1 
837 393 41 35 0.11478222161531448 3 -1 -1 
640 327 188 149 0.11464964598417282 8 -1 -1 
529 220 42 17 0.11231096088886261 5 -1 -1 
595 250 23 19 0.11205938458442688 10 -1 -1 
804 506 103 32 0.1116701290011406 5 -1 -1 
549 284 52 36 0.11049458384513855 5 -1 -1 
543 230 23 17 0.10751087963581085 3 -1 -1 
2 283 97 39 0.10748744010925293 4 -1 -1 
158 282 49 39 0.10698257386684418 6 -1 -1 
531 221 42 18 0.10696879029273987 10 -1 -1 
596 254 22 18 0.10692040622234344 3 -1 -1 
79 257 59 25 0.10641749948263168 5 -1 -1 
117 319 65 56 0.10616662353277206 9 -1 -1 
34 285 75 32 0.10597279667854309 6 -1 -1 
643 328 187 146 0.10541480034589767 3 -1 -1 
483 192 36 14 0.10434476286172867 1 -1 -1 
40 255 76 30 0.10408446192741394 4 -1 -1 
206 151 26 13 0.10211587697267532 4 -1 -1 
39 280 79 28 0.10062220692634583 6 -1 -1 
205 157 29 14 0.10048758238554001 4 -1 -1 
877 417 38 41 0.10042636096477509 10 -1 -1 
443 245 30 27 0.09966250509023666 6 -1 -1 
3 288 101 41 0.09805004298686981 6 -1 -1 
47 291 66 35 0.09799543023109436 4 -1 -1 
38 268 79 32 0.09744934737682343 6 -1 -1 
290 200 30 16 0.09705737978219986 5 -1 -1 
47 245 76 30 0.09628425538539886 4 -1 -1 
514 214 33 15 0.09562288969755173 1 -1 -1 
549 221 36 15 0.0953911766409874 4 -1 -1 
563 209 32 18 0.0947202742099762 4 -1 -1 
61 274 65 30 0.09459170699119568 4 -1 -1 
76 244 59 26 0.09400136023759842 4 -1 -1 
643 331 78 83 0.09263318032026291 6 -1 -1 
802 491 120 46 0.09165383875370026 4 -1 -1 
41 261 76 28 0.09139200299978256 6 -1 -1 
640 327 188 149 0.0909196063876152 2 -1 -1 
898 424 42 48 0.09037259966135025 3 -1 -1 
535 223 43 17 0.08959705382585526 7 -1 -1 
158 282 49 39 0.0894264504313469 9 -1 -1 
893 422 47 39 0.08913538604974747 7 -1 -1 
839 397 45 42 0.08899794518947601 3 -1 -1 
290 200 30 16 0.08895908296108246 1 -1 -1 
158 282 49 39 0.08774241805076599 1 -1 -1 
43 282 75 26 0.08709278702735901 1 -1 -1 
210 150 29 13 0.08657178282737732 4 -1 -1 
48 261 75 27 0.08589348942041397 5 -1 -1 
38 268 79 32 0.08547569066286087 5 -1 -1 
548 284 52 37 0.08541286736726761 1 -1 -1 
701 392 130 99 0.0854111984372139 7 -1 -1 
484 192 35 14 0.08531742542982101 5 -1 -1 
117 319 65 56 0.08518088608980179 5 -1 -1 
67 262 68 25 0.08470726758241653 9 -1 -1 
529 220 42 17 0.08458811044692993 1 -1 -1 
561 219 40 18 0.08443902432918549 5 -1 -1 
217 163 29 12 0.08436635881662369 5 -1 -1 
599 312 122 93 0.08334104716777802 6 -1 -1 
639 335 191 140 0.08239224553108215 9 -1 -1 
748 429 82 45 0.08146123588085175 6 -1 -1 
543 227 25 16 0.08095178753137589 8 -1 -1 
596 253 22 18 0.08079291880130768 8 -1 -1 
219 165 30 15 0.08027777820825577 5 -1 -1 
263 191 35 19 0.08024974167346954 1 -1 -1 
849 399 49 50 0.07976116240024567 3 -1 -1 
527 219 35 14 0.0788317620754242 5 -1 -1 
15 280 94 31 0.07834799587726593 5 -1 -1 
590 305 37 45 0.07827203720808029 10 -1 -1 
443 245 30 27 0.0781090036034584 7 -1 -1 
68 251 65 28 0.07724729925394058 5 -1 -1 
563 212 35 20 0.07714956253767014 5 -1 -1 
64 262 71 25 0.07703600078821182 1 -1 -1 
8 279 95 34 0.07695107907056808 6 -1 -1 
535 223 43 17 0.07685720920562744 6 -1 -1 
57 266 69 29 0.07672251760959625 6 -1 -1 
218 155 27 15 0.0765509381890297 4 -1 -1 
443 245 30 28 0.07620815932750702 1 -1 -1 
513 205 22 18 0.07551731169223785 6 -1 -1 
484 192 35 14 0.0750945582985878 6 -1 -1 
887 416 32 43 0.07457742094993591 1 -1 -1 
665 395 166 99 0.07434666901826859 9 -1 -1 
885 407 33 48 0.07429897785186768 10 -1 -1 
563 305 61 47 0.07401300221681595 9 -1 -1 
3 288 101 41 0.07377053797245026 9 -1 -1 
148 207 70 29 0.07318832725286484 4 -1 -1 
290 200 30 16 0.07284083962440491 6 -1 -1 
208 163 30 15 0.07269459217786789 4 -1 -1 
6 282 98 35 0.07249545305967331 9 -1 -1 
263 192 35 18 0.07245723158121109 7 -1 -1 
514 202 29 18 0.07231980562210083 4 -1 -1 
705 425 128 67 0.07163375616073608 9 -1 -1 
701 392 130 99 0.07155513763427734 8 -1 -1 
640 327 188 148 0.07012296468019485 1 -1 -1 
802 491 120 46 0.05911850929260254 5 -1 -1 
571 302 130 95 0.05845227837562561 6 -1 -1 
640 328 137 120 0.05595357343554497 6 -1 -1 
705 425 128 67 0.05586860328912735 6 -1 -1 
616 339 147 169 0.05148022621870041 6 -1 -1 
