723 561 70 165 0.9986844658851624 9 -1 -1 
423 457 97 97 0.9985052347183228 9 -1 -1 
191 569 189 195 0.9983547329902649 9 -1 -1 
458 384 52 65 0.9980924725532532 9 -1 -1 
687 431 46 89 0.997351884841919 9 -1 -1 
480 349 58 57 0.9932501316070557 9 -1 -1 
390 655 65 87 0.9733206629753113 5 -1 -1 
552 438 34 34 0.9418349266052246 4 -1 -1 
883 625 34 21 0.9378861784934998 3 -1 -1 
881 611 29 22 0.9334026575088501 3 -1 -1 
591 514 40 35 0.9282283782958984 4 -1 -1 
635 537 39 36 0.9250153303146362 4 -1 -1 
891 538 13 33 0.923850953578949 1 -1 -1 
336 498 48 39 0.9183139801025391 4 -1 -1 
645 504 35 33 0.9149758219718933 4 -1 -1 
691 545 40 43 0.9101095199584961 4 -1 -1 
404 446 39 32 0.9060672521591187 4 -1 -1 
796 589 45 49 0.8995965123176575 4 -1 -1 
970 487 8 20 0.8977477550506592 3 -1 -1 
669 598 41 51 0.8974665403366089 4 -1 -1 
611 595 47 54 0.8909260034561157 4 -1 -1 
374 468 42 35 0.8889192342758179 4 -1 -1 
920 463 12 29 0.8860654234886169 1 -1 -1 
608 364 22 20 0.8855093717575073 4 -1 -1 
684 370 22 19 0.8777266144752502 4 -1 -1 
480 554 50 53 0.8760320544242859 4 -1 -1 
641 397 26 23 0.869587779045105 4 -1 -1 
754 366 19 19 0.8668956756591797 4 -1 -1 
1029 506 10 32 0.8658676743507385 1 -1 -1 
673 298 24 30 0.8624665141105652 9 -1 -1 
723 376 22 20 0.8609292507171631 4 -1 -1 
488 436 34 25 0.8520522117614746 4 -1 -1 
597 667 55 72 0.849401593208313 4 -1 -1 
647 289 12 12 0.841640830039978 4 -1 -1 
709 301 13 11 0.8411193490028381 4 -1 -1 
686 389 20 19 0.8401824831962585 4 -1 -1 
910 465 9 27 0.8391109108924866 1 -1 -1 
542 407 30 25 0.8342173099517822 4 -1 -1 
893 494 10 27 0.8132866621017456 1 -1 -1 
727 302 13 11 0.8106935620307922 4 -1 -1 
751 411 24 24 0.8061378598213196 4 -1 -1 
608 304 13 13 0.8020943403244019 4 -1 -1 
1014 511 11 28 0.8009368181228638 1 -1 -1 
966 685 16 46 0.7956201434135437 1 -1 -1 
644 440 31 26 0.7930346727371216 4 -1 -1 
832 485 27 19 0.7875731587409973 3 -1 -1 
721 355 17 17 0.7854251861572266 4 -1 -1 
994 503 9 27 0.7736923694610596 1 -1 -1 
1121 629 18 41 0.7711684107780457 1 -1 -1 
722 309 14 10 0.770447313785553 4 -1 -1 
725 287 11 10 0.76544189453125 4 -1 -1 
1021 478 10 26 0.7647916674613953 1 -1 -1 
90 688 103 76 0.7614085674285889 4 -1 -1 
1226 612 17 39 0.7595059871673584 1 -1 -1 
741 282 12 11 0.7567864060401917 4 -1 -1 
1125 546 11 30 0.7540923953056335 1 -1 -1 
974 391 26 23 0.7512157559394836 4 -1 -1 
997 414 8 21 0.7420365214347839 1 -1 -1 
949 686 19 44 0.7379051446914673 1 -1 -1 
918 384 8 22 0.7261621952056885 1 -1 -1 
1231 628 19 38 0.7214652299880981 1 -1 -1 
754 255 12 10 0.7195990681648254 4 -1 -1 
852 549 30 20 0.7165965437889099 3 -1 -1 
304 526 11 27 0.7081736922264099 1 -1 -1 
843 513 11 26 0.7067785263061523 1 -1 -1 
707 292 12 10 0.7065609097480774 4 -1 -1 
879 491 10 28 0.70452880859375 1 -1 -1 
944 390 25 22 0.7040129899978638 4 -1 -1 
948 408 36 33 0.7006875276565552 4 -1 -1 
802 277 11 10 0.69963538646698 4 -1 -1 
778 423 9 16 0.6989672780036926 2 -1 -1 
445 389 7 17 0.6965290307998657 1 -1 -1 
690 280 11 11 0.6948957443237305 4 -1 -1 
919 371 6 16 0.6934202909469604 1 -1 -1 
969 478 10 23 0.691902756690979 2 -1 -1 
688 348 19 16 0.6905047297477722 4 -1 -1 
779 427 9 18 0.6896641850471497 10 -1 -1 
927 371 7 18 0.6881818175315857 1 -1 -1 
942 373 7 18 0.6851817965507507 1 -1 -1 
899 672 28 30 0.6851444244384766 3 -1 -1 
1009 501 9 27 0.6794678568840027 1 -1 -1 
956 496 11 19 0.6725616455078125 2 -1 -1 
956 448 10 25 0.6710970401763916 1 -1 -1 
956 503 10 21 0.6677895188331604 10 -1 -1 
1002 503 9 26 0.6656615138053894 1 -1 -1 
935 479 9 25 0.6636137962341309 1 -1 -1 
643 244 11 9 0.6635007262229919 4 -1 -1 
1019 730 19 34 0.6608886122703552 1 -1 -1 
450 396 7 19 0.6499029994010925 1 -1 -1 
698 256 10 10 0.648207426071167 4 -1 -1 
872 353 8 20 0.645755410194397 1 -1 -1 
908 377 6 17 0.6346203684806824 1 -1 -1 
703 310 12 11 0.6333109736442566 4 -1 -1 
750 243 16 8 0.6320939660072327 4 -1 -1 
780 304 30 12 0.6308320760726929 4 -1 -1 
746 274 10 11 0.6242021918296814 4 -1 -1 
709 280 11 10 0.6221146583557129 4 -1 -1 
683 289 12 11 0.6205491423606873 4 -1 -1 
1247 628 23 30 0.6172513961791992 2 -1 -1 
139 670 19 35 0.6147671341896057 1 -1 -1 
864 368 8 19 0.6139876842498779 1 -1 -1 
694 265 10 9 0.6061520576477051 4 -1 -1 
726 278 10 9 0.6021877527236938 4 -1 -1 
795 402 7 20 0.6000943183898926 1 -1 -1 
955 374 6 18 0.5974153876304626 1 -1 -1 
188 481 12 25 0.5928585529327393 1 -1 -1 
938 372 7 17 0.5892107486724854 1 -1 -1 
569 307 18 17 0.5859636664390564 4 -1 -1 
678 413 25 29 0.5832796692848206 4 -1 -1 
662 338 19 21 0.5792101621627808 4 -1 -1 
937 370 7 18 0.5776481032371521 1 -1 -1 
435 420 7 20 0.5742312669754028 1 -1 -1 
930 372 7 18 0.5742086172103882 1 -1 -1 
299 491 22 23 0.5716974139213562 3 -1 -1 
784 313 37 18 0.5675904154777527 5 -1 -1 
726 259 12 9 0.5675150156021118 4 -1 -1 
952 374 7 18 0.5654229521751404 1 -1 -1 
724 240 16 9 0.5642861723899841 4 -1 -1 
715 341 20 18 0.5640507340431213 4 -1 -1 
939 390 8 20 0.5627462267875671 1 -1 -1 
701 247 9 8 0.5592674612998962 4 -1 -1 
958 429 10 24 0.5582470297813416 1 -1 -1 
933 375 6 16 0.5573910474777222 1 -1 -1 
849 297 5 13 0.5560857653617859 1 -1 -1 
707 300 14 9 0.5549398064613342 4 -1 -1 
895 396 9 21 0.552031934261322 1 -1 -1 
725 304 13 11 0.5518384575843811 4 -1 -1 
935 372 7 17 0.5498318076133728 1 -1 -1 
817 303 5 14 0.5487309694290161 1 -1 -1 
912 370 7 15 0.5453549027442932 1 -1 -1 
801 406 8 19 0.5443139672279358 1 -1 -1 
1289 561 14 34 0.5423147678375244 1 -1 -1 
202 487 13 26 0.5405974984169006 1 -1 -1 
422 420 8 24 0.5405901670455933 1 -1 -1 
713 254 10 8 0.5396572947502136 4 -1 -1 
446 412 7 19 0.5377032160758972 1 -1 -1 
358 452 11 25 0.5226732492446899 1 -1 -1 
693 236 18 10 0.5220391154289246 5 -1 -1 
753 320 6 13 0.5215584635734558 1 -1 -1 
693 273 10 9 0.5195801854133606 4 -1 -1 
741 268 10 10 0.5183137059211731 4 -1 -1 
889 655 23 33 0.508739173412323 3 -1 -1 
745 298 25 14 0.5082486867904663 4 -1 -1 
302 488 31 23 0.5077220797538757 3 -1 -1 
740 265 11 10 0.5032761096954346 4 -1 -1 
384 448 11 23 0.5006247758865356 1 -1 -1 
712 264 10 10 0.49841880798339844 4 -1 -1 
950 374 6 18 0.49481356143951416 1 -1 -1 
743 271 11 9 0.49447745084762573 4 -1 -1 
895 396 8 19 0.49419155716896057 2 -1 -1 
741 262 10 10 0.48738548159599304 4 -1 -1 
307 485 32 23 0.4868761897087097 3 -1 -1 
219 468 15 26 0.47957077622413635 1 -1 -1 
711 273 10 9 0.47526490688323975 4 -1 -1 
788 320 6 14 0.471330851316452 1 -1 -1 
744 278 11 11 0.468370646238327 4 -1 -1 
724 560 70 165 0.4660954475402832 4 -1 -1 
319 484 19 20 0.4645931124687195 3 -1 -1 
369 456 10 26 0.4644763767719269 1 -1 -1 
909 725 15 31 0.4615182876586914 3 -1 -1 
894 489 9 24 0.45579683780670166 1 -1 -1 
429 413 7 22 0.4550766348838806 1 -1 -1 
851 541 30 24 0.45479074120521545 3 -1 -1 
745 273 10 9 0.4515772759914398 4 -1 -1 
191 569 189 195 0.41270941495895386 4 -1 -1 
423 457 97 97 0.3870528042316437 4 -1 -1 
458 384 52 65 0.3721383810043335 4 -1 -1 
880 614 35 28 0.37162545323371887 3 -1 -1 
190 569 190 194 0.364519327878952 10 -1 -1 
2 647 78 94 0.35753050446510315 9 -1 -1 
423 457 97 97 0.33133015036582947 5 -1 -1 
892 654 31 39 0.33109036087989807 3 -1 -1 
423 457 97 97 0.3302270472049713 10 -1 -1 
224 484 77 71 0.32596924901008606 9 -1 -1 
893 663 33 37 0.31975188851356506 3 -1 -1 
458 384 52 65 0.3155129551887512 10 -1 -1 
224 484 78 72 0.3136335015296936 5 -1 -1 
423 457 97 97 0.3113086223602295 1 -1 -1 
224 484 77 71 0.30895060300827026 6 -1 -1 
458 384 52 65 0.3071160912513733 1 -1 -1 
190 569 190 194 0.30569612979888916 1 -1 -1 
948 408 36 34 0.3040691316127777 5 -1 -1 
25 579 133 74 0.30178555846214294 6 -1 -1 
687 431 46 89 0.3000541627407074 4 -1 -1 
134 689 59 75 0.2982930839061737 4 -1 -1 
224 484 78 72 0.296830952167511 4 -1 -1 
191 569 189 195 0.2961854636669159 5 -1 -1 
190 569 190 195 0.29532232880592346 3 -1 -1 
423 457 97 97 0.2845008373260498 2 -1 -1 
423 456 96 99 0.2799777090549469 3 -1 -1 
1 676 80 65 0.27902650833129883 5 -1 -1 
191 569 189 195 0.27334368228912354 2 -1 -1 
190 569 190 194 0.2731405198574066 7 -1 -1 
423 457 97 97 0.27239009737968445 6 -1 -1 
458 384 52 65 0.2687504291534424 3 -1 -1 
458 384 52 65 0.2647055983543396 5 -1 -1 
2 683 78 58 0.25785207748413086 4 -1 -1 
687 431 46 89 0.25726720690727234 10 -1 -1 
2 635 72 105 0.2566535174846649 5 -1 -1 
687 431 46 90 0.24998319149017334 1 -1 -1 
423 457 96 98 0.2463398575782776 7 -1 -1 
458 384 52 65 0.24607689678668976 2 -1 -1 
68 538 89 111 0.23896390199661255 6 -1 -1 
687 431 46 90 0.23714357614517212 5 -1 -1 
2 637 81 103 0.23671869933605194 6 -1 -1 
191 569 189 195 0.23536644876003265 6 -1 -1 
191 569 189 195 0.23443233966827393 8 -1 -1 
480 348 58 57 0.232904314994812 4 -1 -1 
21 537 140 119 0.2286446988582611 6 -1 -1 
687 431 46 89 0.22831176221370697 2 -1 -1 
687 431 46 90 0.22136245667934418 6 -1 -1 
458 384 52 65 0.2207862138748169 7 -1 -1 
423 457 96 98 0.2170892059803009 8 -1 -1 
1227 616 21 49 0.21484342217445374 1 -1 -1 
458 384 52 65 0.2119247317314148 6 -1 -1 
480 348 58 57 0.20568238198757172 1 -1 -1 
1 685 77 56 0.20091299712657928 9 -1 -1 
687 431 46 89 0.1997961848974228 3 -1 -1 
458 384 52 65 0.19844944775104523 8 -1 -1 
886 652 33 30 0.19426082074642181 3 -1 -1 
68 538 89 111 0.19320516288280487 5 -1 -1 
68 538 89 111 0.18549589812755585 9 -1 -1 
596 667 55 72 0.18515102565288544 5 -1 -1 
2 659 108 81 0.18377603590488434 5 -1 -1 
480 349 58 57 0.17969690263271332 3 -1 -1 
2 657 90 84 0.17708896100521088 4 -1 -1 
488 436 34 28 0.17675994336605072 5 -1 -1 
687 431 46 89 0.17604988813400269 7 -1 -1 
81 577 77 75 0.17310096323490143 6 -1 -1 
783 313 39 18 0.17162403464317322 4 -1 -1 
480 348 58 57 0.1714189052581787 5 -1 -1 
224 485 78 71 0.1652858406305313 8 -1 -1 
881 622 36 25 0.1652822643518448 10 -1 -1 
1 597 159 146 0.16277578473091125 6 -1 -1 
480 349 58 57 0.16239015758037567 2 -1 -1 
40 584 116 68 0.1619933694601059 5 -1 -1 
390 655 65 87 0.16086770594120026 4 -1 -1 
5 565 161 119 0.16052111983299255 6 -1 -1 
480 349 58 57 0.15871603786945343 10 -1 -1 
1 643 113 84 0.15730519592761993 4 -1 -1 
723 560 72 167 0.15525923669338226 1 -1 -1 
0 616 116 131 0.15466323494911194 9 -1 -1 
1 571 163 96 0.15029029548168182 9 -1 -1 
2 677 77 64 0.1494528353214264 6 -1 -1 
888 653 31 33 0.14898310601711273 10 -1 -1 
89 688 103 76 0.1464720070362091 5 -1 -1 
390 656 66 86 0.14463090896606445 6 -1 -1 
832 485 33 30 0.14141333103179932 3 -1 -1 
687 431 46 89 0.13991262018680573 8 -1 -1 
30 575 125 76 0.13482914865016937 4 -1 -1 
2 625 66 118 0.13373635709285736 4 -1 -1 
13 644 105 51 0.13195174932479858 4 -1 -1 
14 699 96 54 0.13039414584636688 4 -1 -1 
464 454 56 19 0.12957516312599182 5 -1 -1 
879 610 34 23 0.1251293271780014 10 -1 -1 
880 614 35 28 0.1246957778930664 10 -1 -1 
481 349 56 57 0.12382876127958298 6 -1 -1 
52 601 104 53 0.1237468346953392 4 -1 -1 
1247 626 25 34 0.12360930442810059 1 -1 -1 
3 640 112 62 0.12356206774711609 5 -1 -1 
541 406 31 27 0.12309388816356659 5 -1 -1 
81 573 77 78 0.1200985386967659 5 -1 -1 
68 538 89 111 0.11935195326805115 4 -1 -1 
477 362 43 39 0.11924281716346741 9 -1 -1 
81 573 77 78 0.11721233278512955 9 -1 -1 
1 595 151 61 0.1167621910572052 4 -1 -1 
390 655 65 87 0.11504777520895004 8 -1 -1 
480 349 58 57 0.11429344117641449 8 -1 -1 
52 601 104 53 0.11223616451025009 6 -1 -1 
17 540 142 115 0.11188515275716782 5 -1 -1 
80 574 77 76 0.11162169277667999 4 -1 -1 
0 629 122 118 0.10989516973495483 6 -1 -1 
90 688 103 76 0.10907347500324249 1 -1 -1 
479 439 42 33 0.10729333758354187 4 -1 -1 
30 589 125 64 0.10684716701507568 9 -1 -1 
10 679 110 63 0.10657265037298203 4 -1 -1 
643 440 32 27 0.10569291561841965 5 -1 -1 
464 454 56 19 0.10473467409610748 4 -1 -1 
390 655 65 87 0.10456669330596924 10 -1 -1 
480 349 58 57 0.10257267951965332 7 -1 -1 
3 640 112 62 0.09876053780317307 6 -1 -1 
2 629 107 74 0.09816673398017883 4 -1 -1 
659 330 25 31 0.0975203737616539 4 -1 -1 
541 406 31 27 0.09618540108203888 6 -1 -1 
1 620 125 127 0.08583540469408035 5 -1 -1 
17 540 142 115 0.08485978096723557 4 -1 -1 
13 538 145 115 0.0845004990696907 9 -1 -1 
-3 577 150 148 0.08259043097496033 9 -1 -1 
0 576 161 100 0.08098901063203812 5 -1 -1 
1 620 125 127 0.06209088861942291 4 -1 -1 
465 356 70 72 0.056942131370306015 9 -1 -1 
0 576 161 100 0.050874028354883194 4 -1 -1 
