183 148 24 29 0.9445143938064575 7 -1 -1 
203 129 21 26 0.9360700845718384 7 -1 -1 
465 247 33 48 0.9323392510414124 4 -1 -1 
465 74 20 21 0.8928194046020508 4 -1 -1 
479 6 12 14 0.7693542838096619 4 -1 -1 
197 498 60 40 0.6968321800231934 4 -1 -1 
227 88 23 34 0.6110758185386658 8 -1 -1 
227 99 19 23 0.6097983717918396 7 -1 -1 
227 99 19 23 0.5762054324150085 8 -1 -1 
247 76 13 23 0.42853400111198425 7 -1 -1 
227 88 23 34 0.4110528230667114 7 -1 -1 
183 148 24 29 0.3032107651233673 6 -1 -1 
247 76 13 22 0.2884359061717987 8 -1 -1 
203 130 21 24 0.25333428382873535 8 -1 -1 
183 148 24 29 0.24508655071258545 3 -1 -1 
226 93 20 24 0.24179287254810333 8 -1 -1 
183 148 24 29 0.23325029015541077 4 -1 -1 
183 148 23 29 0.22117134928703308 10 -1 -1 
229 91 20 18 0.21702751517295837 8 -1 -1 
246 82 12 18 0.20881010591983795 7 -1 -1 
203 130 21 24 0.20705051720142365 3 -1 -1 
236 93 14 16 0.20654524862766266 8 -1 -1 
203 130 21 24 0.2065238058567047 10 -1 -1 
203 129 21 26 0.20523381233215332 6 -1 -1 
183 148 24 29 0.20472753047943115 8 -1 -1 
247 81 12 18 0.19385375082492828 10 -1 -1 
227 84 24 27 0.1757994145154953 8 -1 -1 
836 463 10 16 0.17451687157154083 2 -1 -1 
86 274 48 37 0.1726718544960022 4 -1 -1 
182 149 22 27 0.17222687602043152 2 -1 -1 
182 152 14 22 0.1718822568655014 2 -1 -1 
183 150 17 20 0.16514652967453003 7 -1 -1 
183 148 24 29 0.16406786441802979 9 -1 -1 
177 126 11 16 0.162789985537529 1 -1 -1 
203 129 21 26 0.16036491096019745 4 -1 -1 
603 220 49 40 0.1537933647632599 4 -1 -1 
226 93 20 24 0.15197935700416565 7 -1 -1 
247 81 12 18 0.15164406597614288 2 -1 -1 
207 81 10 26 0.14962035417556763 1 -1 -1 
479 7 12 13 0.14563816785812378 5 -1 -1 
653 340 7 14 0.1442287117242813 1 -1 -1 
619 226 28 29 0.1432209312915802 4 -1 -1 
229 91 20 18 0.1384221762418747 7 -1 -1 
833 463 14 22 0.13816983997821808 2 -1 -1 
247 81 12 18 0.1376911699771881 1 -1 -1 
246 75 14 23 0.1354745775461197 2 -1 -1 
479 6 4 8 0.13536879420280457 1 -1 -1 
227 91 22 31 0.13304397463798523 10 -1 -1 
246 75 14 23 0.13095085322856903 10 -1 -1 
850 0 6 5 0.12868203222751617 1 -1 -1 
236 93 14 16 0.1267303228378296 7 -1 -1 
437 77 9 11 0.1266336888074875 8 -1 -1 
194 143 13 18 0.12655118107795715 3 -1 -1 
226 99 19 23 0.12637260556221008 2 -1 -1 
196 143 12 17 0.1248849481344223 1 -1 -1 
618 212 37 45 0.1239425465464592 4 -1 -1 
592 212 54 45 0.12261336296796799 4 -1 -1 
177 127 11 15 0.12184605747461319 2 -1 -1 
243 85 11 18 0.1216203048825264 7 -1 -1 
247 72 18 23 0.12145324051380157 7 -1 -1 
203 129 21 26 0.12058039009571075 2 -1 -1 
92 195 54 26 0.12021736055612564 4 -1 -1 
227 98 19 24 0.11523309350013733 6 -1 -1 
203 129 21 26 0.11507433652877808 9 -1 -1 
247 72 15 20 0.11493955552577972 2 -1 -1 
849 0 5 5 0.11407645791769028 1 -1 -1 
580 215 95 51 0.11194325983524323 4 -1 -1 
836 463 10 18 0.11135467886924744 1 -1 -1 
834 462 10 15 0.1083640456199646 2 -1 -1 
437 77 9 11 0.10815645754337311 7 -1 -1 
247 74 14 24 0.10711967945098877 6 -1 -1 
620 219 57 39 0.10500116646289825 4 -1 -1 
834 463 13 23 0.10497041046619415 1 -1 -1 
244 81 12 19 0.10495232045650482 10 -1 -1 
243 85 11 18 0.10477569699287415 8 -1 -1 
196 498 61 40 0.10319323092699051 5 -1 -1 
247 72 18 23 0.10314173251390457 8 -1 -1 
434 89 10 13 0.100614994764328 6 -1 -1 
246 86 11 15 0.10056469589471817 10 -1 -1 
465 247 33 47 0.09894397854804993 9 -1 -1 
225 78 31 43 0.09817859530448914 8 -1 -1 
94 395 34 30 0.09751498699188232 4 -1 -1 
833 463 8 18 0.09741175919771194 2 -1 -1 
227 84 24 27 0.09715050458908081 7 -1 -1 
465 247 33 48 0.09705903381109238 1 -1 -1 
184 152 11 15 0.09651245176792145 2 -1 -1 
197 498 60 40 0.09538903832435608 10 -1 -1 
243 85 11 18 0.09494321048259735 10 -1 -1 
248 79 17 20 0.0947369635105133 8 -1 -1 
226 105 17 18 0.09421004354953766 9 -1 -1 
204 127 18 21 0.09300829470157623 7 -1 -1 
206 128 17 19 0.09179072827100754 2 -1 -1 
674 521 7 10 0.09133713692426682 1 -1 -1 
465 247 33 48 0.09132654964923859 5 -1 -1 
86 273 48 38 0.09108871966600418 10 -1 -1 
437 77 9 11 0.09084083884954453 4 -1 -1 
239 92 11 15 0.09073147922754288 10 -1 -1 
227 98 19 24 0.08860645443201065 3 -1 -1 
242 92 9 15 0.08747926354408264 8 -1 -1 
182 154 19 23 0.08723609149456024 7 -1 -1 
244 81 12 19 0.08683186769485474 8 -1 -1 
226 89 24 33 0.08667754381895065 2 -1 -1 
225 84 28 39 0.08641185611486435 6 -1 -1 
665 513 7 12 0.08615635335445404 1 -1 -1 
465 74 20 21 0.08582903444766998 1 -1 -1 
196 142 13 17 0.0855618342757225 2 -1 -1 
680 517 5 7 0.08546824008226395 1 -1 -1 
465 247 33 48 0.08541383594274521 10 -1 -1 
196 498 61 41 0.08529658615589142 1 -1 -1 
608 202 41 55 0.08510119467973709 4 -1 -1 
198 137 19 20 0.08507632464170456 1 -1 -1 
239 92 11 15 0.08482854813337326 3 -1 -1 
243 93 9 14 0.08442052453756332 1 -1 -1 
227 99 19 23 0.0840805247426033 4 -1 -1 
242 90 10 16 0.08393407613039017 10 -1 -1 
833 463 8 18 0.08384831994771957 1 -1 -1 
833 461 18 19 0.08373511582612991 2 -1 -1 
187 144 19 21 0.08344633132219315 3 -1 -1 
620 202 47 54 0.08125703036785126 4 -1 -1 
225 100 16 22 0.08101455867290497 1 -1 -1 
246 75 14 23 0.08091152459383011 1 -1 -1 
229 91 20 18 0.080253466963768 3 -1 -1 
197 148 11 17 0.08011507987976074 9 -1 -1 
247 80 12 19 0.07967740297317505 3 -1 -1 
182 160 14 18 0.07965786010026932 9 -1 -1 
196 125 30 34 0.07961980253458023 6 -1 -1 
229 91 20 18 0.07955415546894073 10 -1 -1 
237 86 14 19 0.0793970376253128 8 -1 -1 
244 81 12 19 0.07909389585256577 2 -1 -1 
436 77 10 11 0.07906077057123184 6 -1 -1 
246 86 11 15 0.07883686572313309 2 -1 -1 
246 86 11 15 0.07788890600204468 1 -1 -1 
88 281 28 29 0.07784456759691238 4 -1 -1 
569 221 79 39 0.07761122286319733 4 -1 -1 
479 6 12 14 0.07759558409452438 1 -1 -1 
194 144 14 18 0.07741886377334595 2 -1 -1 
178 129 14 15 0.07718772441148758 1 -1 -1 
226 86 24 36 0.07715623080730438 5 -1 -1 
208 88 11 22 0.07704166322946548 1 -1 -1 
173 123 15 18 0.07620109617710114 1 -1 -1 
243 93 8 14 0.07596848160028458 2 -1 -1 
244 81 12 19 0.07573778927326202 1 -1 -1 
182 152 14 22 0.07361997663974762 1 -1 -1 
225 78 31 43 0.07326219230890274 7 -1 -1 
241 86 11 19 0.07318701595067978 3 -1 -1 
836 462 21 21 0.0729072317481041 2 -1 -1 
227 87 23 35 0.07214869558811188 3 -1 -1 
837 465 20 21 0.07127124816179276 10 -1 -1 
227 96 19 25 0.07113867998123169 5 -1 -1 
595 204 92 58 0.0710313692688942 4 -1 -1 
210 130 18 24 0.07096650451421738 9 -1 -1 
237 86 14 19 0.07090366631746292 7 -1 -1 
479 6 12 14 0.07066302001476288 6 -1 -1 
479 6 5 11 0.07004450261592865 1 -1 -1 
227 92 22 24 0.0692056342959404 6 -1 -1 
501 67 4 6 0.06914760172367096 2 -1 -1 
834 462 10 15 0.06853204220533371 1 -1 -1 
185 146 18 20 0.06842607259750366 7 -1 -1 
244 88 10 15 0.06744986772537231 2 -1 -1 
479 6 4 7 0.06744589656591415 2 -1 -1 
227 88 23 34 0.06717116385698318 4 -1 -1 
843 464 17 21 0.0660138726234436 6 -1 -1 
197 138 17 21 0.06566695123910904 2 -1 -1 
480 5 10 10 0.06559378653764725 4 -1 -1 
248 79 17 20 0.06463931500911713 10 -1 -1 
237 86 14 19 0.06462261080741882 10 -1 -1 
653 340 8 13 0.0644121989607811 2 -1 -1 
202 138 20 20 0.06425736099481583 9 -1 -1 
189 145 19 23 0.06407306343317032 2 -1 -1 
831 462 8 17 0.06401791423559189 2 -1 -1 
837 464 11 19 0.06389421224594116 10 -1 -1 
176 118 13 22 0.06377822905778885 1 -1 -1 
235 101 15 22 0.06350714713335037 9 -1 -1 
224 89 25 19 0.06341883540153503 9 -1 -1 
199 141 17 18 0.06339289247989655 9 -1 -1 
184 149 15 16 0.06311730295419693 9 -1 -1 
479 6 6 8 0.06274351477622986 1 -1 -1 
189 144 18 20 0.0627332255244255 9 -1 -1 
199 146 11 17 0.06245215982198715 9 -1 -1 
842 465 17 22 0.062377531081438065 7 -1 -1 
665 512 7 12 0.0623190738260746 2 -1 -1 
788 523 7 10 0.06219379976391792 2 -1 -1 
195 131 26 24 0.062005046755075455 7 -1 -1 
788 523 7 10 0.06189916282892227 1 -1 -1 
718 15 7 9 0.06139422953128815 1 -1 -1 
465 74 20 21 0.0609416626393795 5 -1 -1 
831 462 8 17 0.06089915335178375 1 -1 -1 
195 140 13 17 0.06077990308403969 3 -1 -1 
247 72 15 20 0.060743384063243866 1 -1 -1 
243 73 15 24 0.06073424592614174 7 -1 -1 
257 83 10 16 0.059880442917346954 1 -1 -1 
244 88 10 15 0.0596465989947319 1 -1 -1 
185 159 22 20 0.05957913026213646 9 -1 -1 
479 6 12 14 0.05944833531975746 9 -1 -1 
908 442 32 16 0.05914437025785446 4 -1 -1 
224 95 17 24 0.059036772698163986 2 -1 -1 
227 89 22 19 0.05902692303061485 6 -1 -1 
826 463 19 20 0.0588652566075325 2 -1 -1 
242 92 9 15 0.058455731719732285 7 -1 -1 
680 517 6 10 0.058275822550058365 1 -1 -1 
225 84 28 39 0.05821695178747177 9 -1 -1 
434 89 10 13 0.058121588081121445 4 -1 -1 
178 129 14 15 0.057800356298685074 2 -1 -1 
196 125 30 34 0.057725921273231506 7 -1 -1 
198 137 19 20 0.057723455131053925 7 -1 -1 
845 468 11 17 0.05694069713354111 10 -1 -1 
190 146 18 26 0.05672520026564598 7 -1 -1 
225 103 15 19 0.056450650095939636 2 -1 -1 
183 148 24 29 0.056431058794260025 5 -1 -1 
203 129 21 26 0.05607040971517563 1 -1 -1 
718 15 7 10 0.05605878680944443 3 -1 -1 
784 525 10 9 0.05583633482456207 3 -1 -1 
236 93 14 16 0.05583120882511139 9 -1 -1 
137 199 10 19 0.05580974370241165 1 -1 -1 
619 225 27 30 0.05576518550515175 5 -1 -1 
567 226 100 50 0.055654264986515045 4 -1 -1 
501 68 4 5 0.05537261441349983 1 -1 -1 
196 150 12 22 0.05493662506341934 9 -1 -1 
240 72 20 23 0.054893385618925095 2 -1 -1 
241 82 14 19 0.05472457408905029 3 -1 -1 
838 462 11 15 0.05469142645597458 2 -1 -1 
487 20 14 12 0.0545988604426384 4 -1 -1 
885 388 44 43 0.054326415061950684 4 -1 -1 
227 84 24 27 0.05430738627910614 10 -1 -1 
92 196 54 25 0.05426989123225212 5 -1 -1 
184 147 19 19 0.05417551100254059 2 -1 -1 
465 247 33 48 0.05381179600954056 7 -1 -1 
684 519 6 15 0.05375688150525093 1 -1 -1 
674 520 8 11 0.05370549112558365 3 -1 -1 
850 0 6 5 0.05361951142549515 2 -1 -1 
247 72 18 23 0.053520895540714264 10 -1 -1 
613 228 49 38 0.053425054997205734 4 -1 -1 
244 88 10 15 0.05328864976763725 3 -1 -1 
787 524 8 10 0.052790455520153046 3 -1 -1 
591 229 62 36 0.05275344103574753 4 -1 -1 
682 517 7 8 0.05234135687351227 1 -1 -1 
784 525 10 9 0.052186936140060425 1 -1 -1 
826 463 19 20 0.051571257412433624 1 -1 -1 
683 518 6 11 0.051171690225601196 1 -1 -1 
571 202 85 59 0.05098666623234749 4 -1 -1 
664 512 8 12 0.05076966807246208 9 -1 -1 
479 6 9 8 0.05062120780348778 9 -1 -1 
196 497 61 41 0.05040380731225014 9 -1 -1 
465 74 20 21 0.05003765597939491 9 -1 -1 
