97 71 81 62 0.9911409616470337 6 -1 -1 
551 516 150 92 0.9556775689125061 4 -1 -1 
729 329 102 58 0.9506556391716003 4 -1 -1 
914 315 63 61 0.9455764889717102 4 -1 -1 
304 407 131 75 0.9400407671928406 4 -1 -1 
854 200 58 49 0.933072566986084 4 -1 -1 
1032 55 31 29 0.92057865858078 4 -1 -1 
1053 490 20 47 0.9187526702880859 1 -1 -1 
1323 412 27 45 0.9149400591850281 1 -1 -1 
969 113 42 34 0.911190927028656 4 -1 -1 
796 181 61 54 0.9076687097549438 4 -1 -1 
995 86 36 33 0.8899231553077698 4 -1 -1 
946 216 56 45 0.8875274658203125 4 -1 -1 
544 422 132 81 0.8853995203971863 4 -1 -1 
830 142 13 30 0.8676249980926514 1 -1 -1 
1012 13 32 25 0.8618669509887695 4 -1 -1 
140 111 55 35 0.8585905432701111 4 -1 -1 
1031 483 22 49 0.850109338760376 1 -1 -1 
940 140 42 35 0.8470962047576904 4 -1 -1 
264 185 87 44 0.8434200882911682 4 -1 -1 
853 152 51 40 0.8283026218414307 4 -1 -1 
656 335 23 35 0.8223172426223755 10 -1 -1 
1131 44 12 24 0.8085741996765137 1 -1 -1 
1023 472 26 45 0.8084526062011719 1 -1 -1 
922 514 51 40 0.7992735505104065 10 -1 -1 
1163 47 8 21 0.7539705038070679 1 -1 -1 
938 506 29 38 0.7513249516487122 2 -1 -1 
248 132 76 45 0.7146691083908081 4 -1 -1 
584 226 12 35 0.712306022644043 1 -1 -1 
1130 22 25 21 0.6960239410400391 4 -1 -1 
1169 29 26 17 0.6912521719932556 7 -1 -1 
1157 51 7 17 0.6872771978378296 1 -1 -1 
902 160 48 49 0.6693457365036011 4 -1 -1 
373 72 47 35 0.6320411562919617 4 -1 -1 
659 325 20 40 0.6159237623214722 2 -1 -1 
1139 0 8 12 0.5779224038124084 2 -1 -1 
1128 212 77 50 0.5482281446456909 4 -1 -1 
1139 3 8 13 0.52959144115448 10 -1 -1 
1156 5 41 24 0.5055486559867859 8 -1 -1 
1159 49 7 19 0.46838903427124023 1 -1 -1 
1170 27 17 18 0.44361037015914917 7 -1 -1 
1174 26 8 14 0.3449002206325531 2 -1 -1 
1153 50 8 19 0.3432738184928894 1 -1 -1 
291 21 51 25 0.3386179804801941 4 -1 -1 
926 508 44 42 0.3021111488342285 2 -1 -1 
1155 4 45 26 0.29328981041908264 5 -1 -1 
664 333 15 35 0.28435763716697693 2 -1 -1 
989 25 13 19 0.2836446762084961 10 -1 -1 
936 33 37 19 0.28298890590667725 4 -1 -1 
1174 26 8 14 0.2813122868537903 1 -1 -1 
1083 63 10 14 0.280272901058197 3 -1 -1 
934 508 36 40 0.27593541145324707 10 -1 -1 
1168 30 29 16 0.26844245195388794 8 -1 -1 
1171 27 14 17 0.2670276463031769 2 -1 -1 
1187 0 18 11 0.26066502928733826 4 -1 -1 
1181 22 7 16 0.2562888562679291 1 -1 -1 
659 325 20 40 0.25153377652168274 1 -1 -1 
961 21 19 13 0.2509479224681854 10 -1 -1 
1181 22 7 16 0.24855856597423553 2 -1 -1 
1175 25 14 16 0.2464480847120285 1 -1 -1 
1175 25 14 16 0.24265357851982117 7 -1 -1 
97 71 81 62 0.2393544614315033 4 -1 -1 
1176 23 8 14 0.23780016601085663 2 -1 -1 
95 62 125 73 0.2347581684589386 6 -1 -1 
902 161 48 48 0.23431143164634705 5 -1 -1 
937 505 30 39 0.23381899297237396 1 -1 -1 
1155 4 45 26 0.22815942764282227 4 -1 -1 
97 71 81 62 0.22766795754432678 5 -1 -1 
1126 212 79 50 0.22625835239887238 5 -1 -1 
1139 4 8 12 0.2214871495962143 3 -1 -1 
276 21 68 32 0.21957167983055115 4 -1 -1 
544 423 132 79 0.2109367698431015 5 -1 -1 
1170 27 17 18 0.20649755001068115 1 -1 -1 
1175 25 14 16 0.2000129520893097 2 -1 -1 
373 72 48 35 0.19118595123291016 5 -1 -1 
1012 13 31 25 0.1900874674320221 5 -1 -1 
97 71 81 62 0.18946386873722076 10 -1 -1 
1177 23 9 15 0.18826907873153687 1 -1 -1 
720 201 27 13 0.1833212524652481 3 -1 -1 
1139 0 8 12 0.18256975710391998 1 -1 -1 
956 20 24 15 0.17446890473365784 4 -1 -1 
1035 473 18 41 0.17260749638080597 1 -1 -1 
660 325 20 40 0.16815342009067535 10 -1 -1 
1139 0 8 12 0.1681087762117386 10 -1 -1 
1169 30 31 16 0.16787591576576233 6 -1 -1 
1175 25 6 11 0.1678745299577713 2 -1 -1 
97 71 81 62 0.16712118685245514 2 -1 -1 
1024 481 24 50 0.16681577265262604 1 -1 -1 
1176 24 6 12 0.16653825342655182 1 -1 -1 
961 21 19 14 0.16602176427841187 3 -1 -1 
658 332 16 32 0.16591976583003998 2 -1 -1 
933 21 40 28 0.16584636270999908 4 -1 -1 
1162 17 39 27 0.16445040702819824 7 -1 -1 
1155 49 9 15 0.161137193441391 1 -1 -1 
665 333 15 35 0.16103003919124603 1 -1 -1 
551 516 150 92 0.16010677814483643 9 -1 -1 
796 181 61 54 0.15944427251815796 5 -1 -1 
988 16 17 28 0.15927228331565857 4 -1 -1 
947 505 22 34 0.15730616450309753 2 -1 -1 
1053 490 20 48 0.15729670226573944 4 -1 -1 
1187 0 18 11 0.15380196273326874 5 -1 -1 
989 29 11 15 0.1535429209470749 2 -1 -1 
1170 28 10 15 0.152443990111351 1 -1 -1 
303 21 42 21 0.15048083662986755 4 -1 -1 
1012 21 11 16 0.14997762441635132 4 -1 -1 
987 12 17 24 0.1479591578245163 4 -1 -1 
1092 210 116 67 0.14730136096477509 4 -1 -1 
922 514 51 40 0.14715252816677094 4 -1 -1 
1169 26 39 20 0.1465771347284317 7 -1 -1 
551 515 150 93 0.14551019668579102 1 -1 -1 
989 24 15 20 0.14542175829410553 2 -1 -1 
1162 47 9 21 0.14539651572704315 2 -1 -1 
268 186 85 43 0.14412184059619904 5 -1 -1 
1323 412 28 45 0.14177030324935913 4 -1 -1 
989 29 12 15 0.14034073054790497 1 -1 -1 
1140 0 8 8 0.14020200073719025 2 -1 -1 
1170 27 17 17 0.13986541330814362 8 -1 -1 
1183 24 7 15 0.13957418501377106 1 -1 -1 
415 254 12 29 0.13918885588645935 1 -1 -1 
871 85 10 30 0.13907653093338013 1 -1 -1 
1085 61 7 12 0.1375691443681717 2 -1 -1 
729 329 103 58 0.1366204023361206 9 -1 -1 
998 23 8 22 0.13661536574363708 1 -1 -1 
933 17 42 19 0.13554561138153076 4 -1 -1 
729 329 102 58 0.13502947986125946 1 -1 -1 
1161 52 8 18 0.13446848094463348 3 -1 -1 
1156 51 8 17 0.13405977189540863 2 -1 -1 
1158 9 39 31 0.13377535343170166 7 -1 -1 
995 86 36 33 0.13372862339019775 5 -1 -1 
97 71 81 62 0.13269111514091492 1 -1 -1 
1160 46 10 15 0.13263194262981415 1 -1 -1 
1169 30 31 16 0.13250213861465454 4 -1 -1 
830 142 13 30 0.13238303363323212 4 -1 -1 
992 22 14 23 0.13199308514595032 1 -1 -1 
390 0 22 18 0.13181740045547485 4 -1 -1 
656 335 23 35 0.13004088401794434 4 -1 -1 
946 221 17 35 0.1293635070323944 4 -1 -1 
1139 3 8 13 0.12839433550834656 1 -1 -1 
1080 64 12 18 0.12775111198425293 3 -1 -1 
295 19 43 19 0.1271970123052597 4 -1 -1 
853 152 51 40 0.12677259743213654 5 -1 -1 
940 140 42 34 0.12509451806545258 5 -1 -1 
389 0 18 13 0.12386289983987808 4 -1 -1 
1145 215 61 38 0.12309872359037399 4 -1 -1 
1031 483 22 49 0.12300723046064377 4 -1 -1 
1045 489 23 48 0.12215197086334229 1 -1 -1 
1157 51 8 18 0.12200142443180084 3 -1 -1 
1039 486 23 50 0.12157352268695831 1 -1 -1 
248 132 73 45 0.12078196555376053 5 -1 -1 
1158 9 39 31 0.12060035020112991 8 -1 -1 
1164 47 7 10 0.12028344720602036 2 -1 -1 
960 14 20 17 0.11881334334611893 4 -1 -1 
1168 28 45 19 0.11752326041460037 6 -1 -1 
948 9 30 22 0.11672540754079819 4 -1 -1 
914 315 63 62 0.11548621207475662 1 -1 -1 
1175 25 14 16 0.11537246406078339 8 -1 -1 
1175 25 8 14 0.11423194408416748 8 -1 -1 
661 324 16 25 0.1141277626156807 2 -1 -1 
1154 52 9 20 0.11381975561380386 1 -1 -1 
551 516 151 92 0.11355520039796829 7 -1 -1 
97 71 81 62 0.11355490982532501 7 -1 -1 
993 26 12 19 0.11338349431753159 10 -1 -1 
304 407 129 74 0.11273141950368881 10 -1 -1 
970 113 41 34 0.11231983453035355 5 -1 -1 
1049 232 51 122 0.11205488443374634 1 -1 -1 
970 113 41 34 0.1116403341293335 1 -1 -1 
543 424 131 77 0.11108995974063873 9 -1 -1 
1159 54 8 17 0.11032923310995102 3 -1 -1 
1031 470 20 41 0.10964000970125198 2 -1 -1 
408 241 19 43 0.10909093916416168 1 -1 -1 
1164 46 7 13 0.10881181806325912 1 -1 -1 
1184 22 8 16 0.10870381444692612 1 -1 -1 
914 315 63 61 0.10857361555099487 9 -1 -1 
1046 233 58 124 0.1080717146396637 9 -1 -1 
389 1 7 12 0.1079498752951622 4 -1 -1 
1162 17 39 27 0.10719335079193115 8 -1 -1 
941 35 33 25 0.10685555636882782 4 -1 -1 
854 200 57 49 0.10520458221435547 1 -1 -1 
1129 41 17 29 0.1035521924495697 1 -1 -1 
304 407 131 74 0.10328184813261032 1 -1 -1 
551 516 150 92 0.10101423412561417 10 -1 -1 
1156 5 40 24 0.10021886229515076 7 -1 -1 
550 515 152 93 0.09890183061361313 6 -1 -1 
97 71 81 62 0.09845835715532303 8 -1 -1 
549 515 153 93 0.0977889895439148 5 -1 -1 
304 406 131 75 0.09745959937572479 9 -1 -1 
957 10 29 24 0.0973067432641983 4 -1 -1 
304 406 131 75 0.09607952833175659 5 -1 -1 
950 16 32 19 0.09601952880620956 10 -1 -1 
656 335 23 35 0.09600702673196793 3 -1 -1 
268 186 85 43 0.09597483277320862 1 -1 -1 
796 181 61 54 0.09559115767478943 6 -1 -1 
940 34 34 21 0.09451621770858765 10 -1 -1 
1032 55 31 29 0.093003049492836 1 -1 -1 
608 131 71 53 0.09246961772441864 5 -1 -1 
544 422 132 80 0.09200271964073181 10 -1 -1 
914 315 63 62 0.09102761745452881 5 -1 -1 
1129 22 26 21 0.09100685268640518 5 -1 -1 
729 329 102 58 0.08992506563663483 10 -1 -1 
1126 212 79 50 0.08958885073661804 6 -1 -1 
854 200 58 49 0.08954893052577972 9 -1 -1 
304 407 131 74 0.08868826925754547 7 -1 -1 
834 76 31 31 0.08845978230237961 4 -1 -1 
1025 471 29 63 0.08804023265838623 1 -1 -1 
958 17 36 19 0.0877705067396164 10 -1 -1 
1127 212 78 50 0.08726093918085098 8 -1 -1 
333 120 69 41 0.08683428913354874 4 -1 -1 
932 36 42 31 0.08618846535682678 4 -1 -1 
1094 210 115 67 0.08606432378292084 5 -1 -1 
544 423 132 78 0.08501595258712769 1 -1 -1 
1032 55 32 28 0.08473619073629379 5 -1 -1 
922 513 52 42 0.08389060199260712 3 -1 -1 
97 71 81 62 0.08385084569454193 3 -1 -1 
854 200 58 49 0.08365457504987717 5 -1 -1 
914 316 63 61 0.08045858889818192 10 -1 -1 
945 35 30 29 0.08032047748565674 10 -1 -1 
946 216 56 45 0.07974466681480408 1 -1 -1 
986 17 20 29 0.07898692786693573 10 -1 -1 
796 181 61 54 0.07881711423397064 9 -1 -1 
1161 1 44 22 0.07858754694461823 4 -1 -1 
276 21 68 32 0.0767926424741745 5 -1 -1 
608 131 71 53 0.07668153941631317 4 -1 -1 
248 132 76 45 0.07623433321714401 1 -1 -1 
729 329 102 58 0.0760662779211998 7 -1 -1 
961 14 36 20 0.0760178193449974 4 -1 -1 
1127 212 78 50 0.07486241310834885 1 -1 -1 
902 159 49 50 0.0746360719203949 6 -1 -1 
1105 205 92 47 0.07431724667549133 4 -1 -1 
375 68 74 39 0.07413693517446518 5 -1 -1 
1012 13 32 25 0.07413219660520554 1 -1 -1 
972 8 32 25 0.07253710180521011 4 -1 -1 
796 181 61 54 0.07241394370794296 1 -1 -1 
914 316 63 61 0.07207437604665756 7 -1 -1 
957 2 23 28 0.07019326835870743 4 -1 -1 
729 329 103 58 0.06988781690597534 5 -1 -1 
925 27 47 26 0.06969903409481049 4 -1 -1 
1169 26 39 20 0.06948450207710266 8 -1 -1 
1156 5 41 25 0.06932685524225235 6 -1 -1 
1049 233 54 122 0.059876762330532074 6 -1 -1 
1083 210 124 69 0.059242747724056244 6 -1 -1 
1092 210 116 66 0.05724669247865677 9 -1 -1 
95 63 120 73 0.05302990972995758 5 -1 -1 
