889 91 44 23 0.9717167019844055 5 -1 -1 
798 120 55 25 0.9542580842971802 5 -1 -1 
965 605 114 54 0.942054033279419 4 -1 -1 
808 149 53 22 0.9337740540504456 4 -1 -1 
902 397 97 46 0.9334813356399536 5 -1 -1 
876 661 60 90 0.9291964173316956 4 -1 -1 
613 454 43 73 0.9275481104850769 4 -1 -1 
834 203 62 26 0.9267227053642273 4 -1 -1 
914 441 97 41 0.9255053400993347 4 -1 -1 
815 549 56 78 0.9169616103172302 4 -1 -1 
701 317 31 39 0.9149839878082275 4 -1 -1 
982 559 91 45 0.9148771166801453 4 -1 -1 
722 389 38 52 0.9079504013061523 4 -1 -1 
932 479 85 45 0.9054524898529053 4 -1 -1 
890 359 83 35 0.9047695398330688 4 -1 -1 
882 336 69 30 0.903542697429657 4 -1 -1 
691 509 42 72 0.8971287608146667 4 -1 -1 
758 298 36 44 0.8956579566001892 4 -1 -1 
1024 339 83 39 0.8920490741729736 4 -1 -1 
753 196 28 32 0.8827738761901855 4 -1 -1 
639 182 26 33 0.8791729807853699 4 -1 -1 
921 148 54 24 0.8752585053443909 4 -1 -1 
786 83 44 18 0.867652177810669 4 -1 -1 
765 56 38 20 0.8634737730026245 5 -1 -1 
869 301 77 36 0.8630566596984863 4 -1 -1 
803 136 49 21 0.863007128238678 4 -1 -1 
857 258 63 32 0.8608523011207581 4 -1 -1 
814 104 42 23 0.852118730545044 5 -1 -1 
833 189 54 23 0.8410941362380981 4 -1 -1 
785 22 27 22 0.8406171798706055 5 -1 -1 
780 74 42 16 0.8223329186439514 4 -1 -1 
401 372 47 50 0.8187580704689026 4 -1 -1 
633 71 21 24 0.8111189007759094 4 -1 -1 
735 72 20 20 0.8108874559402466 4 -1 -1 
941 219 11 23 0.8051870465278625 1 -1 -1 
755 105 21 24 0.7975565195083618 4 -1 -1 
842 15 31 14 0.793448269367218 4 -1 -1 
937 212 9 24 0.7903215289115906 1 -1 -1 
649 105 22 26 0.7896608114242554 4 -1 -1 
799 96 49 21 0.7751802206039429 4 -1 -1 
721 159 9 16 0.7584463953971863 2 -1 -1 
924 190 9 21 0.7576841115951538 1 -1 -1 
1116 434 29 15 0.7575258612632751 3 -1 -1 
1097 414 39 24 0.7500391006469727 10 -1 -1 
655 127 27 35 0.7410658001899719 4 -1 -1 
1079 435 15 34 0.7399237751960754 1 -1 -1 
721 164 9 17 0.7381515502929688 10 -1 -1 
698 687 58 77 0.7077581882476807 4 -1 -1 
548 391 15 24 0.6963782906532288 2 -1 -1 
1045 295 26 17 0.6778965592384338 10 -1 -1 
760 143 24 25 0.6744297742843628 4 -1 -1 
764 6 35 15 0.6722133159637451 4 -1 -1 
613 142 7 15 0.6697093844413757 2 -1 -1 
1079 413 30 26 0.6645108461380005 10 -1 -1 
754 142 9 21 0.6623755097389221 1 -1 -1 
1036 285 26 17 0.6595896482467651 10 -1 -1 
549 397 15 29 0.6468729376792908 10 -1 -1 
835 400 12 26 0.645248532295227 1 -1 -1 
1144 397 13 18 0.644538402557373 2 -1 -1 
870 38 41 19 0.6421217322349548 4 -1 -1 
612 147 9 17 0.6407378911972046 10 -1 -1 
818 726 19 25 0.6184295415878296 2 -1 -1 
817 722 20 41 0.6143165230751038 10 -1 -1 
667 0 18 13 0.6019018292427063 4 -1 -1 
753 14 32 17 0.5721191763877869 5 -1 -1 
805 139 52 25 0.5287214517593384 4 -1 -1 
633 4 7 13 0.51822429895401 2 -1 -1 
845 40 6 15 0.5173903107643127 1 -1 -1 
885 345 83 41 0.5103203654289246 4 -1 -1 
845 45 6 11 0.4921044409275055 3 -1 -1 
802 100 51 23 0.48614415526390076 4 -1 -1 
845 41 6 13 0.4742308557033539 2 -1 -1 
870 37 41 20 0.42846715450286865 5 -1 -1 
632 8 8 11 0.4252241551876068 3 -1 -1 
1144 23 36 17 0.4097093939781189 4 -1 -1 
1161 44 71 28 0.39975714683532715 6 -1 -1 
271 149 148 40 0.38988831639289856 6 -1 -1 
1329 634 29 36 0.3847046196460724 8 -1 -1 
633 7 7 12 0.3586864769458771 10 -1 -1 
835 25 6 14 0.35810351371765137 2 -1 -1 
835 30 6 11 0.3564104735851288 10 -1 -1 
1145 23 35 18 0.3518344759941101 5 -1 -1 
0 94 46 38 0.33706754446029663 7 -1 -1 
278 545 11 21 0.32999253273010254 1 -1 -1 
814 105 43 23 0.32430192828178406 4 -1 -1 
721 159 9 17 0.3147571384906769 10 -1 -1 
473 50 41 42 0.3138124644756317 6 -1 -1 
902 397 97 46 0.3102973401546478 4 -1 -1 
845 45 6 11 0.3031579256057739 10 -1 -1 
538 50 74 41 0.2993127107620239 4 -1 -1 
633 4 7 14 0.29722437262535095 1 -1 -1 
801 98 52 23 0.29657411575317383 5 -1 -1 
835 25 6 14 0.28284722566604614 1 -1 -1 
802 111 53 23 0.2813442349433899 5 -1 -1 
1145 398 12 17 0.28124508261680603 1 -1 -1 
613 143 7 17 0.27730995416641235 10 -1 -1 
800 120 52 25 0.2758641541004181 4 -1 -1 
1149 47 80 37 0.26880282163619995 6 -1 -1 
937 217 11 23 0.2639787495136261 1 -1 -1 
753 14 32 17 0.2604857087135315 4 -1 -1 
1116 428 22 20 0.2603999972343445 3 -1 -1 
612 147 8 17 0.2572863698005676 3 -1 -1 
816 723 22 40 0.25680553913116455 3 -1 -1 
377 129 31 16 0.25644993782043457 4 -1 -1 
785 22 27 21 0.25585469603538513 4 -1 -1 
549 392 14 26 0.2549518048763275 10 -1 -1 
538 50 74 41 0.25227487087249756 5 -1 -1 
475 49 129 46 0.24835698306560516 6 -1 -1 
596 11 7 16 0.24433398246765137 1 -1 -1 
755 11 38 17 0.2434704601764679 4 -1 -1 
890 91 43 23 0.24258556962013245 4 -1 -1 
655 128 28 33 0.24227356910705566 5 -1 -1 
582 14 6 14 0.24197831749916077 1 -1 -1 
1170 39 60 23 0.23991277813911438 6 -1 -1 
831 398 13 26 0.23950086534023285 1 -1 -1 
1300 598 20 16 0.2389647215604782 1 -1 -1 
429 140 36 24 0.23743395507335663 4 -1 -1 
1300 599 10 17 0.2351028323173523 1 -1 -1 
548 391 15 24 0.23483598232269287 1 -1 -1 
347 493 25 44 0.23185496032238007 10 -1 -1 
1036 285 26 17 0.22919881343841553 3 -1 -1 
1050 292 24 18 0.22871962189674377 10 -1 -1 
756 142 10 21 0.2269352525472641 1 -1 -1 
478 47 37 44 0.2257232367992401 8 -1 -1 
1164 59 65 27 0.22200612723827362 6 -1 -1 
1300 599 10 17 0.221563458442688 2 -1 -1 
746 12 39 20 0.2213657647371292 6 -1 -1 
224 513 111 37 0.21987870335578918 6 -1 -1 
698 687 58 77 0.21854430437088013 5 -1 -1 
1298 598 18 17 0.21831241250038147 2 -1 -1 
1145 359 13 21 0.21796736121177673 2 -1 -1 
474 47 33 33 0.2164401262998581 8 -1 -1 
1099 414 37 23 0.2144162356853485 4 -1 -1 
0 94 46 38 0.21289244294166565 8 -1 -1 
613 142 7 15 0.21119560301303864 1 -1 -1 
721 159 9 16 0.21065150201320648 1 -1 -1 
580 13 8 15 0.21015572547912598 1 -1 -1 
1043 290 23 18 0.20965245366096497 10 -1 -1 
839 400 9 26 0.2079830765724182 1 -1 -1 
1082 435 12 19 0.20270060002803802 1 -1 -1 
765 56 37 20 0.1994536817073822 4 -1 -1 
481 50 126 47 0.19058184325695038 9 -1 -1 
235 126 196 64 0.18487779796123505 6 -1 -1 
1083 413 43 25 0.18120090663433075 10 -1 -1 
755 53 43 18 0.16816088557243347 5 -1 -1 
345 278 54 64 0.16471144556999207 5 -1 -1 
237 503 117 43 0.16133101284503937 6 -1 -1 
473 49 63 47 0.1544734239578247 6 -1 -1 
813 104 43 24 0.1542801707983017 6 -1 -1 
1037 284 32 22 0.148823544383049 10 -1 -1 
755 11 38 17 0.14592687785625458 5 -1 -1 
889 91 44 23 0.14529266953468323 6 -1 -1 
496 51 112 46 0.14448092877864838 5 -1 -1 
1112 415 27 28 0.14321264624595642 10 -1 -1 
1024 339 82 39 0.14030998945236206 5 -1 -1 
698 687 58 77 0.1378505825996399 10 -1 -1 
1110 417 29 27 0.13289189338684082 3 -1 -1 
534 50 77 43 0.13190028071403503 6 -1 -1 
344 278 53 64 0.13092146813869476 6 -1 -1 
816 722 21 41 0.12961474061012268 1 -1 -1 
755 52 39 17 0.12783686816692352 4 -1 -1 
869 301 77 36 0.12359406799077988 5 -1 -1 
765 56 38 20 0.12332344800233841 6 -1 -1 
1079 413 30 26 0.12236516922712326 4 -1 -1 
799 96 49 21 0.12182057648897171 6 -1 -1 
271 149 148 40 0.11863069236278534 7 -1 -1 
640 182 26 33 0.11853916198015213 5 -1 -1 
932 479 84 45 0.11223124712705612 5 -1 -1 
808 149 53 22 0.11030671745538712 1 -1 -1 
1106 423 31 24 0.11009834706783295 3 -1 -1 
786 83 44 18 0.10818927735090256 5 -1 -1 
-2 92 60 45 0.10767653584480286 6 -1 -1 
1115 428 31 21 0.10765765607357025 10 -1 -1 
803 136 49 21 0.10759929567575455 5 -1 -1 
477 44 59 50 0.10730718821287155 9 -1 -1 
808 149 54 22 0.10721828043460846 5 -1 -1 
1146 23 35 18 0.10683450847864151 6 -1 -1 
326 144 118 39 0.10660916566848755 6 -1 -1 
889 91 44 23 0.10541564971208572 8 -1 -1 
803 136 49 21 0.10532191395759583 1 -1 -1 
876 661 61 91 0.10465378314256668 5 -1 -1 
798 120 55 25 0.10458815097808838 6 -1 -1 
482 47 128 46 0.10448414087295532 4 -1 -1 
802 100 51 23 0.10404293239116669 6 -1 -1 
475 44 56 53 0.10327895730733871 4 -1 -1 
915 441 96 41 0.10320798307657242 1 -1 -1 
741 8 40 21 0.10205425322055817 5 -1 -1 
782 75 42 16 0.10193934291601181 5 -1 -1 
1116 429 31 20 0.10174544155597687 9 -1 -1 
982 559 92 46 0.10087758302688599 5 -1 -1 
1080 413 29 26 0.10028555244207382 3 -1 -1 
761 6 38 15 0.10008083283901215 5 -1 -1 
475 53 85 48 0.09775073826313019 6 -1 -1 
240 142 185 51 0.0780414268374443 9 -1 -1 
284 144 164 58 0.0721784308552742 6 -1 -1 
