431 131 41 59 0.9964438080787659 6 -1 -1 
1081 313 116 53 0.9418926239013672 4 -1 -1 
100 621 150 98 0.9148328304290771 4 -1 -1 
24 228 99 47 0.8995140194892883 5 -1 -1 
1269 273 61 33 0.8985044956207275 7 -1 -1 
1030 242 34 23 0.8859868049621582 3 -1 -1 
1315 305 17 35 0.8542096018791199 1 -1 -1 
1110 194 81 30 0.8497044444084167 4 -1 -1 
437 433 54 33 0.8459669947624207 10 -1 -1 
1213 203 12 30 0.826594889163971 1 -1 -1 
-3 440 126 76 0.7976738810539246 4 -1 -1 
1335 306 19 36 0.7950966358184814 1 -1 -1 
1222 206 10 27 0.7949784398078918 1 -1 -1 
970 199 13 30 0.7802090644836426 1 -1 -1 
331 336 17 45 0.7758193612098694 1 -1 -1 
888 150 35 26 0.7702306509017944 4 -1 -1 
621 125 32 31 0.7520791292190552 4 -1 -1 
329 412 55 32 0.7497379779815674 10 -1 -1 
561 46 20 17 0.7489541172981262 4 -1 -1 
559 100 24 24 0.740945041179657 4 -1 -1 
558 31 17 15 0.7399572134017944 4 -1 -1 
351 337 17 43 0.7292929887771606 1 -1 -1 
600 31 18 16 0.7275029420852661 4 -1 -1 
306 436 56 37 0.7186112403869629 10 -1 -1 
1318 212 27 20 0.7169931530952454 10 -1 -1 
614 48 20 18 0.716074526309967 4 -1 -1 
451 421 24 40 0.7040929198265076 2 -1 -1 
339 296 15 39 0.6910861134529114 1 -1 -1 
707 207 65 47 0.6890463829040527 4 -1 -1 
824 116 29 23 0.6854654550552368 4 -1 -1 
1042 233 17 28 0.6808679699897766 2 -1 -1 
422 214 11 36 0.6788490414619446 1 -1 -1 
542 25 14 14 0.6770073175430298 4 -1 -1 
1227 150 10 22 0.667622983455658 1 -1 -1 
917 88 28 21 0.6620386242866516 4 -1 -1 
0 697 158 67 0.6599946022033691 4 -1 -1 
1080 182 31 30 0.6521553993225098 7 -1 -1 
1073 215 9 29 0.6404235363006592 1 -1 -1 
450 84 22 22 0.6351245045661926 4 -1 -1 
899 74 49 18 0.6326952576637268 4 -1 -1 
1079 217 9 26 0.6275583505630493 1 -1 -1 
943 158 62 29 0.6273713111877441 4 -1 -1 
343 400 22 41 0.6253500580787659 2 -1 -1 
399 212 15 31 0.620588481426239 1 -1 -1 
1286 193 26 20 0.6197944283485413 10 -1 -1 
471 161 9 25 0.618102490901947 1 -1 -1 
1292 142 10 22 0.6139283776283264 1 -1 -1 
1222 288 19 29 0.6091535091400146 2 -1 -1 
413 217 10 35 0.6030017137527466 1 -1 -1 
1094 167 27 20 0.5952121019363403 10 -1 -1 
54 190 85 39 0.5886776447296143 4 -1 -1 
948 87 32 23 0.5867535471916199 4 -1 -1 
179 234 15 22 0.5809162259101868 2 -1 -1 
1058 224 26 19 0.5763378143310547 10 -1 -1 
586 178 10 28 0.5762922167778015 1 -1 -1 
1337 169 12 33 0.5728394985198975 1 -1 -1 
1148 129 9 22 0.5726689100265503 1 -1 -1 
1212 299 31 24 0.5724773406982422 10 -1 -1 
317 422 22 44 0.5678205490112305 2 -1 -1 
878 61 43 16 0.5630387663841248 4 -1 -1 
1240 189 14 20 0.5555887818336487 10 -1 -1 
1116 179 16 17 0.551368236541748 10 -1 -1 
1252 198 18 30 0.5492109060287476 1 -1 -1 
1212 191 24 19 0.5392547249794006 10 -1 -1 
530 209 9 26 0.538418173789978 1 -1 -1 
1297 253 16 33 0.5359376072883606 1 -1 -1 
861 138 29 24 0.5341173410415649 4 -1 -1 
1198 173 22 18 0.5247194766998291 10 -1 -1 
834 94 40 17 0.5245370268821716 4 -1 -1 
523 203 9 31 0.5210188627243042 1 -1 -1 
1141 170 11 20 0.5162205696105957 2 -1 -1 
458 11 14 13 0.512759804725647 4 -1 -1 
1333 197 26 19 0.5104514360427856 10 -1 -1 
0 638 97 105 0.5074849724769592 4 -1 -1 
332 406 16 37 0.505700409412384 2 -1 -1 
1069 214 12 27 0.505699872970581 2 -1 -1 
544 14 14 13 0.4880963861942291 4 -1 -1 
1246 153 11 20 0.4878003001213074 1 -1 -1 
894 140 11 15 0.4786003828048706 2 -1 -1 
449 58 19 25 0.4777195453643799 5 -1 -1 
1153 108 8 20 0.4775577187538147 1 -1 -1 
1246 203 9 21 0.4731336832046509 2 -1 -1 
440 428 47 37 0.4704408645629883 2 -1 -1 
1191 158 25 17 0.47005099058151245 3 -1 -1 
1010 174 42 29 0.4689549505710602 4 -1 -1 
312 430 32 40 0.4679475724697113 2 -1 -1 
862 138 28 24 0.4654141962528229 5 -1 -1 
1116 223 26 24 0.4631330072879791 10 -1 -1 
1286 194 26 20 0.4584706425666809 3 -1 -1 
1250 179 13 20 0.45059701800346375 3 -1 -1 
1177 172 25 23 0.4492805004119873 10 -1 -1 
1140 176 11 19 0.4413641691207886 10 -1 -1 
1154 158 11 21 0.4393375813961029 10 -1 -1 
849 120 32 31 0.43145686388015747 6 -1 -1 
1172 172 21 24 0.41842716932296753 10 -1 -1 
339 313 17 31 0.41837868094444275 3 -1 -1 
1244 209 18 21 0.4175700545310974 3 -1 -1 
1010 174 42 29 0.4166094660758972 5 -1 -1 
1333 198 25 18 0.4129660725593567 3 -1 -1 
1283 198 12 22 0.40838202834129333 10 -1 -1 
1286 179 19 21 0.405815452337265 3 -1 -1 
1010 174 42 29 0.40463292598724365 8 -1 -1 
1245 202 10 22 0.40100374817848206 1 -1 -1 
1296 253 17 33 0.40017709136009216 2 -1 -1 
330 406 42 38 0.39801737666130066 2 -1 -1 
1185 160 19 16 0.3968197703361511 3 -1 -1 
1259 160 24 15 0.39381176233291626 3 -1 -1 
1252 200 17 27 0.39163196086883545 2 -1 -1 
542 25 14 14 0.38838276267051697 5 -1 -1 
318 418 19 45 0.3835217356681824 1 -1 -1 
527 206 11 27 0.380508691072464 1 -1 -1 
1269 178 14 19 0.3795633018016815 10 -1 -1 
706 207 67 47 0.3755059540271759 5 -1 -1 
1275 192 12 18 0.3750046491622925 10 -1 -1 
328 429 23 38 0.36571595072746277 2 -1 -1 
1132 219 11 28 0.365280419588089 1 -1 -1 
544 14 14 13 0.36119094491004944 5 -1 -1 
1280 270 35 33 0.36043211817741394 7 -1 -1 
1154 154 10 19 0.3593173027038574 10 -1 -1 
1274 174 9 21 0.3584651052951813 1 -1 -1 
1204 134 13 18 0.35834330320358276 10 -1 -1 
316 434 41 36 0.3582223057746887 2 -1 -1 
1232 167 13 22 0.3580585718154907 10 -1 -1 
1291 147 8 17 0.35464006662368774 1 -1 -1 
1236 155 8 18 0.35436704754829407 1 -1 -1 
1219 189 18 18 0.35335636138916016 10 -1 -1 
1070 214 11 24 0.3532763123512268 1 -1 -1 
1009 174 43 29 0.35119763016700745 6 -1 -1 
1270 274 59 31 0.3501109480857849 8 -1 -1 
1205 130 12 20 0.3493521213531494 2 -1 -1 
1142 170 10 22 0.3482520878314972 1 -1 -1 
449 58 19 25 0.3458786904811859 4 -1 -1 
1155 163 11 18 0.3409338891506195 10 -1 -1 
1259 160 23 15 0.34014973044395447 10 -1 -1 
524 228 21 27 0.33774590492248535 1 -1 -1 
1273 175 10 20 0.33186230063438416 10 -1 -1 
431 130 41 60 0.3242300748825073 9 -1 -1 
0 697 160 67 0.31893882155418396 5 -1 -1 
431 131 41 59 0.3132687211036682 10 -1 -1 
344 337 18 43 0.3058326840400696 1 -1 -1 
431 130 41 60 0.3025963306427002 5 -1 -1 
832 93 42 18 0.30099257826805115 5 -1 -1 
0 639 153 124 0.2936730980873108 4 -1 -1 
849 119 33 32 0.28392016887664795 5 -1 -1 
852 130 37 31 0.27804651856422424 4 -1 -1 
431 131 41 59 0.2776333689689636 4 -1 -1 
430 130 42 60 0.27112647891044617 2 -1 -1 
865 37 40 25 0.2709127962589264 6 -1 -1 
1213 296 31 26 0.2680768668651581 2 -1 -1 
431 131 41 59 0.2650837302207947 7 -1 -1 
523 199 18 40 0.259162038564682 1 -1 -1 
852 126 37 32 0.25779128074645996 6 -1 -1 
395 212 22 36 0.2575286626815796 1 -1 -1 
25 227 98 48 0.2509312331676483 4 -1 -1 
852 130 37 31 0.2410753071308136 5 -1 -1 
911 77 39 22 0.2364906221628189 4 -1 -1 
29 210 101 36 0.23454062640666962 4 -1 -1 
0 640 98 101 0.2335641086101532 5 -1 -1 
856 134 33 28 0.23289133608341217 6 -1 -1 
826 86 46 21 0.22870942950248718 4 -1 -1 
431 130 40 60 0.22869820892810822 8 -1 -1 
827 86 44 19 0.22123874723911285 5 -1 -1 
886 61 49 18 0.20947380363941193 4 -1 -1 
0 696 157 68 0.2037116289138794 6 -1 -1 
399 216 24 37 0.19962765276432037 1 -1 -1 
849 121 37 32 0.19958411157131195 4 -1 -1 
947 86 34 25 0.1966395527124405 5 -1 -1 
1080 183 30 29 0.17952799797058105 8 -1 -1 
444 55 26 34 0.17515037953853607 5 -1 -1 
1211 299 33 24 0.1737174093723297 3 -1 -1 
431 131 41 59 0.17347002029418945 3 -1 -1 
520 225 27 40 0.17217221856117249 1 -1 -1 
431 131 41 59 0.17027702927589417 1 -1 -1 
53 190 85 39 0.1672065407037735 5 -1 -1 
308 418 75 44 0.16705533862113953 10 -1 -1 
907 69 45 21 0.16461771726608276 4 -1 -1 
864 36 39 26 0.1620309203863144 5 -1 -1 
888 150 35 26 0.16171643137931824 5 -1 -1 
1110 193 82 32 0.1526181697845459 5 -1 -1 
906 80 39 24 0.1496235430240631 4 -1 -1 
444 55 25 32 0.14671090245246887 4 -1 -1 
1318 305 22 39 0.1452198475599289 1 -1 -1 
444 79 28 28 0.14247891306877136 5 -1 -1 
1218 288 27 33 0.14058957993984222 10 -1 -1 
25 227 98 48 0.14012758433818817 6 -1 -1 
1282 185 31 31 0.1383695751428604 10 -1 -1 
899 74 49 18 0.13835425674915314 5 -1 -1 
3 677 120 79 0.13730694353580475 4 -1 -1 
0 696 157 68 0.1372038573026657 7 -1 -1 
1071 176 38 34 0.1367809772491455 7 -1 -1 
337 335 21 44 0.13651175796985626 1 -1 -1 
1093 167 37 25 0.13483276963233948 10 -1 -1 
863 134 37 27 0.12808310985565186 4 -1 -1 
99 622 151 97 0.1276695728302002 5 -1 -1 
1166 170 35 26 0.126962810754776 10 -1 -1 
1247 197 26 32 0.1257927566766739 3 -1 -1 
880 56 47 19 0.124980628490448 4 -1 -1 
1213 296 31 26 0.12492015212774277 1 -1 -1 
1245 191 29 32 0.12448721379041672 10 -1 -1 
874 50 40 21 0.1243763417005539 4 -1 -1 
878 60 45 17 0.12431250512599945 5 -1 -1 
25 215 98 39 0.1207115426659584 5 -1 -1 
1081 313 116 53 0.12066719681024551 1 -1 -1 
513 229 25 36 0.11870721727609634 1 -1 -1 
332 313 25 41 0.11777114868164062 3 -1 -1 
833 93 41 18 0.11611977964639664 6 -1 -1 
0 696 158 68 0.11610576510429382 8 -1 -1 
397 194 21 46 0.11487721651792526 1 -1 -1 
1239 182 28 29 0.11424469947814941 10 -1 -1 
1186 158 33 28 0.11252905428409576 10 -1 -1 
1282 185 31 31 0.11222989112138748 3 -1 -1 
1212 299 33 24 0.11193244904279709 7 -1 -1 
338 295 16 40 0.10978684574365616 2 -1 -1 
918 93 36 30 0.10944530367851257 4 -1 -1 
1173 166 32 27 0.10851044952869415 10 -1 -1 
1080 182 30 30 0.10738595575094223 10 -1 -1 
334 312 23 35 0.10640072822570801 1 -1 -1 
1033 237 31 27 0.10558408498764038 2 -1 -1 
823 116 32 24 0.10426579415798187 5 -1 -1 
27 208 103 36 0.10328229516744614 5 -1 -1 
1115 218 28 30 0.10283878445625305 7 -1 -1 
1116 219 28 29 0.10279370844364166 3 -1 -1 
0 640 142 124 0.10212978720664978 5 -1 -1 
846 118 29 31 0.10146941244602203 4 -1 -1 
102 621 149 97 0.10134194791316986 6 -1 -1 
857 35 37 24 0.10075578838586807 6 -1 -1 
1273 179 33 30 0.10068429261445999 10 -1 -1 
1157 172 37 25 0.10002876818180084 10 -1 -1 
1257 153 31 27 0.09932681173086166 3 -1 -1 
1081 313 116 53 0.09926126152276993 9 -1 -1 
99 622 151 97 0.09907285124063492 9 -1 -1 
826 86 46 21 0.09829602390527725 9 -1 -1 
1082 314 115 51 0.09713129699230194 5 -1 -1 
16 222 96 43 0.0961410328745842 4 -1 -1 
1309 150 30 34 0.09562291949987411 10 -1 -1 
439 59 30 39 0.09511270374059677 5 -1 -1 
319 335 23 45 0.0942351296544075 1 -1 -1 
523 199 19 40 0.09415298700332642 2 -1 -1 
322 330 24 44 0.09364574402570724 1 -1 -1 
1321 202 36 27 0.09358663111925125 10 -1 -1 
864 36 39 26 0.09356794506311417 8 -1 -1 
521 212 26 42 0.09345021843910217 3 -1 -1 
1154 176 34 25 0.09308038651943207 7 -1 -1 
1251 194 32 31 0.09254118800163269 10 -1 -1 
1030 242 35 24 0.09208846092224121 7 -1 -1 
99 621 151 98 0.09195276349782944 7 -1 -1 
853 116 40 37 0.09176790714263916 6 -1 -1 
1257 153 31 27 0.09173009544610977 10 -1 -1 
308 418 75 44 0.09112443029880524 7 -1 -1 
1084 174 34 31 0.09102792292833328 7 -1 -1 
0 637 98 125 0.09099054336547852 9 -1 -1 
1080 182 30 30 0.09070058166980743 2 -1 -1 
0 697 159 69 0.08590451627969742 10 -1 -1 
99 621 151 98 0.0811527669429779 10 -1 -1 
1109 191 83 33 0.07407905906438828 9 -1 -1 
0 698 157 67 0.07344730943441391 9 -1 -1 
99 622 151 97 0.06782427430152893 1 -1 -1 
0 673 160 91 0.06349185854196548 1 -1 -1 
0 636 99 125 0.06150933727622032 6 -1 -1 
1109 191 83 33 0.05973244085907936 6 -1 -1 
99 621 151 98 0.050864141434431076 8 -1 -1 
