946 421 37 26 0.9900277256965637 3 -1 -1 
479 590 52 32 0.9849783778190613 3 -1 -1 
576 592 127 108 0.9451411962509155 4 -1 -1 
659 389 68 48 0.9443204402923584 4 -1 -1 
639 287 33 34 0.9258532524108887 4 -1 -1 
505 447 114 51 0.9205592274665833 4 -1 -1 
684 457 123 51 0.9110314249992371 4 -1 -1 
444 255 38 32 0.9082185626029968 4 -1 -1 
630 322 37 41 0.8961636424064636 4 -1 -1 
1224 656 20 53 0.8921208381652832 1 -1 -1 
424 283 42 31 0.8871561884880066 4 -1 -1 
583 282 34 34 0.882215678691864 4 -1 -1 
572 314 38 40 0.87422776222229 4 -1 -1 
286 476 101 47 0.8535568118095398 4 -1 -1 
994 395 23 28 0.8478257656097412 10 -1 -1 
462 239 27 26 0.8410990238189697 4 -1 -1 
699 86 11 10 0.7969647645950317 4 -1 -1 
301 335 12 30 0.7944667935371399 1 -1 -1 
282 335 13 32 0.7920247316360474 1 -1 -1 
171 529 88 49 0.7914532423019409 7 -1 -1 
722 91 12 11 0.7879257798194885 4 -1 -1 
693 96 13 11 0.7838605046272278 4 -1 -1 
629 149 18 18 0.7768228054046631 4 -1 -1 
924 299 45 37 0.7734519839286804 4 -1 -1 
432 552 51 32 0.7720708250999451 10 -1 -1 
1247 622 23 49 0.7687857747077942 1 -1 -1 
652 106 14 13 0.7635015845298767 4 -1 -1 
655 238 27 30 0.75911945104599 4 -1 -1 
710 40 7 6 0.723617672920227 4 -1 -1 
718 66 9 10 0.7220510244369507 4 -1 -1 
726 52 7 7 0.7172462344169617 4 -1 -1 
547 159 20 18 0.7170259356498718 4 -1 -1 
1227 607 53 30 0.7067869901657104 10 -1 -1 
700 47 9 8 0.7064525485038757 4 -1 -1 
665 89 11 10 0.7052295207977295 4 -1 -1 
955 409 18 29 0.6861540675163269 2 -1 -1 
745 71 9 9 0.6778987050056458 4 -1 -1 
661 138 6 11 0.6706120371818542 2 -1 -1 
738 41 7 7 0.6678484678268433 4 -1 -1 
555 295 11 22 0.6577781438827515 2 -1 -1 
490 578 22 37 0.6562063097953796 2 -1 -1 
1082 387 15 34 0.6448025703430176 1 -1 -1 
1118 681 29 49 0.6442930698394775 2 -1 -1 
1247 593 21 37 0.6335427761077881 2 -1 -1 
563 389 16 25 0.6281113624572754 10 -1 -1 
445 549 23 31 0.6273616552352905 2 -1 -1 
649 120 5 12 0.6202707290649414 1 -1 -1 
1231 600 18 27 0.6193575859069824 2 -1 -1 
565 379 14 25 0.6161226034164429 2 -1 -1 
814 116 14 12 0.6097323298454285 4 -1 -1 
661 142 6 11 0.6028570532798767 10 -1 -1 
747 105 5 10 0.5979821681976318 2 -1 -1 
999 385 13 28 0.5975996851921082 2 -1 -1 
644 175 7 11 0.5953618288040161 2 -1 -1 
618 201 6 14 0.5939727425575256 2 -1 -1 
555 303 11 21 0.59194415807724 10 -1 -1 
326 273 12 27 0.5847822427749634 1 -1 -1 
816 123 14 12 0.5833902359008789 4 -1 -1 
604 362 16 25 0.5789490342140198 10 -1 -1 
717 153 17 18 0.5689796209335327 4 -1 -1 
605 356 14 25 0.5673732757568359 2 -1 -1 
819 127 16 14 0.5661147236824036 4 -1 -1 
757 153 12 19 0.5607824921607971 8 -1 -1 
704 61 8 8 0.5553191900253296 4 -1 -1 
513 191 7 17 0.5542237758636475 2 -1 -1 
617 207 7 14 0.5470958352088928 10 -1 -1 
58 486 106 64 0.5393624305725098 5 -1 -1 
640 257 30 36 0.5338042378425598 4 -1 -1 
644 181 7 10 0.5264625549316406 10 -1 -1 
963 269 63 32 0.515649139881134 4 -1 -1 
133 174 22 24 0.5101044178009033 4 -1 -1 
1118 686 29 51 0.5060951709747314 10 -1 -1 
513 191 7 20 0.5039139986038208 1 -1 -1 
642 257 27 37 0.48571157455444336 5 -1 -1 
455 152 17 19 0.480512410402298 5 -1 -1 
58 485 110 65 0.47770288586616516 4 -1 -1 
745 84 5 9 0.4753468930721283 2 -1 -1 
641 67 9 8 0.4726460874080658 4 -1 -1 
783 173 8 17 0.4580703675746918 1 -1 -1 
337 271 7 26 0.45416778326034546 1 -1 -1 
758 105 8 8 0.4499315321445465 4 -1 -1 
704 61 8 8 0.4485856890678406 5 -1 -1 
512 196 9 16 0.4354066848754883 3 -1 -1 
638 72 8 9 0.4290770888328552 5 -1 -1 
757 153 12 19 0.42214933037757874 7 -1 -1 
747 109 6 9 0.4214251637458801 10 -1 -1 
747 109 6 9 0.41747498512268066 3 -1 -1 
947 411 12 24 0.4150324761867523 2 -1 -1 
746 87 4 8 0.4103498160839081 10 -1 -1 
783 173 8 16 0.4081776738166809 2 -1 -1 
717 153 17 18 0.40611031651496887 5 -1 -1 
684 79 4 9 0.40565288066864014 2 -1 -1 
792 79 9 8 0.4035206437110901 4 -1 -1 
757 153 12 19 0.4009142518043518 6 -1 -1 
512 196 9 16 0.3978554606437683 10 -1 -1 
455 152 18 19 0.3928576707839966 4 -1 -1 
490 578 22 38 0.39196890592575073 1 -1 -1 
893 738 79 27 0.38103529810905457 4 -1 -1 
1239 597 34 38 0.38005974888801575 2 -1 -1 
634 102 13 13 0.3785955011844635 4 -1 -1 
636 184 5 9 0.3672747015953064 2 -1 -1 
638 72 8 9 0.3515370488166809 4 -1 -1 
326 273 11 27 0.3452247977256775 2 -1 -1 
650 120 5 10 0.34114155173301697 2 -1 -1 
745 85 5 9 0.33694764971733093 1 -1 -1 
168 525 90 53 0.335834801197052 8 -1 -1 
1083 388 14 31 0.3330618739128113 2 -1 -1 
622 87 4 9 0.33214789628982544 1 -1 -1 
434 550 48 33 0.33107081055641174 2 -1 -1 
688 59 5 8 0.3290470242500305 1 -1 -1 
0 517 28 46 0.3283950686454773 4 -1 -1 
950 413 16 26 0.32567688822746277 2 -1 -1 
644 179 7 11 0.32446837425231934 2 -1 -1 
638 72 8 9 0.3236245810985565 6 -1 -1 
793 92 5 9 0.3228384852409363 1 -1 -1 
605 363 15 25 0.3216308653354645 3 -1 -1 
617 208 7 14 0.3205685317516327 3 -1 -1 
561 295 5 21 0.31931909918785095 2 -1 -1 
948 418 14 22 0.31516265869140625 2 -1 -1 
486 583 34 36 0.31404656171798706 2 -1 -1 
721 27 6 7 0.31332364678382874 2 -1 -1 
55 486 162 67 0.31307870149612427 6 -1 -1 
684 81 4 8 0.3117528259754181 10 -1 -1 
688 59 4 7 0.31137457489967346 2 -1 -1 
661 138 6 12 0.30831119418144226 10 -1 -1 
638 72 8 9 0.3077065348625183 8 -1 -1 
747 106 6 10 0.30623918771743774 1 -1 -1 
964 269 63 32 0.30606159567832947 5 -1 -1 
555 304 11 20 0.3025195002555847 3 -1 -1 
1239 597 34 38 0.30186131596565247 10 -1 -1 
737 57 4 9 0.2988450527191162 1 -1 -1 
781 178 11 13 0.2982611060142517 10 -1 -1 
822 129 17 14 0.2962312698364258 4 -1 -1 
815 105 12 11 0.2959003150463104 4 -1 -1 
486 583 34 36 0.29500532150268555 3 -1 -1 
781 178 11 13 0.2920716404914856 3 -1 -1 
946 418 35 28 0.2919885814189911 2 -1 -1 
688 60 5 7 0.2905901074409485 10 -1 -1 
132 174 23 24 0.2876853048801422 5 -1 -1 
996 387 20 29 0.2840098738670349 10 -1 -1 
950 411 26 29 0.27176544070243835 3 -1 -1 
604 360 17 28 0.25208455324172974 2 -1 -1 
132 174 23 24 0.24719808995723724 8 -1 -1 
955 409 19 30 0.24264656007289886 1 -1 -1 
79 492 151 81 0.22186769545078278 6 -1 -1 
946 421 37 26 0.22059465944766998 4 -1 -1 
946 420 37 27 0.2186613827943802 7 -1 -1 
563 387 17 27 0.21433620154857635 7 -1 -1 
0 518 31 68 0.21421872079372406 4 -1 -1 
182 544 79 35 0.20904019474983215 7 -1 -1 
470 198 43 25 0.20871327817440033 4 -1 -1 
997 385 17 28 0.1969785988330841 1 -1 -1 
564 380 17 30 0.19660797715187073 10 -1 -1 
0 470 30 123 0.195810005068779 4 -1 -1 
1118 682 30 54 0.19243329763412476 1 -1 -1 
0 470 30 123 0.18929807841777802 6 -1 -1 
480 589 52 33 0.18877579271793365 10 -1 -1 
684 457 124 51 0.1864326149225235 9 -1 -1 
604 356 16 28 0.1799897402524948 1 -1 -1 
132 174 23 24 0.17956455051898956 6 -1 -1 
994 394 23 29 0.1734316051006317 2 -1 -1 
132 174 23 24 0.1709187775850296 7 -1 -1 
563 379 17 29 0.16945482790470123 1 -1 -1 
994 395 23 28 0.1578204482793808 4 -1 -1 
949 410 21 27 0.15677881240844727 1 -1 -1 
0 470 31 115 0.1553667038679123 9 -1 -1 
165 520 88 58 0.15422402322292328 6 -1 -1 
923 300 47 37 0.1539604812860489 5 -1 -1 
479 590 53 32 0.1471554934978485 7 -1 -1 
1071 362 13 35 0.1422462910413742 1 -1 -1 
286 476 101 47 0.14092379808425903 5 -1 -1 
946 421 37 26 0.14007380604743958 8 -1 -1 
171 529 88 49 0.13369140028953552 3 -1 -1 
994 395 23 28 0.13336408138275146 3 -1 -1 
504 448 117 51 0.13298025727272034 9 -1 -1 
0 470 31 115 0.13132615387439728 5 -1 -1 
948 407 22 27 0.12842775881290436 2 -1 -1 
470 201 43 23 0.12621872127056122 5 -1 -1 
604 361 17 27 0.12547706067562103 7 -1 -1 
57 488 160 71 0.12430858612060547 4 -1 -1 
156 510 104 70 0.12396563589572906 7 -1 -1 
893 738 79 27 0.12395044416189194 5 -1 -1 
1022 357 30 19 0.12382481247186661 3 -1 -1 
974 267 71 35 0.121336929500103 4 -1 -1 
125 175 27 25 0.12040020525455475 4 -1 -1 
945 409 19 26 0.12001412361860275 2 -1 -1 
946 421 37 26 0.11956478655338287 10 -1 -1 
684 457 124 51 0.11912298202514648 1 -1 -1 
0 464 23 85 0.1173940896987915 4 -1 -1 
430 550 54 35 0.1171814575791359 7 -1 -1 
0 518 32 75 0.1168818399310112 9 -1 -1 
430 550 53 34 0.11571908742189407 4 -1 -1 
330 271 13 29 0.11506039649248123 1 -1 -1 
1228 604 52 33 0.11436410248279572 3 -1 -1 
576 592 127 108 0.11428020894527435 1 -1 -1 
0 517 30 69 0.11350937187671661 5 -1 -1 
61 485 123 60 0.1131608709692955 9 -1 -1 
454 151 21 21 0.11138515174388885 6 -1 -1 
947 416 21 26 0.11041831225156784 1 -1 -1 
0 464 23 85 0.11037645488977432 5 -1 -1 
950 266 59 35 0.11034131050109863 5 -1 -1 
947 411 14 27 0.11027809977531433 1 -1 -1 
955 416 26 29 0.1101830005645752 3 -1 -1 
170 530 89 48 0.10948774963617325 10 -1 -1 
562 388 18 26 0.10867089778184891 3 -1 -1 
546 157 21 20 0.10715807974338531 5 -1 -1 
471 196 42 28 0.10565648227930069 6 -1 -1 
999 384 19 26 0.10480371862649918 2 -1 -1 
576 592 127 108 0.10179264098405838 5 -1 -1 
504 448 116 51 0.10084883123636246 5 -1 -1 
947 416 21 26 0.10061293095350266 3 -1 -1 
576 592 127 108 0.10036996006965637 9 -1 -1 
57 488 160 71 0.10009586811065674 5 -1 -1 
471 195 42 27 0.10006260126829147 8 -1 -1 
1081 388 17 34 0.09989189356565475 10 -1 -1 
659 389 68 48 0.09931567311286926 1 -1 -1 
111 500 141 78 0.09826773405075073 6 -1 -1 
684 457 124 50 0.0969022810459137 10 -1 -1 
1071 358 13 36 0.09669165313243866 2 -1 -1 
156 511 69 67 0.09425248205661774 6 -1 -1 
282 335 13 32 0.09399356693029404 4 -1 -1 
169 508 109 71 0.08745592832565308 8 -1 -1 
283 475 105 53 0.08127482980489731 9 -1 -1 
111 500 141 78 0.07984369993209839 7 -1 -1 
684 457 124 51 0.07141954451799393 5 -1 -1 
69 485 157 75 0.0661647692322731 9 -1 -1 
504 448 117 51 0.06434192508459091 6 -1 -1 
684 457 124 51 0.06338563561439514 6 -1 -1 
111 500 141 78 0.05977041274309158 8 -1 -1 
87 503 143 77 0.059137821197509766 5 -1 -1 
87 503 143 77 0.05884256958961487 4 -1 -1 
58 484 129 67 0.057576172053813934 1 -1 -1 
58 485 126 66 0.053819842636585236 8 -1 -1 
