653 361 61 63 0.985750675201416 5 -1 -1 
751 432 125 89 0.9248449206352234 4 -1 -1 
310 145 20 25 0.9153147339820862 9 -1 -1 
339 227 16 29 0.8747076392173767 7 -1 -1 
521 230 40 25 0.867759644985199 4 -1 -1 
614 362 36 48 0.8653332591056824 7 -1 -1 
353 117 6 8 0.8499587178230286 8 -1 -1 
344 129 12 11 0.8114534616470337 4 -1 -1 
336 155 17 16 0.7978706955909729 4 -1 -1 
386 83 11 19 0.7649074196815491 9 -1 -1 
476 146 15 14 0.7580819129943848 4 -1 -1 
566 250 11 23 0.728445827960968 1 -1 -1 
361 181 18 18 0.7184324860572815 4 -1 -1 
694 431 71 76 0.7166355848312378 8 -1 -1 
819 371 16 43 0.6960645914077759 1 -1 -1 
341 108 12 7 0.6812130212783813 4 -1 -1 
535 300 14 32 0.6746901273727417 10 -1 -1 
310 145 20 25 0.6693628430366516 5 -1 -1 
447 212 8 15 0.6646950244903564 2 -1 -1 
310 253 10 18 0.6582982540130615 10 -1 -1 
602 408 19 33 0.6538289189338684 2 -1 -1 
285 229 10 16 0.6476148366928101 2 -1 -1 
310 246 10 19 0.6396288275718689 2 -1 -1 
311 175 6 12 0.6332652568817139 2 -1 -1 
496 151 12 9 0.630074143409729 10 -1 -1 
618 357 17 26 0.6300244331359863 2 -1 -1 
291 245 12 18 0.6235570311546326 10 -1 -1 
481 235 8 17 0.6204004287719727 2 -1 -1 
285 236 9 16 0.6144137382507324 10 -1 -1 
447 218 8 15 0.6131685972213745 10 -1 -1 
452 264 10 18 0.6116229891777039 2 -1 -1 
311 180 7 11 0.5972014665603638 10 -1 -1 
451 270 11 18 0.5968989133834839 10 -1 -1 
291 238 11 19 0.5901006460189819 2 -1 -1 
850 386 16 37 0.5814304947853088 1 -1 -1 
777 495 24 42 0.5671020746231079 10 -1 -1 
430 133 24 15 0.552731990814209 8 -1 -1 
457 135 12 10 0.5506091117858887 4 -1 -1 
340 228 13 18 0.5502026677131653 2 -1 -1 
600 420 21 33 0.5367411971092224 10 -1 -1 
536 301 13 22 0.5354030132293701 2 -1 -1 
353 116 6 9 0.532214343547821 7 -1 -1 
367 98 8 7 0.5295792818069458 6 -1 -1 
693 431 71 76 0.5255909562110901 7 -1 -1 
368 98 7 7 0.5206009149551392 4 -1 -1 
694 433 69 34 0.5157151222229004 8 -1 -1 
574 236 7 23 0.5122487545013428 1 -1 -1 
602 420 19 29 0.5072193145751953 2 -1 -1 
561 233 8 20 0.5043036341667175 1 -1 -1 
-1 438 48 77 0.4924719035625458 4 -1 -1 
426 184 6 16 0.4916493594646454 10 -1 -1 
426 131 24 14 0.4902568757534027 8 -1 -1 
614 270 64 71 0.4858124554157257 6 -1 -1 
325 129 5 8 0.48410582542419434 10 -1 -1 
426 184 6 13 0.48312920331954956 2 -1 -1 
495 140 12 17 0.4823690950870514 5 -1 -1 
758 311 91 95 0.4767736792564392 6 -1 -1 
631 364 14 25 0.4606679081916809 2 -1 -1 
482 242 7 14 0.4508442282676697 10 -1 -1 
612 269 85 45 0.4461745023727417 6 -1 -1 
429 133 25 15 0.4443618655204773 6 -1 -1 
720 280 64 57 0.4416893720626831 6 -1 -1 
341 224 11 18 0.4392908215522766 2 -1 -1 
828 395 17 37 0.43718957901000977 1 -1 -1 
325 128 4 7 0.4361678659915924 2 -1 -1 
387 96 7 7 0.4295004606246948 4 -1 -1 
696 352 18 45 0.42932769656181335 1 -1 -1 
690 347 11 28 0.42184707522392273 1 -1 -1 
328 123 4 6 0.41687247157096863 2 -1 -1 
721 280 99 76 0.4050963819026947 6 -1 -1 
495 140 12 17 0.40119510889053345 4 -1 -1 
576 220 34 29 0.40118783712387085 4 -1 -1 
482 241 7 15 0.3955239951610565 3 -1 -1 
627 239 79 35 0.39393389225006104 6 -1 -1 
367 94 5 6 0.392554372549057 4 -1 -1 
326 126 4 7 0.388949453830719 2 -1 -1 
605 278 14 28 0.3819328546524048 1 -1 -1 
338 102 3 6 0.37059110403060913 2 -1 -1 
622 364 24 36 0.3647499084472656 7 -1 -1 
366 93 6 5 0.3643949329853058 4 -1 -1 
328 105 5 6 0.3640516698360443 4 -1 -1 
561 218 50 33 0.3615199029445648 6 -1 -1 
852 384 16 39 0.3610612452030182 2 -1 -1 
367 96 7 7 0.3588032126426697 4 -1 -1 
424 131 21 11 0.3587970733642578 8 -1 -1 
606 278 13 28 0.3583718538284302 10 -1 -1 
245 207 29 48 0.3514535427093506 4 -1 -1 
328 124 4 7 0.35101118683815 10 -1 -1 
246 208 28 47 0.35074907541275024 5 -1 -1 
778 496 21 38 0.3431878685951233 2 -1 -1 
338 103 4 6 0.3388829529285431 10 -1 -1 
725 280 118 123 0.33679014444351196 6 -1 -1 
622 360 19 29 0.33540812134742737 2 -1 -1 
606 278 13 27 0.33423712849617004 2 -1 -1 
559 227 31 24 0.3328646421432495 8 -1 -1 
358 93 8 7 0.3310758173465729 8 -1 -1 
422 126 23 11 0.32897889614105225 8 -1 -1 
622 260 80 32 0.32853686809539795 6 -1 -1 
551 224 32 25 0.3281051814556122 8 -1 -1 
387 91 9 12 0.32231640815734863 9 -1 -1 
691 348 48 50 0.3214024007320404 7 -1 -1 
633 365 16 28 0.319352924823761 2 -1 -1 
622 269 80 31 0.3180919289588928 4 -1 -1 
424 131 25 13 0.31755462288856506 6 -1 -1 
670 332 55 47 0.31585949659347534 4 -1 -1 
434 133 24 18 0.31560543179512024 6 -1 -1 
566 229 25 21 0.31544461846351624 4 -1 -1 
424 131 22 12 0.31435588002204895 7 -1 -1 
749 432 105 36 0.31308305263519287 4 -1 -1 
694 433 71 73 0.31146693229675293 6 -1 -1 
246 208 28 47 0.30550968647003174 6 -1 -1 
776 351 66 52 0.3040791153907776 4 -1 -1 
721 287 13 30 0.3027324676513672 1 -1 -1 
429 133 25 15 0.30249831080436707 5 -1 -1 
422 126 23 11 0.3009648323059082 7 -1 -1 
427 131 25 15 0.2919437289237976 7 -1 -1 
434 135 19 17 0.291266530752182 8 -1 -1 
631 364 14 25 0.2853184640407562 1 -1 -1 
358 93 8 7 0.28371432423591614 6 -1 -1 
670 332 55 47 0.27900272607803345 7 -1 -1 
828 405 15 26 0.2779631018638611 1 -1 -1 
311 179 7 12 0.2773548662662506 2 -1 -1 
482 235 8 17 0.27453556656837463 1 -1 -1 
694 433 69 34 0.27263057231903076 7 -1 -1 
248 207 26 47 0.2719484269618988 9 -1 -1 
326 126 4 7 0.27181512117385864 10 -1 -1 
339 228 16 27 0.26883023977279663 10 -1 -1 
616 369 22 40 0.26854804158210754 2 -1 -1 
367 95 7 6 0.2683398723602295 6 -1 -1 
326 124 6 6 0.26833492517471313 2 -1 -1 
565 228 26 22 0.2674163579940796 5 -1 -1 
424 131 24 12 0.2663966119289398 4 -1 -1 
602 413 19 32 0.26635006070137024 10 -1 -1 
562 219 50 33 0.26362645626068115 4 -1 -1 
853 388 18 37 0.2625272870063782 1 -1 -1 
339 226 16 29 0.2623731195926666 2 -1 -1 
447 218 8 15 0.2623225450515747 3 -1 -1 
675 335 63 62 0.2621534764766693 7 -1 -1 
692 351 14 36 0.2610354423522949 1 -1 -1 
562 233 9 23 0.2594481110572815 1 -1 -1 
586 205 30 20 0.25868019461631775 4 -1 -1 
622 268 80 33 0.25845763087272644 8 -1 -1 
367 97 7 8 0.2572973668575287 5 -1 -1 
621 249 74 28 0.2571018934249878 6 -1 -1 
619 356 17 30 0.25570395588874817 1 -1 -1 
358 93 8 7 0.2547530233860016 5 -1 -1 
815 373 15 41 0.25302183628082275 1 -1 -1 
291 238 11 19 0.25283998250961304 1 -1 -1 
423 128 24 12 0.251435786485672 6 -1 -1 
576 219 31 29 0.25124913454055786 6 -1 -1 
847 229 42 28 0.24980135262012482 8 -1 -1 
695 434 68 33 0.24888432025909424 5 -1 -1 
338 103 4 6 0.24686387181282043 1 -1 -1 
341 224 9 14 0.24649405479431152 2 -1 -1 
717 277 61 43 0.24190665781497955 6 -1 -1 
830 390 20 39 0.24180026352405548 1 -1 -1 
633 365 16 28 0.24112889170646667 1 -1 -1 
290 237 10 16 0.23909704387187958 2 -1 -1 
718 288 13 30 0.2379685342311859 1 -1 -1 
847 229 42 27 0.23793211579322815 4 -1 -1 
771 316 124 90 0.23090563714504242 6 -1 -1 
563 232 23 24 0.22900617122650146 8 -1 -1 
653 361 61 63 0.22631491720676422 8 -1 -1 
629 239 84 35 0.21764907240867615 4 -1 -1 
339 227 16 28 0.21763764321804047 8 -1 -1 
765 314 102 92 0.21723909676074982 4 -1 -1 
616 269 96 89 0.21624791622161865 6 -1 -1 
694 432 72 75 0.21584506332874298 5 -1 -1 
622 268 79 33 0.214609757065773 5 -1 -1 
604 269 74 37 0.21307648718357086 6 -1 -1 
631 228 73 39 0.2115180939435959 6 -1 -1 
715 242 39 45 0.2111699879169464 4 -1 -1 
620 253 60 29 0.2105562835931778 8 -1 -1 
630 236 74 37 0.20976696908473969 9 -1 -1 
620 249 64 28 0.2088872790336609 7 -1 -1 
624 268 78 34 0.2083825170993805 7 -1 -1 
585 205 30 21 0.2047976404428482 5 -1 -1 
423 123 28 14 0.20239102840423584 6 -1 -1 
766 335 105 78 0.20163732767105103 6 -1 -1 
772 342 117 66 0.2013799250125885 4 -1 -1 
550 222 38 26 0.20040501654148102 6 -1 -1 
653 361 61 63 0.20039363205432892 4 -1 -1 
425 128 33 16 0.19974130392074585 6 -1 -1 
582 201 29 20 0.1991695761680603 5 -1 -1 
780 345 126 66 0.19371193647384644 6 -1 -1 
675 335 63 62 0.19260209798812866 4 -1 -1 
108 475 25 40 0.1924246847629547 7 -1 -1 
573 222 38 28 0.19136089086532593 5 -1 -1 
848 407 64 42 0.19128865003585815 4 -1 -1 
584 200 34 21 0.19123965501785278 4 -1 -1 
535 300 14 32 0.18911227583885193 7 -1 -1 
109 474 24 35 0.18520115315914154 2 -1 -1 
109 475 23 21 0.1840563714504242 2 -1 -1 
555 224 34 25 0.18312068283557892 5 -1 -1 
776 351 66 52 0.1827244609594345 7 -1 -1 
430 133 25 16 0.1827223151922226 7 -1 -1 
615 362 35 47 0.1810673326253891 8 -1 -1 
694 433 69 34 0.1807653307914734 6 -1 -1 
627 248 64 27 0.17915105819702148 8 -1 -1 
547 223 42 27 0.17771795392036438 7 -1 -1 
574 217 30 26 0.17690297961235046 4 -1 -1 
720 280 59 41 0.1762227714061737 5 -1 -1 
626 257 75 36 0.1756402999162674 8 -1 -1 
310 145 20 25 0.17540453374385834 8 -1 -1 
568 224 30 25 0.17378665506839752 5 -1 -1 
729 219 50 45 0.17368319630622864 4 -1 -1 
423 121 32 14 0.17367835342884064 4 -1 -1 
652 361 63 63 0.17346523702144623 6 -1 -1 
625 238 55 34 0.17291420698165894 7 -1 -1 
535 300 14 32 0.17257069051265717 3 -1 -1 
573 234 12 25 0.17209158837795258 1 -1 -1 
629 239 84 35 0.17166146636009216 5 -1 -1 
716 240 57 51 0.17108254134655 4 -1 -1 
615 362 35 47 0.17066720128059387 6 -1 -1 
435 133 21 19 0.1676526516675949 5 -1 -1 
620 253 60 29 0.16662798821926117 6 -1 -1 
339 226 16 29 0.16659142076969147 3 -1 -1 
435 132 32 16 0.16582272946834564 6 -1 -1 
568 224 30 25 0.1656583845615387 4 -1 -1 
714 239 85 97 0.16473709046840668 6 -1 -1 
423 127 26 15 0.16463468968868256 5 -1 -1 
695 435 66 32 0.16406433284282684 4 -1 -1 
845 405 56 33 0.1632920503616333 4 -1 -1 
595 195 26 25 0.162660151720047 4 -1 -1 
720 280 59 41 0.16190406680107117 8 -1 -1 
310 145 20 25 0.16143497824668884 4 -1 -1 
653 361 61 63 0.16119569540023804 10 -1 -1 
108 476 25 40 0.16106842458248138 8 -1 -1 
574 199 40 18 0.16098730266094208 4 -1 -1 
310 145 20 25 0.1609659492969513 6 -1 -1 
568 229 41 22 0.1608080267906189 4 -1 -1 
853 383 64 48 0.15996582806110382 4 -1 -1 
590 199 26 22 0.15943342447280884 5 -1 -1 
626 257 75 36 0.15934306383132935 5 -1 -1 
570 227 27 23 0.1590496450662613 6 -1 -1 
624 292 117 81 0.15865887701511383 6 -1 -1 
614 362 36 48 0.15795928239822388 2 -1 -1 
691 348 48 50 0.15753954648971558 10 -1 -1 
622 260 80 32 0.15652871131896973 4 -1 -1 
724 280 63 57 0.15379589796066284 5 -1 -1 
616 245 95 55 0.15360988676548004 6 -1 -1 
574 199 40 18 0.1533934623003006 5 -1 -1 
858 412 67 42 0.1528273969888687 4 -1 -1 
556 224 33 26 0.1525411605834961 4 -1 -1 
732 298 77 56 0.15243886411190033 6 -1 -1 
627 236 62 34 0.1521797478199005 4 -1 -1 
582 208 30 25 0.1518424153327942 4 -1 -1 
771 329 66 71 0.15184225142002106 4 -1 -1 
629 232 77 33 0.15155728161334991 4 -1 -1 
423 123 28 14 0.15097704529762268 8 -1 -1 
625 238 55 34 0.15081726014614105 8 -1 -1 
686 346 52 52 0.15052881836891174 8 -1 -1 
612 266 66 33 0.14927981793880463 8 -1 -1 
720 280 59 41 0.149181067943573 4 -1 -1 
535 300 14 32 0.1491161733865738 8 -1 -1 
568 230 23 23 0.14869524538516998 8 -1 -1 
572 227 39 25 0.14855636656284332 6 -1 -1 
578 193 42 20 0.14838571846485138 4 -1 -1 
559 227 31 24 0.14831361174583435 7 -1 -1 
681 356 51 45 0.14593863487243652 7 -1 -1 
570 232 17 25 0.14515061676502228 4 -1 -1 
718 279 61 49 0.144635409116745 7 -1 -1 
653 361 61 63 0.1444922834634781 2 -1 -1 
631 232 55 34 0.14420248568058014 9 -1 -1 
632 225 73 37 0.1441211849451065 9 -1 -1 
846 389 41 44 0.1441091001033783 10 -1 -1 
550 224 26 26 0.1440807729959488 4 -1 -1 
422 122 28 14 0.1429266333580017 7 -1 -1 
617 282 49 70 0.1414773166179657 6 -1 -1 
430 133 25 16 0.14097800850868225 4 -1 -1 
846 406 67 37 0.14023537933826447 9 -1 -1 
678 345 50 53 0.13898427784442902 1 -1 -1 
837 228 52 31 0.13767987489700317 7 -1 -1 
622 260 80 32 0.1372203230857849 7 -1 -1 
778 335 121 72 0.1371559500694275 5 -1 -1 
815 364 26 50 0.13687294721603394 1 -1 -1 
715 229 108 77 0.1360098272562027 6 -1 -1 
757 310 90 96 0.1292210817337036 7 -1 -1 
668 329 79 71 0.12826579809188843 6 -1 -1 
697 295 115 107 0.12622416019439697 6 -1 -1 
758 311 91 95 0.1251874566078186 5 -1 -1 
753 432 123 89 0.12445763498544693 5 -1 -1 
571 192 49 28 0.12270355969667435 5 -1 -1 
571 193 48 32 0.10775325447320938 4 -1 -1 
811 352 112 73 0.10711231082677841 6 -1 -1 
622 229 105 56 0.10691935569047928 6 -1 -1 
794 336 129 75 0.1068008542060852 4 -1 -1 
573 201 46 34 0.10613664239645004 4 -1 -1 
802 348 119 70 0.10526075214147568 5 -1 -1 
693 432 72 76 0.10438001155853271 1 -1 -1 
694 432 71 75 0.10312797874212265 4 -1 -1 
670 321 123 78 0.10301193594932556 6 -1 -1 
643 308 114 76 0.10186678171157837 6 -1 -1 
622 315 113 75 0.10171955823898315 6 -1 -1 
757 310 90 96 0.10134586691856384 8 -1 -1 
694 432 71 75 0.10120098292827606 3 -1 -1 
534 221 55 31 0.10118385404348373 6 -1 -1 
693 432 72 75 0.09573870152235031 2 -1 -1 
743 288 137 94 0.09462233632802963 6 -1 -1 
748 421 142 44 0.09449402242898941 4 -1 -1 
826 257 115 68 0.09329769015312195 6 -1 -1 
612 268 87 79 0.09241213649511337 5 -1 -1 
616 245 95 55 0.09222498536109924 4 -1 -1 
751 432 125 89 0.09184084832668304 1 -1 -1 
706 220 73 92 0.09079904109239578 4 -1 -1 
603 262 93 67 0.09060311317443848 6 -1 -1 
723 279 110 92 0.09048071503639221 7 -1 -1 
612 261 95 55 0.08980259299278259 4 -1 -1 
811 352 112 73 0.08931972831487656 4 -1 -1 
742 308 91 98 0.08927604556083679 4 -1 -1 
630 222 100 56 0.08920947462320328 4 -1 -1 
844 264 108 69 0.08887115865945816 4 -1 -1 
617 266 142 79 0.08707696199417114 6 -1 -1 
564 196 51 36 0.08592432737350464 5 -1 -1 
612 261 95 55 0.084563247859478 5 -1 -1 
848 368 92 65 0.08259459584951401 4 -1 -1 
725 280 118 123 0.08203964680433273 5 -1 -1 
775 307 141 87 0.08202560991048813 4 -1 -1 
615 267 90 72 0.08122418075799942 8 -1 -1 
835 361 97 71 0.08080953359603882 5 -1 -1 
567 208 46 40 0.08062590658664703 5 -1 -1 
620 232 93 55 0.07888347655534744 4 -1 -1 
564 196 51 36 0.07848376780748367 6 -1 -1 
848 368 92 65 0.07671578228473663 6 -1 -1 
762 306 135 95 0.07662378996610641 5 -1 -1 
548 209 57 40 0.07628630846738815 6 -1 -1 
703 270 85 72 0.07560276240110397 6 -1 -1 
612 268 87 79 0.07543659955263138 4 -1 -1 
671 326 112 77 0.07475737482309341 4 -1 -1 
559 224 53 31 0.07203477621078491 9 -1 -1 
725 280 118 123 0.07197698950767517 4 -1 -1 
579 197 48 32 0.07094237953424454 4 -1 -1 
725 280 118 123 0.07069651782512665 8 -1 -1 
619 259 113 60 0.07049503177404404 6 -1 -1 
106 475 29 44 0.07035784423351288 9 -1 -1 
616 245 95 55 0.06902652978897095 5 -1 -1 
835 265 113 70 0.06852062791585922 5 -1 -1 
833 252 108 70 0.06817176938056946 4 -1 -1 
751 433 125 88 0.06813919544219971 9 -1 -1 
557 224 54 32 0.06804048269987106 8 -1 -1 
808 319 121 101 0.0679476335644722 6 -1 -1 
615 267 90 72 0.06725409626960754 7 -1 -1 
767 353 131 80 0.06563790142536163 6 -1 -1 
708 216 75 88 0.06559562683105469 6 -1 -1 
714 223 90 75 0.06459993124008179 4 -1 -1 
799 434 79 85 0.06420836597681046 4 -1 -1 
753 432 123 88 0.06307025998830795 7 -1 -1 
721 280 99 76 0.062362365424633026 5 -1 -1 
646 220 129 66 0.061732564121484756 4 -1 -1 
751 433 125 88 0.06154138594865799 10 -1 -1 
833 272 113 81 0.06140223145484924 6 -1 -1 
570 206 44 43 0.06060183048248291 4 -1 -1 
553 191 61 29 0.060288891196250916 4 -1 -1 
751 432 125 90 0.06014718860387802 6 -1 -1 
697 295 115 107 0.060133982449769974 4 -1 -1 
597 252 104 59 0.06008356809616089 6 -1 -1 
721 280 99 76 0.06000113487243652 8 -1 -1 
799 294 132 90 0.059826284646987915 6 -1 -1 
106 474 29 43 0.059766873717308044 1 -1 -1 
762 308 125 96 0.05968746542930603 9 -1 -1 
578 196 48 32 0.059565793722867966 5 -1 -1 
767 353 131 80 0.05943838506937027 4 -1 -1 
739 319 88 89 0.059043530374765396 6 -1 -1 
794 336 129 75 0.05864713713526726 9 -1 -1 
628 221 97 59 0.058416061103343964 5 -1 -1 
849 373 93 67 0.05838670954108238 5 -1 -1 
700 241 79 85 0.0581924170255661 6 -1 -1 
848 264 106 72 0.058027252554893494 6 -1 -1 
555 197 56 41 0.05788914114236832 4 -1 -1 
557 224 54 32 0.05781671032309532 7 -1 -1 
848 368 92 65 0.057709354907274246 9 -1 -1 
760 337 97 71 0.057684510946273804 9 -1 -1 
712 224 154 97 0.05756714567542076 6 -1 -1 
844 264 108 69 0.05722171813249588 9 -1 -1 
764 298 146 76 0.05667151138186455 6 -1 -1 
718 246 135 90 0.05646362900733948 6 -1 -1 
617 269 140 90 0.056442055851221085 9 -1 -1 
713 218 96 71 0.05643084645271301 6 -1 -1 
812 275 123 83 0.055698513984680176 4 -1 -1 
754 313 86 94 0.05567888915538788 9 -1 -1 
663 332 82 70 0.055564600974321365 5 -1 -1 
570 206 44 43 0.05553150549530983 6 -1 -1 
711 207 77 74 0.05551501363515854 4 -1 -1 
721 280 99 76 0.05420660227537155 4 -1 -1 
744 424 127 42 0.05413578823208809 9 -1 -1 
669 281 122 88 0.05403685197234154 6 -1 -1 
631 228 145 66 0.05221013352274895 6 -1 -1 
550 216 58 35 0.052094846963882446 8 -1 -1 
543 220 48 32 0.0520477257668972 4 -1 -1 
766 335 105 78 0.05189371854066849 7 -1 -1 
854 384 97 64 0.05166143178939819 4 -1 -1 
743 391 148 72 0.051586877554655075 4 -1 -1 
766 335 105 78 0.05133466422557831 8 -1 -1 
609 269 73 108 0.051002439111471176 6 -1 -1 
620 273 124 92 0.05082913115620613 7 -1 -1 
543 220 48 32 0.0505756214261055 8 -1 -1 
829 354 102 71 0.05037806183099747 9 -1 -1 
543 219 49 33 0.05022324621677399 5 -1 -1 
