757 583 92 143 0.9854604601860046 5 -1 -1 
1089 340 29 51 0.9842612743377686 3 -1 -1 
1187 285 32 36 0.9742581248283386 3 -1 -1 
1202 394 155 83 0.9644882678985596 5 -1 -1 
1217 287 22 35 0.9598105549812317 3 -1 -1 
198 457 176 118 0.9565848112106323 4 -1 -1 
643 549 104 169 0.9462154507637024 4 -1 -1 
536 239 57 71 0.9450818300247192 4 -1 -1 
880 407 98 67 0.9439770579338074 7 -1 -1 
710 391 76 101 0.9190657138824463 4 -1 -1 
716 25 50 27 0.918070375919342 4 -1 -1 
551 69 18 21 0.9146998524665833 3 -1 -1 
913 219 20 44 0.8838927745819092 1 -1 -1 
736 75 37 31 0.8716916441917419 4 -1 -1 
613 134 19 37 0.8530905842781067 1 -1 -1 
946 375 23 50 0.848462700843811 1 -1 -1 
1089 280 20 46 0.8461542129516602 1 -1 -1 
727 51 36 30 0.8429613709449768 4 -1 -1 
284 250 17 47 0.8340709805488586 1 -1 -1 
530 138 48 53 0.8272185921669006 4 -1 -1 
880 339 18 50 0.8203409314155579 1 -1 -1 
687 271 58 33 0.8002684712409973 10 -1 -1 
832 189 16 43 0.7977228164672852 1 -1 -1 
1026 316 21 52 0.7918871641159058 1 -1 -1 
907 347 18 54 0.7877631187438965 1 -1 -1 
273 260 16 48 0.7829311490058899 1 -1 -1 
854 310 19 45 0.7740040421485901 1 -1 -1 
778 15 59 28 0.7722530364990234 4 -1 -1 
931 230 17 40 0.7706236243247986 1 -1 -1 
874 298 19 40 0.7664304971694946 1 -1 -1 
907 149 13 40 0.7553987503051758 1 -1 -1 
1000 308 19 59 0.7446771860122681 1 -1 -1 
897 107 25 21 0.7417489886283875 10 -1 -1 
581 377 27 45 0.7394090294837952 2 -1 -1 
700 35 13 27 0.7375536561012268 10 -1 -1 
1102 304 22 44 0.7049941420555115 1 -1 -1 
967 161 17 38 0.7044374346733093 1 -1 -1 
408 356 22 43 0.7028009295463562 2 -1 -1 
746 101 37 37 0.7002555727958679 4 -1 -1 
665 81 13 26 0.6971714496612549 2 -1 -1 
805 102 31 22 0.6937268376350403 10 -1 -1 
1133 248 20 31 0.6928888559341431 3 -1 -1 
751 2 9 24 0.6900550127029419 1 -1 -1 
1125 475 64 39 0.6882057189941406 10 -1 -1 
884 150 20 39 0.6810669898986816 1 -1 -1 
933 145 12 36 0.6777873039245605 1 -1 -1 
1290 326 23 39 0.6711832284927368 3 -1 -1 
726 139 14 31 0.6657272577285767 3 -1 -1 
963 268 18 49 0.6631899476051331 1 -1 -1 
926 146 10 34 0.663033664226532 1 -1 -1 
1133 431 25 41 0.6582218408584595 3 -1 -1 
1017 311 20 51 0.6571742296218872 1 -1 -1 
1082 292 15 45 0.6564578413963318 1 -1 -1 
716 7 28 26 0.6503000855445862 4 -1 -1 
752 205 15 33 0.650163471698761 1 -1 -1 
554 58 11 25 0.6485274434089661 2 -1 -1 
935 414 33 47 0.6468524932861328 2 -1 -1 
1041 267 39 25 0.6395536065101624 10 -1 -1 
894 359 17 46 0.6393596529960632 1 -1 -1 
732 103 10 28 0.6323288083076477 1 -1 -1 
382 628 31 60 0.6308469176292419 3 -1 -1 
1134 413 27 43 0.6303653120994568 2 -1 -1 
1089 340 29 51 0.6255443096160889 9 -1 -1 
1142 459 30 57 0.6187476515769958 2 -1 -1 
665 89 13 26 0.6027708053588867 10 -1 -1 
854 199 37 27 0.5956278443336487 10 -1 -1 
726 130 14 32 0.5921015739440918 2 -1 -1 
934 216 17 42 0.5852488875389099 1 -1 -1 
1326 371 31 43 0.5833742618560791 10 -1 -1 
868 214 31 31 0.5815966725349426 10 -1 -1 
664 6 9 20 0.5719221830368042 2 -1 -1 
685 63 11 25 0.5704372525215149 2 -1 -1 
472 16 59 29 0.5636436343193054 4 -1 -1 
1290 326 22 39 0.5567947626113892 10 -1 -1 
540 89 11 25 0.5503295063972473 3 -1 -1 
1069 247 30 35 0.5502591133117676 10 -1 -1 
577 369 34 68 0.5439093112945557 7 -1 -1 
146 393 16 28 0.5402828454971313 2 -1 -1 
382 608 42 59 0.5292937159538269 2 -1 -1 
537 7 31 31 0.5290456414222717 4 -1 -1 
524 24 32 36 0.5256856083869934 4 -1 -1 
915 230 15 32 0.5182891488075256 1 -1 -1 
892 151 12 37 0.5176283121109009 1 -1 -1 
951 257 17 40 0.5164345502853394 1 -1 -1 
523 24 33 36 0.516288697719574 5 -1 -1 
540 78 12 34 0.5133906006813049 1 -1 -1 
664 13 9 20 0.5098420977592468 3 -1 -1 
895 351 23 52 0.5045548677444458 1 -1 -1 
409 370 22 44 0.49640294909477234 10 -1 -1 
409 370 22 44 0.4960349500179291 3 -1 -1 
685 71 11 23 0.48871931433677673 3 -1 -1 
1267 279 41 31 0.48709386587142944 3 -1 -1 
1005 313 25 54 0.48679018020629883 1 -1 -1 
1202 394 154 80 0.4807257056236267 4 -1 -1 
716 230 43 36 0.4705323874950409 7 -1 -1 
1041 251 30 32 0.4704975485801697 10 -1 -1 
795 80 14 23 0.46575453877449036 10 -1 -1 
1067 213 31 29 0.4620753228664398 10 -1 -1 
1041 217 41 25 0.4544442296028137 10 -1 -1 
873 259 93 91 0.44944658875465393 8 -1 -1 
860 186 14 39 0.44131025671958923 1 -1 -1 
1133 429 28 44 0.4397547245025635 10 -1 -1 
1121 244 29 32 0.4346586763858795 3 -1 -1 
860 204 34 38 0.4342517554759979 10 -1 -1 
537 6 31 32 0.4307362735271454 5 -1 -1 
927 145 14 37 0.4270766079425812 1 -1 -1 
1077 216 30 26 0.4198024272918701 10 -1 -1 
1132 463 49 53 0.4133690595626831 2 -1 -1 
382 609 31 54 0.40586045384407043 1 -1 -1 
856 186 20 37 0.4051094651222229 2 -1 -1 
540 78 12 34 0.40374755859375 2 -1 -1 
751 205 16 33 0.4013513922691345 2 -1 -1 
685 72 11 22 0.39914971590042114 10 -1 -1 
381 615 44 73 0.39853304624557495 3 -1 -1 
745 101 38 37 0.39739203453063965 5 -1 -1 
685 63 11 24 0.3947429060935974 1 -1 -1 
727 35 10 23 0.39465299248695374 1 -1 -1 
140 404 24 22 0.3930746018886566 10 -1 -1 
1252 257 87 53 0.39199551939964294 7 -1 -1 
555 58 10 25 0.38784950971603394 1 -1 -1 
664 7 9 23 0.3845364451408386 1 -1 -1 
727 35 10 23 0.37326371669769287 2 -1 -1 
391 604 35 49 0.3703952431678772 1 -1 -1 
886 311 16 39 0.36717596650123596 1 -1 -1 
664 13 9 20 0.3662984371185303 10 -1 -1 
752 214 15 28 0.3641849160194397 3 -1 -1 
1040 222 33 23 0.3609086275100708 10 -1 -1 
960 136 16 27 0.3528635501861572 3 -1 -1 
1008 186 13 33 0.3499166965484619 1 -1 -1 
1054 190 14 27 0.34770041704177856 1 -1 -1 
1141 459 31 59 0.34593823552131653 1 -1 -1 
409 355 22 44 0.34506508708000183 1 -1 -1 
716 230 42 36 0.3432198166847229 10 -1 -1 
1089 340 29 51 0.34295251965522766 4 -1 -1 
1130 244 16 34 0.34285491704940796 3 -1 -1 
854 194 31 31 0.3413110673427582 2 -1 -1 
1187 284 32 35 0.34027501940727234 10 -1 -1 
1253 257 88 53 0.3396381735801697 8 -1 -1 
785 89 7 18 0.3381916284561157 1 -1 -1 
391 604 35 49 0.33420807123184204 2 -1 -1 
855 192 23 32 0.32894936203956604 1 -1 -1 
381 606 45 66 0.31898823380470276 1 -1 -1 
1118 248 27 32 0.2897983491420746 3 -1 -1 
1202 396 156 79 0.28939977288246155 6 -1 -1 
881 407 98 67 0.2726430892944336 8 -1 -1 
881 407 98 67 0.271619588136673 3 -1 -1 
1118 248 23 32 0.2664494514465332 10 -1 -1 
854 198 34 27 0.2611292004585266 1 -1 -1 
141 397 23 31 0.24865251779556274 2 -1 -1 
927 218 20 44 0.24641188979148865 1 -1 -1 
1122 246 28 34 0.2449789047241211 10 -1 -1 
857 190 27 33 0.2398904711008072 10 -1 -1 
725 129 16 37 0.22901365160942078 1 -1 -1 
759 583 91 145 0.22628991305828094 8 -1 -1 
759 583 91 145 0.22271721065044403 10 -1 -1 
1248 265 64 46 0.21611416339874268 7 -1 -1 
381 624 44 66 0.21358777582645416 10 -1 -1 
871 258 94 101 0.20255650579929352 6 -1 -1 
853 199 38 30 0.20116937160491943 7 -1 -1 
462 13 66 37 0.20090092718601227 5 -1 -1 
716 7 28 26 0.1954059898853302 5 -1 -1 
757 583 92 143 0.19434180855751038 4 -1 -1 
920 218 19 42 0.19167709350585938 1 -1 -1 
873 259 93 91 0.18976567685604095 5 -1 -1 
1132 246 22 33 0.18582910299301147 10 -1 -1 
725 129 16 36 0.18457014858722687 3 -1 -1 
866 212 28 33 0.18141227960586548 2 -1 -1 
869 216 31 29 0.17267853021621704 3 -1 -1 
457 12 69 38 0.17075525224208832 4 -1 -1 
758 583 92 144 0.16908256709575653 9 -1 -1 
958 133 21 33 0.16720333695411682 10 -1 -1 
875 258 92 90 0.16598451137542725 7 -1 -1 
144 393 20 32 0.16357095539569855 1 -1 -1 
1202 394 155 83 0.1620807647705078 8 -1 -1 
759 583 91 145 0.16191472113132477 7 -1 -1 
1247 262 65 49 0.15534649789333344 8 -1 -1 
1258 257 83 51 0.15384453535079956 6 -1 -1 
727 51 36 30 0.15329855680465698 5 -1 -1 
400 122 18 38 0.15178480744361877 10 -1 -1 
853 195 25 33 0.15143555402755737 10 -1 -1 
861 210 25 35 0.15120929479599 10 -1 -1 
382 607 44 63 0.15005795657634735 10 -1 -1 
869 198 28 41 0.1495973914861679 10 -1 -1 
1254 260 71 52 0.1492355316877365 3 -1 -1 
735 75 38 31 0.14881020784378052 5 -1 -1 
758 583 91 145 0.14868181943893433 6 -1 -1 
135 404 29 26 0.14829754829406738 7 -1 -1 
1202 394 154 80 0.1466355174779892 9 -1 -1 
1124 476 65 39 0.1454518586397171 3 -1 -1 
859 204 33 40 0.14381808042526245 2 -1 -1 
381 624 45 65 0.14338192343711853 1 -1 -1 
934 216 17 42 0.14251667261123657 2 -1 -1 
883 408 95 66 0.14118027687072754 2 -1 -1 
576 369 35 68 0.13834191858768463 8 -1 -1 
1125 474 64 41 0.13670986890792847 7 -1 -1 
198 456 177 118 0.13602247834205627 5 -1 -1 
144 397 22 31 0.13522563874721527 10 -1 -1 
709 390 78 102 0.13452474772930145 5 -1 -1 
880 407 97 66 0.13364753127098083 10 -1 -1 
805 102 31 22 0.13007186353206635 3 -1 -1 
880 406 99 68 0.1292017251253128 6 -1 -1 
643 549 105 168 0.12910504639148712 9 -1 -1 
135 404 29 26 0.12885823845863342 3 -1 -1 
759 583 91 145 0.12702743709087372 2 -1 -1 
613 134 20 37 0.1257002204656601 4 -1 -1 
853 198 39 30 0.12497138231992722 3 -1 -1 
1257 256 85 53 0.12476513534784317 5 -1 -1 
198 456 176 118 0.12397895008325577 1 -1 -1 
860 204 34 38 0.12363061308860779 7 -1 -1 
198 456 176 118 0.12213293462991714 9 -1 -1 
1122 246 28 34 0.12058843672275543 7 -1 -1 
1132 459 53 48 0.12000010162591934 10 -1 -1 
1127 470 62 44 0.11820079386234283 1 -1 -1 
642 548 106 170 0.1180727481842041 1 -1 -1 
1202 394 155 83 0.11617720872163773 10 -1 -1 
880 407 98 67 0.11575168371200562 4 -1 -1 
140 401 25 29 0.1153811439871788 1 -1 -1 
642 549 106 168 0.11537592858076096 10 -1 -1 
642 548 106 170 0.11511539667844772 5 -1 -1 
884 150 20 39 0.11490516364574432 2 -1 -1 
138 389 26 30 0.11479058861732483 2 -1 -1 
1129 236 26 36 0.11465270072221756 3 -1 -1 
383 603 44 61 0.11377772688865662 3 -1 -1 
379 614 39 70 0.11238881945610046 2 -1 -1 
25 288 57 64 0.1105881929397583 4 -1 -1 
537 238 56 72 0.11041095107793808 1 -1 -1 
1135 243 24 32 0.11038298904895782 3 -1 -1 
1132 246 22 33 0.110138900578022 7 -1 -1 
725 135 15 36 0.1099483072757721 10 -1 -1 
868 211 28 33 0.10916125774383545 7 -1 -1 
644 115 22 32 0.10887859761714935 1 -1 -1 
537 238 56 72 0.1088704913854599 5 -1 -1 
1052 190 19 32 0.10756482183933258 3 -1 -1 
853 199 39 32 0.10619726032018661 2 -1 -1 
848 195 51 53 0.09353850781917572 10 -1 -1 
1202 394 155 83 0.07888506352901459 7 -1 -1 
1202 392 153 84 0.07718666642904282 2 -1 -1 
1202 392 153 84 0.05696018785238266 1 -1 -1 
877 258 99 113 0.0564853809773922 9 -1 -1 
848 195 51 53 0.053847167640924454 7 -1 -1 
1227 247 129 71 0.05158999189734459 6 -1 -1 
871 258 94 101 0.05124711990356445 4 -1 -1 
