381 383 75 93 0.9144537448883057 4 -1 -1 
204 327 71 37 0.9135881066322327 7 -1 -1 
267 448 38 45 0.8915354609489441 6 -1 -1 
479 140 17 26 0.8446773290634155 6 -1 -1 
223 381 15 41 0.79864501953125 1 -1 -1 
200 385 17 46 0.7906805276870728 1 -1 -1 
179 389 18 43 0.789720892906189 1 -1 -1 
108 367 24 34 0.7745404839515686 10 -1 -1 
76 341 45 33 0.7743093967437744 10 -1 -1 
465 127 34 13 0.7645685076713562 6 -1 -1 
573 368 17 54 0.7316274642944336 1 -1 -1 
160 316 40 40 0.7023390531539917 7 -1 -1 
536 366 32 42 0.6998071670532227 10 -1 -1 
437 303 17 26 0.6972173452377319 10 -1 -1 
505 369 19 37 0.6953269839286804 2 -1 -1 
472 217 14 17 0.6597087979316711 7 -1 -1 
438 294 15 26 0.6579831838607788 2 -1 -1 
533 294 68 30 0.6547039747238159 7 -1 -1 
507 178 7 12 0.6496244072914124 2 -1 -1 
429 145 11 14 0.6358973383903503 8 -1 -1 
512 223 8 15 0.6294717788696289 2 -1 -1 
496 317 17 32 0.628577470779419 10 -1 -1 
188 413 15 34 0.62059485912323 1 -1 -1 
505 378 19 35 0.619628369808197 10 -1 -1 
483 171 6 9 0.6131245493888855 2 -1 -1 
518 189 9 16 0.6125096678733826 2 -1 -1 
483 175 6 11 0.6092554926872253 10 -1 -1 
575 354 49 28 0.6075677275657654 3 -1 -1 
458 318 15 28 0.6074281334877014 10 -1 -1 
518 195 9 16 0.6039609313011169 10 -1 -1 
130 373 28 29 0.5974792242050171 10 -1 -1 
552 198 53 23 0.5956082344055176 8 -1 -1 
361 314 13 34 0.5943289399147034 1 -1 -1 
563 150 9 12 0.5918141603469849 8 -1 -1 
458 308 14 28 0.5901628732681274 2 -1 -1 
493 212 10 17 0.5828099250793457 10 -1 -1 
480 245 8 16 0.5824714303016663 10 -1 -1 
446 240 14 26 0.5817819237709045 10 -1 -1 
497 313 15 28 0.5780380368232727 2 -1 -1 
467 184 14 10 0.5770005583763123 10 -1 -1 
397 320 22 30 0.5737233757972717 10 -1 -1 
506 182 8 11 0.5729756355285645 10 -1 -1 
342 289 63 36 0.5725948810577393 7 -1 -1 
615 299 30 21 0.5608379244804382 10 -1 -1 
512 229 8 16 0.5588071346282959 10 -1 -1 
422 161 17 14 0.5586403012275696 4 -1 -1 
551 330 48 27 0.557072639465332 7 -1 -1 
505 150 5 9 0.5513594150543213 2 -1 -1 
495 191 7 15 0.5487378835678101 2 -1 -1 
505 153 5 9 0.543664276599884 10 -1 -1 
529 266 13 25 0.5316351056098938 2 -1 -1 
480 238 7 15 0.5270300507545471 2 -1 -1 
221 368 15 39 0.5230011940002441 1 -1 -1 
529 148 6 9 0.5144806504249573 2 -1 -1 
452 126 5 10 0.5134987235069275 1 -1 -1 
598 280 34 20 0.5134279727935791 10 -1 -1 
475 227 7 16 0.5071418285369873 2 -1 -1 
494 208 9 14 0.502001166343689 2 -1 -1 
529 151 6 9 0.4997707009315491 10 -1 -1 
475 234 7 14 0.48794227838516235 10 -1 -1 
491 198 13 11 0.487870991230011 10 -1 -1 
552 198 53 22 0.4874747693538666 7 -1 -1 
587 383 50 29 0.47687065601348877 3 -1 -1 
430 240 22 24 0.47234851121902466 10 -1 -1 
623 258 12 22 0.4657837450504303 2 -1 -1 
639 302 35 25 0.4613819718360901 8 -1 -1 
505 377 19 36 0.44885700941085815 3 -1 -1 
438 295 15 28 0.44854187965393066 10 -1 -1 
555 366 15 43 0.44539374113082886 1 -1 -1 
522 271 8 20 0.4429370164871216 1 -1 -1 
386 140 29 14 0.44246429204940796 5 -1 -1 
548 303 13 28 0.43827125430107117 1 -1 -1 
415 182 39 25 0.4374958276748657 8 -1 -1 
433 231 10 17 0.4326085150241852 2 -1 -1 
449 145 6 12 0.4322980046272278 1 -1 -1 
382 153 31 14 0.4231705069541931 4 -1 -1 
474 214 9 17 0.4224880635738373 2 -1 -1 
372 207 9 20 0.4186927378177643 1 -1 -1 
472 179 6 12 0.41562214493751526 2 -1 -1 
423 161 16 14 0.4027267396450043 5 -1 -1 
161 318 39 39 0.4017961621284485 8 -1 -1 
372 252 14 32 0.3936968147754669 1 -1 -1 
550 300 51 25 0.389888197183609 7 -1 -1 
451 112 11 10 0.3898414969444275 4 -1 -1 
559 354 65 28 0.38924965262413025 7 -1 -1 
267 448 38 45 0.38507264852523804 5 -1 -1 
189 426 13 21 0.3848537504673004 2 -1 -1 
199 230 113 51 0.38485080003738403 6 -1 -1 
430 119 14 8 0.38281700015068054 4 -1 -1 
581 192 7 16 0.3828045725822449 1 -1 -1 
384 147 29 13 0.3816410005092621 4 -1 -1 
403 317 15 23 0.37831634283065796 2 -1 -1 
534 212 15 16 0.3758191466331482 8 -1 -1 
429 145 11 14 0.37512439489364624 7 -1 -1 
372 207 10 20 0.3736029863357544 10 -1 -1 
492 195 11 13 0.37247326970100403 2 -1 -1 
442 148 5 14 0.3724097013473511 1 -1 -1 
480 241 8 16 0.371016263961792 2 -1 -1 
582 351 23 28 0.3697792589664459 2 -1 -1 
466 127 33 13 0.36926358938217163 7 -1 -1 
522 271 8 20 0.36773520708084106 2 -1 -1 
340 295 68 44 0.36721423268318176 7 -1 -1 
463 125 12 12 0.3669617772102356 8 -1 -1 
452 179 7 17 0.366374671459198 1 -1 -1 
553 332 47 25 0.36369723081588745 10 -1 -1 
413 203 27 17 0.36063292622566223 7 -1 -1 
393 229 47 24 0.3566405475139618 8 -1 -1 
189 426 13 21 0.35607945919036865 1 -1 -1 
464 180 12 14 0.3549308180809021 10 -1 -1 
523 277 22 16 0.35363078117370605 10 -1 -1 
570 350 43 29 0.3532961308956146 2 -1 -1 
452 126 5 9 0.353250116109848 2 -1 -1 
130 372 27 29 0.352997362613678 3 -1 -1 
551 365 19 43 0.3521602153778076 2 -1 -1 
480 219 6 15 0.3510136902332306 1 -1 -1 
413 182 42 24 0.3487379848957062 7 -1 -1 
463 179 8 13 0.34609803557395935 10 -1 -1 
534 212 15 16 0.3444172739982605 7 -1 -1 
447 239 13 21 0.34308522939682007 2 -1 -1 
386 141 29 13 0.3429630398750305 4 -1 -1 
552 366 18 43 0.3429196774959564 10 -1 -1 
534 212 15 15 0.34236276149749756 10 -1 -1 
429 230 13 15 0.3401525914669037 2 -1 -1 
581 191 7 17 0.34011825919151306 2 -1 -1 
413 200 26 18 0.3377395272254944 8 -1 -1 
464 179 7 12 0.3373376131057739 2 -1 -1 
484 170 4 7 0.33709007501602173 2 -1 -1 
599 274 43 25 0.33630356192588806 7 -1 -1 
544 165 11 13 0.33416324853897095 2 -1 -1 
429 119 15 8 0.33300721645355225 5 -1 -1 
491 197 12 13 0.32821375131607056 7 -1 -1 
479 236 8 13 0.32785600423812866 2 -1 -1 
429 241 16 25 0.326765239238739 10 -1 -1 
636 297 36 25 0.32640165090560913 8 -1 -1 
380 156 29 13 0.32408344745635986 4 -1 -1 
425 239 10 23 0.32364943623542786 2 -1 -1 
547 193 13 17 0.32287439703941345 8 -1 -1 
463 125 7 11 0.32274410128593445 8 -1 -1 
533 300 44 21 0.32273104786872864 7 -1 -1 
494 194 9 14 0.3213116228580475 10 -1 -1 
493 211 10 17 0.32062509655952454 2 -1 -1 
546 193 13 17 0.3205544948577881 7 -1 -1 
478 219 8 15 0.32025641202926636 7 -1 -1 
483 174 6 11 0.3195911943912506 2 -1 -1 
430 211 20 18 0.31927040219306946 10 -1 -1 
538 113 7 5 0.31887689232826233 4 -1 -1 
598 272 37 20 0.31557735800743103 10 -1 -1 
432 233 11 24 0.31288743019104004 2 -1 -1 
385 219 55 42 0.3124661445617676 8 -1 -1 
546 192 56 25 0.31230399012565613 7 -1 -1 
433 231 10 18 0.3110695779323578 1 -1 -1 
436 141 11 12 0.3110501766204834 8 -1 -1 
204 289 99 48 0.3109724223613739 8 -1 -1 
472 217 14 17 0.30711600184440613 8 -1 -1 
203 393 15 38 0.3068505525588989 3 -1 -1 
465 177 7 12 0.30637386441230774 2 -1 -1 
433 141 6 10 0.3063254654407501 2 -1 -1 
472 216 6 15 0.3059559166431427 2 -1 -1 
348 289 44 29 0.3055371940135956 7 -1 -1 
433 141 6 11 0.3055301308631897 1 -1 -1 
395 207 8 16 0.30448949337005615 1 -1 -1 
698 328 11 26 0.3034523129463196 1 -1 -1 
395 195 11 23 0.3012208044528961 1 -1 -1 
623 258 12 22 0.300823450088501 1 -1 -1 
412 191 37 20 0.300186425447464 8 -1 -1 
551 330 48 27 0.29883068799972534 8 -1 -1 
452 127 4 8 0.2966790199279785 10 -1 -1 
373 210 13 19 0.2966427206993103 10 -1 -1 
449 146 5 11 0.2965354323387146 2 -1 -1 
528 262 11 24 0.29650530219078064 2 -1 -1 
601 385 35 37 0.29574111104011536 3 -1 -1 
505 369 19 38 0.29523834586143494 1 -1 -1 
392 235 10 22 0.2930541932582855 1 -1 -1 
365 314 15 33 0.29211318492889404 1 -1 -1 
422 238 10 24 0.2910726070404053 2 -1 -1 
475 233 8 14 0.28945252299308777 2 -1 -1 
346 296 45 31 0.28944623470306396 7 -1 -1 
563 150 9 12 0.2891958951950073 7 -1 -1 
550 333 56 34 0.2829750180244446 7 -1 -1 
384 145 31 17 0.2505129277706146 5 -1 -1 
533 293 69 31 0.2498953491449356 8 -1 -1 
479 139 18 27 0.24807527661323547 5 -1 -1 
345 288 60 35 0.23758603632450104 8 -1 -1 
337 309 77 35 0.23736365139484406 7 -1 -1 
204 327 71 37 0.22839230298995972 8 -1 -1 
564 351 60 31 0.2271396964788437 8 -1 -1 
152 221 161 64 0.22521920502185822 6 -1 -1 
204 327 71 37 0.22409500181674957 3 -1 -1 
343 288 62 36 0.22165405750274658 10 -1 -1 
375 158 32 16 0.22075863182544708 4 -1 -1 
179 388 19 43 0.21468546986579895 2 -1 -1 
541 151 20 28 0.21126993000507355 8 -1 -1 
539 196 66 24 0.20874828100204468 6 -1 -1 
381 152 32 14 0.20723533630371094 5 -1 -1 
457 308 16 29 0.2010953724384308 1 -1 -1 
353 302 68 38 0.19858504831790924 7 -1 -1 
346 294 69 39 0.18645067512989044 8 -1 -1 
647 250 75 36 0.1850791573524475 4 -1 -1 
199 385 18 46 0.18266735970973969 2 -1 -1 
208 319 85 43 0.1766820251941681 7 -1 -1 
353 302 68 38 0.1763964593410492 8 -1 -1 
457 308 16 29 0.17179074883460999 10 -1 -1 
574 377 62 38 0.1716916412115097 3 -1 -1 
607 428 101 54 0.17113859951496124 7 -1 -1 
188 414 15 33 0.1691795140504837 2 -1 -1 
545 192 52 23 0.16231954097747803 6 -1 -1 
694 313 61 39 0.15617920458316803 4 -1 -1 
524 270 22 24 0.15609540045261383 2 -1 -1 
525 260 17 30 0.15608173608779907 10 -1 -1 
386 143 35 18 0.15599030256271362 4 -1 -1 
184 406 17 39 0.1544477939605713 1 -1 -1 
785 494 69 36 0.15388032793998718 10 -1 -1 
601 425 131 103 0.15354739129543304 8 -1 -1 
195 285 112 72 0.15154613554477692 8 -1 -1 
616 286 56 40 0.15152792632579803 8 -1 -1 
545 343 69 40 0.15111684799194336 7 -1 -1 
479 139 18 27 0.150308296084404 8 -1 -1 
220 244 101 39 0.14942559599876404 6 -1 -1 
559 354 65 28 0.14932413399219513 10 -1 -1 
550 333 56 34 0.14924298226833344 8 -1 -1 
479 139 18 27 0.14862826466560364 9 -1 -1 
550 333 56 34 0.14711961150169373 10 -1 -1 
338 300 68 41 0.14638851583003998 10 -1 -1 
207 285 98 35 0.14410974085330963 8 -1 -1 
541 151 20 28 0.14399388432502747 7 -1 -1 
337 312 58 32 0.14345182478427887 10 -1 -1 
465 126 34 14 0.14219404757022858 8 -1 -1 
533 294 68 31 0.14017312228679657 10 -1 -1 
615 283 58 38 0.1368534415960312 7 -1 -1 
458 317 15 29 0.1354639232158661 3 -1 -1 
204 327 73 37 0.13248653709888458 2 -1 -1 
387 219 56 41 0.13213975727558136 7 -1 -1 
220 368 17 35 0.13196346163749695 2 -1 -1 
24 277 67 75 0.13077856600284576 6 -1 -1 
697 314 64 38 0.13035894930362701 5 -1 -1 
199 385 18 46 0.12890176475048065 10 -1 -1 
184 228 123 53 0.12868136167526245 9 -1 -1 
457 314 17 31 0.12843666970729828 1 -1 -1 
520 268 23 26 0.1279790699481964 10 -1 -1 
352 290 66 42 0.1274191290140152 7 -1 -1 
628 225 65 32 0.12315220385789871 4 -1 -1 
266 447 40 48 0.12306499481201172 8 -1 -1 
220 225 195 57 0.12255936115980148 6 -1 -1 
231 290 79 57 0.12180040031671524 8 -1 -1 
219 365 19 32 0.12166549265384674 1 -1 -1 
219 373 14 43 0.12088585644960403 1 -1 -1 
522 271 24 23 0.11871866881847382 7 -1 -1 
338 300 68 41 0.1176380068063736 8 -1 -1 
646 243 63 37 0.11738733947277069 4 -1 -1 
546 190 46 21 0.1171039342880249 7 -1 -1 
524 260 17 31 0.11552894860506058 2 -1 -1 
600 424 133 104 0.11465633660554886 7 -1 -1 
655 238 78 44 0.11305272579193115 4 -1 -1 
647 232 70 39 0.11256576329469681 4 -1 -1 
388 150 33 16 0.11217360943555832 4 -1 -1 
27 279 70 74 0.1118398979306221 8 -1 -1 
542 351 83 39 0.11167581379413605 7 -1 -1 
465 127 34 13 0.11141447722911835 5 -1 -1 
535 206 49 21 0.11102575808763504 6 -1 -1 
620 425 84 43 0.11052275449037552 7 -1 -1 
224 309 81 47 0.11000541597604752 8 -1 -1 
196 298 111 71 0.10988254845142365 7 -1 -1 
221 229 127 52 0.10891325771808624 7 -1 -1 
545 191 27 22 0.10836394131183624 6 -1 -1 
204 289 99 48 0.10749360173940659 7 -1 -1 
522 275 25 20 0.1072220727801323 3 -1 -1 
775 461 83 41 0.10720549523830414 4 -1 -1 
377 154 32 16 0.106998011469841 5 -1 -1 
204 327 71 37 0.10676311701536179 10 -1 -1 
580 382 55 35 0.10595245659351349 7 -1 -1 
571 369 61 43 0.10484325885772705 7 -1 -1 
526 263 17 28 0.10476384311914444 1 -1 -1 
542 193 39 25 0.10379050672054291 6 -1 -1 
541 316 59 40 0.1037435308098793 7 -1 -1 
638 229 68 35 0.10359513759613037 4 -1 -1 
664 247 74 47 0.102546326816082 4 -1 -1 
346 294 69 39 0.10244455188512802 10 -1 -1 
202 398 16 35 0.10237541794776917 1 -1 -1 
192 269 118 62 0.10177937150001526 8 -1 -1 
465 127 34 13 0.1013718992471695 4 -1 -1 
30 264 144 84 0.10098292678594589 4 -1 -1 
185 421 18 30 0.10071063786745071 1 -1 -1 
799 401 65 35 0.1001819297671318 10 -1 -1 
381 383 76 93 0.09989438951015472 5 -1 -1 
607 428 101 54 0.0998699739575386 3 -1 -1 
224 229 127 53 0.09909960627555847 8 -1 -1 
478 139 18 27 0.09907682985067368 4 -1 -1 
184 228 123 53 0.09884995222091675 5 -1 -1 
381 383 75 93 0.09878120571374893 1 -1 -1 
580 382 55 35 0.09829948842525482 8 -1 -1 
186 229 122 52 0.0978991687297821 4 -1 -1 
556 347 68 34 0.09714236855506897 3 -1 -1 
740 442 72 45 0.09678656607866287 10 -1 -1 
133 214 178 73 0.09637831151485443 9 -1 -1 
571 369 61 43 0.09616154432296753 8 -1 -1 
605 276 62 33 0.09579361230134964 7 -1 -1 
533 293 69 31 0.09578835219144821 6 -1 -1 
541 151 21 27 0.09552839398384094 6 -1 -1 
702 315 75 39 0.09551917761564255 4 -1 -1 
620 268 66 34 0.0954231321811676 8 -1 -1 
614 267 67 34 0.09509726613759995 7 -1 -1 
223 381 15 41 0.0949813649058342 2 -1 -1 
204 327 72 37 0.09441094100475311 6 -1 -1 
536 200 68 25 0.09415412694215775 7 -1 -1 
552 198 53 23 0.09387993812561035 3 -1 -1 
189 386 17 44 0.093809112906456 1 -1 -1 
540 151 21 27 0.09374245256185532 4 -1 -1 
590 382 48 49 0.09346846491098404 3 -1 -1 
180 396 19 41 0.09339430928230286 3 -1 -1 
204 327 72 37 0.09333997964859009 4 -1 -1 
134 219 177 70 0.09329525381326675 5 -1 -1 
781 473 89 43 0.0929853543639183 4 -1 -1 
198 264 105 39 0.09287726134061813 6 -1 -1 
584 424 148 107 0.09248939156532288 6 -1 -1 
522 271 24 23 0.0921444520354271 8 -1 -1 
375 158 32 16 0.09212654083967209 5 -1 -1 
179 388 18 43 0.09156451374292374 10 -1 -1 
524 270 22 24 0.09140285104513168 1 -1 -1 
343 288 62 37 0.09071609377861023 4 -1 -1 
337 312 78 33 0.09064172208309174 8 -1 -1 
521 266 66 29 0.09064048528671265 7 -1 -1 
568 364 59 49 0.09057019650936127 3 -1 -1 
220 229 120 53 0.09056271612644196 5 -1 -1 
26 262 127 86 0.09046906977891922 5 -1 -1 
377 144 33 17 0.08934876322746277 4 -1 -1 
186 229 122 52 0.08900237828493118 7 -1 -1 
195 387 18 45 0.08806998282670975 1 -1 -1 
134 219 177 70 0.08674973249435425 4 -1 -1 
23 260 119 91 0.08436133712530136 6 -1 -1 
778 452 135 66 0.08238665014505386 4 -1 -1 
196 298 111 71 0.08032431453466415 6 -1 -1 
60 265 143 83 0.07197079807519913 6 -1 -1 
17 250 106 101 0.07045286893844604 4 -1 -1 
783 460 146 73 0.06917088478803635 5 -1 -1 
30 264 144 84 0.06659102439880371 9 -1 -1 
192 269 118 62 0.06500070542097092 7 -1 -1 
13 252 88 104 0.05915113911032677 6 -1 -1 
112 216 190 83 0.058771174401044846 6 -1 -1 
38 249 162 82 0.0586077980697155 4 -1 -1 
547 423 186 109 0.05859841778874397 9 -1 -1 
196 298 111 71 0.05700330808758736 9 -1 -1 
177 283 126 75 0.05634817108511925 7 -1 -1 
24 250 159 87 0.05543430894613266 6 -1 -1 
58 267 140 83 0.05478091165423393 5 -1 -1 
90 279 120 81 0.053926415741443634 6 -1 -1 
195 243 131 74 0.05345271900296211 8 -1 -1 
12 248 90 105 0.052902061492204666 5 -1 -1 
168 224 145 60 0.052172742784023285 8 -1 -1 
775 443 134 67 0.05176573619246483 5 -1 -1 
543 194 61 28 0.05028795078396797 4 -1 -1 
