1183 610 149 91 0.98002690076828 5 -1 -1 
650 160 28 37 0.9691325426101685 5 -1 -1 
706 83 25 28 0.9418668150901794 5 -1 -1 
628 542 64 108 0.9379993677139282 4 -1 -1 
1056 429 123 55 0.9335266351699829 4 -1 -1 
1128 551 157 82 0.9332278966903687 5 -1 -1 
1013 391 118 55 0.9255619049072266 4 -1 -1 
1111 508 148 65 0.9209901690483093 4 -1 -1 
964 326 105 42 0.9153618216514587 4 -1 -1 
788 522 19 52 0.9085781574249268 1 -1 -1 
67 351 98 63 0.9036028385162354 4 -1 -1 
956 295 99 40 0.8979389071464539 4 -1 -1 
731 167 30 32 0.8841281533241272 4 -1 -1 
981 352 117 51 0.8704838156700134 4 -1 -1 
1178 189 43 36 0.868613600730896 4 -1 -1 
654 240 40 41 0.8655104637145996 4 -1 -1 
1223 330 36 26 0.8568479418754578 3 -1 -1 
652 342 47 60 0.8501752018928528 4 -1 -1 
447 40 22 21 0.820423424243927 4 -1 -1 
461 360 17 36 0.8160451650619507 1 -1 -1 
943 272 94 35 0.8148177862167358 4 -1 -1 
691 65 23 22 0.807939887046814 4 -1 -1 
537 48 20 18 0.8016059994697571 4 -1 -1 
497 37 19 22 0.7992347478866577 5 -1 -1 
499 106 30 29 0.7955437898635864 4 -1 -1 
566 23 21 19 0.7944926619529724 4 -1 -1 
686 12 18 18 0.7783347368240356 4 -1 -1 
443 83 25 23 0.7768833041191101 4 -1 -1 
780 175 54 31 0.775225043296814 4 -1 -1 
488 451 15 45 0.7635016441345215 1 -1 -1 
510 51 19 20 0.7621170878410339 4 -1 -1 
858 185 14 19 0.7595323324203491 10 -1 -1 
885 236 17 34 0.757537305355072 1 -1 -1 
948 177 54 39 0.755914568901062 5 -1 -1 
375 79 26 25 0.7517809867858887 4 -1 -1 
507 84 24 25 0.7512543201446533 4 -1 -1 
504 240 14 32 0.7489937543869019 1 -1 -1 
3 54 58 21 0.7336536645889282 4 -1 -1 
768 354 16 36 0.7329055666923523 1 -1 -1 
569 10 19 16 0.7209027409553528 4 -1 -1 
437 99 27 27 0.7186124920845032 4 -1 -1 
632 127 29 27 0.7178317904472351 4 -1 -1 
469 98 29 28 0.7168365120887756 4 -1 -1 
474 81 25 24 0.7166182994842529 4 -1 -1 
401 95 27 29 0.7133650183677673 4 -1 -1 
731 140 28 31 0.7050153017044067 4 -1 -1 
487 253 11 39 0.7006341218948364 1 -1 -1 
407 81 26 26 0.6735793948173523 4 -1 -1 
572 90 9 16 0.6539278030395508 10 -1 -1 
610 245 13 25 0.6529883742332458 2 -1 -1 
897 189 11 22 0.6420198082923889 2 -1 -1 
811 543 24 46 0.6323767900466919 3 -1 -1 
895 196 13 22 0.6322688460350037 3 -1 -1 
437 675 25 77 0.6244781017303467 10 -1 -1 
417 38 20 21 0.6243236064910889 4 -1 -1 
8 47 56 25 0.6204392910003662 4 -1 -1 
508 480 20 31 0.619663655757904 2 -1 -1 
474 41 17 19 0.614904522895813 4 -1 -1 
572 86 8 15 0.6148443818092346 2 -1 -1 
-1 294 110 82 0.6083275675773621 8 -1 -1 
369 96 28 26 0.608223021030426 4 -1 -1 
848 312 13 32 0.6050364971160889 1 -1 -1 
677 88 7 18 0.6039621233940125 2 -1 -1 
207 304 17 26 0.5985123515129089 2 -1 -1 
575 1 18 16 0.591810405254364 4 -1 -1 
609 253 14 25 0.5914379358291626 10 -1 -1 
396 54 58 25 0.5820098519325256 4 -1 -1 
480 251 19 43 0.5663865208625793 1 -1 -1 
507 495 20 38 0.5616203546524048 10 -1 -1 
480 50 22 21 0.5579759478569031 4 -1 -1 
396 50 23 21 0.529452383518219 4 -1 -1 
819 528 22 45 0.5222635269165039 2 -1 -1 
480 49 21 22 0.5202315449714661 5 -1 -1 
602 31 7 17 0.5182333588600159 1 -1 -1 
200 316 30 20 0.5148307085037231 10 -1 -1 
602 29 7 13 0.5135886669158936 2 -1 -1 
1222 330 36 26 0.5093373656272888 10 -1 -1 
677 92 7 17 0.4988243281841278 10 -1 -1 
417 38 20 21 0.4975808560848236 5 -1 -1 
472 264 14 37 0.49699485301971436 1 -1 -1 
474 252 20 48 0.48226210474967957 1 -1 -1 
533 69 6 16 0.48120903968811035 1 -1 -1 
548 73 6 18 0.46996697783470154 1 -1 -1 
907 256 13 28 0.4595390558242798 1 -1 -1 
0 294 110 82 0.44274264574050903 5 -1 -1 
602 34 7 13 0.4427179992198944 10 -1 -1 
834 60 7 18 0.43663468956947327 1 -1 -1 
818 528 21 47 0.4318840205669403 1 -1 -1 
736 102 20 19 0.4242328107357025 4 -1 -1 
17 45 55 22 0.42412298917770386 4 -1 -1 
395 55 59 24 0.4225246012210846 5 -1 -1 
609 251 14 25 0.41853973269462585 2 -1 -1 
781 357 10 31 0.4177377223968506 1 -1 -1 
464 260 21 42 0.39709627628326416 1 -1 -1 
504 241 14 31 0.39498910307884216 10 -1 -1 
575 1 18 16 0.39198222756385803 5 -1 -1 
960 314 103 46 0.3884652554988861 4 -1 -1 
814 536 26 49 0.38806137442588806 3 -1 -1 
896 189 12 24 0.38120195269584656 1 -1 -1 
548 72 6 15 0.37907683849334717 2 -1 -1 
547 37 6 15 0.3759460151195526 1 -1 -1 
731 140 28 31 0.368257999420166 5 -1 -1 
892 201 15 19 0.36284539103507996 3 -1 -1 
504 240 14 32 0.3595605492591858 2 -1 -1 
1328 142 28 50 0.3575921654701233 1 -1 -1 
541 73 7 19 0.35701024532318115 1 -1 -1 
907 256 13 26 0.3555395305156708 2 -1 -1 
897 190 11 24 0.34284988045692444 3 -1 -1 
122 723 131 42 0.3304990530014038 4 -1 -1 
797 37 6 11 0.32490289211273193 1 -1 -1 
474 41 17 19 0.3204471468925476 5 -1 -1 
797 36 6 10 0.3185017704963684 2 -1 -1 
948 176 56 40 0.31750980019569397 4 -1 -1 
0 460 18 28 0.3161233067512512 10 -1 -1 
677 95 7 15 0.31312331557273865 3 -1 -1 
200 303 29 32 0.3115406036376953 2 -1 -1 
400 370 21 19 0.31045013666152954 2 -1 -1 
437 675 25 52 0.30595025420188904 2 -1 -1 
602 35 7 12 0.30038559436798096 3 -1 -1 
810 544 23 45 0.2994120419025421 10 -1 -1 
386 37 12 15 0.2993592321872711 3 -1 -1 
814 536 26 49 0.2983318269252777 1 -1 -1 
677 88 7 19 0.29405584931373596 1 -1 -1 
545 42 9 13 0.292123407125473 1 -1 -1 
949 286 102 38 0.2904757261276245 4 -1 -1 
544 73 9 19 0.28711068630218506 1 -1 -1 
602 28 7 9 0.2818256914615631 2 -1 -1 
507 479 21 44 0.276999831199646 10 -1 -1 
737 92 33 29 0.25152191519737244 4 -1 -1 
506 494 21 40 0.24749866127967834 3 -1 -1 
-4 294 115 84 0.2295602709054947 9 -1 -1 
470 86 29 33 0.2258472889661789 4 -1 -1 
368 95 30 28 0.2183343917131424 5 -1 -1 
200 303 29 32 0.21120797097682953 1 -1 -1 
506 488 22 44 0.21042703092098236 2 -1 -1 
499 106 30 29 0.20636481046676636 5 -1 -1 
1130 554 155 79 0.20633327960968018 4 -1 -1 
1183 610 149 91 0.20321474969387054 4 -1 -1 
0 295 109 81 0.20064358413219452 4 -1 -1 
1271 175 30 31 0.1963195502758026 10 -1 -1 
507 478 21 43 0.19571936130523682 1 -1 -1 
1270 177 31 30 0.1772359311580658 3 -1 -1 
201 304 29 31 0.1731993556022644 10 -1 -1 
469 262 18 40 0.17317119240760803 2 -1 -1 
-4 294 112 82 0.1690228432416916 6 -1 -1 
304 323 138 60 0.16777729988098145 4 -1 -1 
1303 710 57 55 0.1655617207288742 5 -1 -1 
458 262 23 44 0.16483598947525024 1 -1 -1 
982 352 115 52 0.1620350033044815 5 -1 -1 
970 348 119 40 0.1602623164653778 4 -1 -1 
1275 168 28 37 0.15936680138111115 2 -1 -1 
737 100 42 22 0.15420618653297424 4 -1 -1 
438 84 29 31 0.15365095436573029 4 -1 -1 
434 674 30 80 0.1535075157880783 1 -1 -1 
846 308 18 39 0.15214231610298157 1 -1 -1 
726 71 41 22 0.15102927386760712 4 -1 -1 
1183 610 149 91 0.15098528563976288 10 -1 -1 
469 98 29 28 0.15091976523399353 5 -1 -1 
868 529 134 229 0.15004397928714752 6 -1 -1 
903 255 19 37 0.14927338063716888 1 -1 -1 
404 84 29 32 0.14790724217891693 4 -1 -1 
199 314 33 23 0.14518171548843384 3 -1 -1 
1182 611 150 90 0.14190979301929474 6 -1 -1 
159 507 150 109 0.14127998054027557 4 -1 -1 
437 98 27 28 0.13932380080223083 5 -1 -1 
66 351 99 63 0.1361769139766693 5 -1 -1 
965 327 104 42 0.13473279774188995 1 -1 -1 
1325 157 25 38 0.13274751603603363 1 -1 -1 
405 79 29 28 0.130313903093338 5 -1 -1 
766 355 24 40 0.12995365262031555 1 -1 -1 
1275 168 28 37 0.12938660383224487 1 -1 -1 
737 92 33 29 0.12690545618534088 5 -1 -1 
1302 709 57 56 0.12292934209108353 4 -1 -1 
473 253 19 47 0.12030541896820068 2 -1 -1 
956 295 99 41 0.12018448859453201 5 -1 -1 
957 295 97 40 0.1165388748049736 1 -1 -1 
904 254 20 37 0.1149182841181755 2 -1 -1 
506 493 22 41 0.11380220204591751 7 -1 -1 
944 270 93 36 0.113618865609169 5 -1 -1 
472 80 28 28 0.11291048675775528 5 -1 -1 
737 80 37 29 0.11256750673055649 4 -1 -1 
345 324 94 48 0.11198767274618149 4 -1 -1 
1013 391 118 54 0.11093836277723312 1 -1 -1 
396 54 58 25 0.10965847223997116 6 -1 -1 
705 83 27 28 0.10897268354892731 4 -1 -1 
479 251 19 44 0.1080712154507637 2 -1 -1 
1183 610 149 91 0.1080230325460434 8 -1 -1 
1128 552 157 82 0.10773810744285583 6 -1 -1 
628 542 64 108 0.10763140022754669 9 -1 -1 
1332 161 26 41 0.10693506896495819 1 -1 -1 
1057 429 122 54 0.10372262448072433 1 -1 -1 
628 542 64 108 0.10269176959991455 5 -1 -1 
81 713 163 52 0.10213407129049301 4 -1 -1 
1013 391 118 55 0.10098892450332642 5 -1 -1 
506 488 22 44 0.10040483623743057 1 -1 -1 
274 211 71 70 0.0999949723482132 4 -1 -1 
870 517 123 165 0.0994747057557106 6 -1 -1 
629 542 63 108 0.09871288388967514 1 -1 -1 
282 206 85 62 0.09829381108283997 4 -1 -1 
499 106 30 29 0.09802793711423874 6 -1 -1 
1057 429 122 54 0.09791893512010574 5 -1 -1 
1113 506 150 66 0.09729107469320297 5 -1 -1 
122 723 131 42 0.09710115939378738 10 -1 -1 
507 479 21 44 0.0970182865858078 3 -1 -1 
775 356 18 38 0.09684884548187256 1 -1 -1 
965 327 104 41 0.09610483050346375 5 -1 -1 
1303 711 57 54 0.09550686925649643 6 -1 -1 
734 87 27 33 0.09534573554992676 4 -1 -1 
737 92 33 29 0.09528709203004837 6 -1 -1 
1128 552 157 80 0.09499862045049667 9 -1 -1 
119 722 133 43 0.09483149647712708 7 -1 -1 
401 95 27 29 0.094621442258358 5 -1 -1 
981 352 116 51 0.09440761804580688 1 -1 -1 
146 147 182 77 0.09331017732620239 6 -1 -1 
363 325 77 60 0.09314998984336853 8 -1 -1 
