544 410 95 79 0.9250885844230652 5 -1 -1 
234 504 15 41 0.8603457808494568 1 -1 -1 
1012 155 33 33 0.8601818680763245 4 -1 -1 
218 499 17 47 0.8454260230064392 1 -1 -1 
118 165 60 46 0.8433853387832642 4 -1 -1 
239 491 21 43 0.8358445167541504 1 -1 -1 
229 223 27 22 0.7464416027069092 10 -1 -1 
5 383 14 28 0.729350209236145 1 -1 -1 
440 375 49 68 0.7157313823699951 5 -1 -1 
239 234 28 20 0.6883862018585205 10 -1 -1 
200 205 29 22 0.6785001158714294 10 -1 -1 
191 471 68 63 0.6651116013526917 7 -1 -1 
410 463 119 92 0.6584211587905884 4 -1 -1 
172 349 88 62 0.6469167470932007 5 -1 -1 
1216 89 33 27 0.6316289305686951 4 -1 -1 
989 100 9 17 0.6018616557121277 3 -1 -1 
249 383 76 111 0.5905032157897949 6 -1 -1 
411 462 117 94 0.5856395363807678 5 -1 -1 
1235 16 8 16 0.5818173885345459 1 -1 -1 
1213 138 77 70 0.5701422691345215 6 -1 -1 
989 96 9 17 0.5647985339164734 2 -1 -1 
1083 38 25 18 0.5601287484169006 4 -1 -1 
870 360 14 38 0.5099963545799255 1 -1 -1 
731 646 137 115 0.4510226845741272 4 -1 -1 
1216 88 33 28 0.43826058506965637 5 -1 -1 
989 97 8 19 0.41041627526283264 1 -1 -1 
191 478 43 55 0.3853749632835388 7 -1 -1 
601 486 42 46 0.3725997507572174 7 -1 -1 
1234 16 9 15 0.37101975083351135 2 -1 -1 
0 382 10 33 0.3533341586589813 1 -1 -1 
440 378 49 65 0.3470383882522583 4 -1 -1 
240 234 27 20 0.3467545807361603 3 -1 -1 
1234 16 9 15 0.34658971428871155 10 -1 -1 
172 332 66 61 0.3360552191734314 5 -1 -1 
181 331 45 45 0.31568390130996704 4 -1 -1 
1025 149 11 19 0.30627205967903137 2 -1 -1 
544 410 92 78 0.29120758175849915 4 -1 -1 
236 496 17 41 0.2861611545085907 1 -1 -1 
235 194 19 16 0.28489458560943604 3 -1 -1 
37 335 84 73 0.2837952971458435 7 -1 -1 
989 100 9 17 0.28046199679374695 10 -1 -1 
1077 21 28 18 0.2730032801628113 4 -1 -1 
729 668 103 92 0.27282580733299255 4 -1 -1 
1257 35 79 33 0.2583325505256653 6 -1 -1 
791 588 30 28 0.25572359561920166 2 -1 -1 
165 180 17 21 0.25319892168045044 1 -1 -1 
1006 578 23 46 0.2525607943534851 1 -1 -1 
1216 88 33 28 0.2524985373020172 6 -1 -1 
39 345 100 63 0.25189921259880066 6 -1 -1 
599 470 50 59 0.2516871392726898 7 -1 -1 
440 374 48 69 0.24120047688484192 6 -1 -1 
1025 149 11 19 0.23837508261203766 1 -1 -1 
600 485 43 47 0.23682744801044464 8 -1 -1 
169 349 95 61 0.23167353868484497 4 -1 -1 
1073 20 32 20 0.2292795330286026 9 -1 -1 
1248 11 25 20 0.22581246495246887 8 -1 -1 
1248 17 18 15 0.22209903597831726 8 -1 -1 
162 330 69 55 0.22180315852165222 4 -1 -1 
40 339 85 69 0.2187972515821457 4 -1 -1 
1211 267 15 22 0.2181275486946106 1 -1 -1 
1234 16 9 15 0.21602925658226013 3 -1 -1 
38 337 84 71 0.21522708237171173 8 -1 -1 
544 413 99 75 0.21403218805789948 6 -1 -1 
0 391 8 25 0.21290044486522675 1 -1 -1 
250 375 75 120 0.2042824923992157 5 -1 -1 
33 333 145 77 0.2013816088438034 6 -1 -1 
601 493 41 39 0.19818949699401855 10 -1 -1 
250 179 12 30 0.19668272137641907 1 -1 -1 
233 492 17 40 0.19128620624542236 1 -1 -1 
144 337 105 70 0.18929530680179596 5 -1 -1 
600 473 57 58 0.18777193129062653 8 -1 -1 
194 471 32 29 0.18574418127536774 2 -1 -1 
241 195 16 17 0.18479889631271362 3 -1 -1 
1079 33 5 14 0.18355394899845123 1 -1 -1 
788 588 33 32 0.1817140132188797 1 -1 -1 
598 461 91 70 0.18161113560199738 6 -1 -1 
1247 13 10 18 0.1795843243598938 8 -1 -1 
1234 53 21 17 0.17717157304286957 10 -1 -1 
118 165 59 45 0.1766381412744522 5 -1 -1 
548 547 247 212 0.17641553282737732 6 -1 -1 
191 475 42 58 0.1736592948436737 8 -1 -1 
598 461 91 70 0.17247915267944336 4 -1 -1 
251 389 74 106 0.17163096368312836 8 -1 -1 
192 482 70 56 0.17057958245277405 6 -1 -1 
1077 32 7 14 0.16968195140361786 1 -1 -1 
1248 14 22 17 0.1693977564573288 7 -1 -1 
204 473 22 25 0.1682533174753189 2 -1 -1 
600 488 49 44 0.1681547611951828 4 -1 -1 
144 337 105 70 0.16308508813381195 4 -1 -1 
1248 12 26 19 0.1628573089838028 4 -1 -1 
784 589 37 37 0.16276921331882477 10 -1 -1 
596 470 40 47 0.162663996219635 7 -1 -1 
1248 18 14 14 0.16129904985427856 7 -1 -1 
192 479 66 57 0.16073064506053925 8 -1 -1 
39 345 100 63 0.1574118733406067 5 -1 -1 
1074 30 9 14 0.15473997592926025 1 -1 -1 
237 489 17 33 0.15420590341091156 1 -1 -1 
180 330 45 44 0.1535823494195938 5 -1 -1 
252 377 74 118 0.1533944308757782 9 -1 -1 
1247 18 11 14 0.15203920006752014 1 -1 -1 
248 195 10 19 0.14912088215351105 3 -1 -1 
156 329 71 55 0.14897237718105316 5 -1 -1 
1073 32 8 11 0.14896966516971588 10 -1 -1 
783 589 37 38 0.14823578298091888 7 -1 -1 
192 473 35 31 0.14820218086242676 7 -1 -1 
240 234 27 20 0.14672058820724487 4 -1 -1 
255 421 73 78 0.146683469414711 6 -1 -1 
1073 32 8 11 0.14531025290489197 1 -1 -1 
2 373 14 32 0.14504577219486237 1 -1 -1 
600 473 57 58 0.1437423825263977 6 -1 -1 
1247 13 10 18 0.14366182684898376 7 -1 -1 
1123 1 45 20 0.14287181198596954 4 -1 -1 
1267 4 39 18 0.14223416149616241 4 -1 -1 
246 476 17 43 0.1412987858057022 1 -1 -1 
784 589 37 37 0.138504296541214 2 -1 -1 
1248 18 20 14 0.137678325176239 4 -1 -1 
1248 18 12 14 0.137227863073349 10 -1 -1 
1234 53 21 17 0.13490700721740723 3 -1 -1 
60 336 199 76 0.1327265202999115 9 -1 -1 
594 442 125 89 0.1319432407617569 6 -1 -1 
1079 23 23 17 0.1310943067073822 7 -1 -1 
1077 21 28 18 0.13075746595859528 5 -1 -1 
0 401 9 15 0.13053570687770844 1 -1 -1 
1247 13 10 18 0.1296011507511139 4 -1 -1 
1074 29 15 16 0.12944936752319336 1 -1 -1 
169 327 52 41 0.1292751133441925 4 -1 -1 
1073 24 26 17 0.12907274067401886 4 -1 -1 
246 306 100 189 0.128514364361763 9 -1 -1 
0 366 12 39 0.12841515243053436 1 -1 -1 
228 222 29 23 0.1278703808784485 3 -1 -1 
252 377 74 118 0.1275322139263153 4 -1 -1 
233 192 13 16 0.12749633193016052 3 -1 -1 
229 223 27 22 0.12741903960704803 4 -1 -1 
1082 475 103 80 0.12718459963798523 4 -1 -1 
1249 6 29 23 0.12669990956783295 4 -1 -1 
1094 4 47 22 0.12668581306934357 4 -1 -1 
987 99 10 18 0.12663580477237701 2 -1 -1 
46 347 118 62 0.12641450762748718 4 -1 -1 
195 461 30 32 0.1259606033563614 2 -1 -1 
186 342 95 63 0.12589474022388458 5 -1 -1 
186 453 57 74 0.12252172827720642 7 -1 -1 
1077 73 32 27 0.12225143611431122 4 -1 -1 
107 334 159 77 0.12204616516828537 5 -1 -1 
251 468 14 33 0.12193240225315094 1 -1 -1 
240 481 20 38 0.1215958520770073 1 -1 -1 
1249 6 29 23 0.12093658000230789 8 -1 -1 
1083 38 25 18 0.12000122666358948 5 -1 -1 
5 383 14 28 0.11951711773872375 2 -1 -1 
1248 19 12 14 0.11906803399324417 8 -1 -1 
601 478 71 54 0.11819356679916382 7 -1 -1 
1247 17 11 14 0.11769185215234756 2 -1 -1 
1248 14 22 17 0.11671039462089539 10 -1 -1 
728 663 116 97 0.11536629498004913 5 -1 -1 
34 329 211 80 0.11530910432338715 5 -1 -1 
167 184 14 23 0.11527588963508606 1 -1 -1 
1083 39 40 19 0.11488952487707138 4 -1 -1 
1109 1 50 21 0.1146981418132782 4 -1 -1 
1077 79 18 20 0.11446241289377213 10 -1 -1 
1213 138 78 73 0.11406881362199783 8 -1 -1 
783 589 37 38 0.1135018914937973 8 -1 -1 
1089 31 8 16 0.11285702139139175 1 -1 -1 
1213 138 77 70 0.11283790320158005 7 -1 -1 
1248 18 20 14 0.11255783587694168 1 -1 -1 
36 317 193 93 0.11244972050189972 4 -1 -1 
1206 108 38 11 0.1122007817029953 5 -1 -1 
593 482 33 48 0.11216563731431961 7 -1 -1 
251 390 74 105 0.11171325296163559 7 -1 -1 
1036 42 10 22 0.11169898509979248 1 -1 -1 
729 627 146 134 0.11136931926012039 6 -1 -1 
238 228 23 22 0.11085904389619827 10 -1 -1 
731 633 145 128 0.11054253578186035 5 -1 -1 
1080 72 48 27 0.11049279570579529 4 -1 -1 
1212 137 78 73 0.11037798970937729 5 -1 -1 
191 471 66 63 0.1102781817317009 4 -1 -1 
1249 11 26 20 0.11003442108631134 6 -1 -1 
868 362 12 35 0.10972333699464798 1 -1 -1 
234 493 16 39 0.10867533087730408 9 -1 -1 
238 486 17 32 0.10859374701976776 2 -1 -1 
200 205 30 22 0.10825586318969727 3 -1 -1 
1082 28 16 16 0.10809191316366196 1 -1 -1 
1074 30 8 12 0.10777261108160019 2 -1 -1 
144 324 79 50 0.1076914370059967 4 -1 -1 
1328 38 14 28 0.10762075334787369 1 -1 -1 
1268 30 74 31 0.10727157443761826 6 -1 -1 
599 466 74 65 0.10720018297433853 5 -1 -1 
202 504 21 37 0.10696230828762054 9 -1 -1 
190 472 37 30 0.10691268742084503 10 -1 -1 
481 403 10 17 0.1061830222606659 1 -1 -1 
36 308 122 102 0.10551460087299347 5 -1 -1 
1006 578 23 46 0.10531312972307205 2 -1 -1 
199 495 33 44 0.10523239523172379 1 -1 -1 
203 468 23 24 0.1052314043045044 2 -1 -1 
200 205 30 22 0.10500001162290573 4 -1 -1 
794 517 20 26 0.10447477549314499 2 -1 -1 
1255 5 46 19 0.10417540371417999 4 -1 -1 
728 663 116 97 0.10395871102809906 6 -1 -1 
234 504 15 41 0.10350442677736282 4 -1 -1 
34 347 69 61 0.10346325486898422 6 -1 -1 
1078 31 11 17 0.10312209278345108 1 -1 -1 
165 180 17 21 0.10268720239400864 2 -1 -1 
165 180 17 21 0.10192393511533737 10 -1 -1 
139 338 132 77 0.10171318054199219 9 -1 -1 
219 324 124 149 0.10159068554639816 6 -1 -1 
32 317 122 95 0.1012205109000206 4 -1 -1 
162 330 69 55 0.10010415315628052 6 -1 -1 
33 339 140 73 0.10002225637435913 9 -1 -1 
440 374 48 69 0.09783473610877991 9 -1 -1 
70 337 184 75 0.09704898297786713 6 -1 -1 
43 347 113 62 0.09698589146137238 8 -1 -1 
563 422 130 89 0.09386155754327774 6 -1 -1 
177 458 54 62 0.09375683963298798 7 -1 -1 
44 345 111 64 0.09201258420944214 7 -1 -1 
171 337 88 68 0.09163523465394974 6 -1 -1 
1081 4 49 22 0.08964257687330246 4 -1 -1 
181 325 167 96 0.08902526646852493 9 -1 -1 
168 349 96 61 0.08737903088331223 9 -1 -1 
1103 3 50 25 0.08716330677270889 4 -1 -1 
41 316 90 94 0.08651871234178543 9 -1 -1 
1077 473 139 106 0.08577170222997665 4 -1 -1 
595 535 266 214 0.08529143780469894 6 -1 -1 
875 361 19 42 0.08430768549442291 1 -1 -1 
35 290 150 117 0.0842881128191948 9 -1 -1 
34 315 82 93 0.08396045863628387 6 -1 -1 
594 448 130 84 0.08169279247522354 9 -1 -1 
1096 375 29 27 0.0815127044916153 7 -1 -1 
179 329 83 57 0.08131605386734009 4 -1 -1 
1069 8 40 29 0.08067801594734192 9 -1 -1 
563 422 130 89 0.0801909789443016 5 -1 -1 
259 415 76 83 0.07998662441968918 9 -1 -1 
128 328 99 64 0.07988432794809341 4 -1 -1 
540 411 123 82 0.0785960778594017 9 -1 -1 
1258 40 86 43 0.07857156544923782 6 -1 -1 
118 165 59 46 0.07827295362949371 1 -1 -1 
1186 266 82 52 0.07772067934274673 6 -1 -1 
140 331 93 70 0.07755497097969055 6 -1 -1 
190 466 57 66 0.07692611962556839 6 -1 -1 
159 337 131 78 0.07648207992315292 5 -1 -1 
544 410 91 78 0.07630955427885056 8 -1 -1 
107 334 159 77 0.0759197250008583 4 -1 -1 
1076 74 31 28 0.07467377930879593 10 -1 -1 
1258 35 80 32 0.07467146962881088 5 -1 -1 
593 440 119 91 0.07455090433359146 4 -1 -1 
724 596 135 132 0.0719861164689064 6 -1 -1 
33 356 68 53 0.07150106877088547 7 -1 -1 
1079 23 33 20 0.07108715921640396 4 -1 -1 
181 325 167 96 0.06991095095872879 6 -1 -1 
1173 259 67 60 0.06990295648574829 6 -1 -1 
1258 35 80 32 0.0695447102189064 4 -1 -1 
35 300 117 109 0.06892302632331848 8 -1 -1 
118 166 61 45 0.0688939169049263 9 -1 -1 
192 482 70 56 0.06886373460292816 9 -1 -1 
1081 27 37 24 0.0688243955373764 4 -1 -1 
165 331 74 63 0.06791386753320694 9 -1 -1 
730 638 211 125 0.06701306253671646 4 -1 -1 
730 614 154 143 0.06664633750915527 9 -1 -1 
1073 20 32 20 0.0665077194571495 6 -1 -1 
219 324 124 149 0.06622064858675003 5 -1 -1 
35 321 133 90 0.06531268358230591 7 -1 -1 
163 334 149 77 0.06508029997348785 9 -1 -1 
233 340 95 130 0.06496069580316544 9 -1 -1 
862 361 20 38 0.06493565440177917 1 -1 -1 
1212 137 78 73 0.0645870640873909 4 -1 -1 
410 463 119 92 0.06429451704025269 9 -1 -1 
869 359 16 40 0.06418678164482117 2 -1 -1 
728 663 116 97 0.063947394490242 9 -1 -1 
1157 256 65 64 0.0639338344335556 6 -1 -1 
1078 30 29 24 0.06383580714464188 4 -1 -1 
870 362 20 44 0.06341622769832611 1 -1 -1 
410 463 119 92 0.06339411437511444 6 -1 -1 
230 188 28 24 0.06317006051540375 3 -1 -1 
276 353 68 50 0.06296323239803314 4 -1 -1 
139 338 132 77 0.061421483755111694 6 -1 -1 
219 324 124 149 0.05882346257567406 4 -1 -1 
159 337 131 78 0.05710427463054657 4 -1 -1 
251 340 95 152 0.05687197297811508 6 -1 -1 
209 410 111 110 0.05466434359550476 6 -1 -1 
181 325 167 96 0.05319611728191376 4 -1 -1 
634 564 290 209 0.05307482182979584 6 -1 -1 
1080 0 81 37 0.05272600054740906 4 -1 -1 
586 550 284 224 0.05128694698214531 9 -1 -1 
