161 242 128 129 0.994067907333374 6 -1 -1 
266 246 60 60 0.9396815896034241 4 -1 -1 
1237 567 76 35 0.9391661882400513 4 -1 -1 
164 565 74 50 0.935628354549408 4 -1 -1 
129 355 51 67 0.9347846508026123 4 -1 -1 
492 137 46 66 0.9331088066101074 4 -1 -1 
20 324 37 61 0.9320226311683655 4 -1 -1 
981 346 61 57 0.9265889525413513 4 -1 -1 
924 266 66 42 0.9254472255706787 4 -1 -1 
287 207 66 51 0.9244239330291748 4 -1 -1 
185 672 64 66 0.921797513961792 4 -1 -1 
13 659 51 77 0.9178194999694824 4 -1 -1 
68 673 44 78 0.915739893913269 4 -1 -1 
1158 469 51 67 0.9105992913246155 4 -1 -1 
177 318 62 57 0.9104637503623962 4 -1 -1 
943 303 65 55 0.9089146852493286 4 -1 -1 
337 88 61 33 0.9088085889816284 5 -1 -1 
314 175 71 57 0.8987425565719604 5 -1 -1 
1235 116 54 25 0.8971114158630371 7 -1 -1 
1066 125 66 30 0.8374817967414856 4 -1 -1 
760 142 40 66 0.8237749338150024 4 -1 -1 
1015 374 61 61 0.8219407200813293 4 -1 -1 
458 105 29 59 0.8129428029060364 4 -1 -1 
671 703 35 58 0.7805296778678894 4 -1 -1 
832 0 28 33 0.7753811478614807 4 -1 -1 
888 167 30 64 0.7048412561416626 4 -1 -1 
1209 663 24 12 0.6706895232200623 1 -1 -1 
926 176 35 70 0.6595700979232788 4 -1 -1 
242 733 15 14 0.6575267314910889 1 -1 -1 
384 240 12 13 0.6436847448348999 1 -1 -1 
496 136 9 16 0.6396104097366333 1 -1 -1 
94 611 29 14 0.5931053757667542 10 -1 -1 
906 299 19 12 0.5902717709541321 1 -1 -1 
948 49 10 13 0.5865667462348938 1 -1 -1 
206 631 26 18 0.5847747325897217 10 -1 -1 
839 62 9 18 0.5591254830360413 1 -1 -1 
1137 310 19 35 0.5495471954345703 7 -1 -1 
95 586 30 15 0.5416682958602905 10 -1 -1 
887 167 31 65 0.53481125831604 5 -1 -1 
97 612 12 12 0.5327525734901428 2 -1 -1 
853 58 10 15 0.5094115734100342 1 -1 -1 
491 146 8 14 0.5037583112716675 1 -1 -1 
842 40 38 24 0.49931395053863525 8 -1 -1 
294 86 26 15 0.4961375296115875 10 -1 -1 
410 29 21 16 0.4921882152557373 10 -1 -1 
96 587 13 12 0.48273590207099915 2 -1 -1 
879 406 12 10 0.46818748116493225 1 -1 -1 
575 60 9 15 0.46078401803970337 1 -1 -1 
574 69 8 15 0.4543612003326416 1 -1 -1 
957 232 12 15 0.45418259501457214 1 -1 -1 
1136 309 20 36 0.43656009435653687 10 -1 -1 
482 154 7 15 0.41353413462638855 1 -1 -1 
96 587 13 12 0.4120241701602936 1 -1 -1 
495 155 10 17 0.40867915749549866 1 -1 -1 
574 60 10 13 0.40380221605300903 2 -1 -1 
96 586 27 15 0.40366697311401367 2 -1 -1 
248 748 12 11 0.40210503339767456 1 -1 -1 
491 146 8 12 0.39851415157318115 2 -1 -1 
489 160 10 15 0.3981951177120209 2 -1 -1 
207 633 22 15 0.389944851398468 2 -1 -1 
1235 115 53 26 0.3849291205406189 8 -1 -1 
219 632 12 13 0.38039925694465637 2 -1 -1 
410 30 21 14 0.3741786479949951 3 -1 -1 
410 29 14 13 0.37238645553588867 2 -1 -1 
245 745 13 13 0.35948583483695984 1 -1 -1 
573 64 9 16 0.3547399938106537 1 -1 -1 
926 176 35 69 0.35439032316207886 5 -1 -1 
842 40 39 24 0.3523361086845398 7 -1 -1 
95 611 28 13 0.3498428761959076 2 -1 -1 
1177 15 25 32 0.3495756685733795 7 -1 -1 
212 632 19 14 0.3490884304046631 2 -1 -1 
337 88 62 32 0.34728091955184937 6 -1 -1 
314 176 69 56 0.34679991006851196 4 -1 -1 
1080 166 31 77 0.34352847933769226 5 -1 -1 
161 243 78 74 0.34090885519981384 6 -1 -1 
259 745 34 18 0.34067073464393616 4 -1 -1 
481 152 8 17 0.3374086022377014 10 -1 -1 
1102 25 16 17 0.3369307219982147 1 -1 -1 
573 69 9 14 0.3357628583908081 2 -1 -1 
489 161 10 16 0.3325788974761963 1 -1 -1 
285 10 24 11 0.3307696282863617 10 -1 -1 
242 741 15 17 0.32755616307258606 1 -1 -1 
1158 340 31 31 0.32749494910240173 8 -1 -1 
573 63 10 14 0.3246736228466034 2 -1 -1 
1103 25 15 17 0.32364755868911743 2 -1 -1 
241 737 13 14 0.3128162622451782 1 -1 -1 
96 611 18 13 0.30935734510421753 10 -1 -1 
1178 15 24 32 0.30904722213745117 8 -1 -1 
853 57 10 16 0.295518696308136 2 -1 -1 
861 47 17 17 0.29450201988220215 10 -1 -1 
207 634 19 14 0.2919902503490448 1 -1 -1 
731 723 33 40 0.2882688641548157 6 -1 -1 
853 57 10 16 0.28780364990234375 10 -1 -1 
572 72 8 14 0.28709396719932556 1 -1 -1 
495 154 10 14 0.2858123183250427 2 -1 -1 
337 88 61 33 0.2779838740825653 9 -1 -1 
492 157 12 18 0.27623164653778076 1 -1 -1 
161 242 128 129 0.2689073383808136 4 -1 -1 
1158 340 31 31 0.26818352937698364 10 -1 -1 
760 142 40 66 0.26438790559768677 5 -1 -1 
1321 43 19 17 0.25892937183380127 10 -1 -1 
453 699 43 58 0.2580970823764801 6 -1 -1 
846 44 33 20 0.2553641200065613 10 -1 -1 
1066 125 64 31 0.2546098530292511 5 -1 -1 
300 14 11 7 0.2503141760826111 1 -1 -1 
1080 165 31 78 0.2495012730360031 9 -1 -1 
207 636 15 13 0.2485773265361786 2 -1 -1 
954 232 14 17 0.24369999766349792 3 -1 -1 
1158 339 31 32 0.2415931224822998 7 -1 -1 
866 50 9 14 0.2410793900489807 2 -1 -1 
883 407 9 9 0.2402300387620926 1 -1 -1 
96 586 21 14 0.2399921864271164 1 -1 -1 
1158 469 50 67 0.23982344567775726 5 -1 -1 
125 329 9 13 0.2393934726715088 1 -1 -1 
337 88 62 32 0.2380553036928177 4 -1 -1 
492 157 12 18 0.237990602850914 2 -1 -1 
1015 374 60 60 0.2366003841161728 5 -1 -1 
1137 310 19 35 0.2345261424779892 8 -1 -1 
496 135 9 15 0.23383067548274994 2 -1 -1 
247 750 11 10 0.23361770808696747 1 -1 -1 
482 154 7 16 0.233292818069458 2 -1 -1 
244 737 15 15 0.23101694881916046 1 -1 -1 
1237 117 23 18 0.230996236205101 2 -1 -1 
95 611 11 11 0.22949405014514923 2 -1 -1 
96 587 16 12 0.22741563618183136 10 -1 -1 
1098 24 23 22 0.22350269556045532 10 -1 -1 
292 86 27 15 0.22207148373126984 2 -1 -1 
1138 314 14 26 0.21983660757541656 2 -1 -1 
952 232 17 17 0.2179751694202423 1 -1 -1 
162 242 127 129 0.217695415019989 7 -1 -1 
1080 165 31 78 0.21746833622455597 4 -1 -1 
1287 113 16 13 0.21737825870513916 3 -1 -1 
839 61 9 18 0.21633633971214294 10 -1 -1 
410 29 21 15 0.21599090099334717 1 -1 -1 
162 242 127 129 0.21493907272815704 10 -1 -1 
293 87 27 14 0.21493400633335114 3 -1 -1 
1223 664 14 12 0.21391180157661438 1 -1 -1 
206 637 14 12 0.2126380354166031 1 -1 -1 
491 155 12 15 0.21236754953861237 2 -1 -1 
410 29 14 13 0.21211601793766022 10 -1 -1 
491 155 12 15 0.21154071390628815 1 -1 -1 
1139 323 17 22 0.21126694977283478 7 -1 -1 
495 135 9 12 0.20657004415988922 1 -1 -1 
96 586 21 14 0.2045028954744339 3 -1 -1 
577 60 9 12 0.20442457497119904 1 -1 -1 
1321 43 19 18 0.20387955009937286 1 -1 -1 
106 586 17 15 0.20356394350528717 10 -1 -1 
491 149 9 17 0.2030278444290161 1 -1 -1 
573 65 9 15 0.20051418244838715 10 -1 -1 
854 46 22 17 0.19915322959423065 10 -1 -1 
839 61 10 18 0.19873124361038208 2 -1 -1 
1080 165 31 78 0.19491930305957794 6 -1 -1 
866 50 9 14 0.19307327270507812 1 -1 -1 
1107 25 13 16 0.1923515647649765 1 -1 -1 
102 587 18 14 0.18826311826705933 1 -1 -1 
491 147 9 15 0.18809089064598083 2 -1 -1 
161 242 128 129 0.18619880080223083 5 -1 -1 
1323 42 18 14 0.1859087347984314 2 -1 -1 
95 585 31 16 0.18576037883758545 3 -1 -1 
838 67 9 13 0.18542540073394775 1 -1 -1 
478 149 8 17 0.1853138655424118 1 -1 -1 
851 47 28 23 0.1841934621334076 10 -1 -1 
249 732 13 14 0.18364398181438446 1 -1 -1 
1215 664 21 12 0.18245771527290344 2 -1 -1 
161 241 128 129 0.18132971227169037 9 -1 -1 
123 231 47 43 0.16611234843730927 6 -1 -1 
129 355 48 51 0.16510328650474548 10 -1 -1 
1138 314 26 32 0.1602165848016739 7 -1 -1 
287 207 65 50 0.15844564139842987 5 -1 -1 
1324 42 30 19 0.14474831521511078 10 -1 -1 
1137 310 19 35 0.1422545462846756 4 -1 -1 
1139 308 29 36 0.14057528972625732 10 -1 -1 
943 304 64 53 0.1362392157316208 5 -1 -1 
241 732 19 26 0.1342325061559677 1 -1 -1 
259 745 35 18 0.12840010225772858 10 -1 -1 
266 246 60 60 0.1251877099275589 9 -1 -1 
208 277 81 95 0.12399809807538986 6 -1 -1 
926 176 35 69 0.12252049893140793 6 -1 -1 
161 242 128 129 0.12079872936010361 2 -1 -1 
258 745 34 18 0.12046095728874207 5 -1 -1 
162 242 127 129 0.11898298561573029 8 -1 -1 
1235 113 54 29 0.11751358956098557 6 -1 -1 
314 175 71 57 0.11741233617067337 9 -1 -1 
178 318 61 57 0.11265809088945389 5 -1 -1 
162 242 127 129 0.11219502985477448 3 -1 -1 
1143 308 28 36 0.11137386411428452 4 -1 -1 
492 137 45 66 0.11121239513158798 9 -1 -1 
1097 97 32 20 0.11023586243391037 10 -1 -1 
491 137 46 66 0.1090250164270401 6 -1 -1 
1146 304 25 33 0.10748065263032913 10 -1 -1 
452 699 44 61 0.10695963352918625 4 -1 -1 
1316 36 23 24 0.10605090856552124 10 -1 -1 
94 585 30 16 0.10507192462682724 1 -1 -1 
314 176 69 56 0.10456465929746628 6 -1 -1 
1097 24 22 22 0.10098554939031601 1 -1 -1 
164 565 74 50 0.0978839248418808 9 -1 -1 
1237 567 75 35 0.09702908992767334 5 -1 -1 
981 346 61 57 0.09689625352621078 9 -1 -1 
265 741 36 20 0.096694216132164 4 -1 -1 
1237 567 76 35 0.09647004306316376 1 -1 -1 
1271 34 21 28 0.09589974582195282 10 -1 -1 
842 40 38 23 0.09589625895023346 3 -1 -1 
1141 309 30 36 0.09557702392339706 7 -1 -1 
206 631 27 18 0.09554031491279602 3 -1 -1 
20 324 37 61 0.09525586664676666 10 -1 -1 
571 58 15 28 0.09508256614208221 10 -1 -1 
458 105 29 60 0.09484491497278214 5 -1 -1 
129 355 51 67 0.09462729841470718 9 -1 -1 
284 84 34 17 0.0936427041888237 10 -1 -1 
20 324 37 61 0.09360169619321823 9 -1 -1 
1210 662 30 16 0.09347786009311676 1 -1 -1 
185 673 64 65 0.0933762639760971 5 -1 -1 
842 40 38 24 0.09242649376392365 6 -1 -1 
266 246 60 60 0.09227818250656128 10 -1 -1 
671 703 35 58 0.09227748215198517 5 -1 -1 
1066 125 66 30 0.09210460633039474 6 -1 -1 
287 207 66 51 0.09133753180503845 9 -1 -1 
1098 24 23 22 0.09133045375347137 3 -1 -1 
95 586 31 15 0.09120764583349228 7 -1 -1 
981 346 61 56 0.09084810316562653 5 -1 -1 
206 631 26 18 0.09076923877000809 4 -1 -1 
491 137 46 66 0.09026935696601868 7 -1 -1 
337 88 62 32 0.0902666226029396 8 -1 -1 
1237 567 76 35 0.09020137041807175 9 -1 -1 
239 729 22 21 0.08981601893901825 1 -1 -1 
164 565 74 50 0.0880516842007637 1 -1 -1 
161 242 128 129 0.08771803230047226 1 -1 -1 
1098 24 22 22 0.08768996596336365 2 -1 -1 
943 303 65 55 0.0869002565741539 9 -1 -1 
671 703 35 58 0.08672764897346497 7 -1 -1 
13 659 51 77 0.08638698607683182 5 -1 -1 
671 703 35 58 0.08541689068078995 10 -1 -1 
20 324 37 61 0.08528020232915878 1 -1 -1 
926 176 35 69 0.08424657583236694 9 -1 -1 
68 674 44 77 0.08401671797037125 5 -1 -1 
492 137 46 66 0.07932314276695251 5 -1 -1 
491 137 46 66 0.07314491271972656 10 -1 -1 
492 137 46 66 0.06796971708536148 1 -1 -1 
158 237 96 116 0.0594995878636837 6 -1 -1 
213 236 97 114 0.057555921375751495 9 -1 -1 
186 294 115 103 0.05443064868450165 9 -1 -1 
