682 538 50 104 0.9555947184562683 4 -1 -1 
600 406 43 88 0.9456943869590759 4 -1 -1 
87 167 95 36 0.9428330063819885 4 -1 -1 
831 522 49 90 0.9420199990272522 4 -1 -1 
736 502 51 92 0.9396666288375854 4 -1 -1 
458 260 62 63 0.932532548904419 4 -1 -1 
828 438 45 78 0.9276344776153564 4 -1 -1 
60 221 92 40 0.9223946928977966 4 -1 -1 
749 43 34 47 0.8882023692131042 4 -1 -1 
462 528 109 86 0.8855600357055664 4 -1 -1 
67 188 90 40 0.8802486658096313 4 -1 -1 
734 243 43 59 0.8532044291496277 4 -1 -1 
545 266 68 72 0.8379228115081787 4 -1 -1 
101 140 85 34 0.8183318972587585 4 -1 -1 
114 115 76 33 0.8179969191551208 4 -1 -1 
536 407 46 92 0.7780647873878479 4 -1 -1 
557 183 40 64 0.7780098915100098 4 -1 -1 
36 251 89 34 0.7743304967880249 4 -1 -1 
761 92 30 43 0.7578087449073792 4 -1 -1 
729 336 14 21 0.7413464188575745 2 -1 -1 
654 235 13 25 0.7218880653381348 2 -1 -1 
631 249 11 22 0.7164078950881958 2 -1 -1 
777 222 40 58 0.712248682975769 4 -1 -1 
574 104 35 62 0.6853675246238708 4 -1 -1 
597 717 48 46 0.6779487133026123 4 -1 -1 
630 257 11 23 0.6776518821716309 3 -1 -1 
548 27 63 33 0.6765885353088379 4 -1 -1 
482 117 9 30 0.659579336643219 1 -1 -1 
574 103 36 62 0.6347984671592712 6 -1 -1 
653 243 13 25 0.5949563384056091 3 -1 -1 
729 337 14 27 0.5946593284606934 10 -1 -1 
844 697 17 24 0.5736249089241028 2 -1 -1 
844 700 18 34 0.5227373242378235 3 -1 -1 
1002 404 85 44 0.5141447186470032 4 -1 -1 
653 243 13 24 0.487618088722229 10 -1 -1 
538 154 20 25 0.4462760388851166 7 -1 -1 
777 223 40 58 0.3839851915836334 5 -1 -1 
764 139 33 47 0.372371107339859 4 -1 -1 
844 698 18 36 0.34736108779907227 10 -1 -1 
204 225 47 62 0.3358830213546753 5 -1 -1 
557 183 40 64 0.3219752907752991 5 -1 -1 
491 12 23 18 0.31942251324653625 10 -1 -1 
570 0 48 32 0.2874797284603119 4 -1 -1 
570 0 48 32 0.2869338393211365 5 -1 -1 
490 12 23 18 0.28610727190971375 3 -1 -1 
205 234 33 50 0.278920978307724 5 -1 -1 
525 0 20 11 0.27748242020606995 10 -1 -1 
575 103 34 63 0.26760953664779663 5 -1 -1 
654 235 13 25 0.2594343423843384 1 -1 -1 
742 0 25 27 0.2538444399833679 4 -1 -1 
574 75 34 22 0.2533493638038635 7 -1 -1 
631 249 11 21 0.240883007645607 1 -1 -1 
742 0 27 27 0.23916853964328766 5 -1 -1 
836 374 100 43 0.2291552722454071 4 -1 -1 
844 697 17 24 0.22623379528522491 1 -1 -1 
730 335 12 15 0.2234632819890976 2 -1 -1 
1001 386 71 58 0.22133386135101318 4 -1 -1 
491 10 34 21 0.22009685635566711 10 -1 -1 
535 249 13 31 0.21866163611412048 1 -1 -1 
545 266 69 71 0.21855852007865906 5 -1 -1 
536 251 11 28 0.21839000284671783 10 -1 -1 
836 374 100 43 0.2180541753768921 5 -1 -1 
151 176 31 27 0.21698446571826935 4 -1 -1 
741 0 25 27 0.216584250330925 6 -1 -1 
631 255 10 23 0.21525803208351135 2 -1 -1 
80 178 94 40 0.2139812558889389 4 -1 -1 
574 0 43 29 0.21346232295036316 9 -1 -1 
729 336 14 21 0.21229243278503418 1 -1 -1 
631 250 10 24 0.2051657736301422 3 -1 -1 
549 27 62 33 0.20332172513008118 5 -1 -1 
846 269 29 56 0.200168639421463 8 -1 -1 
572 75 36 23 0.1972774714231491 10 -1 -1 
205 230 38 51 0.19624251127243042 4 -1 -1 
764 139 33 47 0.19548843801021576 5 -1 -1 
1005 393 101 47 0.1952437311410904 4 -1 -1 
518 147 12 30 0.19298017024993896 1 -1 -1 
596 715 49 48 0.1907864362001419 5 -1 -1 
1002 403 84 46 0.18998177349567413 5 -1 -1 
341 307 16 14 0.1837506741285324 10 -1 -1 
762 147 29 48 0.1812504231929779 4 -1 -1 
766 135 28 39 0.1803436279296875 4 -1 -1 
508 417 72 82 0.17990107834339142 4 -1 -1 
843 704 20 40 0.17942403256893158 3 -1 -1 
1006 401 71 33 0.17861874401569366 4 -1 -1 
181 227 57 62 0.1772838532924652 5 -1 -1 
911 181 47 83 0.17382758855819702 6 -1 -1 
574 75 34 22 0.1698591113090515 8 -1 -1 
631 255 10 23 0.1668802797794342 10 -1 -1 
36 251 90 35 0.16626200079917908 5 -1 -1 
843 698 15 28 0.16598407924175262 3 -1 -1 
88 145 96 40 0.16582158207893372 4 -1 -1 
911 190 48 76 0.16139687597751617 7 -1 -1 
199 216 43 66 0.157607764005661 5 -1 -1 
554 697 12 28 0.15735968947410583 1 -1 -1 
103 140 84 34 0.15653999149799347 5 -1 -1 
1000 405 59 49 0.15612129867076874 4 -1 -1 
729 337 14 28 0.1534232646226883 3 -1 -1 
64 190 94 39 0.1533857136964798 5 -1 -1 
849 704 15 31 0.15326586365699768 3 -1 -1 
845 709 14 33 0.1488574892282486 3 -1 -1 
843 696 18 16 0.1487627923488617 2 -1 -1 
872 204 49 112 0.14626970887184143 6 -1 -1 
535 151 23 28 0.14617329835891724 10 -1 -1 
1002 413 81 52 0.1459631472826004 4 -1 -1 
535 249 13 30 0.14492492377758026 2 -1 -1 
1005 383 89 47 0.1439981311559677 4 -1 -1 
501 17 24 16 0.14314456284046173 3 -1 -1 
682 538 50 104 0.1424916684627533 9 -1 -1 
731 339 13 23 0.1417590230703354 2 -1 -1 
491 10 34 21 0.14126050472259521 3 -1 -1 
652 248 11 20 0.14018429815769196 3 -1 -1 
749 43 34 46 0.13946980237960815 1 -1 -1 
88 167 94 36 0.1384522020816803 1 -1 -1 
735 243 42 59 0.13797280192375183 5 -1 -1 
242 290 15 23 0.1370590776205063 10 -1 -1 
447 244 28 22 0.13674713671207428 3 -1 -1 
553 679 13 46 0.13647927343845367 1 -1 -1 
630 248 11 14 0.13554580509662628 2 -1 -1 
866 289 20 27 0.13541516661643982 3 -1 -1 
911 181 47 83 0.13425225019454956 8 -1 -1 
599 406 45 89 0.13372288644313812 9 -1 -1 
203 221 195 68 0.13318806886672974 6 -1 -1 
573 75 35 20 0.13300953805446625 4 -1 -1 
742 0 25 28 0.1319700926542282 9 -1 -1 
554 696 12 29 0.13179653882980347 10 -1 -1 
654 235 13 26 0.13131704926490784 3 -1 -1 
570 0 48 31 0.1307680308818817 6 -1 -1 
599 406 45 88 0.12982815504074097 1 -1 -1 
682 538 50 104 0.1283605694770813 1 -1 -1 
163 213 71 72 0.12812356650829315 5 -1 -1 
500 149 37 33 0.1276826560497284 3 -1 -1 
581 78 26 24 0.12535955011844635 10 -1 -1 
726 331 19 34 0.12526485323905945 10 -1 -1 
844 698 18 36 0.12483225762844086 7 -1 -1 
653 243 13 25 0.12330671399831772 4 -1 -1 
60 222 92 39 0.12105704098939896 1 -1 -1 
631 255 10 23 0.11940227448940277 1 -1 -1 
536 156 23 33 0.11759375780820847 7 -1 -1 
1002 418 72 32 0.11726745218038559 4 -1 -1 
500 147 37 33 0.11650756746530533 10 -1 -1 
735 243 42 60 0.11636244505643845 1 -1 -1 
764 141 34 52 0.11605734378099442 6 -1 -1 
858 285 27 38 0.1150967925786972 3 -1 -1 
103 140 84 34 0.11478948593139648 1 -1 -1 
917 246 38 21 0.1147661879658699 3 -1 -1 
831 522 49 90 0.11426633596420288 9 -1 -1 
869 292 15 19 0.11387556791305542 3 -1 -1 
558 184 38 64 0.11310181766748428 1 -1 -1 
736 502 51 92 0.11308617144823074 10 -1 -1 
537 153 21 26 0.11216477304697037 8 -1 -1 
835 383 76 38 0.11210016906261444 4 -1 -1 
551 13 66 42 0.11164747178554535 4 -1 -1 
749 43 34 46 0.11118586361408234 5 -1 -1 
550 681 16 44 0.11107117682695389 10 -1 -1 
831 522 49 90 0.11020006984472275 1 -1 -1 
828 439 45 77 0.1090756505727768 1 -1 -1 
462 529 109 85 0.10810486227273941 5 -1 -1 
873 214 49 102 0.10739797353744507 8 -1 -1 
67 188 90 40 0.10687198489904404 1 -1 -1 
201 202 236 80 0.10683665424585342 6 -1 -1 
682 538 50 104 0.1062542125582695 10 -1 -1 
600 406 43 88 0.10533298552036285 10 -1 -1 
205 217 54 64 0.10520705580711365 4 -1 -1 
627 256 16 34 0.10495204478502274 3 -1 -1 
115 115 74 33 0.10363560914993286 1 -1 -1 
534 389 49 108 0.10307811200618744 5 -1 -1 
999 374 68 54 0.10175783932209015 4 -1 -1 
560 4 47 30 0.10149955004453659 4 -1 -1 
845 249 41 76 0.1010897234082222 8 -1 -1 
736 502 51 92 0.10082252323627472 9 -1 -1 
879 235 45 80 0.10065679997205734 6 -1 -1 
520 578 60 138 0.10064712911844254 7 -1 -1 
1005 393 101 47 0.1006360799074173 5 -1 -1 
736 502 51 92 0.10024329274892807 1 -1 -1 
203 214 92 71 0.09868696331977844 6 -1 -1 
522 578 59 142 0.09716890752315521 8 -1 -1 
848 203 81 117 0.09629489481449127 6 -1 -1 
458 260 62 63 0.09614387899637222 1 -1 -1 
764 126 50 63 0.09605960547924042 4 -1 -1 
836 372 105 45 0.09553154557943344 6 -1 -1 
1001 386 71 58 0.09547144919633865 5 -1 -1 
836 376 107 41 0.09537452459335327 9 -1 -1 
875 215 47 101 0.09527099132537842 7 -1 -1 
831 522 49 90 0.09503018856048584 10 -1 -1 
456 259 64 65 0.09499181807041168 5 -1 -1 
498 6 35 23 0.09452208876609802 10 -1 -1 
499 8 34 23 0.09408871084451675 3 -1 -1 
848 235 43 85 0.09263802319765091 6 -1 -1 
35 251 90 35 0.09240560233592987 1 -1 -1 
60 222 92 39 0.09237497299909592 5 -1 -1 
844 261 39 65 0.09174732863903046 6 -1 -1 
736 503 51 91 0.09145941585302353 5 -1 -1 
205 203 60 79 0.0912558063864708 5 -1 -1 
534 389 49 108 0.09089314937591553 9 -1 -1 
682 538 50 104 0.09062541276216507 5 -1 -1 
834 363 86 45 0.09022358059883118 4 -1 -1 
544 406 55 92 0.09016615897417068 4 -1 -1 
887 188 68 76 0.08978616446256638 6 -1 -1 
578 0 48 25 0.0894390270113945 4 -1 -1 
195 230 45 64 0.08793233335018158 4 -1 -1 
87 167 95 36 0.08704768121242523 9 -1 -1 
522 578 59 142 0.08652345836162567 6 -1 -1 
21 253 103 47 0.08599884808063507 4 -1 -1 
171 221 66 64 0.08395767211914062 4 -1 -1 
828 439 45 77 0.08381184935569763 10 -1 -1 
195 236 46 61 0.08331804722547531 5 -1 -1 
561 14 49 26 0.08294221013784409 4 -1 -1 
535 151 23 28 0.08229628950357437 3 -1 -1 
200 252 198 44 0.08185559511184692 6 -1 -1 
842 691 22 32 0.08154278248548508 1 -1 -1 
578 0 48 25 0.07931806147098541 5 -1 -1 
830 352 122 70 0.07788019627332687 4 -1 -1 
201 202 244 81 0.07237931340932846 9 -1 -1 
544 0 70 36 0.06861002743244171 4 -1 -1 
541 26 71 35 0.0659184455871582 6 -1 -1 
885 202 79 120 0.06482698023319244 6 -1 -1 
553 0 66 34 0.05895444378256798 9 -1 -1 
527 579 59 151 0.05801726505160332 9 -1 -1 
514 26 91 35 0.057913195341825485 4 -1 -1 
848 203 81 117 0.05667784810066223 7 -1 -1 
999 390 125 69 0.05434844270348549 4 -1 -1 
551 13 66 42 0.05391231179237366 5 -1 -1 
492 385 87 113 0.052410855889320374 4 -1 -1 
543 28 68 33 0.05232799053192139 9 -1 -1 
545 0 70 34 0.051486652344465256 6 -1 -1 
