493 86 19 21 0.998695433139801 9 -1 -1 
684 699 36 42 0.978142499923706 3 -1 -1 
735 309 53 31 0.9665191173553467 5 -1 -1 
265 303 78 44 0.9639877676963806 6 -1 -1 
749 321 45 28 0.9349442720413208 8 -1 -1 
743 555 52 69 0.9190661311149597 4 -1 -1 
338 197 46 17 0.9009566903114319 4 -1 -1 
654 362 34 35 0.8983899354934692 4 -1 -1 
654 324 32 31 0.8941507935523987 4 -1 -1 
155 366 11 29 0.8855187892913818 1 -1 -1 
728 275 57 24 0.8782387375831604 4 -1 -1 
67 249 46 26 0.8763694763183594 4 -1 -1 
481 231 13 18 0.8753083944320679 7 -1 -1 
171 372 11 32 0.8597228527069092 1 -1 -1 
812 506 41 27 0.8547651767730713 10 -1 -1 
223 384 12 31 0.8533757925033569 1 -1 -1 
9 564 20 44 0.8356095552444458 1 -1 -1 
267 562 100 76 0.8341540098190308 4 -1 -1 
540 208 23 20 0.8306766152381897 4 -1 -1 
630 476 50 56 0.8299578428268433 4 -1 -1 
42 413 13 32 0.8246166110038757 1 -1 -1 
519 178 19 17 0.8242955803871155 4 -1 -1 
234 389 18 35 0.8205056190490723 1 -1 -1 
185 384 13 32 0.8100886940956116 1 -1 -1 
728 321 8 27 0.8057027459144592 1 -1 -1 
742 242 49 21 0.8046097755432129 4 -1 -1 
111 384 14 34 0.7997102737426758 1 -1 -1 
190 308 70 36 0.7977701425552368 5 -1 -1 
181 359 14 32 0.7908331751823425 1 -1 -1 
630 300 9 19 0.7887144088745117 3 -1 -1 
712 329 10 29 0.7878247499465942 1 -1 -1 
768 256 47 26 0.7845886945724487 5 -1 -1 
498 138 15 13 0.7806310057640076 4 -1 -1 
708 317 9 25 0.7741252183914185 1 -1 -1 
748 366 78 31 0.7582709789276123 4 -1 -1 
1 576 12 28 0.7572703957557678 1 -1 -1 
215 692 76 73 0.7538987994194031 4 -1 -1 
465 113 19 26 0.7447977066040039 9 -1 -1 
544 162 18 13 0.7418337464332581 4 -1 -1 
244 366 11 30 0.7391930818557739 1 -1 -1 
689 679 24 48 0.7388973832130432 2 -1 -1 
494 289 11 21 0.7371110916137695 10 -1 -1 
494 283 11 20 0.7117628455162048 2 -1 -1 
725 579 19 38 0.7114037275314331 2 -1 -1 
62 295 12 19 0.7053765058517456 2 -1 -1 
596 382 40 42 0.6996480226516724 4 -1 -1 
375 98 22 9 0.6994853019714355 4 -1 -1 
722 320 8 23 0.689426064491272 1 -1 -1 
650 296 8 19 0.6825518608093262 2 -1 -1 
599 228 7 15 0.6823884844779968 3 -1 -1 
725 592 19 39 0.674463152885437 10 -1 -1 
866 392 14 33 0.6660791039466858 1 -1 -1 
-2 284 53 28 0.6658344864845276 4 -1 -1 
386 107 25 10 0.665583074092865 4 -1 -1 
679 394 14 23 0.6558288335800171 10 -1 -1 
705 259 6 18 0.6553778052330017 1 -1 -1 
839 395 14 32 0.6525601148605347 1 -1 -1 
650 303 8 19 0.6488355398178101 3 -1 -1 
56 302 32 18 0.6485452055931091 10 -1 -1 
-1 260 53 28 0.6465286016464233 4 -1 -1 
376 165 42 21 0.6432169675827026 5 -1 -1 
583 180 41 16 0.6377534866333008 4 -1 -1 
206 376 12 28 0.633639931678772 1 -1 -1 
595 190 34 15 0.631189227104187 4 -1 -1 
629 294 9 20 0.6185125112533569 2 -1 -1 
737 359 12 32 0.5968810319900513 1 -1 -1 
679 389 13 23 0.5903972387313843 2 -1 -1 
206 266 68 30 0.5875263810157776 4 -1 -1 
485 182 7 12 0.5784251093864441 10 -1 -1 
608 193 35 16 0.5748470425605774 4 -1 -1 
600 224 7 15 0.5701550245285034 2 -1 -1 
485 179 7 11 0.5690432786941528 2 -1 -1 
818 417 25 21 0.565149188041687 10 -1 -1 
331 172 7 20 0.5603603720664978 1 -1 -1 
941 504 14 20 0.5556771755218506 2 -1 -1 
591 183 40 19 0.5369445085525513 4 -1 -1 
200 367 12 30 0.5342597365379333 1 -1 -1 
480 149 14 15 0.5171769261360168 4 -1 -1 
465 113 19 26 0.5133688449859619 5 -1 -1 
914 507 21 35 0.5129883289337158 3 -1 -1 
1076 682 33 42 0.5122184753417969 3 -1 -1 
340 144 27 10 0.5048694014549255 4 -1 -1 
874 457 19 34 0.4950074553489685 10 -1 -1 
915 506 14 23 0.4949701726436615 2 -1 -1 
641 268 23 15 0.49034279584884644 10 -1 -1 
389 95 17 10 0.48916593194007874 4 -1 -1 
617 198 43 18 0.488142728805542 4 -1 -1 
861 571 17 39 0.48194620013237 1 -1 -1 
513 121 6 12 0.47461920976638794 1 -1 -1 
351 511 61 33 0.46747151017189026 10 -1 -1 
480 149 14 15 0.4622645676136017 5 -1 -1 
395 134 23 10 0.4593450427055359 4 -1 -1 
493 86 19 21 0.4525745213031769 4 -1 -1 
656 256 9 17 0.44814905524253845 1 -1 -1 
386 155 38 15 0.44595766067504883 4 -1 -1 
724 320 9 25 0.443646103143692 1 -1 -1 
914 508 19 33 0.43638932704925537 10 -1 -1 
379 81 36 18 0.4294947385787964 9 -1 -1 
265 304 71 42 0.4281931221485138 8 -1 -1 
466 184 6 17 0.4253801107406616 1 -1 -1 
755 259 15 14 0.4224976599216461 10 -1 -1 
595 177 42 15 0.4183521270751953 4 -1 -1 
830 394 11 18 0.41794344782829285 2 -1 -1 
203 369 14 34 0.41763943433761597 1 -1 -1 
758 253 39 19 0.4149244725704193 8 -1 -1 
673 215 38 14 0.4055851101875305 4 -1 -1 
874 459 19 32 0.40127962827682495 2 -1 -1 
342 184 16 10 0.3923872411251068 10 -1 -1 
47 278 18 17 0.38974472880363464 10 -1 -1 
498 123 5 11 0.3893161118030548 1 -1 -1 
504 124 6 11 0.38793230056762695 10 -1 -1 
629 294 9 22 0.38765430450439453 1 -1 -1 
2 259 50 19 0.3856961727142334 4 -1 -1 
858 450 32 29 0.3796391189098358 10 -1 -1 
384 113 5 10 0.37833359837532043 1 -1 -1 
493 86 19 21 0.37744757533073425 10 -1 -1 
504 123 6 10 0.3705902397632599 2 -1 -1 
647 261 10 17 0.36819911003112793 2 -1 -1 
753 253 26 16 0.36719852685928345 10 -1 -1 
599 224 7 17 0.365821897983551 1 -1 -1 
721 252 7 23 0.3624139726161957 1 -1 -1 
520 123 5 10 0.3623897433280945 1 -1 -1 
829 394 11 23 0.3614816963672638 1 -1 -1 
493 86 19 21 0.35818707942962646 3 -1 -1 
376 165 42 21 0.35754939913749695 6 -1 -1 
857 459 16 19 0.35720497369766235 10 -1 -1 
465 113 19 26 0.3556171655654907 8 -1 -1 
915 508 16 30 0.35298576951026917 2 -1 -1 
719 288 7 14 0.35214996337890625 1 -1 -1 
757 255 19 18 0.35002508759498596 10 -1 -1 
56 302 32 18 0.34915846586227417 7 -1 -1 
539 161 5 12 0.34847909212112427 1 -1 -1 
697 253 7 16 0.3477746248245239 1 -1 -1 
650 303 8 19 0.34736114740371704 10 -1 -1 
462 145 5 12 0.3437763750553131 1 -1 -1 
372 106 4 9 0.33785590529441833 1 -1 -1 
493 86 19 21 0.33575570583343506 1 -1 -1 
56 302 32 18 0.33312201499938965 3 -1 -1 
365 108 4 8 0.3327588140964508 1 -1 -1 
694 257 7 13 0.32988303899765015 1 -1 -1 
738 369 11 30 0.323714941740036 1 -1 -1 
383 157 39 20 0.3080289661884308 4 -1 -1 
376 165 41 21 0.28847941756248474 4 -1 -1 
384 155 38 18 0.27715784311294556 5 -1 -1 
599 182 43 20 0.2652233839035034 4 -1 -1 
748 320 46 29 0.26376309990882874 5 -1 -1 
6 571 19 38 0.26360952854156494 1 -1 -1 
198 289 90 43 0.25866955518722534 5 -1 -1 
2 219 42 32 0.2580150365829468 4 -1 -1 
616 198 37 18 0.2540608048439026 5 -1 -1 
750 321 45 28 0.24727976322174072 7 -1 -1 
265 303 79 44 0.24628491699695587 5 -1 -1 
858 449 32 29 0.23691000044345856 3 -1 -1 
341 507 72 38 0.2348589152097702 4 -1 -1 
609 193 38 17 0.23139016330242157 5 -1 -1 
265 303 78 44 0.22383038699626923 7 -1 -1 
606 186 40 20 0.21934999525547028 4 -1 -1 
913 507 21 35 0.21805834770202637 7 -1 -1 
189 307 72 37 0.21184860169887543 4 -1 -1 
206 282 97 39 0.2097121775150299 5 -1 -1 
750 321 45 28 0.20927275717258453 4 -1 -1 
594 187 40 18 0.20900987088680267 5 -1 -1 
199 272 80 38 0.20744431018829346 4 -1 -1 
611 191 46 19 0.2032049000263214 4 -1 -1 
386 160 44 18 0.1989482343196869 5 -1 -1 
338 498 76 39 0.19779272377490997 10 -1 -1 
730 217 89 35 0.19662010669708252 6 -1 -1 
212 282 91 36 0.195781409740448 6 -1 -1 
874 446 21 40 0.19566495716571808 10 -1 -1 
750 321 44 28 0.19508038461208344 3 -1 -1 
15 215 30 34 0.1896287202835083 4 -1 -1 
198 276 80 43 0.18705210089683533 5 -1 -1 
737 311 55 31 0.1737273633480072 8 -1 -1 
736 309 52 31 0.1734435260295868 4 -1 -1 
602 177 43 19 0.17335842549800873 4 -1 -1 
214 282 86 35 0.1711845099925995 4 -1 -1 
280 541 97 42 0.17061668634414673 4 -1 -1 
640 259 28 25 0.1698489636182785 10 -1 -1 
338 482 77 43 0.1697276383638382 4 -1 -1 
268 293 113 50 0.16961242258548737 6 -1 -1 
816 414 28 25 0.16665947437286377 3 -1 -1 
309 530 72 46 0.1623421311378479 4 -1 -1 
6 230 38 21 0.1565544158220291 4 -1 -1 
267 559 105 79 0.1541725993156433 5 -1 -1 
591 183 40 19 0.1531977653503418 5 -1 -1 
735 309 53 31 0.15315906703472137 6 -1 -1 
265 303 79 44 0.15030494332313538 4 -1 -1 
226 384 23 35 0.14957746863365173 1 -1 -1 
737 360 17 40 0.14811012148857117 1 -1 -1 
308 513 91 44 0.1469651311635971 4 -1 -1 
669 212 43 18 0.14677955210208893 5 -1 -1 
204 267 73 35 0.14440570771694183 5 -1 -1 
835 392 21 35 0.14195016026496887 1 -1 -1 
875 445 20 37 0.1405826210975647 1 -1 -1 
306 505 105 42 0.13919024169445038 4 -1 -1 
344 480 73 45 0.13861103355884552 10 -1 -1 
811 390 34 21 0.13851909339427948 10 -1 -1 
268 542 107 73 0.13536204397678375 4 -1 -1 
875 445 20 37 0.1349213719367981 2 -1 -1 
379 81 37 19 0.13348616659641266 6 -1 -1 
874 455 20 35 0.1325114369392395 1 -1 -1 
599 182 43 20 0.13188910484313965 5 -1 -1 
335 474 81 40 0.13064227998256683 4 -1 -1 
193 281 82 40 0.12813805043697357 4 -1 -1 
662 205 48 24 0.1265185922384262 4 -1 -1 
583 180 41 16 0.12453532963991165 5 -1 -1 
386 160 43 18 0.12402531504631042 6 -1 -1 
215 692 76 73 0.12372741848230362 5 -1 -1 
-3 220 47 31 0.12342559546232224 5 -1 -1 
215 692 76 73 0.12164796143770218 10 -1 -1 
199 272 80 38 0.1205349713563919 6 -1 -1 
297 517 89 53 0.11714421212673187 4 -1 -1 
269 225 109 48 0.11659731715917587 9 -1 -1 
268 225 116 47 0.11623895168304443 6 -1 -1 
751 373 77 33 0.11560749262571335 4 -1 -1 
913 507 21 35 0.11540870368480682 8 -1 -1 
741 364 54 30 0.11516907811164856 4 -1 -1 
179 377 19 37 0.11445630341768265 1 -1 -1 
619 195 47 19 0.11308519542217255 5 -1 -1 
198 289 90 43 0.1121482104063034 4 -1 -1 
203 374 19 33 0.11100039631128311 1 -1 -1 
376 164 42 23 0.11080658435821533 8 -1 -1 
606 186 40 20 0.11051126569509506 5 -1 -1 
713 215 41 22 0.11046665161848068 4 -1 -1 
749 321 45 28 0.1075499877333641 2 -1 -1 
338 197 46 17 0.10503935813903809 1 -1 -1 
337 513 74 43 0.10494490712881088 10 -1 -1 
197 366 17 36 0.10425842553377151 1 -1 -1 
740 366 21 34 0.10260665416717529 1 -1 -1 
251 292 80 47 0.10111823678016663 6 -1 -1 
339 475 77 36 0.10099586844444275 10 -1 -1 
9 564 20 44 0.10088986158370972 2 -1 -1 
188 307 72 38 0.10088498145341873 6 -1 -1 
344 508 68 36 0.10046163946390152 7 -1 -1 
386 160 44 18 0.09851249307394028 8 -1 -1 
333 498 78 40 0.09796691685914993 7 -1 -1 
748 366 78 31 0.09677083045244217 5 -1 -1 
255 507 128 94 0.05729144439101219 4 -1 -1 
744 368 83 30 0.05392882600426674 6 -1 -1 
274 482 140 117 0.052993472665548325 4 -1 -1 
