1154 613 58 32 0.9865624308586121 3 -1 -1 
675 581 132 77 0.9552615284919739 5 -1 -1 
1082 488 85 106 0.9481266140937805 4 -1 -1 
818 463 63 97 0.944988489151001 4 -1 -1 
935 486 81 99 0.9376136660575867 4 -1 -1 
924 601 152 70 0.9339838624000549 4 -1 -1 
404 435 64 100 0.9321269989013672 4 -1 -1 
309 249 63 68 0.9304505586624146 4 -1 -1 
731 475 68 99 0.9266734719276428 4 -1 -1 
1184 483 61 97 0.9232559204101562 4 -1 -1 
563 457 57 91 0.920569658279419 4 -1 -1 
983 245 103 48 0.9195744395256042 4 -1 -1 
210 438 104 107 0.9194803833961487 4 -1 -1 
487 253 61 68 0.912065863609314 4 -1 -1 
383 124 42 43 0.9076871871948242 4 -1 -1 
639 475 57 97 0.907502293586731 4 -1 -1 
694 126 37 46 0.906809389591217 4 -1 -1 
840 124 38 50 0.9065487384796143 4 -1 -1 
634 124 37 45 0.9061535000801086 4 -1 -1 
478 499 75 79 0.8914421796798706 4 -1 -1 
727 340 53 78 0.8904361128807068 4 -1 -1 
471 119 42 44 0.8891440033912659 4 -1 -1 
611 269 45 59 0.8869436383247375 4 -1 -1 
615 339 52 78 0.8754032850265503 4 -1 -1 
639 638 146 83 0.8632416725158691 4 -1 -1 
447 1 64 27 0.8591904640197754 4 -1 -1 
769 130 37 45 0.8567669987678528 4 -1 -1 
761 72 10 29 0.8547446727752686 1 -1 -1 
681 50 11 27 0.8529506325721741 1 -1 -1 
674 266 42 63 0.8524766564369202 4 -1 -1 
1042 712 150 52 0.8482034206390381 4 -1 -1 
694 53 11 25 0.8477557301521301 1 -1 -1 
559 678 23 40 0.835248589515686 1 -1 -1 
284 6 24 19 0.8329113125801086 10 -1 -1 
362 123 13 30 0.830053448677063 1 -1 -1 
401 248 54 60 0.8249975442886353 4 -1 -1 
836 173 13 28 0.8218273520469666 1 -1 -1 
1287 659 71 73 0.8213462233543396 4 -1 -1 
550 259 52 66 0.7952525019645691 4 -1 -1 
598 705 18 52 0.7911278009414673 1 -1 -1 
519 154 91 47 0.7837448716163635 4 -1 -1 
851 155 16 32 0.7733496427536011 1 -1 -1 
814 170 16 32 0.7666409015655518 1 -1 -1 
1174 601 27 41 0.7575687766075134 2 -1 -1 
1008 111 30 20 0.739814043045044 10 -1 -1 
78 193 27 26 0.7385127544403076 10 -1 -1 
1015 223 31 21 0.7243332862854004 10 -1 -1 
47 192 25 25 0.7153958678245544 10 -1 -1 
141 41 11 23 0.712719202041626 10 -1 -1 
908 42 12 22 0.7075778841972351 3 -1 -1 
1229 365 20 33 0.7065211534500122 1 -1 -1 
135 151 17 21 0.6996144652366638 2 -1 -1 
814 273 48 64 0.657195508480072 4 -1 -1 
1015 223 30 21 0.6534855365753174 3 -1 -1 
395 100 14 19 0.6455931067466736 2 -1 -1 
0 377 29 41 0.6287041902542114 7 -1 -1 
161 46 13 24 0.5913131237030029 10 -1 -1 
68 162 23 27 0.57961106300354 3 -1 -1 
923 35 11 26 0.5675946474075317 10 -1 -1 
0 377 29 41 0.5205510258674622 8 -1 -1 
1265 375 14 28 0.5163542628288269 1 -1 -1 
68 162 23 27 0.4948718249797821 10 -1 -1 
235 48 19 13 0.49449387192726135 10 -1 -1 
235 48 19 14 0.49290531873703003 3 -1 -1 
908 42 12 22 0.47818857431411743 10 -1 -1 
222 34 15 24 0.47777804732322693 10 -1 -1 
1102 273 26 41 0.4645370543003082 7 -1 -1 
477 707 80 58 0.4441475570201874 8 -1 -1 
102 154 15 29 0.4314068555831909 1 -1 -1 
106 82 11 22 0.41631144285202026 10 -1 -1 
1157 610 52 33 0.41281285881996155 2 -1 -1 
122 81 27 34 0.408255398273468 7 -1 -1 
106 81 12 23 0.39957481622695923 3 -1 -1 
1263 375 17 28 0.3937384784221649 2 -1 -1 
96 48 26 23 0.38805657625198364 10 -1 -1 
395 100 14 19 0.3680582344532013 1 -1 -1 
820 172 10 30 0.35920771956443787 1 -1 -1 
814 273 48 64 0.35652127861976624 5 -1 -1 
922 35 12 26 0.346670001745224 3 -1 -1 
81 70 29 21 0.33913877606391907 10 -1 -1 
135 151 17 21 0.32998135685920715 1 -1 -1 
81 67 15 24 0.31475961208343506 2 -1 -1 
104 71 16 34 0.31182053685188293 3 -1 -1 
1174 603 28 40 0.3112410306930542 3 -1 -1 
545 702 18 43 0.3014846742153168 1 -1 -1 
1175 601 26 41 0.3011469841003418 1 -1 -1 
1154 614 58 30 0.29923316836357117 7 -1 -1 
183 45 15 16 0.29076075553894043 10 -1 -1 
125 78 11 23 0.28921347856521606 1 -1 -1 
1035 223 11 23 0.28795990347862244 10 -1 -1 
1035 223 11 23 0.27949586510658264 3 -1 -1 
553 -1 10 17 0.2785753905773163 1 -1 -1 
304 69 27 24 0.27546006441116333 4 -1 -1 
104 71 16 34 0.2750168740749359 10 -1 -1 
474 706 84 58 0.26833009719848633 7 -1 -1 
1055 89 23 18 0.26244667172431946 10 -1 -1 
100 56 21 18 0.25920456647872925 10 -1 -1 
676 581 132 77 0.25311049818992615 4 -1 -1 
1154 613 58 32 0.25106146931648254 4 -1 -1 
585 714 11 29 0.24996554851531982 1 -1 -1 
553 29 18 28 0.24842220544815063 2 -1 -1 
125 78 13 22 0.24776747822761536 2 -1 -1 
0 223 28 20 0.24678999185562134 4 -1 -1 
98 158 14 26 0.24655070900917053 1 -1 -1 
96 160 11 23 0.24574580788612366 1 -1 -1 
79 70 19 24 0.2428053468465805 10 -1 -1 
220 27 23 30 0.2427564412355423 10 -1 -1 
1204 432 35 29 0.23338164389133453 7 -1 -1 
77 168 15 20 0.2312464714050293 3 -1 -1 
477 707 80 58 0.2240421622991562 6 -1 -1 
1154 614 58 30 0.219363734126091 10 -1 -1 
80 70 27 24 0.21733158826828003 3 -1 -1 
542 705 20 57 0.21018479764461517 1 -1 -1 
159 75 11 17 0.20964178442955017 2 -1 -1 
84 157 18 21 0.20899194478988647 2 -1 -1 
1028 223 18 22 0.20778733491897583 10 -1 -1 
161 48 14 22 0.20735648274421692 3 -1 -1 
519 154 91 47 0.20644770562648773 5 -1 -1 
183 45 15 16 0.20606504380702972 3 -1 -1 
1258 387 13 18 0.2057488113641739 2 -1 -1 
1269 546 29 34 0.20553168654441833 2 -1 -1 
1028 223 18 22 0.2050010710954666 3 -1 -1 
134 82 18 17 0.20465725660324097 2 -1 -1 
68 162 23 27 0.2042645663022995 7 -1 -1 
79 69 18 26 0.20389677584171295 3 -1 -1 
993 510 11 28 0.20008854568004608 1 -1 -1 
478 500 75 78 0.19034278392791748 5 -1 -1 
122 81 27 34 0.1788695901632309 8 -1 -1 
476 707 81 58 0.1773611307144165 5 -1 -1 
216 24 35 31 0.16168993711471558 8 -1 -1 
216 24 35 31 0.15386304259300232 7 -1 -1 
983 245 102 48 0.1398269087076187 5 -1 -1 
79 60 37 30 0.13560698926448822 10 -1 -1 
1287 659 71 73 0.13347487151622772 5 -1 -1 
83 68 36 34 0.1318410485982895 10 -1 -1 
727 340 53 78 0.13046468794345856 5 -1 -1 
476 707 81 58 0.12636996805667877 4 -1 -1 
1259 374 24 34 0.12441608309745789 1 -1 -1 
1280 328 37 40 0.12300369888544083 6 -1 -1 
84 54 37 31 0.11993817239999771 10 -1 -1 
1082 488 85 107 0.11834847182035446 9 -1 -1 
210 0 40 48 0.117975614964962 6 -1 -1 
819 462 62 98 0.11630235612392426 1 -1 -1 
639 475 57 98 0.11514616012573242 5 -1 -1 
819 462 62 98 0.11396678537130356 9 -1 -1 
731 476 67 99 0.11350514739751816 5 -1 -1 
304 67 32 27 0.11349416524171829 7 -1 -1 
653 600 151 86 0.11327138543128967 4 -1 -1 
84 46 37 27 0.11166760325431824 10 -1 -1 
476 707 81 58 0.11149119585752487 9 -1 -1 
641 638 145 83 0.10934862494468689 5 -1 -1 
840 124 38 50 0.1087207943201065 5 -1 -1 
1082 488 85 106 0.10804940015077591 1 -1 -1 
217 24 34 30 0.10731492936611176 10 -1 -1 
122 82 27 33 0.10576211661100388 6 -1 -1 
563 457 56 91 0.1052074134349823 5 -1 -1 
615 339 52 78 0.10515273362398148 5 -1 -1 
1041 712 151 52 0.10434745252132416 5 -1 -1 
214 20 37 30 0.10346482694149017 6 -1 -1 
818 463 63 97 0.10345011949539185 10 -1 -1 
1082 488 85 106 0.10213831067085266 10 -1 -1 
124 78 38 36 0.10168318450450897 7 -1 -1 
550 260 52 65 0.09935294836759567 5 -1 -1 
551 27 25 32 0.09933160990476608 1 -1 -1 
214 26 25 34 0.09920890629291534 10 -1 -1 
401 248 54 61 0.09787001460790634 5 -1 -1 
487 253 61 68 0.09694501757621765 5 -1 -1 
404 435 64 100 0.09679488837718964 10 -1 -1 
75 55 27 36 0.09303700923919678 10 -1 -1 
640 474 56 98 0.09292399883270264 10 -1 -1 
1280 330 36 39 0.09208989888429642 7 -1 -1 
1183 483 62 97 0.09197182953357697 1 -1 -1 
563 457 57 91 0.09161485731601715 10 -1 -1 
476 708 81 57 0.09078654646873474 3 -1 -1 
93 51 31 31 0.08985357731580734 10 -1 -1 
983 246 102 47 0.08912502974271774 1 -1 -1 
1082 488 85 107 0.08884348720312119 5 -1 -1 
310 249 61 68 0.08873635530471802 5 -1 -1 
404 435 64 100 0.08855486661195755 9 -1 -1 
404 435 64 100 0.0873490497469902 1 -1 -1 
731 476 68 98 0.08677777647972107 10 -1 -1 
404 435 63 101 0.08654478937387466 5 -1 -1 
1288 660 70 72 0.08648514002561569 1 -1 -1 
935 486 81 99 0.08629151433706284 9 -1 -1 
731 476 67 99 0.0859973281621933 1 -1 -1 
303 68 32 26 0.08500298857688904 6 -1 -1 
309 249 63 68 0.0838487446308136 1 -1 -1 
563 457 57 91 0.08338385075330734 1 -1 -1 
304 67 32 27 0.08306795358657837 8 -1 -1 
935 486 82 99 0.08287657052278519 5 -1 -1 
935 486 81 99 0.08257648348808289 10 -1 -1 
310 249 61 68 0.08238779008388519 10 -1 -1 
1231 363 27 37 0.08193507045507431 1 -1 -1 
309 249 63 68 0.08190570771694183 9 -1 -1 
1042 712 150 52 0.08129863440990448 10 -1 -1 
640 638 146 83 0.08120875805616379 9 -1 -1 
563 457 56 91 0.08106932044029236 9 -1 -1 
935 486 81 99 0.08106286078691483 1 -1 -1 
1082 488 85 106 0.08095619827508926 7 -1 -1 
487 253 61 68 0.08000799268484116 1 -1 -1 
935 486 81 99 0.0798419639468193 7 -1 -1 
731 475 68 99 0.07982620596885681 9 -1 -1 
1259 374 24 34 0.07874691486358643 2 -1 -1 
478 499 75 79 0.07804006338119507 9 -1 -1 
309 249 63 68 0.0777578204870224 7 -1 -1 
82 154 35 29 0.07755923271179199 8 -1 -1 
935 486 81 99 0.07754331827163696 6 -1 -1 
1184 483 61 97 0.07709479331970215 10 -1 -1 
76 49 41 28 0.07635009288787842 10 -1 -1 
1041 712 151 52 0.07611260563135147 6 -1 -1 
1041 712 149 52 0.07538921386003494 1 -1 -1 
726 340 54 79 0.07456738501787186 10 -1 -1 
813 273 49 64 0.07446232438087463 6 -1 -1 
1046 700 147 50 0.07443057000637054 4 -1 -1 
639 475 57 97 0.0742952972650528 1 -1 -1 
1184 483 61 97 0.07421857118606567 5 -1 -1 
818 463 63 97 0.07414694130420685 7 -1 -1 
82 154 35 29 0.07402866333723068 7 -1 -1 
840 124 38 50 0.0739787295460701 1 -1 -1 
83 68 36 34 0.07397781312465668 3 -1 -1 
983 246 103 47 0.07351396232843399 10 -1 -1 
478 500 75 78 0.0734591856598854 6 -1 -1 
401 248 54 60 0.07341574132442474 1 -1 -1 
519 154 91 47 0.07331465184688568 10 -1 -1 
1082 488 85 106 0.07310634106397629 6 -1 -1 
819 462 62 98 0.0728360041975975 5 -1 -1 
478 499 75 79 0.07264254987239838 7 -1 -1 
1185 483 60 97 0.07166749238967896 9 -1 -1 
727 340 53 78 0.07161711156368256 1 -1 -1 
76 62 28 33 0.07158945500850677 3 -1 -1 
478 499 75 79 0.0706615298986435 10 -1 -1 
487 253 61 68 0.07055419683456421 10 -1 -1 
1037 709 158 57 0.055188506841659546 9 -1 -1 
