622 639 69 123 0.928925633430481 4 -1 -1 
661 193 33 35 0.9261767864227295 4 -1 -1 
551 391 48 66 0.9008854031562805 4 -1 -1 
587 248 36 43 0.8772873878479004 4 -1 -1 
630 87 27 29 0.8716102242469788 4 -1 -1 
114 397 21 42 0.8639184236526489 1 -1 -1 
577 161 39 43 0.8449942469596863 4 -1 -1 
615 119 26 30 0.8419541120529175 4 -1 -1 
718 123 7 22 0.8315834403038025 1 -1 -1 
549 145 35 38 0.824376106262207 4 -1 -1 
610 11 18 17 0.8182883858680725 4 -1 -1 
667 126 27 28 0.8171687126159668 4 -1 -1 
84 399 26 34 0.8148218393325806 10 -1 -1 
955 218 35 41 0.8030418157577515 5 -1 -1 
403 157 24 17 0.7904644012451172 10 -1 -1 
818 26 7 17 0.7867035865783691 1 -1 -1 
826 24 19 16 0.7863963842391968 4 -1 -1 
679 82 24 23 0.7844514846801758 4 -1 -1 
741 106 22 23 0.7655760049819946 4 -1 -1 
331 187 24 14 0.7618197202682495 10 -1 -1 
714 14 19 19 0.7605201601982117 4 -1 -1 
636 345 47 54 0.7507655024528503 4 -1 -1 
919 114 21 15 0.7275599837303162 10 -1 -1 
378 177 16 19 0.725119411945343 10 -1 -1 
788 227 13 30 0.7220388650894165 1 -1 -1 
811 47 25 35 0.7187202572822571 6 -1 -1 
721 385 17 28 0.7167946100234985 2 -1 -1 
694 32 8 12 0.7134601473808289 10 -1 -1 
73 440 21 24 0.7107747793197632 2 -1 -1 
591 68 24 24 0.7089502215385437 4 -1 -1 
600 29 35 17 0.7089285254478455 4 -1 -1 
726 125 25 25 0.7053057551383972 4 -1 -1 
280 175 16 22 0.7047520875930786 10 -1 -1 
639 155 11 20 0.696881890296936 2 -1 -1 
639 161 10 20 0.6862888932228088 10 -1 -1 
342 164 15 19 0.6845408082008362 10 -1 -1 
812 48 25 34 0.6834430694580078 5 -1 -1 
722 275 11 24 0.6822438836097717 2 -1 -1 
810 8 37 17 0.6775190830230713 4 -1 -1 
695 28 7 12 0.6771407723426819 2 -1 -1 
788 0 15 15 0.6444978713989258 4 -1 -1 
888 82 31 32 0.6388572454452515 4 -1 -1 
417 146 24 17 0.6384849548339844 10 -1 -1 
615 2 16 16 0.6302875280380249 4 -1 -1 
299 143 11 25 0.6295687556266785 1 -1 -1 
280 297 28 22 0.6266759037971497 10 -1 -1 
358 191 21 19 0.6209930777549744 10 -1 -1 
148 289 70 46 0.6188248991966248 8 -1 -1 
201 289 32 20 0.6168960332870483 3 -1 -1 
607 36 19 19 0.6126205921173096 4 -1 -1 
178 606 158 75 0.6123488545417786 4 -1 -1 
389 173 11 14 0.5852592587471008 10 -1 -1 
204 280 18 27 0.5826658010482788 2 -1 -1 
637 473 52 82 0.5730984210968018 4 -1 -1 
638 473 52 82 0.572270393371582 5 -1 -1 
927 128 20 14 0.5692734122276306 10 -1 -1 
525 15 11 10 0.5586673617362976 10 -1 -1 
721 390 17 34 0.5574163198471069 10 -1 -1 
489 19 6 16 0.5548446774482727 1 -1 -1 
722 282 10 24 0.5476781725883484 10 -1 -1 
580 40 20 18 0.534695029258728 4 -1 -1 
488 33 5 14 0.5280799269676208 1 -1 -1 
358 172 13 21 0.5252465009689331 10 -1 -1 
481 32 6 15 0.5113584399223328 1 -1 -1 
458 185 23 18 0.5066775679588318 10 -1 -1 
201 289 32 20 0.5022268295288086 10 -1 -1 
279 298 30 22 0.4991586208343506 3 -1 -1 
280 288 16 29 0.4878833591938019 2 -1 -1 
336 177 11 23 0.46890923380851746 2 -1 -1 
888 82 33 32 0.4575732350349426 8 -1 -1 
470 72 16 11 0.4571164548397064 10 -1 -1 
834 106 22 26 0.4558449387550354 4 -1 -1 
386 164 16 14 0.4462483525276184 10 -1 -1 
639 162 11 19 0.44345900416374207 7 -1 -1 
783 223 11 32 0.4240091145038605 1 -1 -1 
148 293 68 42 0.42338335514068604 7 -1 -1 
528 3 9 10 0.40094444155693054 10 -1 -1 
413 143 17 14 0.39866766333580017 3 -1 -1 
283 255 76 40 0.39060449600219727 4 -1 -1 
476 60 32 18 0.3887707591056824 5 -1 -1 
458 188 22 15 0.3834170997142792 3 -1 -1 
888 82 33 32 0.3820510506629944 7 -1 -1 
810 8 37 17 0.37660861015319824 5 -1 -1 
458 180 24 18 0.3750118315219879 10 -1 -1 
968 257 58 25 0.3695945739746094 4 -1 -1 
295 283 24 26 0.36947473883628845 10 -1 -1 
1157 554 18 32 0.3627742528915405 1 -1 -1 
357 164 13 20 0.3535478115081787 10 -1 -1 
955 218 35 41 0.3479420244693756 4 -1 -1 
384 181 10 16 0.3452814221382141 10 -1 -1 
525 14 6 10 0.34519729018211365 10 -1 -1 
285 276 34 33 0.33949199318885803 10 -1 -1 
280 288 16 29 0.3391072154045105 1 -1 -1 
202 287 30 22 0.33707258105278015 2 -1 -1 
413 145 24 16 0.33015531301498413 10 -1 -1 
475 59 34 22 0.32600587606430054 8 -1 -1 
853 11 10 13 0.32085615396499634 10 -1 -1 
528 3 9 10 0.31874290108680725 7 -1 -1 
393 164 9 12 0.31852972507476807 10 -1 -1 
205 278 14 22 0.3147599995136261 2 -1 -1 
390 169 11 14 0.3139888048171997 10 -1 -1 
721 282 11 24 0.31146231293678284 3 -1 -1 
344 162 21 19 0.3074992895126343 10 -1 -1 
73 441 22 23 0.3070622384548187 1 -1 -1 
497 39 21 22 0.306528240442276 8 -1 -1 
480 32 8 15 0.30639001727104187 2 -1 -1 
1256 70 19 17 0.2984616756439209 10 -1 -1 
476 65 7 13 0.29555371403694153 2 -1 -1 
362 174 9 20 0.29519715905189514 10 -1 -1 
1256 68 16 18 0.29166385531425476 3 -1 -1 
832 195 34 53 0.2911189794540405 8 -1 -1 
615 2 16 16 0.2897905111312866 5 -1 -1 
350 163 19 19 0.28965258598327637 10 -1 -1 
788 226 13 31 0.2881929576396942 2 -1 -1 
380 175 6 13 0.2860475778579712 2 -1 -1 
722 275 11 24 0.2833212614059448 1 -1 -1 
960 100 15 35 0.2813272476196289 1 -1 -1 
527 3 10 9 0.2812884449958801 2 -1 -1 
469 73 17 10 0.27923348546028137 3 -1 -1 
280 295 23 25 0.27844080328941345 2 -1 -1 
288 288 29 25 0.27812060713768005 10 -1 -1 
423 150 19 13 0.276958703994751 10 -1 -1 
857 10 7 13 0.27680495381355286 10 -1 -1 
473 68 11 13 0.2764664888381958 10 -1 -1 
385 174 12 14 0.27609318494796753 10 -1 -1 
283 270 15 26 0.27226823568344116 1 -1 -1 
331 187 24 14 0.27123337984085083 3 -1 -1 
469 72 17 11 0.26948991417884827 7 -1 -1 
413 143 17 14 0.26852113008499146 10 -1 -1 
379 175 9 17 0.26850488781929016 2 -1 -1 
458 184 24 18 0.26841679215431213 7 -1 -1 
828 235 24 20 0.26272785663604736 10 -1 -1 
475 60 34 20 0.24308571219444275 4 -1 -1 
492 39 34 26 0.2354182004928589 6 -1 -1 
491 39 32 26 0.22962452471256256 8 -1 -1 
1157 554 19 35 0.21827080845832825 2 -1 -1 
964 312 121 62 0.217701718211174 4 -1 -1 
491 39 32 26 0.21340975165367126 7 -1 -1 
888 82 31 32 0.21310172975063324 5 -1 -1 
969 252 74 34 0.19730591773986816 4 -1 -1 
151 280 79 43 0.19583433866500854 8 -1 -1 
471 60 35 22 0.1894543319940567 7 -1 -1 
495 44 40 24 0.17930947244167328 6 -1 -1 
283 255 77 40 0.17651008069515228 5 -1 -1 
888 82 33 32 0.17297160625457764 10 -1 -1 
567 38 34 21 0.16638624668121338 4 -1 -1 
483 52 42 25 0.1658441573381424 6 -1 -1 
825 195 49 59 0.1653783917427063 6 -1 -1 
479 59 44 23 0.16455191373825073 6 -1 -1 
811 47 26 35 0.16255076229572296 4 -1 -1 
485 47 49 28 0.1615740954875946 6 -1 -1 
1269 482 90 123 0.15841661393642426 4 -1 -1 
154 569 179 94 0.1541265994310379 4 -1 -1 
286 254 104 51 0.1514696180820465 4 -1 -1 
497 38 39 24 0.14977234601974487 6 -1 -1 
615 119 26 30 0.14875754714012146 5 -1 -1 
483 52 42 25 0.14638115465641022 8 -1 -1 
479 62 41 21 0.14562292397022247 5 -1 -1 
485 47 35 26 0.14424024522304535 7 -1 -1 
84 399 26 34 0.14372505247592926 4 -1 -1 
279 169 21 29 0.14248916506767273 10 -1 -1 
485 47 35 26 0.14232124388217926 8 -1 -1 
1220 91 68 40 0.14189767837524414 4 -1 -1 
283 242 98 50 0.14020293951034546 4 -1 -1 
474 60 35 21 0.13932256400585175 6 -1 -1 
151 280 79 43 0.13815785944461823 7 -1 -1 
352 279 89 45 0.13739925622940063 4 -1 -1 
816 171 67 36 0.1371602863073349 9 -1 -1 
967 252 73 33 0.13653740286827087 5 -1 -1 
352 279 89 45 0.1357690691947937 5 -1 -1 
481 56 37 21 0.13521958887577057 5 -1 -1 
1265 481 93 123 0.13310331106185913 5 -1 -1 
112 588 222 98 0.13251368701457977 4 -1 -1 
888 82 31 32 0.13194838166236877 9 -1 -1 
951 314 132 63 0.13133487105369568 6 -1 -1 
2 180 72 48 0.13094452023506165 4 -1 -1 
975 314 107 61 0.1284671276807785 8 -1 -1 
964 314 121 62 0.12498132884502411 7 -1 -1 
491 39 32 26 0.12464715540409088 4 -1 -1 
888 82 31 32 0.12376546114683151 1 -1 -1 
454 178 28 26 0.1235734075307846 10 -1 -1 
84 399 26 34 0.12224297225475311 3 -1 -1 
157 262 18 34 0.12198647856712341 1 -1 -1 
479 58 38 22 0.1192779615521431 7 -1 -1 
830 172 60 40 0.11906841397285461 6 -1 -1 
493 39 33 25 0.11778820306062698 5 -1 -1 
495 38 35 26 0.11768609285354614 9 -1 -1 
975 314 107 61 0.1173977181315422 5 -1 -1 
816 171 67 36 0.11693917214870453 5 -1 -1 
178 606 158 75 0.11655429005622864 5 -1 -1 
505 45 32 27 0.11646127700805664 6 -1 -1 
637 473 53 82 0.11634387075901031 6 -1 -1 
590 67 25 26 0.11630212515592575 5 -1 -1 
479 59 44 23 0.1154298409819603 8 -1 -1 
888 82 30 32 0.1141975149512291 2 -1 -1 
481 56 37 21 0.11416718363761902 4 -1 -1 
148 293 68 42 0.11337394267320633 10 -1 -1 
888 82 31 32 0.1130509227514267 6 -1 -1 
722 382 19 36 0.11300362646579742 10 -1 -1 
638 473 52 82 0.11292649060487747 9 -1 -1 
352 279 89 45 0.11177968233823776 6 -1 -1 
968 253 70 32 0.11073466390371323 6 -1 -1 
720 382 19 36 0.1097625121474266 1 -1 -1 
483 52 42 25 0.10767855495214462 7 -1 -1 
600 29 35 17 0.10398643463850021 5 -1 -1 
114 397 21 42 0.10391856729984283 4 -1 -1 
496 38 36 25 0.10379473865032196 8 -1 -1 
888 82 33 32 0.10334530472755432 3 -1 -1 
827 101 29 28 0.10262907296419144 4 -1 -1 
479 62 41 21 0.10221853107213974 4 -1 -1 
636 345 48 54 0.10198824107646942 5 -1 -1 
286 254 104 51 0.10185365378856659 5 -1 -1 
1222 408 136 186 0.10162966698408127 4 -1 -1 
148 292 69 43 0.09959854185581207 3 -1 -1 
994 304 92 58 0.09883816540241241 4 -1 -1 
622 639 70 124 0.09868474304676056 10 -1 -1 
212 508 145 74 0.09723775833845139 4 -1 -1 
200 618 139 85 0.0967736542224884 4 -1 -1 
637 473 52 82 0.09582589566707611 8 -1 -1 
831 105 26 28 0.09298726171255112 5 -1 -1 
486 47 34 23 0.0923827663064003 6 -1 -1 
812 48 25 34 0.09219927340745926 9 -1 -1 
325 279 98 47 0.09178262948989868 5 -1 -1 
496 38 36 25 0.09147384017705917 7 -1 -1 
15 186 78 42 0.09035366773605347 4 -1 -1 
551 391 48 66 0.08966512978076935 5 -1 -1 
832 185 60 58 0.08963555097579956 6 -1 -1 
486 47 34 23 0.08863375335931778 4 -1 -1 
114 397 20 42 0.08736798912286758 2 -1 -1 
485 50 41 23 0.08702945709228516 5 -1 -1 
496 38 36 25 0.08680728822946548 4 -1 -1 
456 179 27 25 0.08663772791624069 3 -1 -1 
630 87 27 29 0.08446396887302399 1 -1 -1 
280 172 30 27 0.08427934348583221 10 -1 -1 
621 638 73 125 0.057006049901247025 9 -1 -1 
967 308 139 89 0.05672178417444229 4 -1 -1 
967 308 139 89 0.05170699954032898 6 -1 -1 
941 307 141 79 0.050012458115816116 5 -1 -1 
