823 544 92 125 0.9488234519958496 4 -1 -1 
173 616 116 123 0.9468473196029663 4 -1 -1 
508 242 37 54 0.946358323097229 8 -1 -1 
453 463 79 111 0.9348113536834717 4 -1 -1 
431 373 95 91 0.9260484576225281 4 -1 -1 
610 190 45 52 0.9063916206359863 4 -1 -1 
807 340 121 53 0.9023498892784119 4 -1 -1 
714 209 76 51 0.8870208859443665 4 -1 -1 
256 305 19 47 0.8738667368888855 1 -1 -1 
359 423 39 30 0.8595718145370483 10 -1 -1 
741 249 55 73 0.8082139492034912 4 -1 -1 
349 465 98 53 0.7837284803390503 4 -1 -1 
757 302 14 38 0.7679126858711243 1 -1 -1 
326 337 43 32 0.7433059811592102 10 -1 -1 
212 560 57 37 0.7265684604644775 10 -1 -1 
476 185 52 46 0.6781440377235413 7 -1 -1 
625 104 32 41 0.6748418211936951 4 -1 -1 
673 44 65 27 0.6693411469459534 4 -1 -1 
677 161 39 48 0.6557328104972839 4 -1 -1 
726 599 22 34 0.5787783861160278 2 -1 -1 
693 90 38 57 0.5768625140190125 5 -1 -1 
721 133 67 50 0.5729191899299622 8 -1 -1 
584 0 12 17 0.5675763487815857 7 -1 -1 
890 300 46 43 0.5594883561134338 7 -1 -1 
800 309 33 41 0.5579909086227417 10 -1 -1 
721 133 76 49 0.5576167702674866 5 -1 -1 
632 32 26 38 0.5482684373855591 4 -1 -1 
726 596 23 56 0.5406637787818909 10 -1 -1 
748 180 19 31 0.5360996723175049 10 -1 -1 
361 385 44 33 0.5333203077316284 10 -1 -1 
760 299 16 41 0.5157922506332397 1 -1 -1 
694 61 42 33 0.4975966513156891 4 -1 -1 
104 738 27 25 0.49622732400894165 1 -1 -1 
51 725 28 33 0.47790461778640747 2 -1 -1 
54 723 45 24 0.47703060507774353 10 -1 -1 
889 301 48 41 0.4534454643726349 8 -1 -1 
83 712 47 32 0.4496152400970459 10 -1 -1 
584 0 12 17 0.449576199054718 10 -1 -1 
631 32 27 38 0.4425069987773895 5 -1 -1 
800 325 30 27 0.4289610683917999 10 -1 -1 
748 189 22 26 0.4279683828353882 10 -1 -1 
920 699 25 64 0.4272443950176239 10 -1 -1 
996 340 38 25 0.4268433153629303 3 -1 -1 
479 185 47 45 0.42526257038116455 8 -1 -1 
694 61 42 33 0.4039802551269531 5 -1 -1 
274 215 25 19 0.37780430912971497 10 -1 -1 
688 40 53 22 0.3713071942329407 4 -1 -1 
1015 337 32 28 0.33761322498321533 3 -1 -1 
449 183 78 48 0.3367275595664978 6 -1 -1 
571 0 7 13 0.3278597891330719 1 -1 -1 
508 242 36 54 0.3265836238861084 7 -1 -1 
104 738 27 26 0.3258070945739746 2 -1 -1 
566 0 5 11 0.3233156204223633 1 -1 -1 
83 713 24 26 0.3145847022533417 2 -1 -1 
804 308 30 42 0.30971506237983704 3 -1 -1 
402 462 44 56 0.30666619539260864 4 -1 -1 
472 146 74 50 0.305309534072876 4 -1 -1 
721 133 76 49 0.30500924587249756 4 -1 -1 
991 344 39 31 0.30435502529144287 3 -1 -1 
891 306 45 37 0.30423152446746826 10 -1 -1 
483 150 63 64 0.30302608013153076 7 -1 -1 
952 241 9 20 0.3012195825576782 3 -1 -1 
750 185 32 29 0.2966855466365814 10 -1 -1 
584 0 12 17 0.2966565489768982 8 -1 -1 
1024 339 30 25 0.2963685691356659 3 -1 -1 
709 8 13 30 0.2937983274459839 1 -1 -1 
749 176 22 29 0.2930050194263458 10 -1 -1 
802 332 28 25 0.2905222177505493 10 -1 -1 
51 724 28 34 0.2890227437019348 1 -1 -1 
726 596 23 56 0.2872290313243866 2 -1 -1 
814 305 22 40 0.28536808490753174 3 -1 -1 
725 595 20 29 0.2783519923686981 2 -1 -1 
55 710 76 42 0.2781291902065277 10 -1 -1 
953 237 8 18 0.2779223322868347 2 -1 -1 
631 32 27 38 0.26819702982902527 6 -1 -1 
624 105 32 40 0.26425978541374207 5 -1 -1 
83 712 39 29 0.26369696855545044 2 -1 -1 
631 32 27 38 0.2634006142616272 8 -1 -1 
51 724 38 31 0.2558225095272064 10 -1 -1 
447 183 81 48 0.2555306553840637 4 -1 -1 
110 740 32 24 0.25343331694602966 1 -1 -1 
46 717 56 35 0.25227344036102295 10 -1 -1 
585 0 11 14 0.2504596412181854 2 -1 -1 
824 86 27 27 0.2504331171512604 10 -1 -1 
952 241 9 20 0.2485296130180359 10 -1 -1 
725 597 23 56 0.2480069249868393 3 -1 -1 
449 184 78 47 0.24506619572639465 8 -1 -1 
569 0 7 11 0.24114267528057098 1 -1 -1 
700 87 48 62 0.23773597180843353 5 -1 -1 
303 468 142 61 0.23647738993167877 4 -1 -1 
1059 341 27 29 0.23570609092712402 3 -1 -1 
584 0 12 17 0.234471395611763 3 -1 -1 
817 304 24 32 0.233586847782135 3 -1 -1 
720 129 85 54 0.23270726203918457 6 -1 -1 
874 518 44 151 0.23215831816196442 4 -1 -1 
383 0 11 26 0.22893577814102173 1 -1 -1 
725 599 23 42 0.22860312461853027 1 -1 -1 
783 0 8 20 0.22782763838768005 1 -1 -1 
508 242 37 54 0.2258983850479126 2 -1 -1 
677 161 39 48 0.22533266246318817 5 -1 -1 
340 465 106 53 0.22434978187084198 5 -1 -1 
749 179 16 30 0.2232649177312851 2 -1 -1 
749 176 38 32 0.22243788838386536 10 -1 -1 
358 424 40 29 0.22121314704418182 4 -1 -1 
508 242 37 54 0.22119803726673126 3 -1 -1 
889 301 47 40 0.21988271176815033 4 -1 -1 
464 152 76 77 0.21824507415294647 7 -1 -1 
358 424 40 29 0.216289222240448 3 -1 -1 
379 125 23 47 0.21112637221813202 3 -1 -1 
717 86 41 60 0.20530866086483002 4 -1 -1 
125 742 18 22 0.20447547733783722 1 -1 -1 
108 740 33 24 0.2039676159620285 2 -1 -1 
809 329 15 24 0.20360609889030457 10 -1 -1 
792 0 6 16 0.2011679708957672 1 -1 -1 
1057 378 74 71 0.20056195557117462 4 -1 -1 
1035 334 31 31 0.19721782207489014 3 -1 -1 
693 90 38 57 0.19714760780334473 4 -1 -1 
362 368 47 49 0.19637277722358704 10 -1 -1 
1041 331 41 34 0.19598276913166046 3 -1 -1 
803 5 7 12 0.19495601952075958 1 -1 -1 
502 154 44 41 0.1938236951828003 4 -1 -1 
720 116 113 70 0.19256915152072906 6 -1 -1 
753 192 33 27 0.19196577370166779 10 -1 -1 
800 327 13 24 0.19175785779953003 2 -1 -1 
353 343 18 24 0.1916077733039856 10 -1 -1 
212 560 57 37 0.19124574959278107 4 -1 -1 
280 217 20 16 0.19122417271137238 3 -1 -1 
985 346 36 33 0.1908947378396988 3 -1 -1 
700 87 48 62 0.18893969058990479 4 -1 -1 
436 127 114 100 0.18705447018146515 6 -1 -1 
571 0 7 13 0.18698816001415253 3 -1 -1 
379 124 21 28 0.18518269062042236 3 -1 -1 
1258 667 51 98 0.18391095101833344 4 -1 -1 
751 170 27 30 0.18362045288085938 10 -1 -1 
350 342 40 25 0.1834651529788971 10 -1 -1 
624 105 33 40 0.18344689905643463 6 -1 -1 
1050 348 194 365 0.18295510113239288 6 -1 -1 
54 722 48 25 0.18280799686908722 3 -1 -1 
83 713 31 28 0.18264076113700867 10 -1 -1 
823 86 27 25 0.18230243027210236 3 -1 -1 
480 198 16 27 0.18212547898292542 2 -1 -1 
800 326 14 24 0.18026402592658997 10 -1 -1 
683 48 58 34 0.17962878942489624 4 -1 -1 
920 697 26 66 0.17862656712532043 3 -1 -1 
748 169 22 26 0.17812761664390564 10 -1 -1 
995 341 39 28 0.17589640617370605 10 -1 -1 
587 0 9 9 0.17532354593276978 2 -1 -1 
584 0 7 10 0.17492127418518066 2 -1 -1 
1258 668 51 97 0.17254066467285156 6 -1 -1 
481 146 65 74 0.17252883315086365 6 -1 -1 
812 333 13 23 0.17211461067199707 2 -1 -1 
1258 667 51 98 0.1718193143606186 5 -1 -1 
300 474 52 68 0.171573206782341 4 -1 -1 
1058 371 106 69 0.1714463233947754 4 -1 -1 
728 142 85 44 0.17118075489997864 5 -1 -1 
722 120 95 60 0.1709948629140854 5 -1 -1 
953 245 7 16 0.17092397809028625 1 -1 -1 
125 742 18 22 0.16990835964679718 2 -1 -1 
813 330 16 25 0.16978533565998077 10 -1 -1 
852 327 13 27 0.16904719173908234 1 -1 -1 
721 133 67 50 0.16873668134212494 7 -1 -1 
720 137 45 45 0.1675332635641098 8 -1 -1 
1058 379 49 62 0.1672194004058838 4 -1 -1 
293 206 15 10 0.16708816587924957 3 -1 -1 
508 242 37 54 0.16695097088813782 4 -1 -1 
724 87 26 55 0.16656997799873352 4 -1 -1 
584 0 10 11 0.16648516058921814 10 -1 -1 
986 328 44 41 0.16635800898075104 3 -1 -1 
800 323 31 29 0.1660892367362976 3 -1 -1 
286 220 14 13 0.16495224833488464 3 -1 -1 
508 242 37 54 0.16430673003196716 5 -1 -1 
625 104 32 41 0.16398289799690247 8 -1 -1 
722 120 95 60 0.16271652281284332 4 -1 -1 
881 531 51 137 0.1622118353843689 4 -1 -1 
379 122 30 27 0.1614069640636444 3 -1 -1 
720 129 97 54 0.1610686480998993 9 -1 -1 
508 242 37 54 0.16066095232963562 9 -1 -1 
439 133 110 97 0.16056139767169952 7 -1 -1 
440 141 105 49 0.15993347764015198 4 -1 -1 
917 529 22 64 0.1589989960193634 1 -1 -1 
809 335 47 27 0.15848679840564728 10 -1 -1 
952 238 9 22 0.1572892665863037 1 -1 -1 
823 86 28 28 0.15721867978572845 7 -1 -1 
492 136 55 55 0.15634837746620178 4 -1 -1 
807 339 123 54 0.15576595067977905 9 -1 -1 
454 146 93 51 0.15463586151599884 6 -1 -1 
508 242 36 54 0.15332476794719696 1 -1 -1 
728 142 85 44 0.15321393311023712 4 -1 -1 
747 167 64 41 0.15217137336730957 4 -1 -1 
467 143 79 50 0.14630471169948578 5 -1 -1 
717 86 42 61 0.14614997804164886 5 -1 -1 
824 544 91 125 0.14021171629428864 9 -1 -1 
481 146 65 74 0.13940948247909546 8 -1 -1 
714 209 77 51 0.13897055387496948 5 -1 -1 
304 470 59 54 0.13844963908195496 4 -1 -1 
676 160 40 49 0.13657653331756592 6 -1 -1 
1050 351 208 381 0.1346895545721054 9 -1 -1 
378 104 79 45 0.13420693576335907 4 -1 -1 
799 308 56 47 0.13303275406360626 10 -1 -1 
424 182 50 45 0.13003705441951752 4 -1 -1 
454 154 90 69 0.12931370735168457 4 -1 -1 
423 156 117 78 0.1292547732591629 6 -1 -1 
447 183 81 48 0.12830545008182526 5 -1 -1 
806 337 74 27 0.12711797654628754 4 -1 -1 
377 117 45 54 0.12581542134284973 3 -1 -1 
389 114 158 90 0.12443438917398453 6 -1 -1 
823 544 92 125 0.12330936640501022 10 -1 -1 
326 333 55 35 0.12314965575933456 7 -1 -1 
256 305 19 47 0.12298490852117538 4 -1 -1 
720 116 86 67 0.12090148031711578 8 -1 -1 
173 616 116 123 0.11977065354585648 9 -1 -1 
488 135 60 65 0.11912889778614044 7 -1 -1 
823 544 92 125 0.11868378520011902 7 -1 -1 
1056 356 88 102 0.11782560497522354 4 -1 -1 
429 176 88 51 0.11734381318092346 4 -1 -1 
508 242 37 54 0.1165044829249382 10 -1 -1 
747 171 57 42 0.11606983095407486 10 -1 -1 
824 544 91 125 0.11548598110675812 1 -1 -1 
453 492 28 83 0.11442835628986359 4 -1 -1 
807 340 121 53 0.11136871576309204 5 -1 -1 
273 214 28 20 0.11124865710735321 3 -1 -1 
800 324 75 37 0.11115694046020508 7 -1 -1 
743 152 86 46 0.11092222481966019 4 -1 -1 
402 462 44 56 0.10934589058160782 5 -1 -1 
173 616 117 123 0.10923130810260773 5 -1 -1 
453 463 79 111 0.10882072895765305 9 -1 -1 
676 43 63 30 0.10729527473449707 5 -1 -1 
412 376 36 65 0.10728836059570312 10 -1 -1 
725 87 49 59 0.1053709164261818 5 -1 -1 
379 108 60 43 0.10428746789693832 10 -1 -1 
720 135 57 47 0.10377715528011322 6 -1 -1 
453 463 79 111 0.10355666279792786 1 -1 -1 
721 101 73 81 0.10349210351705551 5 -1 -1 
212 560 58 37 0.10255097597837448 3 -1 -1 
436 127 114 100 0.10233771055936813 8 -1 -1 
483 150 63 64 0.1022803783416748 4 -1 -1 
725 87 49 59 0.10066558420658112 4 -1 -1 
714 209 77 51 0.10049227625131607 6 -1 -1 
310 466 136 56 0.10021206736564636 6 -1 -1 
211 557 57 39 0.09998153895139694 9 -1 -1 
173 616 116 123 0.09968649595975876 1 -1 -1 
798 313 54 44 0.09964220970869064 7 -1 -1 
302 476 67 87 0.0995851382613182 4 -1 -1 
798 325 73 37 0.09843211621046066 10 -1 -1 
378 107 76 44 0.09818688780069351 7 -1 -1 
721 101 73 81 0.09792730212211609 4 -1 -1 
74 711 58 38 0.09690605849027634 3 -1 -1 
609 190 46 52 0.09548991173505783 5 -1 -1 
303 468 142 61 0.09522537887096405 5 -1 -1 
881 531 51 137 0.0950334370136261 5 -1 -1 
1058 361 101 93 0.0945625752210617 5 -1 -1 
405 112 145 83 0.09415728598833084 4 -1 -1 
379 113 60 41 0.09381124377250671 3 -1 -1 
706 83 47 47 0.0927126407623291 4 -1 -1 
431 373 95 91 0.09215331077575684 10 -1 -1 
494 147 53 50 0.09149165451526642 5 -1 -1 
349 465 98 53 0.09071367233991623 1 -1 -1 
378 104 79 45 0.0896855965256691 5 -1 -1 
173 616 117 123 0.08953815698623657 10 -1 -1 
452 462 80 113 0.08942687511444092 5 -1 -1 
377 92 56 55 0.08845768123865128 4 -1 -1 
874 529 41 140 0.08836518228054047 5 -1 -1 
724 102 79 76 0.0872686356306076 6 -1 -1 
426 138 119 93 0.08701804280281067 4 -1 -1 
430 373 95 91 0.0863969698548317 5 -1 -1 
50 711 78 40 0.08579102158546448 7 -1 -1 
714 209 77 51 0.08533822745084763 1 -1 -1 
326 333 54 35 0.08462901413440704 4 -1 -1 
476 185 52 46 0.0845983549952507 10 -1 -1 
725 98 62 57 0.08322271704673767 4 -1 -1 
361 379 48 42 0.08299461752176285 4 -1 -1 
720 116 134 71 0.08098883181810379 9 -1 -1 
405 112 145 83 0.08029233664274216 5 -1 -1 
453 462 78 113 0.07618618756532669 10 -1 -1 
431 373 95 91 0.07322359085083008 9 -1 -1 
721 125 128 65 0.07177099585533142 5 -1 -1 
301 473 125 79 0.07176755368709564 4 -1 -1 
431 373 95 91 0.07161202281713486 7 -1 -1 
430 373 95 92 0.07042914628982544 1 -1 -1 
376 95 162 70 0.06993447989225388 4 -1 -1 
318 460 130 58 0.06940928101539612 9 -1 -1 
436 127 114 100 0.06926370412111282 5 -1 -1 
301 472 136 75 0.06755486130714417 6 -1 -1 
1058 350 204 225 0.06732840090990067 6 -1 -1 
721 125 128 65 0.06596171110868454 4 -1 -1 
453 463 79 111 0.06550131738185883 6 -1 -1 
431 373 95 91 0.06220616027712822 6 -1 -1 
452 462 79 113 0.06191479042172432 7 -1 -1 
423 156 117 78 0.06189683824777603 8 -1 -1 
1050 351 208 381 0.05956501141190529 5 -1 -1 
424 163 117 71 0.05698258802294731 7 -1 -1 
387 107 165 88 0.055011022835969925 9 -1 -1 
389 114 158 90 0.05392376706004143 7 -1 -1 
423 156 117 78 0.053849074989557266 9 -1 -1 
423 156 117 78 0.05305507779121399 5 -1 -1 
725 132 131 71 0.05196751654148102 6 -1 -1 
442 97 114 121 0.051419325172901154 4 -1 -1 
1050 351 208 381 0.050385575741529465 4 -1 -1 
