630 210 13 32 0.8902900815010071 1 -1 -1 
707 191 11 25 0.8790860176086426 1 -1 -1 
167 470 31 70 0.8583153486251831 1 -1 -1 
94 481 29 57 0.7989826798439026 1 -1 -1 
348 356 19 40 0.79035884141922 1 -1 -1 
725 183 11 26 0.762937068939209 1 -1 -1 
562 244 18 22 0.7564722299575806 10 -1 -1 
721 225 33 22 0.7477560043334961 10 -1 -1 
356 392 14 37 0.7446672916412354 1 -1 -1 
518 251 27 23 0.7180496454238892 10 -1 -1 
816 160 9 21 0.7050185799598694 1 -1 -1 
854 119 8 18 0.6988481879234314 1 -1 -1 
523 241 16 27 0.6942660212516785 2 -1 -1 
845 119 8 17 0.6752758622169495 1 -1 -1 
719 181 10 25 0.6652174592018127 1 -1 -1 
564 234 13 27 0.6520594358444214 2 -1 -1 
462 256 16 24 0.651436448097229 1 -1 -1 
589 230 17 22 0.6372331976890564 10 -1 -1 
218 447 26 60 0.6294803023338318 1 -1 -1 
665 212 18 17 0.6223770976066589 10 -1 -1 
193 456 32 56 0.6176126003265381 10 -1 -1 
822 159 9 24 0.6052349805831909 1 -1 -1 
182 442 23 58 0.60501629114151 1 -1 -1 
455 287 23 25 0.5975961089134216 10 -1 -1 
668 202 13 23 0.5911009311676025 2 -1 -1 
469 278 10 27 0.582440197467804 1 -1 -1 
742 183 9 23 0.5783931612968445 1 -1 -1 
744 165 35 30 0.577457070350647 4 -1 -1 
459 274 15 30 0.5629157423973083 2 -1 -1 
721 182 11 26 0.5475137233734131 1 -1 -1 
595 210 11 29 0.5178377628326416 1 -1 -1 
858 147 10 12 0.512455403804779 10 -1 -1 
850 134 8 11 0.5038110017776489 2 -1 -1 
592 226 10 21 0.5016939640045166 2 -1 -1 
666 207 11 17 0.48550304770469666 2 -1 -1 
194 458 30 54 0.4808391332626343 3 -1 -1 
849 137 10 13 0.46681979298591614 7 -1 -1 
207 442 29 50 0.45713379979133606 2 -1 -1 
306 131 15 21 0.45096492767333984 2 -1 -1 
744 165 35 30 0.43622198700904846 5 -1 -1 
589 220 14 26 0.43143245577812195 2 -1 -1 
182 441 24 56 0.43028175830841064 2 -1 -1 
466 276 12 27 0.4265824258327484 2 -1 -1 
198 443 31 57 0.4238818883895874 2 -1 -1 
665 206 17 22 0.4058612287044525 2 -1 -1 
207 442 29 50 0.40238165855407715 1 -1 -1 
213 447 27 61 0.3983299732208252 2 -1 -1 
593 210 13 28 0.3979555368423462 2 -1 -1 
99 509 26 30 0.39484837651252747 1 -1 -1 
850 136 9 14 0.38663557171821594 2 -1 -1 
861 145 6 10 0.3796190321445465 2 -1 -1 
459 274 13 31 0.3707389533519745 1 -1 -1 
464 276 14 30 0.3695443570613861 1 -1 -1 
849 137 10 13 0.368329256772995 10 -1 -1 
589 209 9 18 0.36626607179641724 2 -1 -1 
588 209 11 23 0.3648001253604889 1 -1 -1 
748 164 7 16 0.35376229882240295 1 -1 -1 
455 286 23 26 0.3496896028518677 3 -1 -1 
588 214 12 30 0.34304121136665344 2 -1 -1 
744 165 35 30 0.34017041325569153 8 -1 -1 
469 278 9 22 0.3392829895019531 2 -1 -1 
305 135 18 20 0.3381361663341522 2 -1 -1 
859 145 9 13 0.33580511808395386 2 -1 -1 
197 447 36 63 0.3352384865283966 10 -1 -1 
590 227 15 25 0.3272497057914734 2 -1 -1 
219 440 21 36 0.3176000416278839 2 -1 -1 
100 510 26 29 0.310982882976532 2 -1 -1 
185 445 33 66 0.31029748916625977 10 -1 -1 
589 212 15 31 0.30848050117492676 1 -1 -1 
858 151 8 9 0.3084554672241211 10 -1 -1 
456 277 19 34 0.30774185061454773 2 -1 -1 
589 209 14 26 0.30152004957199097 2 -1 -1 
666 206 15 21 0.29697030782699585 10 -1 -1 
665 212 19 17 0.2943382263183594 3 -1 -1 
198 443 31 57 0.2923745810985565 1 -1 -1 
218 442 25 52 0.2895215153694153 2 -1 -1 
217 447 27 61 0.2890178859233856 10 -1 -1 
563 234 14 27 0.2887122929096222 1 -1 -1 
522 241 18 30 0.287034273147583 10 -1 -1 
590 225 14 24 0.2825675308704376 10 -1 -1 
305 139 21 17 0.2797930836677551 10 -1 -1 
597 227 9 20 0.2672707438468933 2 -1 -1 
466 284 13 26 0.2672540247440338 3 -1 -1 
858 149 8 11 0.25895780324935913 2 -1 -1 
183 287 14 27 0.257440984249115 1 -1 -1 
752 164 7 14 0.25498029589653015 1 -1 -1 
182 447 31 64 0.25214752554893494 3 -1 -1 
465 279 14 28 0.24891267716884613 10 -1 -1 
718 187 9 22 0.24775084853172302 1 -1 -1 
750 164 7 13 0.24419261515140533 1 -1 -1 
185 445 33 66 0.24349284172058105 1 -1 -1 
590 225 14 23 0.2434709370136261 1 -1 -1 
194 441 29 49 0.2406376451253891 2 -1 -1 
526 244 16 27 0.24031126499176025 2 -1 -1 
523 241 15 28 0.23874719440937042 1 -1 -1 
716 198 8 19 0.2366473227739334 1 -1 -1 
816 160 13 24 0.23572197556495667 1 -1 -1 
748 164 7 15 0.2347712516784668 2 -1 -1 
668 202 13 23 0.2343004196882248 1 -1 -1 
188 447 34 64 0.2335156798362732 2 -1 -1 
219 439 23 40 0.23182033002376556 1 -1 -1 
306 134 16 20 0.23111097514629364 10 -1 -1 
858 146 10 14 0.22829985618591309 7 -1 -1 
462 273 15 26 0.22524242103099823 2 -1 -1 
725 183 11 26 0.2245238572359085 2 -1 -1 
212 440 21 41 0.2226780205965042 2 -1 -1 
173 461 30 53 0.22004064917564392 3 -1 -1 
456 277 19 34 0.21964891254901886 1 -1 -1 
750 164 7 13 0.2190963327884674 2 -1 -1 
587 217 10 23 0.2190680056810379 1 -1 -1 
457 278 17 33 0.2133796513080597 3 -1 -1 
589 217 12 29 0.21199414134025574 1 -1 -1 
848 135 8 11 0.21005885303020477 2 -1 -1 
723 189 9 20 0.2096901684999466 1 -1 -1 
210 440 21 41 0.20863884687423706 1 -1 -1 
469 280 10 24 0.20838063955307007 3 -1 -1 
519 252 26 22 0.2060215026140213 2 -1 -1 
524 242 11 22 0.2049524188041687 2 -1 -1 
714 191 11 25 0.20465949177742004 1 -1 -1 
753 164 6 13 0.20354676246643066 2 -1 -1 
310 133 12 16 0.20226122438907623 2 -1 -1 
858 147 10 12 0.2007666677236557 3 -1 -1 
589 208 9 16 0.19940999150276184 1 -1 -1 
587 217 10 23 0.1990792155265808 2 -1 -1 
518 251 27 23 0.19806787371635437 3 -1 -1 
722 225 32 22 0.19682997465133667 2 -1 -1 
672 203 10 20 0.1960911601781845 2 -1 -1 
768 172 11 20 0.19560301303863525 1 -1 -1 
306 141 12 13 0.19354666769504547 2 -1 -1 
744 165 35 30 0.19297537207603455 6 -1 -1 
106 512 23 27 0.19204044342041016 1 -1 -1 
185 288 10 19 0.19058768451213837 1 -1 -1 
182 287 15 27 0.19045396149158478 2 -1 -1 
197 447 36 63 0.1887025535106659 3 -1 -1 
744 164 12 21 0.18738363683223724 1 -1 -1 
307 138 22 18 0.18683896958827972 2 -1 -1 
455 293 18 20 0.185592383146286 10 -1 -1 
299 141 23 16 0.18532732129096985 10 -1 -1 
596 226 10 20 0.1839451789855957 1 -1 -1 
720 190 9 20 0.18283535540103912 1 -1 -1 
306 138 13 15 0.1825992912054062 10 -1 -1 
766 179 9 17 0.18108923733234406 1 -1 -1 
744 165 35 30 0.18084865808486938 7 -1 -1 
850 134 7 11 0.18040139973163605 1 -1 -1 
767 172 15 21 0.180059552192688 2 -1 -1 
665 206 10 15 0.17948773503303528 2 -1 -1 
665 206 17 22 0.17832820117473602 1 -1 -1 
351 356 20 33 0.17738527059555054 1 -1 -1 
173 446 30 66 0.1762944608926773 1 -1 -1 
202 444 21 46 0.17592594027519226 1 -1 -1 
593 226 15 25 0.17465096712112427 10 -1 -1 
306 131 15 21 0.17406374216079712 1 -1 -1 
462 256 16 24 0.17378583550453186 2 -1 -1 
590 231 15 21 0.17356547713279724 3 -1 -1 
223 447 21 37 0.1713225245475769 2 -1 -1 
180 443 26 67 0.17041003704071045 10 -1 -1 
205 441 21 40 0.17011429369449615 2 -1 -1 
858 146 10 14 0.1699342578649521 8 -1 -1 
709 190 12 25 0.16935995221138 1 -1 -1 
533 247 10 20 0.1685311645269394 2 -1 -1 
185 289 9 15 0.16776666045188904 2 -1 -1 
305 131 10 18 0.16671080887317657 2 -1 -1 
562 243 17 23 0.16461089253425598 2 -1 -1 
668 201 11 16 0.1645761877298355 2 -1 -1 
824 159 7 15 0.16409261524677277 2 -1 -1 
850 134 8 12 0.16313499212265015 10 -1 -1 
216 439 19 29 0.16233985126018524 2 -1 -1 
588 214 10 19 0.16158145666122437 2 -1 -1 
470 278 9 18 0.1613922119140625 1 -1 -1 
566 237 15 26 0.15914525091648102 2 -1 -1 
193 450 32 62 0.15823249518871307 1 -1 -1 
593 222 10 21 0.15754149854183197 2 -1 -1 
744 181 8 19 0.15730318427085876 1 -1 -1 
566 234 15 21 0.15708491206169128 2 -1 -1 
204 449 35 62 0.1545419692993164 1 -1 -1 
468 256 10 23 0.15452265739440918 1 -1 -1 
591 211 9 23 0.15262781083583832 1 -1 -1 
850 134 8 12 0.152577206492424 7 -1 -1 
734 224 20 22 0.15253692865371704 2 -1 -1 
595 210 11 21 0.15251494944095612 2 -1 -1 
633 210 15 32 0.1508919894695282 1 -1 -1 
168 469 26 49 0.14840896427631378 1 -1 -1 
308 131 13 14 0.14765851199626923 2 -1 -1 
742 178 13 26 0.1475011110305786 1 -1 -1 
310 139 12 15 0.14685438573360443 2 -1 -1 
463 283 16 28 0.1467960774898529 1 -1 -1 
562 244 18 22 0.14648248255252838 3 -1 -1 
859 146 9 13 0.1454976201057434 1 -1 -1 
857 142 13 18 0.1432572454214096 10 -1 -1 
308 133 21 19 0.1425095647573471 2 -1 -1 
211 445 27 59 0.14237762987613678 10 -1 -1 
31 324 57 40 0.13879866898059845 4 -1 -1 
187 441 60 71 0.1361166536808014 10 -1 -1 
301 139 21 17 0.1355563849210739 2 -1 -1 
720 181 10 26 0.13424326479434967 2 -1 -1 
456 274 13 30 0.13380059599876404 2 -1 -1 
305 135 18 20 0.1332278996706009 1 -1 -1 
454 283 16 29 0.13247431814670563 10 -1 -1 
176 460 38 53 0.13188102841377258 10 -1 -1 
461 290 19 22 0.13040578365325928 3 -1 -1 
94 481 28 57 0.12966136634349823 2 -1 -1 
98 499 34 40 0.12589699029922485 1 -1 -1 
744 164 35 31 0.10813996940851212 9 -1 -1 
744 164 35 31 0.09866493195295334 1 -1 -1 
744 165 35 30 0.08333194255828857 2 -1 -1 
744 164 35 31 0.07279806584119797 3 -1 -1 
349 388 22 45 0.0698566660284996 1 -1 -1 
354 389 22 44 0.0568341463804245 1 -1 -1 
192 440 59 70 0.05592511594295502 2 -1 -1 
743 164 37 31 0.05269941687583923 10 -1 -1 
341 353 10 46 0.052586738020181656 1 -1 -1 
720 223 34 26 0.050564829260110855 3 -1 -1 
