877 247 28 41 0.998040497303009 9 -1 -1 
906 235 27 43 0.9729512929916382 6 -1 -1 
368 451 38 41 0.9437318444252014 4 -1 -1 
421 498 14 33 0.9082828760147095 1 -1 -1 
199 396 56 32 0.8998916149139404 4 -1 -1 
758 383 30 26 0.8930805325508118 4 -1 -1 
980 287 19 16 0.8606042861938477 4 -1 -1 
513 363 28 36 0.854601263999939 4 -1 -1 
309 355 60 22 0.850468099117279 4 -1 -1 
361 429 9 27 0.8417775630950928 1 -1 -1 
434 509 12 32 0.8379486799240112 1 -1 -1 
423 277 23 18 0.8368013501167297 4 -1 -1 
463 371 29 27 0.8236134052276611 4 -1 -1 
543 252 43 53 0.8092576861381531 6 -1 -1 
542 362 8 22 0.8039838075637817 1 -1 -1 
409 445 9 28 0.7979620695114136 1 -1 -1 
473 303 8 17 0.7852976322174072 1 -1 -1 
371 430 11 26 0.7680547833442688 1 -1 -1 
333 311 50 19 0.7607468962669373 4 -1 -1 
366 495 51 50 0.7539035677909851 4 -1 -1 
464 553 58 76 0.7531284689903259 4 -1 -1 
391 297 43 18 0.7449862957000732 4 -1 -1 
406 505 13 32 0.7426939606666565 1 -1 -1 
314 487 51 55 0.7393609881401062 4 -1 -1 
446 360 9 23 0.7200021147727966 1 -1 -1 
588 185 24 34 0.7182281613349915 6 -1 -1 
412 332 8 22 0.7100127935409546 1 -1 -1 
427 361 9 24 0.6985390782356262 1 -1 -1 
610 226 13 13 0.6865568161010742 4 -1 -1 
365 302 36 21 0.6771971583366394 5 -1 -1 
364 288 44 21 0.6743787527084351 4 -1 -1 
465 306 7 17 0.6728470921516418 1 -1 -1 
859 220 13 12 0.6433192491531372 4 -1 -1 
508 327 32 26 0.6382928490638733 4 -1 -1 
401 312 8 20 0.6097091436386108 1 -1 -1 
801 234 6 13 0.6045399904251099 1 -1 -1 
196 393 8 18 0.5947583317756653 1 -1 -1 
658 210 13 13 0.5796695351600647 4 -1 -1 
465 352 28 27 0.5727432370185852 4 -1 -1 
461 363 8 23 0.5636171102523804 1 -1 -1 
563 684 89 82 0.5624692440032959 9 -1 -1 
484 395 8 26 0.5576545000076294 1 -1 -1 
455 357 9 25 0.5563185811042786 1 -1 -1 
186 389 10 25 0.5358496308326721 1 -1 -1 
786 218 14 13 0.5282964706420898 4 -1 -1 
1027 213 28 10 0.5124912858009338 4 -1 -1 
985 218 52 27 0.5073971152305603 6 -1 -1 
397 314 6 17 0.48745718598365784 1 -1 -1 
661 200 12 11 0.4856196343898773 4 -1 -1 
451 354 8 22 0.44656598567962646 1 -1 -1 
779 159 8 7 0.44416648149490356 4 -1 -1 
523 187 26 33 0.443004310131073 6 -1 -1 
646 225 14 16 0.44009774923324585 7 -1 -1 
1001 220 36 20 0.4382665753364563 6 -1 -1 
449 357 8 24 0.42237818241119385 1 -1 -1 
458 362 8 20 0.41983747482299805 1 -1 -1 
782 151 6 6 0.4179726839065552 4 -1 -1 
509 327 32 26 0.4159586429595947 6 -1 -1 
1007 215 21 11 0.4061119854450226 4 -1 -1 
532 327 9 13 0.40540143847465515 2 -1 -1 
1031 237 51 40 0.40385904908180237 6 -1 -1 
946 208 18 8 0.4015842378139496 4 -1 -1 
786 217 13 14 0.3860664665699005 5 -1 -1 
365 302 37 22 0.38056766986846924 4 -1 -1 
523 188 25 32 0.3793989419937134 8 -1 -1 
662 195 12 11 0.36889931559562683 4 -1 -1 
473 361 6 20 0.3626321256160736 1 -1 -1 
774 145 7 5 0.3624916076660156 4 -1 -1 
314 486 51 55 0.35930871963500977 5 -1 -1 
531 328 7 14 0.35282382369041443 2 -1 -1 
877 247 28 41 0.34929159283638 4 -1 -1 
943 207 17 8 0.348430871963501 4 -1 -1 
426 502 14 33 0.3410097658634186 1 -1 -1 
522 188 26 32 0.33649399876594543 7 -1 -1 
999 214 37 22 0.3283708393573761 4 -1 -1 
468 305 8 17 0.3276683986186981 1 -1 -1 
454 363 8 21 0.3251911401748657 1 -1 -1 
533 328 8 15 0.320984810590744 1 -1 -1 
878 247 27 41 0.3193463981151581 10 -1 -1 
646 225 14 16 0.3158119022846222 8 -1 -1 
543 253 42 52 0.31235960125923157 5 -1 -1 
973 217 50 25 0.3122027516365051 6 -1 -1 
364 288 44 22 0.3117730915546417 5 -1 -1 
535 327 6 11 0.3107093572616577 2 -1 -1 
878 248 27 40 0.31020575761795044 3 -1 -1 
464 553 58 76 0.3076097071170807 5 -1 -1 
456 355 8 19 0.3045961856842041 1 -1 -1 
1033 238 86 45 0.29896029829978943 6 -1 -1 
661 200 12 11 0.2961263954639435 5 -1 -1 
659 207 13 13 0.29319891333580017 4 -1 -1 
453 354 8 18 0.29129597544670105 1 -1 -1 
878 248 27 40 0.2890685796737671 2 -1 -1 
197 393 12 19 0.2879928648471832 1 -1 -1 
877 247 28 41 0.28754475712776184 5 -1 -1 
878 248 27 40 0.2853049337863922 7 -1 -1 
662 195 12 12 0.28491076827049255 5 -1 -1 
561 180 31 38 0.28182896971702576 6 -1 -1 
1031 229 46 20 0.28075405955314636 4 -1 -1 
1044 265 108 112 0.28010186553001404 6 -1 -1 
553 186 29 35 0.2769080698490143 8 -1 -1 
938 206 18 8 0.2755221426486969 4 -1 -1 
522 188 26 32 0.2736845016479492 9 -1 -1 
878 247 27 41 0.27184823155403137 1 -1 -1 
531 328 7 15 0.2700132429599762 1 -1 -1 
185 388 8 20 0.26935291290283203 1 -1 -1 
313 527 24 15 0.26860132813453674 4 -1 -1 
1091 587 13 25 0.26787304878234863 1 -1 -1 
572 179 21 37 0.2657962441444397 6 -1 -1 
878 248 27 40 0.26551133394241333 8 -1 -1 
590 171 21 42 0.2648630142211914 6 -1 -1 
834 265 5 7 0.2582489252090454 10 -1 -1 
462 363 10 23 0.2575855553150177 1 -1 -1 
827 264 5 7 0.2563224136829376 10 -1 -1 
948 208 22 10 0.25543344020843506 4 -1 -1 
1051 547 28 29 0.2552601099014282 3 -1 -1 
469 360 12 20 0.24781011044979095 1 -1 -1 
663 190 10 11 0.24754689633846283 4 -1 -1 
543 253 42 52 0.24668948352336884 8 -1 -1 
780 160 7 6 0.24640923738479614 5 -1 -1 
534 328 7 16 0.24458660185337067 2 -1 -1 
1051 544 26 31 0.24186472594738007 10 -1 -1 
194 394 8 20 0.24184447526931763 1 -1 -1 
782 151 6 6 0.24183349311351776 5 -1 -1 
464 587 56 41 0.2395862638950348 4 -1 -1 
906 235 28 44 0.23382361233234406 9 -1 -1 
990 213 42 19 0.2331102341413498 4 -1 -1 
1024 213 33 18 0.23191124200820923 4 -1 -1 
553 186 28 35 0.23126158118247986 5 -1 -1 
786 218 14 13 0.2295328825712204 6 -1 -1 
330 283 42 20 0.22885853052139282 4 -1 -1 
661 197 11 11 0.22380244731903076 4 -1 -1 
522 188 26 32 0.22230282425880432 4 -1 -1 
1044 323 70 53 0.22146743535995483 6 -1 -1 
658 210 13 13 0.22144009172916412 5 -1 -1 
559 683 92 82 0.21987159550189972 6 -1 -1 
835 262 5 8 0.21956409513950348 2 -1 -1 
646 225 14 16 0.21911068260669708 6 -1 -1 
965 214 49 23 0.21730010211467743 6 -1 -1 
878 248 27 40 0.21652229130268097 6 -1 -1 
523 192 17 28 0.21620221436023712 8 -1 -1 
461 361 7 18 0.2155379205942154 2 -1 -1 
646 225 14 16 0.21490083634853363 4 -1 -1 
543 253 42 53 0.21483325958251953 9 -1 -1 
493 206 16 12 0.21458472311496735 4 -1 -1 
1049 266 65 111 0.21380728483200073 6 -1 -1 
573 180 19 24 0.21354591846466064 6 -1 -1 
834 264 5 8 0.21337413787841797 2 -1 -1 
780 157 7 8 0.21217544376850128 4 -1 -1 
522 188 26 32 0.2121715545654297 5 -1 -1 
1006 219 32 19 0.21176157891750336 4 -1 -1 
870 154 18 11 0.2107371836900711 7 -1 -1 
834 265 5 6 0.20896399021148682 4 -1 -1 
827 263 5 8 0.2068973183631897 2 -1 -1 
513 363 28 35 0.20684130489826202 5 -1 -1 
836 264 6 7 0.206834077835083 10 -1 -1 
1060 522 17 15 0.20612147450447083 10 -1 -1 
951 208 53 29 0.20419636368751526 6 -1 -1 
509 327 33 26 0.2036779820919037 5 -1 -1 
509 327 32 26 0.20353056490421295 7 -1 -1 
341 286 31 15 0.2034379243850708 4 -1 -1 
414 499 15 36 0.20319201052188873 1 -1 -1 
562 684 90 81 0.2016240656375885 8 -1 -1 
470 354 18 22 0.20114821195602417 1 -1 -1 
429 368 7 18 0.19939890503883362 1 -1 -1 
562 684 90 81 0.1974755823612213 5 -1 -1 
1054 541 40 32 0.19723621010780334 10 -1 -1 
536 362 12 22 0.19641847908496857 1 -1 -1 
452 354 7 18 0.1953561007976532 2 -1 -1 
774 146 7 8 0.19505693018436432 4 -1 -1 
588 184 21 35 0.19480133056640625 5 -1 -1 
578 181 22 37 0.1945900171995163 6 -1 -1 
524 184 41 36 0.1894470602273941 6 -1 -1 
951 208 39 21 0.18874460458755493 6 -1 -1 
509 327 32 26 0.1872454434633255 8 -1 -1 
463 370 29 28 0.18659663200378418 5 -1 -1 
566 176 26 33 0.17688249051570892 6 -1 -1 
1015 269 111 109 0.17440590262413025 6 -1 -1 
551 188 25 32 0.1692071408033371 6 -1 -1 
1019 222 40 22 0.1673954427242279 6 -1 -1 
1030 237 65 45 0.1604280322790146 5 -1 -1 
466 352 27 26 0.1548735797405243 5 -1 -1 
975 213 51 20 0.15147961676120758 6 -1 -1 
391 297 43 18 0.15144243836402893 6 -1 -1 
333 311 50 19 0.14826609194278717 5 -1 -1 
570 180 22 38 0.14316721260547638 5 -1 -1 
1043 327 69 50 0.13680510222911835 8 -1 -1 
981 223 47 27 0.13592314720153809 6 -1 -1 
524 184 41 36 0.13396359980106354 9 -1 -1 
1051 264 75 112 0.1336883008480072 9 -1 -1 
553 187 28 34 0.1327936202287674 4 -1 -1 
333 311 50 19 0.1318131685256958 6 -1 -1 
365 302 37 22 0.12989389896392822 6 -1 -1 
1045 309 93 67 0.12932732701301575 6 -1 -1 
123 611 86 129 0.1269613355398178 4 -1 -1 
1044 323 70 53 0.12681922316551208 5 -1 -1 
555 178 36 40 0.1267743557691574 5 -1 -1 
364 288 44 22 0.12672685086727142 6 -1 -1 
463 370 29 28 0.12611743807792664 6 -1 -1 
537 180 33 39 0.12545490264892578 6 -1 -1 
570 180 22 38 0.1246943399310112 4 -1 -1 
553 186 30 34 0.12435897439718246 9 -1 -1 
274 457 50 91 0.12291748821735382 6 -1 -1 
547 178 27 40 0.12288298457860947 6 -1 -1 
996 223 42 26 0.12180880457162857 6 -1 -1 
1006 221 42 23 0.12151668965816498 6 -1 -1 
513 363 28 35 0.11959656327962875 8 -1 -1 
574 173 24 35 0.11831745505332947 6 -1 -1 
1008 216 36 21 0.1176799088716507 6 -1 -1 
1042 246 104 54 0.11673731356859207 6 -1 -1 
961 207 52 24 0.1152830645442009 6 -1 -1 
555 178 36 40 0.11491246521472931 4 -1 -1 
588 185 23 34 0.1141965463757515 8 -1 -1 
553 187 28 34 0.11337555199861526 7 -1 -1 
570 180 22 38 0.11106376349925995 8 -1 -1 
330 290 47 19 0.11076279729604721 4 -1 -1 
368 451 38 41 0.11031657457351685 1 -1 -1 
1021 228 67 41 0.10943157970905304 6 -1 -1 
590 183 34 37 0.10706143081188202 6 -1 -1 
1043 330 68 49 0.10702258348464966 7 -1 -1 
1049 256 83 63 0.10687360167503357 6 -1 -1 
1044 232 134 140 0.10636840015649796 6 -1 -1 
1035 232 105 41 0.10570528358221054 6 -1 -1 
199 396 56 32 0.10552884638309479 1 -1 -1 
542 252 44 54 0.10481557995080948 4 -1 -1 
513 363 28 35 0.10461881756782532 7 -1 -1 
1004 219 34 21 0.10288485139608383 5 -1 -1 
330 283 42 20 0.10269377380609512 5 -1 -1 
588 185 23 34 0.10078984498977661 4 -1 -1 
1051 524 133 58 0.10073910653591156 6 -1 -1 
1034 238 99 45 0.10070638358592987 5 -1 -1 
515 187 26 33 0.09957454353570938 9 -1 -1 
1044 322 77 55 0.09919537603855133 4 -1 -1 
349 305 43 21 0.09899584949016571 4 -1 -1 
1113 208 74 43 0.09881266951560974 4 -1 -1 
590 171 21 42 0.0983048602938652 5 -1 -1 
758 383 30 26 0.09774424135684967 5 -1 -1 
1047 257 124 119 0.09715428203344345 9 -1 -1 
1013 238 71 61 0.09687601774930954 6 -1 -1 
951 209 79 36 0.09672364592552185 6 -1 -1 
591 169 26 37 0.09635493159294128 6 -1 -1 
1021 222 42 23 0.09602303802967072 5 -1 -1 
1045 280 74 96 0.09526769071817398 5 -1 -1 
372 300 40 22 0.0951445996761322 4 -1 -1 
524 184 41 36 0.0948929637670517 5 -1 -1 
509 327 33 26 0.09415055066347122 9 -1 -1 
552 173 30 37 0.09332425892353058 6 -1 -1 
522 188 26 32 0.09312290698289871 3 -1 -1 
359 294 41 22 0.09210267663002014 4 -1 -1 
463 370 29 28 0.09148501604795456 7 -1 -1 
1057 261 65 79 0.09138969331979752 6 -1 -1 
463 370 29 28 0.09119295328855515 1 -1 -1 
985 218 52 26 0.0911293476819992 5 -1 -1 
513 363 28 35 0.09068329632282257 9 -1 -1 
513 363 28 35 0.09015827625989914 1 -1 -1 
537 180 33 39 0.09013181924819946 9 -1 -1 
570 184 28 37 0.08993896842002869 6 -1 -1 
391 297 42 18 0.08985593169927597 5 -1 -1 
457 355 32 30 0.08979620039463043 4 -1 -1 
368 451 39 41 0.08960790187120438 9 -1 -1 
524 179 74 43 0.08709769695997238 6 -1 -1 
513 363 28 35 0.0864340290427208 6 -1 -1 
586 165 22 37 0.0861942321062088 6 -1 -1 
588 185 23 34 0.08619020879268646 7 -1 -1 
758 383 30 26 0.08599036186933517 1 -1 -1 
463 370 29 28 0.08585801720619202 8 -1 -1 
368 451 38 41 0.08547098189592361 5 -1 -1 
365 302 36 21 0.08495701104402542 8 -1 -1 
375 294 45 19 0.08435878157615662 4 -1 -1 
333 311 51 19 0.08433906733989716 1 -1 -1 
578 181 22 37 0.08404986560344696 5 -1 -1 
1043 281 120 97 0.08326426893472672 4 -1 -1 
199 396 56 33 0.08203316479921341 5 -1 -1 
1047 257 124 119 0.08134990185499191 5 -1 -1 
1042 303 130 77 0.08070429414510727 9 -1 -1 
548 179 65 43 0.06969153881072998 6 -1 -1 
1061 521 143 79 0.06538137048482895 6 -1 -1 
1042 303 130 77 0.06355012208223343 5 -1 -1 
1015 269 111 109 0.06145299971103668 5 -1 -1 
982 214 71 35 0.06084578484296799 6 -1 -1 
1015 269 111 109 0.058068931102752686 4 -1 -1 
966 215 70 32 0.051643528044223785 7 -1 -1 
1009 233 104 126 0.05074899271130562 6 -1 -1 
