509 221 117 61 0.9823253750801086 5 -1 -1 
512 186 116 64 0.9741792678833008 5 -1 -1 
657 528 244 109 0.937290370464325 4 -1 -1 
133 52 16 16 0.9310488104820251 7 -1 -1 
823 358 170 82 0.9198808670043945 4 -1 -1 
490 327 161 70 0.9149755239486694 4 -1 -1 
825 320 157 64 0.8910113573074341 4 -1 -1 
335 167 103 40 0.883943498134613 4 -1 -1 
595 283 18 47 0.8813011050224304 1 -1 -1 
1036 297 137 60 0.8782926201820374 4 -1 -1 
423 207 104 45 0.8779764771461487 4 -1 -1 
643 247 17 52 0.8709338307380676 1 -1 -1 
85 23 16 13 0.8709090948104858 4 -1 -1 
656 251 22 52 0.8665342926979065 1 -1 -1 
293 158 13 36 0.8514531254768372 1 -1 -1 
1234 320 125 67 0.8488194942474365 4 -1 -1 
535 294 19 53 0.8435232043266296 1 -1 -1 
221 224 57 46 0.8400861620903015 4 -1 -1 
610 285 17 47 0.8394630551338196 1 -1 -1 
219 197 48 39 0.8364457488059998 4 -1 -1 
1077 324 157 80 0.8351380825042725 4 -1 -1 
673 256 16 48 0.8294263482093811 1 -1 -1 
137 35 17 14 0.8269727230072021 4 -1 -1 
375 209 13 41 0.8147756457328796 1 -1 -1 
237 97 53 24 0.8071644902229309 4 -1 -1 
726 266 14 32 0.8046003580093384 1 -1 -1 
1244 243 27 43 0.7995688915252686 1 -1 -1 
1218 459 141 117 0.7904150485992432 4 -1 -1 
751 276 12 34 0.788831353187561 1 -1 -1 
364 195 13 42 0.7841273546218872 1 -1 -1 
315 182 12 35 0.777190089225769 1 -1 -1 
72 71 28 25 0.7743681073188782 4 -1 -1 
687 264 16 50 0.7691400051116943 1 -1 -1 
54 28 19 18 0.7580900192260742 4 -1 -1 
739 263 17 47 0.7577222585678101 1 -1 -1 
407 211 18 38 0.7535893321037292 1 -1 -1 
590 256 12 38 0.7503300309181213 1 -1 -1 
28 54 22 18 0.7432137131690979 4 -1 -1 
125 12 27 12 0.7413055896759033 4 -1 -1 
213 160 47 51 0.7400147914886475 5 -1 -1 
82 55 23 18 0.7284772992134094 4 -1 -1 
1280 240 18 40 0.7279959321022034 1 -1 -1 
90 16 15 13 0.7224226593971252 4 -1 -1 
1271 242 19 37 0.7216789126396179 1 -1 -1 
114 27 17 15 0.7188754677772522 4 -1 -1 
102 35 19 17 0.7044925093650818 4 -1 -1 
99 8 14 12 0.7006797194480896 4 -1 -1 
246 70 21 19 0.6865935921669006 4 -1 -1 
287 132 19 24 0.6705684065818787 10 -1 -1 
4 35 25 19 0.6592543125152588 4 -1 -1 
578 287 16 41 0.6591843962669373 1 -1 -1 
142 28 14 11 0.658002495765686 4 -1 -1 
700 258 14 48 0.6570942997932434 1 -1 -1 
112 3 13 10 0.6520868539810181 4 -1 -1 
575 298 18 43 0.6361302733421326 1 -1 -1 
685 314 115 93 0.6349721550941467 6 -1 -1 
325 50 25 17 0.6273859143257141 4 -1 -1 
222 24 18 19 0.6264380216598511 5 -1 -1 
331 151 94 34 0.6249405145645142 4 -1 -1 
204 33 15 13 0.6238550543785095 4 -1 -1 
1062 212 28 26 0.6200206875801086 10 -1 -1 
288 48 29 18 0.6170231699943542 4 -1 -1 
293 28 17 14 0.6078016757965088 4 -1 -1 
223 24 20 25 0.6055396795272827 5 -1 -1 
662 255 19 49 0.6039049625396729 1 -1 -1 
24 28 21 16 0.5981654524803162 4 -1 -1 
878 301 32 33 0.59371417760849 10 -1 -1 
560 232 64 44 0.5927762389183044 5 -1 -1 
603 250 17 43 0.5852404832839966 1 -1 -1 
16 33 22 15 0.5757555961608887 4 -1 -1 
565 293 15 37 0.5690051913261414 1 -1 -1 
878 295 31 35 0.558480978012085 2 -1 -1 
74 3 15 12 0.5372471213340759 4 -1 -1 
696 245 16 48 0.5354798436164856 1 -1 -1 
678 261 16 49 0.5336821675300598 1 -1 -1 
824 335 162 87 0.5291879773139954 4 -1 -1 
220 23 16 16 0.5208254456520081 5 -1 -1 
1050 209 23 29 0.513236939907074 3 -1 -1 
304 40 20 18 0.49972692131996155 4 -1 -1 
40 20 17 14 0.49820390343666077 4 -1 -1 
77 1 15 11 0.49311795830726624 4 -1 -1 
565 293 15 30 0.48412320017814636 2 -1 -1 
30 22 21 17 0.48317384719848633 4 -1 -1 
223 35 17 14 0.48224198818206787 4 -1 -1 
313 125 82 37 0.4812510013580322 4 -1 -1 
105 1 13 9 0.4802708625793457 4 -1 -1 
65 5 16 14 0.47558167576789856 4 -1 -1 
11 61 34 24 0.4728156328201294 4 -1 -1 
592 253 15 36 0.46374037861824036 1 -1 -1 
567 292 18 41 0.4616853594779968 1 -1 -1 
54 28 19 18 0.45709991455078125 5 -1 -1 
20 31 21 15 0.45118167996406555 4 -1 -1 
1053 211 24 27 0.45037850737571716 10 -1 -1 
11 34 23 18 0.44970807433128357 4 -1 -1 
65 5 16 14 0.4446333646774292 5 -1 -1 
270 114 21 17 0.4399838447570801 10 -1 -1 
215 18 14 12 0.433718740940094 4 -1 -1 
325 121 71 32 0.4325945973396301 8 -1 -1 
255 78 21 22 0.4313168525695801 6 -1 -1 
229 41 19 18 0.43011125922203064 4 -1 -1 
255 78 21 22 0.4280537962913513 4 -1 -1 
136 48 9 12 0.42564326524734497 2 -1 -1 
605 247 13 28 0.4205801784992218 1 -1 -1 
692 314 109 93 0.41386306285858154 8 -1 -1 
331 150 91 37 0.4133439064025879 5 -1 -1 
91 9 13 12 0.4124893546104431 4 -1 -1 
86 20 17 13 0.4072239100933075 4 -1 -1 
264 55 7 17 0.4053531289100647 1 -1 -1 
696 262 16 49 0.40455955266952515 1 -1 -1 
30 23 21 15 0.4044753313064575 5 -1 -1 
255 78 21 22 0.401180624961853 5 -1 -1 
27 25 20 16 0.39691755175590515 4 -1 -1 
422 200 32 24 0.3961329460144043 3 -1 -1 
1059 210 28 28 0.39476922154426575 3 -1 -1 
646 248 21 53 0.3944997787475586 1 -1 -1 
314 126 82 36 0.39285796880722046 6 -1 -1 
1253 242 26 41 0.3902287185192108 1 -1 -1 
413 201 39 25 0.3879665732383728 10 -1 -1 
319 134 83 36 0.38736528158187866 4 -1 -1 
86 0 16 10 0.3848503530025482 4 -1 -1 
304 40 20 17 0.384692519903183 5 -1 -1 
100 5 13 11 0.38252535462379456 4 -1 -1 
344 61 14 13 0.3815869688987732 10 -1 -1 
569 304 16 40 0.37932538986206055 1 -1 -1 
314 127 80 35 0.37524980306625366 5 -1 -1 
223 34 17 15 0.3749997019767761 5 -1 -1 
275 93 8 17 0.37410780787467957 1 -1 -1 
91 9 13 12 0.36913806200027466 5 -1 -1 
294 36 27 18 0.3644235134124756 4 -1 -1 
891 296 18 33 0.3581041991710663 2 -1 -1 
139 32 16 14 0.355585515499115 4 -1 -1 
332 156 97 45 0.3525342345237732 5 -1 -1 
100 3 11 10 0.33737483620643616 4 -1 -1 
69 4 16 12 0.33725273609161377 4 -1 -1 
1263 243 21 41 0.3369087874889374 1 -1 -1 
210 126 30 33 0.3345569968223572 4 -1 -1 
560 232 64 44 0.32665979862213135 4 -1 -1 
683 315 116 92 0.3158107101917267 7 -1 -1 
180 31 38 40 0.29209092259407043 6 -1 -1 
319 134 83 36 0.2770708501338959 5 -1 -1 
655 235 21 54 0.26679766178131104 3 -1 -1 
323 143 85 33 0.25429901480674744 4 -1 -1 
666 248 23 55 0.2525007724761963 1 -1 -1 
11 62 33 26 0.2478138506412506 5 -1 -1 
600 284 19 49 0.22925476729869843 1 -1 -1 
314 126 82 36 0.2267526239156723 8 -1 -1 
192 123 48 36 0.22594024240970612 4 -1 -1 
743 267 19 43 0.219914510846138 1 -1 -1 
323 143 85 33 0.21506917476654053 5 -1 -1 
180 31 38 39 0.20988020300865173 9 -1 -1 
509 221 117 61 0.20914611220359802 4 -1 -1 
1078 325 156 79 0.20891642570495605 5 -1 -1 
314 126 82 36 0.2078281193971634 7 -1 -1 
685 313 116 94 0.20713698863983154 5 -1 -1 
824 319 158 65 0.2066020965576172 9 -1 -1 
368 204 20 44 0.20180977880954742 1 -1 -1 
823 358 170 82 0.19623249769210815 5 -1 -1 
728 265 19 44 0.19339248538017273 1 -1 -1 
509 221 117 61 0.19314773380756378 6 -1 -1 
655 235 21 54 0.1805354207754135 1 -1 -1 
237 97 52 24 0.17995847761631012 5 -1 -1 
211 125 29 34 0.17812834680080414 5 -1 -1 
512 186 116 64 0.17710646986961365 4 -1 -1 
499 219 96 43 0.17362236976623535 4 -1 -1 
489 327 162 69 0.17333458364009857 9 -1 -1 
698 242 18 43 0.17019475996494293 1 -1 -1 
576 288 19 41 0.16391116380691528 2 -1 -1 
509 221 117 61 0.15843428671360016 10 -1 -1 
1218 456 141 121 0.15734924376010895 5 -1 -1 
297 56 56 53 0.15660634636878967 6 -1 -1 
683 249 22 52 0.15436996519565582 1 -1 -1 
658 241 24 53 0.15430550277233124 1 -1 -1 
582 286 22 47 0.14848728477954865 1 -1 -1 
560 229 64 24 0.14812026917934418 4 -1 -1 
560 229 64 24 0.14796264469623566 5 -1 -1 
192 123 48 36 0.1479169726371765 5 -1 -1 
512 186 116 64 0.14639589190483093 6 -1 -1 
648 240 26 43 0.1443469077348709 1 -1 -1 
509 221 117 61 0.14407168328762054 8 -1 -1 
655 235 21 54 0.1438324898481369 10 -1 -1 
301 75 64 40 0.14282970130443573 6 -1 -1 
655 246 23 56 0.1427277773618698 3 -1 -1 
657 235 22 49 0.1422089785337448 7 -1 -1 
308 108 35 26 0.1418328732252121 7 -1 -1 
288 40 36 24 0.1413673460483551 4 -1 -1 
319 134 83 36 0.1389032006263733 6 -1 -1 
11 62 33 26 0.13495348393917084 6 -1 -1 
690 265 19 50 0.1344800591468811 1 -1 -1 
304 103 39 23 0.1327255666255951 7 -1 -1 
182 132 57 31 0.13212008774280548 4 -1 -1 
320 49 36 21 0.13171641528606415 4 -1 -1 
577 287 17 43 0.12928685545921326 10 -1 -1 
331 150 94 35 0.127508744597435 6 -1 -1 
585 251 25 41 0.1273316740989685 1 -1 -1 
675 248 22 49 0.12617778778076172 1 -1 -1 
699 310 91 65 0.1259196549654007 8 -1 -1 
215 196 60 60 0.12579120695590973 4 -1 -1 
643 242 22 45 0.12547807395458221 1 -1 -1 
210 158 54 57 0.1252354085445404 4 -1 -1 
211 125 30 34 0.12390786409378052 7 -1 -1 
572 300 19 45 0.12244907766580582 2 -1 -1 
211 125 29 34 0.12203983217477798 8 -1 -1 
657 236 25 40 0.11972123384475708 3 -1 -1 
560 290 23 36 0.11972114443778992 1 -1 -1 
512 186 116 64 0.11964571475982666 10 -1 -1 
509 221 117 61 0.11880321800708771 7 -1 -1 
186 41 34 33 0.11753794550895691 6 -1 -1 
655 235 21 54 0.11653082072734833 2 -1 -1 
16 54 36 26 0.11411585658788681 4 -1 -1 
595 283 18 47 0.11365687102079391 4 -1 -1 
658 529 242 106 0.11352662742137909 1 -1 -1 
571 249 47 34 0.11235767602920532 1 -1 -1 
488 327 163 71 0.11209429800510406 5 -1 -1 
509 221 117 61 0.10985401272773743 2 -1 -1 
180 31 37 39 0.1093965619802475 5 -1 -1 
323 143 85 33 0.10926174372434616 6 -1 -1 
237 68 33 25 0.10919671505689621 4 -1 -1 
228 40 35 26 0.10916674137115479 4 -1 -1 
499 219 96 43 0.10891977697610855 5 -1 -1 
315 120 81 39 0.10869216918945312 9 -1 -1 
594 254 20 44 0.10778296738862991 1 -1 -1 
569 307 21 48 0.10768363624811172 1 -1 -1 
422 206 108 46 0.1076308935880661 5 -1 -1 
566 292 22 38 0.10728790611028671 2 -1 -1 
685 313 116 94 0.10620088130235672 4 -1 -1 
288 45 34 21 0.10546461492776871 5 -1 -1 
309 86 58 28 0.10524162650108337 6 -1 -1 
824 319 158 65 0.10506215691566467 5 -1 -1 
647 237 25 51 0.10483048111200333 3 -1 -1 
211 125 29 34 0.10098833590745926 6 -1 -1 
237 97 53 24 0.10081387311220169 1 -1 -1 
358 199 20 42 0.1006714329123497 1 -1 -1 
251 45 39 22 0.10065465420484543 4 -1 -1 
290 36 36 22 0.10047183185815811 5 -1 -1 
489 327 162 69 0.10041433572769165 6 -1 -1 
675 315 124 92 0.09995508939027786 9 -1 -1 
336 167 105 40 0.09952297806739807 5 -1 -1 
422 207 106 44 0.0977540835738182 1 -1 -1 
3 31 35 24 0.09772926568984985 4 -1 -1 
512 186 116 64 0.09598865360021591 9 -1 -1 
649 234 26 38 0.09572837501764297 3 -1 -1 
658 529 242 106 0.09536727517843246 5 -1 -1 
700 246 22 54 0.09529750794172287 1 -1 -1 
643 246 17 53 0.09439871460199356 4 -1 -1 
824 358 168 82 0.09427600353956223 10 -1 -1 
692 238 21 40 0.0935831069946289 1 -1 -1 
182 132 57 31 0.09259484708309174 5 -1 -1 
512 186 116 64 0.09251528233289719 8 -1 -1 
290 49 35 27 0.09215401858091354 4 -1 -1 
304 98 47 27 0.0917218029499054 6 -1 -1 
560 330 74 29 0.09149215370416641 4 -1 -1 
181 50 39 22 0.09056296944618225 4 -1 -1 
696 310 90 65 0.08873985707759857 7 -1 -1 
583 256 20 41 0.08744750171899796 1 -1 -1 
695 245 17 47 0.08703947812318802 2 -1 -1 
237 97 52 24 0.08639680594205856 6 -1 -1 
334 167 103 40 0.08611741662025452 1 -1 -1 
241 72 34 25 0.08471009135246277 4 -1 -1 
490 327 161 70 0.08398165553808212 1 -1 -1 
284 123 24 35 0.08387777954339981 10 -1 -1 
489 327 162 70 0.08349078893661499 10 -1 -1 
499 191 133 88 0.0789669007062912 5 -1 -1 
560 231 65 47 0.0580337718129158 9 -1 -1 
560 230 65 48 0.053876329213380814 6 -1 -1 
