221 463 127 140 0.9710214734077454 5 -1 -1 
974 347 81 58 0.9446572065353394 4 -1 -1 
677 454 66 76 0.9385672211647034 4 -1 -1 
1115 492 127 91 0.935871958732605 4 -1 -1 
1166 402 136 67 0.9335513710975647 4 -1 -1 
1307 397 44 28 0.9331659078598022 3 -1 -1 
1138 583 31 64 0.9316309094429016 1 -1 -1 
1208 341 102 62 0.92839515209198 4 -1 -1 
1081 575 31 69 0.926016628742218 1 -1 -1 
626 278 43 38 0.925191342830658 4 -1 -1 
361 361 67 66 0.9219437837600708 4 -1 -1 
938 284 106 43 0.9098851680755615 4 -1 -1 
665 144 18 20 0.9083294868469238 5 -1 -1 
581 141 21 19 0.905907154083252 4 -1 -1 
418 293 53 48 0.8892838954925537 4 -1 -1 
259 314 17 37 0.8802204132080078 1 -1 -1 
544 271 47 50 0.8746459484100342 4 -1 -1 
655 64 12 18 0.8724257946014404 9 -1 -1 
301 425 82 82 0.8694908618927002 4 -1 -1 
1327 443 26 61 0.8671706318855286 1 -1 -1 
253 234 67 29 0.8669047951698303 4 -1 -1 
599 91 12 11 0.8619344234466553 4 -1 -1 
704 306 50 63 0.8612385392189026 6 -1 -1 
666 121 16 15 0.8531032800674438 4 -1 -1 
1234 500 57 40 0.8470420241355896 3 -1 -1 
640 135 18 16 0.8455975651741028 4 -1 -1 
496 205 33 28 0.8352976441383362 4 -1 -1 
1094 142 7 18 0.8325204253196716 1 -1 -1 
1281 531 61 40 0.8226252198219299 3 -1 -1 
1054 156 8 19 0.8126922845840454 1 -1 -1 
158 292 89 45 0.812067449092865 4 -1 -1 
539 145 22 18 0.803814172744751 4 -1 -1 
478 219 41 34 0.8034420013427734 4 -1 -1 
1100 142 8 19 0.8020588159561157 1 -1 -1 
554 134 19 16 0.7869505286216736 4 -1 -1 
640 111 16 18 0.783747136592865 8 -1 -1 
425 164 27 23 0.7780589461326599 4 -1 -1 
1048 155 7 19 0.7774073481559753 1 -1 -1 
844 598 32 48 0.7679340243339539 2 -1 -1 
670 229 36 35 0.7676146626472473 5 -1 -1 
531 160 25 21 0.7622325420379639 4 -1 -1 
209 344 20 45 0.7547522783279419 1 -1 -1 
233 206 10 29 0.7308367490768433 1 -1 -1 
393 326 52 55 0.7274237871170044 4 -1 -1 
508 192 32 28 0.7211261987686157 4 -1 -1 
535 152 22 19 0.7142173051834106 4 -1 -1 
1288 630 70 117 0.7099604606628418 4 -1 -1 
994 135 27 18 0.7000207901000977 4 -1 -1 
521 167 27 25 0.6939064264297485 4 -1 -1 
579 98 14 13 0.6935452222824097 4 -1 -1 
442 151 23 22 0.6921148896217346 4 -1 -1 
896 352 57 72 0.6907244324684143 7 -1 -1 
839 602 38 71 0.6832797527313232 10 -1 -1 
438 242 14 26 0.6800085306167603 2 -1 -1 
431 252 30 18 0.6714701056480408 10 -1 -1 
570 110 15 15 0.6683806777000427 4 -1 -1 
514 180 26 23 0.6610726714134216 4 -1 -1 
252 193 10 25 0.6575430631637573 1 -1 -1 
293 259 49 35 0.6502254605293274 4 -1 -1 
574 104 14 13 0.6478495001792908 4 -1 -1 
244 370 18 44 0.6439602375030518 3 -1 -1 
582 96 13 13 0.6382656693458557 4 -1 -1 
222 206 11 27 0.6374392509460449 1 -1 -1 
1252 514 63 37 0.6355502009391785 3 -1 -1 
782 306 13 26 0.6342410445213318 3 -1 -1 
269 392 27 32 0.6320276260375977 8 -1 -1 
517 175 27 23 0.6297082901000977 4 -1 -1 
1017 135 26 17 0.6295654773712158 4 -1 -1 
244 361 18 44 0.6284897327423096 2 -1 -1 
593 80 10 10 0.6280215382575989 4 -1 -1 
586 89 12 11 0.6269362568855286 4 -1 -1 
562 121 17 14 0.6123926043510437 4 -1 -1 
1043 401 96 93 0.6072368621826172 4 -1 -1 
561 112 18 21 0.5988998413085938 5 -1 -1 
597 72 11 12 0.5877745747566223 4 -1 -1 
572 106 15 16 0.5841746926307678 4 -1 -1 
655 64 12 18 0.5809951424598694 5 -1 -1 
577 101 14 14 0.5795060992240906 4 -1 -1 
781 295 13 31 0.5723850131034851 2 -1 -1 
281 218 10 23 0.5721538662910461 1 -1 -1 
891 257 46 35 0.5707249045372009 4 -1 -1 
0 315 19 37 0.5595131516456604 1 -1 -1 
889 220 47 25 0.5551120042800903 4 -1 -1 
121 343 43 27 0.5500543117523193 10 -1 -1 
640 111 16 18 0.5433154106140137 9 -1 -1 
168 371 39 22 0.5371573567390442 4 -1 -1 
822 184 37 34 0.5318791270256042 5 -1 -1 
248 267 14 28 0.526309072971344 2 -1 -1 
584 93 13 13 0.5260342955589294 4 -1 -1 
103 359 27 25 0.5237947702407837 10 -1 -1 
393 191 28 21 0.5208635330200195 4 -1 -1 
640 111 16 18 0.5135167241096497 5 -1 -1 
643 62 8 8 0.5105556845664978 4 -1 -1 
1278 520 51 46 0.5084959864616394 3 -1 -1 
595 77 10 10 0.49592867493629456 4 -1 -1 
264 196 10 26 0.4953663945198059 1 -1 -1 
250 225 12 23 0.49351435899734497 1 -1 -1 
640 74 10 8 0.49206626415252686 4 -1 -1 
149 238 27 18 0.4841872453689575 10 -1 -1 
719 171 7 14 0.48409420251846313 2 -1 -1 
271 217 8 22 0.4811630845069885 1 -1 -1 
669 98 5 9 0.4776790738105774 2 -1 -1 
173 278 16 33 0.4758776128292084 1 -1 -1 
643 61 8 7 0.4747183918952942 4 -1 -1 
1019 154 15 11 0.470876544713974 7 -1 -1 
566 111 17 15 0.4704509973526001 4 -1 -1 
1021 150 29 16 0.46645793318748474 7 -1 -1 
126 350 37 26 0.46489354968070984 10 -1 -1 
705 306 50 62 0.46410679817199707 5 -1 -1 
1261 518 61 43 0.4582488536834717 3 -1 -1 
527 163 24 19 0.4578036963939667 4 -1 -1 
389 191 32 21 0.45779940485954285 5 -1 -1 
268 391 30 34 0.4549543261528015 7 -1 -1 
562 120 17 15 0.4531383514404297 5 -1 -1 
48 357 17 32 0.4529942274093628 1 -1 -1 
384 180 10 27 0.4510781466960907 1 -1 -1 
273 227 9 20 0.4485240578651428 1 -1 -1 
642 66 9 6 0.4466497302055359 4 -1 -1 
893 257 43 35 0.4414466619491577 5 -1 -1 
1043 401 97 94 0.4386459290981293 5 -1 -1 
250 225 12 21 0.4384154677391052 2 -1 -1 
670 229 36 35 0.43800386786460876 4 -1 -1 
310 216 10 23 0.43711602687835693 1 -1 -1 
1087 575 24 30 0.4281834661960602 1 -1 -1 
719 175 7 13 0.42680254578590393 3 -1 -1 
668 99 6 10 0.42455247044563293 10 -1 -1 
435 244 23 25 0.4243250787258148 2 -1 -1 
263 196 7 22 0.42328986525535583 1 -1 -1 
267 196 9 22 0.4219631552696228 1 -1 -1 
108 358 30 26 0.4212721884250641 10 -1 -1 
115 347 37 28 0.4202062785625458 10 -1 -1 
1044 155 9 19 0.41856539249420166 1 -1 -1 
641 60 9 6 0.4095728099346161 4 -1 -1 
588 88 13 10 0.4065820872783661 4 -1 -1 
1290 521 52 44 0.4057592749595642 3 -1 -1 
135 356 30 25 0.40461575984954834 10 -1 -1 
1088 303 131 68 0.3980184495449066 4 -1 -1 
406 163 14 14 0.39707037806510925 10 -1 -1 
622 63 12 8 0.3958747684955597 4 -1 -1 
289 206 9 23 0.39401164650917053 1 -1 -1 
640 69 9 10 0.39195916056632996 4 -1 -1 
665 144 19 20 0.3918569087982178 4 -1 -1 
1242 505 64 41 0.3902801275253296 3 -1 -1 
591 83 11 10 0.38949957489967346 4 -1 -1 
281 217 10 19 0.3879343867301941 2 -1 -1 
1022 150 28 17 0.3861340582370758 4 -1 -1 
811 183 51 43 0.38498854637145996 5 -1 -1 
1112 221 12 23 0.38172101974487305 1 -1 -1 
275 187 9 21 0.3815866708755493 1 -1 -1 
795 167 25 20 0.37841352820396423 5 -1 -1 
1020 152 21 13 0.3704965114593506 7 -1 -1 
185 276 13 32 0.3689560294151306 1 -1 -1 
439 133 27 17 0.3689514398574829 4 -1 -1 
1053 155 8 18 0.3688364028930664 2 -1 -1 
118 356 30 26 0.3684942424297333 10 -1 -1 
1049 156 9 19 0.36809033155441284 1 -1 -1 
1191 415 21 49 0.36445945501327515 1 -1 -1 
435 244 23 25 0.36367130279541016 10 -1 -1 
231 274 14 26 0.3632744550704956 2 -1 -1 
719 175 7 13 0.36139172315597534 10 -1 -1 
1088 322 110 51 0.34940874576568604 4 -1 -1 
1270 510 70 55 0.310716837644577 3 -1 -1 
898 353 58 108 0.2970832884311676 7 -1 -1 
243 361 20 41 0.2696051299571991 1 -1 -1 
1089 288 136 63 0.26651731133461 4 -1 -1 
221 464 127 138 0.2442844808101654 6 -1 -1 
158 292 88 45 0.24268025159835815 5 -1 -1 
46 357 24 40 0.2384883463382721 1 -1 -1 
888 197 101 47 0.23664472997188568 6 -1 -1 
888 198 85 46 0.23575730621814728 4 -1 -1 
896 352 57 72 0.21819697320461273 8 -1 -1 
270 195 95 46 0.2160065621137619 6 -1 -1 
1026 180 83 48 0.2052706778049469 6 -1 -1 
1251 505 78 55 0.20204100012779236 3 -1 -1 
-1 314 21 39 0.1973465234041214 2 -1 -1 
1090 287 136 60 0.18974816799163818 5 -1 -1 
782 182 83 50 0.1781196892261505 9 -1 -1 
243 368 20 45 0.17574957013130188 10 -1 -1 
429 133 38 21 0.17417198419570923 4 -1 -1 
517 165 30 29 0.16835395991802216 5 -1 -1 
1086 297 85 70 0.1618165820837021 4 -1 -1 
886 179 102 53 0.15744829177856445 9 -1 -1 
1207 336 54 60 0.15491557121276855 4 -1 -1 
1088 303 131 68 0.15463653206825256 5 -1 -1 
221 463 127 140 0.15202516317367554 10 -1 -1 
1235 501 74 46 0.15074193477630615 10 -1 -1 
221 463 127 140 0.1497063785791397 8 -1 -1 
868 255 72 42 0.14763464033603668 4 -1 -1 
1152 252 84 50 0.14760908484458923 4 -1 -1 
887 190 126 51 0.14722932875156403 9 -1 -1 
221 464 127 139 0.14703752100467682 4 -1 -1 
1241 503 77 53 0.1410512775182724 7 -1 -1 
1090 284 135 57 0.1386076956987381 6 -1 -1 
1121 282 109 57 0.13845999538898468 4 -1 -1 
941 285 103 41 0.1381208896636963 5 -1 -1 
898 353 58 108 0.13779979944229126 8 -1 -1 
1152 252 84 50 0.1376175880432129 5 -1 -1 
379 189 41 26 0.13752561807632446 4 -1 -1 
1087 332 86 47 0.1353132724761963 4 -1 -1 
337 224 41 32 0.1334204524755478 4 -1 -1 
1023 180 86 49 0.13237398862838745 5 -1 -1 
896 352 57 72 0.13182483613491058 10 -1 -1 
938 284 106 43 0.13181999325752258 1 -1 -1 
253 234 67 29 0.1310737580060959 5 -1 -1 
880 355 69 86 0.13103538751602173 7 -1 -1 
772 182 91 51 0.12889480590820312 6 -1 -1 
437 139 31 33 0.1273832768201828 4 -1 -1 
1015 132 37 22 0.12594610452651978 4 -1 -1 
1088 322 110 51 0.1255599409341812 5 -1 -1 
1135 264 96 67 0.12480604648590088 4 -1 -1 
703 305 51 65 0.12412932515144348 9 -1 -1 
1233 499 74 45 0.12353570759296417 7 -1 -1 
275 196 78 38 0.12106629461050034 8 -1 -1 
350 221 31 37 0.12033545970916748 4 -1 -1 
703 306 51 64 0.1199260726571083 8 -1 -1 
1107 273 121 62 0.1187364012002945 5 -1 -1 
888 198 85 46 0.11853806674480438 5 -1 -1 
886 179 102 53 0.11636301875114441 6 -1 -1 
897 351 58 95 0.1160200759768486 6 -1 -1 
704 306 52 63 0.1152803972363472 4 -1 -1 
1165 403 139 66 0.11414562910795212 1 -1 -1 
780 295 17 39 0.11326012760400772 3 -1 -1 
884 197 89 42 0.11121252924203873 9 -1 -1 
275 197 78 38 0.11069346964359283 7 -1 -1 
243 368 20 45 0.10919347405433655 7 -1 -1 
435 134 35 26 0.10864906013011932 4 -1 -1 
881 192 82 47 0.10840357840061188 6 -1 -1 
332 233 48 28 0.10797059535980225 4 -1 -1 
974 347 81 58 0.10684634000062943 1 -1 -1 
221 463 127 140 0.10620895773172379 2 -1 -1 
787 182 78 47 0.10579903423786163 4 -1 -1 
50 364 22 42 0.1054593101143837 1 -1 -1 
677 455 66 75 0.10543724149465561 1 -1 -1 
361 360 66 67 0.10507772862911224 5 -1 -1 
1023 180 86 49 0.10444534569978714 4 -1 -1 
1255 507 76 55 0.10390835255384445 7 -1 -1 
1097 248 120 59 0.10381215810775757 6 -1 -1 
1115 492 127 91 0.10211428254842758 1 -1 -1 
1088 272 151 102 0.10184130817651749 4 -1 -1 
269 175 60 30 0.10113142430782318 4 -1 -1 
222 268 42 29 0.10071705281734467 7 -1 -1 
973 347 81 58 0.10039976984262466 5 -1 -1 
521 161 33 28 0.10000555217266083 4 -1 -1 
1017 136 37 26 0.09834996610879898 4 -1 -1 
434 154 33 30 0.09809844940900803 4 -1 -1 
221 464 127 138 0.09781108051538467 9 -1 -1 
1208 342 102 61 0.09714967012405396 1 -1 -1 
1166 402 136 67 0.09681642800569534 5 -1 -1 
865 180 85 50 0.09648790210485458 6 -1 -1 
1133 250 92 61 0.09636665135622025 4 -1 -1 
284 227 45 22 0.09609559178352356 7 -1 -1 
898 355 59 105 0.09587667137384415 10 -1 -1 
1156 279 80 65 0.09561515599489212 4 -1 -1 
47 350 27 38 0.09558959305286407 1 -1 -1 
1255 507 76 55 0.09557761251926422 10 -1 -1 
245 369 20 44 0.09553027898073196 9 -1 -1 
867 194 83 44 0.09514482319355011 4 -1 -1 
1025 180 82 50 0.09481251984834671 9 -1 -1 
47 361 23 40 0.09463050961494446 10 -1 -1 
1090 284 135 57 0.09457726776599884 9 -1 -1 
377 190 42 25 0.09435013681650162 5 -1 -1 
280 213 56 32 0.09351346641778946 7 -1 -1 
290 255 72 47 0.09329839050769806 4 -1 -1 
1114 492 128 90 0.09294874966144562 5 -1 -1 
428 249 36 22 0.09268464893102646 3 -1 -1 
215 267 42 27 0.09242253750562668 10 -1 -1 
361 361 67 66 0.09239982068538666 1 -1 -1 
677 455 66 75 0.09238382428884506 5 -1 -1 
677 454 66 75 0.0922100841999054 9 -1 -1 
887 190 126 51 0.09168761968612671 5 -1 -1 
963 276 84 46 0.09144127368927002 4 -1 -1 
974 347 81 58 0.09045963734388351 9 -1 -1 
44 356 26 38 0.08993277698755264 2 -1 -1 
1101 241 87 51 0.08949443697929382 4 -1 -1 
1286 529 63 64 0.08906920999288559 3 -1 -1 
1023 180 86 49 0.08829767256975174 8 -1 -1 
427 158 35 29 0.08826418966054916 4 -1 -1 
1086 297 85 70 0.08825337141752243 5 -1 -1 
813 179 71 54 0.08807400614023209 5 -1 -1 
221 463 127 140 0.08753319829702377 7 -1 -1 
974 347 81 58 0.08746837079524994 10 -1 -1 
865 180 85 50 0.0874534398317337 9 -1 -1 
438 130 38 24 0.0874062106013298 4 -1 -1 
441 147 31 27 0.08725178986787796 5 -1 -1 
1208 341 101 62 0.08698638528585434 5 -1 -1 
886 179 102 53 0.0867493748664856 5 -1 -1 
795 185 80 54 0.08604778349399567 6 -1 -1 
863 254 75 42 0.08542104065418243 5 -1 -1 
974 347 81 58 0.08486153930425644 7 -1 -1 
890 280 84 44 0.08477944135665894 4 -1 -1 
278 193 74 38 0.0830894261598587 6 -1 -1 
365 166 42 22 0.08155496418476105 4 -1 -1 
218 269 36 29 0.0811297670006752 3 -1 -1 
974 347 81 58 0.07980844378471375 6 -1 -1 
329 242 52 32 0.07949092239141464 4 -1 -1 
1115 492 128 90 0.07946871221065521 9 -1 -1 
270 195 95 46 0.06795351952314377 9 -1 -1 
270 195 95 46 0.0625358372926712 5 -1 -1 
1088 272 151 102 0.06016824021935463 5 -1 -1 
1085 276 142 97 0.05624554306268692 6 -1 -1 
1086 293 151 85 0.05264897271990776 9 -1 -1 
1159 402 146 72 0.05251225084066391 9 -1 -1 
258 204 82 44 0.05136796832084656 6 -1 -1 
273 194 94 45 0.050117798149585724 4 -1 -1 
