595 370 69 81 0.9957472681999207 6 -1 -1 
558 265 91 39 0.9941306710243225 6 -1 -1 
148 358 78 44 0.9498683214187622 7 -1 -1 
447 119 26 17 0.9352713823318481 6 -1 -1 
447 238 20 28 0.8206428289413452 7 -1 -1 
347 226 9 24 0.7672291994094849 1 -1 -1 
85 345 38 28 0.7634310722351074 10 -1 -1 
387 272 13 23 0.7563002109527588 7 -1 -1 
482 181 22 20 0.747648298740387 4 -1 -1 
202 352 36 28 0.7083426713943481 10 -1 -1 
312 439 49 31 0.6947696805000305 10 -1 -1 
490 262 14 23 0.6624622941017151 2 -1 -1 
309 488 27 52 0.6503584980964661 10 -1 -1 
519 255 10 19 0.6502597332000732 2 -1 -1 
519 261 10 20 0.649823009967804 10 -1 -1 
489 265 15 25 0.6444128155708313 10 -1 -1 
440 141 12 10 0.6419147849082947 4 -1 -1 
250 327 31 23 0.6257899403572083 10 -1 -1 
426 173 39 22 0.6255897283554077 8 -1 -1 
662 274 34 28 0.6180330514907837 10 -1 -1 
416 318 15 25 0.6119988560676575 10 -1 -1 
308 226 23 15 0.6003215909004211 10 -1 -1 
225 335 38 27 0.5954607725143433 10 -1 -1 
240 447 17 41 0.5882384777069092 1 -1 -1 
463 201 17 29 0.5860291719436646 10 -1 -1 
417 311 13 22 0.5828945636749268 2 -1 -1 
387 266 12 22 0.5759232640266418 2 -1 -1 
453 237 13 21 0.5723782181739807 2 -1 -1 
138 484 21 29 0.563271701335907 2 -1 -1 
449 235 12 21 0.5577722787857056 2 -1 -1 
377 488 27 46 0.5555328130722046 2 -1 -1 
303 458 51 34 0.5524643063545227 10 -1 -1 
540 221 9 24 0.5481261014938354 1 -1 -1 
483 150 11 12 0.5427069067955017 7 -1 -1 
494 170 6 10 0.5377159714698792 2 -1 -1 
461 472 22 52 0.5367355346679688 2 -1 -1 
522 223 19 18 0.5326557755470276 10 -1 -1 
349 273 15 26 0.5316510200500488 2 -1 -1 
500 150 5 8 0.5299475789070129 10 -1 -1 
500 147 5 8 0.5249876976013184 2 -1 -1 
504 202 8 15 0.5222140550613403 2 -1 -1 
265 417 26 43 0.5183718800544739 2 -1 -1 
464 201 16 29 0.5147964358329773 8 -1 -1 
461 491 23 47 0.5139157772064209 10 -1 -1 
783 416 103 69 0.5120617747306824 4 -1 -1 
489 134 5 8 0.508352518081665 2 -1 -1 
483 153 12 12 0.5037633776664734 7 -1 -1 
570 205 18 12 0.502463161945343 10 -1 -1 
377 214 7 17 0.5023894309997559 1 -1 -1 
323 427 16 41 0.49888667464256287 2 -1 -1 
274 440 18 48 0.49547067284584045 1 -1 -1 
553 199 9 14 0.49355077743530273 8 -1 -1 
0 422 48 54 0.4927769601345062 7 -1 -1 
486 157 9 10 0.4907900393009186 7 -1 -1 
19 384 35 28 0.4847545623779297 2 -1 -1 
366 225 9 21 0.48453566431999207 1 -1 -1 
440 180 25 16 0.48443499207496643 8 -1 -1 
509 133 5 8 0.48410722613334656 2 -1 -1 
149 319 34 27 0.48359760642051697 10 -1 -1 
468 180 9 14 0.47562718391418457 10 -1 -1 
503 208 9 12 0.46338874101638794 10 -1 -1 
385 272 16 22 0.4609889090061188 10 -1 -1 
476 136 5 9 0.458094984292984 10 -1 -1 
303 478 16 42 0.4458295702934265 1 -1 -1 
471 163 6 10 0.44479939341545105 10 -1 -1 
534 133 13 12 0.4428497552871704 4 -1 -1 
429 166 36 21 0.4410378932952881 8 -1 -1 
265 417 26 46 0.4378405511379242 1 -1 -1 
343 235 7 15 0.43662354350090027 1 -1 -1 
235 513 36 24 0.4358001947402954 2 -1 -1 
488 137 6 9 0.428733229637146 10 -1 -1 
462 492 21 45 0.42847105860710144 3 -1 -1 
485 147 7 10 0.4262180030345917 2 -1 -1 
509 135 5 8 0.42562586069107056 10 -1 -1 
782 411 141 75 0.42158207297325134 5 -1 -1 
320 429 32 40 0.420597642660141 10 -1 -1 
472 157 6 10 0.4191087782382965 2 -1 -1 
462 180 15 15 0.41900795698165894 10 -1 -1 
266 309 30 20 0.41845840215682983 10 -1 -1 
534 133 13 13 0.4172916114330292 6 -1 -1 
595 370 68 81 0.41693711280822754 7 -1 -1 
476 134 5 8 0.41612178087234497 2 -1 -1 
376 491 28 48 0.41294801235198975 10 -1 -1 
461 472 22 52 0.4115113615989685 1 -1 -1 
482 172 7 14 0.4077548384666443 2 -1 -1 
318 429 31 41 0.406749427318573 2 -1 -1 
488 135 6 10 0.4061101973056793 2 -1 -1 
494 173 7 9 0.4051545262336731 10 -1 -1 
515 168 6 13 0.4049130380153656 2 -1 -1 
287 260 25 21 0.4045655429363251 10 -1 -1 
688 293 24 51 0.40300628542900085 2 -1 -1 
759 383 110 51 0.4016120135784149 4 -1 -1 
303 479 17 41 0.4000714123249054 2 -1 -1 
488 137 6 9 0.39944717288017273 7 -1 -1 
240 331 32 25 0.38646700978279114 10 -1 -1 
373 215 7 18 0.3859897553920746 1 -1 -1 
270 440 21 48 0.3858566880226135 2 -1 -1 
308 221 17 17 0.3849652409553528 10 -1 -1 
473 150 7 9 0.381648987531662 2 -1 -1 
440 140 11 11 0.3794614374637604 5 -1 -1 
420 176 36 21 0.3785070776939392 8 -1 -1 
547 234 53 34 0.37639904022216797 8 -1 -1 
544 158 27 16 0.372030109167099 8 -1 -1 
541 158 30 16 0.37127774953842163 7 -1 -1 
415 201 41 25 0.3693517744541168 7 -1 -1 
343 212 21 17 0.3690180480480194 10 -1 -1 
289 200 47 25 0.3682883381843567 4 -1 -1 
449 166 16 15 0.3654401898384094 8 -1 -1 
274 298 49 30 0.36166200041770935 7 -1 -1 
483 149 8 10 0.3577907979488373 2 -1 -1 
688 293 26 52 0.3574851453304291 1 -1 -1 
374 214 10 27 0.3568035960197449 1 -1 -1 
229 329 37 29 0.3533632159233093 10 -1 -1 
416 202 39 24 0.352285772562027 10 -1 -1 
457 180 12 15 0.3522733151912689 10 -1 -1 
483 150 11 11 0.35209131240844727 10 -1 -1 
441 163 23 15 0.35020047426223755 8 -1 -1 
534 133 13 15 0.34966081380844116 8 -1 -1 
450 181 16 15 0.3487964868545532 8 -1 -1 
442 203 13 20 0.3482356667518616 2 -1 -1 
386 274 15 21 0.34705936908721924 3 -1 -1 
474 117 4 8 0.3452736437320709 1 -1 -1 
515 168 6 15 0.3437689244747162 1 -1 -1 
447 171 19 20 0.3434044420719147 8 -1 -1 
228 445 23 37 0.341420441865921 2 -1 -1 
513 174 8 17 0.34006696939468384 2 -1 -1 
513 180 7 14 0.33891358971595764 10 -1 -1 
434 180 21 18 0.3387489914894104 8 -1 -1 
473 151 8 10 0.33726948499679565 7 -1 -1 
312 434 48 36 0.3368936777114868 2 -1 -1 
349 273 14 25 0.3352940082550049 1 -1 -1 
235 513 36 24 0.33374646306037903 1 -1 -1 
493 171 8 10 0.3333021104335785 7 -1 -1 
349 284 36 20 0.33292797207832336 10 -1 -1 
442 130 10 9 0.3319486379623413 8 -1 -1 
314 438 19 39 0.3317044675350189 2 -1 -1 
308 439 39 40 0.3316282033920288 2 -1 -1 
488 157 7 10 0.3278353810310364 10 -1 -1 
470 179 7 12 0.32776835560798645 2 -1 -1 
264 429 32 43 0.32763904333114624 10 -1 -1 
472 155 7 16 0.3263470530509949 10 -1 -1 
122 438 87 63 0.32542482018470764 7 -1 -1 
20 283 114 92 0.32502618432044983 6 -1 -1 
472 160 6 10 0.324878066778183 2 -1 -1 
473 151 8 10 0.3244907259941101 10 -1 -1 
302 225 24 16 0.3220002055168152 10 -1 -1 
307 486 26 34 0.3214927315711975 2 -1 -1 
514 169 7 16 0.320588618516922 10 -1 -1 
368 221 8 22 0.3203188180923462 1 -1 -1 
503 207 9 13 0.3193873167037964 7 -1 -1 
781 411 144 75 0.31926119327545166 6 -1 -1 
247 333 29 20 0.3189789652824402 10 -1 -1 
18 385 21 26 0.3185517191886902 2 -1 -1 
488 119 16 10 0.31817761063575745 7 -1 -1 
451 238 13 23 0.31600135564804077 7 -1 -1 
377 488 27 49 0.3157801032066345 1 -1 -1 
36 349 38 29 0.31573009490966797 10 -1 -1 
432 165 32 16 0.31527915596961975 8 -1 -1 
754 362 64 69 0.3146170675754547 4 -1 -1 
473 152 6 13 0.3145155608654022 2 -1 -1 
237 434 62 49 0.31405147910118103 7 -1 -1 
482 175 7 13 0.3131047785282135 10 -1 -1 
341 207 37 22 0.3127632439136505 7 -1 -1 
483 149 8 10 0.31165680289268494 10 -1 -1 
269 302 29 24 0.3114174008369446 10 -1 -1 
236 446 19 37 0.3112550377845764 2 -1 -1 
472 154 7 17 0.31112542748451233 2 -1 -1 
449 238 14 23 0.3106677234172821 2 -1 -1 
420 182 31 19 0.3098718225955963 8 -1 -1 
554 205 7 12 0.3097185492515564 8 -1 -1 
443 203 13 22 0.30817919969558716 10 -1 -1 
416 312 14 23 0.3081131875514984 10 -1 -1 
277 437 23 50 0.30774030089378357 1 -1 -1 
229 446 23 38 0.30512571334838867 1 -1 -1 
468 117 5 8 0.30335262417793274 10 -1 -1 
472 161 6 10 0.3014798164367676 10 -1 -1 
303 229 10 11 0.29968878626823425 10 -1 -1 
417 309 12 17 0.2979893684387207 2 -1 -1 
442 181 12 16 0.29691067337989807 8 -1 -1 
595 370 68 81 0.2955370843410492 4 -1 -1 
252 433 51 38 0.2865857779979706 7 -1 -1 
270 294 85 34 0.28591829538345337 7 -1 -1 
148 358 78 44 0.2811800241470337 8 -1 -1 
415 308 16 32 0.2809821367263794 2 -1 -1 
148 358 78 44 0.2801397442817688 3 -1 -1 
558 265 90 40 0.2747576832771301 7 -1 -1 
192 466 59 69 0.2713104784488678 8 -1 -1 
0 421 48 55 0.26619845628738403 8 -1 -1 
768 374 127 70 0.2475593537092209 4 -1 -1 
558 265 90 40 0.24733798205852509 8 -1 -1 
688 291 36 56 0.22961722314357758 2 -1 -1 
558 265 91 39 0.22516894340515137 5 -1 -1 
122 438 87 63 0.21923843026161194 8 -1 -1 
447 237 19 28 0.21745158731937408 2 -1 -1 
558 265 91 39 0.21610604226589203 4 -1 -1 
595 370 69 81 0.21156446635723114 10 -1 -1 
17 331 57 47 0.20936885476112366 10 -1 -1 
30 250 145 107 0.19864094257354736 6 -1 -1 
277 290 109 38 0.19249150156974792 8 -1 -1 
547 230 52 47 0.1923898458480835 7 -1 -1 
757 360 95 59 0.19227689504623413 4 -1 -1 
32 307 81 67 0.19171369075775146 7 -1 -1 
276 290 110 38 0.18913646042346954 4 -1 -1 
595 370 69 81 0.18897081911563873 5 -1 -1 
753 366 117 71 0.1888210028409958 6 -1 -1 
784 406 117 60 0.18796144425868988 4 -1 -1 
759 383 110 51 0.18729126453399658 5 -1 -1 
273 290 112 38 0.1828986555337906 6 -1 -1 
147 358 79 44 0.1817321628332138 2 -1 -1 
24 283 111 93 0.1817225068807602 8 -1 -1 
718 367 103 67 0.17864900827407837 4 -1 -1 
811 404 111 50 0.17751388251781464 4 -1 -1 
875 418 66 66 0.17733003199100494 4 -1 -1 
448 238 19 28 0.177188441157341 8 -1 -1 
27 323 58 52 0.17448945343494415 10 -1 -1 
595 370 69 81 0.1743985265493393 8 -1 -1 
721 320 96 56 0.17359673976898193 4 -1 -1 
313 287 73 35 0.17321264743804932 7 -1 -1 
724 352 98 85 0.17079956829547882 6 -1 -1 
558 265 91 39 0.1702290177345276 10 -1 -1 
752 346 112 88 0.1655704528093338 4 -1 -1 
148 358 77 44 0.1615399420261383 4 -1 -1 
447 238 20 28 0.16110755503177643 10 -1 -1 
1 402 51 66 0.1574845016002655 7 -1 -1 
254 433 50 37 0.1568663865327835 10 -1 -1 
85 434 123 77 0.15623773634433746 7 -1 -1 
2 147 85 49 0.15394577383995056 5 -1 -1 
756 365 73 68 0.1525672972202301 8 -1 -1 
688 294 38 59 0.15111826360225677 1 -1 -1 
148 358 78 44 0.15068629384040833 6 -1 -1 
271 199 64 31 0.14977391064167023 4 -1 -1 
385 264 16 29 0.14962106943130493 2 -1 -1 
595 370 69 81 0.14762906730175018 3 -1 -1 
558 265 90 40 0.1462523341178894 2 -1 -1 
32 307 81 67 0.14540962874889374 8 -1 -1 
660 264 48 40 0.1451701670885086 10 -1 -1 
269 295 85 34 0.14508962631225586 8 -1 -1 
595 370 69 81 0.1438860148191452 2 -1 -1 
364 217 13 31 0.14361624419689178 1 -1 -1 
192 465 57 68 0.14335666596889496 7 -1 -1 
1 402 51 66 0.142998605966568 8 -1 -1 
746 385 84 50 0.14292192459106445 4 -1 -1 
740 359 73 52 0.14229440689086914 4 -1 -1 
768 374 127 70 0.14077156782150269 5 -1 -1 
237 434 62 49 0.1384742259979248 8 -1 -1 
783 407 105 66 0.1370553821325302 5 -1 -1 
728 340 107 95 0.13693451881408691 4 -1 -1 
20 283 114 92 0.13590532541275024 5 -1 -1 
76 304 64 52 0.13541172444820404 7 -1 -1 
193 467 43 59 0.13461574912071228 1 -1 -1 
112 438 69 59 0.13198819756507874 7 -1 -1 
24 283 111 93 0.13190136849880219 7 -1 -1 
316 287 72 39 0.13152354955673218 8 -1 -1 
783 416 103 69 0.13124431669712067 8 -1 -1 
252 433 51 38 0.13093414902687073 8 -1 -1 
147 358 79 44 0.12894541025161743 10 -1 -1 
539 158 33 17 0.12877024710178375 6 -1 -1 
756 365 73 68 0.128424733877182 5 -1 -1 
122 440 113 84 0.12823820114135742 7 -1 -1 
122 305 62 42 0.1281321793794632 8 -1 -1 
1 339 65 38 0.12766000628471375 10 -1 -1 
756 350 71 56 0.12716810405254364 4 -1 -1 
558 265 90 40 0.12683288753032684 3 -1 -1 
851 409 82 74 0.12637260556221008 4 -1 -1 
742 341 106 93 0.1262357383966446 6 -1 -1 
756 362 66 69 0.1259206086397171 7 -1 -1 
52 316 66 52 0.12410949170589447 7 -1 -1 
0 423 48 53 0.12331452965736389 6 -1 -1 
304 465 45 49 0.12325049191713333 10 -1 -1 
758 339 127 96 0.12316160649061203 5 -1 -1 
754 362 64 69 0.12274730950593948 6 -1 -1 
193 467 43 59 0.12210290133953094 2 -1 -1 
248 194 55 40 0.12127989530563354 4 -1 -1 
147 358 79 44 0.12091730535030365 9 -1 -1 
415 311 16 32 0.12078716605901718 1 -1 -1 
857 456 29 56 0.12060350924730301 3 -1 -1 
548 241 55 41 0.12060006707906723 8 -1 -1 
125 310 59 38 0.12046214938163757 10 -1 -1 
43 250 172 85 0.12023034691810608 6 -1 -1 
690 289 52 57 0.12010582536458969 2 -1 -1 
218 441 73 46 0.1200062558054924 7 -1 -1 
213 484 55 53 0.11984725296497345 1 -1 -1 
222 476 46 60 0.11933015286922455 2 -1 -1 
738 331 76 56 0.11845617741346359 4 -1 -1 
33 337 48 44 0.11771872639656067 10 -1 -1 
190 467 113 71 0.11755035817623138 7 -1 -1 
447 119 27 18 0.1165601834654808 5 -1 -1 
16 278 116 95 0.11604589968919754 4 -1 -1 
233 446 25 62 0.11511723697185516 1 -1 -1 
269 297 84 32 0.11503177136182785 6 -1 -1 
489 263 16 28 0.11456649005413055 1 -1 -1 
39 320 54 56 0.11443502455949783 7 -1 -1 
2 147 70 44 0.11369934678077698 6 -1 -1 
304 438 56 32 0.11336077004671097 4 -1 -1 
747 355 105 81 0.11281222850084305 5 -1 -1 
305 438 56 34 0.1127377450466156 7 -1 -1 
262 181 45 52 0.11271636188030243 4 -1 -1 
446 236 18 29 0.11252967268228531 1 -1 -1 
595 370 69 81 0.11248096078634262 9 -1 -1 
28 311 80 63 0.11226236075162888 10 -1 -1 
52 316 66 52 0.11190984398126602 8 -1 -1 
223 491 60 47 0.11120764911174774 2 -1 -1 
447 119 26 18 0.11090437322854996 4 -1 -1 
122 307 62 41 0.11059188842773438 7 -1 -1 
277 290 109 38 0.10794423520565033 5 -1 -1 
3 147 94 50 0.1077704057097435 9 -1 -1 
720 308 118 88 0.10743923485279083 4 -1 -1 
122 440 113 84 0.10687783360481262 8 -1 -1 
3 148 75 47 0.10607342422008514 8 -1 -1 
783 407 105 66 0.10603819787502289 6 -1 -1 
260 435 40 53 0.1059148982167244 1 -1 -1 
811 404 111 50 0.10571112483739853 5 -1 -1 
341 178 83 28 0.1054849699139595 6 -1 -1 
756 379 107 55 0.10517588257789612 8 -1 -1 
223 491 60 47 0.10454373061656952 1 -1 -1 
781 420 93 66 0.10358592867851257 5 -1 -1 
547 229 53 47 0.10349185764789581 6 -1 -1 
690 289 52 57 0.10332571715116501 1 -1 -1 
42 315 75 55 0.10290226340293884 6 -1 -1 
342 189 83 35 0.10227172076702118 6 -1 -1 
147 358 79 44 0.10223822295665741 1 -1 -1 
863 429 65 56 0.10157269984483719 10 -1 -1 
783 416 103 69 0.10132291167974472 7 -1 -1 
733 351 81 48 0.10124426335096359 4 -1 -1 
192 466 44 58 0.10086069256067276 10 -1 -1 
752 307 125 106 0.09923724830150604 4 -1 -1 
112 438 69 59 0.09886189550161362 8 -1 -1 
595 370 69 81 0.0988328605890274 1 -1 -1 
181 456 107 82 0.09859248995780945 8 -1 -1 
342 209 25 21 0.09823024272918701 8 -1 -1 
157 351 80 40 0.0978112742304802 7 -1 -1 
109 436 103 76 0.0955447256565094 6 -1 -1 
810 385 135 95 0.0915234237909317 4 -1 -1 
30 250 145 107 0.0909329280257225 5 -1 -1 
152 454 113 83 0.08998635411262512 7 -1 -1 
13 289 113 89 0.08928819745779037 9 -1 -1 
762 325 146 102 0.0883435532450676 4 -1 -1 
860 396 100 92 0.08793459087610245 4 -1 -1 
800 389 141 94 0.08780718594789505 5 -1 -1 
724 352 98 85 0.0860939621925354 5 -1 -1 
30 250 145 107 0.083907850086689 4 -1 -1 
708 293 117 84 0.08256278932094574 4 -1 -1 
85 434 123 77 0.08158574998378754 8 -1 -1 
30 250 145 107 0.08132068067789078 8 -1 -1 
713 305 112 86 0.07798197865486145 6 -1 -1 
752 307 125 106 0.07766822725534439 5 -1 -1 
194 452 113 84 0.07761397957801819 6 -1 -1 
753 366 117 71 0.07650155574083328 9 -1 -1 
783 409 142 76 0.07599427551031113 9 -1 -1 
839 399 111 89 0.07593118399381638 5 -1 -1 
724 352 98 85 0.07348726689815521 8 -1 -1 
720 353 95 84 0.06894607841968536 7 -1 -1 
752 307 125 106 0.0688367560505867 6 -1 -1 
187 471 117 68 0.06783034652471542 9 -1 -1 
197 438 124 90 0.06748265773057938 7 -1 -1 
194 428 120 90 0.06690606474876404 6 -1 -1 
54 228 183 96 0.06638486683368683 6 -1 -1 
52 277 152 79 0.06320177018642426 6 -1 -1 
730 291 138 100 0.06312163919210434 4 -1 -1 
86 258 157 78 0.06283644586801529 6 -1 -1 
107 432 103 73 0.06198295205831528 10 -1 -1 
2 247 124 111 0.06070365384221077 4 -1 -1 
38 245 158 82 0.05830872803926468 4 -1 -1 
730 309 111 107 0.058297693729400635 6 -1 -1 
764 354 159 87 0.05810053274035454 4 -1 -1 
34 259 121 108 0.05745946243405342 7 -1 -1 
770 300 140 98 0.057411037385463715 4 -1 -1 
747 355 105 81 0.05739812180399895 8 -1 -1 
719 358 101 80 0.057021841406822205 9 -1 -1 
756 335 151 95 0.05650245025753975 6 -1 -1 
107 432 103 73 0.05566185712814331 3 -1 -1 
125 211 150 108 0.054952021688222885 6 -1 -1 
4 264 103 105 0.05488433688879013 9 -1 -1 
152 429 133 90 0.0548398494720459 7 -1 -1 
32 277 142 94 0.05451417341828346 9 -1 -1 
783 409 142 76 0.05407603085041046 3 -1 -1 
783 409 142 76 0.05385557562112808 1 -1 -1 
761 388 114 69 0.05379466712474823 4 -1 -1 
211 429 139 79 0.05356486886739731 6 -1 -1 
137 439 125 87 0.05105103552341461 6 -1 -1 
770 300 140 98 0.05101005733013153 5 -1 -1 
695 286 119 92 0.050795599818229675 6 -1 -1 
794 370 139 93 0.05034816265106201 4 -1 -1 
