641 211 35 49 0.9772631525993347 5 -1 -1 
660 176 67 41 0.9437115788459778 4 -1 -1 
641 361 52 67 0.9256963133811951 4 -1 -1 
649 505 73 106 0.9190634489059448 4 -1 -1 
579 263 65 50 0.9036931991577148 4 -1 -1 
147 203 88 38 0.9004426002502441 4 -1 -1 
218 135 49 32 0.8664074540138245 4 -1 -1 
701 81 9 23 0.8399478793144226 1 -1 -1 
559 156 34 38 0.8297443985939026 4 -1 -1 
480 129 10 28 0.8174545168876648 1 -1 -1 
716 139 10 26 0.7788646817207336 1 -1 -1 
578 74 24 26 0.770646870136261 4 -1 -1 
587 32 20 19 0.747011661529541 4 -1 -1 
584 50 22 23 0.7449721097946167 4 -1 -1 
677 17 7 18 0.7437475919723511 1 -1 -1 
685 18 6 18 0.7436858415603638 1 -1 -1 
756 189 11 31 0.7427926063537598 1 -1 -1 
782 190 10 28 0.7345899939537048 1 -1 -1 
394 262 15 34 0.730480432510376 1 -1 -1 
664 83 9 17 0.7287782430648804 2 -1 -1 
590 19 21 18 0.7202276587486267 4 -1 -1 
195 214 115 47 0.7164350152015686 4 -1 -1 
787 181 10 28 0.7086344957351685 1 -1 -1 
488 24 39 17 0.701937198638916 4 -1 -1 
413 286 16 38 0.697384238243103 1 -1 -1 
500 183 23 20 0.6952298879623413 10 -1 -1 
451 220 13 36 0.6872725486755371 1 -1 -1 
729 66 55 23 0.6796606183052063 4 -1 -1 
441 242 16 44 0.6641111969947815 1 -1 -1 
721 54 49 20 0.6621690392494202 4 -1 -1 
492 300 13 29 0.6561667919158936 10 -1 -1 
438 220 14 38 0.6464902758598328 1 -1 -1 
664 87 9 17 0.6442891955375671 10 -1 -1 
452 246 14 40 0.635532557964325 1 -1 -1 
719 170 17 19 0.6351531147956848 10 -1 -1 
503 173 15 23 0.6278213262557983 2 -1 -1 
495 201 10 23 0.6083424687385559 2 -1 -1 
40 224 106 43 0.6077884435653687 4 -1 -1 
492 291 13 28 0.605853259563446 2 -1 -1 
13 204 77 33 0.6027103066444397 4 -1 -1 
545 43 8 18 0.6008555293083191 2 -1 -1 
724 83 45 25 0.5931615233421326 5 -1 -1 
494 210 12 23 0.5763944983482361 10 -1 -1 
349 215 15 24 0.5710386633872986 2 -1 -1 
544 9 7 16 0.5614786148071289 1 -1 -1 
411 272 12 33 0.5517656207084656 1 -1 -1 
572 104 27 37 0.5454860925674438 4 -1 -1 
805 449 36 52 0.5433562994003296 2 -1 -1 
721 160 12 20 0.5413408875465393 2 -1 -1 
804 452 38 49 0.5295442938804626 10 -1 -1 
546 48 7 15 0.527558445930481 3 -1 -1 
723 165 12 19 0.5217311978340149 2 -1 -1 
798 184 9 28 0.5206558108329773 1 -1 -1 
348 221 18 24 0.5081139802932739 10 -1 -1 
329 207 7 15 0.4994989335536957 1 -1 -1 
706 47 45 22 0.49281951785087585 4 -1 -1 
329 201 6 18 0.4831768274307251 1 -1 -1 
814 448 27 34 0.47909268736839294 2 -1 -1 
413 300 18 36 0.47498664259910583 3 -1 -1 
805 449 35 51 0.4721807837486267 1 -1 -1 
259 215 20 28 0.46842822432518005 2 -1 -1 
497 238 11 25 0.46774396300315857 1 -1 -1 
573 104 26 37 0.4666500687599182 5 -1 -1 
706 24 41 18 0.45741844177246094 4 -1 -1 
703 41 47 20 0.4532867968082428 4 -1 -1 
723 83 46 25 0.4313334822654724 4 -1 -1 
40 220 106 47 0.42975711822509766 5 -1 -1 
703 28 46 21 0.40670469403266907 4 -1 -1 
545 45 8 18 0.4059860110282898 1 -1 -1 
545 48 8 16 0.3988517224788666 10 -1 -1 
705 10 37 19 0.39039167761802673 4 -1 -1 
351 212 14 22 0.3594720959663391 2 -1 -1 
711 50 52 22 0.33603984117507935 4 -1 -1 
704 33 48 23 0.3350532650947571 4 -1 -1 
494 211 12 23 0.33477887511253357 3 -1 -1 
196 214 113 47 0.32813480496406555 5 -1 -1 
700 38 43 19 0.32545050978660583 4 -1 -1 
726 60 55 21 0.32428956031799316 4 -1 -1 
721 168 14 20 0.32328176498413086 2 -1 -1 
680 18 7 18 0.31942081451416016 1 -1 -1 
522 38 8 16 0.3172367513179779 2 -1 -1 
814 448 27 35 0.3138432800769806 1 -1 -1 
664 87 9 17 0.30930042266845703 3 -1 -1 
350 213 14 25 0.30621644854545593 1 -1 -1 
721 160 12 22 0.302343487739563 1 -1 -1 
497 238 11 24 0.3007133901119232 2 -1 -1 
495 208 10 21 0.3000333905220032 2 -1 -1 
23 207 110 43 0.29807248711586 4 -1 -1 
784 182 11 26 0.2909463942050934 1 -1 -1 
544 15 6 11 0.2859031856060028 3 -1 -1 
502 175 19 26 0.280918687582016 10 -1 -1 
442 237 20 50 0.2750742733478546 1 -1 -1 
482 28 10 20 0.27187198400497437 1 -1 -1 
522 35 8 14 0.2710193693637848 2 -1 -1 
522 39 8 16 0.26917725801467896 1 -1 -1 
706 47 45 22 0.26810330152511597 5 -1 -1 
503 173 15 23 0.26780712604522705 1 -1 -1 
544 13 7 13 0.2665823698043823 10 -1 -1 
545 9 6 15 0.26592808961868286 2 -1 -1 
412 286 18 38 0.263773113489151 2 -1 -1 
348 219 13 24 0.2633625864982605 10 -1 -1 
785 191 11 26 0.26324155926704407 1 -1 -1 
500 183 23 19 0.2630307376384735 3 -1 -1 
724 166 11 19 0.2605244219303131 10 -1 -1 
348 218 13 21 0.25491756200790405 1 -1 -1 
664 83 9 17 0.25135502219200134 1 -1 -1 
859 106 8 15 0.2448168396949768 1 -1 -1 
502 175 20 26 0.24407079815864563 2 -1 -1 
590 19 21 18 0.24286270141601562 5 -1 -1 
1030 382 75 47 0.24255433678627014 4 -1 -1 
522 33 8 15 0.24197164177894592 1 -1 -1 
730 65 54 24 0.24158988893032074 5 -1 -1 
495 238 14 35 0.2409662902355194 1 -1 -1 
495 201 10 23 0.24092085659503937 1 -1 -1 
782 189 8 21 0.23938393592834473 1 -1 -1 
348 220 18 25 0.23831652104854584 2 -1 -1 
531 38 10 16 0.23507753014564514 2 -1 -1 
741 62 46 21 0.23334325850009918 4 -1 -1 
723 165 12 19 0.2329230010509491 1 -1 -1 
721 162 13 22 0.23149080574512482 10 -1 -1 
522 44 10 12 0.23101618885993958 10 -1 -1 
725 76 48 27 0.23066209256649017 5 -1 -1 
704 42 42 20 0.22957803308963776 5 -1 -1 
492 300 13 30 0.22917109727859497 3 -1 -1 
839 333 84 51 0.21924689412117004 4 -1 -1 
992 224 92 107 0.2172122746706009 4 -1 -1 
413 296 17 38 0.20962899923324585 1 -1 -1 
487 23 41 18 0.20339763164520264 5 -1 -1 
219 134 48 33 0.20294295251369476 5 -1 -1 
13 204 77 33 0.20234933495521545 5 -1 -1 
348 215 19 30 0.18186601996421814 1 -1 -1 
1044 368 62 53 0.18128980696201324 4 -1 -1 
579 74 23 26 0.18067976832389832 5 -1 -1 
442 220 16 42 0.17783480882644653 1 -1 -1 
14 199 110 39 0.17660124599933624 4 -1 -1 
839 328 53 56 0.17588824033737183 4 -1 -1 
412 286 18 39 0.1737482100725174 3 -1 -1 
125 56 70 45 0.17333048582077026 4 -1 -1 
23 207 110 43 0.17265844345092773 5 -1 -1 
410 281 16 39 0.16938532888889313 1 -1 -1 
491 291 15 30 0.16881322860717773 1 -1 -1 
146 58 58 44 0.16804540157318115 4 -1 -1 
839 331 83 53 0.16249538958072662 5 -1 -1 
714 137 15 30 0.16092614829540253 1 -1 -1 
792 181 15 32 0.1583159863948822 1 -1 -1 
412 272 17 39 0.15676069259643555 1 -1 -1 
408 267 16 34 0.15647512674331665 1 -1 -1 
448 220 14 42 0.15409967303276062 1 -1 -1 
587 21 24 28 0.1519521176815033 4 -1 -1 
1052 376 59 58 0.14853402972221375 4 -1 -1 
1003 384 101 60 0.1472458690404892 4 -1 -1 
785 180 16 32 0.14397117495536804 1 -1 -1 
839 334 121 78 0.14328229427337646 4 -1 -1 
23 207 110 43 0.14148184657096863 6 -1 -1 
13 202 108 38 0.13956458866596222 6 -1 -1 
579 263 65 50 0.1389085203409195 5 -1 -1 
37 216 107 51 0.13865821063518524 6 -1 -1 
995 225 92 109 0.137291818857193 5 -1 -1 
1056 350 55 71 0.13678200542926788 4 -1 -1 
439 224 15 46 0.13671576976776123 1 -1 -1 
323 52 27 37 0.13524621725082397 10 -1 -1 
883 396 76 44 0.13213768601417542 4 -1 -1 
325 52 25 32 0.1268831044435501 1 -1 -1 
120 15 96 48 0.12360555678606033 4 -1 -1 
1028 382 77 50 0.12025345861911774 5 -1 -1 
824 126 16 33 0.1173035278916359 1 -1 -1 
649 505 73 106 0.11658790707588196 5 -1 -1 
495 238 14 34 0.11320357769727707 2 -1 -1 
398 266 20 35 0.11178070306777954 1 -1 -1 
1002 371 102 49 0.11061203479766846 4 -1 -1 
660 176 67 41 0.10947743058204651 1 -1 -1 
981 401 105 45 0.10865923762321472 4 -1 -1 
660 176 67 41 0.10841860622167587 7 -1 -1 
146 202 90 39 0.10538128018379211 1 -1 -1 
91 51 101 50 0.10534680634737015 4 -1 -1 
866 382 85 56 0.10133730620145798 4 -1 -1 
475 129 15 32 0.10123421251773834 1 -1 -1 
660 176 67 41 0.10098181664943695 10 -1 -1 
1037 386 70 67 0.10090915858745575 4 -1 -1 
1045 305 61 42 0.10046578198671341 4 -1 -1 
838 320 55 63 0.10008203238248825 5 -1 -1 
660 176 67 41 0.09984766691923141 9 -1 -1 
873 371 97 57 0.0978909358382225 4 -1 -1 
887 402 99 44 0.0968814417719841 4 -1 -1 
14 199 110 39 0.09659209847450256 5 -1 -1 
119 27 80 69 0.0965505987405777 4 -1 -1 
973 408 89 43 0.09390705823898315 4 -1 -1 
491 291 15 30 0.09305571764707565 10 -1 -1 
861 366 75 65 0.0924076959490776 4 -1 -1 
493 205 15 31 0.09218185395002365 10 -1 -1 
579 263 65 50 0.09170550853013992 1 -1 -1 
348 216 19 29 0.09166804701089859 3 -1 -1 
879 401 76 47 0.0915941596031189 10 -1 -1 
649 505 73 106 0.09098146855831146 10 -1 -1 
41 221 106 46 0.09080758690834045 9 -1 -1 
438 220 13 37 0.09003230929374695 2 -1 -1 
129 2 83 43 0.08995648473501205 4 -1 -1 
494 20 35 17 0.08976385742425919 4 -1 -1 
7 54 112 48 0.08900416642427444 6 -1 -1 
491 299 15 31 0.08881978690624237 1 -1 -1 
345 215 18 29 0.08880723267793655 10 -1 -1 
970 398 70 50 0.08843987435102463 4 -1 -1 
500 174 23 26 0.0880674496293068 1 -1 -1 
489 24 39 17 0.08760730177164078 1 -1 -1 
1065 344 57 64 0.08751078695058823 4 -1 -1 
326 52 24 30 0.0873008519411087 2 -1 -1 
660 176 67 41 0.0871964544057846 6 -1 -1 
640 210 37 52 0.08621197193861008 4 -1 -1 
840 332 93 53 0.08598274737596512 6 -1 -1 
139 23 80 47 0.08592278510332108 4 -1 -1 
995 225 96 111 0.0855555608868599 9 -1 -1 
641 361 52 67 0.08549732714891434 1 -1 -1 
12 204 83 34 0.08537666499614716 1 -1 -1 
147 203 88 38 0.08521820604801178 6 -1 -1 
492 242 16 37 0.08431493490934372 9 -1 -1 
19 68 112 38 0.08379065245389938 6 -1 -1 
853 377 69 51 0.08359779417514801 4 -1 -1 
1067 356 55 74 0.08352991193532944 4 -1 -1 
143 29 70 60 0.08311408758163452 4 -1 -1 
394 262 15 34 0.08311402052640915 4 -1 -1 
1003 384 101 60 0.08297168463468552 5 -1 -1 
889 405 74 51 0.08251255005598068 4 -1 -1 
1016 401 83 52 0.0821947380900383 4 -1 -1 
1046 376 61 49 0.08202539384365082 5 -1 -1 
584 50 22 23 0.08087698370218277 5 -1 -1 
149 69 66 36 0.08074195683002472 4 -1 -1 
641 361 52 67 0.08071190118789673 5 -1 -1 
40 221 106 46 0.08000480383634567 1 -1 -1 
660 176 67 41 0.07966811954975128 5 -1 -1 
1016 372 90 49 0.07954384386539459 5 -1 -1 
839 331 120 73 0.07757420837879181 5 -1 -1 
855 349 142 81 0.07401067763566971 4 -1 -1 
840 329 125 72 0.06917114555835724 6 -1 -1 
851 367 134 80 0.06858942657709122 4 -1 -1 
840 319 129 73 0.05907665565609932 4 -1 -1 
840 329 125 72 0.05852428078651428 9 -1 -1 
844 345 135 83 0.056674521416425705 5 -1 -1 
