708 63 107 61 0.9988334774971008 9 -1 -1 
240 177 156 137 0.9984748959541321 9 -1 -1 
34 533 152 136 0.9691857695579529 8 -1 -1 
1061 247 69 54 0.9580673575401306 8 -1 -1 
938 361 169 77 0.9423131346702576 4 -1 -1 
446 171 76 44 0.9331347346305847 4 -1 -1 
725 267 86 57 0.9313295483589172 4 -1 -1 
945 191 86 38 0.9294312000274658 4 -1 -1 
278 363 117 98 0.9275485277175903 4 -1 -1 
395 152 84 38 0.9243797063827515 4 -1 -1 
854 285 17 45 0.9175419211387634 1 -1 -1 
820 466 218 115 0.9142181277275085 4 -1 -1 
898 426 198 97 0.9113788604736328 4 -1 -1 
702 350 21 59 0.9101254343986511 1 -1 -1 
735 135 57 30 0.8982778191566467 4 -1 -1 
1100 557 261 155 0.89174485206604 4 -1 -1 
782 164 51 36 0.8849492073059082 4 -1 -1 
720 501 26 78 0.8820538520812988 1 -1 -1 
782 103 46 28 0.8800356388092041 4 -1 -1 
181 107 62 34 0.8666036128997803 4 -1 -1 
151 124 17 18 0.8657625317573547 3 -1 -1 
819 362 63 48 0.8601974844932556 10 -1 -1 
833 81 39 24 0.8579385280609131 4 -1 -1 
1213 317 139 85 0.857397198677063 5 -1 -1 
1220 86 55 24 0.8539459109306335 4 -1 -1 
1021 131 48 31 0.8480929732322693 4 -1 -1 
885 301 49 34 0.8476239442825317 10 -1 -1 
987 229 80 45 0.8271728754043579 4 -1 -1 
696 478 26 76 0.8229619264602661 1 -1 -1 
856 88 37 24 0.8211966753005981 4 -1 -1 
632 128 58 33 0.8180962800979614 4 -1 -1 
1278 97 65 22 0.812042772769928 4 -1 -1 
1298 129 47 32 0.8086954355239868 4 -1 -1 
52 92 57 32 0.8044397830963135 4 -1 -1 
615 111 65 28 0.7845839262008667 4 -1 -1 
872 97 37 28 0.7667693495750427 4 -1 -1 
169 111 12 29 0.7650068402290344 1 -1 -1 
1269 242 43 29 0.7608605623245239 3 -1 -1 
543 128 66 34 0.7602032423019409 4 -1 -1 
1251 70 53 22 0.7494310140609741 4 -1 -1 
1320 236 32 26 0.7480370998382568 10 -1 -1 
900 135 14 33 0.7267506718635559 1 -1 -1 
151 114 13 24 0.7098421454429626 2 -1 -1 
1265 63 52 19 0.7009568214416504 4 -1 -1 
121 112 15 28 0.7003827095031738 1 -1 -1 
1171 261 44 29 0.6980957388877869 10 -1 -1 
298 138 17 20 0.697638213634491 3 -1 -1 
931 180 93 44 0.6896834969520569 4 -1 -1 
928 175 89 36 0.6894489526748657 4 -1 -1 
4 82 51 28 0.6865561604499817 4 -1 -1 
1229 76 58 23 0.6860581636428833 4 -1 -1 
835 349 31 50 0.6852753758430481 2 -1 -1 
1207 273 49 34 0.6597248911857605 10 -1 -1 
899 287 25 45 0.6559654474258423 2 -1 -1 
1283 54 45 18 0.6494194269180298 4 -1 -1 
1187 102 65 24 0.6477289199829102 4 -1 -1 
989 144 49 37 0.6447210907936096 4 -1 -1 
887 147 14 27 0.6406400203704834 10 -1 -1 
1238 342 18 45 0.6296871304512024 1 -1 -1 
922 157 90 35 0.6244211792945862 5 -1 -1 
828 356 45 51 0.620032787322998 2 -1 -1 
1077 105 39 35 0.617881715297699 4 -1 -1 
1179 238 39 27 0.6090556383132935 10 -1 -1 
1174 271 50 30 0.6042982339859009 3 -1 -1 
1065 160 11 28 0.5978715419769287 1 -1 -1 
1243 112 12 31 0.592671275138855 1 -1 -1 
1147 197 43 29 0.5888630747795105 10 -1 -1 
1145 114 81 32 0.5877478718757629 4 -1 -1 
1220 261 26 46 0.5664535760879517 2 -1 -1 
1290 49 45 18 0.5639784336090088 4 -1 -1 
1126 169 15 31 0.5634037256240845 2 -1 -1 
265 103 51 39 0.560947597026825 4 -1 -1 
1259 66 49 20 0.559559166431427 4 -1 -1 
1271 152 33 23 0.5594848394393921 10 -1 -1 
1210 154 33 22 0.5582619905471802 3 -1 -1 
1167 219 32 23 0.5439167022705078 3 -1 -1 
298 127 12 30 0.5279107093811035 1 -1 -1 
1232 146 35 24 0.5203132629394531 10 -1 -1 
298 129 15 28 0.5200814008712769 3 -1 -1 
1312 151 37 27 0.5172075629234314 10 -1 -1 
1252 307 75 37 0.5161466598510742 7 -1 -1 
257 171 56 54 0.5119147300720215 4 -1 -1 
1218 143 28 23 0.5066931247711182 3 -1 -1 
925 163 90 39 0.4993431866168976 4 -1 -1 
298 128 14 28 0.4949191212654114 2 -1 -1 
1305 117 12 24 0.4941713511943817 1 -1 -1 
1276 57 45 19 0.48637133836746216 4 -1 -1 
709 63 106 62 0.4835869073867798 4 -1 -1 
1315 156 38 28 0.4835470914840698 10 -1 -1 
1169 156 30 22 0.48024696111679077 3 -1 -1 
265 103 52 39 0.4771880507469177 5 -1 -1 
1319 164 38 24 0.47534310817718506 10 -1 -1 
1161 168 28 19 0.4725039303302765 3 -1 -1 
1310 42 44 20 0.47096139192581177 5 -1 -1 
1124 178 17 25 0.4694288969039917 2 -1 -1 
1299 46 49 18 0.4615076780319214 4 -1 -1 
1206 225 47 35 0.4538467824459076 10 -1 -1 
1158 172 21 26 0.44886788725852966 2 -1 -1 
1217 238 42 32 0.4484213888645172 10 -1 -1 
1208 65 27 19 0.4483715295791626 4 -1 -1 
1213 317 139 85 0.44345998764038086 6 -1 -1 
1234 133 12 22 0.4317798316478729 1 -1 -1 
1071 237 14 33 0.43022650480270386 1 -1 -1 
1211 271 43 36 0.4268347918987274 2 -1 -1 
1161 203 38 29 0.4266991913318634 10 -1 -1 
1210 159 30 22 0.426106721162796 3 -1 -1 
1309 43 45 19 0.4210980236530304 4 -1 -1 
1208 174 35 25 0.41880762577056885 10 -1 -1 
1275 179 31 23 0.4155205488204956 10 -1 -1 
1167 216 34 26 0.41424334049224854 10 -1 -1 
1217 237 43 33 0.4137982726097107 3 -1 -1 
1087 122 106 70 0.41332510113716125 6 -1 -1 
708 63 107 61 0.41294291615486145 10 -1 -1 
258 171 56 53 0.4124446213245392 5 -1 -1 
1244 146 24 23 0.4069865047931671 3 -1 -1 
240 176 156 138 0.4015483260154724 4 -1 -1 
1222 62 33 20 0.4012610614299774 4 -1 -1 
1262 174 36 26 0.39788272976875305 10 -1 -1 
258 171 56 53 0.39744502305984497 8 -1 -1 
1211 63 39 20 0.3972272276878357 4 -1 -1 
1230 181 41 27 0.3940218985080719 10 -1 -1 
1213 149 32 22 0.38658732175827026 3 -1 -1 
1169 155 30 22 0.38421058654785156 10 -1 -1 
385 47 17 11 0.3826411962509155 4 -1 -1 
989 146 50 35 0.38238969445228577 5 -1 -1 
1160 197 43 27 0.38213106989860535 10 -1 -1 
1315 230 35 28 0.37945565581321716 10 -1 -1 
1254 162 33 24 0.3773007094860077 10 -1 -1 
1281 214 41 27 0.3768111765384674 10 -1 -1 
926 170 91 38 0.3736366927623749 5 -1 -1 
1210 166 34 24 0.3729165196418762 10 -1 -1 
1233 132 13 23 0.37085238099098206 2 -1 -1 
239 175 157 139 0.36892765760421753 10 -1 -1 
1289 220 40 28 0.36638644337654114 10 -1 -1 
1180 228 39 30 0.3660953640937805 10 -1 -1 
1228 136 20 25 0.36393678188323975 1 -1 -1 
887 294 46 40 0.35997307300567627 2 -1 -1 
1269 170 31 26 0.3585360646247864 10 -1 -1 
1173 268 50 32 0.35787856578826904 10 -1 -1 
708 62 107 63 0.35777178406715393 1 -1 -1 
832 353 41 55 0.3517376482486725 10 -1 -1 
1265 181 38 23 0.35033637285232544 10 -1 -1 
1172 263 44 35 0.3487587869167328 3 -1 -1 
1170 224 35 24 0.34640389680862427 10 -1 -1 
1267 155 32 23 0.3460134267807007 10 -1 -1 
888 146 14 26 0.3459785580635071 2 -1 -1 
1270 243 43 29 0.3457401692867279 10 -1 -1 
1016 178 25 32 0.3431501090526581 3 -1 -1 
1285 151 20 22 0.3413463234901428 10 -1 -1 
1149 204 32 23 0.33991217613220215 10 -1 -1 
709 63 106 62 0.3396622836589813 3 -1 -1 
344 53 36 21 0.3378654718399048 5 -1 -1 
1340 124 13 26 0.33756282925605774 1 -1 -1 
1164 210 31 25 0.33451902866363525 10 -1 -1 
389 49 16 13 0.3321268558502197 4 -1 -1 
920 157 90 33 0.3320351541042328 4 -1 -1 
1070 236 16 31 0.3316330909729004 2 -1 -1 
708 63 107 61 0.328530877828598 5 -1 -1 
1292 306 35 30 0.32762497663497925 3 -1 -1 
1257 177 33 25 0.326160728931427 10 -1 -1 
1159 169 23 24 0.3240748643875122 3 -1 -1 
1225 145 32 24 0.3238270580768585 10 -1 -1 
1260 166 33 26 0.32327064871788025 10 -1 -1 
1239 73 57 22 0.32246941328048706 4 -1 -1 
1317 40 41 19 0.32235726714134216 5 -1 -1 
1270 161 31 24 0.3223254382610321 10 -1 -1 
1254 159 28 24 0.3221423327922821 3 -1 -1 
1220 261 26 46 0.32179269194602966 1 -1 -1 
1176 230 30 27 0.3217788636684418 10 -1 -1 
1178 238 38 26 0.3203679621219635 3 -1 -1 
900 287 23 43 0.31426936388015747 1 -1 -1 
240 176 156 139 0.3126988708972931 5 -1 -1 
709 63 106 62 0.3117724359035492 7 -1 -1 
240 177 156 137 0.3092714846134186 1 -1 -1 
240 177 156 137 0.30837902426719666 7 -1 -1 
240 177 156 137 0.30132293701171875 3 -1 -1 
240 177 156 137 0.29532548785209656 2 -1 -1 
342 53 37 22 0.2897278368473053 4 -1 -1 
709 63 106 62 0.2880920469760895 2 -1 -1 
708 63 107 61 0.28588664531707764 6 -1 -1 
709 63 106 62 0.27972736954689026 8 -1 -1 
620 119 65 32 0.2758433520793915 4 -1 -1 
1088 125 102 64 0.2756135165691376 8 -1 -1 
34 534 153 135 0.2735677659511566 4 -1 -1 
240 176 156 139 0.27289092540740967 6 -1 -1 
1145 114 81 32 0.263063907623291 5 -1 -1 
1120 110 98 39 0.2583554685115814 4 -1 -1 
34 533 152 136 0.24780459702014923 3 -1 -1 
34 534 153 135 0.24234148859977722 2 -1 -1 
988 229 79 45 0.24209105968475342 5 -1 -1 
34 534 153 135 0.24136579036712646 7 -1 -1 
1213 316 137 85 0.2403631955385208 4 -1 -1 
240 177 156 137 0.22885727882385254 8 -1 -1 
1061 247 69 54 0.22042429447174072 5 -1 -1 
1128 133 74 47 0.21265210211277008 7 -1 -1 
1209 228 61 38 0.21135501563549042 10 -1 -1 
1061 247 69 54 0.21060144901275635 7 -1 -1 
34 533 152 136 0.20852337777614594 5 -1 -1 
1158 108 72 30 0.20735028386116028 4 -1 -1 
1115 125 83 55 0.205980122089386 8 -1 -1 
820 361 63 49 0.19338570535182953 4 -1 -1 
904 133 15 34 0.19181478023529053 1 -1 -1 
1130 98 93 36 0.19033977389335632 4 -1 -1 
1120 110 98 39 0.1864047646522522 5 -1 -1 
1061 247 69 54 0.18581752479076385 2 -1 -1 
1099 127 100 56 0.18350252509117126 7 -1 -1 
1061 247 69 54 0.16625423729419708 4 -1 -1 
1249 308 79 37 0.16392801702022552 8 -1 -1 
1225 311 101 46 0.1638457328081131 7 -1 -1 
821 465 217 116 0.16180841624736786 5 -1 -1 
356 53 36 23 0.161334827542305 5 -1 -1 
1240 308 89 47 0.16115650534629822 4 -1 -1 
1175 265 71 37 0.16075178980827332 10 -1 -1 
1088 120 97 72 0.1590074598789215 5 -1 -1 
34 534 153 135 0.14840483665466309 1 -1 -1 
34 534 153 135 0.14787384867668152 9 -1 -1 
1136 135 65 44 0.1473303735256195 8 -1 -1 
942 190 87 40 0.14430348575115204 5 -1 -1 
1061 247 69 54 0.14330242574214935 3 -1 -1 
897 426 198 95 0.13909952342510223 1 -1 -1 
700 479 35 77 0.13546614348888397 1 -1 -1 
725 267 87 57 0.1351434290409088 5 -1 -1 
938 361 168 76 0.13506661355495453 1 -1 -1 
1164 101 76 27 0.13370241224765778 4 -1 -1 
1100 557 261 155 0.1330248862504959 5 -1 -1 
51 91 59 34 0.1319112330675125 5 -1 -1 
1120 92 77 35 0.13086573779582977 4 -1 -1 
1107 124 90 52 0.13078056275844574 6 -1 -1 
1254 307 73 34 0.1298132836818695 4 -1 -1 
1076 96 54 48 0.1294858753681183 4 -1 -1 
351 53 38 22 0.1294838935136795 4 -1 -1 
1125 122 80 40 0.1293642520904541 8 -1 -1 
423 41 26 27 0.12685377895832062 4 -1 -1 
854 285 17 45 0.12548613548278809 4 -1 -1 
1135 125 77 41 0.12437402456998825 7 -1 -1 
720 501 26 78 0.12399322539567947 4 -1 -1 
897 425 199 95 0.12157009541988373 5 -1 -1 
543 128 66 34 0.12033545970916748 5 -1 -1 
1258 327 95 75 0.11816637217998505 5 -1 -1 
1257 234 57 37 0.11795271188020706 3 -1 -1 
34 534 153 135 0.11793968081474304 10 -1 -1 
1061 247 69 54 0.11718417704105377 1 -1 -1 
1209 228 59 40 0.11693581938743591 3 -1 -1 
890 136 21 36 0.1168026477098465 1 -1 -1 
1269 300 59 37 0.11565730720758438 7 -1 -1 
1124 96 92 35 0.11491809040307999 5 -1 -1 
181 107 62 33 0.11450421065092087 5 -1 -1 
1213 317 139 85 0.11441376060247421 8 -1 -1 
395 152 84 38 0.1140904352068901 1 -1 -1 
1220 312 113 61 0.1140834242105484 4 -1 -1 
1215 169 64 37 0.11243508011102676 7 -1 -1 
338 51 30 23 0.11042556911706924 4 -1 -1 
338 53 31 23 0.10994192212820053 5 -1 -1 
614 111 65 29 0.1098250150680542 5 -1 -1 
1084 113 72 74 0.10934494435787201 6 -1 -1 
725 267 86 57 0.1088152751326561 1 -1 -1 
180 107 64 33 0.09845198690891266 9 -1 -1 
1213 316 137 85 0.07461977005004883 9 -1 -1 
1100 557 261 155 0.06918984651565552 1 -1 -1 
1101 555 261 156 0.06811536103487015 9 -1 -1 
1100 557 261 155 0.06409311294555664 10 -1 -1 
1213 317 139 85 0.06049134582281113 2 -1 -1 
1100 557 261 155 0.05726943165063858 6 -1 -1 
28 525 197 181 0.052925579249858856 8 -1 -1 
181 108 62 32 0.052131690084934235 1 -1 -1 
180 107 64 33 0.051668960601091385 6 -1 -1 
