796 162 143 113 0.9528602361679077 4 -1 -1 
1046 21 138 101 0.9359989762306213 4 -1 -1 
129 226 43 47 0.9328824877738953 1 -1 -1 
256 6 50 32 0.9243712425231934 3 -1 -1 
451 11 19 40 0.921476423740387 1 -1 -1 
1221 483 136 163 0.8837693929672241 4 -1 -1 
431 13 16 45 0.8791741132736206 1 -1 -1 
474 50 16 42 0.8681516051292419 1 -1 -1 
52 41 33 45 0.8660792708396912 1 -1 -1 
537 57 18 41 0.8557993769645691 1 -1 -1 
517 92 21 45 0.8493804335594177 1 -1 -1 
531 77 19 50 0.8406198024749756 1 -1 -1 
439 0 14 24 0.5957708358764648 1 -1 -1 
915 671 127 91 0.500698447227478 4 -1 -1 
402 5 18 40 0.4998006522655487 1 -1 -1 
530 91 25 34 0.47061887383461 1 -1 -1 
402 5 18 40 0.4232298731803894 2 -1 -1 
510 93 25 47 0.4011145532131195 1 -1 -1 
416 0 15 23 0.39459580183029175 1 -1 -1 
431 0 21 25 0.3260177671909332 1 -1 -1 
471 44 16 40 0.289013147354126 1 -1 -1 
131 226 40 47 0.28465786576271057 4 -1 -1 
833 207 20 28 0.25456902384757996 2 -1 -1 
256 6 50 32 0.2448953539133072 7 -1 -1 
394 5 23 38 0.2007838487625122 1 -1 -1 
1047 21 137 102 0.20066975057125092 5 -1 -1 
511 733 87 30 0.20016099512577057 4 -1 -1 
522 91 26 41 0.18656355142593384 1 -1 -1 
395 4 21 36 0.1863025575876236 2 -1 -1 
451 11 19 40 0.18451441824436188 4 -1 -1 
404 27 22 29 0.1805236041545868 1 -1 -1 
521 87 19 41 0.17544090747833252 1 -1 -1 
472 44 13 29 0.17384979128837585 1 -1 -1 
796 162 143 114 0.17182184755802155 9 -1 -1 
402 9 23 47 0.1695428490638733 1 -1 -1 
833 206 21 29 0.16638058423995972 1 -1 -1 
647 328 58 39 0.16436465084552765 3 -1 -1 
432 12 14 27 0.1611700803041458 1 -1 -1 
409 2 18 30 0.1609848141670227 1 -1 -1 
534 75 19 41 0.15343984961509705 1 -1 -1 
531 128 200 129 0.1526957005262375 6 -1 -1 
402 21 21 29 0.15154996514320374 1 -1 -1 
916 670 130 92 0.1499672681093216 5 -1 -1 
434 26 12 31 0.14286233484745026 1 -1 -1 
404 27 22 29 0.14020508527755737 2 -1 -1 
51 41 34 46 0.13768137991428375 4 -1 -1 
402 21 21 29 0.1357843577861786 2 -1 -1 
795 162 144 114 0.13443847000598907 5 -1 -1 
914 701 118 61 0.133716881275177 5 -1 -1 
402 9 23 47 0.1321873664855957 2 -1 -1 
530 150 67 95 0.12946395576000214 5 -1 -1 
1047 21 137 102 0.12699897587299347 1 -1 -1 
1220 483 137 163 0.12631335854530334 5 -1 -1 
425 0 23 21 0.1262960284948349 1 -1 -1 
796 162 143 114 0.12308215349912643 1 -1 -1 
536 57 19 41 0.12196023017168045 2 -1 -1 
1220 484 137 162 0.12194715440273285 1 -1 -1 
966 0 53 16 0.12185470014810562 4 -1 -1 
478 57 13 35 0.12082548439502716 1 -1 -1 
531 77 19 50 0.1182352602481842 4 -1 -1 
816 206 18 44 0.11759272962808609 1 -1 -1 
439 0 13 25 0.11520278453826904 2 -1 -1 
394 13 26 35 0.11505827307701111 2 -1 -1 
439 2 16 35 0.11472312361001968 1 -1 -1 
409 0 18 30 0.11414521932601929 2 -1 -1 
444 4 16 35 0.1134357824921608 1 -1 -1 
465 44 19 41 0.11301680654287338 1 -1 -1 
530 74 18 38 0.11254420131444931 1 -1 -1 
255 4 103 30 0.11149957031011581 6 -1 -1 
830 205 17 32 0.11032602190971375 1 -1 -1 
641 603 11 21 0.11017138510942459 1 -1 -1 
530 155 68 90 0.10959582030773163 6 -1 -1 
518 91 16 36 0.10885298252105713 1 -1 -1 
431 14 12 35 0.10861428827047348 1 -1 -1 
431 13 16 45 0.10855133086442947 4 -1 -1 
472 44 13 32 0.10830746591091156 2 -1 -1 
255 5 100 33 0.1052035316824913 9 -1 -1 
517 92 21 45 0.1045098751783371 4 -1 -1 
822 205 25 41 0.10140302032232285 2 -1 -1 
537 57 18 41 0.1012597531080246 4 -1 -1 
435 12 18 45 0.10035639256238937 1 -1 -1 
1221 483 136 163 0.10034026950597763 10 -1 -1 
903 635 149 123 0.10025249421596527 4 -1 -1 
675 333 28 35 0.09975986182689667 3 -1 -1 
828 201 22 30 0.09905270487070084 2 -1 -1 
501 110 25 32 0.09886352717876434 9 -1 -1 
508 95 24 47 0.09847274422645569 9 -1 -1 
841 208 16 26 0.09785022586584091 2 -1 -1 
256 5 51 33 0.09471722692251205 10 -1 -1 
394 14 24 41 0.09287174046039581 1 -1 -1 
406 30 26 32 0.0923347994685173 1 -1 -1 
518 91 19 46 0.09155459702014923 2 -1 -1 
452 11 11 20 0.0913282185792923 2 -1 -1 
431 13 16 45 0.09105248004198074 2 -1 -1 
535 67 17 39 0.09049073606729507 3 -1 -1 
531 140 90 110 0.09046696126461029 6 -1 -1 
913 668 132 94 0.08990757167339325 1 -1 -1 
511 733 87 30 0.08977901935577393 5 -1 -1 
432 12 14 28 0.08946820348501205 2 -1 -1 
366 1 31 56 0.08909909427165985 1 -1 -1 
1220 483 137 164 0.0889299139380455 9 -1 -1 
796 162 143 113 0.0883658304810524 7 -1 -1 
474 50 17 42 0.08789226412773132 4 -1 -1 
819 207 16 38 0.08763394504785538 2 -1 -1 
841 208 16 26 0.08736304193735123 1 -1 -1 
796 162 143 113 0.08691678941249847 10 -1 -1 
660 336 42 32 0.08511171489953995 3 -1 -1 
822 205 25 41 0.08445827662944794 1 -1 -1 
820 205 18 36 0.08437297493219376 1 -1 -1 
1046 21 138 101 0.08419619500637054 9 -1 -1 
256 6 50 32 0.0837017223238945 8 -1 -1 
450 11 11 34 0.08218196779489517 1 -1 -1 
388 5 21 33 0.08144925534725189 2 -1 -1 
1045 21 139 101 0.08098024129867554 10 -1 -1 
413 7 34 54 0.08091726899147034 1 -1 -1 
415 0 16 26 0.0806327536702156 2 -1 -1 
631 221 45 50 0.07954100519418716 1 -1 -1 
534 160 73 85 0.07938481122255325 9 -1 -1 
451 11 11 21 0.07919447869062424 1 -1 -1 
836 203 21 26 0.07874498516321182 2 -1 -1 
392 11 19 40 0.07856948673725128 1 -1 -1 
903 635 149 123 0.0780802071094513 9 -1 -1 
452 11 13 29 0.07731195539236069 2 -1 -1 
402 9 23 47 0.07709620147943497 3 -1 -1 
475 52 14 37 0.07686624675989151 2 -1 -1 
377 1 37 55 0.07589403539896011 1 -1 -1 
937 654 152 101 0.07506972551345825 4 -1 -1 
824 198 20 32 0.07498683035373688 2 -1 -1 
686 334 18 35 0.07414788752794266 3 -1 -1 
531 56 26 53 0.07414229214191437 1 -1 -1 
499 92 33 52 0.0741087943315506 1 -1 -1 
631 221 45 50 0.0740872398018837 2 -1 -1 
472 44 17 41 0.07407645881175995 2 -1 -1 
387 6 23 37 0.07377380132675171 1 -1 -1 
828 201 22 30 0.07260794937610626 1 -1 -1 
404 27 16 19 0.07218669354915619 1 -1 -1 
820 200 17 36 0.07214291393756866 2 -1 -1 
398 3 18 29 0.07158108800649643 1 -1 -1 
255 2 33 34 0.07128684222698212 3 -1 -1 
52 41 33 45 0.07090935111045837 2 -1 -1 
913 668 132 94 0.070843406021595 6 -1 -1 
469 51 18 42 0.07075309753417969 1 -1 -1 
255 5 42 31 0.07026184350252151 9 -1 -1 
474 44 12 23 0.07020542770624161 2 -1 -1 
536 131 193 121 0.06957487016916275 5 -1 -1 
796 162 143 114 0.06953908503055573 6 -1 -1 
435 0 17 17 0.06937600672245026 1 -1 -1 
129 226 43 47 0.06891343742609024 2 -1 -1 
531 128 200 129 0.06875286996364594 7 -1 -1 
526 78 27 61 0.06829649955034256 1 -1 -1 
650 341 42 24 0.06797990947961807 3 -1 -1 
392 11 19 40 0.0676826536655426 2 -1 -1 
531 128 200 129 0.06748969107866287 8 -1 -1 
256 2 51 31 0.06742767244577408 2 -1 -1 
404 27 22 29 0.06711897253990173 3 -1 -1 
1045 21 139 101 0.06681773066520691 7 -1 -1 
427 9 25 52 0.06639404594898224 1 -1 -1 
404 27 16 19 0.06621170789003372 2 -1 -1 
408 15 23 40 0.06612861156463623 1 -1 -1 
256 6 51 32 0.06602340936660767 1 -1 -1 
644 327 58 39 0.0659523606300354 10 -1 -1 
366 2 32 56 0.06582952290773392 2 -1 -1 
455 12 22 40 0.06547344475984573 1 -1 -1 
533 133 176 118 0.06537378579378128 9 -1 -1 
440 10 16 33 0.06536306440830231 1 -1 -1 
471 44 11 25 0.06489856541156769 2 -1 -1 
256 16 41 23 0.06484103947877884 3 -1 -1 
541 91 16 19 0.0648140162229538 1 -1 -1 
534 91 22 15 0.06454687565565109 1 -1 -1 
535 55 15 35 0.06390904635190964 1 -1 -1 
531 77 19 50 0.06388535350561142 2 -1 -1 
431 14 12 35 0.06379686295986176 2 -1 -1 
530 74 18 38 0.06308629363775253 2 -1 -1 
453 24 20 30 0.06270632892847061 1 -1 -1 
418 0 21 32 0.06254634261131287 1 -1 -1 
451 11 19 40 0.06208385154604912 2 -1 -1 
406 30 26 32 0.06181851401925087 2 -1 -1 
638 604 10 20 0.06130191683769226 1 -1 -1 
259 4 35 22 0.06129731982946396 3 -1 -1 
1220 483 137 163 0.06114021688699722 6 -1 -1 
441 0 13 18 0.061065614223480225 2 -1 -1 
413 1 18 37 0.060984060168266296 1 -1 -1 
50 41 22 44 0.06088380888104439 1 -1 -1 
824 198 20 32 0.060448769479990005 1 -1 -1 
915 671 127 91 0.060206249356269836 10 -1 -1 
837 204 20 26 0.060197941958904266 1 -1 -1 
250 0 53 28 0.06010734662413597 3 -1 -1 
796 162 143 113 0.06004728749394417 8 -1 -1 
662 330 49 43 0.06001969426870346 3 -1 -1 
417 13 21 43 0.06001053750514984 1 -1 -1 
406 10 15 30 0.05949309840798378 1 -1 -1 
416 0 15 25 0.059207234531641006 9 -1 -1 
44 42 36 57 0.058912187814712524 1 -1 -1 
530 150 67 94 0.05882030725479126 4 -1 -1 
431 13 16 45 0.058305639773607254 3 -1 -1 
465 44 19 41 0.05794963240623474 9 -1 -1 
531 147 99 120 0.05764246731996536 9 -1 -1 
435 3 14 23 0.057569071650505066 1 -1 -1 
435 0 17 17 0.05746720731258392 2 -1 -1 
535 56 15 33 0.05727668106555939 2 -1 -1 
519 89 15 34 0.05689532682299614 2 -1 -1 
411 22 27 39 0.05657500773668289 1 -1 -1 
403 15 23 41 0.05651862919330597 10 -1 -1 
816 206 18 44 0.056092679500579834 3 -1 -1 
916 700 118 62 0.055859316140413284 9 -1 -1 
528 143 144 125 0.05582151934504509 6 -1 -1 
439 0 14 24 0.05551936477422714 4 -1 -1 
966 0 54 16 0.05545463785529137 5 -1 -1 
472 44 10 21 0.05521593987941742 1 -1 -1 
475 47 12 32 0.05496341735124588 2 -1 -1 
685 336 18 33 0.05488606542348862 1 -1 -1 
375 4 26 45 0.05448849871754646 2 -1 -1 
441 0 20 25 0.0544302761554718 1 -1 -1 
372 0 12 10 0.054428745061159134 1 -1 -1 
1046 21 138 101 0.054427213966846466 8 -1 -1 
536 131 193 121 0.05439084768295288 4 -1 -1 
654 346 45 22 0.05422186851501465 3 -1 -1 
129 226 43 47 0.0542215034365654 10 -1 -1 
473 48 11 39 0.05419672280550003 1 -1 -1 
524 94 17 44 0.054110337048769 1 -1 -1 
433 5 16 33 0.05410967767238617 2 -1 -1 
515 91 32 57 0.05410102382302284 1 -1 -1 
511 728 88 35 0.054091133177280426 9 -1 -1 
427 0 25 13 0.05409013479948044 1 -1 -1 
358 0 26 12 0.05379355326294899 10 -1 -1 
530 150 67 94 0.053745198994874954 8 -1 -1 
383 7 22 36 0.05346205458045006 2 -1 -1 
913 668 132 94 0.053362295031547546 2 -1 -1 
255 4 103 30 0.05308391898870468 5 -1 -1 
473 44 14 20 0.05283189192414284 1 -1 -1 
406 0 17 27 0.05281812325119972 1 -1 -1 
539 85 19 40 0.052791569381952286 9 -1 -1 
259 4 35 22 0.05271568521857262 2 -1 -1 
470 44 24 51 0.05262158811092377 1 -1 -1 
643 325 14 27 0.0524320974946022 1 -1 -1 
534 69 15 38 0.05237134173512459 2 -1 -1 
402 21 21 29 0.05232030898332596 10 -1 -1 
818 199 17 39 0.05187942460179329 1 -1 -1 
375 4 26 45 0.0518006794154644 1 -1 -1 
682 343 21 28 0.05146758630871773 3 -1 -1 
531 91 25 34 0.05111148953437805 4 -1 -1 
536 57 19 42 0.05099552124738693 10 -1 -1 
428 23 18 39 0.05073561519384384 1 -1 -1 
431 13 16 45 0.05066327750682831 10 -1 -1 
410 12 36 55 0.05057903379201889 9 -1 -1 
412 37 24 26 0.05041512846946716 1 -1 -1 
821 197 17 33 0.050296954810619354 1 -1 -1 
451 11 19 40 0.05027535930275917 10 -1 -1 
419 40 26 34 0.05015932023525238 1 -1 -1 
