1155 351 78 131 0.9114589691162109 1 -1 -1 
1189 430 71 161 0.9103907346725464 1 -1 -1 
955 198 57 107 0.907501220703125 1 -1 -1 
63 367 69 174 0.904878556728363 1 -1 -1 
176 71 28 78 0.8880364298820496 1 -1 -1 
141 452 40 77 0.8879908323287964 1 -1 -1 
1032 74 37 33 0.8845700621604919 3 -1 -1 
171 331 46 120 0.8728652000427246 1 -1 -1 
730 372 55 174 0.8695117831230164 1 -1 -1 
1259 114 73 49 0.8567294478416443 10 -1 -1 
923 334 44 129 0.8488242030143738 1 -1 -1 
157 78 27 75 0.8337916731834412 1 -1 -1 
784 320 49 137 0.8126282095909119 1 -1 -1 
1126 369 32 71 0.8102155327796936 1 -1 -1 
812 211 33 106 0.7907043695449829 1 -1 -1 
387 80 26 73 0.7696943879127502 1 -1 -1 
701 28 25 38 0.7688780426979065 10 -1 -1 
982 60 45 38 0.7630840539932251 3 -1 -1 
1173 67 35 62 0.735573947429657 1 -1 -1 
802 275 23 49 0.7252814173698425 1 -1 -1 
1102 70 23 33 0.7176623940467834 2 -1 -1 
1145 53 26 58 0.7165987491607666 1 -1 -1 
745 53 27 32 0.6515132188796997 10 -1 -1 
806 47 26 42 0.6494742035865784 10 -1 -1 
1045 62 45 37 0.6338011622428894 3 -1 -1 
1121 63 20 42 0.6131424307823181 2 -1 -1 
254 29 43 35 0.6079912185668945 3 -1 -1 
254 17 26 41 0.6055260896682739 2 -1 -1 
310 17 17 40 0.5822956562042236 1 -1 -1 
168 21 19 41 0.5411713123321533 2 -1 -1 
1286 102 40 57 0.5192239880561829 2 -1 -1 
169 20 18 42 0.48844265937805176 1 -1 -1 
813 257 26 59 0.4507782757282257 1 -1 -1 
768 402 35 68 0.43742573261260986 2 -1 -1 
745 55 28 30 0.3630829155445099 3 -1 -1 
810 231 26 81 0.34560492634773254 1 -1 -1 
310 16 17 41 0.34392938017845154 2 -1 -1 
796 320 39 45 0.3383648097515106 1 -1 -1 
741 361 40 106 0.3263082802295685 1 -1 -1 
1121 63 20 42 0.311942458152771 1 -1 -1 
1263 109 68 54 0.30964213609695435 2 -1 -1 
989 14 19 52 0.30764883756637573 1 -1 -1 
255 17 25 40 0.30315297842025757 1 -1 -1 
1037 61 39 40 0.29913824796676636 3 -1 -1 
1009 60 45 38 0.2943844795227051 3 -1 -1 
253 18 43 45 0.29045674204826355 2 -1 -1 
861 46 21 32 0.2848457098007202 2 -1 -1 
1145 54 28 57 0.2845166027545929 2 -1 -1 
1043 71 40 32 0.2802182137966156 3 -1 -1 
748 329 80 140 0.2766944169998169 1 -1 -1 
806 267 26 53 0.2638489902019501 1 -1 -1 
1101 70 24 34 0.26284968852996826 1 -1 -1 
1287 101 36 59 0.2553599178791046 1 -1 -1 
1023 59 38 37 0.25473207235336304 3 -1 -1 
768 403 35 72 0.24960491061210632 1 -1 -1 
710 28 16 33 0.24924112856388092 10 -1 -1 
982 60 45 38 0.24489803612232208 10 -1 -1 
751 371 45 92 0.2422497272491455 1 -1 -1 
739 359 39 116 0.23644718527793884 2 -1 -1 
1249 613 44 80 0.23513832688331604 1 -1 -1 
741 41 25 30 0.22956052422523499 10 -1 -1 
1300 102 25 49 0.22637294232845306 2 -1 -1 
1285 103 42 58 0.22609445452690125 10 -1 -1 
799 318 24 40 0.2251531183719635 1 -1 -1 
164 76 31 78 0.22171129286289215 1 -1 -1 
1004 57 24 39 0.21385447680950165 3 -1 -1 
796 320 39 45 0.2111026495695114 2 -1 -1 
747 382 40 95 0.20906396210193634 2 -1 -1 
744 43 30 38 0.20843777060508728 3 -1 -1 
800 283 37 105 0.2041546255350113 1 -1 -1 
251 26 47 39 0.20368775725364685 7 -1 -1 
252 28 45 36 0.20334649085998535 10 -1 -1 
702 34 17 31 0.20307382941246033 10 -1 -1 
811 212 23 81 0.20197337865829468 1 -1 -1 
732 357 60 128 0.2014525830745697 1 -1 -1 
255 17 29 43 0.1982925981283188 3 -1 -1 
1109 62 28 40 0.19750498235225677 2 -1 -1 
751 371 45 92 0.19701546430587769 2 -1 -1 
1260 114 73 50 0.19019104540348053 4 -1 -1 
756 391 38 97 0.18753689527511597 2 -1 -1 
256 18 46 42 0.1854354292154312 3 -1 -1 
799 318 24 40 0.17761142551898956 2 -1 -1 
771 400 43 57 0.17663860321044922 2 -1 -1 
1215 431 50 159 0.17509029805660248 1 -1 -1 
899 3 110 64 0.174089252948761 6 -1 -1 
990 46 31 45 0.16966339945793152 3 -1 -1 
1010 71 38 28 0.16947798430919647 3 -1 -1 
765 399 39 133 0.16597962379455566 1 -1 -1 
956 40 14 34 0.16590173542499542 2 -1 -1 
1006 54 37 40 0.1646416187286377 3 -1 -1 
140 452 42 77 0.1642295867204666 4 -1 -1 
861 46 21 32 0.16383355855941772 1 -1 -1 
955 40 15 36 0.16258922219276428 1 -1 -1 
1181 64 25 56 0.16198936104774475 1 -1 -1 
246 25 45 38 0.16103750467300415 1 -1 -1 
989 15 19 49 0.16074416041374207 2 -1 -1 
763 383 38 75 0.15711884200572968 2 -1 -1 
1050 56 46 37 0.15689805150032043 3 -1 -1 
850 42 32 35 0.15601207315921783 2 -1 -1 
1121 692 32 57 0.15376074612140656 1 -1 -1 
747 382 40 95 0.15291249752044678 1 -1 -1 
1259 114 73 49 0.15268173813819885 3 -1 -1 
245 17 26 40 0.15179190039634705 2 -1 -1 
767 399 36 120 0.15061990916728973 2 -1 -1 
857 2 152 76 0.15008403360843658 7 -1 -1 
1174 67 31 63 0.14833402633666992 2 -1 -1 
801 283 37 56 0.14813511073589325 1 -1 -1 
1272 107 59 55 0.1473899632692337 1 -1 -1 
736 44 29 34 0.1473158746957779 10 -1 -1 
701 27 26 39 0.14701536297798157 3 -1 -1 
171 331 45 67 0.14451821148395538 1 -1 -1 
407 637 34 59 0.14447176456451416 2 -1 -1 
981 66 32 33 0.1442621946334839 3 -1 -1 
813 250 25 66 0.14375117421150208 2 -1 -1 
1152 52 27 52 0.14303642511367798 1 -1 -1 
171 332 42 56 0.14196594059467316 2 -1 -1 
1024 74 33 26 0.14181409776210785 3 -1 -1 
736 44 29 34 0.1403624713420868 3 -1 -1 
1299 101 27 53 0.13998030126094818 1 -1 -1 
784 320 49 137 0.1396973729133606 4 -1 -1 
1155 351 77 131 0.13966310024261475 4 -1 -1 
756 391 38 97 0.13959760963916779 1 -1 -1 
22 629 46 86 0.13926558196544647 1 -1 -1 
1160 62 40 64 0.13832540810108185 1 -1 -1 
806 47 27 41 0.13757458329200745 3 -1 -1 
267 35 31 29 0.13739271461963654 3 -1 -1 
1188 66 26 48 0.13737565279006958 1 -1 -1 
843 1 162 78 0.1369437426328659 8 -1 -1 
1125 61 24 45 0.13688445091247559 2 -1 -1 
765 378 45 79 0.13672171533107758 1 -1 -1 
1035 54 34 41 0.13410891592502594 3 -1 -1 
733 371 46 149 0.13341839611530304 2 -1 -1 
975 198 41 103 0.13327769935131073 1 -1 -1 
1068 68 41 33 0.1331133097410202 3 -1 -1 
1186 430 74 160 0.13268928229808807 4 -1 -1 
1294 101 28 38 0.1321897953748703 2 -1 -1 
402 633 37 59 0.13082455098628998 1 -1 -1 
771 400 43 57 0.13047753274440765 1 -1 -1 
989 54 57 45 0.12978923320770264 3 -1 -1 
701 27 26 39 0.12803173065185547 2 -1 -1 
1306 101 22 41 0.1268230676651001 2 -1 -1 
836 0 178 80 0.12508225440979004 6 -1 -1 
955 199 57 105 0.1227622851729393 4 -1 -1 
745 53 27 32 0.12002182751893997 4 -1 -1 
744 44 29 38 0.11707215756177902 2 -1 -1 
63 367 69 174 0.11607035994529724 4 -1 -1 
740 39 25 27 0.11436876654624939 3 -1 -1 
1150 58 39 66 0.11273219436407089 1 -1 -1 
910 2 100 65 0.10962001979351044 8 -1 -1 
955 199 57 106 0.10817977041006088 2 -1 -1 
792 307 36 52 0.1077057272195816 1 -1 -1 
1164 49 36 63 0.10746191442012787 1 -1 -1 
882 3 169 76 0.10689761489629745 6 -1 -1 
910 2 100 65 0.10536914318799973 5 -1 -1 
1038 45 53 54 0.10446044057607651 3 -1 -1 
176 71 28 77 0.10362781584262848 4 -1 -1 
734 38 29 29 0.10184834152460098 10 -1 -1 
927 4 184 79 0.10042960196733475 6 -1 -1 
730 372 55 174 0.0984647274017334 4 -1 -1 
801 209 41 82 0.09761562943458557 1 -1 -1 
1173 389 86 159 0.09735236316919327 1 -1 -1 
701 28 25 38 0.09643744677305222 4 -1 -1 
732 53 35 32 0.09469995647668839 3 -1 -1 
1073 48 75 58 0.09317967295646667 7 -1 -1 
896 20 97 54 0.09184878319501877 6 -1 -1 
63 366 69 174 0.0918479859828949 2 -1 -1 
803 301 45 61 0.09089921414852142 1 -1 -1 
867 563 104 121 0.09084473550319672 4 -1 -1 
701 28 26 38 0.09081455320119858 7 -1 -1 
985 13 33 64 0.0900595635175705 1 -1 -1 
754 50 22 35 0.08970383554697037 3 -1 -1 
751 371 78 169 0.08950763195753098 1 -1 -1 
751 48 26 36 0.08924660086631775 10 -1 -1 
1155 350 76 132 0.08841812610626221 2 -1 -1 
792 307 36 52 0.08714800328016281 2 -1 -1 
792 253 36 70 0.08589762449264526 1 -1 -1 
157 78 27 75 0.08280420303344727 4 -1 -1 
897 331 72 130 0.08261287957429886 1 -1 -1 
922 6 89 70 0.08070757985115051 7 -1 -1 
794 278 32 73 0.08037297427654266 1 -1 -1 
894 18 95 59 0.08009476214647293 2 -1 -1 
812 211 33 106 0.07938385009765625 2 -1 -1 
1040 57 53 44 0.0789082944393158 10 -1 -1 
884 9 114 63 0.0788087472319603 8 -1 -1 
1188 430 72 161 0.07871965318918228 2 -1 -1 
1073 48 75 58 0.0780973732471466 6 -1 -1 
1298 98 37 57 0.07793447375297546 2 -1 -1 
955 240 57 67 0.07756136357784271 1 -1 -1 
927 4 184 79 0.0775187611579895 9 -1 -1 
1158 365 86 173 0.07737136632204056 1 -1 -1 
792 310 22 51 0.07735244184732437 1 -1 -1 
699 35 26 42 0.077264703810215 10 -1 -1 
1291 96 41 55 0.07718697190284729 1 -1 -1 
1006 49 64 53 0.07542385160923004 3 -1 -1 
812 211 33 106 0.07520992308855057 4 -1 -1 
890 5 116 62 0.0750424712896347 9 -1 -1 
1028 41 50 56 0.07445594668388367 3 -1 -1 
729 40 33 31 0.07433972507715225 3 -1 -1 
371 79 38 71 0.07407724857330322 1 -1 -1 
1177 63 48 65 0.07373496145009995 1 -1 -1 
792 269 21 68 0.07352913171052933 1 -1 -1 
1169 51 43 69 0.07306761294603348 1 -1 -1 
800 41 40 53 0.07284081727266312 10 -1 -1 
175 70 30 79 0.07218412309885025 2 -1 -1 
756 54 19 32 0.07192760705947876 10 -1 -1 
1073 48 75 58 0.07134642452001572 8 -1 -1 
157 321 71 131 0.07129985094070435 1 -1 -1 
69 364 95 167 0.07124388962984085 1 -1 -1 
19 490 860 270 0.07103703171014786 6 -1 -1 
792 310 22 51 0.07042267173528671 2 -1 -1 
874 4 109 59 0.07026103883981705 6 -1 -1 
238 29 59 36 0.06977568566799164 8 -1 -1 
240 30 58 35 0.06937817484140396 2 -1 -1 
711 361 67 170 0.06876881420612335 1 -1 -1 
1151 416 104 167 0.06806615740060806 1 -1 -1 
701 27 26 39 0.06797003000974655 1 -1 -1 
694 54 17 34 0.06780648976564407 1 -1 -1 
1122 51 49 58 0.06766731292009354 1 -1 -1 
1259 114 73 49 0.06749308109283447 7 -1 -1 
910 2 100 65 0.06732849776744843 4 -1 -1 
915 334 54 129 0.06650230288505554 9 -1 -1 
836 0 178 80 0.06600915640592575 9 -1 -1 
882 23 85 53 0.06595004349946976 1 -1 -1 
157 78 27 75 0.06538528949022293 2 -1 -1 
1012 66 57 42 0.06536980718374252 3 -1 -1 
743 41 28 30 0.06530461460351944 2 -1 -1 
985 13 33 64 0.06522264331579208 2 -1 -1 
871 581 106 105 0.06460287421941757 5 -1 -1 
699 35 26 42 0.06438861787319183 3 -1 -1 
1142 32 45 69 0.064216248691082 1 -1 -1 
732 357 60 128 0.06378407031297684 2 -1 -1 
878 14 118 59 0.06337974220514297 1 -1 -1 
707 25 23 36 0.06334930658340454 3 -1 -1 
1063 21 82 80 0.06307504326105118 6 -1 -1 
739 60 30 27 0.06296723335981369 3 -1 -1 
879 16 83 57 0.06287293881177902 2 -1 -1 
979 38 43 57 0.06235693395137787 3 -1 -1 
879 3 181 76 0.06220092624425888 8 -1 -1 
744 45 28 39 0.061788905411958694 1 -1 -1 
1029 59 53 46 0.06153831630945206 10 -1 -1 
1153 42 53 62 0.06133017688989639 1 -1 -1 
877 5 124 64 0.06130091845989227 2 -1 -1 
955 240 57 67 0.06104590743780136 2 -1 -1 
782 319 52 140 0.06090502440929413 2 -1 -1 
892 21 50 54 0.06088315695524216 2 -1 -1 
804 271 42 75 0.06016991287469864 1 -1 -1 
831 35 86 54 0.06014128774404526 3 -1 -1 
933 7 79 69 0.0594370998442173 6 -1 -1 
1185 42 44 71 0.0591154545545578 1 -1 -1 
896 20 97 54 0.05835190415382385 9 -1 -1 
164 75 26 77 0.05795178934931755 2 -1 -1 
907 26 86 53 0.057877540588378906 7 -1 -1 
922 334 47 129 0.05739477276802063 4 -1 -1 
974 29 115 72 0.057372935116291046 9 -1 -1 
388 80 25 72 0.057159192860126495 2 -1 -1 
1203 428 112 162 0.056921470910310745 1 -1 -1 
1063 21 82 80 0.05691930651664734 9 -1 -1 
951 10 195 86 0.05635855346918106 6 -1 -1 
892 3 186 73 0.05629563331604004 7 -1 -1 
1036 19 144 88 0.054632518440485 6 -1 -1 
927 4 184 79 0.05034137889742851 4 -1 -1 
