575 316 37 40 0.9487455487251282 8 -1 -1 
549 396 101 60 0.9290932416915894 4 -1 -1 
789 219 58 31 0.9179887771606445 5 -1 -1 
357 224 34 26 0.9121600389480591 7 -1 -1 
335 286 13 22 0.8802124857902527 3 -1 -1 
216 195 37 29 0.8789929747581482 4 -1 -1 
748 242 58 29 0.862561821937561 4 -1 -1 
249 413 37 28 0.8563965559005737 10 -1 -1 
39 280 44 21 0.8561483025550842 7 -1 -1 
282 237 46 36 0.8516722321510315 4 -1 -1 
193 178 26 24 0.8439893126487732 8 -1 -1 
705 404 30 31 0.8437446355819702 10 -1 -1 
38 296 51 24 0.8358426690101624 7 -1 -1 
814 239 68 27 0.8317099213600159 4 -1 -1 
205 459 43 30 0.8277164101600647 10 -1 -1 
889 231 57 27 0.8119086623191833 4 -1 -1 
163 358 33 26 0.8094013929367065 10 -1 -1 
496 470 30 37 0.7970877289772034 10 -1 -1 
344 200 19 12 0.7731422185897827 10 -1 -1 
560 361 24 27 0.7721619606018066 10 -1 -1 
916 328 35 22 0.7713164687156677 10 -1 -1 
392 390 24 30 0.7696632742881775 10 -1 -1 
517 229 9 23 0.7433403730392456 1 -1 -1 
303 333 49 44 0.7419371008872986 7 -1 -1 
154 271 32 21 0.7381421327590942 10 -1 -1 
443 249 21 17 0.7306616306304932 10 -1 -1 
94 245 20 18 0.7136366367340088 10 -1 -1 
412 272 42 31 0.70893394947052 4 -1 -1 
460 272 16 19 0.685123085975647 10 -1 -1 
612 228 18 14 0.672964334487915 10 -1 -1 
335 277 12 25 0.6645851135253906 2 -1 -1 
703 227 65 33 0.6603741645812988 4 -1 -1 
446 242 13 19 0.6500760912895203 2 -1 -1 
714 200 47 20 0.6435037851333618 4 -1 -1 
212 449 20 34 0.6404157280921936 2 -1 -1 
227 291 28 20 0.6395595073699951 10 -1 -1 
350 195 9 14 0.6378853917121887 2 -1 -1 
516 248 26 17 0.6335130333900452 10 -1 -1 
99 238 10 18 0.6297507882118225 2 -1 -1 
565 354 16 26 0.6281667351722717 2 -1 -1 
149 195 11 15 0.6255847811698914 10 -1 -1 
164 266 13 23 0.6200835704803467 2 -1 -1 
151 156 24 20 0.6013222336769104 4 -1 -1 
510 221 23 14 0.5919276475906372 10 -1 -1 
834 501 41 35 0.5913308262825012 10 -1 -1 
618 221 9 17 0.5884978771209717 2 -1 -1 
115 219 10 22 0.5881941318511963 1 -1 -1 
383 216 11 17 0.5871719121932983 2 -1 -1 
169 266 12 23 0.5830095410346985 2 -1 -1 
463 266 11 19 0.5801534056663513 2 -1 -1 
713 398 19 29 0.5655530095100403 2 -1 -1 
312 184 11 16 0.5652236938476562 2 -1 -1 
928 319 15 27 0.5650498867034912 2 -1 -1 
262 252 16 26 0.5600076913833618 10 -1 -1 
424 204 8 19 0.5576988458633423 1 -1 -1 
501 459 21 35 0.5572785139083862 2 -1 -1 
1 249 40 23 0.5486292243003845 8 -1 -1 
286 189 11 14 0.5466665029525757 10 -1 -1 
343 215 9 15 0.5458051562309265 2 -1 -1 
169 352 17 27 0.545735776424408 2 -1 -1 
239 285 12 24 0.5413343906402588 2 -1 -1 
288 185 8 15 0.5378992557525635 2 -1 -1 
688 229 20 14 0.5322399139404297 10 -1 -1 
179 187 8 13 0.5286487936973572 2 -1 -1 
150 191 9 16 0.5276139378547668 2 -1 -1 
255 404 20 32 0.5276067852973938 2 -1 -1 
48 275 13 24 0.5220716595649719 2 -1 -1 
557 338 22 23 0.519619345664978 10 -1 -1 
475 261 10 25 0.5194286704063416 1 -1 -1 
52 295 12 20 0.5182284116744995 2 -1 -1 
179 192 10 14 0.5165061950683594 10 -1 -1 
525 241 9 20 0.5149166584014893 2 -1 -1 
152 174 8 12 0.514105498790741 10 -1 -1 
514 323 14 24 0.5106419920921326 2 -1 -1 
675 193 31 18 0.5090829730033875 10 -1 -1 
38 242 8 20 0.5015727281570435 2 -1 -1 
397 381 14 28 0.4995240271091461 2 -1 -1 
560 333 14 21 0.49721112847328186 2 -1 -1 
303 333 49 45 0.49649178981781006 8 -1 -1 
847 496 23 34 0.4955802261829376 2 -1 -1 
921 320 17 26 0.48184332251548767 2 -1 -1 
852 501 24 31 0.48159363865852356 2 -1 -1 
857 507 20 27 0.48089998960494995 2 -1 -1 
341 220 12 16 0.4808352291584015 10 -1 -1 
152 168 7 14 0.4779050350189209 2 -1 -1 
470 270 15 16 0.4769364893436432 10 -1 -1 
703 227 65 33 0.4724445343017578 5 -1 -1 
173 207 13 19 0.4715932309627533 10 -1 -1 
39 286 48 23 0.4614000916481018 7 -1 -1 
0 397 47 46 0.4540770351886749 4 -1 -1 
502 459 15 28 0.45189163088798523 2 -1 -1 
516 216 9 15 0.44403108954429626 2 -1 -1 
474 261 10 23 0.44365090131759644 2 -1 -1 
29 243 10 21 0.42998892068862915 2 -1 -1 
347 196 14 15 0.4266543388366699 2 -1 -1 
146 211 11 15 0.4216572642326355 7 -1 -1 
173 266 11 22 0.419886976480484 2 -1 -1 
304 179 8 17 0.4171116054058075 2 -1 -1 
271 156 12 20 0.41527804732322693 2 -1 -1 
675 194 31 17 0.41465169191360474 7 -1 -1 
347 196 14 15 0.4130839705467224 10 -1 -1 
496 190 63 29 0.40990766882896423 7 -1 -1 
370 225 10 14 0.4046325087547302 2 -1 -1 
243 286 12 22 0.4037584662437439 2 -1 -1 
382 221 14 16 0.40139877796173096 10 -1 -1 
174 206 9 14 0.39673879742622375 2 -1 -1 
48 243 9 16 0.3937530815601349 2 -1 -1 
346 170 8 21 0.3908446431159973 1 -1 -1 
253 177 10 15 0.38725247979164124 10 -1 -1 
255 175 8 16 0.3812234401702881 2 -1 -1 
519 326 10 22 0.38058292865753174 2 -1 -1 
165 353 25 28 0.37872496247291565 10 -1 -1 
326 180 20 15 0.3784599304199219 7 -1 -1 
463 186 21 18 0.37748071551322937 7 -1 -1 
869 193 11 18 0.3770500123500824 2 -1 -1 
234 288 13 22 0.37625017762184143 2 -1 -1 
367 225 8 14 0.3717137277126312 2 -1 -1 
206 456 38 31 0.37109845876693726 2 -1 -1 
38 280 45 22 0.3705616891384125 8 -1 -1 
39 299 12 21 0.3671303987503052 2 -1 -1 
34 248 27 16 0.36425140500068665 10 -1 -1 
127 185 20 14 0.36339908838272095 10 -1 -1 
395 387 13 23 0.35863274335861206 2 -1 -1 
546 198 34 20 0.3572704792022705 7 -1 -1 
429 173 19 16 0.35600578784942627 10 -1 -1 
173 140 9 16 0.3550010025501251 10 -1 -1 
510 220 23 15 0.35461974143981934 7 -1 -1 
262 250 14 21 0.35011130571365356 2 -1 -1 
480 195 22 26 0.3495371341705322 7 -1 -1 
517 326 12 24 0.3493575155735016 10 -1 -1 
869 196 13 25 0.3465326130390167 10 -1 -1 
0 225 62 43 0.3442572355270386 8 -1 -1 
205 151 6 14 0.34410807490348816 1 -1 -1 
516 217 11 15 0.3440420925617218 10 -1 -1 
394 383 21 34 0.34267979860305786 2 -1 -1 
706 401 29 32 0.34206417202949524 2 -1 -1 
95 248 9 15 0.3420041799545288 2 -1 -1 
226 289 30 22 0.34183791279792786 8 -1 -1 
36 243 8 20 0.34112751483917236 2 -1 -1 
304 179 8 17 0.3401404619216919 1 -1 -1 
869 194 12 25 0.3401171863079071 2 -1 -1 
649 177 7 13 0.33883634209632874 2 -1 -1 
536 178 42 23 0.33684512972831726 7 -1 -1 
193 177 26 25 0.3362770676612854 7 -1 -1 
38 242 8 20 0.33560335636138916 1 -1 -1 
683 194 8 13 0.3336535394191742 2 -1 -1 
889 231 60 27 0.3333510756492615 6 -1 -1 
203 150 8 15 0.3312055170536041 10 -1 -1 
222 148 6 14 0.3311251699924469 1 -1 -1 
230 290 23 20 0.33062857389450073 2 -1 -1 
39 243 13 19 0.32595065236091614 2 -1 -1 
95 242 18 20 0.32513922452926636 2 -1 -1 
343 216 9 18 0.32195472717285156 10 -1 -1 
130 179 16 18 0.32091566920280457 10 -1 -1 
525 241 10 20 0.32044142484664917 1 -1 -1 
182 194 8 13 0.31795305013656616 10 -1 -1 
497 462 28 41 0.3178761303424835 2 -1 -1 
373 174 8 14 0.31735843420028687 2 -1 -1 
312 187 12 14 0.3169883191585541 10 -1 -1 
546 176 30 18 0.3166632354259491 10 -1 -1 
693 222 10 18 0.3159677982330322 2 -1 -1 
255 175 8 16 0.31573283672332764 1 -1 -1 
341 219 12 17 0.315500408411026 7 -1 -1 
428 173 19 16 0.3149375915527344 7 -1 -1 
225 146 7 16 0.31468433141708374 1 -1 -1 
179 187 9 15 0.3137784004211426 10 -1 -1 
149 194 11 15 0.31127527356147766 7 -1 -1 
124 178 19 17 0.31126701831817627 10 -1 -1 
551 200 30 19 0.30769670009613037 10 -1 -1 
342 216 11 19 0.30412089824676514 2 -1 -1 
228 144 6 18 0.3028697967529297 1 -1 -1 
924 320 19 27 0.3005501925945282 10 -1 -1 
251 406 25 32 0.2903909683227539 10 -1 -1 
250 411 34 29 0.27938440442085266 2 -1 -1 
13 245 48 21 0.2737392485141754 7 -1 -1 
210 451 24 34 0.2720549702644348 10 -1 -1 
512 321 18 30 0.2644127905368805 10 -1 -1 
232 282 23 25 0.2534283697605133 8 -1 -1 
0 248 41 24 0.253158301115036 7 -1 -1 
917 323 30 25 0.24938437342643738 2 -1 -1 
0 241 63 30 0.24462774395942688 8 -1 -1 
695 212 73 30 0.2428068369626999 6 -1 -1 
562 359 23 28 0.2426043152809143 2 -1 -1 
575 316 37 40 0.24155260622501373 7 -1 -1 
39 296 50 25 0.2406637966632843 8 -1 -1 
165 354 28 28 0.23645073175430298 2 -1 -1 
261 157 34 25 0.23463262617588043 10 -1 -1 
357 223 34 27 0.2336481213569641 8 -1 -1 
501 459 21 35 0.2224835753440857 1 -1 -1 
703 226 65 34 0.2221859246492386 6 -1 -1 
13 245 48 21 0.21982719004154205 8 -1 -1 
259 154 26 27 0.21407780051231384 10 -1 -1 
836 488 48 50 0.21276263892650604 10 -1 -1 
62 208 31 30 0.20920071005821228 8 -1 -1 
212 450 21 33 0.2033890336751938 1 -1 -1 
712 398 21 30 0.2032518982887268 10 -1 -1 
49 208 36 29 0.20272737741470337 8 -1 -1 
49 207 36 29 0.2025761604309082 7 -1 -1 
357 223 34 27 0.20038188993930817 6 -1 -1 
558 330 23 29 0.20007945597171783 10 -1 -1 
62 207 30 29 0.19766318798065186 7 -1 -1 
39 280 43 21 0.19414879381656647 10 -1 -1 
255 404 19 31 0.19378750026226044 1 -1 -1 
700 212 68 30 0.1877734363079071 4 -1 -1 
395 381 19 31 0.18702605366706848 1 -1 -1 
714 397 19 30 0.1860676258802414 1 -1 -1 
0 397 48 47 0.18224014341831207 5 -1 -1 
700 212 68 30 0.17925457656383514 5 -1 -1 
576 317 35 39 0.17849358916282654 5 -1 -1 
675 193 31 17 0.17539693415164948 8 -1 -1 
506 185 76 35 0.172316312789917 7 -1 -1 
200 110 71 36 0.17219896614551544 4 -1 -1 
916 328 35 22 0.17064502835273743 3 -1 -1 
207 448 23 28 0.16910375654697418 2 -1 -1 
496 470 30 38 0.1684502363204956 7 -1 -1 
788 220 60 30 0.167337566614151 4 -1 -1 
233 282 24 26 0.16129712760448456 10 -1 -1 
157 267 27 23 0.16111285984516144 2 -1 -1 
575 316 37 39 0.15951667726039886 2 -1 -1 
154 272 32 20 0.15934313833713531 3 -1 -1 
320 178 28 18 0.15856367349624634 7 -1 -1 
575 316 37 40 0.15823836624622345 3 -1 -1 
141 153 34 22 0.15707141160964966 4 -1 -1 
22 187 33 23 0.1562543511390686 3 -1 -1 
193 120 75 34 0.1557956337928772 4 -1 -1 
249 413 37 28 0.1546144187450409 4 -1 -1 
393 390 23 30 0.15347956120967865 3 -1 -1 
267 159 33 23 0.1526382863521576 8 -1 -1 
21 246 41 19 0.15062931180000305 10 -1 -1 
357 224 34 26 0.15019921958446503 3 -1 -1 
565 353 18 29 0.14850153028964996 1 -1 -1 
193 178 26 24 0.14755459129810333 10 -1 -1 
39 280 43 21 0.14510202407836914 3 -1 -1 
64 218 34 24 0.14505460858345032 10 -1 -1 
835 487 46 49 0.14502210915088654 8 -1 -1 
705 405 30 30 0.14496903121471405 4 -1 -1 
495 188 85 30 0.14383801817893982 6 -1 -1 
496 470 30 38 0.1435570865869522 3 -1 -1 
39 296 50 24 0.14335961639881134 10 -1 -1 
8 229 52 37 0.14280258119106293 7 -1 -1 
154 272 33 20 0.13997218012809753 8 -1 -1 
575 316 37 40 0.1393819898366928 4 -1 -1 
0 241 62 30 0.13870806992053986 7 -1 -1 
204 459 43 30 0.13844479620456696 4 -1 -1 
58 213 32 27 0.13695666193962097 7 -1 -1 
705 404 30 31 0.1359042525291443 3 -1 -1 
195 112 88 40 0.13237051665782928 9 -1 -1 
171 350 21 28 0.12995545566082 2 -1 -1 
265 159 34 23 0.12913064658641815 7 -1 -1 
394 385 22 34 0.12889346480369568 1 -1 -1 
154 272 33 20 0.1283368319272995 7 -1 -1 
303 333 49 45 0.12831148505210876 2 -1 -1 
458 266 21 27 0.1278802454471588 10 -1 -1 
75 220 28 24 0.12779763340950012 10 -1 -1 
48 211 35 28 0.12754850089550018 10 -1 -1 
53 218 33 22 0.12701529264450073 10 -1 -1 
924 320 19 27 0.12607841193675995 1 -1 -1 
706 209 64 32 0.12551669776439667 9 -1 -1 
163 358 33 26 0.12503859400749207 4 -1 -1 
357 223 34 27 0.12358743697404861 2 -1 -1 
211 107 68 29 0.12347809970378876 4 -1 -1 
39 280 43 21 0.12255744636058807 4 -1 -1 
710 206 61 30 0.12102138251066208 4 -1 -1 
814 239 67 27 0.12097472697496414 5 -1 -1 
814 239 67 27 0.12089363485574722 6 -1 -1 
269 163 32 20 0.1203426942229271 10 -1 -1 
0 209 60 51 0.10287704318761826 8 -1 -1 
0 212 60 53 0.09538570046424866 7 -1 -1 
0 241 62 30 0.08982893824577332 6 -1 -1 
0 212 60 53 0.08332525938749313 6 -1 -1 
557 314 52 47 0.07997651398181915 8 -1 -1 
0 243 62 30 0.07699070125818253 9 -1 -1 
493 460 39 50 0.07236218452453613 10 -1 -1 
0 212 60 53 0.0718497559428215 5 -1 -1 
2 205 67 43 0.0626232698559761 6 -1 -1 
546 393 107 65 0.06164976954460144 9 -1 -1 
567 314 46 45 0.06029067188501358 6 -1 -1 
567 314 46 45 0.05629708990454674 9 -1 -1 
9 203 75 38 0.053810346871614456 8 -1 -1 
36 195 59 45 0.05205855518579483 7 -1 -1 
40 199 62 42 0.05193685367703438 6 -1 -1 
