132 474 77 65 0.9174340963363647 4 -1 -1 
297 384 41 40 0.9095649123191833 4 -1 -1 
170 438 40 38 0.8917002081871033 8 -1 -1 
153 426 35 32 0.858145534992218 7 -1 -1 
415 232 12 13 0.8469826579093933 9 -1 -1 
700 373 23 17 0.7904212474822998 10 -1 -1 
393 254 14 17 0.7845211625099182 6 -1 -1 
500 254 9 11 0.7795988321304321 5 -1 -1 
288 296 37 13 0.7658019065856934 4 -1 -1 
462 255 11 10 0.7413992881774902 4 -1 -1 
432 286 18 18 0.7332870960235596 4 -1 -1 
427 261 13 12 0.7329413890838623 4 -1 -1 
288 287 35 12 0.7256273627281189 4 -1 -1 
477 228 6 6 0.7168047428131104 4 -1 -1 
473 263 12 11 0.7034280300140381 4 -1 -1 
461 220 6 4 0.700522243976593 4 -1 -1 
286 347 24 27 0.7004860043525696 6 -1 -1 
445 219 6 4 0.694669783115387 4 -1 -1 
451 221 6 4 0.6776412725448608 4 -1 -1 
271 305 26 14 0.6717484593391418 4 -1 -1 
463 233 7 8 0.6606484055519104 4 -1 -1 
276 301 28 13 0.6569512486457825 4 -1 -1 
121 401 43 23 0.6357656717300415 7 -1 -1 
505 312 7 12 0.6329537630081177 10 -1 -1 
459 213 6 5 0.6177541017532349 4 -1 -1 
466 212 4 4 0.6150286197662354 4 -1 -1 
505 309 6 10 0.6102141737937927 2 -1 -1 
497 276 5 12 0.5779156684875488 1 -1 -1 
80 362 49 27 0.5579014420509338 4 -1 -1 
296 335 21 27 0.550667405128479 7 -1 -1 
442 228 6 7 0.5464572906494141 4 -1 -1 
469 220 6 6 0.5462758541107178 4 -1 -1 
244 378 30 32 0.5462102293968201 8 -1 -1 
199 412 31 39 0.5374448895454407 7 -1 -1 
380 272 14 13 0.5352866649627686 4 -1 -1 
472 233 7 9 0.5340980291366577 6 -1 -1 
132 394 40 24 0.524837851524353 7 -1 -1 
135 386 41 27 0.5168065428733826 7 -1 -1 
489 228 9 11 0.505490779876709 6 -1 -1 
97 431 30 18 0.49283549189567566 10 -1 -1 
474 218 4 3 0.4897925853729248 4 -1 -1 
406 244 11 13 0.4822520613670349 6 -1 -1 
451 216 5 4 0.4798676073551178 4 -1 -1 
496 248 11 12 0.47704699635505676 5 -1 -1 
466 217 3 3 0.46939584612846375 4 -1 -1 
411 239 10 11 0.4558793306350708 6 -1 -1 
382 264 17 14 0.4472762942314148 4 -1 -1 
351 296 10 13 0.43536439538002014 10 -1 -1 
138 381 44 26 0.4215925931930542 7 -1 -1 
351 296 10 13 0.42137715220451355 7 -1 -1 
406 249 9 9 0.41452983021736145 6 -1 -1 
629 311 9 14 0.40931183099746704 10 -1 -1 
286 337 30 37 0.3933093249797821 6 -1 -1 
476 212 4 5 0.39053305983543396 7 -1 -1 
476 215 4 4 0.38544961810112 7 -1 -1 
299 336 18 25 0.38447776436805725 8 -1 -1 
475 217 4 4 0.38418251276016235 4 -1 -1 
406 255 7 10 0.3840314447879791 8 -1 -1 
484 226 3 4 0.38342341780662537 7 -1 -1 
80 361 49 29 0.3782116174697876 5 -1 -1 
437 224 10 5 0.3776461184024811 4 -1 -1 
298 334 19 27 0.3745463490486145 6 -1 -1 
170 438 40 38 0.3637167513370514 5 -1 -1 
479 218 4 6 0.3618338108062744 2 -1 -1 
279 274 13 13 0.3616735339164734 6 -1 -1 
496 248 11 12 0.3605993092060089 6 -1 -1 
133 404 32 19 0.3573780655860901 7 -1 -1 
415 233 11 12 0.35335808992385864 6 -1 -1 
440 225 5 4 0.3529919981956482 4 -1 -1 
472 233 8 9 0.3516688644886017 5 -1 -1 
437 222 8 5 0.3501834571361542 4 -1 -1 
484 226 3 4 0.34850722551345825 8 -1 -1 
216 390 35 39 0.3446926176548004 7 -1 -1 
441 217 5 5 0.3445591330528259 4 -1 -1 
406 250 9 8 0.3426333963871002 4 -1 -1 
492 238 2 6 0.3399941623210907 1 -1 -1 
383 262 16 16 0.33945605158805847 5 -1 -1 
244 378 30 32 0.3333580195903778 7 -1 -1 
440 223 7 5 0.32993268966674805 4 -1 -1 
472 234 7 8 0.3278374671936035 4 -1 -1 
151 379 39 26 0.3262254297733307 7 -1 -1 
433 286 17 18 0.3248562812805176 5 -1 -1 
113 405 41 23 0.32265686988830566 7 -1 -1 
470 219 5 5 0.32116180658340454 4 -1 -1 
476 215 4 5 0.32073286175727844 4 -1 -1 
496 248 11 12 0.3192792534828186 4 -1 -1 
500 254 9 11 0.31846219301223755 4 -1 -1 
380 272 14 13 0.31826862692832947 5 -1 -1 
351 296 10 13 0.31717902421951294 8 -1 -1 
381 268 16 15 0.3170514404773712 4 -1 -1 
406 256 7 9 0.31445372104644775 7 -1 -1 
472 232 7 10 0.3128717839717865 9 -1 -1 
177 386 12 19 0.312161922454834 10 -1 -1 
477 211 4 4 0.3104593753814697 4 -1 -1 
424 233 6 7 0.3096521496772766 4 -1 -1 
204 391 45 38 0.308555543422699 6 -1 -1 
168 390 14 19 0.3048402965068817 10 -1 -1 
471 218 5 4 0.3043438494205475 4 -1 -1 
476 212 4 5 0.30312827229499817 8 -1 -1 
434 223 12 6 0.30154815316200256 4 -1 -1 
463 233 7 8 0.3011801838874817 5 -1 -1 
140 402 30 17 0.300349622964859 7 -1 -1 
151 379 27 16 0.29880598187446594 7 -1 -1 
128 407 34 19 0.2980876863002777 7 -1 -1 
384 252 23 19 0.2936261296272278 6 -1 -1 
444 218 6 5 0.2934298515319824 4 -1 -1 
408 240 11 11 0.2933519184589386 6 -1 -1 
172 388 14 17 0.2905976474285126 10 -1 -1 
484 224 3 4 0.289688378572464 2 -1 -1 
550 350 9 11 0.2877543270587921 6 -1 -1 
472 232 7 7 0.2862839996814728 4 -1 -1 
488 220 3 6 0.28480157256126404 10 -1 -1 
445 212 5 4 0.2835957109928131 4 -1 -1 
433 232 6 6 0.2815658450126648 4 -1 -1 
477 211 4 5 0.2807503938674927 7 -1 -1 
113 345 29 23 0.27979758381843567 8 -1 -1 
286 347 24 27 0.27938008308410645 5 -1 -1 
163 393 17 17 0.27798041701316833 10 -1 -1 
488 221 3 6 0.2779630720615387 1 -1 -1 
406 256 7 9 0.277615487575531 4 -1 -1 
163 393 17 17 0.2769436538219452 3 -1 -1 
435 226 6 7 0.2758384943008423 4 -1 -1 
288 254 3 9 0.2731490433216095 1 -1 -1 
138 386 33 20 0.2724076509475708 7 -1 -1 
497 281 5 8 0.2692856192588806 3 -1 -1 
424 231 6 7 0.26889994740486145 4 -1 -1 
476 215 4 4 0.26762256026268005 8 -1 -1 
415 232 12 13 0.26741012930870056 5 -1 -1 
268 302 32 14 0.26660943031311035 4 -1 -1 
457 219 2 4 0.26617252826690674 10 -1 -1 
484 226 3 4 0.26511889696121216 10 -1 -1 
153 426 35 32 0.26405930519104004 6 -1 -1 
486 219 4 5 0.26344943046569824 2 -1 -1 
442 218 6 5 0.2632006108760834 4 -1 -1 
442 223 6 5 0.2620140612125397 4 -1 -1 
496 246 11 9 0.25935378670692444 4 -1 -1 
128 415 24 17 0.25793319940567017 10 -1 -1 
488 237 3 7 0.25682327151298523 1 -1 -1 
497 276 5 12 0.25674891471862793 2 -1 -1 
113 399 41 24 0.2557757496833801 7 -1 -1 
406 250 9 8 0.25573039054870605 5 -1 -1 
413 237 9 10 0.25497233867645264 6 -1 -1 
472 232 7 7 0.2545841932296753 5 -1 -1 
105 335 7 10 0.2540752589702606 2 -1 -1 
485 219 4 5 0.2533857524394989 2 -1 -1 
488 232 8 8 0.2533099353313446 6 -1 -1 
155 391 25 19 0.25321754813194275 7 -1 -1 
477 213 3 4 0.2513562738895416 4 -1 -1 
445 211 5 4 0.25041407346725464 4 -1 -1 
466 214 4 3 0.2500593066215515 4 -1 -1 
443 224 5 5 0.2492123693227768 4 -1 -1 
383 261 16 17 0.2484978288412094 6 -1 -1 
441 215 4 5 0.24803484976291656 4 -1 -1 
487 220 4 6 0.24543410539627075 2 -1 -1 
442 228 6 7 0.2449238896369934 7 -1 -1 
505 310 6 10 0.2443327009677887 10 -1 -1 
440 219 5 5 0.24380561709403992 4 -1 -1 
125 412 29 18 0.23892919719219208 7 -1 -1 
216 390 35 39 0.23850558698177338 8 -1 -1 
477 211 4 5 0.23798511922359467 2 -1 -1 
78 362 51 28 0.2376689612865448 6 -1 -1 
445 217 6 5 0.23750467598438263 4 -1 -1 
469 221 6 5 0.23742316663265228 5 -1 -1 
197 411 34 41 0.2373487651348114 6 -1 -1 
484 226 3 4 0.23649318516254425 2 -1 -1 
472 217 5 4 0.2357822209596634 4 -1 -1 
488 234 6 6 0.23558136820793152 4 -1 -1 
286 347 24 27 0.23506097495555878 8 -1 -1 
112 344 33 25 0.23401963710784912 7 -1 -1 
200 399 47 44 0.23293840885162354 6 -1 -1 
479 220 3 6 0.2325642704963684 10 -1 -1 
468 217 5 4 0.2320287525653839 4 -1 -1 
485 219 4 6 0.23173436522483826 10 -1 -1 
298 334 19 27 0.23089465498924255 4 -1 -1 
279 275 13 12 0.2301970273256302 5 -1 -1 
379 258 12 11 0.2296566516160965 4 -1 -1 
138 382 35 19 0.22941170632839203 7 -1 -1 
477 211 4 5 0.2283746898174286 8 -1 -1 
155 377 34 19 0.22827990353107452 7 -1 -1 
466 217 5 4 0.22714053094387054 4 -1 -1 
437 220 6 6 0.22592514753341675 4 -1 -1 
454 212 4 4 0.22573721408843994 4 -1 -1 
413 237 9 10 0.2257080078125 9 -1 -1 
425 232 5 7 0.2256251573562622 10 -1 -1 
167 391 16 17 0.22536945343017578 3 -1 -1 
153 385 29 23 0.22420641779899597 7 -1 -1 
121 401 42 23 0.2239954024553299 8 -1 -1 
489 228 9 11 0.22286678850650787 9 -1 -1 
429 231 9 7 0.22251039743423462 4 -1 -1 
299 336 18 25 0.22223851084709167 5 -1 -1 
137 392 35 18 0.2217605859041214 7 -1 -1 
158 396 19 16 0.2209257036447525 3 -1 -1 
182 379 12 24 0.22058223187923431 10 -1 -1 
291 333 27 33 0.22048015892505646 6 -1 -1 
106 429 22 19 0.21992556750774384 10 -1 -1 
450 215 5 4 0.2197689712047577 4 -1 -1 
299 331 16 19 0.2192617505788803 6 -1 -1 
120 397 37 19 0.2184956669807434 7 -1 -1 
83 362 13 16 0.21848374605178833 10 -1 -1 
300 331 12 11 0.21843218803405762 7 -1 -1 
158 396 19 16 0.21561212837696075 10 -1 -1 
711 363 14 14 0.21504972875118256 3 -1 -1 
199 412 31 39 0.2139982283115387 8 -1 -1 
381 268 17 13 0.20936405658721924 5 -1 -1 
202 396 47 37 0.2089548408985138 7 -1 -1 
153 426 35 32 0.20090599358081818 8 -1 -1 
299 331 15 18 0.20068171620368958 7 -1 -1 
230 375 46 41 0.20053869485855103 7 -1 -1 
170 438 40 38 0.2003456950187683 4 -1 -1 
378 251 16 17 0.19931218028068542 4 -1 -1 
79 362 50 28 0.1988939791917801 8 -1 -1 
276 301 29 13 0.19414973258972168 5 -1 -1 
171 438 39 38 0.19301530718803406 9 -1 -1 
286 347 24 27 0.18962441384792328 4 -1 -1 
377 258 19 14 0.1844128668308258 4 -1 -1 
145 374 43 25 0.18398836255073547 7 -1 -1 
131 396 39 23 0.18294741213321686 8 -1 -1 
408 234 14 16 0.18238601088523865 9 -1 -1 
227 383 37 45 0.18211780488491058 7 -1 -1 
273 299 32 12 0.18047171831130981 4 -1 -1 
711 363 15 14 0.17937985062599182 10 -1 -1 
287 284 33 12 0.17766062915325165 4 -1 -1 
244 377 31 33 0.17573033273220062 6 -1 -1 
299 331 15 18 0.17242330312728882 8 -1 -1 
200 383 62 65 0.16858428716659546 6 -1 -1 
196 397 42 37 0.16711008548736572 6 -1 -1 
105 410 43 22 0.16666074097156525 7 -1 -1 
153 426 35 32 0.165002703666687 4 -1 -1 
157 430 40 34 0.16345106065273285 7 -1 -1 
393 254 13 17 0.16301295161247253 5 -1 -1 
700 373 22 17 0.16296152770519257 7 -1 -1 
395 253 17 15 0.1617346554994583 6 -1 -1 
299 331 15 18 0.16043035686016083 4 -1 -1 
409 235 14 16 0.16036570072174072 6 -1 -1 
700 373 22 17 0.1566690355539322 4 -1 -1 
403 243 14 13 0.15403862297534943 9 -1 -1 
374 252 17 16 0.15315234661102295 4 -1 -1 
135 392 40 24 0.15220576524734497 8 -1 -1 
379 248 17 17 0.1504008024930954 4 -1 -1 
278 274 14 14 0.1477336883544922 4 -1 -1 
386 260 17 15 0.14596976339817047 6 -1 -1 
700 372 23 18 0.14548557996749878 3 -1 -1 
124 399 41 24 0.1453564465045929 6 -1 -1 
711 368 14 19 0.14512334764003754 10 -1 -1 
207 376 69 54 0.14486604928970337 6 -1 -1 
393 254 13 17 0.14296461641788483 9 -1 -1 
132 394 40 24 0.1413421481847763 6 -1 -1 
202 396 47 37 0.14090068638324738 8 -1 -1 
381 256 18 16 0.13959939777851105 6 -1 -1 
383 262 16 16 0.13937033712863922 8 -1 -1 
57 362 72 31 0.13719947636127472 4 -1 -1 
293 254 25 9 0.13707269728183746 4 -1 -1 
294 261 21 11 0.1365717500448227 4 -1 -1 
299 332 16 20 0.13641056418418884 2 -1 -1 
138 385 42 26 0.13569097220897675 8 -1 -1 
113 405 41 23 0.13485786318778992 8 -1 -1 
299 332 16 20 0.1347653865814209 1 -1 -1 
406 238 13 15 0.13354834914207458 9 -1 -1 
225 384 44 43 0.13294526934623718 8 -1 -1 
288 287 34 12 0.1326918751001358 5 -1 -1 
112 344 33 25 0.1322881579399109 6 -1 -1 
287 333 30 39 0.1315566450357437 7 -1 -1 
227 389 28 40 0.13154691457748413 8 -1 -1 
135 386 41 27 0.13151422142982483 6 -1 -1 
299 331 16 19 0.12929485738277435 5 -1 -1 
461 254 15 13 0.1283898651599884 4 -1 -1 
125 383 47 26 0.12830278277397156 7 -1 -1 
133 474 75 65 0.12816032767295837 5 -1 -1 
105 418 38 21 0.12729521095752716 7 -1 -1 
170 438 40 38 0.12715886533260345 2 -1 -1 
178 399 65 63 0.12653598189353943 6 -1 -1 
224 390 27 39 0.12535180151462555 6 -1 -1 
18 375 42 29 0.12510019540786743 4 -1 -1 
386 260 17 15 0.12420576810836792 4 -1 -1 
705 365 18 22 0.12312378734350204 10 -1 -1 
193 393 57 61 0.12299755215644836 7 -1 -1 
151 380 37 26 0.12291207909584045 8 -1 -1 
411 228 15 17 0.12264017015695572 9 -1 -1 
200 383 62 65 0.12215512245893478 7 -1 -1 
230 375 46 41 0.12188676744699478 8 -1 -1 
294 332 24 35 0.11765244603157043 8 -1 -1 
207 376 69 54 0.11473404616117477 7 -1 -1 
286 334 31 40 0.10424653440713882 8 -1 -1 
165 409 67 57 0.10109423846006393 6 -1 -1 
48 362 81 33 0.09882873296737671 6 -1 -1 
193 393 57 61 0.09435349702835083 8 -1 -1 
289 335 29 37 0.09194822609424591 5 -1 -1 
178 399 65 63 0.08765724301338196 7 -1 -1 
207 376 69 54 0.08572723716497421 8 -1 -1 
151 419 70 57 0.08542104065418243 6 -1 -1 
133 474 75 65 0.08201444149017334 10 -1 -1 
200 383 62 65 0.07726853340864182 8 -1 -1 
269 297 38 18 0.07695191353559494 4 -1 -1 
165 409 67 57 0.07466458529233932 7 -1 -1 
184 380 65 52 0.07359888404607773 6 -1 -1 
132 474 76 65 0.07309887558221817 9 -1 -1 
151 419 70 57 0.07125016301870346 7 -1 -1 
157 416 71 56 0.06911492347717285 8 -1 -1 
114 379 74 42 0.06871864199638367 6 -1 -1 
178 399 65 63 0.06863339990377426 8 -1 -1 
133 475 75 64 0.064412422478199 1 -1 -1 
125 370 72 41 0.06267066299915314 6 -1 -1 
105 389 72 40 0.06252375990152359 6 -1 -1 
132 474 76 65 0.06156645715236664 7 -1 -1 
286 286 38 14 0.06064572557806969 6 -1 -1 
162 387 84 56 0.059072040021419525 6 -1 -1 
285 341 29 33 0.058380115777254105 9 -1 -1 
133 473 75 66 0.05836491286754608 6 -1 -1 
204 358 69 60 0.057059045881032944 6 -1 -1 
194 393 56 61 0.056249503046274185 5 -1 -1 
48 362 81 33 0.056030042469501495 5 -1 -1 
213 380 68 70 0.055656321346759796 6 -1 -1 
47 362 82 33 0.053731318563222885 9 -1 -1 
286 286 38 14 0.05367782339453697 9 -1 -1 
291 333 27 33 0.05226678401231766 4 -1 -1 
295 332 24 33 0.051823098212480545 9 -1 -1 
114 379 74 42 0.051568400114774704 7 -1 -1 
286 343 27 31 0.0503787100315094 7 -1 -1 
20 368 107 36 0.050249215215444565 6 -1 -1 
