705 151 40 73 0.9928398132324219 6 -1 -1 
1234 627 63 72 0.9646626710891724 7 -1 -1 
532 593 59 84 0.9394676089286804 4 -1 -1 
768 176 12 15 0.9342602491378784 7 -1 -1 
873 651 72 98 0.9086988568305969 4 -1 -1 
797 327 34 35 0.8870030045509338 4 -1 -1 
957 656 79 95 0.8556098937988281 4 -1 -1 
927 632 18 48 0.8476499319076538 1 -1 -1 
760 47 14 19 0.8320140838623047 6 -1 -1 
777 98 14 12 0.8286677598953247 4 -1 -1 
867 530 15 38 0.8231340646743774 1 -1 -1 
967 359 42 51 0.7424308657646179 4 -1 -1 
623 295 61 92 0.7320718169212341 8 -1 -1 
700 146 18 19 0.7178365588188171 4 -1 -1 
790 108 13 12 0.7127915620803833 4 -1 -1 
915 621 19 40 0.7012017369270325 1 -1 -1 
790 184 6 17 0.6967206001281738 1 -1 -1 
790 121 19 21 0.6736760139465332 6 -1 -1 
809 250 25 24 0.668773353099823 4 -1 -1 
822 190 7 18 0.6602950692176819 1 -1 -1 
808 272 23 26 0.6528899669647217 4 -1 -1 
798 170 17 17 0.6158685088157654 4 -1 -1 
797 100 11 10 0.6105576753616333 4 -1 -1 
771 173 9 14 0.5867894291877747 7 -1 -1 
758 12 6 5 0.5797172784805298 4 -1 -1 
773 172 6 11 0.5775758028030396 2 -1 -1 
800 186 20 21 0.5407429337501526 5 -1 -1 
796 129 15 14 0.5345582365989685 4 -1 -1 
790 174 6 16 0.530023992061615 1 -1 -1 
800 186 20 21 0.5093430280685425 4 -1 -1 
782 172 7 17 0.49260783195495605 1 -1 -1 
972 218 116 89 0.4877583086490631 6 -1 -1 
623 295 61 93 0.4639275074005127 6 -1 -1 
700 146 17 18 0.4280172288417816 5 -1 -1 
769 13 5 5 0.4180701673030853 4 -1 -1 
1070 648 13 20 0.412489116191864 3 -1 -1 
791 121 17 20 0.3925440013408661 5 -1 -1 
448 141 18 13 0.3923676311969757 4 -1 -1 
176 351 8 17 0.37586861848831177 3 -1 -1 
773 172 6 11 0.3690349757671356 1 -1 -1 
791 121 17 20 0.3646682798862457 4 -1 -1 
1235 627 61 72 0.34792858362197876 8 -1 -1 
760 47 14 19 0.3448396623134613 5 -1 -1 
1235 627 61 72 0.3416617810726166 3 -1 -1 
770 173 10 16 0.3392999768257141 2 -1 -1 
790 175 6 14 0.33395129442214966 2 -1 -1 
1235 627 61 72 0.32330411672592163 9 -1 -1 
760 47 14 19 0.31705304980278015 8 -1 -1 
170 342 7 16 0.3155200183391571 3 -1 -1 
775 17 6 6 0.3148137629032135 4 -1 -1 
444 22 34 22 0.3145745098590851 6 -1 -1 
794 127 17 16 0.31234705448150635 6 -1 -1 
778 11 6 5 0.312002032995224 4 -1 -1 
771 8 5 5 0.30779409408569336 8 -1 -1 
782 172 7 16 0.3073870837688446 2 -1 -1 
794 126 16 17 0.3061005473136902 5 -1 -1 
1234 627 63 72 0.29895734786987305 6 -1 -1 
771 9 5 5 0.29765838384628296 4 -1 -1 
623 295 61 93 0.2899153530597687 5 -1 -1 
176 350 8 16 0.2889921963214874 1 -1 -1 
566 54 27 11 0.2856592535972595 4 -1 -1 
1234 627 63 72 0.2846572697162628 4 -1 -1 
772 8 5 5 0.28322121500968933 4 -1 -1 
623 295 61 91 0.28290674090385437 9 -1 -1 
973 220 98 61 0.28060755133628845 6 -1 -1 
809 272 21 26 0.2749595642089844 5 -1 -1 
800 170 21 15 0.27412325143814087 4 -1 -1 
975 218 58 64 0.27342215180397034 6 -1 -1 
797 100 11 11 0.27267390489578247 5 -1 -1 
171 343 10 17 0.2698536813259125 3 -1 -1 
809 250 25 24 0.26879939436912537 5 -1 -1 
769 11 6 5 0.26493939757347107 8 -1 -1 
758 29 8 6 0.2574763000011444 4 -1 -1 
918 626 21 43 0.2562884986400604 1 -1 -1 
798 170 17 17 0.2546985447406769 5 -1 -1 
775 17 6 6 0.2532370090484619 8 -1 -1 
817 173 6 15 0.2516334056854248 1 -1 -1 
1280 30 20 10 0.2515927851200104 10 -1 -1 
705 151 40 73 0.24744854867458344 10 -1 -1 
170 343 7 16 0.24653419852256775 1 -1 -1 
704 151 41 73 0.244694784283638 7 -1 -1 
775 17 6 6 0.24234843254089355 7 -1 -1 
770 12 6 5 0.24195553362369537 4 -1 -1 
174 348 10 17 0.23646458983421326 3 -1 -1 
769 11 6 5 0.23589587211608887 4 -1 -1 
771 9 5 5 0.23359298706054688 8 -1 -1 
475 30 23 11 0.23357896506786346 5 -1 -1 
810 170 10 15 0.2321995496749878 1 -1 -1 
768 176 12 15 0.23012064397335052 4 -1 -1 
176 350 8 16 0.22654688358306885 2 -1 -1 
791 116 14 15 0.2258715182542801 4 -1 -1 
718 151 26 25 0.22145679593086243 4 -1 -1 
967 359 42 51 0.22128257155418396 5 -1 -1 
825 191 8 16 0.2207239419221878 1 -1 -1 
774 9 5 5 0.2204674482345581 8 -1 -1 
777 18 8 6 0.2199343591928482 4 -1 -1 
769 11 6 5 0.2199343591928482 7 -1 -1 
791 121 18 20 0.21594439446926117 9 -1 -1 
771 8 5 5 0.21562127768993378 7 -1 -1 
796 77 14 11 0.21274442970752716 4 -1 -1 
778 11 6 5 0.21235163509845734 8 -1 -1 
704 151 41 73 0.210617795586586 5 -1 -1 
774 9 5 5 0.20766817033290863 4 -1 -1 
663 10 18 11 0.2075483500957489 4 -1 -1 
623 295 61 92 0.20744606852531433 2 -1 -1 
1267 23 7 13 0.20496012270450592 2 -1 -1 
800 186 20 21 0.20350374281406403 8 -1 -1 
783 172 8 13 0.2032521516084671 2 -1 -1 
661 28 10 7 0.20298528671264648 4 -1 -1 
770 12 6 5 0.20094405114650726 8 -1 -1 
981 265 10 23 0.19997361302375793 1 -1 -1 
790 108 13 12 0.19941022992134094 5 -1 -1 
771 8 5 5 0.1992001086473465 6 -1 -1 
770 14 6 5 0.19864755868911743 4 -1 -1 
448 141 19 13 0.19746506214141846 5 -1 -1 
772 8 5 5 0.1969509869813919 5 -1 -1 
800 186 20 21 0.19559238851070404 6 -1 -1 
718 151 26 25 0.1936403512954712 6 -1 -1 
769 13 5 5 0.19176648557186127 8 -1 -1 
771 9 5 5 0.18956036865711212 5 -1 -1 
1235 627 62 72 0.18885229527950287 2 -1 -1 
957 657 79 94 0.1878153383731842 5 -1 -1 
175 350 9 17 0.18736858665943146 10 -1 -1 
768 176 13 15 0.18705235421657562 6 -1 -1 
771 9 5 5 0.18521980941295624 6 -1 -1 
973 218 45 59 0.18498541414737701 9 -1 -1 
1070 648 13 20 0.18378186225891113 1 -1 -1 
820 134 25 15 0.18370063602924347 4 -1 -1 
623 295 61 92 0.18292146921157837 3 -1 -1 
767 176 14 15 0.1820492148399353 9 -1 -1 
809 129 8 12 0.18190793693065643 2 -1 -1 
774 171 5 8 0.18174445629119873 2 -1 -1 
788 130 5 11 0.17884674668312073 1 -1 -1 
704 151 41 73 0.17882786691188812 8 -1 -1 
791 174 8 14 0.17871426045894623 1 -1 -1 
824 193 7 16 0.17788225412368774 1 -1 -1 
170 342 7 16 0.17671352624893188 10 -1 -1 
770 12 6 5 0.17455540597438812 6 -1 -1 
801 118 11 11 0.17332081496715546 4 -1 -1 
809 250 25 23 0.17291511595249176 6 -1 -1 
778 11 6 5 0.1727292388677597 7 -1 -1 
767 176 14 15 0.171951562166214 8 -1 -1 
809 129 7 12 0.17176994681358337 1 -1 -1 
770 173 10 16 0.17061658203601837 1 -1 -1 
768 13 6 5 0.17025692760944366 5 -1 -1 
811 129 7 12 0.16966421902179718 1 -1 -1 
771 9 5 5 0.16881439089775085 7 -1 -1 
771 171 7 10 0.1686178743839264 2 -1 -1 
760 47 14 19 0.1683410108089447 4 -1 -1 
809 132 10 11 0.1681908667087555 10 -1 -1 
705 152 40 72 0.16770824790000916 2 -1 -1 
795 29 13 22 0.16597793996334076 1 -1 -1 
171 343 10 17 0.16594097018241882 10 -1 -1 
819 62 27 12 0.1650872379541397 4 -1 -1 
776 12 5 5 0.16504809260368347 8 -1 -1 
705 151 40 73 0.1641182005405426 4 -1 -1 
769 13 5 5 0.1637478917837143 7 -1 -1 
172 347 10 19 0.16347524523735046 1 -1 -1 
962 174 32 14 0.1628538817167282 4 -1 -1 
171 344 9 16 0.16067776083946228 1 -1 -1 
758 12 6 5 0.16051103174686432 5 -1 -1 
769 11 6 5 0.16048991680145264 6 -1 -1 
796 76 14 11 0.16010074317455292 5 -1 -1 
974 214 119 51 0.16000168025493622 6 -1 -1 
909 615 21 44 0.15988723933696747 1 -1 -1 
767 176 12 14 0.15846584737300873 2 -1 -1 
767 176 9 12 0.15827013552188873 2 -1 -1 
797 100 11 11 0.1582222282886505 6 -1 -1 
783 172 8 13 0.15796594321727753 1 -1 -1 
777 14 5 7 0.15778139233589172 7 -1 -1 
1278 31 17 11 0.1571609228849411 10 -1 -1 
709 150 35 72 0.15687306225299835 9 -1 -1 
778 11 6 5 0.15518571436405182 5 -1 -1 
776 17 5 6 0.15443840622901917 10 -1 -1 
973 219 77 103 0.15423433482646942 6 -1 -1 
774 9 5 5 0.15393269062042236 6 -1 -1 
775 17 6 6 0.15357869863510132 5 -1 -1 
793 118 16 13 0.1532309204339981 4 -1 -1 
771 11 5 6 0.1532297432422638 7 -1 -1 
810 171 10 15 0.15311282873153687 4 -1 -1 
805 121 6 9 0.1527271270751953 1 -1 -1 
966 177 30 18 0.1526556760072708 4 -1 -1 
796 29 12 21 0.1520080864429474 2 -1 -1 
778 12 5 6 0.15173043310642242 7 -1 -1 
782 171 7 12 0.15150302648544312 2 -1 -1 
760 47 14 19 0.1504591852426529 9 -1 -1 
854 92 7 14 0.15033215284347534 1 -1 -1 
788 98 5 11 0.14930379390716553 1 -1 -1 
770 12 6 5 0.1491653174161911 5 -1 -1 
796 69 16 18 0.149016335606575 6 -1 -1 
778 11 6 5 0.1488000750541687 6 -1 -1 
776 12 5 5 0.14869911968708038 4 -1 -1 
797 75 19 13 0.14812710881233215 4 -1 -1 
782 171 6 12 0.1472478210926056 1 -1 -1 
813 174 8 14 0.14710190892219543 1 -1 -1 
807 121 5 13 0.1470794826745987 1 -1 -1 
768 13 6 5 0.14706319570541382 6 -1 -1 
809 126 6 14 0.14532068371772766 1 -1 -1 
705 151 40 73 0.14343051612377167 3 -1 -1 
1235 627 61 72 0.1334395706653595 10 -1 -1 
810 110 32 32 0.12816497683525085 6 -1 -1 
623 296 61 91 0.1231151595711708 7 -1 -1 
973 214 151 75 0.12101174890995026 9 -1 -1 
992 260 77 80 0.1187005266547203 6 -1 -1 
974 212 154 74 0.11386831849813461 6 -1 -1 
623 296 61 91 0.11336445808410645 1 -1 -1 
705 152 40 72 0.11319463700056076 1 -1 -1 
623 295 61 91 0.11241193860769272 4 -1 -1 
973 218 45 59 0.11189202964305878 5 -1 -1 
796 169 29 19 0.11118189245462418 4 -1 -1 
867 530 15 38 0.10777167230844498 4 -1 -1 
975 196 62 75 0.10764244198799133 6 -1 -1 
448 138 34 18 0.10618918389081955 4 -1 -1 
445 22 34 22 0.10455264151096344 5 -1 -1 
796 169 29 19 0.10345201939344406 6 -1 -1 
1235 627 62 72 0.10056298971176147 1 -1 -1 
873 652 73 98 0.10010441392660141 1 -1 -1 
444 25 34 20 0.09938851743936539 4 -1 -1 
973 215 122 55 0.09820806980133057 9 -1 -1 
531 593 61 84 0.09645366668701172 1 -1 -1 
532 593 60 85 0.09637301415205002 9 -1 -1 
867 530 15 38 0.09530402719974518 2 -1 -1 
817 106 24 30 0.09428630769252777 9 -1 -1 
975 196 102 49 0.0938682109117508 6 -1 -1 
531 593 61 84 0.09306957572698593 10 -1 -1 
532 593 60 85 0.09101808816194534 5 -1 -1 
830 203 38 24 0.09002166241407394 8 -1 -1 
447 139 31 17 0.08599203824996948 5 -1 -1 
830 204 37 23 0.08424002677202225 6 -1 -1 
957 656 79 96 0.08352801203727722 1 -1 -1 
1234 627 63 72 0.0830845907330513 5 -1 -1 
973 214 151 75 0.0826885923743248 5 -1 -1 
973 220 93 120 0.08170561492443085 9 -1 -1 
972 220 45 77 0.07999329268932343 6 -1 -1 
445 140 30 19 0.07911819964647293 4 -1 -1 
830 203 38 24 0.07838918268680573 7 -1 -1 
796 61 49 26 0.07828478515148163 6 -1 -1 
792 121 29 22 0.07712533324956894 6 -1 -1 
974 217 79 61 0.07693734765052795 5 -1 -1 
532 593 59 84 0.07477112859487534 7 -1 -1 
980 230 156 110 0.07396496087312698 6 -1 -1 
973 214 151 75 0.07366684824228287 4 -1 -1 
975 196 102 49 0.07335078716278076 9 -1 -1 
873 651 72 98 0.07308611273765564 10 -1 -1 
999 296 71 47 0.07197777181863785 6 -1 -1 
443 29 34 19 0.07186510413885117 6 -1 -1 
437 19 39 25 0.07166054099798203 4 -1 -1 
873 651 73 99 0.07147189974784851 5 -1 -1 
967 171 95 116 0.07104551047086716 6 -1 -1 
272 268 51 22 0.06976872682571411 4 -1 -1 
810 110 32 32 0.06935646384954453 9 -1 -1 
957 656 79 96 0.06905005872249603 9 -1 -1 
957 656 79 95 0.06880604475736618 10 -1 -1 
873 652 73 98 0.06869159638881683 9 -1 -1 
817 111 33 28 0.06841473281383514 6 -1 -1 
808 272 23 26 0.06798337399959564 6 -1 -1 
979 185 84 37 0.06793814152479172 6 -1 -1 
809 250 25 23 0.06670235097408295 9 -1 -1 
793 112 47 31 0.06658821552991867 6 -1 -1 
1251 635 51 70 0.06650563329458237 9 -1 -1 
806 68 39 20 0.06648552417755127 6 -1 -1 
974 217 79 61 0.06625785678625107 4 -1 -1 
975 196 62 75 0.06602895259857178 9 -1 -1 
973 218 45 59 0.06495790183544159 4 -1 -1 
973 220 93 120 0.06468041986227036 5 -1 -1 
169 337 18 32 0.0634121522307396 3 -1 -1 
447 139 31 17 0.06314849108457565 6 -1 -1 
973 214 110 54 0.06237907335162163 5 -1 -1 
863 528 16 36 0.06198187544941902 1 -1 -1 
447 19 31 25 0.060520805418491364 9 -1 -1 
532 593 59 84 0.060472067445516586 6 -1 -1 
830 202 38 25 0.059980761259794235 4 -1 -1 
979 185 84 37 0.059627313166856766 9 -1 -1 
454 19 31 25 0.05845074728131294 6 -1 -1 
986 253 112 96 0.05836326256394386 6 -1 -1 
830 202 38 25 0.05802726373076439 5 -1 -1 
973 215 122 55 0.057340532541275024 4 -1 -1 
796 169 29 19 0.05728967487812042 5 -1 -1 
810 75 34 20 0.05701681971549988 6 -1 -1 
967 359 42 51 0.0561707429587841 1 -1 -1 
808 272 23 26 0.0558951236307621 1 -1 -1 
563 42 30 19 0.05577366426587105 4 -1 -1 
434 29 41 24 0.054251283407211304 6 -1 -1 
973 220 93 120 0.053487204015254974 4 -1 -1 
794 63 29 25 0.05342084541916847 6 -1 -1 
812 62 34 22 0.05324854701757431 4 -1 -1 
796 69 37 19 0.05317169800400734 6 -1 -1 
975 176 66 36 0.053168222308158875 6 -1 -1 
809 250 25 24 0.05313899368047714 1 -1 -1 
623 296 61 91 0.05285339429974556 10 -1 -1 
445 18 32 20 0.05279967561364174 6 -1 -1 
816 102 29 26 0.051921043545007706 9 -1 -1 
796 63 49 24 0.05159331485629082 4 -1 -1 
798 185 22 24 0.051066260784864426 9 -1 -1 
816 109 26 30 0.051023948937654495 5 -1 -1 
957 656 79 96 0.05093863233923912 6 -1 -1 
169 337 18 32 0.05090571194887161 10 -1 -1 
867 530 15 38 0.05081487074494362 10 -1 -1 
973 218 45 59 0.05068947747349739 8 -1 -1 
966 359 42 51 0.05029452219605446 6 -1 -1 
974 207 44 63 0.05011078715324402 6 -1 -1 
