570 402 63 49 0.9655026793479919 7 -1 -1 
241 497 115 110 0.9490069150924683 4 -1 -1 
238 217 76 44 0.9435140490531921 4 -1 -1 
1152 268 71 44 0.9361147880554199 4 -1 -1 
1175 191 59 39 0.9260154366493225 4 -1 -1 
1058 234 76 49 0.9236969947814941 4 -1 -1 
989 257 83 59 0.9189690947532654 4 -1 -1 
786 283 17 42 0.8995339870452881 1 -1 -1 
924 247 77 47 0.897104799747467 4 -1 -1 
869 204 14 33 0.8803455829620361 1 -1 -1 
732 263 17 34 0.8797074556350708 1 -1 -1 
456 132 29 23 0.8514406681060791 10 -1 -1 
885 202 14 30 0.8469833135604858 1 -1 -1 
755 169 41 41 0.8445302844047546 4 -1 -1 
344 132 61 33 0.7957003712654114 4 -1 -1 
640 118 45 35 0.7636628150939941 4 -1 -1 
585 176 14 34 0.7556407451629639 1 -1 -1 
574 397 21 31 0.7343598008155823 2 -1 -1 
19 278 21 32 0.701480507850647 10 -1 -1 
17 267 19 33 0.7000458240509033 2 -1 -1 
43 64 12 17 0.6973370313644409 10 -1 -1 
567 227 20 26 0.6933064460754395 10 -1 -1 
1217 132 24 19 0.6752962470054626 10 -1 -1 
43 58 11 17 0.6563109755516052 2 -1 -1 
572 178 12 30 0.6524938344955444 1 -1 -1 
943 226 15 26 0.6491599082946777 2 -1 -1 
931 230 51 36 0.6303429007530212 7 -1 -1 
568 218 17 33 0.6169775128364563 2 -1 -1 
836 135 63 40 0.6142147183418274 4 -1 -1 
91 67 35 30 0.6065078973770142 7 -1 -1 
506 87 17 19 0.549963653087616 10 -1 -1 
162 52 40 30 0.5451990962028503 4 -1 -1 
1221 125 14 22 0.5227168798446655 2 -1 -1 
561 158 36 39 0.5224074125289917 6 -1 -1 
91 67 35 30 0.5223066806793213 8 -1 -1 
560 159 36 38 0.5164201855659485 7 -1 -1 
1105 48 8 19 0.5068486928939819 1 -1 -1 
569 402 64 49 0.45683613419532776 6 -1 -1 
560 159 36 38 0.451648086309433 8 -1 -1 
718 80 14 18 0.43983155488967896 8 -1 -1 
57 12 36 29 0.39514151215553284 6 -1 -1 
735 35 31 22 0.394167423248291 4 -1 -1 
539 113 30 21 0.3891722559928894 8 -1 -1 
835 135 64 40 0.3875879645347595 5 -1 -1 
541 113 14 22 0.3623138964176178 2 -1 -1 
734 35 32 22 0.3578947186470032 5 -1 -1 
561 159 34 37 0.34711164236068726 5 -1 -1 
538 113 31 21 0.34314391016960144 2 -1 -1 
570 402 63 49 0.3410053253173828 8 -1 -1 
570 218 13 27 0.3348984122276306 2 -1 -1 
941 229 20 27 0.33383530378341675 2 -1 -1 
943 226 15 27 0.32753056287765503 1 -1 -1 
570 402 63 49 0.3238864541053772 3 -1 -1 
718 80 13 18 0.31570470333099365 6 -1 -1 
576 177 12 32 0.31524455547332764 1 -1 -1 
942 227 40 30 0.2948344647884369 7 -1 -1 
931 230 51 36 0.2909393310546875 8 -1 -1 
574 397 21 31 0.29090172052383423 1 -1 -1 
734 35 31 22 0.2889110743999481 8 -1 -1 
933 237 36 27 0.2841428518295288 7 -1 -1 
570 402 63 49 0.282577782869339 9 -1 -1 
568 218 17 33 0.28154587745666504 1 -1 -1 
1105 55 7 14 0.2811623811721802 3 -1 -1 
718 80 14 19 0.2800164818763733 5 -1 -1 
580 396 17 27 0.27483370900154114 2 -1 -1 
718 80 14 18 0.27429500222206116 7 -1 -1 
561 159 34 37 0.2705262303352356 4 -1 -1 
936 234 31 26 0.2703089416027069 2 -1 -1 
1105 48 8 19 0.26779261231422424 2 -1 -1 
718 80 14 19 0.2602705955505371 4 -1 -1 
56 16 35 25 0.25959253311157227 4 -1 -1 
735 35 31 24 0.2556893825531006 6 -1 -1 
171 54 46 24 0.2554948627948761 4 -1 -1 
567 174 18 35 0.25498056411743164 1 -1 -1 
570 402 63 49 0.2474098801612854 4 -1 -1 
17 275 23 35 0.24352125823497772 2 -1 -1 
544 114 14 19 0.24042712152004242 2 -1 -1 
506 89 17 16 0.23904839158058167 3 -1 -1 
17 267 19 33 0.23379240930080414 1 -1 -1 
24 287 15 23 0.2292090207338333 10 -1 -1 
42 58 10 14 0.2240675389766693 2 -1 -1 
572 178 12 30 0.22244159877300262 2 -1 -1 
66 14 36 27 0.21872423589229584 6 -1 -1 
735 36 32 26 0.21845000982284546 7 -1 -1 
947 225 15 23 0.2150251418352127 2 -1 -1 
1050 296 11 28 0.20931664109230042 1 -1 -1 
941 233 17 27 0.20834989845752716 1 -1 -1 
682 62 9 18 0.20593494176864624 1 -1 -1 
17 268 21 33 0.20410746335983276 10 -1 -1 
575 177 10 23 0.20388920605182648 1 -1 -1 
539 113 30 21 0.2036842703819275 7 -1 -1 
570 402 63 49 0.20283742249011993 2 -1 -1 
714 33 7 17 0.20043312013149261 1 -1 -1 
931 239 25 26 0.19899043440818787 10 -1 -1 
18 278 22 32 0.1966809779405594 3 -1 -1 
43 58 10 17 0.19591175019741058 1 -1 -1 
499 86 25 20 0.1934855878353119 3 -1 -1 
456 132 29 23 0.19028285145759583 4 -1 -1 
160 39 47 41 0.18980078399181366 4 -1 -1 
945 226 13 18 0.18834829330444336 2 -1 -1 
751 42 16 22 0.18763646483421326 7 -1 -1 
62 15 31 26 0.18757128715515137 7 -1 -1 
939 232 27 30 0.18186070024967194 1 -1 -1 
496 85 27 20 0.1793987900018692 10 -1 -1 
43 59 11 17 0.17768709361553192 10 -1 -1 
584 176 14 33 0.17712482810020447 2 -1 -1 
48 5 27 25 0.17655932903289795 5 -1 -1 
721 76 9 11 0.1757914274930954 2 -1 -1 
682 62 9 18 0.17521058022975922 2 -1 -1 
1222 124 13 16 0.17350256443023682 2 -1 -1 
572 402 17 28 0.1707266867160797 2 -1 -1 
941 229 20 27 0.1699049472808838 7 -1 -1 
563 176 13 20 0.16598524153232574 2 -1 -1 
1221 125 14 22 0.16289855539798737 1 -1 -1 
941 228 36 31 0.16086116433143616 1 -1 -1 
933 236 40 27 0.15981188416481018 10 -1 -1 
94 61 29 27 0.1591765284538269 8 -1 -1 
937 235 20 27 0.15866240859031677 10 -1 -1 
733 34 22 22 0.15706413984298706 5 -1 -1 
750 42 10 22 0.15576207637786865 1 -1 -1 
55 10 37 31 0.15575414896011353 5 -1 -1 
25 280 14 24 0.15443629026412964 2 -1 -1 
57 6 49 35 0.15262484550476074 6 -1 -1 
567 227 20 26 0.1516783982515335 3 -1 -1 
564 162 28 42 0.15011943876743317 1 -1 -1 
541 113 14 22 0.14972104132175446 1 -1 -1 
736 38 31 26 0.14964799582958221 8 -1 -1 
457 131 28 24 0.14961963891983032 3 -1 -1 
48 5 27 25 0.1482270210981369 4 -1 -1 
640 118 44 35 0.14730167388916016 5 -1 -1 
64 2 32 37 0.14639133214950562 6 -1 -1 
786 283 17 42 0.14614653587341309 4 -1 -1 
201 8 42 19 0.1461138278245926 6 -1 -1 
66 16 34 25 0.14520961046218872 4 -1 -1 
582 176 10 24 0.1447117179632187 1 -1 -1 
732 263 17 35 0.14450737833976746 2 -1 -1 
539 113 32 21 0.1424601823091507 10 -1 -1 
143 46 57 38 0.14215748012065887 4 -1 -1 
89 67 31 28 0.1404091864824295 2 -1 -1 
580 167 18 39 0.1376594454050064 1 -1 -1 
941 228 36 31 0.13749004900455475 2 -1 -1 
1106 52 8 16 0.13735581934452057 3 -1 -1 
43 64 12 17 0.136542409658432 3 -1 -1 
51 5 35 33 0.1356215626001358 5 -1 -1 
750 42 10 22 0.13496170938014984 2 -1 -1 
36 2 38 22 0.13410980999469757 4 -1 -1 
46 68 10 14 0.1338272988796234 10 -1 -1 
943 226 40 31 0.13375712931156158 8 -1 -1 
869 204 14 33 0.13368043303489685 2 -1 -1 
677 61 13 20 0.13238438963890076 1 -1 -1 
570 176 12 22 0.13235598802566528 2 -1 -1 
51 4 31 30 0.13198316097259521 6 -1 -1 
67 14 38 27 0.1311032772064209 7 -1 -1 
1104 49 9 18 0.13102950155735016 3 -1 -1 
1105 51 8 17 0.1309492290019989 10 -1 -1 
871 204 12 23 0.13071668148040771 2 -1 -1 
238 216 76 45 0.12954150140285492 1 -1 -1 
1219 124 13 18 0.12930510938167572 2 -1 -1 
580 396 17 27 0.12840226292610168 1 -1 -1 
563 176 13 20 0.12725086510181427 1 -1 -1 
935 233 20 23 0.1269729882478714 2 -1 -1 
186 58 31 18 0.12673410773277283 4 -1 -1 
456 130 27 24 0.1261555552482605 2 -1 -1 
539 113 26 21 0.12601883709430695 1 -1 -1 
240 498 115 109 0.1258847415447235 1 -1 -1 
677 61 14 18 0.1256546974182129 2 -1 -1 
871 204 11 23 0.12429709732532501 1 -1 -1 
41 59 15 23 0.12393355369567871 10 -1 -1 
563 176 13 20 0.12318316847085953 7 -1 -1 
751 42 16 22 0.12256836146116257 8 -1 -1 
587 176 10 24 0.12062262743711472 1 -1 -1 
573 218 11 23 0.12023138254880905 2 -1 -1 
545 114 21 17 0.11827585101127625 2 -1 -1 
569 223 14 28 0.1180768758058548 10 -1 -1 
567 175 12 21 0.11765357851982117 2 -1 -1 
585 175 10 21 0.1174662783741951 2 -1 -1 
22 270 19 36 0.1174347996711731 2 -1 -1 
90 67 23 27 0.1167495846748352 1 -1 -1 
933 236 40 27 0.11558634787797928 8 -1 -1 
240 498 115 109 0.11357946693897247 9 -1 -1 
869 204 14 33 0.11350856721401215 4 -1 -1 
43 62 12 19 0.11308898776769638 1 -1 -1 
94 60 32 30 0.11259252578020096 7 -1 -1 
931 230 51 36 0.11237350106239319 10 -1 -1 
574 177 11 21 0.1093599796295166 2 -1 -1 
735 36 20 19 0.10886166244745255 8 -1 -1 
569 175 11 21 0.10845170170068741 1 -1 -1 
21 271 14 25 0.10842801630496979 2 -1 -1 
564 160 42 44 0.09521470218896866 9 -1 -1 
560 157 34 40 0.08485070616006851 9 -1 -1 
48 4 45 36 0.07098085433244705 7 -1 -1 
33 2 55 37 0.0690017119050026 4 -1 -1 
48 4 45 36 0.06862951070070267 8 -1 -1 
560 156 36 41 0.065101258456707 2 -1 -1 
14 267 29 44 0.06320425868034363 10 -1 -1 
33 2 55 37 0.06181785836815834 5 -1 -1 
922 243 83 55 0.05929559841752052 6 -1 -1 
564 160 42 44 0.058680057525634766 4 -1 -1 
564 160 42 44 0.057991400361061096 7 -1 -1 
564 160 42 44 0.05344346538186073 5 -1 -1 
28 0 48 29 0.05254020541906357 4 -1 -1 
28 0 48 29 0.05105879530310631 5 -1 -1 
