921 409 184 70 0.9991413354873657 9 -1 -1 
824 632 143 135 0.9980555772781372 9 -1 -1 
1061 543 29 26 0.988160252571106 3 -1 -1 
148 504 32 25 0.9605568051338196 3 -1 -1 
413 318 21 25 0.9425160884857178 5 -1 -1 
824 498 22 19 0.9293163418769836 3 -1 -1 
747 507 49 41 0.9254714250564575 4 -1 -1 
667 414 72 31 0.9066586494445801 4 -1 -1 
736 587 54 61 0.9050819277763367 4 -1 -1 
476 330 24 20 0.9017016291618347 4 -1 -1 
395 348 26 22 0.8890436887741089 4 -1 -1 
459 297 18 16 0.8887019753456116 4 -1 -1 
437 287 16 14 0.8858627080917358 4 -1 -1 
516 599 52 58 0.8790283799171448 4 -1 -1 
805 567 49 52 0.8775650858879089 4 -1 -1 
66 654 28 52 0.8773468732833862 1 -1 -1 
486 296 17 16 0.8748969435691833 4 -1 -1 
662 295 18 15 0.8705447912216187 4 -1 -1 
683 494 43 39 0.8696882128715515 4 -1 -1 
597 511 41 46 0.8670198917388916 4 -1 -1 
657 543 45 49 0.8670101165771484 4 -1 -1 
426 372 33 27 0.8657798171043396 4 -1 -1 
632 305 18 15 0.8656741976737976 4 -1 -1 
1130 576 14 37 0.8648235201835632 1 -1 -1 
1013 701 19 43 0.863641619682312 3 -1 -1 
447 317 21 18 0.8604893684387207 4 -1 -1 
539 392 60 25 0.86025470495224 4 -1 -1 
542 314 19 17 0.857419490814209 4 -1 -1 
819 514 14 32 0.8562425374984741 1 -1 -1 
642 322 22 18 0.8544687628746033 4 -1 -1 
761 363 40 22 0.8535784482955933 4 -1 -1 
675 624 49 62 0.8510347604751587 4 -1 -1 
1254 580 21 35 0.8496070504188538 1 -1 -1 
956 721 42 26 0.8463463187217712 3 -1 -1 
579 407 68 27 0.8438806533813477 4 -1 -1 
867 535 13 37 0.8423843383789062 1 -1 -1 
611 284 17 14 0.8374016284942627 4 -1 -1 
196 512 15 36 0.8368203043937683 1 -1 -1 
0 322 87 43 0.8360940217971802 9 -1 -1 
1076 590 15 37 0.8340864181518555 1 -1 -1 
1110 473 95 40 0.8309797644615173 4 -1 -1 
166 310 45 16 0.8261048197746277 4 -1 -1 
1154 573 16 38 0.8254442811012268 1 -1 -1 
915 628 36 31 0.8250464797019958 3 -1 -1 
511 313 18 17 0.8184299468994141 4 -1 -1 
973 499 12 34 0.8162498474121094 1 -1 -1 
499 667 57 67 0.8149626851081848 4 -1 -1 
1250 501 96 39 0.8147583603858948 4 -1 -1 
421 355 26 23 0.8123981356620789 4 -1 -1 
1097 535 18 39 0.8118091821670532 1 -1 -1 
1223 608 16 39 0.8109973669052124 1 -1 -1 
775 424 70 35 0.8037990927696228 4 -1 -1 
1087 575 11 39 0.7982000708580017 1 -1 -1 
469 273 15 13 0.7969989776611328 4 -1 -1 
1099 568 17 40 0.7952761054039001 1 -1 -1 
984 502 11 30 0.7764353156089783 1 -1 -1 
1079 645 37 25 0.7755603194236755 3 -1 -1 
861 522 10 32 0.7741360068321228 1 -1 -1 
1109 553 15 40 0.7707197666168213 1 -1 -1 
1130 732 21 31 0.7706455588340759 3 -1 -1 
1145 627 33 40 0.7698862552642822 10 -1 -1 
597 600 48 58 0.7688127160072327 4 -1 -1 
993 463 73 35 0.7654969692230225 4 -1 -1 
790 479 15 24 0.7633041739463806 10 -1 -1 
1205 606 16 42 0.7591583728790283 1 -1 -1 
631 400 58 26 0.7583965063095093 4 -1 -1 
942 516 17 26 0.755129873752594 10 -1 -1 
11 301 38 17 0.752994179725647 4 -1 -1 
792 473 13 21 0.74946129322052 2 -1 -1 
540 286 18 18 0.7470825910568237 4 -1 -1 
728 284 35 16 0.7442686557769775 4 -1 -1 
865 443 69 30 0.7380935549736023 4 -1 -1 
253 355 21 13 0.7348493933677673 3 -1 -1 
464 282 16 14 0.7346856594085693 4 -1 -1 
1018 626 20 37 0.7282198071479797 10 -1 -1 
1326 584 14 34 0.7277390360832214 1 -1 -1 
179 520 14 41 0.725753128528595 1 -1 -1 
209 336 9 17 0.7250593900680542 1 -1 -1 
1176 598 15 38 0.7242966294288635 1 -1 -1 
441 279 16 14 0.7229576706886292 4 -1 -1 
493 265 13 12 0.7210825085639954 4 -1 -1 
878 349 7 20 0.7198948264122009 1 -1 -1 
607 252 13 10 0.7194482088088989 4 -1 -1 
0 492 12 32 0.7184263467788696 1 -1 -1 
1126 552 13 30 0.718137800693512 1 -1 -1 
474 262 14 12 0.7164176106452942 4 -1 -1 
1065 495 11 30 0.7156849503517151 1 -1 -1 
459 381 60 29 0.7152402400970459 5 -1 -1 
1188 626 16 40 0.7079058885574341 1 -1 -1 
1202 702 20 48 0.6983683705329895 1 -1 -1 
998 489 12 28 0.6959519386291504 1 -1 -1 
463 289 16 14 0.6918005347251892 4 -1 -1 
516 288 17 15 0.6903898119926453 4 -1 -1 
1127 378 8 20 0.684287965297699 1 -1 -1 
1014 688 19 47 0.6829813122749329 2 -1 -1 
1122 378 8 20 0.6820681691169739 1 -1 -1 
944 509 14 25 0.6816803216934204 2 -1 -1 
515 304 17 16 0.6757903099060059 4 -1 -1 
857 474 24 24 0.6724376678466797 3 -1 -1 
832 487 13 24 0.6718113422393799 2 -1 -1 
1079 483 10 26 0.6715219616889954 1 -1 -1 
991 532 12 33 0.671501636505127 1 -1 -1 
488 282 16 15 0.6632289290428162 4 -1 -1 
1069 627 39 27 0.6627349257469177 3 -1 -1 
423 309 19 17 0.6615020036697388 4 -1 -1 
1175 464 88 41 0.658749520778656 4 -1 -1 
514 295 18 15 0.6580988168716431 4 -1 -1 
588 248 12 11 0.6569424271583557 4 -1 -1 
1241 537 98 41 0.6569135189056396 4 -1 -1 
47 503 37 31 0.6536285877227783 10 -1 -1 
754 289 36 15 0.6535755395889282 4 -1 -1 
544 301 17 18 0.653371274471283 4 -1 -1 
667 288 16 13 0.6513949632644653 4 -1 -1 
824 473 12 22 0.6512871384620667 2 -1 -1 
488 289 16 14 0.6512634754180908 4 -1 -1 
291 437 15 28 0.6477298140525818 10 -1 -1 
989 628 16 38 0.6442812085151672 1 -1 -1 
1307 730 23 33 0.6431180238723755 1 -1 -1 
1307 654 26 34 0.6409901976585388 10 -1 -1 
638 263 14 11 0.6408693194389343 4 -1 -1 
491 271 15 13 0.6400036215782166 4 -1 -1 
1028 663 19 36 0.6350563764572144 2 -1 -1 
968 531 10 31 0.6348235607147217 1 -1 -1 
1260 381 9 22 0.6298816800117493 1 -1 -1 
215 327 7 18 0.6284378170967102 1 -1 -1 
955 713 43 25 0.6259210705757141 3 -1 -1 
545 297 16 16 0.6242000460624695 4 -1 -1 
946 603 15 27 0.6229102611541748 3 -1 -1 
67 339 51 20 0.6225979924201965 4 -1 -1 
963 665 19 42 0.6219123601913452 1 -1 -1 
489 273 16 15 0.6186718344688416 4 -1 -1 
1021 577 20 31 0.6157153844833374 3 -1 -1 
1283 564 18 28 0.6148580312728882 3 -1 -1 
1090 488 13 29 0.6113436222076416 1 -1 -1 
1309 645 24 38 0.6072127819061279 2 -1 -1 
450 256 15 21 0.6055107712745667 5 -1 -1 
1089 500 12 32 0.6043214201927185 1 -1 -1 
446 273 14 13 0.6027765274047852 4 -1 -1 
1068 482 10 24 0.6014328002929688 1 -1 -1 
910 502 13 25 0.5975167155265808 2 -1 -1 
1063 381 9 20 0.5969163179397583 1 -1 -1 
862 478 19 26 0.5946168899536133 3 -1 -1 
305 359 8 13 0.5945369005203247 10 -1 -1 
1172 387 13 23 0.5904693603515625 1 -1 -1 
1054 623 22 34 0.5899410247802734 3 -1 -1 
1160 542 12 32 0.5876151323318481 1 -1 -1 
985 388 9 27 0.5847466588020325 1 -1 -1 
907 354 8 18 0.5846781134605408 1 -1 -1 
229 338 6 17 0.5815559029579163 1 -1 -1 
867 520 10 29 0.5793715119361877 1 -1 -1 
1070 547 20 22 0.5786707401275635 3 -1 -1 
823 481 15 20 0.5769455432891846 10 -1 -1 
1088 703 22 34 0.5759783983230591 3 -1 -1 
1040 526 14 30 0.5737556219100952 1 -1 -1 
494 255 12 12 0.5736752152442932 4 -1 -1 
918 528 16 27 0.5689685940742493 10 -1 -1 
1171 368 12 18 0.5689569711685181 1 -1 -1 
258 299 6 15 0.5682250261306763 1 -1 -1 
956 703 42 24 0.5677765011787415 3 -1 -1 
1073 639 39 25 0.5673691630363464 3 -1 -1 
0 470 78 40 0.5655093789100647 4 -1 -1 
1190 607 16 38 0.565497636795044 1 -1 -1 
1155 623 20 34 0.5642954111099243 2 -1 -1 
1225 513 11 27 0.5639535188674927 1 -1 -1 
3 456 91 36 0.5630984902381897 4 -1 -1 
748 337 8 18 0.5610589385032654 1 -1 -1 
1193 401 6 17 0.5592118501663208 1 -1 -1 
881 373 9 20 0.5586734414100647 1 -1 -1 
100 385 67 30 0.5559400320053101 4 -1 -1 
996 654 15 34 0.5558186769485474 2 -1 -1 
1137 551 11 29 0.554366409778595 1 -1 -1 
1198 624 13 38 0.5525833368301392 1 -1 -1 
1027 675 19 36 0.5514786243438721 10 -1 -1 
921 409 184 70 0.5513762831687927 4 -1 -1 
55 436 86 32 0.549980103969574 4 -1 -1 
909 512 13 22 0.5469077825546265 3 -1 -1 
919 522 14 25 0.5450564622879028 2 -1 -1 
1059 657 20 38 0.5445226430892944 2 -1 -1 
1068 706 20 42 0.5405117869377136 1 -1 -1 
93 412 81 30 0.5399309992790222 4 -1 -1 
513 274 16 17 0.53849858045578 4 -1 -1 
1236 600 11 38 0.5340673327445984 1 -1 -1 
1029 677 16 34 0.5340099334716797 3 -1 -1 
235 336 7 19 0.533782958984375 1 -1 -1 
1193 625 16 40 0.5330443978309631 1 -1 -1 
864 520 12 33 0.5329792499542236 1 -1 -1 
1056 664 25 35 0.5309818983078003 10 -1 -1 
0 432 10 30 0.524423360824585 1 -1 -1 
1107 731 22 32 0.5228464007377625 2 -1 -1 
1050 550 11 34 0.5219866037368774 1 -1 -1 
252 378 9 15 0.5213795900344849 2 -1 -1 
660 280 16 14 0.5213420987129211 4 -1 -1 
461 293 17 15 0.5205826163291931 4 -1 -1 
896 374 8 20 0.5201365351676941 1 -1 -1 
925 640 28 27 0.5164988040924072 3 -1 -1 
921 409 184 70 0.41511043906211853 1 -1 -1 
921 409 184 70 0.4089830219745636 10 -1 -1 
921 409 184 70 0.38511595129966736 6 -1 -1 
921 409 184 70 0.3809463381767273 5 -1 -1 
921 409 184 70 0.3666948080062866 7 -1 -1 
824 632 143 135 0.36230069398880005 4 -1 -1 
921 409 184 70 0.3381696045398712 3 -1 -1 
921 409 184 70 0.33777162432670593 2 -1 -1 
824 632 140 136 0.3032240867614746 2 -1 -1 
921 409 184 70 0.3025831878185272 8 -1 -1 
1111 471 94 41 0.29289039969444275 5 -1 -1 
0 459 92 37 0.29108381271362305 5 -1 -1 
1174 464 89 42 0.2861969769001007 5 -1 -1 
824 632 143 135 0.2847135066986084 10 -1 -1 
824 632 143 135 0.26643720269203186 1 -1 -1 
823 632 138 133 0.259662389755249 3 -1 -1 
824 632 143 135 0.2595534920692444 5 -1 -1 
1193 606 26 44 0.25420016050338745 1 -1 -1 
452 718 107 47 0.25373348593711853 5 -1 -1 
0 467 81 45 0.24587443470954895 5 -1 -1 
1086 572 25 41 0.2397320568561554 1 -1 -1 
456 716 104 49 0.23969806730747223 6 -1 -1 
824 632 140 136 0.2380673587322235 6 -1 -1 
823 632 138 133 0.23790204524993896 7 -1 -1 
1309 645 27 42 0.23421749472618103 1 -1 -1 
15 451 101 37 0.22732064127922058 4 -1 -1 
82 416 95 36 0.21010856330394745 4 -1 -1 
1249 525 102 39 0.20814962685108185 4 -1 -1 
1116 729 36 34 0.20625224709510803 3 -1 -1 
1237 538 101 40 0.1971745789051056 5 -1 -1 
452 718 107 47 0.19513823091983795 4 -1 -1 
37 447 99 38 0.19279204308986664 4 -1 -1 
823 632 138 133 0.19228065013885498 8 -1 -1 
1216 605 21 43 0.18336576223373413 1 -1 -1 
54 434 96 35 0.18296445906162262 5 -1 -1 
1103 731 38 32 0.17115527391433716 2 -1 -1 
1096 732 38 31 0.17029644548892975 10 -1 -1 
1251 502 95 38 0.17024609446525574 5 -1 -1 
1097 731 38 32 0.16821764409542084 1 -1 -1 
487 672 72 84 0.1634485125541687 4 -1 -1 
8 453 108 37 0.1610373854637146 5 -1 -1 
65 426 102 34 0.15909497439861298 4 -1 -1 
95 420 104 40 0.15562640130519867 4 -1 -1 
485 680 73 80 0.15363985300064087 5 -1 -1 
1145 626 33 41 0.14845383167266846 2 -1 -1 
1187 609 24 50 0.14632728695869446 1 -1 -1 
146 396 141 74 0.14447259902954102 6 -1 -1 
1240 537 94 41 0.14259310066699982 6 -1 -1 
121 535 26 40 0.13460838794708252 1 -1 -1 
1101 557 22 47 0.13223309814929962 1 -1 -1 
98 410 99 40 0.12861241400241852 4 -1 -1 
456 716 104 49 0.12777870893478394 9 -1 -1 
93 397 90 35 0.12525594234466553 4 -1 -1 
1105 730 42 34 0.12421013414859772 10 -1 -1 
453 717 105 47 0.1234925389289856 8 -1 -1 
89 413 94 37 0.12204782664775848 5 -1 -1 
1178 598 29 45 0.12111758440732956 1 -1 -1 
105 427 109 42 0.11387195438146591 4 -1 -1 
1105 730 42 34 0.11262442916631699 1 -1 -1 
969 407 138 47 0.11101077497005463 9 -1 -1 
1145 627 33 40 0.10882499068975449 3 -1 -1 
1102 730 40 33 0.10850081592798233 3 -1 -1 
1173 596 24 40 0.10834737122058868 1 -1 -1 
1145 627 33 39 0.10772623121738434 1 -1 -1 
1225 601 21 46 0.10751274228096008 1 -1 -1 
498 667 60 72 0.10593371838331223 5 -1 -1 
37 447 99 38 0.10493753105401993 5 -1 -1 
426 710 111 54 0.10467526316642761 4 -1 -1 
165 310 47 16 0.10179813951253891 5 -1 -1 
1184 627 25 42 0.10146421939134598 1 -1 -1 
1252 500 94 40 0.09877458959817886 6 -1 -1 
1094 732 37 31 0.09800832718610764 3 -1 -1 
75 434 102 40 0.09664562344551086 4 -1 -1 
485 680 73 80 0.09566058218479156 6 -1 -1 
1082 574 19 41 0.09553992748260498 1 -1 -1 
999 419 107 65 0.09485269337892532 9 -1 -1 
1073 585 23 43 0.0940009281039238 1 -1 -1 
125 411 135 59 0.09251309186220169 6 -1 -1 
760 364 42 22 0.09133302420377731 5 -1 -1 
1145 627 33 40 0.09087734669446945 4 -1 -1 
1206 601 34 44 0.09080026298761368 1 -1 -1 
903 108 94 51 0.08843972533941269 4 -1 -1 
0 321 87 45 0.08743789047002792 6 -1 -1 
752 285 42 21 0.08640922605991364 4 -1 -1 
65 426 102 34 0.08604460209608078 5 -1 -1 
920 408 106 67 0.0857391357421875 9 -1 -1 
1249 525 102 39 0.08545934408903122 5 -1 -1 
0 321 87 45 0.08542832732200623 4 -1 -1 
0 319 86 46 0.08541037142276764 5 -1 -1 
984 451 114 41 0.08539889752864838 9 -1 -1 
64 446 96 44 0.08479765057563782 4 -1 -1 
1173 464 90 42 0.0835745632648468 6 -1 -1 
417 702 77 61 0.08241820335388184 4 -1 -1 
1112 473 92 39 0.08169713616371155 9 -1 -1 
26 456 102 41 0.08078069984912872 4 -1 -1 
1240 537 94 41 0.07996499538421631 8 -1 -1 
1111 471 94 41 0.0798337310552597 6 -1 -1 
93 397 90 35 0.07982752472162247 5 -1 -1 
1174 464 89 42 0.07982201874256134 9 -1 -1 
1008 413 101 51 0.07913646847009659 9 -1 -1 
1240 537 94 41 0.07859715074300766 7 -1 -1 
133 412 103 57 0.07825923711061478 4 -1 -1 
426 710 111 54 0.0779460147023201 5 -1 -1 
976 435 124 53 0.0777808204293251 4 -1 -1 
1344 677 14 47 0.0774330347776413 1 -1 -1 
1251 501 95 39 0.07659797370433807 9 -1 -1 
946 555 19 46 0.07461345195770264 1 -1 -1 
984 451 114 41 0.07448625564575195 4 -1 -1 
976 435 124 53 0.07433360815048218 9 -1 -1 
53 458 98 46 0.07309295237064362 4 -1 -1 
87 421 99 40 0.0727662593126297 5 -1 -1 
190 511 23 44 0.07276029884815216 1 -1 -1 
1077 571 29 41 0.071620412170887 1 -1 -1 
914 104 90 84 0.07117254287004471 4 -1 -1 
452 718 107 47 0.07103680074214935 7 -1 -1 
1155 537 20 44 0.07061567157506943 1 -1 -1 
117 425 112 45 0.06939129531383514 6 -1 -1 
1258 539 105 44 0.06853027641773224 4 -1 -1 
813 642 70 123 0.06814511120319366 9 -1 -1 
945 551 22 47 0.06565647572278976 2 -1 -1 
1211 608 29 48 0.06560584157705307 1 -1 -1 
1306 653 30 36 0.06526797264814377 2 -1 -1 
1237 538 101 40 0.06525065004825592 1 -1 -1 
1305 729 27 35 0.06471461057662964 2 -1 -1 
760 364 42 22 0.06416285783052444 6 -1 -1 
116 401 109 58 0.06409365683794022 6 -1 -1 
1240 537 94 41 0.06402385979890823 9 -1 -1 
166 302 48 23 0.06384336203336716 4 -1 -1 
923 403 167 44 0.063827745616436 9 -1 -1 
1145 627 33 40 0.06353091448545456 7 -1 -1 
121 534 26 39 0.06252662092447281 2 -1 -1 
1251 500 95 39 0.06147006154060364 1 -1 -1 
