517 341 34 30 0.9134865999221802 4 -1 -1 
245 311 34 24 0.9081299304962158 8 -1 -1 
179 353 37 45 0.903535008430481 8 -1 -1 
425 328 28 26 0.887687623500824 4 -1 -1 
407 245 8 13 0.8846776485443115 8 -1 -1 
124 351 37 43 0.8821746706962585 8 -1 -1 
168 325 32 31 0.880885124206543 8 -1 -1 
157 337 28 36 0.8766800761222839 8 -1 -1 
287 379 48 44 0.8743093013763428 4 -1 -1 
399 277 31 19 0.8555777668952942 4 -1 -1 
255 345 34 33 0.8400284647941589 4 -1 -1 
0 390 117 77 0.8357382416725159 5 -1 -1 
339 318 26 26 0.8304198384284973 4 -1 -1 
10 503 46 30 0.8002158999443054 10 -1 -1 
250 322 23 27 0.775418758392334 8 -1 -1 
361 254 15 15 0.7651686072349548 4 -1 -1 
448 247 14 11 0.7584495544433594 4 -1 -1 
72 484 13 37 0.7423310279846191 1 -1 -1 
220 367 46 38 0.7354880571365356 4 -1 -1 
235 439 22 29 0.7304802536964417 3 -1 -1 
127 330 27 17 0.7251127362251282 10 -1 -1 
287 354 11 20 0.7121390104293823 2 -1 -1 
182 312 36 21 0.7061651349067688 7 -1 -1 
479 353 12 20 0.6809186339378357 2 -1 -1 
456 368 12 23 0.6732307076454163 2 -1 -1 
324 302 20 12 0.6723270416259766 10 -1 -1 
525 385 13 24 0.6676620841026306 10 -1 -1 
455 350 9 17 0.6642085313796997 10 -1 -1 
76 474 14 38 0.661686360836029 1 -1 -1 
291 261 17 14 0.6547173857688904 4 -1 -1 
464 263 11 13 0.64872145652771 5 -1 -1 
237 427 16 34 0.6438788175582886 2 -1 -1 
283 277 14 11 0.6421255469322205 10 -1 -1 
360 281 9 10 0.639039158821106 10 -1 -1 
287 361 11 19 0.6347268223762512 10 -1 -1 
433 259 5 10 0.6304379105567932 2 -1 -1 
457 279 6 13 0.6282297968864441 2 -1 -1 
482 385 12 23 0.6227226257324219 2 -1 -1 
526 378 12 21 0.6226332187652588 2 -1 -1 
455 375 13 22 0.620631217956543 10 -1 -1 
315 359 10 19 0.6204730272293091 10 -1 -1 
455 344 8 17 0.6192283034324646 2 -1 -1 
53 379 31 22 0.617615282535553 10 -1 -1 
600 435 15 32 0.6169601082801819 2 -1 -1 
329 296 8 14 0.6168219447135925 2 -1 -1 
233 328 7 21 0.6158484816551208 1 -1 -1 
487 297 6 17 0.6114875674247742 2 -1 -1 
487 303 6 14 0.6111766695976257 3 -1 -1 
361 277 7 11 0.6099900603294373 2 -1 -1 
601 446 13 29 0.6094956398010254 3 -1 -1 
385 260 15 16 0.6058852076530457 4 -1 -1 
433 263 5 9 0.6020870804786682 10 -1 -1 
480 360 10 20 0.6018069982528687 10 -1 -1 
414 298 26 25 0.5880834460258484 5 -1 -1 
463 253 12 12 0.5872243046760559 5 -1 -1 
501 384 11 22 0.5785999298095703 10 -1 -1 
534 308 22 30 0.5779662728309631 8 -1 -1 
420 262 5 11 0.5770676136016846 2 -1 -1 
63 370 14 27 0.5720705389976501 2 -1 -1 
501 375 11 25 0.571938693523407 2 -1 -1 
311 289 14 10 0.5707644820213318 10 -1 -1 
413 299 27 24 0.5705918669700623 4 -1 -1 
115 362 10 20 0.5650853514671326 2 -1 -1 
401 231 7 10 0.5580469965934753 8 -1 -1 
393 221 10 10 0.5573673844337463 6 -1 -1 
261 393 21 21 0.557066798210144 10 -1 -1 
242 412 17 32 0.5472203493118286 2 -1 -1 
123 480 15 33 0.5433779358863831 1 -1 -1 
306 255 13 14 0.542069137096405 8 -1 -1 
446 275 6 9 0.5387435555458069 10 -1 -1 
315 350 10 21 0.5354224443435669 2 -1 -1 
344 272 9 15 0.5286678671836853 10 -1 -1 
457 282 7 13 0.528257429599762 10 -1 -1 
323 313 8 16 0.5227473974227905 10 -1 -1 
667 487 58 36 0.5197504758834839 10 -1 -1 
290 286 6 12 0.5190427303314209 2 -1 -1 
482 393 12 23 0.5186269879341125 3 -1 -1 
55 377 11 20 0.5107541084289551 2 -1 -1 
445 262 6 10 0.5058310627937317 2 -1 -1 
419 250 9 13 0.505125880241394 8 -1 -1 
533 315 16 23 0.4996154308319092 8 -1 -1 
289 292 6 11 0.49660995602607727 10 -1 -1 
82 367 30 20 0.49488386511802673 7 -1 -1 
385 260 15 16 0.492251992225647 6 -1 -1 
391 215 7 8 0.48468321561813354 7 -1 -1 
59 376 14 20 0.4836985468864441 2 -1 -1 
128 312 13 19 0.4796542525291443 10 -1 -1 
60 373 20 26 0.47798460721969604 2 -1 -1 
82 357 32 19 0.4771202504634857 7 -1 -1 
269 368 10 18 0.4730447232723236 2 -1 -1 
350 245 4 8 0.4691199064254761 10 -1 -1 
105 478 13 28 0.4665747880935669 1 -1 -1 
82 357 17 18 0.4605717062950134 3 -1 -1 
267 381 12 28 0.45711764693260193 2 -1 -1 
445 270 7 10 0.4526829421520233 2 -1 -1 
152 307 20 14 0.4445526897907257 10 -1 -1 
407 246 9 12 0.44333091378211975 7 -1 -1 
419 266 6 9 0.4420170783996582 10 -1 -1 
316 283 7 13 0.43945303559303284 2 -1 -1 
269 368 10 23 0.4336828589439392 1 -1 -1 
241 300 15 13 0.43181297183036804 10 -1 -1 
381 228 4 6 0.4270887076854706 2 -1 -1 
462 253 13 12 0.4238942563533783 4 -1 -1 
225 298 7 14 0.42248180508613586 2 -1 -1 
236 427 23 38 0.41894659399986267 3 -1 -1 
236 312 38 34 0.4156690239906311 8 -1 -1 
120 477 15 31 0.4154938757419586 1 -1 -1 
314 265 6 14 0.41319137811660767 1 -1 -1 
391 215 7 8 0.4103999733924866 8 -1 -1 
440 258 5 11 0.40954500436782837 2 -1 -1 
511 284 9 16 0.4079671800136566 2 -1 -1 
166 299 8 17 0.4076378345489502 2 -1 -1 
252 259 26 15 0.40655308961868286 4 -1 -1 
446 239 8 10 0.4064454436302185 8 -1 -1 
344 263 7 14 0.4052402675151825 2 -1 -1 
350 244 4 7 0.4041482210159302 2 -1 -1 
401 231 7 10 0.40361523628234863 7 -1 -1 
269 381 10 28 0.40235793590545654 1 -1 -1 
0 391 119 76 0.40140968561172485 4 -1 -1 
124 371 35 22 0.40070122480392456 8 -1 -1 
345 266 7 14 0.39696893095970154 2 -1 -1 
482 393 11 23 0.39681676030158997 10 -1 -1 
103 358 26 22 0.3965822756290436 10 -1 -1 
162 326 37 30 0.39568278193473816 7 -1 -1 
509 265 39 23 0.39451339840888977 8 -1 -1 
285 275 9 10 0.3914959728717804 2 -1 -1 
235 437 22 31 0.386680006980896 10 -1 -1 
440 258 5 11 0.38561978936195374 1 -1 -1 
380 229 5 7 0.38482797145843506 10 -1 -1 
324 310 7 16 0.38402625918388367 2 -1 -1 
105 478 13 29 0.37893155217170715 2 -1 -1 
509 265 27 20 0.37508922815322876 8 -1 -1 
246 325 7 22 0.37423139810562134 1 -1 -1 
360 278 8 12 0.37166115641593933 10 -1 -1 
63 369 13 28 0.36888986825942993 1 -1 -1 
419 250 10 13 0.36825621128082275 7 -1 -1 
420 267 5 9 0.366523414850235 2 -1 -1 
183 310 26 18 0.36612728238105774 7 -1 -1 
52 379 18 25 0.36537203192710876 10 -1 -1 
204 272 13 13 0.36430880427360535 10 -1 -1 
53 378 18 25 0.3626498878002167 2 -1 -1 
393 221 10 10 0.36192163825035095 4 -1 -1 
498 280 7 15 0.36130934953689575 2 -1 -1 
326 299 15 13 0.35980477929115295 2 -1 -1 
306 254 13 13 0.35484468936920166 4 -1 -1 
200 273 14 13 0.35455504059791565 10 -1 -1 
464 263 11 12 0.3522395193576813 4 -1 -1 
183 312 34 19 0.3508116900920868 8 -1 -1 
498 280 7 18 0.35046884417533875 1 -1 -1 
47 280 15 11 0.3500572443008423 8 -1 -1 
226 302 7 14 0.3496105670928955 10 -1 -1 
53 487 89 52 0.3486086130142212 8 -1 -1 
303 266 11 13 0.3473064601421356 7 -1 -1 
438 246 4 8 0.3469069302082062 2 -1 -1 
511 290 9 13 0.3440285325050354 10 -1 -1 
150 329 37 22 0.343630850315094 7 -1 -1 
55 485 87 53 0.34071865677833557 7 -1 -1 
663 475 61 42 0.33211055397987366 10 -1 -1 
82 355 30 20 0.32041072845458984 10 -1 -1 
534 306 25 22 0.3122692108154297 8 -1 -1 
236 427 16 34 0.2997605502605438 1 -1 -1 
238 423 21 31 0.2994784116744995 2 -1 -1 
263 384 19 29 0.2932843863964081 10 -1 -1 
617 406 32 23 0.28294387459754944 10 -1 -1 
243 311 35 24 0.2715062201023102 7 -1 -1 
82 367 29 20 0.27125051617622375 8 -1 -1 
243 413 16 31 0.27122753858566284 1 -1 -1 
600 435 15 32 0.2691599428653717 1 -1 -1 
84 358 33 27 0.25824326276779175 7 -1 -1 
239 422 21 31 0.2536737620830536 3 -1 -1 
669 494 61 40 0.24179992079734802 10 -1 -1 
486 205 84 44 0.23767909407615662 6 -1 -1 
55 488 87 51 0.22575947642326355 6 -1 -1 
665 472 64 39 0.22489599883556366 4 -1 -1 
667 482 58 36 0.22137205302715302 4 -1 -1 
533 308 23 29 0.22091519832611084 7 -1 -1 
81 355 32 20 0.21459926664829254 3 -1 -1 
54 489 89 49 0.21220877766609192 4 -1 -1 
656 466 65 36 0.21105164289474487 10 -1 -1 
264 382 17 30 0.20755743980407715 1 -1 -1 
501 220 69 33 0.20480869710445404 6 -1 -1 
516 205 60 45 0.20467831194400787 6 -1 -1 
654 465 72 34 0.20178978145122528 4 -1 -1 
237 426 20 35 0.19855491816997528 10 -1 -1 
823 249 65 54 0.1951211839914322 4 -1 -1 
239 422 21 31 0.1933455467224121 10 -1 -1 
600 445 16 30 0.19171789288520813 10 -1 -1 
619 398 27 27 0.1895088404417038 10 -1 -1 
261 392 22 23 0.18933650851249695 3 -1 -1 
238 423 21 31 0.1883057951927185 1 -1 -1 
226 265 36 17 0.18400664627552032 4 -1 -1 
178 353 39 46 0.18378444015979767 7 -1 -1 
222 267 38 16 0.18020936846733093 6 -1 -1 
251 322 22 27 0.17829999327659607 7 -1 -1 
533 311 21 29 0.17356939613819122 6 -1 -1 
534 305 25 24 0.1714538335800171 7 -1 -1 
54 489 89 49 0.16820812225341797 5 -1 -1 
261 390 22 24 0.16795848309993744 2 -1 -1 
242 414 18 32 0.16562820971012115 3 -1 -1 
82 357 32 19 0.1615319848060608 8 -1 -1 
651 456 89 38 0.15924635529518127 4 -1 -1 
527 207 67 43 0.1576375514268875 6 -1 -1 
509 261 73 29 0.154505655169487 6 -1 -1 
243 315 30 33 0.15258856117725372 7 -1 -1 
0 387 95 78 0.14890918135643005 8 -1 -1 
667 470 71 40 0.14748598635196686 10 -1 -1 
261 390 22 24 0.14663352072238922 1 -1 -1 
235 437 22 31 0.14591746032238007 7 -1 -1 
534 307 24 26 0.1458839774131775 6 -1 -1 
253 315 24 28 0.1432851105928421 8 -1 -1 
88 485 56 54 0.14275994896888733 8 -1 -1 
534 308 22 30 0.1414860039949417 5 -1 -1 
525 219 63 36 0.14097754657268524 6 -1 -1 
0 389 94 79 0.1403713971376419 9 -1 -1 
93 483 49 55 0.13994711637496948 7 -1 -1 
646 454 65 40 0.13990192115306854 4 -1 -1 
339 318 26 26 0.13885103166103363 5 -1 -1 
242 414 18 32 0.13695713877677917 10 -1 -1 
122 350 40 45 0.13691051304340363 7 -1 -1 
267 368 13 28 0.13622449338436127 1 -1 -1 
500 375 13 29 0.13198290765285492 1 -1 -1 
500 375 13 29 0.13101698458194733 10 -1 -1 
239 263 32 19 0.13094621896743774 4 -1 -1 
644 440 78 50 0.12903164327144623 4 -1 -1 
684 499 60 40 0.12633758783340454 10 -1 -1 
413 299 27 24 0.12552611529827118 6 -1 -1 
676 487 66 43 0.12505775690078735 10 -1 -1 
534 307 24 26 0.12454621493816376 4 -1 -1 
531 214 87 43 0.12238770723342896 6 -1 -1 
671 462 78 41 0.12224411219358444 4 -1 -1 
641 433 70 45 0.12220250815153122 4 -1 -1 
613 403 26 26 0.12079691141843796 10 -1 -1 
478 351 13 30 0.12042254954576492 1 -1 -1 
779 256 105 55 0.11972091346979141 4 -1 -1 
235 417 20 31 0.11948459595441818 2 -1 -1 
513 254 82 30 0.11905203014612198 6 -1 -1 
245 311 34 24 0.11733610928058624 4 -1 -1 
601 435 14 32 0.1161189079284668 3 -1 -1 
481 384 14 30 0.11610817909240723 1 -1 -1 
245 311 34 24 0.11559779196977615 5 -1 -1 
621 394 20 27 0.11554249376058578 10 -1 -1 
246 311 33 24 0.11385491490364075 3 -1 -1 
643 430 118 78 0.1107795387506485 4 -1 -1 
532 313 19 27 0.11041907966136932 7 -1 -1 
246 311 33 24 0.11006493866443634 2 -1 -1 
233 312 42 30 0.10981062799692154 7 -1 -1 
246 311 33 24 0.10969583690166473 10 -1 -1 
250 322 23 27 0.10915153473615646 5 -1 -1 
624 399 31 27 0.10891209542751312 10 -1 -1 
535 306 25 23 0.10880272090435028 5 -1 -1 
255 345 34 33 0.10833324491977692 6 -1 -1 
535 205 92 43 0.10766233503818512 6 -1 -1 
635 426 73 41 0.10737045854330063 4 -1 -1 
0 390 117 77 0.1072586253285408 6 -1 -1 
84 358 33 27 0.1068592444062233 8 -1 -1 
617 405 31 24 0.10682636499404907 3 -1 -1 
251 322 22 27 0.10645214468240738 10 -1 -1 
223 267 38 16 0.10617633163928986 7 -1 -1 
399 278 31 18 0.10563787072896957 5 -1 -1 
287 379 48 44 0.0966811403632164 5 -1 -1 
759 256 132 64 0.07275386899709702 5 -1 -1 
672 431 130 80 0.06766632199287415 4 -1 -1 
286 378 49 45 0.06627592444419861 1 -1 -1 
643 430 118 78 0.06342381983995438 5 -1 -1 
0 389 117 79 0.05986616387963295 1 -1 -1 
628 427 104 94 0.05807913839817047 4 -1 -1 
287 379 48 44 0.05599408224225044 9 -1 -1 
643 430 118 78 0.055707745254039764 6 -1 -1 
758 260 133 64 0.05377268046140671 9 -1 -1 
773 246 140 70 0.05344865471124649 4 -1 -1 
227 310 50 40 0.050870880484580994 6 -1 -1 
0 390 117 77 0.05007416382431984 10 -1 -1 
