351 199 81 47 0.9703940153121948 5 -1 -1 
712 166 71 36 0.9281095862388611 4 -1 -1 
833 197 55 34 0.9231180548667908 4 -1 -1 
403 506 125 120 0.9159864783287048 4 -1 -1 
684 186 62 42 0.9014866352081299 4 -1 -1 
993 657 99 71 0.895440936088562 3 -1 -1 
518 174 72 34 0.8761433959007263 4 -1 -1 
733 126 40 23 0.8573867678642273 4 -1 -1 
848 149 50 24 0.855908989906311 4 -1 -1 
813 165 48 30 0.8547059297561646 4 -1 -1 
170 370 61 43 0.8537903428077698 10 -1 -1 
267 209 97 47 0.8474175333976746 4 -1 -1 
408 199 77 37 0.8364697694778442 4 -1 -1 
1145 473 115 116 0.8277637958526611 4 -1 -1 
1102 571 256 172 0.8272512555122375 4 -1 -1 
491 207 13 36 0.8193728923797607 1 -1 -1 
740 150 66 24 0.816338837146759 4 -1 -1 
439 187 78 36 0.8033744692802429 4 -1 -1 
667 143 21 15 0.7651129364967346 10 -1 -1 
488 185 66 32 0.7631670236587524 4 -1 -1 
268 334 20 57 0.7262764573097229 1 -1 -1 
543 329 22 51 0.7067592740058899 2 -1 -1 
1025 626 48 83 0.6978289484977722 2 -1 -1 
1234 91 33 14 0.696563720703125 4 -1 -1 
552 166 64 34 0.6740060448646545 4 -1 -1 
84 194 32 25 0.6453688740730286 10 -1 -1 
768 133 41 24 0.6339311599731445 5 -1 -1 
543 350 22 41 0.6307448744773865 10 -1 -1 
1245 108 20 18 0.6112119555473328 4 -1 -1 
984 406 118 135 0.6109575033187866 4 -1 -1 
557 153 10 24 0.6040300130844116 1 -1 -1 
180 355 27 59 0.5473034977912903 2 -1 -1 
775 146 45 23 0.5277175903320312 4 -1 -1 
543 349 22 42 0.5055168271064758 3 -1 -1 
825 111 8 20 0.5009251832962036 1 -1 -1 
862 126 57 24 0.4738899767398834 4 -1 -1 
763 123 40 20 0.46424973011016846 4 -1 -1 
999 632 78 79 0.4401431977748871 2 -1 -1 
575 154 27 18 0.43314462900161743 10 -1 -1 
1216 133 70 30 0.4208700358867645 4 -1 -1 
1216 131 49 24 0.41947242617607117 4 -1 -1 
1286 64 29 22 0.41228872537612915 4 -1 -1 
995 645 83 66 0.40285733342170715 3 -1 -1 
1271 105 37 18 0.40189507603645325 4 -1 -1 
1245 108 19 17 0.40093308687210083 5 -1 -1 
579 157 31 19 0.38975778222084045 10 -1 -1 
1266 92 31 18 0.38932326436042786 4 -1 -1 
769 139 51 28 0.38765501976013184 5 -1 -1 
180 355 25 55 0.38640096783638 1 -1 -1 
865 126 54 28 0.3792255222797394 5 -1 -1 
1173 152 63 35 0.36741799116134644 4 -1 -1 
1226 168 78 31 0.36645981669425964 4 -1 -1 
1271 99 47 22 0.3643932342529297 4 -1 -1 
1267 95 23 16 0.3535921573638916 4 -1 -1 
854 136 56 24 0.34891021251678467 4 -1 -1 
93 190 14 25 0.3467544615268707 2 -1 -1 
1237 78 22 15 0.3389468491077423 4 -1 -1 
1205 130 50 23 0.336835116147995 4 -1 -1 
583 155 23 19 0.3305366039276123 10 -1 -1 
1268 93 35 23 0.3295576870441437 4 -1 -1 
1170 148 52 34 0.3271535038948059 4 -1 -1 
535 171 70 31 0.32198846340179443 4 -1 -1 
994 651 95 70 0.3214634954929352 2 -1 -1 
575 156 17 19 0.32033228874206543 10 -1 -1 
1214 160 74 35 0.3061046302318573 4 -1 -1 
766 129 39 23 0.29961857199668884 4 -1 -1 
1199 132 67 30 0.29929307103157043 4 -1 -1 
557 154 10 23 0.29507866501808167 2 -1 -1 
421 195 75 36 0.29104509949684143 4 -1 -1 
348 200 84 46 0.2897297739982605 4 -1 -1 
879 129 43 25 0.28769493103027344 4 -1 -1 
327 209 38 45 0.2848992347717285 4 -1 -1 
1025 626 48 83 0.2824242413043976 1 -1 -1 
1266 101 31 21 0.28231871128082275 4 -1 -1 
1181 147 79 39 0.27962183952331543 4 -1 -1 
1202 150 77 40 0.27472877502441406 4 -1 -1 
1209 142 79 40 0.27221325039863586 4 -1 -1 
1288 63 43 23 0.26833850145339966 4 -1 -1 
556 166 61 34 0.2682691812515259 5 -1 -1 
501 180 62 33 0.26674917340278625 4 -1 -1 
1186 138 84 40 0.26409587264060974 4 -1 -1 
1183 128 57 26 0.25877442955970764 4 -1 -1 
543 329 22 49 0.2569621205329895 1 -1 -1 
778 146 42 23 0.2565329968929291 5 -1 -1 
1225 89 24 16 0.25185009837150574 4 -1 -1 
767 125 48 22 0.2502465844154358 4 -1 -1 
179 355 20 46 0.24818913638591766 2 -1 -1 
768 135 50 26 0.2461918145418167 4 -1 -1 
1268 62 21 29 0.2439156323671341 6 -1 -1 
267 334 33 58 0.24323835968971252 1 -1 -1 
1103 570 255 172 0.23979750275611877 5 -1 -1 
462 185 63 35 0.23963512480258942 4 -1 -1 
1177 127 50 36 0.2385438233613968 4 -1 -1 
1226 87 34 16 0.23820911347866058 4 -1 -1 
1229 145 70 30 0.2377438098192215 4 -1 -1 
766 123 33 14 0.23420636355876923 4 -1 -1 
1259 98 7 14 0.2332037091255188 1 -1 -1 
1268 101 23 16 0.23268084228038788 4 -1 -1 
88 194 21 23 0.22964182496070862 10 -1 -1 
1176 133 45 41 0.22863203287124634 4 -1 -1 
268 334 17 33 0.22842125594615936 2 -1 -1 
1286 0 36 86 0.22801774740219116 9 -1 -1 
823 110 6 18 0.22788402438163757 1 -1 -1 
800 141 18 28 0.22649413347244263 4 -1 -1 
575 156 13 18 0.22637233138084412 2 -1 -1 
543 347 22 43 0.22601893544197083 2 -1 -1 
172 358 43 52 0.22561578452587128 2 -1 -1 
557 158 11 23 0.2252727597951889 1 -1 -1 
1241 75 21 16 0.22509711980819702 4 -1 -1 
1214 123 39 25 0.2246813178062439 4 -1 -1 
586 154 15 16 0.22466962039470673 10 -1 -1 
1181 122 48 28 0.22462593019008636 4 -1 -1 
1153 153 67 38 0.22369499504566193 4 -1 -1 
1288 0 59 86 0.22174008190631866 9 -1 -1 
1019 627 55 84 0.21920698881149292 3 -1 -1 
1209 170 83 40 0.21770338714122772 4 -1 -1 
980 351 162 194 0.21582812070846558 4 -1 -1 
267 333 17 41 0.21498975157737732 1 -1 -1 
1153 141 61 38 0.2146613895893097 4 -1 -1 
1232 80 24 15 0.21463827788829803 4 -1 -1 
557 158 11 23 0.21361400187015533 3 -1 -1 
861 124 52 22 0.21352669596672058 5 -1 -1 
421 207 15 33 0.21261444687843323 1 -1 -1 
574 157 14 18 0.2087334394454956 1 -1 -1 
862 127 56 23 0.2077004611492157 6 -1 -1 
857 147 51 19 0.2074430286884308 4 -1 -1 
1302 76 9 23 0.20603054761886597 1 -1 -1 
1265 98 16 14 0.2028796523809433 4 -1 -1 
861 123 45 24 0.20235522091388702 4 -1 -1 
170 370 62 43 0.19954916834831238 4 -1 -1 
1244 139 55 28 0.19943419098854065 4 -1 -1 
431 185 87 40 0.19804233312606812 5 -1 -1 
829 105 16 12 0.19688783586025238 10 -1 -1 
575 156 20 17 0.19681374728679657 2 -1 -1 
1245 108 20 18 0.19539114832878113 6 -1 -1 
1180 132 75 40 0.1936081051826477 4 -1 -1 
486 184 67 33 0.19333994388580322 5 -1 -1 
766 129 39 23 0.19238387048244476 5 -1 -1 
418 203 22 34 0.19203494489192963 1 -1 -1 
556 165 16 19 0.19162628054618835 3 -1 -1 
1178 145 56 33 0.18937630951404572 4 -1 -1 
1233 130 67 33 0.1884576678276062 4 -1 -1 
386 195 85 40 0.1880006343126297 4 -1 -1 
1201 162 69 38 0.18718041479587555 4 -1 -1 
1162 126 56 46 0.18700723350048065 4 -1 -1 
267 210 98 46 0.1864321082830429 5 -1 -1 
588 159 25 20 0.18491363525390625 10 -1 -1 
1207 97 32 22 0.18291938304901123 4 -1 -1 
1177 131 121 53 0.18230247497558594 4 -1 -1 
171 369 61 44 0.18219134211540222 2 -1 -1 
575 156 20 17 0.1815001517534256 1 -1 -1 
740 150 66 24 0.18144334852695465 5 -1 -1 
982 448 104 96 0.18141482770442963 4 -1 -1 
426 192 68 28 0.18090170621871948 4 -1 -1 
999 632 78 79 0.18071423470973969 1 -1 -1 
577 155 30 19 0.18035520613193512 3 -1 -1 
667 143 21 15 0.17990118265151978 3 -1 -1 
1239 82 21 14 0.1793687790632248 4 -1 -1 
769 130 50 25 0.17749866843223572 6 -1 -1 
1269 97 28 16 0.17745546996593475 4 -1 -1 
754 139 66 31 0.17731232941150665 4 -1 -1 
1238 177 78 32 0.17718622088432312 4 -1 -1 
892 131 35 24 0.17684027552604675 4 -1 -1 
1274 106 47 19 0.17649821937084198 4 -1 -1 
515 143 12 27 0.17646020650863647 1 -1 -1 
995 654 91 63 0.17643174529075623 10 -1 -1 
839 109 8 18 0.1759708970785141 1 -1 -1 
86 186 26 30 0.175758495926857 10 -1 -1 
352 203 38 40 0.17565873265266418 4 -1 -1 
685 187 61 41 0.17485785484313965 5 -1 -1 
813 165 48 30 0.17404773831367493 5 -1 -1 
1238 114 32 23 0.17396867275238037 4 -1 -1 
983 411 126 131 0.17357607185840607 5 -1 -1 
543 330 22 53 0.17335598170757294 10 -1 -1 
1247 73 21 14 0.17292526364326477 4 -1 -1 
584 157 26 19 0.17274945974349976 3 -1 -1 
1263 100 7 13 0.1714593768119812 1 -1 -1 
1234 197 110 48 0.17104847729206085 4 -1 -1 
1266 105 21 15 0.17039211094379425 4 -1 -1 
1268 108 34 20 0.17011083662509918 4 -1 -1 
800 131 20 34 0.16988784074783325 4 -1 -1 
912 184 57 34 0.1693742424249649 4 -1 -1 
1242 111 34 16 0.16889965534210205 4 -1 -1 
854 136 56 24 0.16876737773418427 5 -1 -1 
674 145 15 13 0.16797499358654022 10 -1 -1 
800 124 29 27 0.16715571284294128 6 -1 -1 
1002 318 170 67 0.16668635606765747 4 -1 -1 
575 156 17 19 0.16658605635166168 3 -1 -1 
1235 166 91 38 0.16616667807102203 4 -1 -1 
96 188 13 24 0.16605637967586517 2 -1 -1 
667 143 20 15 0.1654966175556183 4 -1 -1 
1230 122 59 30 0.16495807468891144 4 -1 -1 
515 152 14 23 0.1638999581336975 3 -1 -1 
893 126 39 25 0.1630663275718689 4 -1 -1 
773 129 46 23 0.16293156147003174 5 -1 -1 
572 158 31 24 0.16258035600185394 10 -1 -1 
1241 72 23 15 0.16240206360816956 4 -1 -1 
909 123 40 25 0.16229741275310516 4 -1 -1 
1250 127 62 33 0.16140508651733398 4 -1 -1 
907 129 43 26 0.15991422533988953 4 -1 -1 
1260 95 29 21 0.1594112366437912 4 -1 -1 
732 126 41 23 0.15923207998275757 5 -1 -1 
175 358 43 52 0.15880484879016876 10 -1 -1 
1288 0 59 86 0.1538771092891693 6 -1 -1 
1309 0 39 66 0.15332508087158203 8 -1 -1 
84 194 32 25 0.14988785982131958 3 -1 -1 
84 190 31 28 0.14853471517562866 2 -1 -1 
403 507 125 118 0.14395315945148468 5 -1 -1 
1126 413 143 192 0.14171485602855682 4 -1 -1 
773 131 47 22 0.14096325635910034 4 -1 -1 
1260 48 22 31 0.13763923943042755 4 -1 -1 
970 368 101 167 0.1376347541809082 4 -1 -1 
751 136 65 34 0.1371985524892807 5 -1 -1 
944 329 158 209 0.13646017014980316 4 -1 -1 
1287 66 32 27 0.13567544519901276 4 -1 -1 
771 141 49 24 0.13531264662742615 6 -1 -1 
351 199 81 47 0.1347484439611435 6 -1 -1 
1272 105 41 18 0.1339453011751175 5 -1 -1 
172 358 43 52 0.13020959496498108 1 -1 -1 
1286 0 36 86 0.1297638714313507 6 -1 -1 
1295 0 54 85 0.1263091266155243 8 -1 -1 
1230 90 35 15 0.12541335821151733 5 -1 -1 
1214 91 30 17 0.12539757788181305 4 -1 -1 
408 199 77 37 0.1253928542137146 5 -1 -1 
729 159 63 32 0.1253516525030136 4 -1 -1 
1269 63 39 27 0.12404315918684006 6 -1 -1 
1164 139 124 69 0.12385042011737823 4 -1 -1 
379 199 69 39 0.12215245515108109 4 -1 -1 
1225 82 30 17 0.12213663756847382 4 -1 -1 
1177 131 121 53 0.12115828692913055 5 -1 -1 
1295 0 54 85 0.12113580852746964 7 -1 -1 
517 176 64 32 0.12042955309152603 5 -1 -1 
1195 132 125 64 0.12003710865974426 4 -1 -1 
1268 62 21 29 0.11857663094997406 5 -1 -1 
1287 63 28 22 0.11770398914813995 9 -1 -1 
1225 87 29 17 0.11753378063440323 5 -1 -1 
1272 63 40 25 0.11610954254865646 4 -1 -1 
713 166 71 36 0.11416720598936081 1 -1 -1 
1309 0 39 66 0.11416668444871902 7 -1 -1 
1268 87 27 20 0.11407462507486343 4 -1 -1 
1287 63 29 23 0.11405515670776367 5 -1 -1 
1230 192 125 60 0.11277228593826294 9 -1 -1 
1314 0 32 57 0.11277157068252563 3 -1 -1 
712 166 71 37 0.11103147268295288 5 -1 -1 
763 125 37 21 0.11035339534282684 5 -1 -1 
778 124 43 20 0.11034291982650757 4 -1 -1 
981 302 203 230 0.10984426736831665 4 -1 -1 
1249 48 31 34 0.10881879180669785 4 -1 -1 
1266 93 31 18 0.10854960232973099 5 -1 -1 
1230 192 125 60 0.10827653110027313 5 -1 -1 
1022 302 159 71 0.10729717463254929 4 -1 -1 
171 369 61 44 0.10695936530828476 1 -1 -1 
1271 99 51 23 0.10687079280614853 5 -1 -1 
712 166 71 37 0.10681676864624023 6 -1 -1 
1268 62 21 29 0.10662709921598434 4 -1 -1 
439 187 77 35 0.10516240447759628 1 -1 -1 
517 175 73 32 0.10445529222488403 1 -1 -1 
1268 62 21 29 0.10418901592493057 8 -1 -1 
1177 131 121 53 0.10393281280994415 9 -1 -1 
462 185 63 35 0.10318353772163391 5 -1 -1 
1284 29 44 59 0.10137618333101273 9 -1 -1 
1271 90 37 19 0.10103252530097961 4 -1 -1 
351 199 81 47 0.10090215504169464 8 -1 -1 
84 194 32 25 0.10061853379011154 4 -1 -1 
1188 145 124 73 0.10055555403232574 4 -1 -1 
1141 468 120 121 0.10028340667486191 5 -1 -1 
170 371 62 42 0.09999570995569229 3 -1 -1 
983 337 186 207 0.08899949491024017 6 -1 -1 
1309 0 39 66 0.08789631724357605 6 -1 -1 
1069 378 187 191 0.08658181875944138 4 -1 -1 
1009 331 234 214 0.08213669061660767 4 -1 -1 
1309 0 39 66 0.08009647578001022 9 -1 -1 
943 267 236 199 0.08001675456762314 4 -1 -1 
1103 568 256 175 0.07943473011255264 1 -1 -1 
1288 0 59 86 0.07924060523509979 5 -1 -1 
1288 0 59 86 0.07815025746822357 4 -1 -1 
957 306 171 227 0.07792052626609802 6 -1 -1 
1108 451 217 215 0.07628851383924484 4 -1 -1 
1286 0 36 86 0.07510348409414291 8 -1 -1 
974 347 154 199 0.07343290746212006 5 -1 -1 
1286 0 36 86 0.07013223320245743 5 -1 -1 
1286 0 36 86 0.06976489722728729 7 -1 -1 
767 133 55 36 0.06969533860683441 9 -1 -1 
740 150 66 24 0.06920468062162399 6 -1 -1 
756 128 59 31 0.0678594633936882 5 -1 -1 
983 401 221 163 0.06766440719366074 4 -1 -1 
981 277 232 150 0.06546518206596375 4 -1 -1 
1286 0 36 86 0.06541669368743896 4 -1 -1 
740 150 66 24 0.06444236636161804 9 -1 -1 
1284 29 44 59 0.06328358501195908 6 -1 -1 
1286 44 57 44 0.06148490682244301 4 -1 -1 
1304 0 43 74 0.06049833446741104 3 -1 -1 
756 128 59 31 0.059256915003061295 4 -1 -1 
1269 92 64 32 0.05875961482524872 4 -1 -1 
1309 0 39 66 0.05599980801343918 5 -1 -1 
1260 12 54 74 0.054607030004262924 4 -1 -1 
944 329 158 209 0.05429166555404663 9 -1 -1 
918 276 235 176 0.053899385035037994 6 -1 -1 
1102 571 256 172 0.0536925382912159 8 -1 -1 
1103 568 256 175 0.0533747598528862 10 -1 -1 
1281 32 45 56 0.05289638787508011 4 -1 -1 
768 126 62 32 0.05286984145641327 5 -1 -1 
1104 571 254 171 0.05231207236647606 9 -1 -1 
885 324 192 204 0.05222422257065773 4 -1 -1 
740 150 66 24 0.05212454870343208 1 -1 -1 
885 265 229 182 0.05189061537384987 4 -1 -1 
1286 44 52 45 0.051888614892959595 9 -1 -1 
1260 12 54 74 0.051472295075654984 6 -1 -1 
765 118 62 32 0.05124752223491669 6 -1 -1 
1094 338 173 225 0.05034415051341057 6 -1 -1 
