662 208 50 113 0.9952569603919983 6 -1 -1 
586 299 57 94 0.9338884353637695 6 -1 -1 
954 491 14 36 0.9220795631408691 1 -1 -1 
852 442 62 53 0.9125785231590271 4 -1 -1 
718 137 13 12 0.8842260241508484 7 -1 -1 
430 298 40 36 0.8717368841171265 4 -1 -1 
819 465 16 35 0.8662780523300171 1 -1 -1 
932 487 15 35 0.8636134266853333 1 -1 -1 
872 248 30 33 0.8575453162193298 4 -1 -1 
747 232 26 26 0.8390759229660034 4 -1 -1 
563 271 31 31 0.8243851661682129 4 -1 -1 
852 387 45 43 0.820375382900238 4 -1 -1 
883 676 81 87 0.8202415704727173 4 -1 -1 
860 459 11 33 0.812980055809021 1 -1 -1 
1256 574 89 82 0.8070511817932129 4 -1 -1 
722 79 12 11 0.7854913473129272 4 -1 -1 
799 388 44 42 0.7821785807609558 4 -1 -1 
787 294 9 25 0.7531934976577759 1 -1 -1 
830 373 12 29 0.7367266416549683 1 -1 -1 
988 707 25 55 0.730086624622345 1 -1 -1 
698 31 8 7 0.676529049873352 4 -1 -1 
754 200 18 19 0.6755566596984863 4 -1 -1 
743 132 15 14 0.6746661067008972 4 -1 -1 
722 134 6 12 0.6745346188545227 2 -1 -1 
734 87 11 10 0.6362983584403992 4 -1 -1 
704 24 6 6 0.6301032900810242 4 -1 -1 
711 28 7 6 0.6272033452987671 4 -1 -1 
1013 728 19 36 0.6259984374046326 1 -1 -1 
716 6 7 8 0.617180347442627 4 -1 -1 
1204 367 44 34 0.6171596646308899 4 -1 -1 
971 703 21 47 0.6131170988082886 1 -1 -1 
686 59 9 8 0.6112779378890991 4 -1 -1 
755 187 21 17 0.5925572514533997 4 -1 -1 
1336 602 20 41 0.5747250318527222 1 -1 -1 
586 299 57 94 0.5725225806236267 8 -1 -1 
746 143 16 18 0.5631897449493408 4 -1 -1 
725 135 7 11 0.5447912216186523 2 -1 -1 
736 97 14 14 0.5409342050552368 6 -1 -1 
741 80 9 10 0.5331635475158691 4 -1 -1 
688 75 18 26 0.5240456461906433 6 -1 -1 
720 135 9 13 0.5184237360954285 7 -1 -1 
764 143 6 14 0.5165614485740662 1 -1 -1 
963 728 16 35 0.5135602951049805 1 -1 -1 
707 16 5 6 0.5085173845291138 8 -1 -1 
711 36 6 7 0.4926370680332184 5 -1 -1 
740 102 14 13 0.4784761369228363 6 -1 -1 
746 143 16 18 0.4699515402317047 5 -1 -1 
719 135 11 14 0.43814387917518616 2 -1 -1 
741 102 13 13 0.43228793144226074 4 -1 -1 
688 75 18 26 0.4278067648410797 5 -1 -1 
688 75 18 26 0.41757699847221375 8 -1 -1 
738 51 14 21 0.38468003273010254 6 -1 -1 
974 703 35 60 0.3765370547771454 1 -1 -1 
755 186 22 18 0.3756406903266907 6 -1 -1 
590 17 7 13 0.3729211688041687 1 -1 -1 
741 80 9 10 0.36859583854675293 5 -1 -1 
832 367 11 28 0.3660251498222351 1 -1 -1 
716 6 7 8 0.363727867603302 5 -1 -1 
1189 357 57 44 0.3634595572948456 4 -1 -1 
711 36 7 7 0.354248046875 4 -1 -1 
736 96 13 13 0.34178853034973145 4 -1 -1 
723 136 10 13 0.3371767997741699 7 -1 -1 
884 158 30 43 0.33679690957069397 6 -1 -1 
759 134 6 12 0.3330944776535034 1 -1 -1 
727 135 6 12 0.32193639874458313 2 -1 -1 
706 26 5 4 0.31761041283607483 4 -1 -1 
711 36 6 7 0.31548482179641724 8 -1 -1 
738 98 15 16 0.30888110399246216 4 -1 -1 
1028 375 33 34 0.30766671895980835 8 -1 -1 
1028 375 33 34 0.29894012212753296 7 -1 -1 
723 136 10 13 0.2928432822227478 2 -1 -1 
705 27 6 4 0.29077571630477905 4 -1 -1 
737 142 6 13 0.28904277086257935 1 -1 -1 
757 133 7 12 0.2844182550907135 2 -1 -1 
713 1 4 4 0.2812668979167938 4 -1 -1 
968 701 24 45 0.2787382900714874 2 -1 -1 
662 208 50 113 0.27550846338272095 5 -1 -1 
662 208 50 115 0.27420473098754883 10 -1 -1 
755 187 22 17 0.27129149436950684 5 -1 -1 
864 459 11 33 0.2704075574874878 1 -1 -1 
590 17 7 13 0.26896342635154724 2 -1 -1 
707 16 5 5 0.2688998579978943 7 -1 -1 
964 701 29 60 0.2673005759716034 1 -1 -1 
662 209 49 114 0.2632485628128052 7 -1 -1 
758 134 7 13 0.2629398703575134 10 -1 -1 
736 94 12 12 0.2596098780632019 4 -1 -1 
707 28 6 5 0.25895047187805176 4 -1 -1 
868 464 11 30 0.2573850750923157 1 -1 -1 
969 702 20 28 0.25425368547439575 2 -1 -1 
762 133 6 12 0.25096970796585083 1 -1 -1 
764 143 7 13 0.25014495849609375 2 -1 -1 
582 18 5 11 0.24892260134220123 1 -1 -1 
734 87 12 10 0.24847063422203064 5 -1 -1 
727 135 5 11 0.2462279200553894 1 -1 -1 
759 132 7 11 0.24396724998950958 2 -1 -1 
743 98 16 15 0.24328385293483734 6 -1 -1 
965 727 24 37 0.24083642661571503 1 -1 -1 
755 200 17 20 0.23879340291023254 5 -1 -1 
736 97 13 13 0.2387256920337677 5 -1 -1 
662 208 50 113 0.23554421961307526 4 -1 -1 
698 31 8 7 0.23317384719848633 5 -1 -1 
1194 362 38 38 0.2330816388130188 4 -1 -1 
731 53 3 9 0.2319173961877823 1 -1 -1 
962 727 17 37 0.23188257217407227 2 -1 -1 
707 16 5 6 0.2317429780960083 6 -1 -1 
717 138 14 11 0.23167328536510468 10 -1 -1 
766 144 6 15 0.23109407722949982 1 -1 -1 
722 134 6 11 0.23048457503318787 1 -1 -1 
707 16 5 5 0.2283860296010971 4 -1 -1 
738 99 15 15 0.22802028059959412 5 -1 -1 
711 36 7 7 0.22713632881641388 6 -1 -1 
585 299 58 94 0.22640791535377502 5 -1 -1 
1198 373 15 29 0.22605285048484802 1 -1 -1 
662 208 50 113 0.22561731934547424 2 -1 -1 
742 100 16 14 0.22350870072841644 4 -1 -1 
862 466 11 28 0.21874311566352844 1 -1 -1 
743 133 14 13 0.21809107065200806 5 -1 -1 
992 706 19 34 0.21760214865207672 2 -1 -1 
716 6 7 7 0.21353352069854736 6 -1 -1 
782 206 41 20 0.2099217176437378 4 -1 -1 
707 16 5 6 0.20688173174858093 5 -1 -1 
974 702 18 33 0.206846684217453 2 -1 -1 
662 208 50 115 0.2066492885351181 8 -1 -1 
1335 602 21 36 0.20572629570960999 2 -1 -1 
761 134 6 11 0.2057182937860489 2 -1 -1 
746 143 16 18 0.2055961638689041 6 -1 -1 
734 89 12 11 0.20536144077777863 4 -1 -1 
758 102 4 13 0.20456694066524506 1 -1 -1 
1308 310 9 15 0.2043907344341278 3 -1 -1 
1327 601 29 35 0.20427438616752625 1 -1 -1 
704 24 7 6 0.19953802227973938 5 -1 -1 
736 82 12 12 0.19736948609352112 4 -1 -1 
763 142 6 11 0.19724227488040924 1 -1 -1 
765 146 5 13 0.19380919635295868 3 -1 -1 
760 133 6 12 0.19255642592906952 10 -1 -1 
860 453 13 28 0.19019071757793427 1 -1 -1 
954 492 15 35 0.18933406472206116 4 -1 -1 
736 95 24 20 0.18861278891563416 6 -1 -1 
741 80 9 10 0.1872902810573578 8 -1 -1 
884 158 88 49 0.18725255131721497 6 -1 -1 
687 59 8 8 0.18386292457580566 5 -1 -1 
357 31 17 9 0.1828003227710724 4 -1 -1 
724 134 6 8 0.18104250729084015 2 -1 -1 
688 75 19 26 0.17271919548511505 9 -1 -1 
883 157 45 50 0.16867272555828094 6 -1 -1 
852 387 45 43 0.16676893830299377 5 -1 -1 
688 75 18 26 0.164224311709404 4 -1 -1 
662 208 50 113 0.16390223801136017 1 -1 -1 
884 162 68 60 0.15358808636665344 6 -1 -1 
963 702 30 61 0.14519569277763367 10 -1 -1 
662 208 50 113 0.14354608952999115 3 -1 -1 
785 216 38 19 0.13845963776111603 4 -1 -1 
881 676 84 88 0.1350533366203308 5 -1 -1 
585 299 58 94 0.13148978352546692 9 -1 -1 
782 206 42 20 0.13141855597496033 5 -1 -1 
688 75 18 26 0.12661780416965485 7 -1 -1 
586 299 57 94 0.12538772821426392 2 -1 -1 
932 487 15 35 0.12085616588592529 4 -1 -1 
883 156 123 61 0.11979635059833527 6 -1 -1 
586 299 57 94 0.11777994781732559 3 -1 -1 
662 208 50 113 0.11679378151893616 9 -1 -1 
343 29 32 15 0.11544500291347504 4 -1 -1 
819 465 16 35 0.11380413174629211 4 -1 -1 
747 232 26 25 0.11040294170379639 5 -1 -1 
785 217 39 18 0.10758677870035172 10 -1 -1 
852 442 62 53 0.10277941823005676 1 -1 -1 
753 188 21 24 0.0971202403306961 4 -1 -1 
881 676 84 88 0.09676162153482437 10 -1 -1 
738 50 20 23 0.09524145722389221 5 -1 -1 
1256 574 90 82 0.09506767988204956 5 -1 -1 
738 50 20 23 0.09371291100978851 4 -1 -1 
785 222 40 21 0.09254031628370285 4 -1 -1 
883 151 96 46 0.09020614624023438 9 -1 -1 
887 178 88 46 0.08906275033950806 6 -1 -1 
793 189 33 17 0.08884445577859879 4 -1 -1 
586 299 57 94 0.08836385607719421 7 -1 -1 
1193 362 54 40 0.08714460581541061 5 -1 -1 
882 156 33 52 0.08589371293783188 9 -1 -1 
819 465 16 34 0.08516481518745422 2 -1 -1 
783 197 41 21 0.08512169122695923 4 -1 -1 
747 232 26 25 0.08031809329986572 1 -1 -1 
1328 598 30 56 0.07927307486534119 1 -1 -1 
883 145 63 56 0.07912306487560272 6 -1 -1 
783 208 41 20 0.0790460854768753 10 -1 -1 
933 487 14 35 0.07881442457437515 2 -1 -1 
893 171 90 39 0.07864082604646683 6 -1 -1 
852 442 62 53 0.07858892530202866 5 -1 -1 
883 153 62 50 0.07542888075113297 9 -1 -1 
954 492 14 35 0.07436872273683548 2 -1 -1 
851 440 59 39 0.0739303007721901 9 -1 -1 
974 703 35 60 0.07286331802606583 2 -1 -1 
784 191 40 20 0.07266957312822342 4 -1 -1 
882 676 82 86 0.0712839886546135 9 -1 -1 
852 387 45 43 0.07120051980018616 1 -1 -1 
984 702 38 57 0.07078956067562103 1 -1 -1 
662 208 41 73 0.06967654079198837 2 -1 -1 
852 387 45 43 0.0695045068860054 6 -1 -1 
960 705 34 58 0.06866942346096039 7 -1 -1 
788 294 19 29 0.06787128746509552 1 -1 -1 
884 179 59 48 0.06781206279993057 6 -1 -1 
985 706 29 58 0.06721419841051102 2 -1 -1 
1028 375 33 34 0.0668618306517601 3 -1 -1 
798 388 45 41 0.06613414734601974 1 -1 -1 
1182 347 56 44 0.06609010696411133 4 -1 -1 
881 676 84 88 0.06556117534637451 1 -1 -1 
585 299 58 94 0.06539492309093475 4 -1 -1 
786 232 40 21 0.06525973975658417 4 -1 -1 
782 187 35 19 0.06473101675510406 4 -1 -1 
882 676 82 86 0.06443334370851517 6 -1 -1 
812 137 24 24 0.06383451819419861 10 -1 -1 
983 706 31 58 0.06351809203624725 10 -1 -1 
960 705 34 58 0.06319189816713333 8 -1 -1 
756 185 29 21 0.06284744292497635 4 -1 -1 
931 2 39 16 0.06209402531385422 4 -1 -1 
586 299 57 94 0.06165304407477379 1 -1 -1 
688 75 18 26 0.061293866485357285 1 -1 -1 
516 44 38 17 0.06067732349038124 4 -1 -1 
754 186 25 19 0.060232941061258316 9 -1 -1 
747 232 26 25 0.059126194566488266 6 -1 -1 
1029 374 35 28 0.05872269719839096 6 -1 -1 
343 29 33 16 0.05836344510316849 5 -1 -1 
852 387 45 43 0.05832696333527565 9 -1 -1 
771 158 39 18 0.058201342821121216 4 -1 -1 
785 220 39 18 0.05813612788915634 5 -1 -1 
880 163 41 65 0.05808482691645622 6 -1 -1 
735 86 23 27 0.05743137001991272 6 -1 -1 
754 181 26 22 0.05730210244655609 4 -1 -1 
784 222 40 22 0.0572102852165699 6 -1 -1 
799 388 44 41 0.05642937123775482 5 -1 -1 
743 143 20 20 0.05619584396481514 9 -1 -1 
885 168 108 32 0.05597329139709473 9 -1 -1 
586 299 57 94 0.05577755719423294 10 -1 -1 
790 183 33 20 0.05575652793049812 4 -1 -1 
662 208 41 65 0.05572684854269028 6 -1 -1 
688 75 18 26 0.05566030368208885 2 -1 -1 
881 159 107 42 0.05482441186904907 4 -1 -1 
753 188 21 24 0.054722756147384644 5 -1 -1 
688 75 18 26 0.054137129336595535 3 -1 -1 
1192 360 56 41 0.05369020253419876 6 -1 -1 
1197 346 53 46 0.05348891764879227 4 -1 -1 
1256 574 90 82 0.053104620426893234 6 -1 -1 
1188 349 56 44 0.05304403603076935 5 -1 -1 
1257 574 88 81 0.052922721952199936 1 -1 -1 
883 156 34 52 0.05237806215882301 5 -1 -1 
883 151 133 58 0.051091186702251434 9 -1 -1 
881 676 84 88 0.05086936056613922 7 -1 -1 
