832 162 46 51 0.9920178651809692 6 -1 -1 
1183 192 63 39 0.906731367111206 4 -1 -1 
871 107 23 21 0.7782286405563354 4 -1 -1 
885 128 29 26 0.7320892810821533 4 -1 -1 
817 96 23 26 0.6845360398292542 5 -1 -1 
975 50 9 8 0.5991138815879822 4 -1 -1 
754 73 11 13 0.5913017988204956 5 -1 -1 
851 39 8 8 0.5865740776062012 4 -1 -1 
1572 71 47 22 0.5716073513031006 9 -1 -1 
857 46 11 9 0.4898766875267029 4 -1 -1 
753 73 12 13 0.3655681014060974 4 -1 -1 
818 96 22 26 0.3558269739151001 6 -1 -1 
873 41 19 24 0.3277146518230438 5 -1 -1 
885 128 29 26 0.29429349303245544 6 -1 -1 
832 162 47 51 0.25440964102745056 4 -1 -1 
818 96 22 26 0.242244690656662 9 -1 -1 
873 42 19 24 0.2275097817182541 4 -1 -1 
832 162 46 51 0.2068227082490921 10 -1 -1 
12 257 11 27 0.20651927590370178 1 -1 -1 
885 128 29 26 0.20538796484470367 5 -1 -1 
817 96 23 26 0.20102567970752716 4 -1 -1 
62 241 9 21 0.20081813633441925 1 -1 -1 
12 256 11 25 0.1906452775001526 2 -1 -1 
1207 470 7 16 0.18612521886825562 1 -1 -1 
832 162 46 51 0.18101318180561066 7 -1 -1 
833 161 45 52 0.17760153114795685 9 -1 -1 
852 38 10 8 0.17110788822174072 4 -1 -1 
832 162 46 51 0.1697341948747635 5 -1 -1 
62 240 9 19 0.16661028563976288 2 -1 -1 
895 30 7 6 0.160697802901268 4 -1 -1 
1207 462 8 23 0.16019850969314575 1 -1 -1 
13 256 10 16 0.1526130586862564 2 -1 -1 
1612 121 22 11 0.15238060057163239 4 -1 -1 
1801 95 27 14 0.1456356942653656 5 -1 -1 
872 17 8 8 0.14304836094379425 4 -1 -1 
1610 118 18 10 0.13818573951721191 4 -1 -1 
754 73 11 13 0.13790640234947205 6 -1 -1 
832 162 46 51 0.13486263155937195 3 -1 -1 
1801 96 27 13 0.12667593359947205 4 -1 -1 
1447 206 5 11 0.12637586891651154 1 -1 -1 
60 240 13 27 0.11952102184295654 2 -1 -1 
876 33 14 14 0.1192217469215393 4 -1 -1 
848 37 10 9 0.11876048892736435 4 -1 -1 
873 41 19 23 0.11477674543857574 6 -1 -1 
851 38 8 8 0.11284785717725754 5 -1 -1 
1083 320 5 15 0.11223983764648438 1 -1 -1 
60 240 13 27 0.11024212092161179 1 -1 -1 
853 43 14 11 0.10997983068227768 4 -1 -1 
832 162 47 51 0.10947929322719574 2 -1 -1 
832 162 47 51 0.10871303081512451 8 -1 -1 
38 812 13 19 0.10819583386182785 1 -1 -1 
1610 118 15 9 0.10661499947309494 5 -1 -1 
1464 74 5 10 0.10453877598047256 1 -1 -1 
8 271 6 17 0.10310306400060654 1 -1 -1 
1640 101 7 15 0.10255163162946701 1 -1 -1 
754 73 11 13 0.10221704840660095 9 -1 -1 
12 257 11 27 0.10198348015546799 10 -1 -1 
1183 192 63 39 0.1016560047864914 5 -1 -1 
872 107 22 21 0.10161519050598145 5 -1 -1 
863 24 9 8 0.10039889812469482 4 -1 -1 
1183 191 63 40 0.09870104491710663 1 -1 -1 
58 245 13 19 0.09855503588914871 1 -1 -1 
1466 97 46 23 0.09717679768800735 6 -1 -1 
1223 465 7 20 0.09335410594940186 1 -1 -1 
818 96 22 26 0.09283452481031418 8 -1 -1 
852 34 10 11 0.09276111423969269 4 -1 -1 
58 245 13 19 0.09214572608470917 2 -1 -1 
1462 98 45 20 0.0917753353714943 4 -1 -1 
976 48 10 9 0.09113262593746185 4 -1 -1 
873 41 19 23 0.09103573113679886 9 -1 -1 
1606 70 53 23 0.0890115424990654 9 -1 -1 
1570 70 49 23 0.08861325681209564 6 -1 -1 
61 243 10 22 0.08816257119178772 10 -1 -1 
832 162 47 51 0.087224580347538 1 -1 -1 
62 239 7 13 0.08558339625597 2 -1 -1 
62 240 8 14 0.08463017642498016 1 -1 -1 
852 40 12 8 0.08339466899633408 4 -1 -1 
1500 105 37 15 0.08321113139390945 6 -1 -1 
851 43 12 10 0.08314918726682663 4 -1 -1 
1765 100 27 12 0.08297453820705414 4 -1 -1 
1608 119 21 13 0.08288886398077011 4 -1 -1 
62 248 9 19 0.08283203840255737 1 -1 -1 
754 70 10 10 0.08153330534696579 9 -1 -1 
56 248 11 18 0.08132509887218475 2 -1 -1 
56 242 15 29 0.08042068779468536 2 -1 -1 
873 28 20 27 0.07975669950246811 6 -1 -1 
12 256 11 19 0.07973392307758331 1 -1 -1 
973 51 10 8 0.07924675941467285 4 -1 -1 
1801 95 27 14 0.07857081294059753 6 -1 -1 
1593 115 19 9 0.07802286744117737 4 -1 -1 
11 266 12 21 0.07793513685464859 10 -1 -1 
63 242 11 22 0.07742317020893097 1 -1 -1 
1788 74 14 14 0.07634367048740387 4 -1 -1 
58 248 13 15 0.07605212181806564 10 -1 -1 
885 128 29 26 0.0758243203163147 9 -1 -1 
850 35 11 11 0.07553838938474655 5 -1 -1 
1766 100 27 11 0.0747615322470665 6 -1 -1 
1611 119 20 11 0.07448883354663849 5 -1 -1 
1155 124 3 6 0.07330281287431717 1 -1 -1 
1570 70 49 23 0.07315519452095032 5 -1 -1 
1208 469 9 19 0.07299920916557312 1 -1 -1 
1586 70 68 26 0.07294256240129471 9 -1 -1 
62 243 9 22 0.0723678320646286 3 -1 -1 
850 36 10 10 0.07230443507432938 9 -1 -1 
850 36 10 10 0.07103286683559418 6 -1 -1 
848 40 10 8 0.07092086970806122 4 -1 -1 
1207 459 12 26 0.07063983380794525 1 -1 -1 
754 70 10 10 0.07028418779373169 4 -1 -1 
751 72 13 12 0.07014738023281097 4 -1 -1 
1602 118 31 15 0.06990872323513031 4 -1 -1 
974 50 10 8 0.06973886489868164 5 -1 -1 
974 50 10 8 0.0696909949183464 6 -1 -1 
885 128 29 26 0.0696815624833107 1 -1 -1 
974 46 10 11 0.06934040784835815 9 -1 -1 
857 46 11 9 0.0690959021449089 5 -1 -1 
1800 94 18 15 0.0689307227730751 5 -1 -1 
56 248 11 18 0.06876120716333389 1 -1 -1 
1611 120 22 13 0.06823473423719406 9 -1 -1 
1248 53 3 8 0.06821154803037643 1 -1 -1 
1475 682 29 42 0.06782743334770203 10 -1 -1 
62 240 9 19 0.06781540811061859 10 -1 -1 
57 243 14 31 0.0675518810749054 1 -1 -1 
895 31 7 7 0.06743445247411728 4 -1 -1 
9 258 16 34 0.06664913147687912 10 -1 -1 
860 41 13 14 0.06663335114717484 4 -1 -1 
1625 92 24 11 0.06655395776033401 4 -1 -1 
1473 682 30 45 0.06650814414024353 4 -1 -1 
1788 74 14 14 0.065694659948349 6 -1 -1 
1801 94 40 17 0.06567656248807907 4 -1 -1 
14 255 10 12 0.06555309891700745 2 -1 -1 
1465 97 43 23 0.06495197117328644 5 -1 -1 
895 30 7 6 0.0649326890707016 5 -1 -1 
817 96 23 26 0.0648326650261879 2 -1 -1 
9 253 16 28 0.0643080547451973 2 -1 -1 
885 128 29 26 0.06421160697937012 7 -1 -1 
871 107 23 21 0.06420927494764328 1 -1 -1 
972 47 11 10 0.06396925449371338 4 -1 -1 
11 259 12 26 0.06332696229219437 3 -1 -1 
1804 71 24 11 0.06308235973119736 9 -1 -1 
1214 461 12 24 0.06251970678567886 1 -1 -1 
1800 94 20 14 0.06242384389042854 4 -1 -1 
1788 74 14 14 0.06235264614224434 5 -1 -1 
873 28 20 27 0.06155846267938614 5 -1 -1 
874 47 22 26 0.061510924249887466 4 -1 -1 
875 24 18 25 0.0613366924226284 9 -1 -1 
1860 83 5 9 0.0610119067132473 1 -1 -1 
14 263 10 23 0.0610063411295414 1 -1 -1 
60 250 11 19 0.05995732918381691 3 -1 -1 
876 29 14 17 0.05951431766152382 6 -1 -1 
16 257 9 16 0.05925491824746132 2 -1 -1 
876 29 14 17 0.05910583212971687 5 -1 -1 
1610 119 26 14 0.05910266190767288 6 -1 -1 
1788 74 14 14 0.05884173884987831 9 -1 -1 
57 239 16 26 0.05879095569252968 10 -1 -1 
11 266 12 21 0.05858404561877251 1 -1 -1 
1183 191 63 40 0.05842537432909012 6 -1 -1 
1803 71 23 11 0.05833309516310692 4 -1 -1 
976 51 9 9 0.05824210122227669 4 -1 -1 
859 48 11 9 0.05819982662796974 4 -1 -1 
61 239 8 13 0.05818980559706688 9 -1 -1 
9 271 12 19 0.05802604928612709 10 -1 -1 
1084 316 5 13 0.058017246425151825 1 -1 -1 
874 47 22 26 0.05796840041875839 5 -1 -1 
885 128 29 26 0.05768703669309616 8 -1 -1 
34 811 19 25 0.0575496181845665 1 -1 -1 
63 241 11 19 0.057331159710884094 2 -1 -1 
1082 321 6 15 0.057314787060022354 3 -1 -1 
1570 70 49 23 0.057257816195487976 4 -1 -1 
851 32 11 12 0.05719812959432602 9 -1 -1 
1806 99 25 11 0.05655408650636673 4 -1 -1 
1084 311 10 17 0.055939819663763046 1 -1 -1 
877 25 14 21 0.055734895169734955 4 -1 -1 
1614 120 28 14 0.05548816919326782 4 -1 -1 
1205 472 8 16 0.05481330305337906 1 -1 -1 
35 813 12 17 0.05379745736718178 1 -1 -1 
1183 192 63 39 0.05365710332989693 9 -1 -1 
817 96 23 26 0.05317198857665062 1 -1 -1 
1613 118 21 11 0.05309231951832771 4 -1 -1 
872 107 22 21 0.053050048649311066 6 -1 -1 
876 29 14 17 0.05290340259671211 9 -1 -1 
10 268 12 19 0.0528612844645977 3 -1 -1 
853 32 10 10 0.052423734217882156 4 -1 -1 
865 22 10 9 0.05230807885527611 4 -1 -1 
56 247 14 28 0.051928840577602386 9 -1 -1 
10 261 11 24 0.05167089030146599 2 -1 -1 
1202 469 11 19 0.05121605843305588 1 -1 -1 
1473 101 50 21 0.05118759348988533 6 -1 -1 
817 96 23 26 0.05094965174794197 3 -1 -1 
1801 95 26 14 0.05081846937537193 8 -1 -1 
37 812 14 18 0.050723448395729065 2 -1 -1 
857 44 12 11 0.050646159797906876 9 -1 -1 
1798 98 29 18 0.050612159073352814 4 -1 -1 
56 247 8 15 0.05055106058716774 2 -1 -1 
1446 204 6 13 0.050204403698444366 2 -1 -1 
