551 29 15 17 0.8019334673881531 6 -1 -1 
981 148 23 18 0.7184070944786072 4 -1 -1 
566 34 8 8 0.49837037920951843 4 -1 -1 
1172 78 23 28 0.3703896403312683 4 -1 -1 
788 38 15 25 0.3097572922706604 4 -1 -1 
543 19 9 9 0.2992396056652069 4 -1 -1 
522 66 6 12 0.27099305391311646 1 -1 -1 
1174 84 17 21 0.25983282923698425 4 -1 -1 
513 116 5 11 0.25523680448532104 1 -1 -1 
541 16 11 12 0.239551842212677 4 -1 -1 
1164 51 34 56 0.23618406057357788 4 -1 -1 
570 172 71 206 0.23374289274215698 6 -1 -1 
1172 79 22 27 0.21628472208976746 6 -1 -1 
1225 93 10 27 0.21180923283100128 1 -1 -1 
1173 63 26 43 0.20747314393520355 4 -1 -1 
1339 329 19 21 0.20322217047214508 10 -1 -1 
520 80 7 12 0.19295856356620789 1 -1 -1 
1174 85 16 21 0.18995210528373718 7 -1 -1 
1174 87 13 19 0.18494459986686707 10 -1 -1 
1171 67 25 39 0.18465504050254822 6 -1 -1 
566 33 8 9 0.1759938895702362 6 -1 -1 
551 29 15 17 0.16881871223449707 5 -1 -1 
1172 79 22 27 0.16559413075447083 5 -1 -1 
1167 52 32 55 0.16359843313694 6 -1 -1 
849 31 60 20 0.1583327353000641 6 -1 -1 
1171 67 25 39 0.1579158902168274 5 -1 -1 
535 134 10 18 0.1545889675617218 1 -1 -1 
957 366 7 12 0.15010444819927216 1 -1 -1 
1266 468 12 13 0.14589790999889374 3 -1 -1 
1174 85 16 21 0.1452232152223587 8 -1 -1 
970 403 5 12 0.14512798190116882 1 -1 -1 
1176 89 18 17 0.14413750171661377 7 -1 -1 
1184 84 14 21 0.14323122799396515 4 -1 -1 
1164 51 34 56 0.143182635307312 5 -1 -1 
1122 34 4 8 0.14119142293930054 1 -1 -1 
955 365 8 12 0.13980908691883087 1 -1 -1 
1172 78 23 28 0.1394863873720169 7 -1 -1 
1173 86 12 20 0.13891565799713135 2 -1 -1 
1173 86 12 20 0.13848036527633667 4 -1 -1 
1089 55 7 17 0.1350519210100174 1 -1 -1 
514 122 5 8 0.13419407606124878 1 -1 -1 
1339 315 20 30 0.1336343139410019 10 -1 -1 
1173 94 10 12 0.13326510787010193 10 -1 -1 
551 29 15 17 0.13309891521930695 9 -1 -1 
551 29 15 17 0.1326574832201004 8 -1 -1 
1176 89 18 17 0.13125662505626678 10 -1 -1 
564 31 9 10 0.13114961981773376 4 -1 -1 
566 34 8 8 0.12938402593135834 5 -1 -1 
1190 86 9 17 0.12827666103839874 1 -1 -1 
1345 328 13 18 0.1269075721502304 10 -1 -1 
908 251 22 13 0.12497144192457199 4 -1 -1 
1174 85 16 21 0.12378103286027908 6 -1 -1 
419 638 9 12 0.12161700427532196 1 -1 -1 
537 12 13 11 0.12059536576271057 4 -1 -1 
562 29 10 11 0.12000353634357452 6 -1 -1 
1173 88 11 18 0.11920282244682312 7 -1 -1 
1173 86 12 20 0.11854615062475204 1 -1 -1 
1164 51 34 56 0.1175374686717987 9 -1 -1 
519 108 4 10 0.11683066189289093 1 -1 -1 
1225 108 7 15 0.11609970778226852 1 -1 -1 
1176 89 18 17 0.1153535470366478 8 -1 -1 
549 29 7 15 0.1135178878903389 6 -1 -1 
549 30 7 14 0.11054980009794235 1 -1 -1 
1172 78 23 28 0.10975396633148193 8 -1 -1 
1348 330 10 20 0.10957204550504684 10 -1 -1 
1224 101 9 20 0.10875061899423599 1 -1 -1 
1174 85 16 21 0.10570613294839859 5 -1 -1 
522 68 6 13 0.10384625196456909 1 -1 -1 
514 119 5 10 0.10347262769937515 10 -1 -1 
1227 122 12 23 0.10323786735534668 1 -1 -1 
417 643 9 18 0.10273868590593338 1 -1 -1 
1174 92 16 15 0.10247683525085449 4 -1 -1 
515 107 5 10 0.10187862813472748 1 -1 -1 
572 170 69 208 0.10168289393186569 5 -1 -1 
545 21 9 8 0.10138189047574997 4 -1 -1 
1341 323 16 20 0.10001838207244873 10 -1 -1 
512 130 6 9 0.10001742839813232 1 -1 -1 
551 29 15 17 0.09912187606096268 7 -1 -1 
512 130 5 9 0.09892154484987259 2 -1 -1 
537 133 8 14 0.09877543151378632 1 -1 -1 
1174 81 21 24 0.09843003749847412 10 -1 -1 
788 61 9 17 0.09818124026060104 1 -1 -1 
1173 81 19 24 0.09786844998598099 2 -1 -1 
1225 94 10 16 0.09781818836927414 2 -1 -1 
847 30 61 20 0.0971684679389 9 -1 -1 
1151 42 46 64 0.09665492177009583 6 -1 -1 
562 29 10 11 0.09639031440019608 9 -1 -1 
1339 312 20 31 0.09608438611030579 2 -1 -1 
522 66 6 12 0.0957411378622055 10 -1 -1 
1146 69 52 38 0.09540286660194397 4 -1 -1 
533 150 8 19 0.09449084103107452 1 -1 -1 
569 172 72 202 0.09415685385465622 9 -1 -1 
973 440 13 28 0.09412680566310883 1 -1 -1 
1186 86 12 19 0.09404399991035461 10 -1 -1 
541 121 6 13 0.0937562957406044 1 -1 -1 
417 638 11 20 0.09358523786067963 1 -1 -1 
788 37 15 26 0.0935254842042923 5 -1 -1 
518 105 5 10 0.09324692189693451 1 -1 -1 
1176 89 18 17 0.0932115688920021 2 -1 -1 
1338 312 21 31 0.09277403354644775 1 -1 -1 
1176 89 18 17 0.0926458090543747 6 -1 -1 
539 122 7 16 0.09214909374713898 1 -1 -1 
412 650 13 24 0.09194890409708023 1 -1 -1 
516 56 5 11 0.09178078174591064 1 -1 -1 
563 34 9 9 0.0914471372961998 4 -1 -1 
566 34 8 8 0.09131059050559998 7 -1 -1 
567 32 8 9 0.09130644053220749 4 -1 -1 
876 714 14 22 0.09093208611011505 4 -1 -1 
415 650 10 16 0.09020818024873734 1 -1 -1 
533 141 9 26 0.08946394175291061 1 -1 -1 
522 79 6 10 0.08916942030191422 1 -1 -1 
551 29 15 17 0.08891107887029648 4 -1 -1 
515 114 4 7 0.08870960026979446 1 -1 -1 
537 123 9 24 0.0886220708489418 1 -1 -1 
1173 88 11 18 0.08731964230537415 8 -1 -1 
1172 79 16 25 0.08714061975479126 4 -1 -1 
1136 93 9 21 0.0867057591676712 1 -1 -1 
560 32 12 11 0.08669322729110718 6 -1 -1 
513 116 5 8 0.08653341233730316 1 -1 -1 
1269 470 10 12 0.08632482588291168 3 -1 -1 
564 31 9 10 0.08593543618917465 6 -1 -1 
1176 89 18 17 0.08586400747299194 1 -1 -1 
522 66 6 12 0.08584048599004745 3 -1 -1 
1173 92 14 14 0.08542516082525253 2 -1 -1 
513 116 5 9 0.08523944765329361 2 -1 -1 
555 28 16 14 0.08482519537210464 9 -1 -1 
543 19 10 9 0.084357351064682 5 -1 -1 
532 138 10 19 0.084220752120018 1 -1 -1 
535 134 10 18 0.08304088562726974 3 -1 -1 
516 106 4 9 0.0825045183300972 1 -1 -1 
516 112 4 7 0.08236205577850342 1 -1 -1 
541 16 11 12 0.0823357105255127 5 -1 -1 
981 148 23 18 0.08214663714170456 5 -1 -1 
566 34 8 8 0.08154144883155823 8 -1 -1 
863 35 47 17 0.08151945471763611 6 -1 -1 
1171 67 25 39 0.08143110573291779 9 -1 -1 
1173 94 10 12 0.08098123967647552 1 -1 -1 
538 14 14 12 0.08086134493350983 5 -1 -1 
955 364 8 8 0.0802438035607338 1 -1 -1 
556 28 15 13 0.07858245819807053 6 -1 -1 
512 117 6 12 0.07840965688228607 1 -1 -1 
514 117 6 11 0.07810463011264801 1 -1 -1 
514 116 4 11 0.07772839069366455 10 -1 -1 
513 128 6 9 0.07728264480829239 1 -1 -1 
521 15 11 6 0.07717021554708481 4 -1 -1 
1122 34 4 8 0.07706697285175323 2 -1 -1 
446 605 7 16 0.0764365941286087 1 -1 -1 
1176 89 18 17 0.07593725621700287 5 -1 -1 
1186 86 12 19 0.07591554522514343 2 -1 -1 
953 366 9 18 0.07529087364673615 1 -1 -1 
565 33 9 8 0.07477911561727524 9 -1 -1 
523 66 5 10 0.07468606531620026 2 -1 -1 
1084 54 9 16 0.07397234439849854 1 -1 -1 
556 30 15 13 0.0737593024969101 4 -1 -1 
566 34 8 8 0.07322537153959274 1 -1 -1 
566 34 8 8 0.07261523604393005 2 -1 -1 
1222 93 15 34 0.07204889506101608 1 -1 -1 
1174 49 34 54 0.07193019986152649 6 -1 -1 
1174 92 16 15 0.07157951593399048 1 -1 -1 
1162 69 31 37 0.07155178487300873 4 -1 -1 
1245 116 13 12 0.07149584591388702 2 -1 -1 
518 110 5 8 0.07146847993135452 1 -1 -1 
1342 317 16 22 0.07088428735733032 10 -1 -1 
514 118 4 11 0.07077758759260178 2 -1 -1 
540 117 7 13 0.07051092386245728 1 -1 -1 
1132 93 10 22 0.0704534724354744 1 -1 -1 
1190 86 8 16 0.06964817643165588 2 -1 -1 
916 253 15 13 0.06953144073486328 4 -1 -1 
522 72 6 11 0.0695190355181694 1 -1 -1 
1173 48 28 52 0.06925942003726959 4 -1 -1 
1183 93 12 14 0.06922096014022827 1 -1 -1 
1184 84 14 21 0.06889026612043381 6 -1 -1 
513 129 8 10 0.06887739896774292 1 -1 -1 
1172 79 22 27 0.06885158270597458 9 -1 -1 
1346 330 10 15 0.06799447536468506 2 -1 -1 
1183 93 12 14 0.06787770241498947 10 -1 -1 
1339 325 20 26 0.06785854697227478 3 -1 -1 
957 365 8 9 0.06781318038702011 1 -1 -1 
981 445 6 11 0.06753627955913544 1 -1 -1 
569 172 72 202 0.06750621646642685 4 -1 -1 
1164 74 28 32 0.06726676225662231 6 -1 -1 
534 136 9 18 0.06712863594293594 3 -1 -1 
1173 96 15 11 0.0669386237859726 10 -1 -1 
1085 56 11 19 0.06689023971557617 1 -1 -1 
1250 117 10 11 0.06637357175350189 1 -1 -1 
1339 326 15 18 0.06604345142841339 10 -1 -1 
566 30 8 9 0.06600619852542877 9 -1 -1 
555 33 12 14 0.06552772223949432 6 -1 -1 
1245 117 12 12 0.0649845078587532 1 -1 -1 
1339 319 15 21 0.0648258700966835 10 -1 -1 
523 65 5 8 0.06472139060497284 1 -1 -1 
1339 325 16 18 0.06455899775028229 2 -1 -1 
1348 324 10 19 0.06419951468706131 10 -1 -1 
1186 86 12 19 0.06414546072483063 7 -1 -1 
511 131 7 12 0.06376554816961288 1 -1 -1 
981 146 22 14 0.06357868015766144 4 -1 -1 
1138 47 59 60 0.06316440552473068 4 -1 -1 
536 133 10 18 0.06263110786676407 10 -1 -1 
513 123 5 11 0.06254759430885315 1 -1 -1 
414 636 15 26 0.06249144673347473 1 -1 -1 
976 439 6 8 0.06248059123754501 1 -1 -1 
1164 74 28 32 0.062215954065322876 5 -1 -1 
1171 90 10 16 0.06214506924152374 1 -1 -1 
974 528 6 9 0.061953023076057434 1 -1 -1 
972 528 5 9 0.06167983636260033 1 -1 -1 
566 34 8 8 0.061581388115882874 10 -1 -1 
519 65 7 9 0.061329443007707596 1 -1 -1 
1174 57 27 48 0.06121890991926193 5 -1 -1 
1347 325 11 17 0.06098002940416336 2 -1 -1 
859 34 53 18 0.060657232999801636 9 -1 -1 
1173 48 28 52 0.06065141409635544 9 -1 -1 
520 109 5 9 0.060532454401254654 1 -1 -1 
1250 117 10 11 0.0605020634829998 2 -1 -1 
411 657 12 20 0.06041760742664337 1 -1 -1 
1341 328 17 19 0.060082945972681046 2 -1 -1 
1345 316 12 19 0.06006409972906113 2 -1 -1 
960 366 6 10 0.059979237616062164 1 -1 -1 
1177 76 22 28 0.059909023344516754 2 -1 -1 
1173 88 11 18 0.05990523844957352 6 -1 -1 
1171 90 10 16 0.05963855981826782 10 -1 -1 
514 122 5 8 0.05936987325549126 10 -1 -1 
1224 91 16 29 0.058341775089502335 1 -1 -1 
540 26 27 21 0.05786552652716637 6 -1 -1 
902 249 29 18 0.05450813099741936 4 -1 -1 
786 39 20 30 0.05382753908634186 4 -1 -1 
1339 315 20 30 0.05354418605566025 3 -1 -1 
1157 34 41 69 0.05233405902981758 9 -1 -1 
981 148 23 18 0.050780609250068665 1 -1 -1 
546 22 23 23 0.050636377185583115 6 -1 -1 
