1117 269 114 68 0.996220052242279 6 -1 -1 
952 279 105 48 0.946056067943573 4 -1 -1 
936 319 111 56 0.940659761428833 4 -1 -1 
506 568 118 154 0.938299834728241 4 -1 -1 
281 84 34 31 0.9104136824607849 4 -1 -1 
259 114 25 39 0.9028864502906799 8 -1 -1 
315 142 40 39 0.8974795937538147 4 -1 -1 
115 277 116 59 0.8673642873764038 4 -1 -1 
550 179 78 39 0.8622198104858398 4 -1 -1 
238 602 71 53 0.8593003749847412 10 -1 -1 
213 100 25 36 0.8486540913581848 8 -1 -1 
345 201 54 57 0.8478497862815857 4 -1 -1 
1238 273 67 38 0.8435514569282532 7 -1 -1 
1091 263 52 25 0.8356091976165771 7 -1 -1 
310 32 25 27 0.8057355880737305 5 -1 -1 
137 94 65 37 0.8032623529434204 5 -1 -1 
1149 202 29 33 0.801702082157135 10 -1 -1 
710 335 39 27 0.7942845225334167 10 -1 -1 
239 345 34 35 0.7801716327667236 10 -1 -1 
199 62 32 37 0.769195556640625 4 -1 -1 
756 365 38 30 0.7552186250686646 10 -1 -1 
92 67 28 16 0.7357532382011414 10 -1 -1 
254 566 32 42 0.7167266607284546 2 -1 -1 
385 65 27 26 0.7131370306015015 4 -1 -1 
241 332 22 39 0.7105662822723389 2 -1 -1 
615 194 74 48 0.7099807858467102 4 -1 -1 
775 303 39 27 0.7061516046524048 10 -1 -1 
806 325 45 28 0.6707606315612793 10 -1 -1 
250 2 27 25 0.6637713313102722 4 -1 -1 
546 152 63 34 0.6582162380218506 4 -1 -1 
237 55 11 18 0.6464857459068298 2 -1 -1 
1296 192 37 23 0.6418744921684265 10 -1 -1 
262 38 29 26 0.6360706090927124 4 -1 -1 
110 13 8 20 0.6323553919792175 1 -1 -1 
132 57 54 23 0.6209794878959656 4 -1 -1 
234 18 7 15 0.6192887425422668 2 -1 -1 
285 222 16 32 0.6116183996200562 10 -1 -1 
1103 249 19 32 0.5987462997436523 2 -1 -1 
296 313 21 35 0.5941997766494751 2 -1 -1 
285 215 15 29 0.5898997187614441 2 -1 -1 
818 315 22 36 0.5812861323356628 2 -1 -1 
298 328 20 32 0.5723524689674377 3 -1 -1 
572 207 13 32 0.5696016550064087 3 -1 -1 
0 329 88 62 0.5664954781532288 4 -1 -1 
771 353 19 37 0.5618394017219543 2 -1 -1 
112 30 16 15 0.5586560964584351 3 -1 -1 
572 205 13 32 0.5544180274009705 2 -1 -1 
251 597 39 53 0.554162323474884 2 -1 -1 
237 57 12 22 0.5479707717895508 10 -1 -1 
522 138 54 31 0.5454675555229187 4 -1 -1 
226 5 8 15 0.5430573225021362 2 -1 -1 
1304 190 39 25 0.5411847233772278 10 -1 -1 
723 320 20 35 0.5339816808700562 2 -1 -1 
831 253 31 24 0.5284913182258606 10 -1 -1 
964 219 12 31 0.5273910164833069 1 -1 -1 
235 25 7 13 0.5233842730522156 10 -1 -1 
259 114 26 40 0.5200769901275635 7 -1 -1 
251 570 56 42 0.5155465602874756 10 -1 -1 
122 50 46 21 0.5067824721336365 4 -1 -1 
77 35 15 19 0.5027693510055542 2 -1 -1 
1321 210 38 40 0.49481624364852905 4 -1 -1 
785 290 15 32 0.48960235714912415 1 -1 -1 
764 357 28 37 0.4894424080848694 2 -1 -1 
571 205 14 32 0.48285749554634094 1 -1 -1 
95 239 53 65 0.48049771785736084 4 -1 -1 
752 320 47 27 0.47533583641052246 10 -1 -1 
213 101 24 36 0.46316269040107727 7 -1 -1 
924 219 41 29 0.4598101079463959 10 -1 -1 
128 119 15 31 0.45838645100593567 2 -1 -1 
1098 256 36 31 0.4552925229072571 7 -1 -1 
115 23 8 16 0.45262011885643005 2 -1 -1 
1241 271 65 40 0.4510120749473572 8 -1 -1 
109 38 15 18 0.4498269259929657 3 -1 -1 
280 681 43 64 0.4471833109855652 6 -1 -1 
1193 173 50 25 0.44484323263168335 4 -1 -1 
785 290 16 33 0.4395146369934082 2 -1 -1 
1247 211 13 23 0.43694818019866943 2 -1 -1 
321 2 10 14 0.43305081129074097 10 -1 -1 
1098 255 33 31 0.43109843134880066 2 -1 -1 
821 254 35 23 0.43024584650993347 10 -1 -1 
322 0 7 11 0.4253248870372772 2 -1 -1 
722 320 21 35 0.41813164949417114 1 -1 -1 
768 307 19 32 0.41674306988716125 2 -1 -1 
297 325 21 35 0.4144217371940613 10 -1 -1 
720 321 26 37 0.4076650142669678 10 -1 -1 
1247 211 13 28 0.4007374346256256 1 -1 -1 
424 74 30 30 0.3991747498512268 4 -1 -1 
93 66 26 18 0.3941195607185364 3 -1 -1 
254 568 51 42 0.39253315329551697 2 -1 -1 
228 12 7 13 0.38421639800071716 10 -1 -1 
122 127 31 26 0.3813537657260895 10 -1 -1 
792 236 27 26 0.38108029961586 3 -1 -1 
141 115 64 33 0.3781019449234009 4 -1 -1 
549 166 76 41 0.37725627422332764 4 -1 -1 
752 320 47 27 0.36998793482780457 3 -1 -1 
235 25 7 13 0.36884528398513794 3 -1 -1 
760 315 35 30 0.3680770993232727 2 -1 -1 
804 258 35 24 0.36452242732048035 10 -1 -1 
423 74 30 30 0.3624526262283325 7 -1 -1 
1223 475 75 35 0.3575822710990906 3 -1 -1 
111 32 15 17 0.3565538823604584 3 -1 -1 
1248 272 45 35 0.35600745677948 2 -1 -1 
242 332 21 38 0.35593166947364807 1 -1 -1 
571 217 13 23 0.35590335726737976 3 -1 -1 
596 188 18 42 0.35464391112327576 1 -1 -1 
505 128 35 25 0.3530222177505493 7 -1 -1 
1250 273 36 34 0.35270676016807556 7 -1 -1 
806 325 45 29 0.3519468903541565 3 -1 -1 
99 277 81 59 0.34864088892936707 4 -1 -1 
228 13 7 13 0.3447108566761017 3 -1 -1 
131 120 19 32 0.3413538336753845 2 -1 -1 
794 230 52 32 0.33795130252838135 7 -1 -1 
1256 272 20 30 0.3368490934371948 2 -1 -1 
1117 269 114 67 0.3364900052547455 7 -1 -1 
227 9 8 15 0.3344290852546692 2 -1 -1 
278 682 50 75 0.3329876959323883 8 -1 -1 
123 133 25 19 0.329409122467041 10 -1 -1 
253 573 52 64 0.3284856975078583 10 -1 -1 
90 241 71 82 0.3267890214920044 4 -1 -1 
767 307 21 31 0.32494375109672546 1 -1 -1 
770 353 20 35 0.3245162069797516 1 -1 -1 
1091 261 52 27 0.3226397633552551 10 -1 -1 
504 126 54 28 0.31924211978912354 4 -1 -1 
807 324 43 29 0.3174038529396057 2 -1 -1 
239 345 34 35 0.3151596188545227 3 -1 -1 
77 35 15 19 0.3146221935749054 1 -1 -1 
752 320 47 27 0.3129431903362274 7 -1 -1 
1117 269 115 68 0.3126102685928345 5 -1 -1 
844 254 18 23 0.3086521625518799 10 -1 -1 
237 60 11 19 0.3070577383041382 3 -1 -1 
527 136 72 36 0.3067413866519928 4 -1 -1 
321 2 9 13 0.29562610387802124 2 -1 -1 
766 312 30 29 0.2940991520881653 10 -1 -1 
114 25 12 19 0.2930307984352112 3 -1 -1 
234 20 8 16 0.2922579348087311 10 -1 -1 
110 35 13 17 0.28919100761413574 3 -1 -1 
111 15 9 21 0.2863968014717102 1 -1 -1 
336 0 32 10 0.2856663167476654 4 -1 -1 
115 23 8 16 0.28547999262809753 1 -1 -1 
123 134 27 18 0.2847759425640106 3 -1 -1 
234 18 7 16 0.284147173166275 1 -1 -1 
784 308 30 24 0.2831268012523651 10 -1 -1 
239 344 33 35 0.28151625394821167 2 -1 -1 
818 315 22 36 0.28102055191993713 1 -1 -1 
260 589 35 59 0.2807084321975708 2 -1 -1 
475 101 25 30 0.27953267097473145 10 -1 -1 
1104 249 18 33 0.27952149510383606 1 -1 -1 
108 39 16 17 0.27814480662345886 10 -1 -1 
815 253 28 23 0.27647972106933594 10 -1 -1 
114 27 13 17 0.27637508511543274 2 -1 -1 
1117 269 114 67 0.27336713671684265 8 -1 -1 
1099 252 25 33 0.2731791138648987 7 -1 -1 
795 228 53 32 0.27165400981903076 8 -1 -1 
85 11 8 16 0.2706451714038849 10 -1 -1 
416 73 15 20 0.2689998745918274 7 -1 -1 
137 94 64 37 0.2687137722969055 6 -1 -1 
926 220 25 26 0.2674667239189148 10 -1 -1 
819 264 35 21 0.2671017348766327 10 -1 -1 
226 6 8 15 0.2660459578037262 1 -1 -1 
238 602 71 53 0.260576456785202 4 -1 -1 
1117 269 114 67 0.25473278760910034 10 -1 -1 
378 10 37 21 0.2526704668998718 4 -1 -1 
278 682 50 75 0.24461671710014343 7 -1 -1 
1117 269 114 67 0.2444206327199936 4 -1 -1 
616 195 73 46 0.23749364912509918 5 -1 -1 
296 323 22 36 0.2272738516330719 2 -1 -1 
424 74 30 30 0.22658386826515198 8 -1 -1 
93 240 54 64 0.22224721312522888 5 -1 -1 
122 121 28 32 0.2205033004283905 3 -1 -1 
296 313 21 35 0.21715803444385529 1 -1 -1 
309 31 27 28 0.21544329822063446 4 -1 -1 
518 129 73 38 0.21043914556503296 4 -1 -1 
1117 269 114 68 0.20843617618083954 2 -1 -1 
71 252 83 81 0.2066473364830017 4 -1 -1 
372 6 37 23 0.20388510823249817 4 -1 -1 
1117 269 114 67 0.19962824881076813 3 -1 -1 
411 41 39 24 0.1992376744747162 4 -1 -1 
1117 269 115 68 0.19624461233615875 9 -1 -1 
0 329 88 62 0.19462718069553375 5 -1 -1 
364 4 39 21 0.1944637894630432 4 -1 -1 
363 5 38 20 0.19218890368938446 10 -1 -1 
88 265 112 68 0.19008567929267883 4 -1 -1 
139 113 68 38 0.18892167508602142 6 -1 -1 
122 128 31 26 0.1855192631483078 7 -1 -1 
546 151 72 34 0.18522435426712036 5 -1 -1 
93 242 115 62 0.18072646856307983 4 -1 -1 
123 120 27 33 0.17041441798210144 1 -1 -1 
1240 272 66 39 0.16884776949882507 10 -1 -1 
278 682 49 74 0.16770684719085693 5 -1 -1 
521 132 69 38 0.16605660319328308 5 -1 -1 
130 719 72 46 0.1628158688545227 8 -1 -1 
99 237 77 61 0.1627395749092102 4 -1 -1 
543 135 70 43 0.16013303399085999 4 -1 -1 
549 148 87 37 0.15950986742973328 4 -1 -1 
126 718 73 47 0.15898022055625916 5 -1 -1 
249 2 28 25 0.1554286777973175 5 -1 -1 
285 217 16 38 0.15517380833625793 3 -1 -1 
362 4 37 21 0.15442539751529694 3 -1 -1 
99 277 81 59 0.15193043649196625 5 -1 -1 
75 239 66 75 0.15074241161346436 4 -1 -1 
138 104 70 44 0.1487274318933487 5 -1 -1 
792 223 66 43 0.14728963375091553 7 -1 -1 
135 94 68 39 0.14646056294441223 4 -1 -1 
90 241 71 82 0.14613668620586395 5 -1 -1 
284 216 17 39 0.14322461187839508 1 -1 -1 
1242 210 21 32 0.1425522267818451 1 -1 -1 
296 313 22 35 0.1407965123653412 10 -1 -1 
123 123 29 30 0.14047040045261383 8 -1 -1 
88 719 101 48 0.14008593559265137 5 -1 -1 
1149 202 29 33 0.13983818888664246 4 -1 -1 
951 279 105 48 0.13916540145874023 1 -1 -1 
792 223 66 43 0.13899904489517212 8 -1 -1 
122 120 23 32 0.13562467694282532 10 -1 -1 
418 72 34 30 0.13528433442115784 6 -1 -1 
238 601 71 54 0.13512612879276276 9 -1 -1 
335 0 44 12 0.1346430480480194 4 -1 -1 
124 130 31 25 0.1331842839717865 3 -1 -1 
346 201 53 57 0.1323235034942627 5 -1 -1 
424 74 30 29 0.13033048808574677 5 -1 -1 
416 67 35 32 0.12944552302360535 7 -1 -1 
924 219 41 29 0.12728731334209442 3 -1 -1 
474 90 66 41 0.12378440797328949 4 -1 -1 
297 326 21 35 0.12362959235906601 7 -1 -1 
1149 202 29 33 0.12359333783388138 3 -1 -1 
279 681 45 69 0.11998826265335083 4 -1 -1 
1148 202 30 33 0.11778467893600464 7 -1 -1 
296 323 22 36 0.11650146543979645 1 -1 -1 
1117 269 114 68 0.1132993996143341 1 -1 -1 
424 74 30 29 0.1131214126944542 10 -1 -1 
936 319 111 56 0.11289533972740173 1 -1 -1 
378 10 37 21 0.11257081478834152 5 -1 -1 
918 218 28 30 0.1125306710600853 10 -1 -1 
1201 213 21 32 0.1123235672712326 10 -1 -1 
416 67 35 32 0.11116977781057358 4 -1 -1 
506 568 118 154 0.10860912501811981 1 -1 -1 
385 65 27 27 0.10858558118343353 5 -1 -1 
113 275 117 61 0.10812846571207047 5 -1 -1 
112 253 119 60 0.1076943650841713 4 -1 -1 
1240 272 66 39 0.10705897957086563 3 -1 -1 
933 222 34 31 0.10624200850725174 10 -1 -1 
129 48 72 33 0.10590319335460663 4 -1 -1 
262 38 30 26 0.10566496849060059 5 -1 -1 
506 568 118 154 0.10545197129249573 9 -1 -1 
411 41 39 24 0.10412364453077316 5 -1 -1 
423 59 33 41 0.10375837236642838 4 -1 -1 
952 279 105 48 0.10130734741687775 9 -1 -1 
506 568 118 154 0.09975557774305344 10 -1 -1 
250 571 56 60 0.09966808557510376 3 -1 -1 
18 242 144 93 0.09353802353143692 6 -1 -1 
22 242 149 94 0.0924253985285759 4 -1 -1 
91 245 140 87 0.08577708154916763 4 -1 -1 
91 245 140 87 0.06157670170068741 6 -1 -1 
22 242 149 94 0.05717402696609497 5 -1 -1 
93 265 140 74 0.05712205544114113 9 -1 -1 
91 245 140 87 0.052534155547618866 5 -1 -1 
72 266 151 74 0.050475362688302994 6 -1 -1 
