1015 42 63 35 0.9634943008422852 5 -1 -1 
1018 600 180 135 0.950570821762085 4 -1 -1 
517 372 80 102 0.9179602265357971 4 -1 -1 
1245 139 71 41 0.9065778851509094 4 -1 -1 
722 101 30 23 0.8819085955619812 3 -1 -1 
701 51 78 32 0.8527677655220032 4 -1 -1 
177 22 39 33 0.8426644802093506 4 -1 -1 
1174 264 29 31 0.82673579454422 10 -1 -1 
226 68 47 41 0.8262320756912231 4 -1 -1 
612 601 130 161 0.823662519454956 4 -1 -1 
555 320 24 39 0.8157140016555786 3 -1 -1 
164 80 41 38 0.8149769306182861 4 -1 -1 
546 68 11 31 0.8134267926216125 1 -1 -1 
206 43 42 35 0.8108705282211304 4 -1 -1 
528 69 12 30 0.8085759282112122 1 -1 -1 
1321 446 37 70 0.8066685795783997 7 -1 -1 
701 281 23 39 0.7756210565567017 3 -1 -1 
157 1 37 30 0.7731166481971741 4 -1 -1 
1087 34 67 29 0.7639159560203552 4 -1 -1 
539 28 60 31 0.7601356506347656 4 -1 -1 
802 71 11 30 0.7513476014137268 1 -1 -1 
823 63 8 25 0.7481837868690491 1 -1 -1 
1009 13 44 34 0.7454684376716614 8 -1 -1 
945 669 186 97 0.7361758947372437 4 -1 -1 
557 306 22 39 0.7288616895675659 2 -1 -1 
816 2 10 22 0.7263247966766357 1 -1 -1 
483 24 36 29 0.716336727142334 4 -1 -1 
969 16 8 22 0.711883008480072 1 -1 -1 
681 369 23 45 0.7063461542129517 2 -1 -1 
117 12 34 31 0.706044614315033 4 -1 -1 
135 51 45 38 0.6958026885986328 4 -1 -1 
702 272 22 37 0.6813842058181763 2 -1 -1 
800 21 10 26 0.6780326962471008 1 -1 -1 
607 41 42 30 0.6770541667938232 4 -1 -1 
805 625 31 43 0.6509850025177002 2 -1 -1 
682 387 20 41 0.6504110097885132 10 -1 -1 
1095 19 17 16 0.6494100093841553 10 -1 -1 
378 77 13 31 0.6490635871887207 1 -1 -1 
1107 3 17 17 0.6456811428070068 10 -1 -1 
769 80 12 35 0.6204687356948853 1 -1 -1 
869 275 17 36 0.6196033954620361 2 -1 -1 
881 57 24 18 0.6083382368087769 10 -1 -1 
1180 255 21 32 0.6059353947639465 2 -1 -1 
134 33 37 30 0.605870246887207 4 -1 -1 
792 12 9 22 0.6049521565437317 1 -1 -1 
732 92 13 24 0.5977984666824341 2 -1 -1 
869 281 17 37 0.5940166711807251 10 -1 -1 
761 0 11 20 0.5939688682556152 1 -1 -1 
1091 4 23 16 0.5931456685066223 10 -1 -1 
1228 77 15 24 0.5796371698379517 2 -1 -1 
803 609 38 96 0.5722182989120483 7 -1 -1 
667 54 12 28 0.5653427243232727 1 -1 -1 
824 49 8 19 0.5644899010658264 1 -1 -1 
1219 86 26 20 0.5573660731315613 10 -1 -1 
817 31 6 18 0.5562306046485901 1 -1 -1 
809 0 9 19 0.5436705350875854 1 -1 -1 
828 8 20 16 0.5432201623916626 10 -1 -1 
1327 443 31 40 0.5411206483840942 2 -1 -1 
915 56 11 25 0.5317692756652832 2 -1 -1 
809 27 9 21 0.5204941630363464 1 -1 -1 
993 8 10 19 0.5177760124206543 10 -1 -1 
453 14 28 25 0.5069438219070435 4 -1 -1 
925 58 8 22 0.4919380247592926 1 -1 -1 
829 70 8 22 0.4883590042591095 1 -1 -1 
701 282 23 38 0.4849966764450073 10 -1 -1 
830 37 7 19 0.48346203565597534 1 -1 -1 
802 609 39 97 0.473753422498703 3 -1 -1 
842 22 8 21 0.468452125787735 1 -1 -1 
453 15 29 24 0.46689993143081665 5 -1 -1 
906 3 15 24 0.45415931940078735 10 -1 -1 
730 27 7 16 0.4541058838367462 2 -1 -1 
25 107 14 26 0.4511348009109497 2 -1 -1 
680 68 14 28 0.44585222005844116 1 -1 -1 
821 36 6 16 0.4407024383544922 1 -1 -1 
828 63 8 25 0.43729591369628906 1 -1 -1 
25 117 20 25 0.43245944380760193 10 -1 -1 
406 0 36 16 0.4311102032661438 4 -1 -1 
736 4 11 18 0.4307248294353485 10 -1 -1 
803 609 38 96 0.42823976278305054 8 -1 -1 
955 8 7 15 0.4275937080383301 1 -1 -1 
1014 42 63 35 0.4236213266849518 4 -1 -1 
893 41 23 18 0.4214472472667694 10 -1 -1 
855 42 23 18 0.4203360676765442 3 -1 -1 
817 44 8 17 0.4177677631378174 2 -1 -1 
855 41 23 18 0.4161450266838074 10 -1 -1 
24 107 20 33 0.4160889685153961 2 -1 -1 
780 0 9 21 0.4155218303203583 1 -1 -1 
739 21 10 15 0.40506666898727417 10 -1 -1 
801 641 28 64 0.4041122794151306 3 -1 -1 
135 33 36 30 0.39002951979637146 5 -1 -1 
894 40 22 18 0.3885432481765747 3 -1 -1 
915 56 10 25 0.3875582814216614 1 -1 -1 
705 38 16 18 0.38576382398605347 10 -1 -1 
854 49 8 19 0.3843400180339813 10 -1 -1 
933 51 56 25 0.3791522979736328 8 -1 -1 
599 25 39 25 0.3761933743953705 4 -1 -1 
932 51 59 25 0.3698253631591797 7 -1 -1 
1321 447 37 68 0.36924508213996887 10 -1 -1 
1321 446 37 70 0.36680877208709717 8 -1 -1 
831 40 7 24 0.3662506639957428 1 -1 -1 
925 58 8 22 0.36569395661354065 2 -1 -1 
729 30 8 16 0.3656499981880188 10 -1 -1 
839 46 12 21 0.36405065655708313 3 -1 -1 
644 37 37 24 0.3602239191532135 7 -1 -1 
932 20 22 32 0.3595276176929474 8 -1 -1 
106 2 34 27 0.3551584780216217 4 -1 -1 
556 320 24 39 0.3489133417606354 10 -1 -1 
853 45 10 23 0.34708014130592346 3 -1 -1 
769 27 14 24 0.34511157870292664 10 -1 -1 
976 3 9 20 0.3430978059768677 3 -1 -1 
727 37 9 19 0.3416150212287903 1 -1 -1 
834 75 13 18 0.3379402756690979 2 -1 -1 
437 4 28 21 0.33635979890823364 4 -1 -1 
1052 6 16 25 0.33280375599861145 10 -1 -1 
795 44 20 15 0.3322218060493469 10 -1 -1 
806 610 33 52 0.33203861117362976 2 -1 -1 
1177 260 27 33 0.33042025566101074 2 -1 -1 
699 26 8 20 0.3273813724517822 1 -1 -1 
785 27 14 17 0.32704728841781616 10 -1 -1 
733 92 12 24 0.32641908526420593 1 -1 -1 
728 40 7 13 0.32612964510917664 2 -1 -1 
894 37 36 21 0.32561421394348145 10 -1 -1 
818 31 7 17 0.3202086091041565 1 -1 -1 
1224 82 20 21 0.3189879357814789 2 -1 -1 
16 51 12 28 0.3184586465358734 1 -1 -1 
592 24 31 25 0.3176850974559784 4 -1 -1 
814 80 14 21 0.31529510021209717 2 -1 -1 
772 0 9 22 0.31264767050743103 1 -1 -1 
793 50 17 20 0.3109188675880432 10 -1 -1 
832 41 8 23 0.30845582485198975 1 -1 -1 
817 44 9 18 0.30800414085388184 1 -1 -1 
643 37 38 24 0.306160032749176 8 -1 -1 
824 49 7 17 0.30446991324424744 2 -1 -1 
686 27 23 21 0.3028113543987274 10 -1 -1 
803 607 38 90 0.30111461877822876 2 -1 -1 
813 82 15 19 0.299574077129364 10 -1 -1 
894 47 21 15 0.2984912395477295 10 -1 -1 
611 600 131 162 0.29832887649536133 5 -1 -1 
811 0 9 23 0.2974415421485901 1 -1 -1 
927 15 26 19 0.2967023551464081 7 -1 -1 
906 37 25 16 0.2926226556301117 10 -1 -1 
702 272 22 38 0.29163116216659546 1 -1 -1 
813 81 15 20 0.28678077459335327 3 -1 -1 
869 275 17 36 0.28395795822143555 1 -1 -1 
1008 13 44 34 0.27377039194107056 7 -1 -1 
944 670 185 94 0.26399844884872437 5 -1 -1 
932 51 59 25 0.2585834860801697 6 -1 -1 
925 15 29 28 0.25440913438796997 8 -1 -1 
1014 42 64 36 0.24981532990932465 6 -1 -1 
932 20 22 32 0.24287080764770508 7 -1 -1 
1008 13 45 34 0.24202004075050354 5 -1 -1 
407 0 34 16 0.23940257728099823 5 -1 -1 
1180 255 21 32 0.2375229150056839 1 -1 -1 
893 38 34 20 0.23479443788528442 3 -1 -1 
538 28 60 31 0.23432205617427826 5 -1 -1 
482 24 37 29 0.23116351664066315 6 -1 -1 
802 609 39 96 0.21764345467090607 1 -1 -1 
437 4 28 21 0.2144148349761963 8 -1 -1 
437 4 28 21 0.20685341954231262 5 -1 -1 
869 283 17 35 0.20585118234157562 3 -1 -1 
1321 443 38 70 0.20543435215950012 2 -1 -1 
1180 255 21 31 0.20468874275684357 10 -1 -1 
436 4 28 21 0.20099899172782898 7 -1 -1 
439 7 36 22 0.20037032663822174 4 -1 -1 
722 101 30 23 0.19256922602653503 10 -1 -1 
1321 446 38 70 0.1888974905014038 3 -1 -1 
933 52 56 24 0.1839887946844101 4 -1 -1 
452 14 29 25 0.18393632769584656 6 -1 -1 
702 51 76 32 0.18067072331905365 5 -1 -1 
724 100 28 22 0.17914266884326935 2 -1 -1 
483 24 36 29 0.17494788765907288 5 -1 -1 
24 106 18 33 0.17413701117038727 10 -1 -1 
1008 13 47 35 0.17257258296012878 6 -1 -1 
925 13 29 25 0.17250287532806396 6 -1 -1 
1015 42 63 35 0.17189547419548035 8 -1 -1 
384 101 17 30 0.17181646823883057 1 -1 -1 
482 24 37 29 0.17132702469825745 7 -1 -1 
24 107 20 33 0.17107954621315002 1 -1 -1 
701 281 23 39 0.164932981133461 2 -1 -1 
377 77 15 32 0.15779238939285278 2 -1 -1 
1174 264 29 31 0.15651355683803558 3 -1 -1 
1218 86 27 20 0.15469524264335632 3 -1 -1 
899 3 23 25 0.15435364842414856 3 -1 -1 
803 609 38 96 0.15365540981292725 10 -1 -1 
924 32 29 23 0.15293040871620178 7 -1 -1 
1218 86 28 20 0.15270444750785828 2 -1 -1 
724 100 28 22 0.15016117691993713 1 -1 -1 
729 95 23 23 0.14915017783641815 3 -1 -1 
480 17 33 32 0.14749808609485626 4 -1 -1 
1044 4 23 28 0.14687985181808472 10 -1 -1 
909 56 23 26 0.14621128141880035 10 -1 -1 
884 56 30 18 0.14577223360538483 10 -1 -1 
928 17 25 30 0.14559194445610046 6 -1 -1 
925 11 28 24 0.1454705148935318 4 -1 -1 
952 7 31 20 0.14108231663703918 7 -1 -1 
414 0 39 18 0.14101681113243103 5 -1 -1 
921 36 32 20 0.13801394402980804 10 -1 -1 
728 92 23 25 0.13781841099262238 2 -1 -1 
767 23 18 28 0.13752047717571259 3 -1 -1 
722 101 30 23 0.13631293177604675 7 -1 -1 
24 114 22 29 0.1340838521718979 7 -1 -1 
1008 13 45 34 0.1339208334684372 4 -1 -1 
1018 600 180 135 0.1333352029323578 9 -1 -1 
517 372 80 102 0.09774022549390793 5 -1 -1 
1011 31 63 38 0.08827445656061172 5 -1 -1 
952 639 250 116 0.07893023639917374 4 -1 -1 
1015 42 63 35 0.0738159567117691 7 -1 -1 
1014 42 64 35 0.07320410013198853 10 -1 -1 
929 52 62 27 0.07314883917570114 9 -1 -1 
1014 42 64 35 0.07185658067464828 9 -1 -1 
1011 31 63 38 0.06563904881477356 8 -1 -1 
1014 42 64 35 0.06279613822698593 2 -1 -1 
929 49 62 28 0.06055111438035965 5 -1 -1 
927 36 63 39 0.060481052845716476 8 -1 -1 
1011 31 63 38 0.05913659930229187 6 -1 -1 
927 36 63 39 0.05795428901910782 7 -1 -1 
1009 5 58 41 0.056295186281204224 7 -1 -1 
906 44 82 32 0.052018798887729645 7 -1 -1 
