1164 314 199 179 0.9041100740432739 6 -1 -1 
669 132 22 23 0.8545339703559875 4 -1 -1 
628 172 38 61 0.8423980474472046 6 -1 -1 
641 21 11 10 0.7128786444664001 4 -1 -1 
975 231 14 18 0.6510785222053528 10 -1 -1 
978 225 9 14 0.6364558935165405 2 -1 -1 
605 652 68 110 0.6355420351028442 4 -1 -1 
744 22 11 13 0.564363420009613 5 -1 -1 
1165 315 71 60 0.5185558795928955 8 -1 -1 
617 0 9 6 0.4481644034385681 4 -1 -1 
744 23 11 12 0.39459216594696045 4 -1 -1 
977 227 11 17 0.38249120116233826 10 -1 -1 
977 227 11 17 0.36912938952445984 2 -1 -1 
1171 362 37 32 0.3587363660335541 3 -1 -1 
1180 356 25 32 0.35329487919807434 2 -1 -1 
1311 613 20 15 0.33812037110328674 2 -1 -1 
603 652 70 109 0.3336760997772217 5 -1 -1 
1165 314 141 128 0.31017905473709106 6 -1 -1 
628 112 32 59 0.2919955551624298 6 -1 -1 
1165 316 72 55 0.2817855477333069 6 -1 -1 
974 232 14 17 0.2809006869792938 7 -1 -1 
977 224 9 13 0.2558501064777374 2 -1 -1 
641 20 11 11 0.2487046867609024 5 -1 -1 
1298 624 24 16 0.24638596177101135 3 -1 -1 
1311 613 20 15 0.24130567908287048 1 -1 -1 
627 113 34 58 0.24069201946258545 9 -1 -1 
628 173 36 60 0.2343052625656128 4 -1 -1 
978 225 9 14 0.22483094036579132 1 -1 -1 
1215 536 10 12 0.21500453352928162 1 -1 -1 
1099 444 22 18 0.21490584313869476 3 -1 -1 
1248 550 15 12 0.21385042369365692 2 -1 -1 
1248 550 15 12 0.21368831396102905 1 -1 -1 
1206 361 152 132 0.2073983997106552 6 -1 -1 
1170 364 44 41 0.20706231892108917 3 -1 -1 
627 112 33 59 0.20636771619319916 8 -1 -1 
1166 309 119 71 0.20503127574920654 6 -1 -1 
974 231 14 18 0.20144647359848022 3 -1 -1 
1182 356 23 31 0.19086149334907532 1 -1 -1 
1161 311 200 181 0.19027870893478394 7 -1 -1 
1165 316 72 55 0.18287217617034912 5 -1 -1 
1309 616 21 22 0.1827646791934967 3 -1 -1 
1126 462 15 12 0.18091200292110443 2 -1 -1 
1126 462 13 11 0.18076196312904358 10 -1 -1 
978 225 9 15 0.17822682857513428 10 -1 -1 
1308 614 20 19 0.17253100872039795 1 -1 -1 
1165 317 40 65 0.17231011390686035 8 -1 -1 
1164 314 199 179 0.17045541107654572 4 -1 -1 
1125 462 12 12 0.16807527840137482 1 -1 -1 
744 22 11 13 0.16235847771167755 6 -1 -1 
1178 367 51 46 0.16133178770542145 3 -1 -1 
1185 372 31 28 0.15704816579818726 3 -1 -1 
769 0 18 7 0.15620176494121552 5 -1 -1 
1170 360 37 32 0.15382960438728333 10 -1 -1 
1308 614 20 19 0.1513492465019226 2 -1 -1 
1312 614 20 16 0.1511671245098114 10 -1 -1 
1218 522 12 15 0.1508958786725998 1 -1 -1 
1181 366 31 30 0.15048955380916595 3 -1 -1 
1173 361 35 33 0.14898888766765594 2 -1 -1 
1218 526 10 16 0.14794059097766876 1 -1 -1 
1126 454 16 19 0.1475348174571991 2 -1 -1 
628 174 36 59 0.1435518115758896 7 -1 -1 
769 0 18 7 0.14269961416721344 4 -1 -1 
1217 529 9 15 0.1419619619846344 1 -1 -1 
977 227 11 17 0.13963362574577332 7 -1 -1 
977 227 11 17 0.13828344643115997 3 -1 -1 
1201 349 157 146 0.13828253746032715 9 -1 -1 
626 161 36 49 0.13782379031181335 6 -1 -1 
1234 129 7 13 0.13752666115760803 1 -1 -1 
1132 451 11 15 0.1366661936044693 2 -1 -1 
1166 349 40 45 0.13506323099136353 3 -1 -1 
669 132 22 23 0.13478495180606842 5 -1 -1 
1217 537 8 10 0.13393138349056244 3 -1 -1 
1126 459 14 13 0.13260333240032196 1 -1 -1 
1127 450 16 22 0.12876379489898682 1 -1 -1 
1168 328 8 16 0.12792904675006866 1 -1 -1 
1166 326 20 47 0.12791664898395538 2 -1 -1 
647 24 6 8 0.12782540917396545 1 -1 -1 
1345 483 10 13 0.12776438891887665 1 -1 -1 
970 234 16 15 0.12721610069274902 10 -1 -1 
975 228 14 19 0.12665864825248718 8 -1 -1 
641 20 11 11 0.12526242434978485 6 -1 -1 
1129 450 14 21 0.1246037557721138 2 -1 -1 
1316 614 18 16 0.12296420335769653 1 -1 -1 
629 173 38 60 0.12201602756977081 5 -1 -1 
1218 535 10 11 0.11995234340429306 1 -1 -1 
972 229 12 17 0.1184619590640068 2 -1 -1 
974 224 10 15 0.11839112639427185 2 -1 -1 
766 95 6 9 0.11723136156797409 1 -1 -1 
626 185 36 49 0.11713213473558426 9 -1 -1 
1221 523 12 15 0.11624140292406082 1 -1 -1 
1132 451 10 16 0.11616737395524979 1 -1 -1 
1303 616 22 20 0.1146732047200203 1 -1 -1 
1309 616 21 22 0.11425930261611938 10 -1 -1 
1314 615 19 20 0.11294367909431458 3 -1 -1 
1165 315 72 57 0.11126859486103058 4 -1 -1 
1133 455 9 15 0.11123329401016235 1 -1 -1 
975 229 13 19 0.11091683059930801 1 -1 -1 
1166 326 20 47 0.11072476953268051 1 -1 -1 
1169 347 41 47 0.10934797674417496 2 -1 -1 
1179 356 40 39 0.10922360420227051 3 -1 -1 
627 160 38 61 0.10719353705644608 9 -1 -1 
1317 611 16 16 0.1062394380569458 2 -1 -1 
1129 460 12 12 0.10603558272123337 2 -1 -1 
1166 323 35 63 0.1053098738193512 2 -1 -1 
1168 327 14 21 0.10428962111473083 2 -1 -1 
1188 355 19 30 0.10315519571304321 2 -1 -1 
1215 532 9 13 0.10263525694608688 1 -1 -1 
1245 554 13 17 0.1025114431977272 1 -1 -1 
1187 370 54 51 0.10212507843971252 3 -1 -1 
1164 315 72 53 0.10194922238588333 9 -1 -1 
1254 551 13 13 0.10145706683397293 1 -1 -1 
631 188 30 44 0.10118786990642548 6 -1 -1 
1167 327 13 21 0.10108855366706848 1 -1 -1 
1173 358 34 33 0.10006653517484665 1 -1 -1 
628 127 35 54 0.0990515798330307 6 -1 -1 
1123 460 15 15 0.09893085807561874 2 -1 -1 
1129 463 13 10 0.09858538955450058 10 -1 -1 
1165 315 71 60 0.09852008521556854 7 -1 -1 
627 112 34 59 0.0974745899438858 5 -1 -1 
1302 621 24 18 0.09742175042629242 10 -1 -1 
1168 328 9 17 0.09702115505933762 2 -1 -1 
1125 463 15 12 0.09644507616758347 3 -1 -1 
1099 444 22 17 0.09638620913028717 10 -1 -1 
1166 326 15 35 0.09634862095117569 2 -1 -1 
1281 580 13 13 0.09605264663696289 1 -1 -1 
630 158 30 31 0.09538044780492783 6 -1 -1 
1202 343 152 149 0.09473121911287308 5 -1 -1 
1135 451 8 13 0.09458046406507492 1 -1 -1 
1166 323 35 63 0.0934416800737381 3 -1 -1 
627 159 36 40 0.09250440448522568 9 -1 -1 
1244 559 11 13 0.09245555847883224 1 -1 -1 
1165 313 103 95 0.09158582240343094 5 -1 -1 
750 7 11 6 0.09135854989290237 4 -1 -1 
1165 313 74 98 0.0906083956360817 9 -1 -1 
1239 411 27 27 0.09043906629085541 10 -1 -1 
1166 323 35 63 0.08996638655662537 1 -1 -1 
970 234 16 15 0.08981369435787201 3 -1 -1 
973 229 12 17 0.08965764939785004 10 -1 -1 
1180 356 26 32 0.08913163095712662 10 -1 -1 
631 190 30 42 0.08898673951625824 4 -1 -1 
1136 367 223 142 0.08774586766958237 6 -1 -1 
1133 455 9 15 0.08770204335451126 2 -1 -1 
1186 357 23 36 0.08767980337142944 3 -1 -1 
972 235 15 14 0.08760756999254227 2 -1 -1 
762 83 7 14 0.08687594532966614 1 -1 -1 
628 145 37 45 0.08683586120605469 6 -1 -1 
1184 353 20 26 0.08640217781066895 1 -1 -1 
1123 456 17 18 0.08613167703151703 10 -1 -1 
1342 480 15 16 0.08596629649400711 1 -1 -1 
1166 326 14 33 0.08584927767515182 1 -1 -1 
1134 462 9 11 0.0855444073677063 1 -1 -1 
975 231 13 18 0.08533749729394913 4 -1 -1 
1166 330 23 45 0.08495158702135086 9 -1 -1 
1299 620 22 18 0.0848311185836792 1 -1 -1 
641 20 11 11 0.08354502171278 9 -1 -1 
978 234 11 15 0.08342794328927994 2 -1 -1 
1165 314 73 74 0.0830691009759903 1 -1 -1 
978 225 9 15 0.08306020498275757 3 -1 -1 
1169 326 12 17 0.08268647640943527 1 -1 -1 
641 21 11 10 0.08261793851852417 1 -1 -1 
1123 460 12 14 0.08260100334882736 1 -1 -1 
626 161 36 49 0.08247757703065872 4 -1 -1 
777 1 14 8 0.08187904208898544 4 -1 -1 
669 132 22 23 0.08157645165920258 1 -1 -1 
1303 616 22 20 0.081463523209095 2 -1 -1 
1165 313 74 98 0.08087236434221268 8 -1 -1 
1312 613 20 15 0.08062363415956497 3 -1 -1 
1251 548 14 13 0.0801435336470604 1 -1 -1 
1169 367 37 29 0.07965787500143051 9 -1 -1 
1217 537 8 9 0.07938578724861145 2 -1 -1 
1170 350 30 33 0.07908913493156433 2 -1 -1 
1235 129 6 11 0.07889772206544876 2 -1 -1 
1173 358 34 33 0.07836069911718369 4 -1 -1 
744 22 11 13 0.07834836095571518 9 -1 -1 
629 172 35 61 0.0777118057012558 8 -1 -1 
973 222 9 13 0.07763378322124481 2 -1 -1 
1194 379 31 31 0.07761422544717789 3 -1 -1 
1166 313 135 74 0.07738880813121796 9 -1 -1 
1244 564 9 9 0.07730662822723389 1 -1 -1 
1307 614 20 19 0.07714704424142838 10 -1 -1 
1164 360 38 41 0.07714472711086273 3 -1 -1 
1214 402 32 20 0.07691647112369537 10 -1 -1 
978 225 9 15 0.07588890939950943 7 -1 -1 
1308 612 17 13 0.07572928071022034 2 -1 -1 
643 23 10 9 0.07530655711889267 4 -1 -1 
1217 529 9 15 0.0752972885966301 2 -1 -1 
1298 624 23 15 0.07519654184579849 10 -1 -1 
1320 614 14 15 0.07514388859272003 2 -1 -1 
1194 372 30 27 0.0743027999997139 3 -1 -1 
1170 326 16 27 0.07394051551818848 2 -1 -1 
1130 460 13 13 0.07360498607158661 1 -1 -1 
979 230 12 18 0.07313178479671478 2 -1 -1 
1131 448 11 15 0.07273933291435242 1 -1 -1 
1217 522 12 18 0.0726882591843605 2 -1 -1 
1166 309 119 71 0.07265779376029968 4 -1 -1 
626 161 36 49 0.07245428115129471 5 -1 -1 
1217 537 8 10 0.0722084566950798 10 -1 -1 
1125 463 10 11 0.07202411442995071 2 -1 -1 
1161 312 199 180 0.07161986827850342 10 -1 -1 
1165 313 74 98 0.07145511358976364 7 -1 -1 
1218 537 9 11 0.07142587006092072 1 -1 -1 
977 225 11 16 0.07139156013727188 8 -1 -1 
1218 526 10 16 0.07129272818565369 2 -1 -1 
1118 450 22 24 0.07128804177045822 1 -1 -1 
1223 528 11 14 0.07121764868497849 1 -1 -1 
1310 618 18 22 0.07106354832649231 1 -1 -1 
765 92 7 11 0.07098691910505295 1 -1 -1 
1249 550 15 12 0.07090596109628677 10 -1 -1 
1281 580 13 13 0.07086481899023056 2 -1 -1 
1165 314 73 74 0.0705452486872673 2 -1 -1 
1316 616 16 18 0.07029178738594055 10 -1 -1 
1164 326 29 60 0.07012633234262466 9 -1 -1 
613 653 57 109 0.07000874727964401 9 -1 -1 
1302 615 22 21 0.0697874054312706 3 -1 -1 
1164 314 149 122 0.06972599029541016 9 -1 -1 
1164 309 199 179 0.0694461315870285 9 -1 -1 
1279 582 13 18 0.06887815147638321 1 -1 -1 
1126 465 10 12 0.06869763135910034 1 -1 -1 
979 224 9 12 0.06830292195081711 1 -1 -1 
631 151 29 28 0.06735140085220337 6 -1 -1 
649 23 5 7 0.06733635812997818 1 -1 -1 
1209 395 34 27 0.06731688231229782 10 -1 -1 
980 221 9 13 0.06730906665325165 2 -1 -1 
1160 336 111 109 0.06671429425477982 6 -1 -1 
973 229 12 17 0.06660104542970657 3 -1 -1 
1165 314 141 128 0.06528999656438828 5 -1 -1 
979 230 12 18 0.06526061147451401 10 -1 -1 
1219 530 13 13 0.06509973853826523 1 -1 -1 
1166 344 23 40 0.06502844393253326 3 -1 -1 
1215 523 13 15 0.06385625898838043 1 -1 -1 
1168 335 23 43 0.06376887857913971 2 -1 -1 
628 112 32 58 0.06362732499837875 1 -1 -1 
1125 459 12 14 0.06285315752029419 10 -1 -1 
765 90 7 12 0.06274843215942383 4 -1 -1 
669 132 22 23 0.06270661950111389 9 -1 -1 
1101 441 26 19 0.06252949684858322 3 -1 -1 
1175 354 28 29 0.062082793563604355 1 -1 -1 
1167 316 58 71 0.06141172721982002 3 -1 -1 
1166 323 35 63 0.06103751063346863 10 -1 -1 
1165 316 135 127 0.06088380888104439 7 -1 -1 
1166 346 37 44 0.06052035838365555 10 -1 -1 
1169 347 41 47 0.06036216393113136 1 -1 -1 
627 112 33 59 0.05959812551736832 3 -1 -1 
628 145 37 45 0.05948223918676376 9 -1 -1 
669 132 22 23 0.059279318898916245 6 -1 -1 
732 21 24 14 0.05876840651035309 4 -1 -1 
1161 310 199 180 0.05831732973456383 8 -1 -1 
1165 313 74 98 0.057307083159685135 3 -1 -1 
627 112 34 59 0.05701278895139694 7 -1 -1 
1160 336 111 109 0.05544888973236084 9 -1 -1 
1165 314 139 111 0.055053722113370895 4 -1 -1 
720 23 27 14 0.05457330122590065 4 -1 -1 
631 159 38 41 0.054179031401872635 6 -1 -1 
1165 313 128 110 0.05392167717218399 8 -1 -1 
1166 302 136 59 0.05358409881591797 6 -1 -1 
626 185 36 49 0.05317443236708641 1 -1 -1 
628 156 36 39 0.052908025681972504 5 -1 -1 
1167 353 40 38 0.05254851654171944 8 -1 -1 
1203 386 44 38 0.05157092213630676 3 -1 -1 
1166 309 119 71 0.051190100610256195 8 -1 -1 
626 154 35 40 0.05027979612350464 4 -1 -1 
