198 245 25 65 0.9023073315620422 1 -1 -1 
616 258 23 59 0.7602745890617371 1 -1 -1 
147 263 22 60 0.7024653553962708 1 -1 -1 
546 249 27 63 0.671058714389801 1 -1 -1 
115 252 23 57 0.654574453830719 1 -1 -1 
44 245 33 54 0.45907822251319885 2 -1 -1 
906 289 10 18 0.38867050409317017 1 -1 -1 
547 247 25 44 0.31842130422592163 1 -1 -1 
45 245 31 53 0.3099266588687897 1 -1 -1 
44 248 53 60 0.28521794080734253 10 -1 -1 
291 202 7 16 0.2643917500972748 1 -1 -1 
78 234 20 50 0.25092369318008423 1 -1 -1 
550 246 23 30 0.24618689715862274 1 -1 -1 
258 174 36 20 0.2384314239025116 4 -1 -1 
46 241 46 57 0.21660102903842926 1 -1 -1 
45 244 50 61 0.20947027206420898 2 -1 -1 
546 249 28 63 0.2052563577890396 2 -1 -1 
552 246 21 29 0.20437929034233093 2 -1 -1 
906 289 10 18 0.19480390846729279 2 -1 -1 
181 172 46 24 0.18974532186985016 4 -1 -1 
896 279 9 26 0.1832091212272644 1 -1 -1 
904 288 9 18 0.17923416197299957 1 -1 -1 
138 261 27 62 0.16984622180461884 1 -1 -1 
290 192 12 26 0.16809998452663422 1 -1 -1 
896 278 16 30 0.16076110303401947 1 -1 -1 
39 269 61 44 0.15871275961399078 10 -1 -1 
7 87 94 66 0.1574104279279709 4 -1 -1 
148 263 32 66 0.15665806829929352 1 -1 -1 
35 242 31 56 0.15584084391593933 2 -1 -1 
149 262 20 38 0.15511678159236908 2 -1 -1 
69 235 34 48 0.15326479077339172 1 -1 -1 
17 222 40 37 0.15292559564113617 7 -1 -1 
61 238 38 55 0.15115150809288025 1 -1 -1 
147 263 22 60 0.14885219931602478 2 -1 -1 
549 247 23 41 0.14810000360012054 2 -1 -1 
37 261 40 45 0.1463361233472824 2 -1 -1 
20 224 35 34 0.143429234623909 6 -1 -1 
10 217 8 14 0.14180561900138855 1 -1 -1 
115 252 23 56 0.14021511375904083 2 -1 -1 
616 258 23 55 0.13698171079158783 2 -1 -1 
152 263 14 29 0.1362711787223816 2 -1 -1 
256 178 31 18 0.13561059534549713 4 -1 -1 
118 254 26 68 0.13557161390781403 1 -1 -1 
35 242 31 56 0.13425768911838531 1 -1 -1 
197 171 32 24 0.13217182457447052 4 -1 -1 
41 238 42 50 0.13062743842601776 2 -1 -1 
903 275 13 31 0.13034985959529877 1 -1 -1 
32 223 23 17 0.12960858643054962 2 -1 -1 
44 246 28 37 0.12772253155708313 1 -1 -1 
292 198 9 19 0.1274975687265396 1 -1 -1 
261 169 40 23 0.12435552477836609 4 -1 -1 
46 262 28 35 0.1230720803141594 2 -1 -1 
907 290 10 21 0.12301235646009445 1 -1 -1 
43 260 56 51 0.12279140949249268 3 -1 -1 
198 245 25 65 0.12146072089672089 4 -1 -1 
43 255 41 49 0.12137407809495926 1 -1 -1 
623 258 20 55 0.12124858796596527 1 -1 -1 
179 174 34 24 0.11633923649787903 4 -1 -1 
104 252 32 63 0.1150742620229721 1 -1 -1 
0 238 23 18 0.11423148214817047 5 -1 -1 
32 223 23 18 0.1130201667547226 1 -1 -1 
44 244 38 57 0.11267688125371933 10 -1 -1 
152 263 14 29 0.11208240687847137 1 -1 -1 
17 222 40 37 0.10882364213466644 8 -1 -1 
613 259 20 47 0.10872291773557663 1 -1 -1 
618 256 18 37 0.10721667855978012 2 -1 -1 
144 264 18 54 0.1065620705485344 1 -1 -1 
46 262 28 35 0.10646498948335648 1 -1 -1 
545 260 21 45 0.10595200955867767 1 -1 -1 
29 90 57 50 0.10135197639465332 4 -1 -1 
0 239 24 17 0.10105768591165543 4 -1 -1 
44 246 28 37 0.10044873505830765 2 -1 -1 
762 275 31 19 0.09975099563598633 4 -1 -1 
32 223 23 18 0.09967367351055145 10 -1 -1 
152 264 21 51 0.098173126578331 1 -1 -1 
259 164 33 26 0.09684450179338455 4 -1 -1 
121 254 35 63 0.09551773965358734 1 -1 -1 
195 93 52 28 0.0950007513165474 4 -1 -1 
180 169 39 22 0.09421293437480927 4 -1 -1 
905 288 15 27 0.09398198872804642 1 -1 -1 
32 222 24 20 0.09138495475053787 3 -1 -1 
13 214 8 16 0.0911196917295456 1 -1 -1 
554 246 21 24 0.09023365378379822 1 -1 -1 
144 257 26 50 0.08989009261131287 1 -1 -1 
899 284 11 20 0.08964111655950546 1 -1 -1 
145 258 29 49 0.08925873786211014 2 -1 -1 
154 18 5 11 0.08851610124111176 1 -1 -1 
21 223 32 27 0.08816508203744888 2 -1 -1 
771 274 26 20 0.08799981325864792 4 -1 -1 
546 246 23 24 0.08752639591693878 2 -1 -1 
12 211 7 16 0.08710789680480957 1 -1 -1 
17 81 107 62 0.08686377108097076 4 -1 -1 
51 248 25 40 0.08671065419912338 1 -1 -1 
18 223 39 37 0.08638028800487518 1 -1 -1 
10 217 8 15 0.08409340679645538 3 -1 -1 
904 288 9 18 0.08390193432569504 2 -1 -1 
762 274 31 20 0.08369649201631546 5 -1 -1 
54 231 51 51 0.0835384652018547 1 -1 -1 
551 248 34 62 0.08305487036705017 1 -1 -1 
214 89 35 28 0.08287215232849121 4 -1 -1 
166 173 36 27 0.08253763616085052 4 -1 -1 
261 165 57 29 0.08195742964744568 4 -1 -1 
552 255 22 45 0.08189158886671066 2 -1 -1 
551 258 24 48 0.0815388411283493 1 -1 -1 
90 302 27 31 0.081492580473423 1 -1 -1 
618 256 18 37 0.08023244142532349 1 -1 -1 
10 91 132 73 0.08022821694612503 4 -1 -1 
760 282 32 14 0.07991146296262741 4 -1 -1 
290 186 17 31 0.07957689464092255 1 -1 -1 
619 255 28 48 0.07936243712902069 1 -1 -1 
10 209 7 15 0.07923228293657303 1 -1 -1 
540 257 29 61 0.07893959432840347 1 -1 -1 
196 245 19 59 0.07849618047475815 1 -1 -1 
773 279 29 16 0.07837297767400742 4 -1 -1 
198 246 25 66 0.0779179260134697 2 -1 -1 
623 256 14 29 0.07777799665927887 2 -1 -1 
41 253 28 40 0.07746084779500961 2 -1 -1 
38 262 32 31 0.07681354880332947 1 -1 -1 
548 257 34 72 0.07616373896598816 1 -1 -1 
149 263 16 20 0.07587791979312897 2 -1 -1 
819 206 22 20 0.07587598264217377 3 -1 -1 
173 171 34 24 0.07517291605472565 4 -1 -1 
616 258 23 59 0.07514002174139023 4 -1 -1 
36 233 64 80 0.07486235350370407 1 -1 -1 
253 170 31 23 0.0748000368475914 4 -1 -1 
289 187 16 30 0.07417859137058258 2 -1 -1 
17 222 40 37 0.0741460919380188 10 -1 -1 
62 236 35 58 0.07408802956342697 2 -1 -1 
286 195 15 24 0.07390689104795456 1 -1 -1 
30 222 25 20 0.07372312992811203 7 -1 -1 
25 234 52 45 0.07351826131343842 1 -1 -1 
113 252 21 43 0.07351093739271164 1 -1 -1 
291 201 8 17 0.07350866496562958 3 -1 -1 
73 233 25 53 0.07327710092067719 2 -1 -1 
152 263 22 32 0.07307680696249008 1 -1 -1 
27 223 28 25 0.07266148924827576 1 -1 -1 
13 216 8 16 0.07245852798223495 3 -1 -1 
770 267 22 21 0.07205045968294144 4 -1 -1 
35 87 64 44 0.07172780483961105 4 -1 -1 
25 234 52 45 0.07136090844869614 2 -1 -1 
895 283 8 23 0.07060789316892624 1 -1 -1 
34 266 46 43 0.07024655491113663 1 -1 -1 
294 197 9 20 0.07011483609676361 1 -1 -1 
554 247 22 49 0.06981205940246582 1 -1 -1 
291 202 8 15 0.06955600529909134 2 -1 -1 
9 100 71 51 0.06861899793148041 4 -1 -1 
123 256 17 56 0.06801946461200714 1 -1 -1 
52 274 51 40 0.06800603121519089 3 -1 -1 
270 193 8 23 0.06787263602018356 1 -1 -1 
147 18 6 15 0.06755395233631134 1 -1 -1 
90 302 27 31 0.06731858849525452 2 -1 -1 
263 174 46 20 0.06715907901525497 4 -1 -1 
323 276 11 18 0.06688462942838669 1 -1 -1 
149 184 16 40 0.0667887032032013 1 -1 -1 
200 174 30 22 0.06615953147411346 10 -1 -1 
149 263 16 20 0.06605760008096695 1 -1 -1 
896 278 16 30 0.0658469870686531 2 -1 -1 
206 88 51 34 0.06562395393848419 4 -1 -1 
25 222 30 31 0.0649053081870079 3 -1 -1 
32 223 23 18 0.06456585228443146 4 -1 -1 
182 96 62 30 0.06452839076519012 4 -1 -1 
257 157 44 36 0.06435630470514297 4 -1 -1 
557 246 17 24 0.06420459598302841 2 -1 -1 
203 176 28 20 0.06384620070457458 4 -1 -1 
256 180 24 21 0.06374475359916687 1 -1 -1 
77 237 30 56 0.06343986839056015 1 -1 -1 
618 265 30 67 0.06326522678136826 1 -1 -1 
557 247 17 34 0.0631459429860115 1 -1 -1 
171 167 52 31 0.06311938911676407 4 -1 -1 
323 277 12 17 0.06290755420923233 2 -1 -1 
900 288 10 20 0.06290272623300552 1 -1 -1 
270 186 9 23 0.06252313405275345 1 -1 -1 
296 194 9 20 0.0624309778213501 1 -1 -1 
622 257 19 40 0.06213879585266113 2 -1 -1 
199 245 19 43 0.06211603060364723 1 -1 -1 
112 246 33 48 0.0614505298435688 2 -1 -1 
263 182 19 23 0.060987818986177444 1 -1 -1 
772 271 24 21 0.060843802988529205 5 -1 -1 
612 251 32 48 0.0604250393807888 2 -1 -1 
610 250 31 48 0.06037113070487976 1 -1 -1 
547 272 24 42 0.05992806702852249 1 -1 -1 
545 260 21 45 0.059840310364961624 2 -1 -1 
777 271 25 20 0.05944095924496651 4 -1 -1 
70 292 49 44 0.059344954788684845 1 -1 -1 
903 275 13 31 0.05929877609014511 2 -1 -1 
256 180 15 22 0.059211716055870056 1 -1 -1 
287 203 11 17 0.05803985521197319 1 -1 -1 
145 263 18 49 0.05801153928041458 2 -1 -1 
0 94 93 87 0.05797230824828148 4 -1 -1 
321 277 13 16 0.05788497254252434 10 -1 -1 
10 92 116 71 0.05771830677986145 5 -1 -1 
146 263 23 59 0.05761237069964409 4 -1 -1 
27 223 28 25 0.057553116232156754 10 -1 -1 
36 223 22 27 0.057542428374290466 9 -1 -1 
899 287 16 28 0.057518813759088516 1 -1 -1 
198 246 22 64 0.05727989599108696 9 -1 -1 
289 194 10 21 0.05700712651014328 1 -1 -1 
199 245 19 43 0.05668966844677925 2 -1 -1 
39 261 46 45 0.056667912751436234 10 -1 -1 
896 279 9 26 0.05611767992377281 2 -1 -1 
205 255 21 56 0.05585833266377449 1 -1 -1 
256 178 31 18 0.055794812738895416 1 -1 -1 
11 214 9 16 0.05579065531492233 2 -1 -1 
767 267 24 21 0.0557730458676815 5 -1 -1 
51 250 49 59 0.055769968777894974 1 -1 -1 
553 247 32 56 0.05545594170689583 2 -1 -1 
10 213 7 16 0.05544603615999222 2 -1 -1 
546 249 27 63 0.055321209132671356 4 -1 -1 
116 253 21 55 0.05517099052667618 4 -1 -1 
50 258 29 35 0.05470311641693115 1 -1 -1 
775 265 22 20 0.05442676693201065 4 -1 -1 
322 277 19 25 0.053680550307035446 1 -1 -1 
290 194 13 25 0.05351177230477333 3 -1 -1 
17 221 41 38 0.05327785760164261 2 -1 -1 
253 166 43 30 0.05289718881249428 4 -1 -1 
773 276 28 18 0.05281483381986618 5 -1 -1 
193 178 36 21 0.052653200924396515 4 -1 -1 
175 102 64 31 0.052573271095752716 4 -1 -1 
760 281 30 13 0.05251504108309746 5 -1 -1 
144 262 20 35 0.0524916909635067 1 -1 -1 
194 98 46 20 0.05157759040594101 4 -1 -1 
543 243 34 39 0.05114671587944031 1 -1 -1 
112 246 33 48 0.05111323297023773 1 -1 -1 
289 195 12 24 0.05097144469618797 2 -1 -1 
70 292 49 44 0.050498977303504944 2 -1 -1 
182 50 5 12 0.05029084160923958 1 -1 -1 
34 232 66 46 0.050214216113090515 4 -1 -1 
18 211 91 76 0.050138868391513824 2 -1 -1 
