438 246 109 122 0.9990137815475464 9 -1 -1 
651 115 48 61 0.9948630928993225 9 -1 -1 
831 173 40 36 0.9596458673477173 5 -1 -1 
559 273 41 50 0.9595231413841248 5 -1 -1 
607 489 70 49 0.9297009706497192 7 -1 -1 
575 346 55 67 0.9257814884185791 5 -1 -1 
602 223 32 41 0.9248577952384949 5 -1 -1 
631 287 37 38 0.922448992729187 4 -1 -1 
971 224 65 27 0.9217642545700073 4 -1 -1 
442 405 68 76 0.9133777022361755 4 -1 -1 
505 340 47 61 0.9074803590774536 5 -1 -1 
483 211 40 35 0.8942101001739502 5 -1 -1 
350 399 84 93 0.8865927457809448 5 -1 -1 
521 136 53 25 0.8815571665763855 5 -1 -1 
891 238 59 28 0.8736880421638489 5 -1 -1 
570 139 38 27 0.8706880807876587 5 -1 -1 
869 348 40 40 0.8588902950286865 4 -1 -1 
787 579 23 49 0.8568633198738098 1 -1 -1 
835 388 44 49 0.8529372215270996 4 -1 -1 
646 172 28 27 0.848641574382782 4 -1 -1 
694 565 18 48 0.8484529256820679 1 -1 -1 
851 290 71 27 0.8467121124267578 4 -1 -1 
878 141 43 22 0.8452332019805908 5 -1 -1 
1123 593 20 49 0.8432902693748474 1 -1 -1 
409 214 56 30 0.8430085778236389 5 -1 -1 
858 324 79 32 0.8318482637405396 4 -1 -1 
542 401 67 77 0.8294706344604492 4 -1 -1 
618 211 29 29 0.819997251033783 4 -1 -1 
638 254 28 33 0.8197590112686157 4 -1 -1 
728 69 27 12 0.815170168876648 4 -1 -1 
618 109 21 20 0.8128838539123535 5 -1 -1 
855 304 74 28 0.810985267162323 4 -1 -1 
185 403 39 32 0.8019372820854187 10 -1 -1 
867 222 64 25 0.7995307445526123 4 -1 -1 
785 556 22 50 0.7966649532318115 1 -1 -1 
443 203 55 25 0.7922134399414062 4 -1 -1 
1212 596 23 50 0.7894604802131653 1 -1 -1 
537 319 44 43 0.7877531051635742 4 -1 -1 
684 55 14 12 0.7840269207954407 4 -1 -1 
382 233 64 26 0.7831729650497437 4 -1 -1 
560 160 32 26 0.7831041812896729 4 -1 -1 
692 73 14 13 0.7810165882110596 4 -1 -1 
819 126 22 17 0.7781165838241577 4 -1 -1 
722 573 25 45 0.7686365246772766 1 -1 -1 
769 29 10 8 0.7650524377822876 4 -1 -1 
302 273 82 31 0.7606887817382812 4 -1 -1 
581 104 42 14 0.7580429315567017 4 -1 -1 
1030 698 54 39 0.7559320330619812 10 -1 -1 
852 247 65 28 0.7556594014167786 4 -1 -1 
599 124 30 19 0.7546255588531494 4 -1 -1 
919 381 45 50 0.7545450925827026 4 -1 -1 
970 520 20 45 0.7530543208122253 1 -1 -1 
868 180 53 21 0.7517180442810059 4 -1 -1 
1213 673 25 52 0.750733494758606 1 -1 -1 
480 169 48 23 0.7478871941566467 4 -1 -1 
411 350 66 67 0.7416622042655945 4 -1 -1 
80 410 13 26 0.7378917336463928 1 -1 -1 
625 187 30 31 0.7342361211776733 4 -1 -1 
434 187 48 24 0.7321805953979492 5 -1 -1 
782 76 15 16 0.7318344116210938 5 -1 -1 
1009 595 22 47 0.7292843461036682 1 -1 -1 
1022 622 21 50 0.7275037169456482 1 -1 -1 
856 124 39 15 0.7259809970855713 4 -1 -1 
656 79 15 15 0.7236323356628418 4 -1 -1 
1280 568 26 50 0.7231190800666809 1 -1 -1 
1048 687 28 42 0.70545893907547 2 -1 -1 
1283 700 33 49 0.7040083408355713 1 -1 -1 
618 493 26 34 0.7035782933235168 2 -1 -1 
895 486 20 48 0.7021486759185791 1 -1 -1 
185 485 36 25 0.6961761116981506 10 -1 -1 
713 56 11 10 0.6920749545097351 4 -1 -1 
202 467 31 32 0.6905614733695984 10 -1 -1 
840 140 19 18 0.6853965520858765 4 -1 -1 
270 404 16 32 0.6823639869689941 10 -1 -1 
909 109 39 15 0.6818751096725464 4 -1 -1 
992 511 19 43 0.6798102855682373 1 -1 -1 
253 371 34 23 0.6773286461830139 10 -1 -1 
555 116 37 15 0.6760783791542053 4 -1 -1 
531 256 32 34 0.6736103296279907 4 -1 -1 
35 436 38 32 0.6665723919868469 10 -1 -1 
861 138 35 16 0.6648737192153931 4 -1 -1 
933 70 26 14 0.662021279335022 5 -1 -1 
899 486 129 53 0.6614528298377991 4 -1 -1 
794 36 9 9 0.6608920097351074 4 -1 -1 
882 424 16 37 0.6601953506469727 1 -1 -1 
878 145 42 24 0.659827470779419 5 -1 -1 
851 90 29 13 0.6585723757743835 4 -1 -1 
710 476 25 43 0.6526442170143127 1 -1 -1 
899 257 72 31 0.6516305208206177 4 -1 -1 
829 272 46 29 0.6465964913368225 4 -1 -1 
858 158 48 20 0.6417907476425171 4 -1 -1 
107 489 36 24 0.6369474530220032 10 -1 -1 
857 118 36 14 0.6351785659790039 4 -1 -1 
706 37 9 10 0.6334807872772217 4 -1 -1 
78 435 30 31 0.6304409503936768 3 -1 -1 
860 83 17 13 0.6289049386978149 4 -1 -1 
626 104 22 17 0.6279768943786621 5 -1 -1 
854 128 38 15 0.6273882985115051 4 -1 -1 
784 49 19 11 0.6267317533493042 4 -1 -1 
127 439 24 32 0.6202852725982666 10 -1 -1 
829 158 28 26 0.6109195351600647 5 -1 -1 
859 132 36 16 0.5821219682693481 4 -1 -1 
917 466 18 37 0.5782067775726318 1 -1 -1 
915 270 74 36 0.5780722498893738 4 -1 -1 
728 559 17 42 0.5775415301322937 1 -1 -1 
847 103 39 15 0.57603520154953 4 -1 -1 
545 178 29 26 0.5731121897697449 4 -1 -1 
1210 722 23 27 0.572144627571106 2 -1 -1 
912 497 17 43 0.5690553188323975 1 -1 -1 
1057 606 23 36 0.568532407283783 7 -1 -1 
439 267 29 22 0.5684310793876648 7 -1 -1 
100 436 37 39 0.5680245757102966 10 -1 -1 
896 90 27 12 0.5670772194862366 4 -1 -1 
715 34 11 9 0.5665232539176941 4 -1 -1 
851 296 75 31 0.5625697374343872 4 -1 -1 
457 178 45 19 0.5594052672386169 4 -1 -1 
580 251 35 38 0.5539728999137878 5 -1 -1 
1190 588 21 49 0.5527195930480957 1 -1 -1 
867 194 55 28 0.5515092611312866 4 -1 -1 
888 84 30 14 0.5488111972808838 5 -1 -1 
915 270 75 35 0.547400712966919 5 -1 -1 
580 251 35 38 0.5458840131759644 4 -1 -1 
583 183 9 16 0.5420198440551758 2 -1 -1 
859 97 27 13 0.5386220216751099 4 -1 -1 
630 98 18 13 0.5363911390304565 4 -1 -1 
624 131 7 13 0.5322831869125366 2 -1 -1 
940 453 14 35 0.5321543216705322 1 -1 -1 
603 318 42 41 0.5256985425949097 4 -1 -1 
1030 472 14 34 0.517758309841156 1 -1 -1 
42 539 20 26 0.5174898505210876 2 -1 -1 
986 552 15 38 0.5174500942230225 1 -1 -1 
793 115 12 13 0.5159927606582642 7 -1 -1 
829 157 28 26 0.5158519148826599 8 -1 -1 
1222 575 20 41 0.5145367383956909 1 -1 -1 
438 246 109 122 0.5132991075515747 4 -1 -1 
1320 725 29 39 0.5117213726043701 1 -1 -1 
664 74 17 16 0.5078451037406921 4 -1 -1 
1022 575 41 28 0.5070545077323914 10 -1 -1 
1106 559 21 52 0.5061246156692505 1 -1 -1 
973 570 21 39 0.5058868527412415 1 -1 -1 
254 371 32 23 0.504817008972168 3 -1 -1 
1235 722 24 32 0.5046648979187012 2 -1 -1 
1202 665 18 43 0.50340336561203 1 -1 -1 
799 18 8 9 0.4913226366043091 5 -1 -1 
545 178 29 26 0.48880138993263245 5 -1 -1 
966 194 8 23 0.4876093566417694 1 -1 -1 
956 447 15 35 0.48655036091804504 1 -1 -1 
856 116 31 13 0.48640045523643494 4 -1 -1 
866 194 57 28 0.4842222332954407 5 -1 -1 
603 318 42 41 0.48309263586997986 6 -1 -1 
753 25 10 8 0.48146969079971313 4 -1 -1 
621 137 13 10 0.4798414707183838 10 -1 -1 
701 20 20 15 0.4786202609539032 9 -1 -1 
691 115 17 21 0.4723181426525116 4 -1 -1 
829 280 12 24 0.4707781672477722 1 -1 -1 
902 95 34 15 0.4705808460712433 4 -1 -1 
799 18 8 9 0.4671329855918884 4 -1 -1 
974 455 14 34 0.4649783670902252 1 -1 -1 
1237 578 21 37 0.4645380675792694 1 -1 -1 
1044 527 15 36 0.46445998549461365 1 -1 -1 
1301 585 23 40 0.4623924493789673 1 -1 -1 
1205 582 16 49 0.46046581864356995 1 -1 -1 
558 107 7 16 0.45906299352645874 1 -1 -1 
1235 577 20 37 0.4588998258113861 2 -1 -1 
622 136 12 11 0.45527175068855286 3 -1 -1 
905 264 81 31 0.45401424169540405 4 -1 -1 
1299 664 59 72 0.4519728422164917 4 -1 -1 
905 491 19 48 0.45142263174057007 1 -1 -1 
439 267 29 22 0.4491615295410156 3 -1 -1 
181 465 23 30 0.44563204050064087 10 -1 -1 
623 134 9 12 0.4439261555671692 2 -1 -1 
438 246 108 122 0.4068836569786072 10 -1 -1 
438 246 109 122 0.39739271998405457 5 -1 -1 
855 310 78 30 0.3809654712677002 4 -1 -1 
438 245 112 124 0.3799935281276703 1 -1 -1 
438 246 109 122 0.36544349789619446 6 -1 -1 
1065 551 17 46 0.36321938037872314 1 -1 -1 
87 438 29 33 0.3589916527271271 3 -1 -1 
1340 588 18 36 0.3541697561740875 2 -1 -1 
438 246 109 122 0.35391297936439514 3 -1 -1 
438 246 108 122 0.3402668237686157 2 -1 -1 
996 447 23 34 0.33340173959732056 10 -1 -1 
438 246 108 122 0.33119523525238037 7 -1 -1 
78 434 27 32 0.31613031029701233 10 -1 -1 
607 490 70 49 0.3080969750881195 8 -1 -1 
898 256 72 31 0.30639418959617615 5 -1 -1 
905 264 81 31 0.2893318831920624 5 -1 -1 
438 245 112 124 0.28765183687210083 8 -1 -1 
77 432 20 33 0.2746872007846832 3 -1 -1 
349 399 86 92 0.2639782130718231 6 -1 -1 
412 350 66 67 0.2613469064235687 5 -1 -1 
997 452 25 39 0.24864405393600464 10 -1 -1 
1340 588 19 36 0.24458391964435577 1 -1 -1 
651 115 48 61 0.24451816082000732 4 -1 -1 
848 97 38 18 0.23800326883792877 4 -1 -1 
997 446 23 34 0.23799067735671997 2 -1 -1 
542 401 67 77 0.23398013412952423 5 -1 -1 
96 443 22 31 0.23087909817695618 3 -1 -1 
1065 550 17 46 0.22859589755535126 2 -1 -1 
575 346 55 68 0.22774139046669006 4 -1 -1 
607 490 70 49 0.21799038350582123 3 -1 -1 
847 104 41 14 0.21417680382728577 6 -1 -1 
651 115 48 61 0.211272194981575 1 -1 -1 
1066 546 18 37 0.2094481885433197 1 -1 -1 
651 115 48 61 0.20828010141849518 5 -1 -1 
350 399 83 92 0.20626157522201538 4 -1 -1 
651 116 48 59 0.20551198720932007 6 -1 -1 
41 539 22 30 0.20259937644004822 1 -1 -1 
913 486 123 53 0.19769690930843353 5 -1 -1 
350 399 83 92 0.19582650065422058 8 -1 -1 
858 324 78 33 0.1936345100402832 5 -1 -1 
1066 546 18 37 0.19133353233337402 2 -1 -1 
879 79 38 16 0.18565304577350616 6 -1 -1 
849 91 36 16 0.18506409227848053 4 -1 -1 
847 103 40 15 0.18434745073318481 5 -1 -1 
810 286 17 34 0.18034781515598297 3 -1 -1 
266 296 23 35 0.1777375042438507 3 -1 -1 
651 115 48 61 0.17672772705554962 10 -1 -1 
651 115 48 61 0.1711808443069458 3 -1 -1 
311 258 78 36 0.16998964548110962 4 -1 -1 
1043 526 17 38 0.16905643045902252 2 -1 -1 
651 115 48 61 0.16336143016815186 2 -1 -1 
893 245 70 31 0.16316933929920197 4 -1 -1 
543 132 35 17 0.16233578324317932 4 -1 -1 
886 82 36 16 0.16078947484493256 6 -1 -1 
575 346 55 67 0.16031958162784576 6 -1 -1 
263 293 28 27 0.15825249254703522 3 -1 -1 
851 296 75 31 0.15816257894039154 5 -1 -1 
349 399 86 92 0.15736359357833862 9 -1 -1 
885 82 37 16 0.15602648258209229 4 -1 -1 
36 543 20 39 0.1557714343070984 1 -1 -1 
324 243 76 39 0.15532846748828888 4 -1 -1 
40 541 22 37 0.15424907207489014 2 -1 -1 
887 423 19 39 0.15203920006752014 1 -1 -1 
325 245 72 35 0.15083639323711395 6 -1 -1 
1300 664 58 72 0.14879369735717773 5 -1 -1 
651 115 48 61 0.14714276790618896 7 -1 -1 
36 543 20 39 0.14321103692054749 2 -1 -1 
78 410 17 35 0.14317135512828827 1 -1 -1 
619 102 30 25 0.14198823273181915 5 -1 -1 
302 272 82 33 0.14103923738002777 5 -1 -1 
651 115 48 61 0.14079605042934418 8 -1 -1 
1086 597 22 32 0.1404368281364441 1 -1 -1 
607 489 70 49 0.13955548405647278 4 -1 -1 
505 340 47 61 0.1385384500026703 4 -1 -1 
893 245 70 31 0.1384216696023941 5 -1 -1 
1204 719 84 45 0.13783963024616241 10 -1 -1 
35 549 17 37 0.1373501867055893 1 -1 -1 
997 446 23 34 0.1365901678800583 1 -1 -1 
33 547 19 37 0.13434375822544098 2 -1 -1 
607 489 70 49 0.13349208235740662 10 -1 -1 
441 405 69 76 0.13256579637527466 5 -1 -1 
901 95 37 15 0.13044968247413635 5 -1 -1 
607 490 70 49 0.13002437353134155 6 -1 -1 
855 99 38 18 0.12788650393486023 4 -1 -1 
443 402 71 32 0.12455310672521591 4 -1 -1 
78 426 27 34 0.12428700178861618 3 -1 -1 
886 235 66 35 0.11974594742059708 4 -1 -1 
576 346 54 68 0.11970075964927673 9 -1 -1 
1065 551 17 46 0.11952892690896988 10 -1 -1 
83 437 31 31 0.11848035454750061 10 -1 -1 
543 122 34 22 0.11831829696893692 4 -1 -1 
830 173 70 40 0.11822312325239182 6 -1 -1 
607 490 70 49 0.11820913106203079 2 -1 -1 
1082 595 22 32 0.11751152575016022 10 -1 -1 
848 97 38 18 0.11716189235448837 5 -1 -1 
914 415 73 45 0.11656457930803299 8 -1 -1 
851 289 73 30 0.1161079853773117 5 -1 -1 
932 129 70 30 0.11608424782752991 6 -1 -1 
891 86 37 16 0.11573824286460876 4 -1 -1 
32 553 17 35 0.11302250623703003 10 -1 -1 
75 431 22 34 0.11201519519090652 10 -1 -1 
607 490 70 49 0.11125031113624573 1 -1 -1 
1279 693 57 62 0.10836321860551834 1 -1 -1 
998 454 23 37 0.1072968989610672 2 -1 -1 
607 489 70 49 0.10713398456573486 9 -1 -1 
504 340 49 61 0.1064702644944191 9 -1 -1 
903 101 37 17 0.1061244085431099 4 -1 -1 
543 126 29 22 0.10481138527393341 4 -1 -1 
1086 597 22 32 0.10315567255020142 2 -1 -1 
914 387 53 62 0.10260138660669327 4 -1 -1 
855 310 78 30 0.10211015492677689 5 -1 -1 
883 429 22 39 0.10202927887439728 1 -1 -1 
598 124 31 19 0.10179197043180466 5 -1 -1 
575 346 55 67 0.10169880092144012 8 -1 -1 
914 415 73 45 0.101088747382164 4 -1 -1 
915 414 69 46 0.1005425900220871 7 -1 -1 
326 237 72 34 0.09901126474142075 6 -1 -1 
582 103 40 15 0.09896188974380493 5 -1 -1 
