418 415 89 90 0.9756466746330261 5 -1 -1 
576 141 54 42 0.9735982418060303 5 -1 -1 
182 258 82 42 0.9464628100395203 5 -1 -1 
94 341 109 51 0.9410303235054016 4 -1 -1 
876 48 22 22 0.9401974678039551 6 -1 -1 
854 50 13 20 0.9349024891853333 7 -1 -1 
51 381 121 53 0.9348160028457642 4 -1 -1 
479 337 97 64 0.9231067299842834 4 -1 -1 
391 501 101 105 0.9060701727867126 4 -1 -1 
894 75 26 30 0.9052383303642273 5 -1 -1 
925 148 35 32 0.901172935962677 4 -1 -1 
299 650 131 114 0.8907623291015625 5 -1 -1 
123 311 107 49 0.8896963596343994 4 -1 -1 
64 346 18 36 0.8848196864128113 1 -1 -1 
150 289 107 41 0.8836196064949036 4 -1 -1 
975 262 49 49 0.8818082213401794 4 -1 -1 
619 397 52 83 0.8715572953224182 4 -1 -1 
941 179 33 31 0.8705151677131653 4 -1 -1 
510 271 53 59 0.8624378442764282 4 -1 -1 
953 215 42 39 0.8601676821708679 4 -1 -1 
1000 337 57 55 0.8459838032722473 4 -1 -1 
872 13 22 19 0.8416488170623779 4 -1 -1 
637 64 30 30 0.8400274515151978 4 -1 -1 
720 178 32 45 0.838787853717804 4 -1 -1 
532 172 24 16 0.8283345699310303 10 -1 -1 
585 122 61 31 0.8277015089988708 4 -1 -1 
29 302 17 36 0.8199884295463562 1 -1 -1 
643 36 27 24 0.7978874444961548 4 -1 -1 
599 90 48 26 0.7916560769081116 4 -1 -1 
0 459 92 57 0.7786415815353394 4 -1 -1 
914 112 32 32 0.7784057855606079 5 -1 -1 
536 222 44 55 0.7755609750747681 4 -1 -1 
1084 523 80 95 0.755465567111969 4 -1 -1 
876 48 24 22 0.7545426487922668 4 -1 -1 
468 159 9 24 0.7496351599693298 1 -1 -1 
403 143 9 22 0.7458240389823914 1 -1 -1 
484 196 77 40 0.7418215274810791 4 -1 -1 
503 127 26 18 0.7301468253135681 3 -1 -1 
241 205 87 34 0.7186718583106995 4 -1 -1 
393 142 9 19 0.701318621635437 1 -1 -1 
625 46 16 19 0.6982522010803223 7 -1 -1 
799 26 24 26 0.6974084973335266 4 -1 -1 
480 155 39 37 0.695174515247345 8 -1 -1 
438 156 9 24 0.6876169443130493 1 -1 -1 
506 121 16 23 0.6850934624671936 2 -1 -1 
890 61 30 23 0.6717244982719421 5 -1 -1 
876 31 22 22 0.6715056300163269 4 -1 -1 
460 158 8 23 0.6692761778831482 1 -1 -1 
58 155 77 38 0.6670053005218506 4 -1 -1 
91 148 71 31 0.664864718914032 4 -1 -1 
486 139 8 23 0.6625198721885681 1 -1 -1 
637 5 38 17 0.6590710282325745 4 -1 -1 
334 105 16 42 0.6590226888656616 1 -1 -1 
1038 423 69 72 0.6586275100708008 5 -1 -1 
7 417 127 55 0.6580288410186768 4 -1 -1 
596 101 57 32 0.6570566296577454 4 -1 -1 
864 70 8 17 0.6562209725379944 2 -1 -1 
634 12 39 19 0.6483340859413147 4 -1 -1 
451 156 7 22 0.6428050398826599 1 -1 -1 
867 0 21 15 0.641278862953186 4 -1 -1 
960 350 16 27 0.6198866963386536 2 -1 -1 
387 184 74 41 0.6186060905456543 5 -1 -1 
0 204 79 35 0.6168215870857239 4 -1 -1 
856 48 9 13 0.6154294013977051 2 -1 -1 
959 356 17 31 0.601182222366333 10 -1 -1 
97 360 15 33 0.5838338732719421 1 -1 -1 
628 20 30 23 0.5819939970970154 4 -1 -1 
603 72 23 24 0.5593637228012085 7 -1 -1 
531 140 24 29 0.5592944622039795 10 -1 -1 
564 50 20 15 0.5563008189201355 10 -1 -1 
537 22 9 11 0.5554736256599426 2 -1 -1 
213 244 76 39 0.548427939414978 4 -1 -1 
531 139 12 22 0.546129047870636 2 -1 -1 
530 140 24 31 0.5415299534797668 7 -1 -1 
228 224 72 36 0.5388954877853394 4 -1 -1 
914 113 32 31 0.5349339246749878 4 -1 -1 
478 150 8 22 0.5314003825187683 1 -1 -1 
444 151 7 20 0.5214312076568604 1 -1 -1 
302 108 24 47 0.518264889717102 1 -1 -1 
0 505 53 59 0.5145900249481201 4 -1 -1 
206 139 33 32 0.5086125731468201 2 -1 -1 
864 76 8 16 0.5047680139541626 10 -1 -1 
537 25 11 11 0.49959424138069153 10 -1 -1 
1038 423 69 72 0.4949013888835907 4 -1 -1 
434 132 48 31 0.48672059178352356 5 -1 -1 
568 47 13 14 0.48258933424949646 2 -1 -1 
386 184 75 41 0.4786590039730072 4 -1 -1 
621 48 20 30 0.4766225218772888 7 -1 -1 
855 49 11 18 0.4755305349826813 2 -1 -1 
351 75 14 39 0.4541882574558258 1 -1 -1 
864 77 8 16 0.4532739222049713 3 -1 -1 
531 139 18 27 0.4471283555030823 2 -1 -1 
36 189 43 26 0.42235827445983887 10 -1 -1 
597 101 56 31 0.4221901595592499 5 -1 -1 
218 245 64 32 0.41485267877578735 7 -1 -1 
6 416 127 58 0.41025251150131226 5 -1 -1 
59 155 76 38 0.40334516763687134 5 -1 -1 
301 649 131 116 0.39405661821365356 4 -1 -1 
482 178 12 24 0.392719566822052 1 -1 -1 
355 103 15 40 0.3924091160297394 1 -1 -1 
537 24 11 12 0.38822782039642334 2 -1 -1 
564 51 20 14 0.3784162104129791 3 -1 -1 
221 96 28 42 0.377250999212265 1 -1 -1 
453 157 9 23 0.3743060827255249 1 -1 -1 
623 40 18 20 0.3680211007595062 7 -1 -1 
565 48 18 16 0.3649677336215973 2 -1 -1 
504 114 24 31 0.36387330293655396 8 -1 -1 
600 78 28 20 0.36362892389297485 4 -1 -1 
452 153 8 19 0.36327776312828064 1 -1 -1 
518 174 13 13 0.3622306287288666 4 -1 -1 
504 125 24 20 0.36177948117256165 2 -1 -1 
620 38 20 13 0.36169859766960144 10 -1 -1 
440 128 46 28 0.35816144943237305 5 -1 -1 
218 245 64 32 0.35567706823349 8 -1 -1 
890 61 31 24 0.35151442885398865 4 -1 -1 
516 173 15 15 0.3505626320838928 10 -1 -1 
313 201 21 22 0.34971559047698975 3 -1 -1 
482 195 79 41 0.3494868278503418 5 -1 -1 
206 144 48 30 0.3476857542991638 10 -1 -1 
506 121 16 23 0.345222532749176 1 -1 -1 
876 38 23 22 0.34363052248954773 4 -1 -1 
220 231 87 40 0.34235286712646484 4 -1 -1 
518 174 13 13 0.33497464656829834 7 -1 -1 
231 216 88 37 0.3347528576850891 4 -1 -1 
800 26 22 25 0.3341125547885895 5 -1 -1 
437 153 9 23 0.3325955271720886 1 -1 -1 
310 200 24 23 0.32920339703559875 10 -1 -1 
59 178 29 20 0.3288749158382416 10 -1 -1 
227 225 73 35 0.32198354601860046 5 -1 -1 
253 118 22 39 0.320807546377182 2 -1 -1 
465 159 9 23 0.32001611590385437 1 -1 -1 
449 114 39 30 0.3185949921607971 8 -1 -1 
61 180 28 18 0.31830230355262756 3 -1 -1 
629 15 37 24 0.3146381676197052 4 -1 -1 
1083 523 82 95 0.3127795457839966 5 -1 -1 
405 131 7 16 0.31089168787002563 1 -1 -1 
449 114 38 25 0.30999308824539185 6 -1 -1 
600 84 36 18 0.30993369221687317 4 -1 -1 
449 155 8 18 0.30962231755256653 1 -1 -1 
892 65 29 29 0.3062887191772461 5 -1 -1 
433 132 49 37 0.30609992146492004 8 -1 -1 
436 149 8 22 0.30579984188079834 1 -1 -1 
67 150 90 34 0.3046478033065796 4 -1 -1 
628 20 30 23 0.3040734529495239 5 -1 -1 
645 0 35 11 0.30245766043663025 4 -1 -1 
636 77 27 18 0.3018409311771393 4 -1 -1 
568 46 9 13 0.3003505766391754 2 -1 -1 
449 125 39 24 0.29807135462760925 5 -1 -1 
390 140 10 21 0.29598578810691833 1 -1 -1 
475 168 17 15 0.29330044984817505 10 -1 -1 
639 2 39 15 0.2887393534183502 4 -1 -1 
200 110 130 63 0.2833991050720215 6 -1 -1 
134 301 110 45 0.2678374946117401 4 -1 -1 
449 125 38 23 0.2641766369342804 6 -1 -1 
483 154 36 38 0.2640998661518097 5 -1 -1 
0 539 24 77 0.25395020842552185 4 -1 -1 
449 114 39 30 0.25355520844459534 7 -1 -1 
215 244 78 35 0.2525373697280884 6 -1 -1 
92 106 85 46 0.25249263644218445 6 -1 -1 
216 238 79 40 0.2513447105884552 5 -1 -1 
183 258 82 43 0.24487675726413727 4 -1 -1 
433 132 55 37 0.24453115463256836 6 -1 -1 
613 47 29 32 0.24391788244247437 6 -1 -1 
504 114 24 31 0.2345837503671646 10 -1 -1 
449 125 39 24 0.23092857003211975 4 -1 -1 
434 132 48 31 0.22535400092601776 4 -1 -1 
115 420 91 67 0.22530335187911987 4 -1 -1 
0 502 84 63 0.2238859236240387 4 -1 -1 
480 155 39 37 0.22359900176525116 7 -1 -1 
440 128 46 28 0.22229818999767303 4 -1 -1 
449 125 38 23 0.22018319368362427 8 -1 -1 
440 128 46 28 0.21423515677452087 6 -1 -1 
631 13 38 22 0.2135019153356552 5 -1 -1 
0 547 39 72 0.20674815773963928 4 -1 -1 
611 50 31 30 0.20000438392162323 7 -1 -1 
449 114 39 30 0.19635550677776337 5 -1 -1 
203 248 79 41 0.19573874771595 5 -1 -1 
220 231 87 40 0.19292335212230682 5 -1 -1 
483 154 36 38 0.18341241776943207 6 -1 -1 
160 98 175 70 0.1818157136440277 6 -1 -1 
92 107 78 44 0.18177910149097443 5 -1 -1 
223 226 79 37 0.17935168743133545 6 -1 -1 
0 539 24 77 0.17774710059165955 5 -1 -1 
530 139 25 32 0.17748667299747467 8 -1 -1 
635 7 39 18 0.17517335712909698 5 -1 -1 
232 333 86 76 0.17151705920696259 4 -1 -1 
894 75 26 30 0.16980589926242828 4 -1 -1 
450 131 40 33 0.1693379133939743 5 -1 -1 
216 444 88 51 0.16788700222969055 4 -1 -1 
440 128 46 28 0.16521243751049042 8 -1 -1 
483 154 36 38 0.161953404545784 4 -1 -1 
231 216 88 37 0.16192804276943207 5 -1 -1 
231 457 76 55 0.1613004207611084 4 -1 -1 
449 125 38 23 0.16088098287582397 7 -1 -1 
244 446 67 57 0.15677383542060852 4 -1 -1 
599 71 28 27 0.1539728194475174 8 -1 -1 
504 115 25 31 0.15355388820171356 3 -1 -1 
123 312 106 48 0.15350115299224854 5 -1 -1 
449 114 39 30 0.15057340264320374 4 -1 -1 
238 424 66 67 0.1497504711151123 4 -1 -1 
619 398 52 82 0.14665129780769348 5 -1 -1 
170 278 93 37 0.14644749462604523 4 -1 -1 
2 195 77 36 0.14260973036289215 4 -1 -1 
958 352 18 36 0.141184464097023 3 -1 -1 
135 420 93 59 0.14101721346378326 4 -1 -1 
504 114 24 31 0.14058993756771088 7 -1 -1 
178 268 85 43 0.13979178667068481 5 -1 -1 
0 458 93 59 0.13904759287834167 5 -1 -1 
100 425 97 80 0.1381283700466156 4 -1 -1 
605 53 32 36 0.13624383509159088 7 -1 -1 
0 526 53 88 0.13615889847278595 4 -1 -1 
0 508 111 72 0.13558803498744965 4 -1 -1 
200 98 129 56 0.13544809818267822 6 -1 -1 
196 370 84 69 0.13518308103084564 4 -1 -1 
450 131 40 33 0.13493679463863373 6 -1 -1 
535 220 46 59 0.1329083889722824 5 -1 -1 
201 104 134 67 0.13248471915721893 4 -1 -1 
0 559 50 76 0.1302075833082199 4 -1 -1 
9 65 19 39 0.1301117241382599 1 -1 -1 
151 289 106 41 0.13007411360740662 5 -1 -1 
51 381 121 53 0.12833505868911743 1 -1 -1 
203 134 116 40 0.12804880738258362 7 -1 -1 
94 341 109 51 0.12757709622383118 1 -1 -1 
253 338 74 84 0.12596510350704193 4 -1 -1 
182 258 84 41 0.12471407651901245 6 -1 -1 
0 509 71 97 0.12450873851776123 4 -1 -1 
478 337 99 63 0.12426963448524475 5 -1 -1 
612 47 30 32 0.12278171628713608 8 -1 -1 
101 326 107 48 0.11868652701377869 4 -1 -1 
120 110 212 70 0.08013197034597397 6 -1 -1 
433 132 75 53 0.06932466477155685 6 -1 -1 
43 420 158 99 0.061750754714012146 4 -1 -1 
34 411 166 76 0.05946158245205879 4 -1 -1 
428 130 65 47 0.058951567858457565 5 -1 -1 
433 146 83 47 0.05795331671833992 6 -1 -1 
131 90 202 79 0.05547459423542023 9 -1 -1 
60 534 155 89 0.0536859855055809 4 -1 -1 
90 96 215 70 0.05068454146385193 6 -1 -1 
