563 257 74 29 0.9989110231399536 9 -1 -1 
762 334 45 54 0.9987545013427734 9 -1 -1 
598 434 57 117 0.9987167119979858 9 -1 -1 
625 330 34 65 0.9983627200126648 9 -1 -1 
775 445 38 32 0.9320587515830994 4 -1 -1 
125 614 39 28 0.9312857985496521 3 -1 -1 
725 469 37 36 0.9296355247497559 4 -1 -1 
467 403 35 32 0.9269803762435913 4 -1 -1 
784 483 40 35 0.9204904437065125 4 -1 -1 
679 469 35 35 0.9194509387016296 4 -1 -1 
234 508 30 27 0.9182609915733337 3 -1 -1 
733 512 42 42 0.9149132370948792 4 -1 -1 
675 443 32 31 0.9148616790771484 4 -1 -1 
32 498 87 80 0.9119835495948792 5 -1 -1 
1028 450 10 22 0.9119772911071777 3 -1 -1 
774 690 71 74 0.9117416143417358 4 -1 -1 
808 432 35 32 0.909773051738739 4 -1 -1 
179 568 34 23 0.9076923727989197 3 -1 -1 
788 519 46 43 0.8973841667175293 4 -1 -1 
677 504 40 42 0.8953883647918701 4 -1 -1 
534 301 21 18 0.8911208510398865 4 -1 -1 
744 384 27 25 0.8806824088096619 4 -1 -1 
719 438 33 31 0.8793337345123291 4 -1 -1 
827 621 65 66 0.8779076933860779 4 -1 -1 
598 580 47 53 0.8760970234870911 4 -1 -1 
558 336 23 22 0.8708187341690063 4 -1 -1 
172 415 79 28 0.8681726455688477 4 -1 -1 
1023 477 12 33 0.868149995803833 1 -1 -1 
506 330 23 21 0.8626936674118042 4 -1 -1 
738 367 26 22 0.8600170612335205 4 -1 -1 
187 554 34 26 0.8599793910980225 3 -1 -1 
734 353 24 20 0.8593159317970276 4 -1 -1 
808 564 55 52 0.8560327291488647 4 -1 -1 
727 334 21 17 0.8523836731910706 4 -1 -1 
689 630 54 69 0.8519848585128784 4 -1 -1 
622 408 29 26 0.8514571785926819 4 -1 -1 
643 242 14 11 0.8495684862136841 4 -1 -1 
795 408 33 26 0.848638653755188 4 -1 -1 
1087 555 13 38 0.8400721549987793 1 -1 -1 
1091 425 23 17 0.8368140459060669 3 -1 -1 
711 413 28 26 0.8363479971885681 4 -1 -1 
781 384 29 24 0.8362953662872314 4 -1 -1 
656 237 11 10 0.8217030763626099 4 -1 -1 
671 394 27 25 0.8212422728538513 4 -1 -1 
670 360 23 20 0.8206373453140259 4 -1 -1 
1052 513 15 37 0.8190720081329346 1 -1 -1 
671 421 29 26 0.8167775869369507 4 -1 -1 
47 483 90 50 0.8153426647186279 5 -1 -1 
1114 533 15 33 0.8148664832115173 1 -1 -1 
744 560 45 47 0.8144997358322144 4 -1 -1 
670 376 24 21 0.8140430450439453 4 -1 -1 
756 616 59 64 0.8105691075325012 4 -1 -1 
682 555 47 57 0.808198094367981 4 -1 -1 
702 346 20 17 0.8036432862281799 4 -1 -1 
141 592 37 34 0.8020488619804382 3 -1 -1 
124 433 81 29 0.7996646761894226 4 -1 -1 
290 272 24 13 0.7989004254341125 4 -1 -1 
651 276 31 11 0.7978519201278687 4 -1 -1 
697 334 20 16 0.7974148392677307 4 -1 -1 
1141 670 30 38 0.7910810708999634 10 -1 -1 
1116 487 16 31 0.7910285592079163 1 -1 -1 
929 689 86 75 0.7897562980651855 4 -1 -1 
1121 551 16 40 0.789330780506134 1 -1 -1 
701 359 24 20 0.7868841290473938 4 -1 -1 
920 292 36 15 0.7822365164756775 4 -1 -1 
668 346 20 18 0.781264066696167 4 -1 -1 
34 441 13 33 0.7804386615753174 1 -1 -1 
1141 490 11 36 0.7770007848739624 1 -1 -1 
1132 493 11 35 0.7738502621650696 1 -1 -1 
1038 404 37 26 0.7710297107696533 4 -1 -1 
775 298 39 16 0.7698073983192444 4 -1 -1 
25 423 10 31 0.7547182440757751 1 -1 -1 
1304 591 19 43 0.7545679807662964 1 -1 -1 
1053 711 152 53 0.7545071840286255 4 -1 -1 
969 475 48 40 0.7515442967414856 4 -1 -1 
1028 442 11 24 0.7508823871612549 2 -1 -1 
1097 499 13 31 0.7497365474700928 1 -1 -1 
845 399 9 12 0.7453129291534424 3 -1 -1 
713 275 29 13 0.7430000305175781 4 -1 -1 
706 372 24 21 0.7418873906135559 4 -1 -1 
214 354 35 25 0.7415668964385986 4 -1 -1 
548 251 13 11 0.7404219508171082 4 -1 -1 
87 453 96 36 0.7401193380355835 4 -1 -1 
1026 536 19 27 0.737689733505249 10 -1 -1 
287 339 52 21 0.7368370294570923 4 -1 -1 
758 417 31 28 0.7361050248146057 4 -1 -1 
914 346 8 21 0.731674075126648 1 -1 -1 
1107 639 43 38 0.7299705743789673 10 -1 -1 
1000 648 20 44 0.7252741456031799 1 -1 -1 
348 294 7 17 0.7219170331954956 1 -1 -1 
665 332 21 19 0.7162179350852966 4 -1 -1 
850 288 32 13 0.7118737697601318 4 -1 -1 
1107 500 10 33 0.7117822170257568 1 -1 -1 
753 329 20 19 0.7109712362289429 4 -1 -1 
309 330 49 20 0.70844966173172 4 -1 -1 
264 321 7 19 0.7072668671607971 1 -1 -1 
194 403 69 27 0.7035427689552307 4 -1 -1 
273 321 8 20 0.7019968032836914 1 -1 -1 
258 318 7 19 0.6996467113494873 1 -1 -1 
36 425 11 28 0.6957712769508362 1 -1 -1 
995 526 17 28 0.6898321509361267 10 -1 -1 
912 382 51 56 0.6894868016242981 9 -1 -1 
197 389 75 27 0.6876443028450012 4 -1 -1 
850 380 8 16 0.6858570575714111 3 -1 -1 
628 390 25 22 0.6856293082237244 4 -1 -1 
666 260 13 12 0.6822548508644104 4 -1 -1 
311 277 7 20 0.6817674040794373 1 -1 -1 
744 293 35 14 0.6711235046386719 4 -1 -1 
323 318 49 20 0.6710218191146851 4 -1 -1 
709 386 28 28 0.6667758822441101 4 -1 -1 
684 721 62 42 0.6660016179084778 4 -1 -1 
997 521 14 24 0.6622688174247742 2 -1 -1 
687 288 32 14 0.6618887782096863 4 -1 -1 
973 440 10 26 0.6615672707557678 1 -1 -1 
1029 528 15 28 0.6565569043159485 2 -1 -1 
927 349 8 21 0.6505784392356873 1 -1 -1 
227 335 8 21 0.6498399972915649 1 -1 -1 
1108 425 15 17 0.645228385925293 3 -1 -1 
796 285 29 12 0.6396778225898743 4 -1 -1 
529 244 13 17 0.6388007402420044 5 -1 -1 
907 333 7 17 0.6376264095306396 1 -1 -1 
877 333 8 16 0.6345953345298767 1 -1 -1 
225 378 67 26 0.6329480409622192 4 -1 -1 
635 227 8 8 0.6301753520965576 4 -1 -1 
1148 663 21 31 0.6241903901100159 2 -1 -1 
101 445 90 32 0.6223843693733215 4 -1 -1 
352 367 10 17 0.6213997006416321 2 -1 -1 
22 640 21 49 0.620739758014679 1 -1 -1 
639 286 29 14 0.6192247271537781 4 -1 -1 
296 299 6 17 0.6179600954055786 1 -1 -1 
950 325 8 18 0.6154103875160217 1 -1 -1 
985 441 11 26 0.6152622103691101 1 -1 -1 
829 293 30 17 0.6105039119720459 5 -1 -1 
374 275 35 15 0.6070126891136169 4 -1 -1 
388 283 35 13 0.6068659424781799 4 -1 -1 
620 280 29 13 0.6018770933151245 4 -1 -1 
945 309 41 14 0.6006763577461243 4 -1 -1 
938 352 7 19 0.6002408266067505 1 -1 -1 
992 440 10 28 0.5992247462272644 1 -1 -1 
601 240 13 12 0.5981458425521851 4 -1 -1 
870 400 11 16 0.5965091586112976 10 -1 -1 
748 279 31 13 0.5964897274971008 4 -1 -1 
524 275 35 15 0.5944483876228333 5 -1 -1 
654 310 6 16 0.592806339263916 1 -1 -1 
325 299 5 15 0.5921744704246521 1 -1 -1 
319 323 49 19 0.58805912733078 4 -1 -1 
35 488 95 59 0.5849596261978149 5 -1 -1 
1201 717 20 47 0.5828027129173279 1 -1 -1 
302 334 52 20 0.5827405452728271 4 -1 -1 
748 279 31 13 0.5775377750396729 5 -1 -1 
1128 532 14 31 0.5774763822555542 1 -1 -1 
563 275 30 14 0.5773501396179199 4 -1 -1 
339 302 7 16 0.5720939636230469 1 -1 -1 
300 260 22 12 0.5699828267097473 5 -1 -1 
876 385 10 15 0.5697910189628601 2 -1 -1 
217 337 8 19 0.5696587562561035 1 -1 -1 
56 477 92 44 0.5693156123161316 5 -1 -1 
1078 409 14 22 0.5662651062011719 10 -1 -1 
9 639 18 50 0.5660232305526733 1 -1 -1 
566 243 11 9 0.5647627711296082 4 -1 -1 
684 238 10 10 0.5571762919425964 4 -1 -1 
1021 414 11 12 0.5516055822372437 2 -1 -1 
77 474 75 35 0.550747275352478 4 -1 -1 
766 320 6 14 0.5499232411384583 1 -1 -1 
263 319 7 20 0.5477815866470337 1 -1 -1 
564 239 12 9 0.544556736946106 4 -1 -1 
266 319 7 20 0.5439802408218384 1 -1 -1 
585 243 11 11 0.5422517657279968 4 -1 -1 
984 399 9 21 0.5362327098846436 1 -1 -1 
996 441 9 26 0.5350014567375183 1 -1 -1 
686 241 11 9 0.5335921049118042 4 -1 -1 
150 590 35 22 0.5326164364814758 3 -1 -1 
850 375 7 16 0.530949592590332 2 -1 -1 
345 294 6 17 0.5296460390090942 1 -1 -1 
330 255 30 11 0.5292460918426514 4 -1 -1 
361 298 44 16 0.5266177654266357 4 -1 -1 
606 246 13 13 0.5229663848876953 4 -1 -1 
456 313 6 16 0.5170143246650696 1 -1 -1 
18 431 10 26 0.5162023901939392 1 -1 -1 
915 381 49 57 0.514821469783783 6 -1 -1 
869 364 8 20 0.5135923624038696 1 -1 -1 
330 299 5 15 0.5129429697990417 1 -1 -1 
563 257 74 29 0.5124884247779846 4 -1 -1 
923 349 8 21 0.5116251111030579 1 -1 -1 
1245 731 34 32 0.49865520000457764 10 -1 -1 
886 456 97 114 0.4929535388946533 6 -1 -1 
762 334 45 54 0.44352686405181885 4 -1 -1 
598 434 57 117 0.42421430349349976 4 -1 -1 
562 257 74 29 0.39970579743385315 10 -1 -1 
625 330 34 65 0.3693653643131256 4 -1 -1 
80 463 95 37 0.36907848715782166 4 -1 -1 
362 296 45 19 0.36296287178993225 5 -1 -1 
598 434 57 118 0.35986366868019104 10 -1 -1 
762 334 45 54 0.3596956133842468 10 -1 -1 
563 257 74 29 0.34377047419548035 5 -1 -1 
762 334 45 54 0.3432121276855469 1 -1 -1 
562 257 74 29 0.3406015932559967 1 -1 -1 
598 434 57 118 0.3352024257183075 5 -1 -1 
625 330 34 65 0.3320934772491455 10 -1 -1 
563 257 74 29 0.33145320415496826 3 -1 -1 
598 434 57 117 0.3273729979991913 3 -1 -1 
598 434 57 117 0.32719361782073975 1 -1 -1 
625 330 34 65 0.32455146312713623 1 -1 -1 
762 334 45 54 0.3188387155532837 3 -1 -1 
562 257 74 29 0.3181069791316986 2 -1 -1 
762 334 45 54 0.31414711475372314 5 -1 -1 
562 257 75 29 0.30587852001190186 6 -1 -1 
708 385 30 30 0.30467161536216736 5 -1 -1 
598 434 57 117 0.3012024164199829 2 -1 -1 
598 434 57 117 0.2983303368091583 7 -1 -1 
563 257 74 29 0.2939342260360718 7 -1 -1 
625 330 34 65 0.28598594665527344 5 -1 -1 
762 334 45 54 0.2844090461730957 7 -1 -1 
71 472 85 38 0.2843688428401947 5 -1 -1 
376 290 44 17 0.28417742252349854 4 -1 -1 
625 330 34 65 0.2786395847797394 2 -1 -1 
762 334 45 54 0.2768819332122803 6 -1 -1 
762 334 45 54 0.2733341157436371 2 -1 -1 
625 330 34 65 0.27326419949531555 6 -1 -1 
625 330 34 65 0.26703986525535583 3 -1 -1 
598 434 57 118 0.26504233479499817 6 -1 -1 
365 294 47 18 0.26327794790267944 4 -1 -1 
1244 729 34 35 0.26309359073638916 2 -1 -1 
1144 664 27 39 0.2597257196903229 2 -1 -1 
878 723 73 42 0.24552708864212036 4 -1 -1 
762 334 45 54 0.24428710341453552 8 -1 -1 
625 330 34 65 0.23899467289447784 7 -1 -1 
598 434 57 117 0.23660065233707428 8 -1 -1 
57 478 95 41 0.22839055955410004 4 -1 -1 
563 257 74 29 0.2282971292734146 8 -1 -1 
625 330 34 65 0.21806828677654266 8 -1 -1 
1245 729 33 34 0.21751439571380615 1 -1 -1 
378 278 47 17 0.2063881754875183 4 -1 -1 
86 453 98 36 0.20461025834083557 5 -1 -1 
48 483 89 49 0.20350168645381927 4 -1 -1 
80 463 95 37 0.20056763291358948 5 -1 -1 
366 291 46 17 0.20038871467113495 5 -1 -1 
1244 730 33 34 0.19813764095306396 3 -1 -1 
374 274 41 17 0.19200052320957184 5 -1 -1 
1145 662 25 37 0.1906466782093048 10 -1 -1 
197 381 91 32 0.17991062998771667 4 -1 -1 
886 455 97 116 0.1752784103155136 5 -1 -1 
886 456 97 115 0.17393454909324646 8 -1 -1 
690 629 53 70 0.17297132313251495 5 -1 -1 
15 497 82 73 0.16973789036273956 5 -1 -1 
928 689 87 74 0.16886118054389954 5 -1 -1 
945 307 46 18 0.16731055080890656 6 -1 -1 
553 256 58 23 0.16693811118602753 9 -1 -1 
29 499 90 79 0.16422007977962494 4 -1 -1 
758 416 31 29 0.1610696017742157 5 -1 -1 
176 406 85 33 0.15613748133182526 4 -1 -1 
886 457 97 111 0.14435042440891266 9 -1 -1 
827 621 65 67 0.14428918063640594 5 -1 -1 
0 499 79 64 0.1393469125032425 5 -1 -1 
886 457 71 70 0.1389756053686142 6 -1 -1 
1134 488 19 40 0.13812126219272614 1 -1 -1 
387 284 42 18 0.13771194219589233 4 -1 -1 
1038 404 37 26 0.13170236349105835 5 -1 -1 
116 439 82 32 0.13071101903915405 4 -1 -1 
757 616 58 64 0.1243160143494606 5 -1 -1 
1143 666 27 41 0.12344212085008621 1 -1 -1 
882 457 67 107 0.12188699096441269 6 -1 -1 
214 354 35 25 0.1209828183054924 5 -1 -1 
328 255 45 17 0.12072744220495224 4 -1 -1 
35 488 95 59 0.12039545178413391 4 -1 -1 
774 689 71 76 0.11782889068126678 5 -1 -1 
1052 711 153 55 0.11449386179447174 5 -1 -1 
829 290 43 20 0.11442157626152039 4 -1 -1 
1244 730 33 34 0.11356644332408905 7 -1 -1 
