537 326 44 65 0.9671193957328796 5 -1 -1 
459 498 45 71 0.965571939945221 7 -1 -1 
1147 523 183 89 0.94674152135849 4 -1 -1 
1069 417 87 72 0.9444452524185181 4 -1 -1 
543 478 71 101 0.9345974922180176 4 -1 -1 
379 216 40 32 0.9254212975502014 4 -1 -1 
554 238 36 37 0.9212258458137512 4 -1 -1 
695 243 35 32 0.9174824357032776 4 -1 -1 
665 441 57 70 0.9168033003807068 4 -1 -1 
852 207 36 26 0.9138163328170776 4 -1 -1 
125 409 84 78 0.9122794270515442 5 -1 -1 
597 270 38 43 0.9098486304283142 4 -1 -1 
369 195 40 29 0.9038252234458923 4 -1 -1 
188 287 93 45 0.8832354545593262 4 -1 -1 
1153 570 205 132 0.8805497288703918 4 -1 -1 
503 226 35 34 0.8665583729743958 4 -1 -1 
150 318 18 42 0.8486592769622803 1 -1 -1 
977 360 97 66 0.8428465127944946 4 -1 -1 
629 97 16 14 0.838963508605957 4 -1 -1 
985 329 111 67 0.8378680944442749 5 -1 -1 
620 126 19 17 0.8236163258552551 4 -1 -1 
929 353 13 39 0.8219205141067505 1 -1 -1 
956 309 88 38 0.8162266612052917 4 -1 -1 
678 74 12 11 0.8123156428337097 4 -1 -1 
693 306 46 47 0.7991787195205688 4 -1 -1 
456 177 7 23 0.786008358001709 1 -1 -1 
901 283 13 33 0.7847387194633484 1 -1 -1 
371 161 33 23 0.7830147743225098 4 -1 -1 
783 126 18 16 0.7801993489265442 4 -1 -1 
666 48 8 8 0.7774735689163208 4 -1 -1 
248 330 13 37 0.7716742157936096 1 -1 -1 
310 312 13 36 0.7618884444236755 1 -1 -1 
449 177 8 21 0.7571858167648315 1 -1 -1 
806 72 22 10 0.7559979557991028 4 -1 -1 
892 234 32 33 0.7548524141311646 5 -1 -1 
460 503 30 48 0.7470453381538391 2 -1 -1 
667 101 16 14 0.7398178577423096 4 -1 -1 
320 313 13 38 0.7364221811294556 1 -1 -1 
989 244 10 25 0.7299664616584778 1 -1 -1 
925 264 35 30 0.7236889004707336 5 -1 -1 
456 365 19 38 0.7048306465148926 2 -1 -1 
515 208 30 31 0.6992326378822327 4 -1 -1 
798 82 24 11 0.6988834738731384 4 -1 -1 
824 78 27 13 0.6910149455070496 5 -1 -1 
508 277 16 24 0.6871744990348816 10 -1 -1 
644 27 7 7 0.6762766242027283 4 -1 -1 
798 142 18 19 0.6750304698944092 4 -1 -1 
763 101 32 15 0.6725157499313354 4 -1 -1 
621 54 10 9 0.672085702419281 4 -1 -1 
777 117 18 15 0.6609352231025696 4 -1 -1 
659 37 8 8 0.6449520587921143 4 -1 -1 
988 230 11 23 0.6392318606376648 1 -1 -1 
1100 358 16 30 0.6366569399833679 3 -1 -1 
509 269 14 28 0.6357918381690979 2 -1 -1 
622 42 9 9 0.6301551461219788 4 -1 -1 
927 253 52 22 0.6270948052406311 4 -1 -1 
435 161 8 20 0.6261243224143982 1 -1 -1 
580 147 25 25 0.6172434091567993 4 -1 -1 
458 380 16 31 0.6135333180427551 3 -1 -1 
150 301 19 40 0.6124811768531799 1 -1 -1 
805 155 26 19 0.6096090078353882 4 -1 -1 
910 253 32 25 0.6061477065086365 4 -1 -1 
924 264 36 30 0.6051239371299744 4 -1 -1 
756 108 35 14 0.6026519536972046 4 -1 -1 
867 191 8 19 0.5943776965141296 1 -1 -1 
947 106 5 13 0.5808429718017578 1 -1 -1 
1156 341 14 34 0.5788614749908447 1 -1 -1 
840 187 26 24 0.5778140425682068 4 -1 -1 
949 359 17 30 0.569254457950592 10 -1 -1 
819 172 23 25 0.5633453130722046 4 -1 -1 
607 110 6 9 0.5617285966873169 2 -1 -1 
607 112 7 10 0.5511292815208435 10 -1 -1 
949 346 15 33 0.549261748790741 2 -1 -1 
951 127 7 16 0.5266832709312439 1 -1 -1 
592 105 13 13 0.5145446062088013 4 -1 -1 
1099 358 17 31 0.5090859532356262 10 -1 -1 
1145 334 16 38 0.49694597721099854 1 -1 -1 
808 216 17 17 0.47654813528060913 10 -1 -1 
1167 330 13 35 0.4731523096561432 1 -1 -1 
689 54 7 9 0.4731375575065613 5 -1 -1 
451 204 9 16 0.45824527740478516 2 -1 -1 
127 330 13 38 0.4495846629142761 1 -1 -1 
947 143 11 10 0.44690972566604614 3 -1 -1 
670 55 9 8 0.4230387210845947 4 -1 -1 
458 498 46 72 0.4196740686893463 3 -1 -1 
313 313 14 37 0.41304996609687805 1 -1 -1 
985 325 111 71 0.4085734486579895 4 -1 -1 
701 78 5 10 0.40543133020401 2 -1 -1 
1159 336 15 35 0.40203607082366943 1 -1 -1 
950 138 6 12 0.40091386437416077 2 -1 -1 
451 204 9 17 0.39285141229629517 1 -1 -1 
779 87 5 12 0.38729801774024963 1 -1 -1 
791 65 10 8 0.37741488218307495 4 -1 -1 
911 252 60 26 0.3756678104400635 4 -1 -1 
864 90 22 16 0.374485582113266 4 -1 -1 
701 78 5 12 0.373799592256546 1 -1 -1 
838 165 36 19 0.36971715092658997 4 -1 -1 
814 66 70 21 0.36692002415657043 6 -1 -1 
903 283 10 24 0.362943172454834 1 -1 -1 
481 135 29 22 0.3626823127269745 5 -1 -1 
646 191 7 18 0.3606530427932739 1 -1 -1 
791 64 10 8 0.3605422377586365 7 -1 -1 
942 98 5 11 0.3597051799297333 1 -1 -1 
689 53 7 10 0.35847207903862 8 -1 -1 
872 189 8 19 0.3535592257976532 1 -1 -1 
871 193 11 17 0.3527667224407196 10 -1 -1 
950 346 13 34 0.3475061357021332 1 -1 -1 
646 190 7 18 0.3462982773780823 2 -1 -1 
894 227 9 19 0.34535136818885803 2 -1 -1 
125 409 84 78 0.3385310769081116 4 -1 -1 
869 191 10 18 0.33845213055610657 1 -1 -1 
1172 344 15 32 0.3374444246292114 1 -1 -1 
864 191 7 18 0.3348141014575958 1 -1 -1 
714 41 9 11 0.3342139422893524 4 -1 -1 
459 498 45 71 0.3330138921737671 8 -1 -1 
1149 339 18 33 0.332679808139801 1 -1 -1 
894 227 11 20 0.32989582419395447 1 -1 -1 
620 56 9 9 0.3291897177696228 4 -1 -1 
947 142 10 11 0.3257073163986206 10 -1 -1 
880 79 10 8 0.32445937395095825 4 -1 -1 
701 81 5 9 0.31962156295776367 10 -1 -1 
951 127 7 16 0.31674426794052124 2 -1 -1 
572 44 19 10 0.3166094422340393 4 -1 -1 
482 136 22 20 0.31527501344680786 4 -1 -1 
989 246 7 22 0.3147227168083191 1 -1 -1 
658 23 6 7 0.31360992789268494 4 -1 -1 
950 137 7 13 0.31207120418548584 3 -1 -1 
949 141 8 11 0.3097129166126251 2 -1 -1 
822 166 43 22 0.30673786997795105 4 -1 -1 
819 173 23 23 0.30535444617271423 5 -1 -1 
1156 342 14 33 0.30184248089790344 2 -1 -1 
658 22 6 7 0.2992025911808014 8 -1 -1 
713 39 10 10 0.29685574769973755 4 -1 -1 
871 190 9 18 0.2960883378982544 2 -1 -1 
874 189 8 18 0.2926197350025177 2 -1 -1 
125 327 14 29 0.2922345697879791 2 -1 -1 
517 208 27 31 0.29195547103881836 6 -1 -1 
943 97 6 11 0.2910754382610321 1 -1 -1 
874 188 8 19 0.2880264222621918 1 -1 -1 
658 21 6 7 0.2851513922214508 4 -1 -1 
825 71 57 18 0.2833353281021118 6 -1 -1 
1169 335 14 35 0.282564252614975 1 -1 -1 
977 359 97 68 0.26194944977760315 5 -1 -1 
456 365 19 36 0.259919673204422 1 -1 -1 
459 498 45 71 0.2580110430717468 6 -1 -1 
458 498 45 72 0.24915030598640442 2 -1 -1 
815 164 40 21 0.24064353108406067 4 -1 -1 
815 166 31 26 0.21343937516212463 4 -1 -1 
459 498 45 71 0.21313545107841492 9 -1 -1 
1276 707 83 57 0.20830011367797852 4 -1 -1 
459 498 45 71 0.2058536261320114 4 -1 -1 
537 326 44 65 0.2057180106639862 4 -1 -1 
484 134 33 23 0.20492298901081085 4 -1 -1 
821 170 33 23 0.20057111978530884 4 -1 -1 
120 332 20 43 0.19808194041252136 1 -1 -1 
1152 571 205 132 0.19722796976566315 5 -1 -1 
456 378 20 33 0.19338348507881165 10 -1 -1 
458 498 46 72 0.19215407967567444 10 -1 -1 
827 76 49 16 0.1892467737197876 6 -1 -1 
835 169 32 21 0.18918471038341522 4 -1 -1 
188 287 94 44 0.18811938166618347 5 -1 -1 
805 156 35 23 0.18366143107414246 4 -1 -1 
580 147 25 25 0.18268121778964996 5 -1 -1 
371 161 33 23 0.18183769285678864 5 -1 -1 
474 136 33 23 0.18067117035388947 4 -1 -1 
843 69 45 17 0.17802943289279938 6 -1 -1 
456 365 19 37 0.17727725207805634 3 -1 -1 
821 162 50 21 0.17661269009113312 4 -1 -1 
986 230 16 38 0.1727633774280548 1 -1 -1 
117 326 22 39 0.1723044067621231 1 -1 -1 
1074 416 87 26 0.17202991247177124 4 -1 -1 
842 186 38 25 0.16587969660758972 4 -1 -1 
800 146 29 23 0.16509753465652466 4 -1 -1 
762 101 34 15 0.1629091203212738 5 -1 -1 
851 169 32 20 0.15769988298416138 4 -1 -1 
840 187 27 24 0.15620644390583038 5 -1 -1 
829 79 41 17 0.15463916957378387 6 -1 -1 
574 99 30 20 0.14065009355545044 4 -1 -1 
825 71 57 18 0.13964281976222992 9 -1 -1 
1147 523 183 89 0.1344417780637741 1 -1 -1 
748 106 37 15 0.13309042155742645 4 -1 -1 
582 93 24 26 0.1326569765806198 4 -1 -1 
1020 308 78 61 0.13209277391433716 4 -1 -1 
821 166 39 23 0.13128341734409332 5 -1 -1 
892 229 67 37 0.12961918115615845 5 -1 -1 
814 66 70 21 0.12894806265830994 9 -1 -1 
665 441 57 70 0.1289176642894745 5 -1 -1 
762 110 35 18 0.1280510127544403 4 -1 -1 
456 378 20 33 0.12699784338474274 2 -1 -1 
150 300 18 41 0.12555137276649475 2 -1 -1 
825 78 37 16 0.12528474628925323 5 -1 -1 
754 107 37 15 0.12302317470312119 5 -1 -1 
486 134 35 22 0.12153005599975586 5 -1 -1 
457 498 45 71 0.12016840279102325 1 -1 -1 
967 310 110 50 0.11978854984045029 4 -1 -1 
829 79 41 17 0.11676421016454697 9 -1 -1 
482 137 32 27 0.11653929203748703 4 -1 -1 
537 326 44 65 0.11526045203208923 8 -1 -1 
824 77 33 16 0.11189393699169159 4 -1 -1 
956 310 89 37 0.1118614673614502 5 -1 -1 
1147 523 183 89 0.10915499925613403 9 -1 -1 
506 273 20 29 0.10708130151033401 2 -1 -1 
379 216 40 33 0.10648544132709503 5 -1 -1 
122 327 18 40 0.1061541959643364 2 -1 -1 
858 88 29 19 0.10608655959367752 5 -1 -1 
150 318 18 42 0.10566136240959167 4 -1 -1 
830 165 42 21 0.10490994900465012 5 -1 -1 
543 477 71 102 0.10469726473093033 5 -1 -1 
1069 417 86 72 0.10463952273130417 5 -1 -1 
1069 417 87 72 0.1044398844242096 9 -1 -1 
825 77 37 17 0.10311543196439743 6 -1 -1 
507 269 19 31 0.10291951149702072 1 -1 -1 
827 76 49 16 0.10203758627176285 5 -1 -1 
543 477 71 102 0.10175995528697968 1 -1 -1 
852 207 36 26 0.10147861391305923 5 -1 -1 
1161 332 47 59 0.1011136919260025 1 -1 -1 
456 365 19 37 0.09965279698371887 10 -1 -1 
825 71 57 18 0.09932264685630798 5 -1 -1 
839 163 35 19 0.09931943565607071 5 -1 -1 
154 307 17 38 0.09873132407665253 1 -1 -1 
847 159 28 23 0.0985671877861023 4 -1 -1 
122 326 18 39 0.09768187999725342 10 -1 -1 
829 79 41 17 0.09654267877340317 4 -1 -1 
977 345 109 69 0.09000696986913681 4 -1 -1 
987 321 110 75 0.07569939643144608 6 -1 -1 
982 305 120 77 0.0659816712141037 5 -1 -1 
961 303 131 74 0.059474918991327286 4 -1 -1 
987 321 110 75 0.052104998379945755 9 -1 -1 
