383 419 166 122 0.9566681981086731 4 -1 -1 
592 266 115 55 0.9495095014572144 4 -1 -1 
678 167 90 37 0.9398869872093201 4 -1 -1 
82 218 87 63 0.9365394115447998 4 -1 -1 
157 277 101 71 0.9342502951622009 4 -1 -1 
689 249 41 30 0.9297435879707336 3 -1 -1 
512 174 75 42 0.9264740943908691 4 -1 -1 
787 346 163 90 0.9194930791854858 4 -1 -1 
202 208 77 55 0.9123886227607727 4 -1 -1 
116 95 48 25 0.911414623260498 4 -1 -1 
291 136 54 31 0.9058746099472046 4 -1 -1 
1268 217 77 54 0.8999814987182617 4 -1 -1 
258 103 47 25 0.8865477442741394 4 -1 -1 
215 90 38 23 0.8835850358009338 4 -1 -1 
584 142 76 38 0.8767583966255188 4 -1 -1 
839 150 68 32 0.8642405271530151 4 -1 -1 
194 133 58 36 0.8480628132820129 4 -1 -1 
618 151 79 40 0.842282235622406 4 -1 -1 
772 228 115 43 0.8357563018798828 4 -1 -1 
768 196 14 40 0.8264443278312683 1 -1 -1 
444 99 62 26 0.8210888504981995 4 -1 -1 
541 140 72 32 0.8157930970191956 4 -1 -1 
149 57 34 19 0.8144432306289673 4 -1 -1 
81 154 62 37 0.8143487572669983 4 -1 -1 
1036 134 64 28 0.8065503835678101 4 -1 -1 
272 283 47 32 0.8029685616493225 10 -1 -1 
563 92 56 28 0.7943304777145386 4 -1 -1 
509 78 46 22 0.7863844037055969 4 -1 -1 
1000 227 15 43 0.7745454907417297 1 -1 -1 
752 196 15 38 0.7709634304046631 1 -1 -1 
804 137 65 30 0.7626698017120361 4 -1 -1 
825 193 15 39 0.7546610832214355 1 -1 -1 
1230 176 70 50 0.7506374716758728 5 -1 -1 
406 89 57 21 0.7416689395904541 4 -1 -1 
452 193 23 30 0.7163878083229065 10 -1 -1 
740 123 24 16 0.7031651735305786 10 -1 -1 
414 67 43 24 0.6826989054679871 5 -1 -1 
573 118 58 27 0.6805240511894226 4 -1 -1 
166 203 27 39 0.67768794298172 10 -1 -1 
533 108 63 23 0.6757040023803711 4 -1 -1 
0 165 55 41 0.6726235151290894 4 -1 -1 
915 173 15 25 0.6699676513671875 2 -1 -1 
24 30 6 14 0.6674050688743591 1 -1 -1 
811 114 18 20 0.6607569456100464 10 -1 -1 
421 96 46 23 0.6574189066886902 4 -1 -1 
113 44 8 17 0.652492105960846 1 -1 -1 
283 267 23 46 0.6498187780380249 2 -1 -1 
0 230 34 56 0.6469415426254272 4 -1 -1 
161 204 32 38 0.6468296051025391 7 -1 -1 
58 34 40 14 0.639218807220459 4 -1 -1 
242 53 50 17 0.6226497888565063 4 -1 -1 
748 114 11 22 0.616310715675354 2 -1 -1 
699 236 22 37 0.6144685745239258 2 -1 -1 
219 53 69 23 0.6086553931236267 4 -1 -1 
272 274 22 38 0.6072412729263306 2 -1 -1 
727 108 64 25 0.5889754891395569 4 -1 -1 
31 32 6 13 0.5751206874847412 1 -1 -1 
905 175 11 19 0.5726413130760193 2 -1 -1 
45 30 26 12 0.5255892872810364 4 -1 -1 
455 186 16 27 0.5252227783203125 2 -1 -1 
676 93 46 27 0.5217160582542419 8 -1 -1 
271 71 44 27 0.5050065517425537 4 -1 -1 
167 201 24 36 0.49492526054382324 2 -1 -1 
36 25 26 13 0.4903576970100403 5 -1 -1 
676 93 45 26 0.48018306493759155 7 -1 -1 
467 108 113 48 0.4782555401325226 6 -1 -1 
728 108 62 26 0.4761516749858856 5 -1 -1 
731 120 20 14 0.47313499450683594 10 -1 -1 
986 130 10 17 0.46844953298568726 10 -1 -1 
24 26 28 14 0.46686214208602905 4 -1 -1 
296 96 9 20 0.45858368277549744 1 -1 -1 
720 243 89 80 0.45582661032676697 8 -1 -1 
1230 176 70 50 0.4405820369720459 4 -1 -1 
259 67 46 24 0.4335968792438507 4 -1 -1 
428 87 34 21 0.432203084230423 4 -1 -1 
94 41 7 14 0.42990460991859436 3 -1 -1 
717 243 91 80 0.4280303716659546 7 -1 -1 
468 68 18 24 0.4255659580230713 5 -1 -1 
182 207 11 26 0.41980990767478943 2 -1 -1 
689 248 41 31 0.4108201563358307 10 -1 -1 
278 269 33 45 0.41046711802482605 10 -1 -1 
909 127 9 16 0.39132675528526306 3 -1 -1 
910 127 8 16 0.3879237771034241 10 -1 -1 
909 127 9 15 0.3865508437156677 2 -1 -1 
218 52 72 24 0.38430628180503845 5 -1 -1 
765 197 13 38 0.3834995627403259 1 -1 -1 
1007 225 10 33 0.38167262077331543 1 -1 -1 
768 90 12 27 0.37059757113456726 1 -1 -1 
275 274 41 40 0.3697095215320587 2 -1 -1 
713 94 10 23 0.3656565248966217 1 -1 -1 
744 119 14 18 0.36522355675697327 2 -1 -1 
446 56 24 18 0.36007097363471985 7 -1 -1 
277 268 21 40 0.35241955518722534 2 -1 -1 
420 105 9 22 0.3524046540260315 1 -1 -1 
34 25 26 14 0.3495585322380066 4 -1 -1 
270 72 46 25 0.34763509035110474 5 -1 -1 
94 38 7 17 0.3465297818183899 1 -1 -1 
181 216 12 26 0.34617191553115845 10 -1 -1 
385 68 41 17 0.3430534601211548 4 -1 -1 
700 236 20 37 0.3403085172176361 1 -1 -1 
155 206 24 32 0.3345474898815155 2 -1 -1 
94 37 7 17 0.32236549258232117 2 -1 -1 
468 68 18 24 0.3179336190223694 4 -1 -1 
676 93 45 26 0.31681135296821594 6 -1 -1 
746 118 15 19 0.3125860095024109 10 -1 -1 
282 267 24 45 0.30468878149986267 1 -1 -1 
420 105 8 22 0.3035782277584076 2 -1 -1 
751 114 9 20 0.29998400807380676 2 -1 -1 
28 27 12 16 0.2994198799133301 1 -1 -1 
510 81 47 19 0.2983737885951996 5 -1 -1 
749 114 10 22 0.2965068519115448 1 -1 -1 
694 242 32 35 0.2955208718776703 2 -1 -1 
729 117 17 17 0.2955096960067749 10 -1 -1 
560 94 9 17 0.2898242175579071 1 -1 -1 
426 96 59 25 0.28916746377944946 4 -1 -1 
41 26 27 13 0.2875407934188843 4 -1 -1 
296 96 9 20 0.28538256883621216 2 -1 -1 
740 123 24 16 0.2846415936946869 3 -1 -1 
985 128 11 19 0.2830728590488434 3 -1 -1 
173 205 20 35 0.2820749282836914 2 -1 -1 
719 243 89 79 0.2817784547805786 6 -1 -1 
50 30 30 14 0.2808507978916168 4 -1 -1 
711 91 11 24 0.2784368693828583 2 -1 -1 
415 110 6 17 0.2718869745731354 1 -1 -1 
252 51 42 16 0.27035799622535706 4 -1 -1 
767 90 13 26 0.2695600986480713 2 -1 -1 
412 79 7 18 0.2664930820465088 1 -1 -1 
28 25 28 15 0.2663768529891968 5 -1 -1 
416 108 9 20 0.2661168873310089 1 -1 -1 
735 121 19 14 0.2634633481502533 2 -1 -1 
94 41 7 15 0.2615596652030945 10 -1 -1 
471 119 15 23 0.26058265566825867 8 -1 -1 
987 128 9 18 0.2547142207622528 2 -1 -1 
690 252 39 27 0.2546539902687073 7 -1 -1 
469 67 32 25 0.2540625035762787 5 -1 -1 
413 115 23 14 0.25357070565223694 3 -1 -1 
352 53 13 15 0.25154948234558105 10 -1 -1 
260 68 46 24 0.25152119994163513 5 -1 -1 
727 108 65 25 0.2508106231689453 6 -1 -1 
560 123 71 35 0.2484012097120285 4 -1 -1 
679 267 27 54 0.24718661606311798 4 -1 -1 
618 151 79 40 0.24594227969646454 5 -1 -1 
456 186 15 27 0.24350997805595398 1 -1 -1 
599 147 83 38 0.24035398662090302 4 -1 -1 
27 27 18 15 0.24032340943813324 4 -1 -1 
622 124 10 20 0.2397565245628357 1 -1 -1 
754 208 13 26 0.2389146089553833 1 -1 -1 
470 120 16 22 0.23872165381908417 10 -1 -1 
980 720 160 46 0.2367120087146759 4 -1 -1 
42 28 28 12 0.23661352694034576 5 -1 -1 
309 89 21 20 0.23648184537887573 3 -1 -1 
242 94 11 19 0.23585070669651031 4 -1 -1 
405 93 55 24 0.23336252570152283 4 -1 -1 
415 68 39 22 0.2288929522037506 4 -1 -1 
453 187 21 33 0.22559663653373718 1 -1 -1 
415 68 41 22 0.2137853354215622 6 -1 -1 
242 55 40 19 0.20841537415981293 4 -1 -1 
409 67 35 22 0.20714735984802246 5 -1 -1 
263 64 41 20 0.20699036121368408 4 -1 -1 
804 136 68 31 0.20387467741966248 5 -1 -1 
254 64 42 22 0.19481521844863892 4 -1 -1 
282 69 37 24 0.19294007122516632 4 -1 -1 
253 57 42 19 0.18999966979026794 4 -1 -1 
469 67 32 25 0.18462017178535461 4 -1 -1 
81 154 62 37 0.18151962757110596 5 -1 -1 
731 112 35 24 0.1777266412973404 10 -1 -1 
786 346 165 89 0.17136946320533752 5 -1 -1 
397 67 44 21 0.16609053313732147 4 -1 -1 
452 193 23 30 0.16330811381340027 3 -1 -1 
0 165 55 41 0.16064582765102386 5 -1 -1 
494 69 30 24 0.15935006737709045 4 -1 -1 
278 73 48 28 0.1593383401632309 4 -1 -1 
443 98 63 27 0.1589258760213852 5 -1 -1 
215 89 38 24 0.15721873939037323 6 -1 -1 
385 67 35 17 0.15711064636707306 10 -1 -1 
494 69 30 24 0.1570308804512024 5 -1 -1 
423 66 44 20 0.15684044361114502 5 -1 -1 
58 34 39 14 0.15542812645435333 5 -1 -1 
508 117 85 38 0.15481138229370117 6 -1 -1 
584 142 77 38 0.15408845245838165 5 -1 -1 
1268 217 77 54 0.1537184715270996 5 -1 -1 
385 67 50 19 0.15135051310062408 5 -1 -1 
839 150 68 32 0.150125652551651 5 -1 -1 
256 71 36 21 0.14959831535816193 4 -1 -1 
195 133 58 37 0.14840175211429596 5 -1 -1 
678 167 90 37 0.1458946168422699 1 -1 -1 
385 67 35 17 0.14569029211997986 7 -1 -1 
412 66 36 19 0.1445106863975525 4 -1 -1 
720 243 89 80 0.14364273846149445 5 -1 -1 
202 207 77 56 0.1434956192970276 5 -1 -1 
488 65 34 23 0.14120833575725555 4 -1 -1 
245 59 47 22 0.13935871422290802 4 -1 -1 
417 89 46 23 0.13869129121303558 5 -1 -1 
1034 134 65 29 0.138166144490242 5 -1 -1 
422 96 49 24 0.13814254105091095 5 -1 -1 
-2 229 36 57 0.13689947128295898 5 -1 -1 
526 107 72 28 0.13635288178920746 6 -1 -1 
243 53 49 18 0.13377933204174042 5 -1 -1 
720 244 89 78 0.13269494473934174 4 -1 -1 
510 173 80 25 0.13116097450256348 4 -1 -1 
423 66 44 20 0.1295689344406128 4 -1 -1 
728 107 64 29 0.08349081128835678 9 -1 -1 
270 71 60 36 0.07838693261146545 6 -1 -1 
270 71 60 36 0.07165546715259552 9 -1 -1 
591 265 118 60 0.07067820429801941 9 -1 -1 
404 86 64 29 0.06032031401991844 5 -1 -1 
265 69 64 36 0.06023364141583443 4 -1 -1 
466 103 167 55 0.05733076483011246 6 -1 -1 
689 243 118 80 0.0573202446103096 9 -1 -1 
462 116 143 56 0.05338091403245926 6 -1 -1 
265 69 64 36 0.053141675889492035 5 -1 -1 
