346 242 146 153 0.9958921670913696 6 -1 -1 
485 178 115 104 0.9944584369659424 6 -1 -1 
678 405 41 70 0.982280433177948 5 -1 -1 
735 336 40 59 0.9810352921485901 5 -1 -1 
788 621 77 122 0.9474438428878784 4 -1 -1 
834 352 47 55 0.9408652782440186 4 -1 -1 
305 471 214 292 0.9270324110984802 6 -1 -1 
759 524 58 97 0.9254867434501648 4 -1 -1 
673 472 52 79 0.9234377145767212 4 -1 -1 
350 336 113 59 0.9216629862785339 9 -1 -1 
604 455 50 76 0.8987500667572021 4 -1 -1 
0 416 326 340 0.8867866396903992 6 -1 -1 
304 546 87 108 0.880037784576416 4 -1 -1 
673 555 62 107 0.8774664402008057 4 -1 -1 
535 334 45 54 0.8625375628471375 4 -1 -1 
576 259 37 39 0.8527279496192932 4 -1 -1 
610 390 44 60 0.8519210815429688 4 -1 -1 
747 390 43 57 0.8431684374809265 4 -1 -1 
677 275 32 38 0.8411495685577393 4 -1 -1 
624 279 34 40 0.8340109586715698 4 -1 -1 
734 133 27 24 0.8336538672447205 4 -1 -1 
678 668 65 97 0.8333695530891418 4 -1 -1 
683 245 29 35 0.8141716718673706 4 -1 -1 
675 308 35 44 0.7982558608055115 4 -1 -1 
554 294 40 43 0.7926926612854004 4 -1 -1 
730 225 31 42 0.7791796922683716 4 -1 -1 
619 316 38 48 0.7634503841400146 4 -1 -1 
729 302 36 44 0.7557322978973389 4 -1 -1 
502 374 58 86 0.7303551435470581 5 -1 -1 
724 194 29 32 0.7149943709373474 4 -1 -1 
769 41 13 12 0.7000805139541626 4 -1 -1 
479 448 56 66 0.6960052847862244 5 -1 -1 
547 690 70 74 0.6875228881835938 4 -1 -1 
725 172 26 26 0.675291895866394 4 -1 -1 
659 186 31 31 0.6704496741294861 4 -1 -1 
568 534 71 127 0.6696041226387024 4 -1 -1 
307 478 212 284 0.6666215062141418 9 -1 -1 
735 267 36 43 0.638921320438385 4 -1 -1 
676 349 40 65 0.6026648879051208 5 -1 -1 
744 434 56 93 0.593593180179596 5 -1 -1 
481 448 54 61 0.5615221858024597 6 -1 -1 
943 237 40 34 0.5515210628509521 5 -1 -1 
744 434 55 92 0.5458033084869385 4 -1 -1 
944 237 39 34 0.5302233099937439 4 -1 -1 
1247 247 13 20 0.5148621797561646 2 -1 -1 
676 349 40 65 0.49037694931030273 4 -1 -1 
567 535 70 126 0.4572005569934845 5 -1 -1 
501 374 59 86 0.4452923536300659 6 -1 -1 
1242 253 20 17 0.42484626173973083 10 -1 -1 
162 625 146 140 0.40841972827911377 6 -1 -1 
1242 253 20 17 0.3885703682899475 3 -1 -1 
157 625 148 140 0.37313076853752136 8 -1 -1 
735 267 35 42 0.3537845015525818 5 -1 -1 
659 186 31 32 0.32803043723106384 5 -1 -1 
619 337 37 28 0.32364949584007263 4 -1 -1 
347 337 105 59 0.32025146484375 6 -1 -1 
1251 247 9 16 0.30092862248420715 2 -1 -1 
730 225 31 43 0.2999115288257599 5 -1 -1 
346 242 146 153 0.29451248049736023 4 -1 -1 
725 172 25 26 0.2912134528160095 5 -1 -1 
346 242 146 153 0.2866431176662445 7 -1 -1 
1246 248 14 21 0.27398666739463806 10 -1 -1 
690 274 19 38 0.2713145613670349 4 -1 -1 
1244 251 15 18 0.2662223279476166 2 -1 -1 
723 194 29 32 0.26450347900390625 5 -1 -1 
487 220 42 63 0.26332151889801025 6 -1 -1 
1247 247 13 21 0.2591806948184967 1 -1 -1 
157 625 148 140 0.2590114176273346 5 -1 -1 
481 448 54 60 0.2574732005596161 4 -1 -1 
157 625 148 140 0.2520512640476227 7 -1 -1 
328 403 44 24 0.24298353493213654 3 -1 -1 
1245 248 15 21 0.24120976030826569 3 -1 -1 
346 242 146 153 0.23915405571460724 10 -1 -1 
485 178 115 104 0.23596349358558655 10 -1 -1 
501 374 59 85 0.23370158672332764 9 -1 -1 
485 179 115 103 0.23239783942699432 4 -1 -1 
1243 249 27 22 0.23183314502239227 10 -1 -1 
347 242 144 153 0.2294694185256958 5 -1 -1 
679 451 39 25 0.2292463481426239 4 -1 -1 
485 179 115 103 0.22817128896713257 7 -1 -1 
157 625 148 140 0.22164146602153778 4 -1 -1 
735 336 40 59 0.21334432065486908 4 -1 -1 
485 178 115 104 0.21028602123260498 5 -1 -1 
734 268 10 26 0.2101781815290451 1 -1 -1 
679 349 36 41 0.208219513297081 4 -1 -1 
546 690 71 74 0.2051875740289688 6 -1 -1 
677 451 41 26 0.1995764970779419 5 -1 -1 
690 274 19 38 0.19736257195472717 5 -1 -1 
955 137 23 22 0.1956796497106552 3 -1 -1 
534 337 47 52 0.19550229609012604 5 -1 -1 
747 390 42 56 0.19269417226314545 5 -1 -1 
624 279 33 39 0.19217132031917572 5 -1 -1 
1249 252 15 18 0.1874566376209259 10 -1 -1 
1242 253 20 17 0.18463948369026184 7 -1 -1 
345 241 147 153 0.1843017190694809 9 -1 -1 
1250 250 12 19 0.18328231573104858 2 -1 -1 
678 405 41 70 0.18297281861305237 4 -1 -1 
677 275 32 39 0.18205468356609344 5 -1 -1 
714 40 6 9 0.18133710324764252 10 -1 -1 
958 138 16 17 0.18037331104278564 3 -1 -1 
1248 247 12 12 0.1801690310239792 2 -1 -1 
731 288 10 24 0.17958667874336243 1 -1 -1 
677 472 43 20 0.17878951132297516 4 -1 -1 
502 374 58 84 0.17702427506446838 4 -1 -1 
678 405 40 70 0.1762811690568924 6 -1 -1 
735 280 10 23 0.17260949313640594 1 -1 -1 
487 220 42 62 0.16982401907444 9 -1 -1 
1244 252 11 17 0.16849187016487122 3 -1 -1 
690 255 22 25 0.1681535243988037 4 -1 -1 
479 448 56 66 0.16738435626029968 9 -1 -1 
0 603 312 163 0.1670306771993637 6 -1 -1 
730 302 35 45 0.1661708652973175 5 -1 -1 
546 690 71 74 0.16375094652175903 5 -1 -1 
346 242 146 153 0.16359619796276093 8 -1 -1 
1243 250 27 21 0.1610584557056427 3 -1 -1 
1249 252 15 18 0.15914662182331085 3 -1 -1 
302 546 89 109 0.1591186821460724 5 -1 -1 
610 390 45 59 0.15903140604496002 5 -1 -1 
715 40 6 9 0.15703153610229492 1 -1 -1 
768 41 14 12 0.15601855516433716 5 -1 -1 
305 468 214 295 0.15495502948760986 5 -1 -1 
546 690 71 74 0.1546654999256134 7 -1 -1 
347 336 100 60 0.15314346551895142 5 -1 -1 
365 342 67 57 0.15168242156505585 9 -1 -1 
678 405 40 70 0.1503719687461853 8 -1 -1 
682 245 30 35 0.14781028032302856 5 -1 -1 
735 336 40 59 0.1467403620481491 8 -1 -1 
0 628 169 136 0.1459665596485138 6 -1 -1 
715 40 6 9 0.1446727067232132 3 -1 -1 
362 653 34 33 0.14451287686824799 3 -1 -1 
485 178 115 104 0.14446741342544556 8 -1 -1 
659 186 31 32 0.14294075965881348 6 -1 -1 
738 372 36 24 0.1410096138715744 4 -1 -1 
485 178 115 104 0.1390133798122406 2 -1 -1 
736 372 37 23 0.13860191404819489 5 -1 -1 
530 262 10 19 0.13835565745830536 1 -1 -1 
731 284 14 23 0.13506291806697845 1 -1 -1 
346 242 146 153 0.13386613130569458 3 -1 -1 
690 255 22 25 0.13307328522205353 5 -1 -1 
485 179 115 103 0.1322924941778183 3 -1 -1 
678 405 40 70 0.13214097917079926 10 -1 -1 
1243 252 10 17 0.13166135549545288 2 -1 -1 
576 259 37 40 0.13116632401943207 5 -1 -1 
735 336 40 59 0.1304682493209839 6 -1 -1 
1242 248 21 23 0.13040392100811005 2 -1 -1 
546 690 71 74 0.13003671169281006 8 -1 -1 
101 658 197 106 0.12826627492904663 6 -1 -1 
604 456 49 75 0.1281110644340515 5 -1 -1 
1251 247 9 16 0.12752513587474823 1 -1 -1 
967 119 12 32 0.1269005686044693 1 -1 -1 
788 622 76 121 0.12638476490974426 1 -1 -1 
678 405 41 70 0.12573371827602386 9 -1 -1 
342 343 15 22 0.1256168782711029 1 -1 -1 
1252 247 12 19 0.12559613585472107 2 -1 -1 
533 261 10 18 0.1255241334438324 1 -1 -1 
101 692 38 53 0.12539921700954437 10 -1 -1 
953 132 23 24 0.12509602308273315 3 -1 -1 
576 259 38 39 0.12461835891008377 1 -1 -1 
1244 250 11 18 0.12452908605337143 1 -1 -1 
725 214 27 12 0.12380954623222351 4 -1 -1 
346 242 146 153 0.12348407506942749 2 -1 -1 
731 276 12 28 0.12244097888469696 1 -1 -1 
624 279 34 40 0.1219039112329483 1 -1 -1 
555 319 35 19 0.12130798399448395 4 -1 -1 
771 44 12 11 0.1201973706483841 4 -1 -1 
788 622 76 121 0.11995754390954971 9 -1 -1 
492 198 36 45 0.1197890117764473 9 -1 -1 
603 455 51 76 0.1196879968047142 1 -1 -1 
2 413 326 351 0.11888616532087326 9 -1 -1 
765 36 14 12 0.11791286617517471 4 -1 -1 
676 308 35 44 0.11760944128036499 5 -1 -1 
100 678 55 67 0.11747331917285919 10 -1 -1 
735 336 40 59 0.11559366434812546 10 -1 -1 
0 418 326 347 0.11548925191164017 5 -1 -1 
765 34 13 11 0.11544768512248993 4 -1 -1 
0 519 240 246 0.11510499566793442 6 -1 -1 
962 139 16 18 0.11374373733997345 3 -1 -1 
715 39 6 10 0.11368836462497711 2 -1 -1 
1251 246 10 11 0.11334356665611267 2 -1 -1 
464 174 99 107 0.1123822033405304 6 -1 -1 
657 198 11 20 0.11164803057909012 1 -1 -1 
350 337 111 58 0.1115967407822609 4 -1 -1 
487 198 86 85 0.11097872257232666 6 -1 -1 
307 478 212 284 0.1108793318271637 4 -1 -1 
1246 248 14 21 0.11063819378614426 7 -1 -1 
677 275 32 38 0.11036735773086548 1 -1 -1 
376 337 81 41 0.11032433807849884 9 -1 -1 
673 472 52 79 0.10980413109064102 5 -1 -1 
307 478 212 284 0.1096930131316185 10 -1 -1 
492 205 37 66 0.10830644518136978 9 -1 -1 
679 668 64 97 0.10771291702985764 5 -1 -1 
485 178 115 104 0.10631008446216583 1 -1 -1 
734 133 27 24 0.1051669493317604 5 -1 -1 
1242 247 22 23 0.10438859462738037 1 -1 -1 
673 555 62 107 0.1025102287530899 5 -1 -1 
834 352 48 55 0.10132291167974472 1 -1 -1 
833 352 49 55 0.10062102228403091 5 -1 -1 
14 416 313 327 0.10027439147233963 2 -1 -1 
1288 110 71 38 0.09973673522472382 6 -1 -1 
173 423 152 167 0.09937208145856857 6 -1 -1 
678 405 40 70 0.09915483742952347 2 -1 -1 
678 405 40 70 0.09775733947753906 7 -1 -1 
0 634 165 130 0.09758565574884415 7 -1 -1 
788 623 77 121 0.09683436900377274 5 -1 -1 
304 546 86 108 0.09654241055250168 1 -1 -1 
485 179 115 103 0.09614904969930649 9 -1 -1 
758 524 59 97 0.09575820714235306 5 -1 -1 
735 336 40 59 0.09487009048461914 7 -1 -1 
1242 244 22 25 0.09421198815107346 10 -1 -1 
307 476 215 289 0.09397100657224655 2 -1 -1 
788 623 76 120 0.09307722747325897 10 -1 -1 
725 172 26 26 0.0925067812204361 6 -1 -1 
306 469 213 294 0.09104514122009277 8 -1 -1 
115 626 199 139 0.09078896790742874 9 -1 -1 
758 524 58 97 0.0904778242111206 1 -1 -1 
304 546 87 108 0.09034838527441025 9 -1 -1 
676 349 40 65 0.09009825438261032 6 -1 -1 
735 336 40 59 0.09002088010311127 2 -1 -1 
346 242 146 153 0.08968035876750946 1 -1 -1 
673 472 52 79 0.08967085927724838 1 -1 -1 
618 316 39 49 0.089169442653656 5 -1 -1 
2 418 327 339 0.08808695524930954 4 -1 -1 
1287 112 70 39 0.08799675107002258 4 -1 -1 
960 141 23 23 0.08760099112987518 3 -1 -1 
673 555 62 107 0.08731519430875778 1 -1 -1 
101 658 197 106 0.08682733029127121 4 -1 -1 
554 294 41 43 0.08443556725978851 5 -1 -1 
1244 242 29 27 0.08434545993804932 2 -1 -1 
0 416 326 340 0.08430297672748566 7 -1 -1 
834 352 48 55 0.08411236107349396 9 -1 -1 
101 658 197 106 0.08344722539186478 7 -1 -1 
567 534 70 127 0.08014579117298126 9 -1 -1 
678 668 65 95 0.07952167838811874 1 -1 -1 
305 471 214 292 0.07935578376054764 7 -1 -1 
834 352 48 55 0.07872949540615082 10 -1 -1 
759 524 58 97 0.07831759005784988 10 -1 -1 
303 546 88 108 0.07806225121021271 10 -1 -1 
744 434 56 92 0.07754407078027725 6 -1 -1 
305 473 214 290 0.07718172669410706 3 -1 -1 
963 129 18 29 0.07717438787221909 3 -1 -1 
219 432 208 291 0.07714298367500305 9 -1 -1 
834 352 48 55 0.07702920585870743 7 -1 -1 
734 133 27 24 0.07698370516300201 1 -1 -1 
1243 249 27 22 0.07675589621067047 7 -1 -1 
676 349 40 65 0.07671993225812912 9 -1 -1 
1287 111 72 38 0.07658190280199051 5 -1 -1 
619 316 38 48 0.07605165243148804 1 -1 -1 
48 438 425 327 0.07581707090139389 6 -1 -1 
534 334 46 55 0.07571199536323547 1 -1 -1 
735 336 40 59 0.07562193274497986 9 -1 -1 
1242 244 23 25 0.07467024773359299 3 -1 -1 
788 622 76 121 0.07459414750337601 7 -1 -1 
567 535 70 126 0.07456814497709274 6 -1 -1 
307 476 215 289 0.07085412740707397 1 -1 -1 
219 432 208 291 0.06202130764722824 6 -1 -1 
0 416 326 340 0.05920587107539177 8 -1 -1 
59 417 267 241 0.05748836696147919 6 -1 -1 
48 627 261 138 0.05665629357099533 4 -1 -1 
450 206 119 82 0.053101975470781326 6 -1 -1 
