496 39 28 35 0.9739959239959717 5 -1 -1 
611 259 36 53 0.9550082087516785 5 -1 -1 
481 370 58 76 0.9454571008682251 4 -1 -1 
1169 541 163 72 0.9442721605300903 4 -1 -1 
759 429 18 45 0.9340532422065735 1 -1 -1 
597 462 63 85 0.9192847013473511 4 -1 -1 
759 210 79 35 0.9152688980102539 4 -1 -1 
832 422 16 42 0.9120555520057678 1 -1 -1 
572 9 24 22 0.9048221707344055 5 -1 -1 
778 428 14 45 0.884845495223999 1 -1 -1 
515 265 47 57 0.8847953081130981 4 -1 -1 
433 486 68 102 0.868954598903656 4 -1 -1 
1090 391 130 58 0.8559427857398987 4 -1 -1 
538 202 39 46 0.855712354183197 4 -1 -1 
225 531 24 54 0.8544600009918213 1 -1 -1 
718 145 68 27 0.8536092042922974 4 -1 -1 
726 117 63 25 0.8385225534439087 4 -1 -1 
683 77 8 21 0.8368134498596191 1 -1 -1 
692 78 8 21 0.8282281756401062 1 -1 -1 
689 59 20 19 0.8183281421661377 4 -1 -1 
107 624 27 59 0.8177438974380493 1 -1 -1 
1247 479 112 68 0.8162693381309509 4 -1 -1 
815 424 14 41 0.8080560564994812 1 -1 -1 
671 291 44 49 0.7973821759223938 4 -1 -1 
855 145 9 23 0.7819991111755371 1 -1 -1 
496 6 39 15 0.7793444991111755 4 -1 -1 
533 71 8 20 0.7728840708732605 1 -1 -1 
420 116 58 24 0.7657569646835327 4 -1 -1 
538 47 22 22 0.7576168775558472 4 -1 -1 
746 176 73 31 0.7553790807723999 4 -1 -1 
293 448 39 37 0.7421362400054932 10 -1 -1 
408 194 12 30 0.7407690286636353 1 -1 -1 
775 195 78 33 0.7382535338401794 4 -1 -1 
724 97 50 22 0.7319344282150269 4 -1 -1 
544 94 9 16 0.7318012118339539 2 -1 -1 
544 99 9 16 0.7211281657218933 10 -1 -1 
131 624 31 60 0.681753933429718 1 -1 -1 
727 164 74 33 0.6788983345031738 4 -1 -1 
695 11 36 17 0.6753261089324951 4 -1 -1 
706 46 38 18 0.6726378202438354 4 -1 -1 
433 299 14 31 0.665464460849762 3 -1 -1 
539 126 9 18 0.6611681580543518 2 -1 -1 
1008 316 12 28 0.6441450119018555 1 -1 -1 
752 244 68 43 0.642693042755127 5 -1 -1 
708 176 11 31 0.6243289113044739 1 -1 -1 
660 48 7 15 0.622392475605011 2 -1 -1 
669 174 12 22 0.6129899621009827 2 -1 -1 
295 438 22 37 0.6128624081611633 2 -1 -1 
539 133 9 19 0.6020025610923767 10 -1 -1 
722 151 70 33 0.5992034673690796 4 -1 -1 
576 29 7 13 0.5922619104385376 2 -1 -1 
433 289 14 29 0.5872789025306702 2 -1 -1 
675 8 6 13 0.5814437866210938 1 -1 -1 
669 183 12 20 0.5641960501670837 10 -1 -1 
660 52 7 14 0.5574438571929932 10 -1 -1 
709 31 33 15 0.5542395114898682 4 -1 -1 
576 33 7 12 0.5411177277565002 10 -1 -1 
752 245 68 42 0.5357372164726257 4 -1 -1 
994 315 12 24 0.532668948173523 1 -1 -1 
1243 453 40 27 0.5230836868286133 10 -1 -1 
476 0 7 14 0.5211635231971741 1 -1 -1 
479 0 41 14 0.5157370567321777 4 -1 -1 
721 54 43 21 0.5061559081077576 4 -1 -1 
469 132 9 23 0.5004281401634216 1 -1 -1 
1256 442 20 29 0.49459078907966614 2 -1 -1 
1253 446 28 32 0.462266206741333 10 -1 -1 
729 83 40 20 0.46118345856666565 4 -1 -1 
589 0 15 11 0.4390796422958374 4 -1 -1 
426 94 24 17 0.4236050844192505 4 -1 -1 
539 132 10 20 0.4144054055213928 3 -1 -1 
480 0 41 14 0.37559306621551514 5 -1 -1 
465 142 13 24 0.3735494911670685 2 -1 -1 
669 182 12 19 0.36739739775657654 2 -1 -1 
703 0 30 15 0.366262823343277 5 -1 -1 
292 442 29 39 0.36582791805267334 10 -1 -1 
465 142 11 24 0.36067432165145874 1 -1 -1 
7 280 23 42 0.3606303930282593 10 -1 -1 
928 406 16 38 0.35929074883461 1 -1 -1 
310 217 70 75 0.3552243113517761 6 -1 -1 
410 119 23 20 0.3413497805595398 4 -1 -1 
719 50 35 21 0.3394191265106201 4 -1 -1 
864 146 9 22 0.336334764957428 1 -1 -1 
427 95 6 17 0.3346971273422241 1 -1 -1 
757 226 84 20 0.3314514458179474 4 -1 -1 
727 86 55 21 0.32640254497528076 4 -1 -1 
411 117 36 22 0.3229820430278778 4 -1 -1 
576 33 7 12 0.32043886184692383 3 -1 -1 
391 106 27 17 0.31922653317451477 4 -1 -1 
577 25 7 13 0.31868934631347656 2 -1 -1 
709 28 49 19 0.31170138716697693 4 -1 -1 
432 289 15 29 0.3083342909812927 1 -1 -1 
432 113 47 19 0.30705758929252625 4 -1 -1 
292 443 19 37 0.3061332106590271 2 -1 -1 
576 29 7 14 0.3047757148742676 10 -1 -1 
7 281 22 41 0.30452290177345276 1 -1 -1 
660 52 7 14 0.2986055314540863 3 -1 -1 
35 344 37 24 0.29309940338134766 3 -1 -1 
728 79 55 23 0.29101982712745667 4 -1 -1 
544 94 9 17 0.29087403416633606 10 -1 -1 
1252 447 30 31 0.2893569767475128 2 -1 -1 
191 372 15 37 0.28648504614830017 1 -1 -1 
572 9 24 22 0.2831136882305145 4 -1 -1 
576 28 6 14 0.2819562554359436 1 -1 -1 
992 317 13 32 0.2778039276599884 1 -1 -1 
426 94 24 17 0.2769000828266144 7 -1 -1 
406 111 38 24 0.2749710977077484 4 -1 -1 
489 3 44 14 0.2721993923187256 4 -1 -1 
703 0 34 15 0.2719915807247162 4 -1 -1 
725 117 63 25 0.27138185501098633 5 -1 -1 
774 195 79 33 0.27095359563827515 5 -1 -1 
675 8 6 13 0.27000558376312256 10 -1 -1 
131 624 31 60 0.2690987288951874 2 -1 -1 
775 195 78 33 0.26715826988220215 6 -1 -1 
660 48 7 15 0.26661333441734314 1 -1 -1 
476 139 16 25 0.26603442430496216 2 -1 -1 
699 5 35 20 0.26115497946739197 4 -1 -1 
297 439 23 34 0.25487878918647766 1 -1 -1 
432 299 15 31 0.2527032494544983 10 -1 -1 
406 108 40 18 0.25230735540390015 4 -1 -1 
1258 437 18 24 0.25216031074523926 2 -1 -1 
425 95 25 16 0.24755285680294037 8 -1 -1 
544 99 9 16 0.24591250717639923 2 -1 -1 
928 418 13 26 0.2412690371274948 1 -1 -1 
992 269 9 16 0.24031178653240204 1 -1 -1 
709 25 33 15 0.24015262722969055 4 -1 -1 
708 39 41 17 0.2392778843641281 4 -1 -1 
675 7 6 11 0.23855794966220856 2 -1 -1 
395 113 35 26 0.22798000276088715 4 -1 -1 
433 486 68 101 0.22776463627815247 5 -1 -1 
387 107 33 25 0.22618702054023743 4 -1 -1 
37 343 34 25 0.22138722240924835 10 -1 -1 
449 120 32 18 0.2211938500404358 4 -1 -1 
717 43 48 23 0.20750246942043304 4 -1 -1 
728 72 51 25 0.2060086876153946 4 -1 -1 
701 14 39 16 0.20347753167152405 4 -1 -1 
972 374 15 40 0.2014365792274475 1 -1 -1 
407 103 41 18 0.1966124325990677 4 -1 -1 
727 164 74 33 0.19440197944641113 5 -1 -1 
710 30 58 22 0.1939890831708908 4 -1 -1 
1233 442 54 42 0.19341900944709778 10 -1 -1 
759 186 83 31 0.19283093512058258 4 -1 -1 
728 83 46 21 0.18773548305034637 5 -1 -1 
709 22 56 19 0.1856120526790619 4 -1 -1 
711 37 50 17 0.1853099763393402 4 -1 -1 
1005 315 19 31 0.1828826665878296 1 -1 -1 
496 39 28 35 0.18181420862674713 6 -1 -1 
384 116 42 25 0.17710742354393005 4 -1 -1 
118 624 40 64 0.17205454409122467 1 -1 -1 
759 429 18 45 0.1718096286058426 4 -1 -1 
766 429 15 45 0.1713196337223053 1 -1 -1 
826 255 92 61 0.16992728412151337 4 -1 -1 
706 46 37 18 0.16887784004211426 5 -1 -1 
496 39 28 35 0.16872438788414001 4 -1 -1 
40 344 35 25 0.16775554418563843 1 -1 -1 
724 97 50 23 0.1671115607023239 5 -1 -1 
721 50 45 24 0.16671733558177948 5 -1 -1 
386 112 38 27 0.16628415882587433 5 -1 -1 
728 63 53 29 0.16546988487243652 4 -1 -1 
709 18 43 18 0.16397927701473236 4 -1 -1 
761 203 83 36 0.16375499963760376 5 -1 -1 
454 151 33 22 0.16307637095451355 3 -1 -1 
432 293 16 37 0.16173593699932098 1 -1 -1 
432 288 15 33 0.1604895442724228 3 -1 -1 
496 5 39 16 0.15989740192890167 5 -1 -1 
291 414 38 70 0.15859098732471466 10 -1 -1 
489 3 44 14 0.15619415044784546 5 -1 -1 
460 135 20 33 0.1546839475631714 1 -1 -1 
432 293 16 37 0.1541721522808075 2 -1 -1 
415 95 36 19 0.1537509262561798 4 -1 -1 
699 5 35 20 0.15205557644367218 5 -1 -1 
729 77 37 21 0.14899063110351562 4 -1 -1 
703 0 57 16 0.146189883351326 9 -1 -1 
397 117 35 22 0.14599744975566864 5 -1 -1 
597 462 64 86 0.14448517560958862 5 -1 -1 
696 12 35 16 0.14399313926696777 5 -1 -1 
832 422 16 42 0.14303863048553467 4 -1 -1 
727 94 66 25 0.14247211813926697 4 -1 -1 
462 135 24 33 0.1398933380842209 2 -1 -1 
722 45 48 29 0.13944841921329498 4 -1 -1 
722 151 70 33 0.13887499272823334 5 -1 -1 
432 288 15 33 0.13864152133464813 10 -1 -1 
726 102 61 22 0.13857722282409668 4 -1 -1 
756 227 75 30 0.13851213455200195 4 -1 -1 
1089 391 132 58 0.13813309371471405 5 -1 -1 
703 0 50 16 0.13784609735012054 5 -1 -1 
997 316 23 34 0.13466593623161316 1 -1 -1 
748 176 72 31 0.1339983493089676 5 -1 -1 
396 107 42 24 0.13397040963172913 4 -1 -1 
725 107 66 28 0.1336563527584076 4 -1 -1 
709 28 52 20 0.13095982372760773 5 -1 -1 
402 113 40 24 0.13083288073539734 5 -1 -1 
980 273 19 37 0.13008840382099152 1 -1 -1 
723 94 42 20 0.13003012537956238 4 -1 -1 
285 207 98 91 0.1300209015607834 6 -1 -1 
709 30 35 16 0.12809394299983978 5 -1 -1 
777 428 15 46 0.12687431275844574 4 -1 -1 
40 344 35 25 0.12646757066249847 2 -1 -1 
387 107 33 25 0.12548013031482697 5 -1 -1 
826 240 84 74 0.12346439808607101 5 -1 -1 
969 380 17 41 0.12333784997463226 1 -1 -1 
516 265 46 57 0.12150119990110397 5 -1 -1 
1247 477 114 57 0.12148209661245346 5 -1 -1 
31 348 35 26 0.1199866309762001 3 -1 -1 
1170 541 162 72 0.11941331624984741 1 -1 -1 
496 39 28 35 0.11878124624490738 8 -1 -1 
726 82 65 32 0.0981135293841362 4 -1 -1 
724 85 65 35 0.0862964391708374 6 -1 -1 
1088 390 133 58 0.083224356174469 9 -1 -1 
725 107 66 28 0.07706138491630554 5 -1 -1 
728 67 69 34 0.06833598762750626 4 -1 -1 
727 69 67 32 0.05985314026474953 6 -1 -1 
726 82 65 32 0.058640651404857635 5 -1 -1 
724 85 65 35 0.05782734602689743 9 -1 -1 
1089 391 131 58 0.05768235772848129 10 -1 -1 
724 102 66 27 0.0571780726313591 6 -1 -1 
724 89 65 32 0.0559304915368557 5 -1 -1 
728 53 67 43 0.05537617579102516 4 -1 -1 
823 234 100 91 0.05383966118097305 6 -1 -1 
724 102 66 27 0.051262129098176956 9 -1 -1 
724 116 66 27 0.05057986453175545 9 -1 -1 
727 69 67 32 0.05046136677265167 9 -1 -1 
727 69 67 32 0.050034645944833755 5 -1 -1 
