411 138 61 48 0.9913307428359985 6 -1 -1 
748 468 188 151 0.9481554627418518 4 -1 -1 
969 192 98 36 0.9313453435897827 4 -1 -1 
1153 181 78 34 0.9282090663909912 4 -1 -1 
505 200 67 48 0.9273184537887573 4 -1 -1 
450 165 40 44 0.9078266620635986 8 -1 -1 
510 135 59 33 0.906158447265625 4 -1 -1 
31 365 36 75 0.9016408920288086 1 -1 -1 
571 111 42 24 0.8980691432952881 4 -1 -1 
39 120 80 32 0.8935657143592834 4 -1 -1 
466 112 40 29 0.8847911953926086 4 -1 -1 
799 188 75 41 0.8842252492904663 4 -1 -1 
591 173 58 34 0.8825926184654236 4 -1 -1 
874 160 80 38 0.8742926716804504 4 -1 -1 
339 57 23 16 0.8555557727813721 4 -1 -1 
206 48 19 14 0.8544259667396545 4 -1 -1 
402 85 32 24 0.8543004989624023 4 -1 -1 
832 157 78 31 0.851504385471344 4 -1 -1 
25 87 56 24 0.8338276743888855 4 -1 -1 
293 33 16 12 0.8334653377532959 4 -1 -1 
1025 138 12 29 0.8304768204689026 1 -1 -1 
238 22 11 10 0.8109703660011292 4 -1 -1 
863 111 55 27 0.806176483631134 4 -1 -1 
808 97 45 21 0.7999136447906494 4 -1 -1 
1039 137 12 30 0.7933018803596497 1 -1 -1 
866 137 61 25 0.7892362475395203 4 -1 -1 
240 53 23 15 0.785278856754303 4 -1 -1 
1113 166 78 31 0.780072808265686 4 -1 -1 
380 128 40 35 0.7679774165153503 4 -1 -1 
976 113 50 30 0.7607601284980774 8 -1 -1 
908 170 85 39 0.7524378895759583 4 -1 -1 
484 68 27 17 0.7504798173904419 4 -1 -1 
411 47 33 12 0.749751091003418 4 -1 -1 
741 113 59 25 0.7464560866355896 4 -1 -1 
365 71 27 20 0.723249077796936 4 -1 -1 
253 34 14 13 0.7209240198135376 4 -1 -1 
1242 156 16 31 0.7198355197906494 1 -1 -1 
366 117 36 29 0.714533805847168 4 -1 -1 
706 102 54 20 0.7096318602561951 4 -1 -1 
226 119 12 23 0.7041296362876892 2 -1 -1 
184 34 16 12 0.7040684223175049 4 -1 -1 
833 126 60 22 0.7038635611534119 4 -1 -1 
241 241 21 37 0.7011386752128601 2 -1 -1 
277 14 15 19 0.6851616501808167 6 -1 -1 
8 71 24 19 0.6804166436195374 4 -1 -1 
804 206 19 32 0.6739749908447266 2 -1 -1 
799 216 25 28 0.6739335656166077 10 -1 -1 
1064 212 13 36 0.6738628149032593 1 -1 -1 
574 100 7 20 0.6713589429855347 1 -1 -1 
1123 142 20 23 0.6693156957626343 10 -1 -1 
242 252 20 37 0.6679480671882629 10 -1 -1 
173 23 14 14 0.6678794026374817 5 -1 -1 
722 110 50 22 0.6647502183914185 4 -1 -1 
214 9 9 10 0.6575232148170471 4 -1 -1 
542 66 61 21 0.6474564075469971 4 -1 -1 
226 126 13 21 0.6471946239471436 3 -1 -1 
267 33 15 12 0.6451616883277893 4 -1 -1 
320 29 13 13 0.6433455348014832 5 -1 -1 
458 204 24 31 0.636192262172699 10 -1 -1 
628 252 112 87 0.6361014246940613 5 -1 -1 
1233 156 16 27 0.6299917101860046 1 -1 -1 
1214 429 143 115 0.6261072754859924 4 -1 -1 
1045 135 61 26 0.6229183077812195 4 -1 -1 
175 73 7 15 0.614166259765625 2 -1 -1 
276 86 39 46 0.5876973271369934 7 -1 -1 
2 32 6 13 0.5783740878105164 1 -1 -1 
535 93 33 27 0.5712729692459106 7 -1 -1 
269 37 12 15 0.571272611618042 7 -1 -1 
354 29 28 12 0.5700711011886597 4 -1 -1 
627 253 113 87 0.565764844417572 4 -1 -1 
798 217 26 28 0.5637854933738708 3 -1 -1 
227 127 12 20 0.5578402280807495 10 -1 -1 
175 80 8 13 0.5520660281181335 10 -1 -1 
12 45 7 12 0.5516793727874756 2 -1 -1 
313 21 13 10 0.5455280542373657 4 -1 -1 
661 67 7 16 0.5427547693252563 1 -1 -1 
277 27 15 9 0.5426574349403381 4 -1 -1 
37 44 15 15 0.5417871475219727 4 -1 -1 
140 104 25 31 0.5417745113372803 8 -1 -1 
49 5 25 11 0.5395374298095703 4 -1 -1 
515 104 8 18 0.5363301038742065 1 -1 -1 
332 44 14 13 0.5343647599220276 7 -1 -1 
50 5 24 11 0.5340132117271423 5 -1 -1 
717 84 43 23 0.5250453948974609 5 -1 -1 
786 100 9 23 0.5159092545509338 1 -1 -1 
573 79 47 22 0.5103810429573059 4 -1 -1 
569 67 38 13 0.5073769688606262 4 -1 -1 
999 199 16 41 0.5044304728507996 1 -1 -1 
465 199 16 30 0.5037223696708679 2 -1 -1 
59 20 10 8 0.4998948872089386 4 -1 -1 
554 99 10 17 0.498902827501297 2 -1 -1 
810 206 15 29 0.4906097948551178 2 -1 -1 
214 58 7 12 0.48939749598503113 2 -1 -1 
332 23 23 11 0.48657673597335815 4 -1 -1 
79 20 21 15 0.4845070540904999 4 -1 -1 
386 38 28 13 0.48136603832244873 5 -1 -1 
259 28 13 10 0.48051202297210693 4 -1 -1 
511 101 8 18 0.47634950280189514 2 -1 -1 
97 47 60 22 0.47597143054008484 6 -1 -1 
1226 206 15 29 0.47492727637290955 2 -1 -1 
256 13 12 9 0.47021418809890747 4 -1 -1 
1236 207 12 29 0.47021040320396423 2 -1 -1 
1068 138 9 24 0.4681631922721863 1 -1 -1 
11 48 13 12 0.4674434959888458 10 -1 -1 
68 49 7 17 0.46588170528411865 1 -1 -1 
263 13 18 10 0.4561721980571747 4 -1 -1 
276 86 39 45 0.4545893371105194 6 -1 -1 
1229 206 12 19 0.45401960611343384 2 -1 -1 
36 17 22 9 0.4536994993686676 4 -1 -1 
75 50 6 17 0.4530164897441864 1 -1 -1 
321 22 18 11 0.4460360109806061 4 -1 -1 
255 11 11 8 0.4391103684902191 4 -1 -1 
1246 208 10 29 0.4332243502140045 1 -1 -1 
978 115 49 28 0.4321537911891937 7 -1 -1 
585 81 41 23 0.43061378598213196 4 -1 -1 
320 29 13 13 0.42432963848114014 4 -1 -1 
621 100 15 19 0.4242238700389862 3 -1 -1 
338 46 9 11 0.4242112636566162 7 -1 -1 
75 3 23 8 0.422580361366272 4 -1 -1 
511 105 11 17 0.42208680510520935 10 -1 -1 
1227 206 14 29 0.41864660382270813 1 -1 -1 
250 7 14 10 0.41139379143714905 4 -1 -1 
254 9 11 8 0.41126739978790283 4 -1 -1 
259 28 13 10 0.41084951162338257 5 -1 -1 
386 38 26 13 0.40879836678504944 4 -1 -1 
146 53 9 15 0.40605518221855164 2 -1 -1 
511 101 8 17 0.4038711190223694 1 -1 -1 
511 107 10 15 0.40348201990127563 3 -1 -1 
66 48 7 18 0.40169891715049744 1 -1 -1 
1330 408 30 37 0.39743244647979736 3 -1 -1 
247 7 12 9 0.39583778381347656 4 -1 -1 
1218 154 10 22 0.3957028388977051 2 -1 -1 
319 24 15 10 0.39471882581710815 4 -1 -1 
280 27 13 10 0.3908144235610962 7 -1 -1 
148 51 8 13 0.38968756794929504 2 -1 -1 
553 100 9 20 0.3877134919166565 1 -1 -1 
54 31 30 13 0.38691291213035583 4 -1 -1 
259 13 15 9 0.38473016023635864 4 -1 -1 
118 49 39 21 0.38443997502326965 4 -1 -1 
1333 170 10 16 0.3842720091342926 10 -1 -1 
55 9 4 10 0.38426265120506287 1 -1 -1 
717 84 44 23 0.3835485577583313 8 -1 -1 
173 23 14 14 0.38049307465553284 4 -1 -1 
1217 161 10 17 0.37979215383529663 3 -1 -1 
134 56 23 14 0.37965190410614014 10 -1 -1 
276 26 16 11 0.3790787160396576 6 -1 -1 
400 42 24 11 0.3781648278236389 4 -1 -1 
1068 137 9 25 0.3736551105976105 2 -1 -1 
317 22 11 11 0.37303847074508667 4 -1 -1 
798 216 26 28 0.3714577555656433 2 -1 -1 
789 82 46 23 0.37004396319389343 8 -1 -1 
769 85 24 22 0.3664577007293701 5 -1 -1 
711 97 49 18 0.3639140725135803 4 -1 -1 
511 103 10 18 0.36190786957740784 1 -1 -1 
717 84 44 25 0.35990190505981445 6 -1 -1 
712 83 34 21 0.3568810224533081 5 -1 -1 
513 104 9 17 0.3556026220321655 2 -1 -1 
878 98 9 19 0.3531167209148407 1 -1 -1 
37 18 25 11 0.3512800931930542 4 -1 -1 
1338 210 10 21 0.3502555191516876 1 -1 -1 
1239 158 13 28 0.3489048182964325 1 -1 -1 
692 81 22 16 0.34656983613967896 10 -1 -1 
331 42 11 15 0.3459036648273468 7 -1 -1 
583 83 42 21 0.3406694233417511 5 -1 -1 
1236 207 20 31 0.3281174302101135 2 -1 -1 
891 166 87 36 0.3136991858482361 4 -1 -1 
764 122 103 47 0.298027902841568 6 -1 -1 
-4 233 51 47 0.2972283661365509 7 -1 -1 
574 80 46 21 0.2960073947906494 5 -1 -1 
542 65 58 21 0.28946810960769653 5 -1 -1 
241 241 21 37 0.27680426836013794 1 -1 -1 
1040 134 66 27 0.2745412290096283 6 -1 -1 
908 171 85 38 0.2663820683956146 5 -1 -1 
1043 134 62 27 0.26297980546951294 5 -1 -1 
242 253 19 37 0.2543930411338806 3 -1 -1 
458 204 24 31 0.2448628693819046 3 -1 -1 
458 204 24 32 0.24290157854557037 7 -1 -1 
71 1 39 14 0.23793646693229675 4 -1 -1 
242 242 20 38 0.23095853626728058 10 -1 -1 
411 138 61 48 0.22615304589271545 4 -1 -1 
1238 208 19 30 0.20302486419677734 1 -1 -1 
411 138 61 48 0.20243141055107117 7 -1 -1 
535 98 33 22 0.19507676362991333 6 -1 -1 
-1 207 50 66 0.19373652338981628 7 -1 -1 
770 83 28 26 0.19111357629299164 4 -1 -1 
535 98 33 22 0.18341805040836334 4 -1 -1 
411 138 61 48 0.18217408657073975 5 -1 -1 
1052 130 55 24 0.18060055375099182 4 -1 -1 
107 101 59 36 0.17884749174118042 6 -1 -1 
56 32 37 15 0.17720572650432587 4 -1 -1 
845 152 82 30 0.17695041000843048 4 -1 -1 
385 37 32 16 0.17682717740535736 6 -1 -1 
569 73 40 20 0.17059172689914703 4 -1 -1 
586 86 38 28 0.16992124915122986 5 -1 -1 
874 161 82 37 0.1683850884437561 5 -1 -1 
0 208 48 60 0.16492167115211487 4 -1 -1 
0 233 46 46 0.16467534005641937 4 -1 -1 
91 47 37 15 0.1635040044784546 4 -1 -1 
770 83 28 26 0.16118541359901428 8 -1 -1 
458 204 24 32 0.1605379581451416 8 -1 -1 
118 49 39 21 0.16004028916358948 5 -1 -1 
1215 429 142 117 0.15918932855129242 5 -1 -1 
573 69 38 18 0.1580115407705307 4 -1 -1 
77 18 28 19 0.15676924586296082 4 -1 -1 
241 252 21 37 0.15515321493148804 2 -1 -1 
1036 132 62 25 0.15507853031158447 4 -1 -1 
118 49 39 21 0.152469664812088 6 -1 -1 
-4 233 51 47 0.15094928443431854 8 -1 -1 
96 48 61 22 0.1507817506790161 9 -1 -1 
824 143 75 32 0.1507028043270111 4 -1 -1 
31 365 37 75 0.149273082613945 4 -1 -1 
822 129 73 32 0.14773640036582947 4 -1 -1 
332 21 33 17 0.14623132348060608 4 -1 -1 
749 468 188 150 0.14564096927642822 9 -1 -1 
61 35 36 16 0.14510643482208252 4 -1 -1 
536 90 32 29 0.14497122168540955 8 -1 -1 
969 192 98 36 0.14451055228710175 1 -1 -1 
402 85 32 24 0.14385737478733063 5 -1 -1 
75 43 38 19 0.14312417805194855 4 -1 -1 
64 41 34 19 0.14086876809597015 5 -1 -1 
802 132 86 37 0.13885344564914703 6 -1 -1 
411 138 61 48 0.138564333319664 10 -1 -1 
97 47 60 22 0.1379600316286087 5 -1 -1 
1113 166 78 31 0.1378224641084671 5 -1 -1 
109 101 59 37 0.1367686688899994 8 -1 -1 
1226 206 18 31 0.13663741946220398 10 -1 -1 
1233 207 19 30 0.13652975857257843 1 -1 -1 
141 4 31 20 0.13553495705127716 4 -1 -1 
577 84 41 22 0.13536401093006134 4 -1 -1 
64 41 34 19 0.13515037298202515 4 -1 -1 
781 92 16 34 0.1347312033176422 1 -1 -1 
354 28 32 15 0.13465403020381927 5 -1 -1 
1122 141 24 25 0.13422951102256775 3 -1 -1 
869 154 66 32 0.13391852378845215 4 -1 -1 
748 468 188 151 0.13163278996944427 1 -1 -1 
85 44 36 18 0.1305878609418869 4 -1 -1 
1230 147 21 33 0.13034938275814056 1 -1 -1 
89 52 43 17 0.12924982607364655 4 -1 -1 
461 200 21 32 0.12907752394676208 1 -1 -1 
48 32 34 17 0.12737716734409332 4 -1 -1 
602 79 31 25 0.12548036873340607 4 -1 -1 
581 87 40 27 0.12546075880527496 4 -1 -1 
1226 208 23 30 0.12486197054386139 1 -1 -1 
411 138 61 48 0.12362145632505417 2 -1 -1 
38 120 80 31 0.12127905339002609 5 -1 -1 
411 139 61 48 0.1211097240447998 8 -1 -1 
1061 212 12 39 0.11879727244377136 1 -1 -1 
97 39 60 22 0.11812411993741989 6 -1 -1 
411 138 61 48 0.11761029809713364 1 -1 -1 
59 36 35 20 0.11756876111030579 5 -1 -1 
50 35 34 19 0.11744702607393265 4 -1 -1 
89 41 69 24 0.05733233690261841 9 -1 -1 
768 113 144 56 0.0504303015768528 6 -1 -1 
