510 285 86 38 0.9988724589347839 9 -1 -1 
572 405 53 102 0.9988380074501038 9 -1 -1 
768 405 70 87 0.9987561702728271 9 -1 -1 
243 260 81 34 0.998551070690155 9 -1 -1 
699 305 56 33 0.9891912341117859 6 -1 -1 
481 650 110 113 0.9836995601654053 9 -1 -1 
1292 583 37 27 0.9629546403884888 3 -1 -1 
747 495 40 40 0.9286006689071655 4 -1 -1 
707 619 60 70 0.9210032224655151 4 -1 -1 
804 638 64 70 0.9190012216567993 4 -1 -1 
635 638 55 65 0.9189878106117249 4 -1 -1 
98 546 20 28 0.9100124835968018 3 -1 -1 
636 516 43 48 0.9065638780593872 4 -1 -1 
729 431 34 30 0.9059264659881592 4 -1 -1 
685 444 34 30 0.9029682278633118 4 -1 -1 
686 417 28 26 0.9008914232254028 4 -1 -1 
556 548 48 51 0.9008650779724121 4 -1 -1 
697 559 44 50 0.9008572697639465 4 -1 -1 
638 480 36 35 0.9004368782043457 4 -1 -1 
927 502 22 24 0.8968017101287842 3 -1 -1 
640 418 28 28 0.8944580554962158 4 -1 -1 
825 545 55 49 0.8944521546363831 4 -1 -1 
642 447 32 33 0.8944302201271057 4 -1 -1 
800 493 44 40 0.8944085836410522 4 -1 -1 
1269 688 21 54 0.8879740238189697 1 -1 -1 
854 606 60 61 0.8829180598258972 4 -1 -1 
737 459 37 34 0.8813266158103943 4 -1 -1 
633 576 47 56 0.872318685054779 4 -1 -1 
107 417 72 29 0.8655507564544678 4 -1 -1 
1118 553 13 34 0.8641182780265808 1 -1 -1 
1182 663 21 52 0.8626864552497864 1 -1 -1 
971 434 12 26 0.860917329788208 1 -1 -1 
692 471 34 33 0.8578281402587891 4 -1 -1 
681 396 27 24 0.8520168662071228 4 -1 -1 
752 310 36 15 0.8488911986351013 4 -1 -1 
59 404 36 32 0.8457370400428772 4 -1 -1 
180 300 34 17 0.8453507423400879 4 -1 -1 
572 508 38 40 0.8453388810157776 4 -1 -1 
1194 537 52 46 0.8420810699462891 4 -1 -1 
771 569 50 50 0.8418419361114502 4 -1 -1 
1287 561 36 23 0.8370579481124878 3 -1 -1 
997 423 10 27 0.836377739906311 1 -1 -1 
720 395 28 25 0.8348120450973511 4 -1 -1 
969 394 9 25 0.8243309855461121 1 -1 -1 
1319 584 23 29 0.8236613869667053 3 -1 -1 
921 409 9 22 0.8222841024398804 1 -1 -1 
1106 549 15 39 0.8133015632629395 1 -1 -1 
984 398 8 22 0.8121323585510254 1 -1 -1 
544 232 12 10 0.8083484172821045 4 -1 -1 
603 240 11 10 0.8077818751335144 4 -1 -1 
135 355 8 22 0.8031201958656311 1 -1 -1 
674 277 14 12 0.8002116680145264 4 -1 -1 
695 499 43 50 0.7980545163154602 4 -1 -1 
754 390 27 24 0.791243851184845 4 -1 -1 
143 346 9 22 0.7870275378227234 1 -1 -1 
1010 413 8 24 0.7811580896377563 1 -1 -1 
737 330 44 19 0.7805461287498474 4 -1 -1 
960 397 8 26 0.7797830104827881 1 -1 -1 
809 336 49 21 0.7783151268959045 4 -1 -1 
551 334 16 11 0.7740815281867981 10 -1 -1 
597 389 26 24 0.7724462747573853 4 -1 -1 
1102 510 15 29 0.7705662250518799 3 -1 -1 
165 267 29 12 0.7652789950370789 4 -1 -1 
128 355 8 24 0.7632958292961121 1 -1 -1 
550 252 13 11 0.7602421045303345 4 -1 -1 
488 270 13 12 0.7601412534713745 4 -1 -1 
531 272 14 12 0.7596569657325745 4 -1 -1 
1062 403 8 22 0.7584966421127319 1 -1 -1 
186 376 60 24 0.7572193741798401 4 -1 -1 
137 408 68 26 0.7552801966667175 4 -1 -1 
884 344 51 22 0.7548357844352722 4 -1 -1 
993 357 45 20 0.7547017335891724 4 -1 -1 
82 532 18 27 0.7530876994132996 3 -1 -1 
509 271 15 13 0.7506603598594666 4 -1 -1 
54 385 9 27 0.7485962510108948 1 -1 -1 
667 286 19 14 0.7473869323730469 4 -1 -1 
879 518 33 20 0.747006893157959 3 -1 -1 
1025 435 10 25 0.7448025941848755 1 -1 -1 
954 375 8 20 0.7439693808555603 1 -1 -1 
590 312 41 20 0.7412149906158447 4 -1 -1 
1129 585 17 44 0.7410596609115601 1 -1 -1 
819 377 8 23 0.7395444512367249 1 -1 -1 
72 606 40 26 0.7346913814544678 3 -1 -1 
701 282 17 14 0.733841598033905 4 -1 -1 
0 498 65 37 0.7263258695602417 4 -1 -1 
1026 380 12 23 0.7257386445999146 1 -1 -1 
253 428 9 24 0.7226693034172058 1 -1 -1 
721 709 64 54 0.7226108312606812 4 -1 -1 
220 312 9 18 0.7217010855674744 1 -1 -1 
744 301 27 13 0.7195858955383301 4 -1 -1 
540 614 57 59 0.7178303599357605 4 -1 -1 
918 339 46 21 0.7164362072944641 4 -1 -1 
278 353 8 19 0.7065200805664062 1 -1 -1 
1085 494 12 31 0.7038198709487915 1 -1 -1 
652 322 38 16 0.7019187211990356 4 -1 -1 
638 395 27 26 0.6966980695724487 4 -1 -1 
902 373 8 22 0.6962233185768127 1 -1 -1 
149 395 70 27 0.6940705180168152 4 -1 -1 
941 375 7 21 0.6923375725746155 1 -1 -1 
961 467 33 20 0.6900475025177002 10 -1 -1 
219 365 57 23 0.6828997731208801 4 -1 -1 
1034 492 14 32 0.6827850937843323 1 -1 -1 
651 259 24 11 0.6814938187599182 4 -1 -1 
104 377 9 24 0.6805082559585571 1 -1 -1 
734 367 9 20 0.6799411773681641 1 -1 -1 
926 435 25 16 0.6744096279144287 10 -1 -1 
533 257 12 12 0.6740819215774536 4 -1 -1 
971 566 15 29 0.6721572875976562 2 -1 -1 
1019 355 41 19 0.6708025336265564 4 -1 -1 
923 311 7 17 0.6699899435043335 1 -1 -1 
95 379 11 26 0.6676006317138672 1 -1 -1 
952 362 8 17 0.6647751927375793 1 -1 -1 
209 283 36 15 0.6645012497901917 4 -1 -1 
1154 567 17 39 0.66411292552948 1 -1 -1 
1001 373 9 21 0.6635164618492126 1 -1 -1 
1004 639 19 29 0.6633210182189941 2 -1 -1 
602 222 9 7 0.6631856560707092 4 -1 -1 
204 343 8 19 0.6552659273147583 1 -1 -1 
475 372 9 24 0.6515588760375977 1 -1 -1 
1043 391 9 24 0.6499682068824768 1 -1 -1 
554 260 14 12 0.6498275399208069 4 -1 -1 
512 261 13 11 0.6495190858840942 4 -1 -1 
317 355 8 20 0.6493088603019714 1 -1 -1 
1218 677 28 46 0.6467918157577515 10 -1 -1 
1069 401 7 23 0.6464623808860779 1 -1 -1 
1072 478 9 29 0.6447133421897888 1 -1 -1 
62 385 10 24 0.6446148157119751 1 -1 -1 
999 411 7 21 0.6409775018692017 1 -1 -1 
1072 434 10 27 0.6339461207389832 1 -1 -1 
761 355 8 16 0.6323869228363037 2 -1 -1 
161 300 31 16 0.6323843598365784 4 -1 -1 
927 443 26 14 0.6321292519569397 3 -1 -1 
574 213 9 8 0.6280521750450134 4 -1 -1 
832 332 46 20 0.6257666349411011 4 -1 -1 
1322 582 29 31 0.624967098236084 3 -1 -1 
1164 497 14 20 0.623012900352478 2 -1 -1 
254 338 59 23 0.6220769882202148 4 -1 -1 
250 402 11 20 0.6202064156532288 2 -1 -1 
618 309 40 19 0.6186063885688782 5 -1 -1 
101 534 15 30 0.6143438816070557 2 -1 -1 
533 266 14 12 0.6127011775970459 4 -1 -1 
928 519 15 28 0.6115790009498596 10 -1 -1 
443 304 42 17 0.6111934185028076 4 -1 -1 
933 493 13 26 0.6108063459396362 2 -1 -1 
121 325 8 20 0.6104146838188171 1 -1 -1 
74 597 42 30 0.6102426052093506 3 -1 -1 
452 299 34 14 0.609170138835907 4 -1 -1 
970 575 15 28 0.6088330149650574 10 -1 -1 
179 346 8 21 0.6081669926643372 1 -1 -1 
1103 498 15 32 0.6079258918762207 2 -1 -1 
1003 645 20 36 0.6075427532196045 10 -1 -1 
579 272 14 13 0.6051074266433716 4 -1 -1 
533 263 13 11 0.6034713387489319 4 -1 -1 
168 263 33 11 0.6023086309432983 4 -1 -1 
384 352 9 17 0.6022788882255554 2 -1 -1 
188 332 8 18 0.6017239093780518 1 -1 -1 
917 386 9 23 0.6000716686248779 1 -1 -1 
899 312 6 17 0.5999071002006531 1 -1 -1 
1049 441 10 28 0.5956867933273315 1 -1 -1 
284 305 45 19 0.594437301158905 4 -1 -1 
808 315 43 16 0.5927748680114746 4 -1 -1 
761 361 8 13 0.5918983817100525 10 -1 -1 
921 471 12 20 0.5891500115394592 2 -1 -1 
574 256 14 12 0.5846744179725647 4 -1 -1 
116 342 9 22 0.580890417098999 1 -1 -1 
186 271 34 13 0.5752158761024475 4 -1 -1 
1164 554 17 19 0.5743448734283447 2 -1 -1 
1017 411 8 25 0.571509599685669 1 -1 -1 
1027 405 8 20 0.5696888566017151 1 -1 -1 
746 364 7 19 0.5670418739318848 1 -1 -1 
860 432 12 29 0.5665730237960815 1 -1 -1 
782 366 7 18 0.5661977529525757 1 -1 -1 
674 259 13 9 0.5652925372123718 4 -1 -1 
1060 496 13 27 0.565108597278595 1 -1 -1 
884 320 7 15 0.5615023970603943 1 -1 -1 
488 262 15 12 0.5605142712593079 5 -1 -1 
383 358 13 16 0.5588249564170837 3 -1 -1 
1033 415 7 21 0.5585124492645264 1 -1 -1 
194 347 6 17 0.5575748085975647 1 -1 -1 
512 255 13 12 0.5557231903076172 4 -1 -1 
205 359 8 18 0.5532358884811401 1 -1 -1 
1030 426 9 19 0.5528104305267334 1 -1 -1 
166 307 8 17 0.5514382719993591 1 -1 -1 
84 518 15 33 0.5472350120544434 2 -1 -1 
1006 488 24 22 0.5418022274971008 3 -1 -1 
239 349 6 18 0.5415245294570923 1 -1 -1 
945 361 7 20 0.5406508445739746 1 -1 -1 
556 272 14 13 0.5371134877204895 4 -1 -1 
929 517 14 23 0.5342504382133484 2 -1 -1 
289 352 9 24 0.5334311723709106 1 -1 -1 
79 373 12 25 0.5289077162742615 1 -1 -1 
1134 718 94 46 0.4783850312232971 4 -1 -1 
510 285 86 38 0.4597129225730896 4 -1 -1 
618 309 40 19 0.4569399654865265 4 -1 -1 
572 405 53 102 0.44902318716049194 4 -1 -1 
510 285 86 38 0.44896599650382996 10 -1 -1 
1006 508 86 93 0.43153300881385803 6 -1 -1 
768 405 70 87 0.41996312141418457 4 -1 -1 
441 302 44 19 0.3960484266281128 5 -1 -1 
1004 510 89 91 0.3951786160469055 8 -1 -1 
998 702 145 62 0.3743286728858948 6 -1 -1 
510 285 86 38 0.3737359344959259 1 -1 -1 
572 405 54 102 0.3736913204193115 10 -1 -1 
768 405 70 87 0.3687320053577423 10 -1 -1 
510 285 86 38 0.363636314868927 3 -1 -1 
113 314 42 18 0.3564119338989258 4 -1 -1 
998 702 145 62 0.3511630594730377 5 -1 -1 
572 405 53 102 0.3498362600803375 1 -1 -1 
572 405 53 102 0.340164452791214 5 -1 -1 
768 405 70 87 0.33928725123405457 1 -1 -1 
572 405 54 102 0.3361811935901642 6 -1 -1 
768 405 70 87 0.3341957926750183 5 -1 -1 
510 285 86 38 0.3289288580417633 5 -1 -1 
572 405 54 102 0.3279683589935303 2 -1 -1 
510 285 86 38 0.32215866446495056 7 -1 -1 
1005 509 88 92 0.32193824648857117 5 -1 -1 
721 709 64 55 0.3158547580242157 5 -1 -1 
768 405 70 87 0.3050731122493744 3 -1 -1 
572 405 53 102 0.3043517768383026 3 -1 -1 
768 405 70 87 0.29830288887023926 2 -1 -1 
440 302 45 19 0.2922866940498352 6 -1 -1 
510 285 86 38 0.29070043563842773 2 -1 -1 
768 405 70 87 0.2900579273700714 7 -1 -1 
510 285 86 38 0.28976190090179443 6 -1 -1 
768 405 70 87 0.28928354382514954 6 -1 -1 
699 305 56 33 0.28882089257240295 5 -1 -1 
999 702 149 62 0.2773907482624054 4 -1 -1 
572 405 53 102 0.270255982875824 7 -1 -1 
82 518 18 39 0.26858097314834595 1 -1 -1 
1007 508 86 93 0.2605370581150055 9 -1 -1 
999 702 149 62 0.2567378282546997 9 -1 -1 
1255 544 24 36 0.25609084963798523 10 -1 -1 
768 405 70 87 0.23761436343193054 8 -1 -1 
572 405 53 102 0.23571498692035675 8 -1 -1 
510 285 86 38 0.22754834592342377 8 -1 -1 
998 701 139 63 0.22000464797019958 7 -1 -1 
446 298 41 18 0.21940380334854126 5 -1 -1 
134 298 38 17 0.21720652282238007 4 -1 -1 
998 701 139 63 0.21247220039367676 8 -1 -1 
589 312 42 20 0.21083199977874756 5 -1 -1 
1134 718 94 46 0.21032264828681946 5 -1 -1 
699 305 56 33 0.20087561011314392 8 -1 -1 
961 461 35 25 0.19094252586364746 8 -1 -1 
737 330 44 19 0.19027173519134521 5 -1 -1 
132 298 39 17 0.18209631741046906 5 -1 -1 
1260 550 21 35 0.17736637592315674 10 -1 -1 
435 299 48 20 0.17194680869579315 4 -1 -1 
243 260 80 37 0.1621023267507553 6 -1 -1 
721 710 64 53 0.1586286872625351 6 -1 -1 
1004 639 20 39 0.15770955383777618 1 -1 -1 
1166 527 35 21 0.15736141800880432 3 -1 -1 
699 305 56 33 0.15681706368923187 7 -1 -1 
652 321 38 17 0.15381039679050446 5 -1 -1 
699 305 56 33 0.15057891607284546 4 -1 -1 
243 260 80 36 0.14829795062541962 5 -1 -1 
699 305 56 33 0.14502328634262085 10 -1 -1 
653 321 37 18 0.1412629634141922 6 -1 -1 
854 606 60 61 0.1405676305294037 5 -1 -1 
699 305 56 33 0.14016801118850708 2 -1 -1 
803 639 65 69 0.13853012025356293 5 -1 -1 
164 262 39 17 0.1379908174276352 4 -1 -1 
86 533 30 32 0.13540710508823395 3 -1 -1 
243 260 80 35 0.13384030759334564 4 -1 -1 
1004 510 89 91 0.13240931928157806 4 -1 -1 
707 619 60 70 0.1318511813879013 5 -1 -1 
699 305 56 33 0.13048869371414185 3 -1 -1 
961 461 35 25 0.12957075238227844 7 -1 -1 
81 520 20 39 0.1279960572719574 2 -1 -1 
104 316 41 17 0.12662667036056519 4 -1 -1 
120 310 45 19 0.126175194978714 4 -1 -1 
475 649 117 113 0.12418074160814285 6 -1 -1 
114 314 42 18 0.12396020442247391 5 -1 -1 
98 535 21 38 0.12041529268026352 1 -1 -1 
446 298 41 18 0.11937625706195831 6 -1 -1 
1109 551 21 39 0.11726674437522888 1 -1 -1 
110 410 90 33 0.11397574841976166 4 -1 -1 
699 305 56 33 0.1114044040441513 9 -1 -1 
243 260 80 35 0.11010957509279251 1 -1 -1 
59 404 36 32 0.1100248247385025 5 -1 -1 
126 301 42 19 0.10947713255882263 5 -1 -1 
126 301 42 19 0.1089170053601265 4 -1 -1 
1004 638 20 36 0.10811088234186172 10 -1 -1 
720 709 65 55 0.1045696884393692 9 -1 -1 
