1109 426 60 56 0.9465904831886292 4 -1 -1 
1048 427 74 58 0.9399657845497131 4 -1 -1 
1258 592 85 51 0.9377279877662659 4 -1 -1 
519 506 45 60 0.9235460162162781 4 -1 -1 
1239 412 72 50 0.9200590252876282 4 -1 -1 
1048 384 15 26 0.9049041271209717 3 -1 -1 
1152 415 69 61 0.8305841088294983 4 -1 -1 
741 489 11 29 0.8032064437866211 1 -1 -1 
777 474 87 42 0.799159824848175 4 -1 -1 
557 224 30 32 0.7980453372001648 4 -1 -1 
617 552 13 31 0.7921754717826843 1 -1 -1 
543 196 32 32 0.7779124975204468 4 -1 -1 
471 663 46 66 0.7695788741111755 4 -1 -1 
1300 379 45 37 0.7424758076667786 4 -1 -1 
727 473 13 24 0.7134703993797302 1 -1 -1 
181 118 9 18 0.661865234375 1 -1 -1 
1150 533 39 23 0.6585903763771057 10 -1 -1 
1022 414 21 20 0.6494030952453613 10 -1 -1 
199 122 8 16 0.6483971476554871 3 -1 -1 
1025 393 23 19 0.6425708532333374 10 -1 -1 
199 116 8 17 0.6205347180366516 2 -1 -1 
1314 707 44 50 0.6090043783187866 4 -1 -1 
1165 528 14 28 0.579204261302948 2 -1 -1 
1057 452 66 33 0.5723143815994263 4 -1 -1 
997 400 13 28 0.5593155026435852 10 -1 -1 
22 487 12 23 0.534018337726593 1 -1 -1 
24 486 72 33 0.5255654454231262 4 -1 -1 
0 550 32 47 0.49993014335632324 4 -1 -1 
1171 526 11 22 0.4859350919723511 2 -1 -1 
592 235 28 21 0.470767080783844 3 -1 -1 
591 234 10 20 0.46516743302345276 3 -1 -1 
1174 526 10 22 0.45648640394210815 2 -1 -1 
592 235 32 21 0.4478863775730133 7 -1 -1 
592 235 15 18 0.43103790283203125 3 -1 -1 
1037 541 91 51 0.41078802943229675 7 -1 -1 
595 234 17 18 0.3877624571323395 3 -1 -1 
229 7 7 15 0.36877769231796265 1 -1 -1 
1028 387 21 22 0.33430513739585876 10 -1 -1 
1150 533 39 23 0.3335968554019928 7 -1 -1 
199 116 8 17 0.32358089089393616 1 -1 -1 
218 9 6 12 0.3216884732246399 2 -1 -1 
1048 546 79 45 0.3202899694442749 8 -1 -1 
645 267 56 27 0.3144453465938568 5 -1 -1 
606 318 43 29 0.3117741048336029 4 -1 -1 
180 3 6 11 0.3105488121509552 1 -1 -1 
650 297 38 20 0.3043838143348694 10 -1 -1 
181 118 10 18 0.3035005033016205 2 -1 -1 
0 513 52 48 0.30328482389450073 4 -1 -1 
180 2 6 12 0.28549814224243164 2 -1 -1 
997 400 13 28 0.2787433862686157 3 -1 -1 
592 235 32 21 0.2783711850643158 8 -1 -1 
777 474 87 42 0.2751610577106476 5 -1 -1 
1098 636 17 12 0.2738298773765564 10 -1 -1 
1150 533 40 23 0.27252012491226196 3 -1 -1 
1024 390 18 17 0.2702932059764862 10 -1 -1 
1054 453 69 32 0.2701716423034668 5 -1 -1 
591 233 9 18 0.2669858932495117 2 -1 -1 
1176 526 9 22 0.2665909230709076 1 -1 -1 
644 287 63 32 0.2660929262638092 4 -1 -1 
543 196 32 32 0.26482269167900085 5 -1 -1 
645 274 63 37 0.2633879482746124 4 -1 -1 
1043 544 84 48 0.26126599311828613 6 -1 -1 
1300 380 45 36 0.2608144283294678 5 -1 -1 
982 399 27 28 0.2605932652950287 7 -1 -1 
601 234 21 17 0.25929689407348633 3 -1 -1 
1091 632 23 15 0.25455594062805176 4 -1 -1 
1099 638 20 13 0.2538023889064789 10 -1 -1 
591 233 10 21 0.25244060158729553 1 -1 -1 
218 8 7 14 0.2508208751678467 10 -1 -1 
958 392 19 20 0.2485513538122177 10 -1 -1 
1023 389 12 17 0.24668127298355103 10 -1 -1 
997 399 13 28 0.23820428550243378 2 -1 -1 
22 487 12 23 0.23753948509693146 2 -1 -1 
218 5 6 11 0.2365393340587616 2 -1 -1 
1154 535 13 16 0.2342039942741394 2 -1 -1 
15 403 11 18 0.2318551391363144 2 -1 -1 
1172 526 11 24 0.23125258088111877 1 -1 -1 
16 403 10 18 0.22553634643554688 1 -1 -1 
557 225 30 30 0.22521202266216278 5 -1 -1 
218 5 17 16 0.22475095093250275 10 -1 -1 
1031 381 19 23 0.2243984490633011 10 -1 -1 
645 268 54 29 0.22355599701404572 4 -1 -1 
1150 532 37 23 0.2226279079914093 2 -1 -1 
199 121 8 17 0.22254137694835663 10 -1 -1 
1177 526 8 20 0.22143873572349548 2 -1 -1 
1153 415 69 61 0.21524296700954437 5 -1 -1 
1169 526 11 27 0.21464037895202637 1 -1 -1 
988 399 22 29 0.2144533097743988 10 -1 -1 
952 391 26 26 0.2129063755273819 10 -1 -1 
180 3 6 13 0.21112683415412903 3 -1 -1 
179 122 10 17 0.20770666003227234 3 -1 -1 
180 3 6 13 0.20555949211120605 10 -1 -1 
1098 632 15 12 0.20276767015457153 2 -1 -1 
1048 427 74 58 0.2018328756093979 5 -1 -1 
196 127 9 12 0.20168529450893402 3 -1 -1 
1159 528 28 27 0.20106561481952667 10 -1 -1 
217 10 7 12 0.2010621428489685 1 -1 -1 
199 121 8 16 0.19951772689819336 1 -1 -1 
24 486 13 19 0.19502800703048706 1 -1 -1 
1024 389 24 19 0.1942404806613922 3 -1 -1 
1138 738 51 27 0.1906415969133377 4 -1 -1 
218 5 19 16 0.19010137021541595 4 -1 -1 
1165 528 14 28 0.19001206755638123 1 -1 -1 
596 236 28 18 0.18909060955047607 10 -1 -1 
649 295 49 22 0.18881379067897797 4 -1 -1 
229 6 7 15 0.18769723176956177 2 -1 -1 
1023 389 13 17 0.1861376166343689 3 -1 -1 
199 121 8 16 0.1854255497455597 2 -1 -1 
1028 384 21 20 0.18536359071731567 3 -1 -1 
1022 414 21 20 0.18505819141864777 3 -1 -1 
178 125 9 19 0.18435929715633392 3 -1 -1 
1150 540 17 14 0.18345655500888824 3 -1 -1 
998 399 13 25 0.18326900899410248 1 -1 -1 
199 115 7 12 0.1832120269536972 2 -1 -1 
24 486 72 33 0.18118496239185333 5 -1 -1 
645 267 77 39 0.17938779294490814 4 -1 -1 
651 298 35 19 0.17915992438793182 3 -1 -1 
27 484 104 284 0.17738790810108185 6 -1 -1 
168 129 9 18 0.17703618109226227 1 -1 -1 
966 394 11 18 0.1765415370464325 10 -1 -1 
115 149 19 13 0.17572806775569916 10 -1 -1 
7 401 19 20 0.1742096096277237 10 -1 -1 
1101 635 13 11 0.1741500198841095 2 -1 -1 
1029 399 20 12 0.17411522567272186 10 -1 -1 
218 6 9 14 0.1728135347366333 2 -1 -1 
169 95 8 16 0.17151564359664917 2 -1 -1 
997 400 14 28 0.17139025032520294 7 -1 -1 
644 270 57 33 0.17036183178424835 6 -1 -1 
0 411 10 19 0.16952063143253326 2 -1 -1 
1161 526 22 26 0.16940352320671082 2 -1 -1 
1151 539 16 15 0.16762737929821014 2 -1 -1 
590 232 10 16 0.1671002358198166 3 -1 -1 
1078 583 29 20 0.16677583754062653 10 -1 -1 
805 458 43 24 0.16646000742912292 8 -1 -1 
1024 414 18 19 0.16639289259910583 2 -1 -1 
590 232 10 16 0.16602052748203278 1 -1 -1 
180 8 6 10 0.16576173901557922 3 -1 -1 
1158 534 21 22 0.1654961109161377 10 -1 -1 
1124 454 44 29 0.1650090515613556 4 -1 -1 
1098 636 17 12 0.163617342710495 3 -1 -1 
23 487 11 24 0.16334104537963867 3 -1 -1 
645 274 63 37 0.16282682120800018 5 -1 -1 
224 6 11 16 0.1611204594373703 10 -1 -1 
983 399 27 29 0.16059669852256775 3 -1 -1 
169 95 8 19 0.15953244268894196 1 -1 -1 
180 8 6 11 0.15946990251541138 10 -1 -1 
19 408 7 14 0.15738455951213837 1 -1 -1 
218 10 6 12 0.15726922452449799 3 -1 -1 
2 411 9 19 0.15675072371959686 1 -1 -1 
644 270 57 33 0.15664061903953552 8 -1 -1 
606 238 18 18 0.15647782385349274 7 -1 -1 
23 487 11 24 0.15578342974185944 10 -1 -1 
1099 638 20 13 0.1555231362581253 3 -1 -1 
531 114 5 11 0.15535493195056915 1 -1 -1 
10 403 15 17 0.15485826134681702 1 -1 -1 
650 296 49 22 0.15450219810009003 7 -1 -1 
1175 525 9 15 0.1535203605890274 2 -1 -1 
643 285 64 33 0.1530628502368927 6 -1 -1 
1076 549 51 41 0.15256409347057343 7 -1 -1 
180 5 7 12 0.1523452252149582 1 -1 -1 
1053 454 70 31 0.1521507054567337 6 -1 -1 
592 233 18 20 0.15177765488624573 10 -1 -1 
591 233 10 19 0.151761993765831 10 -1 -1 
219 9 12 14 0.15144717693328857 10 -1 -1 
1157 533 10 15 0.15104497969150543 2 -1 -1 
1076 549 51 41 0.1501230001449585 8 -1 -1 
957 391 20 20 0.14995668828487396 3 -1 -1 
9 401 17 16 0.14931869506835938 2 -1 -1 
1094 631 16 13 0.14898428320884705 4 -1 -1 
592 232 12 15 0.14871813356876373 3 -1 -1 
1079 583 32 21 0.14868900179862976 3 -1 -1 
601 234 21 17 0.14802996814250946 10 -1 -1 
982 399 26 28 0.14734439551830292 8 -1 -1 
1023 392 18 17 0.14726777374744415 3 -1 -1 
229 6 7 16 0.14635524153709412 10 -1 -1 
180 1 5 9 0.1461290568113327 2 -1 -1 
1103 635 12 11 0.14592576026916504 10 -1 -1 
1033 392 16 20 0.14547429978847504 10 -1 -1 
997 399 16 29 0.1449422389268875 9 -1 -1 
1151 533 38 22 0.1408194750547409 8 -1 -1 
644 287 63 32 0.137579083442688 5 -1 -1 
785 461 80 48 0.13740311563014984 4 -1 -1 
980 399 25 29 0.13517948985099792 9 -1 -1 
777 474 89 42 0.13490800559520721 6 -1 -1 
1043 544 84 48 0.1324761062860489 5 -1 -1 
471 663 46 63 0.13022498786449432 5 -1 -1 
461 670 50 75 0.12980076670646667 4 -1 -1 
1043 544 84 48 0.12790507078170776 4 -1 -1 
1258 592 86 51 0.12386995553970337 5 -1 -1 
645 267 77 39 0.12225157767534256 5 -1 -1 
0 513 66 65 0.12181325256824493 4 -1 -1 
1110 426 59 56 0.12035222351551056 9 -1 -1 
4 507 76 58 0.11952800303697586 4 -1 -1 
1239 411 72 51 0.11639610677957535 5 -1 -1 
466 678 52 85 0.11366865038871765 4 -1 -1 
1258 592 85 51 0.11295292526483536 1 -1 -1 
645 269 76 43 0.11274414509534836 6 -1 -1 
27 486 106 285 0.11229455471038818 5 -1 -1 
1109 426 60 56 0.11215513199567795 1 -1 -1 
1313 706 44 50 0.11169182509183884 5 -1 -1 
1154 530 33 25 0.11159886419773102 1 -1 -1 
454 669 46 65 0.11104251444339752 4 -1 -1 
0 517 41 70 0.11102059483528137 4 -1 -1 
12 496 76 57 0.11065448075532913 4 -1 -1 
1085 632 31 18 0.11033663153648376 4 -1 -1 
1022 534 112 68 0.10759865492582321 6 -1 -1 
1258 592 85 51 0.10526616871356964 9 -1 -1 
1048 427 75 58 0.10254910588264465 1 -1 -1 
1159 528 28 27 0.10207297652959824 7 -1 -1 
0 512 54 48 0.10186713933944702 5 -1 -1 
736 486 17 32 0.10131075233221054 1 -1 -1 
1092 634 32 21 0.1005348339676857 10 -1 -1 
1311 657 48 51 0.10040981322526932 6 -1 -1 
1048 427 74 58 0.10021685063838959 9 -1 -1 
640 294 66 38 0.09865664690732956 4 -1 -1 
1238 412 73 50 0.0976300984621048 1 -1 -1 
802 455 64 36 0.09762410074472427 4 -1 -1 
449 680 47 67 0.09711702913045883 4 -1 -1 
1045 381 18 29 0.09530627727508545 7 -1 -1 
474 666 55 80 0.09334522485733032 4 -1 -1 
645 261 69 36 0.09299999475479126 6 -1 -1 
951 391 27 24 0.09194191545248032 3 -1 -1 
37 488 96 54 0.09162768721580505 4 -1 -1 
1033 378 27 29 0.0913739874958992 3 -1 -1 
103 145 31 19 0.09101085364818573 10 -1 -1 
1161 526 22 26 0.09041590243577957 3 -1 -1 
1048 427 75 58 0.08915099501609802 6 -1 -1 
0 538 44 59 0.08900517225265503 4 -1 -1 
1027 378 26 28 0.0887376070022583 8 -1 -1 
1109 426 60 56 0.08864820003509521 7 -1 -1 
1041 556 81 58 0.08837759494781494 7 -1 -1 
519 506 45 60 0.08761616051197052 1 -1 -1 
599 318 51 52 0.08509315550327301 4 -1 -1 
1161 526 22 26 0.08455782383680344 1 -1 -1 
1023 389 26 23 0.08443935960531235 7 -1 -1 
957 394 25 28 0.0835556611418724 10 -1 -1 
519 507 45 59 0.08315489441156387 5 -1 -1 
1053 454 70 31 0.08237946033477783 9 -1 -1 
1085 630 32 20 0.08107016235589981 10 -1 -1 
1039 380 22 30 0.08098966628313065 10 -1 -1 
1020 547 93 53 0.0807875245809555 4 -1 -1 
995 399 16 29 0.08056839555501938 8 -1 -1 
1150 533 39 23 0.080347441136837 4 -1 -1 
19 477 68 38 0.08006329834461212 4 -1 -1 
1041 556 81 58 0.07991128414869308 8 -1 -1 
37 488 96 54 0.07937230169773102 5 -1 -1 
1153 525 29 27 0.0792495608329773 9 -1 -1 
649 293 68 37 0.07905743271112442 6 -1 -1 
1076 630 38 18 0.07905340939760208 4 -1 -1 
1109 426 60 56 0.07881930470466614 10 -1 -1 
1021 406 25 27 0.07873585820198059 10 -1 -1 
214 2 27 22 0.07856503874063492 10 -1 -1 
777 474 87 43 0.07843168824911118 1 -1 -1 
494 668 41 69 0.07836275547742844 4 -1 -1 
1259 592 85 51 0.07790045440196991 10 -1 -1 
71 490 78 49 0.07664604485034943 4 -1 -1 
980 398 26 28 0.07580523937940598 10 -1 -1 
27 484 104 284 0.07529037445783615 9 -1 -1 
519 506 45 60 0.07462678849697113 9 -1 -1 
1 504 60 45 0.0745544284582138 4 -1 -1 
785 461 80 48 0.07435793429613113 5 -1 -1 
1312 657 46 50 0.07419821619987488 5 -1 -1 
1048 427 74 58 0.07411803305149078 7 -1 -1 
27 486 106 285 0.07399919629096985 4 -1 -1 
1047 381 17 30 0.07396432012319565 9 -1 -1 
1109 426 60 56 0.07369653135538101 6 -1 -1 
1030 552 88 52 0.07337678223848343 5 -1 -1 
1025 384 25 26 0.07332558929920197 8 -1 -1 
1009 503 110 92 0.07282223552465439 6 -1 -1 
1258 592 85 51 0.07255589962005615 7 -1 -1 
616 552 14 31 0.07173290103673935 4 -1 -1 
645 268 63 33 0.07162801921367645 9 -1 -1 
1239 412 72 50 0.07095634937286377 9 -1 -1 
1022 534 112 68 0.07075576484203339 7 -1 -1 
1109 426 60 56 0.07040639966726303 5 -1 -1 
1089 633 33 21 0.07027946412563324 4 -1 -1 
469 676 54 87 0.06973016262054443 5 -1 -1 
1043 542 85 50 0.06897687166929245 3 -1 -1 
646 251 79 47 0.06848632544279099 9 -1 -1 
1027 382 24 27 0.06820930540561676 7 -1 -1 
1048 427 74 58 0.06803949922323227 10 -1 -1 
802 455 64 36 0.06780874729156494 5 -1 -1 
1000 543 125 69 0.06715434044599533 6 -1 -1 
214 4 30 19 0.06662316620349884 4 -1 -1 
519 506 45 60 0.06600876152515411 10 -1 -1 
1035 542 119 79 0.05964142829179764 6 -1 -1 
1004 545 130 70 0.051340408623218536 8 -1 -1 
