495 298 34 29 0.9251783490180969 4 -1 -1 
411 484 69 78 0.8898817300796509 4 -1 -1 
674 303 30 27 0.8610143661499023 4 -1 -1 
846 299 62 24 0.8297150135040283 4 -1 -1 
170 345 87 32 0.8088337182998657 4 -1 -1 
393 293 9 26 0.7991467714309692 1 -1 -1 
412 289 9 24 0.7648606896400452 1 -1 -1 
535 240 24 27 0.751705527305603 4 -1 -1 
485 367 37 41 0.7368618845939636 4 -1 -1 
585 232 18 23 0.7344520092010498 5 -1 -1 
308 327 12 34 0.7302465438842773 1 -1 -1 
570 260 22 21 0.7224536538124084 4 -1 -1 
121 379 86 31 0.6902943849563599 4 -1 -1 
345 264 46 24 0.6847127676010132 4 -1 -1 
759 226 5 14 0.6694477796554565 1 -1 -1 
671 244 19 21 0.6574646830558777 4 -1 -1 
1124 246 23 19 0.6571807265281677 5 -1 -1 
595 180 12 10 0.6457852125167847 4 -1 -1 
1097 246 30 21 0.6352558135986328 5 -1 -1 
857 310 9 27 0.6346884965896606 1 -1 -1 
744 255 12 29 0.581647515296936 1 -1 -1 
481 259 9 20 0.578801691532135 1 -1 -1 
764 230 4 10 0.5745096206665039 1 -1 -1 
424 235 21 21 0.5591303706169128 4 -1 -1 
601 150 6 6 0.5523626208305359 4 -1 -1 
869 305 7 19 0.5150397419929504 1 -1 -1 
627 152 6 8 0.48879319429397583 4 -1 -1 
721 254 13 30 0.4376707673072815 1 -1 -1 
850 312 9 25 0.42265576124191284 1 -1 -1 
761 228 6 13 0.4061027467250824 1 -1 -1 
-1 552 29 62 0.38530656695365906 4 -1 -1 
324 262 48 27 0.3834204077720642 4 -1 -1 
323 256 68 32 0.3496868908405304 4 -1 -1 
638 160 5 5 0.3490240275859833 4 -1 -1 
516 174 15 12 0.348080575466156 10 -1 -1 
1098 251 29 16 0.3447111248970032 6 -1 -1 
585 232 18 23 0.3397756516933441 4 -1 -1 
393 294 8 15 0.3390512764453888 2 -1 -1 
759 213 5 12 0.33667901158332825 1 -1 -1 
626 141 7 9 0.33607131242752075 8 -1 -1 
607 128 9 7 0.3306964933872223 4 -1 -1 
340 274 13 24 0.3274514377117157 1 -1 -1 
393 294 8 15 0.3265584111213684 1 -1 -1 
516 174 14 11 0.31762734055519104 4 -1 -1 
621 150 6 7 0.3159863352775574 4 -1 -1 
638 160 5 6 0.3114856481552124 10 -1 -1 
496 202 7 15 0.3050016760826111 1 -1 -1 
484 204 13 12 0.30054715275764465 10 -1 -1 
486 200 8 12 0.30048510432243347 2 -1 -1 
21 297 9 25 0.29958584904670715 1 -1 -1 
757 225 6 15 0.2983890473842621 1 -1 -1 
475 251 6 14 0.2959384024143219 1 -1 -1 
671 244 19 22 0.2907974123954773 5 -1 -1 
754 218 5 8 0.2883029878139496 1 -1 -1 
570 147 6 14 0.2823749780654907 1 -1 -1 
1105 244 24 20 0.2799428403377533 5 -1 -1 
626 145 8 11 0.2706129550933838 8 -1 -1 
1097 246 30 20 0.2695373296737671 4 -1 -1 
1104 251 24 16 0.2680513262748718 8 -1 -1 
393 294 8 15 0.26351627707481384 10 -1 -1 
424 235 21 21 0.2632335424423218 5 -1 -1 
1085 247 26 15 0.24495619535446167 4 -1 -1 
334 266 24 26 0.24148087203502655 1 -1 -1 
633 136 5 6 0.23954907059669495 1 -1 -1 
625 148 9 12 0.23749800026416779 7 -1 -1 
128 318 97 46 0.23588331043720245 4 -1 -1 
624 145 10 14 0.2317538857460022 6 -1 -1 
756 216 7 10 0.22595879435539246 1 -1 -1 
760 213 7 11 0.22477936744689941 1 -1 -1 
869 305 7 19 0.2246956080198288 2 -1 -1 
624 145 10 14 0.2246381789445877 8 -1 -1 
626 147 8 11 0.22381611168384552 6 -1 -1 
675 184 9 9 0.22381113469600677 4 -1 -1 
516 173 11 12 0.22121937572956085 2 -1 -1 
754 219 5 8 0.21824994683265686 3 -1 -1 
501 177 16 10 0.2154964804649353 4 -1 -1 
1188 271 6 12 0.21539543569087982 3 -1 -1 
622 145 12 14 0.2139190137386322 4 -1 -1 
623 148 10 9 0.21380974352359772 4 -1 -1 
622 145 12 14 0.2114124596118927 7 -1 -1 
1101 252 27 15 0.2110477089881897 7 -1 -1 
620 141 14 17 0.20914392173290253 6 -1 -1 
13 274 28 33 0.20699670910835266 4 -1 -1 
485 367 36 41 0.2069447934627533 5 -1 -1 
763 227 5 13 0.20617975294589996 1 -1 -1 
1188 268 6 15 0.20532174408435822 10 -1 -1 
865 305 8 20 0.20404461026191711 1 -1 -1 
1087 245 35 19 0.20287615060806274 5 -1 -1 
790 231 6 17 0.2028142809867859 1 -1 -1 
621 150 6 7 0.20271560549736023 2 -1 -1 
534 178 11 13 0.20189577341079712 2 -1 -1 
1126 506 9 21 0.20185722410678864 1 -1 -1 
621 150 6 7 0.20091241598129272 10 -1 -1 
485 202 18 14 0.1983538120985031 10 -1 -1 
621 149 7 9 0.19797298312187195 7 -1 -1 
755 214 5 12 0.1949332356452942 1 -1 -1 
323 256 68 32 0.19307184219360352 5 -1 -1 
621 148 9 10 0.19255883991718292 4 -1 -1 
621 148 9 10 0.19223594665527344 8 -1 -1 
256 311 10 28 0.19090789556503296 1 -1 -1 
535 240 24 27 0.18900227546691895 5 -1 -1 
851 311 11 25 0.18857614696025848 1 -1 -1 
1122 246 25 19 0.18817737698554993 4 -1 -1 
127 315 92 46 0.18767975270748138 5 -1 -1 
1104 246 23 20 0.18729643523693085 6 -1 -1 
326 266 39 25 0.18611836433410645 1 -1 -1 
759 216 6 9 0.18550103902816772 1 -1 -1 
496 201 7 15 0.18488182127475739 2 -1 -1 
849 318 8 19 0.18445582687854767 1 -1 -1 
709 209 8 22 0.1840922236442566 1 -1 -1 
485 201 7 12 0.18286539614200592 1 -1 -1 
624 149 9 9 0.18277914822101593 8 -1 -1 
483 254 6 15 0.1823781132698059 1 -1 -1 
411 484 68 79 0.18167178332805634 5 -1 -1 
1087 245 35 19 0.1815381497144699 4 -1 -1 
514 174 12 11 0.1801268309354782 10 -1 -1 
624 149 9 9 0.17654937505722046 6 -1 -1 
625 141 9 14 0.1746450811624527 6 -1 -1 
128 326 108 51 0.17431475222110748 4 -1 -1 
639 129 6 12 0.1738627851009369 1 -1 -1 
626 141 8 8 0.17307180166244507 4 -1 -1 
1307 323 13 18 0.17282533645629883 1 -1 -1 
638 160 5 5 0.17236272990703583 2 -1 -1 
517 171 15 13 0.16985242068767548 2 -1 -1 
639 129 6 12 0.1696574091911316 10 -1 -1 
633 136 5 6 0.1695045679807663 2 -1 -1 
633 136 5 6 0.1689278930425644 10 -1 -1 
1186 267 8 16 0.16858045756816864 3 -1 -1 
620 141 14 17 0.16853679716587067 9 -1 -1 
622 151 8 8 0.16844668984413147 4 -1 -1 
586 153 5 8 0.1682649552822113 10 -1 -1 
756 224 5 13 0.1681625097990036 1 -1 -1 
604 135 8 6 0.16692189872264862 4 -1 -1 
626 147 8 11 0.1664075404405594 9 -1 -1 
625 141 9 14 0.1657564789056778 4 -1 -1 
485 203 11 12 0.16561608016490936 2 -1 -1 
586 151 5 9 0.16417041420936584 2 -1 -1 
1105 244 24 20 0.16330957412719727 4 -1 -1 
754 219 5 8 0.163225919008255 10 -1 -1 
95 379 108 39 0.16130182147026062 4 -1 -1 
489 202 8 13 0.1604124754667282 10 -1 -1 
627 149 7 11 0.15906056761741638 5 -1 -1 
620 149 7 8 0.15854333341121674 8 -1 -1 
19 293 13 26 0.15800562500953674 1 -1 -1 
625 141 8 9 0.15792125463485718 6 -1 -1 
755 217 6 9 0.1579158902168274 3 -1 -1 
858 309 10 23 0.15745411813259125 1 -1 -1 
627 145 7 10 0.15670564770698547 6 -1 -1 
623 148 10 9 0.1562616229057312 7 -1 -1 
622 119 6 6 0.1551092118024826 4 -1 -1 
1185 265 9 17 0.1548144519329071 10 -1 -1 
517 170 9 12 0.1542826145887375 2 -1 -1 
14 274 27 33 0.153329536318779 5 -1 -1 
608 128 9 7 0.15308643877506256 9 -1 -1 
495 202 8 15 0.15229523181915283 10 -1 -1 
763 214 5 10 0.15180152654647827 1 -1 -1 
104 376 103 34 0.15128792822360992 5 -1 -1 
608 130 8 8 0.1509820818901062 4 -1 -1 
424 229 27 27 0.1508428156375885 5 -1 -1 
758 224 6 13 0.1495017409324646 1 -1 -1 
608 128 9 7 0.14934447407722473 5 -1 -1 
485 200 38 17 0.14858511090278625 6 -1 -1 
424 229 27 27 0.1481793373823166 4 -1 -1 
1096 241 31 21 0.1430700570344925 5 -1 -1 
425 235 34 22 0.13683779537677765 4 -1 -1 
323 256 68 32 0.13665711879730225 9 -1 -1 
943 613 69 52 0.13485263288021088 4 -1 -1 
845 299 64 24 0.1336662918329239 5 -1 -1 
128 318 92 45 0.12029719352722168 6 -1 -1 
1115 244 30 20 0.11762911081314087 5 -1 -1 
107 367 101 41 0.11548683792352676 4 -1 -1 
477 165 34 21 0.11322465538978577 4 -1 -1 
1123 239 27 24 0.11167861521244049 5 -1 -1 
674 303 31 27 0.11129971593618393 5 -1 -1 
846 299 62 24 0.10969476401805878 1 -1 -1 
927 608 65 57 0.10852321982383728 4 -1 -1 
129 315 55 50 0.10708781331777573 8 -1 -1 
165 336 89 34 0.10568741708993912 4 -1 -1 
386 315 19 49 0.1031111553311348 1 -1 -1 
146 329 100 37 0.10084179788827896 4 -1 -1 
148 347 92 33 0.10078497976064682 4 -1 -1 
133 352 100 35 0.09891795367002487 4 -1 -1 
853 308 16 27 0.09790780395269394 1 -1 -1 
570 259 23 22 0.09613621234893799 5 -1 -1 
171 345 86 32 0.09584512561559677 1 -1 -1 
145 370 74 31 0.0958051010966301 4 -1 -1 
307 256 64 33 0.09444556385278702 4 -1 -1 
1100 240 29 21 0.09369318187236786 4 -1 -1 
308 327 12 34 0.09241697937250137 4 -1 -1 
104 376 103 34 0.09099341183900833 6 -1 -1 
170 345 87 32 0.09078367054462433 5 -1 -1 
128 315 91 41 0.08933334052562714 9 -1 -1 
440 270 34 19 0.08788339793682098 4 -1 -1 
674 303 31 27 0.08734120428562164 1 -1 -1 
132 326 105 45 0.08665910363197327 5 -1 -1 
146 361 78 31 0.0863945484161377 4 -1 -1 
422 222 24 32 0.08504027128219604 5 -1 -1 
1103 240 29 20 0.08364103734493256 5 -1 -1 
741 251 19 34 0.08299790322780609 1 -1 -1 
908 601 79 52 0.07992050051689148 4 -1 -1 
1084 240 32 21 0.07991822063922882 4 -1 -1 
818 341 17 30 0.07895118743181229 1 -1 -1 
411 484 70 78 0.07763178646564484 6 -1 -1 
126 317 81 67 0.07736081629991531 4 -1 -1 
1097 245 31 21 0.07711510360240936 9 -1 -1 
411 484 68 79 0.0769992545247078 9 -1 -1 
323 256 68 32 0.07683167606592178 6 -1 -1 
719 257 18 38 0.07667849957942963 1 -1 -1 
716 256 17 33 0.07659927010536194 1 -1 -1 
718 281 34 21 0.0760783776640892 10 -1 -1 
422 222 24 32 0.07575277984142303 4 -1 -1 
411 484 69 78 0.07426674664020538 1 -1 -1 
1084 240 32 21 0.0732247605919838 5 -1 -1 
514 169 30 19 0.07313669472932816 10 -1 -1 
484 201 37 16 0.07131823152303696 7 -1 -1 
535 240 24 27 0.07063408941030502 1 -1 -1 
1096 241 31 21 0.07012487947940826 6 -1 -1 
855 310 12 28 0.06960443407297134 2 -1 -1 
126 350 85 46 0.06912624090909958 4 -1 -1 
485 201 37 16 0.06794334948062897 4 -1 -1 
477 170 26 18 0.0667918249964714 4 -1 -1 
845 299 63 24 0.0654960349202156 9 -1 -1 
91 376 105 40 0.06538273394107819 9 -1 -1 
484 201 37 16 0.06517398357391357 9 -1 -1 
943 611 68 54 0.06512385606765747 5 -1 -1 
127 315 71 41 0.06501777470111847 4 -1 -1 
720 254 15 31 0.06501075625419617 2 -1 -1 
121 379 86 30 0.06491401791572571 1 -1 -1 
486 167 33 20 0.06380978226661682 4 -1 -1 
477 165 32 22 0.06274960190057755 5 -1 -1 
330 240 63 45 0.06271649152040482 4 -1 -1 
129 314 87 43 0.06222481653094292 8 -1 -1 
851 309 16 29 0.061698731034994125 9 -1 -1 
128 315 55 51 0.06106111407279968 5 -1 -1 
845 286 63 33 0.060480061918497086 4 -1 -1 
599 127 16 29 0.06041192263364792 9 -1 -1 
1087 246 37 19 0.060408879071474075 6 -1 -1 
1122 245 26 20 0.06003812700510025 6 -1 -1 
1113 239 33 23 0.059727199375629425 4 -1 -1 
128 326 108 51 0.059319909662008286 6 -1 -1 
477 165 33 21 0.05927359685301781 9 -1 -1 
927 608 65 57 0.059179581701755524 5 -1 -1 
126 317 81 67 0.05909787863492966 5 -1 -1 
-1 552 29 64 0.05827393755316734 5 -1 -1 
113 378 94 32 0.05790574476122856 9 -1 -1 
1106 240 31 20 0.057501085102558136 4 -1 -1 
307 256 64 33 0.05743909254670143 5 -1 -1 
818 340 17 31 0.05681418627500534 2 -1 -1 
409 286 15 30 0.05678139626979828 1 -1 -1 
845 299 64 24 0.05658658593893051 6 -1 -1 
383 293 20 31 0.05611675977706909 1 -1 -1 
958 622 67 44 0.054917190223932266 4 -1 -1 
485 201 37 16 0.054847344756126404 8 -1 -1 
846 294 57 19 0.05471855401992798 4 -1 -1 
962 240 43 19 0.05467894300818443 4 -1 -1 
925 595 72 53 0.05412163957953453 4 -1 -1 
377 316 22 44 0.05398975685238838 1 -1 -1 
423 233 23 23 0.05396308749914169 6 -1 -1 
425 235 34 22 0.053618378937244415 5 -1 -1 
425 213 29 41 0.05352523922920227 5 -1 -1 
307 256 64 33 0.05280882120132446 9 -1 -1 
423 222 26 33 0.05269370228052139 6 -1 -1 
1131 243 21 23 0.052574995905160904 5 -1 -1 
308 327 12 34 0.05221909284591675 2 -1 -1 
107 387 88 39 0.05195454880595207 4 -1 -1 
515 169 32 19 0.051707107573747635 4 -1 -1 
493 195 34 22 0.05136871337890625 6 -1 -1 
351 278 40 10 0.050507403910160065 4 -1 -1 
