654 191 26 40 0.9980936646461487 9 -1 -1 
189 472 163 231 0.9968243837356567 6 -1 -1 
319 378 97 144 0.9875630140304565 6 -1 -1 
705 182 26 35 0.9778895974159241 6 -1 -1 
589 118 14 21 0.9757102131843567 6 -1 -1 
630 124 8 9 0.7978084683418274 5 -1 -1 
610 126 9 8 0.7770636677742004 4 -1 -1 
645 129 9 9 0.7564535737037659 4 -1 -1 
661 136 9 9 0.7442912459373474 4 -1 -1 
554 141 11 10 0.744195818901062 4 -1 -1 
709 224 20 16 0.741939902305603 4 -1 -1 
505 229 19 20 0.7100387215614319 4 -1 -1 
610 149 11 10 0.7001693844795227 4 -1 -1 
569 119 9 9 0.6982781291007996 4 -1 -1 
542 153 12 10 0.6970145106315613 4 -1 -1 
1296 417 56 32 0.6956542730331421 4 -1 -1 
612 163 11 13 0.665829598903656 5 -1 -1 
671 115 14 21 0.6637047529220581 6 -1 -1 
803 186 15 14 0.6515288949012756 4 -1 -1 
584 188 6 10 0.6164900064468384 10 -1 -1 
554 120 9 8 0.6102098226547241 4 -1 -1 
377 310 74 105 0.6066315770149231 6 -1 -1 
584 185 6 11 0.601850688457489 2 -1 -1 
552 129 9 7 0.6014546155929565 4 -1 -1 
607 110 9 7 0.591835618019104 4 -1 -1 
400 261 43 18 0.5578703880310059 4 -1 -1 
566 128 3 7 0.5304033756256104 1 -1 -1 
590 117 11 8 0.5176975727081299 4 -1 -1 
513 209 18 18 0.514199435710907 4 -1 -1 
532 175 15 12 0.5049074292182922 4 -1 -1 
557 173 9 11 0.5040169954299927 7 -1 -1 
573 180 7 11 0.5033761858940125 2 -1 -1 
580 147 18 24 0.49995702505111694 6 -1 -1 
546 149 11 9 0.4953310787677765 4 -1 -1 
725 113 7 6 0.4901925325393677 4 -1 -1 
582 94 9 9 0.4643549919128418 4 -1 -1 
574 144 5 9 0.46325963735580444 2 -1 -1 
597 95 9 8 0.45903682708740234 4 -1 -1 
534 166 14 12 0.45586246252059937 5 -1 -1 
544 151 11 10 0.45159828662872314 4 -1 -1 
580 148 18 23 0.45065656304359436 8 -1 -1 
544 127 9 8 0.43692946434020996 4 -1 -1 
533 175 13 12 0.43577760457992554 5 -1 -1 
561 84 14 19 0.4326033890247345 4 -1 -1 
573 146 6 10 0.4287917912006378 10 -1 -1 
561 84 13 19 0.42538976669311523 8 -1 -1 
700 193 6 19 0.4182955324649811 1 -1 -1 
398 261 46 21 0.4154857099056244 5 -1 -1 
546 83 14 20 0.41344529390335083 4 -1 -1 
572 183 8 9 0.3983128070831299 2 -1 -1 
568 111 4 6 0.39740991592407227 2 -1 -1 
561 81 14 22 0.395323783159256 6 -1 -1 
508 205 7 15 0.3863643407821655 1 -1 -1 
513 204 18 23 0.3754698932170868 5 -1 -1 
558 171 7 10 0.3731323480606079 2 -1 -1 
707 205 22 13 0.3698595464229584 6 -1 -1 
564 128 3 7 0.36645108461380005 1 -1 -1 
568 112 4 7 0.36582255363464355 10 -1 -1 
542 128 9 7 0.36480584740638733 4 -1 -1 
573 147 5 8 0.36222970485687256 2 -1 -1 
525 166 23 15 0.3590640127658844 6 -1 -1 
557 173 10 11 0.35832589864730835 8 -1 -1 
534 166 14 12 0.3564378023147583 4 -1 -1 
654 190 26 41 0.3550839126110077 4 -1 -1 
612 163 11 13 0.3499220907688141 4 -1 -1 
572 184 9 8 0.34898829460144043 10 -1 -1 
189 468 169 234 0.3439342677593231 10 -1 -1 
514 93 23 10 0.3415010869503021 4 -1 -1 
513 203 17 17 0.3379088044166565 4 -1 -1 
562 128 4 8 0.33624860644340515 1 -1 -1 
561 82 13 21 0.330328106880188 5 -1 -1 
550 119 12 8 0.33004578948020935 4 -1 -1 
597 95 9 8 0.3285781741142273 5 -1 -1 
537 87 21 16 0.3270948827266693 4 -1 -1 
716 108 9 9 0.3237575590610504 4 -1 -1 
189 470 164 231 0.3220154941082001 4 -1 -1 
654 190 26 40 0.31713420152664185 3 -1 -1 
547 126 7 8 0.31290721893310547 4 -1 -1 
654 191 26 40 0.3125644326210022 10 -1 -1 
189 472 163 231 0.3099762797355652 7 -1 -1 
654 190 26 41 0.3084385097026825 8 -1 -1 
189 468 169 234 0.3060445785522461 5 -1 -1 
554 141 10 10 0.30360302329063416 5 -1 -1 
395 266 47 22 0.2996154725551605 4 -1 -1 
630 124 9 9 0.2991706430912018 8 -1 -1 
654 190 26 41 0.2968861758708954 1 -1 -1 
568 112 4 7 0.2946239709854126 7 -1 -1 
671 115 14 21 0.29447388648986816 9 -1 -1 
802 186 16 14 0.2900342643260956 5 -1 -1 
1296 417 56 32 0.2896866500377655 5 -1 -1 
513 203 19 24 0.2894763648509979 6 -1 -1 
654 190 26 41 0.2884174883365631 2 -1 -1 
648 98 12 9 0.28461796045303345 7 -1 -1 
573 150 6 6 0.2797880470752716 3 -1 -1 
581 89 11 14 0.2788744568824768 4 -1 -1 
580 148 18 23 0.27664482593536377 5 -1 -1 
730 117 10 10 0.2746793329715729 4 -1 -1 
416 261 29 17 0.2745051383972168 4 -1 -1 
546 84 14 18 0.27297496795654297 6 -1 -1 
385 241 59 38 0.27278295159339905 6 -1 -1 
413 260 31 16 0.271658718585968 5 -1 -1 
189 470 164 231 0.27009955048561096 9 -1 -1 
654 191 26 40 0.2693270742893219 7 -1 -1 
574 144 5 9 0.267317533493042 10 -1 -1 
589 117 12 15 0.2664491832256317 4 -1 -1 
655 190 25 41 0.26442521810531616 5 -1 -1 
573 185 7 8 0.2580653131008148 3 -1 -1 
513 164 36 17 0.2561771869659424 6 -1 -1 
549 127 9 8 0.2554406523704529 4 -1 -1 
533 167 15 12 0.25458869338035583 6 -1 -1 
557 173 9 11 0.25458431243896484 10 -1 -1 
561 84 13 19 0.25400510430336 7 -1 -1 
589 118 8 7 0.25307008624076843 4 -1 -1 
553 129 8 7 0.24741366505622864 6 -1 -1 
558 175 5 9 0.24639487266540527 10 -1 -1 
514 203 16 15 0.24389725923538208 5 -1 -1 
701 193 8 20 0.24376526474952698 1 -1 -1 
574 146 5 9 0.24343062937259674 1 -1 -1 
589 118 14 21 0.24217139184474945 9 -1 -1 
593 118 9 7 0.24113716185092926 4 -1 -1 
594 87 10 13 0.240494504570961 6 -1 -1 
548 119 10 7 0.2397688329219818 4 -1 -1 
566 128 3 7 0.23883920907974243 2 -1 -1 
611 92 11 10 0.23495930433273315 6 -1 -1 
558 172 8 12 0.23464976251125336 2 -1 -1 
617 97 20 9 0.23311857879161835 4 -1 -1 
558 175 5 9 0.2329404354095459 3 -1 -1 
594 93 11 10 0.23257799446582794 4 -1 -1 
588 117 11 11 0.23044225573539734 4 -1 -1 
391 270 41 20 0.22936367988586426 4 -1 -1 
584 185 6 12 0.22857125103473663 1 -1 -1 
462 203 35 19 0.22755564749240875 10 -1 -1 
655 190 25 41 0.22628308832645416 6 -1 -1 
508 205 7 15 0.22515638172626495 2 -1 -1 
533 173 17 13 0.22369714081287384 4 -1 -1 
188 468 170 235 0.21994496881961823 2 -1 -1 
189 472 163 231 0.2162780463695526 8 -1 -1 
189 472 163 231 0.2134900838136673 3 -1 -1 
385 247 59 32 0.21250033378601074 5 -1 -1 
580 147 18 24 0.21011675894260406 7 -1 -1 
464 203 34 19 0.2095588743686676 7 -1 -1 
391 259 53 20 0.20312988758087158 6 -1 -1 
319 378 97 144 0.19590090215206146 4 -1 -1 
720 86 29 18 0.1946660876274109 6 -1 -1 
385 252 59 27 0.1894514262676239 4 -1 -1 
707 183 23 34 0.1831689476966858 5 -1 -1 
385 252 59 27 0.1806308478116989 9 -1 -1 
318 378 98 143 0.17593102157115936 5 -1 -1 
384 235 60 41 0.17539778351783752 4 -1 -1 
580 148 18 23 0.17075833678245544 4 -1 -1 
611 85 33 21 0.16065645217895508 6 -1 -1 
189 468 169 234 0.15870149433612823 1 -1 -1 
540 81 21 23 0.15864862501621246 4 -1 -1 
701 81 39 22 0.15741199254989624 6 -1 -1 
308 432 100 97 0.15310075879096985 6 -1 -1 
382 234 63 39 0.1512094885110855 5 -1 -1 
389 229 47 22 0.15063713490962982 4 -1 -1 
539 81 22 22 0.14908386766910553 6 -1 -1 
504 229 20 21 0.14908169209957123 5 -1 -1 
710 84 33 21 0.14807672798633575 6 -1 -1 
310 343 136 185 0.1427767127752304 6 -1 -1 
691 130 36 17 0.14276742935180664 6 -1 -1 
580 148 18 23 0.14240127801895142 9 -1 -1 
317 375 100 146 0.14101718366146088 10 -1 -1 
387 233 59 32 0.13789409399032593 6 -1 -1 
383 192 44 21 0.13385026156902313 6 -1 -1 
692 131 34 17 0.13308121263980865 9 -1 -1 
707 183 23 34 0.13303056359291077 9 -1 -1 
525 81 34 19 0.1315925121307373 6 -1 -1 
661 85 55 21 0.1313159465789795 6 -1 -1 
390 252 53 23 0.12987227737903595 6 -1 -1 
318 378 98 143 0.12975694239139557 7 -1 -1 
467 134 34 24 0.12467759847640991 6 -1 -1 
395 260 49 19 0.12378855794668198 9 -1 -1 
375 313 76 101 0.12378618866205215 9 -1 -1 
705 182 26 35 0.12291345000267029 4 -1 -1 
492 171 35 18 0.12244118005037308 4 -1 -1 
428 254 46 18 0.12019065767526627 4 -1 -1 
463 203 32 18 0.11812455952167511 4 -1 -1 
721 89 33 24 0.11752365529537201 6 -1 -1 
396 231 51 25 0.11595549434423447 4 -1 -1 
399 193 40 22 0.11525113135576248 6 -1 -1 
400 255 44 20 0.11364148557186127 4 -1 -1 
503 166 45 19 0.11288892477750778 6 -1 -1 
319 378 99 143 0.11246515810489655 9 -1 -1 
532 86 27 18 0.11195696890354156 6 -1 -1 
397 161 42 19 0.11164367944002151 6 -1 -1 
499 169 35 17 0.11161699146032333 4 -1 -1 
357 316 93 141 0.11159943044185638 6 -1 -1 
609 93 32 14 0.10927636176347733 6 -1 -1 
506 203 24 20 0.10574087500572205 6 -1 -1 
425 237 58 36 0.10570751130580902 6 -1 -1 
391 236 46 23 0.10543977469205856 4 -1 -1 
509 159 37 19 0.10511107742786407 6 -1 -1 
510 201 22 20 0.1050039529800415 5 -1 -1 
1296 417 56 32 0.10407382994890213 6 -1 -1 
317 375 100 146 0.10312946140766144 2 -1 -1 
377 309 74 105 0.10127503424882889 5 -1 -1 
478 197 29 21 0.10068865865468979 4 -1 -1 
389 238 46 32 0.10058930516242981 6 -1 -1 
705 182 26 35 0.09873850643634796 10 -1 -1 
480 193 28 19 0.09850892424583435 4 -1 -1 
504 202 26 19 0.09844368696212769 4 -1 -1 
465 202 32 19 0.09840360283851624 8 -1 -1 
513 203 19 24 0.09758144617080688 9 -1 -1 
333 306 113 73 0.09665929526090622 6 -1 -1 
525 166 26 18 0.09656783938407898 5 -1 -1 
692 132 32 15 0.09637575596570969 4 -1 -1 
391 236 46 23 0.09440318495035172 6 -1 -1 
468 201 38 19 0.0936894342303276 4 -1 -1 
295 454 97 77 0.0935896635055542 6 -1 -1 
468 201 38 19 0.09313580393791199 6 -1 -1 
308 448 94 80 0.09213856607675552 4 -1 -1 
661 85 55 21 0.09184834361076355 9 -1 -1 
317 375 100 146 0.09165510535240173 1 -1 -1 
705 182 26 35 0.0913660079240799 7 -1 -1 
705 182 26 35 0.09112872928380966 2 -1 -1 
397 249 47 19 0.09079292416572571 4 -1 -1 
513 203 19 24 0.08997050672769547 8 -1 -1 
691 130 36 17 0.08961693197488785 5 -1 -1 
384 235 60 41 0.08899671584367752 9 -1 -1 
504 161 31 17 0.08890803903341293 4 -1 -1 
454 200 39 20 0.08886665105819702 4 -1 -1 
387 165 48 20 0.08792605996131897 6 -1 -1 
507 92 30 14 0.08718319237232208 4 -1 -1 
1314 392 34 20 0.08700913935899734 4 -1 -1 
386 231 51 23 0.0865810289978981 5 -1 -1 
705 182 26 35 0.08589266240596771 3 -1 -1 
370 156 67 29 0.08578379452228546 4 -1 -1 
403 166 34 15 0.0857313722372055 6 -1 -1 
219 339 178 187 0.08569769561290741 6 -1 -1 
408 161 35 16 0.08539210259914398 6 -1 -1 
352 204 35 15 0.08461159467697144 6 -1 -1 
381 165 52 21 0.08446510881185532 4 -1 -1 
705 182 26 35 0.0842292308807373 1 -1 -1 
462 203 35 19 0.08362468332052231 3 -1 -1 
318 378 98 143 0.08341427147388458 8 -1 -1 
541 81 20 22 0.08340729773044586 5 -1 -1 
261 392 146 131 0.08308139443397522 6 -1 -1 
394 241 52 23 0.08266795426607132 4 -1 -1 
405 229 47 20 0.08260446786880493 4 -1 -1 
525 168 24 19 0.08219300955533981 4 -1 -1 
352 203 36 14 0.08140723407268524 4 -1 -1 
375 152 66 31 0.08117444813251495 6 -1 -1 
521 88 33 15 0.08075544238090515 6 -1 -1 
366 192 39 20 0.0805453434586525 6 -1 -1 
324 326 122 99 0.07995590567588806 6 -1 -1 
661 87 30 19 0.07967843115329742 6 -1 -1 
308 432 100 97 0.07957368344068527 5 -1 -1 
527 88 29 16 0.07944577932357788 4 -1 -1 
414 233 40 21 0.07897055894136429 4 -1 -1 
706 182 25 35 0.07890585064888 8 -1 -1 
490 177 34 15 0.07880634069442749 4 -1 -1 
370 156 67 29 0.07823874801397324 5 -1 -1 
475 133 30 29 0.07818324118852615 6 -1 -1 
301 258 102 76 0.07769901305437088 6 -1 -1 
508 158 30 17 0.07605374604463577 4 -1 -1 
704 206 26 13 0.0751505121588707 9 -1 -1 
459 201 34 19 0.07506727427244186 7 -1 -1 
357 196 35 18 0.07456683367490768 4 -1 -1 
468 205 37 17 0.07451728731393814 9 -1 -1 
448 229 43 20 0.07449409365653992 4 -1 -1 
698 82 28 25 0.07447336614131927 6 -1 -1 
462 148 19 30 0.07442367076873779 1 -1 -1 
463 202 31 18 0.07415086776018143 6 -1 -1 
387 236 32 33 0.07375843077898026 4 -1 -1 
720 86 29 18 0.07326299697160721 5 -1 -1 
325 345 109 106 0.07262054085731506 6 -1 -1 
310 455 95 75 0.07247963547706604 9 -1 -1 
317 375 100 146 0.07238558679819107 3 -1 -1 
1297 417 56 32 0.07148145884275436 9 -1 -1 
304 282 121 67 0.07134642452001572 6 -1 -1 
384 231 61 28 0.0712062269449234 9 -1 -1 
691 118 39 21 0.07068926095962524 6 -1 -1 
471 193 36 22 0.06996256113052368 6 -1 -1 
462 147 19 29 0.0689375028014183 2 -1 -1 
395 253 48 21 0.0687534362077713 5 -1 -1 
529 169 26 18 0.06778120249509811 6 -1 -1 
357 196 35 18 0.06758388131856918 6 -1 -1 
403 261 41 18 0.06719553470611572 1 -1 -1 
224 385 168 117 0.06715131551027298 6 -1 -1 
504 229 20 21 0.06671146303415298 6 -1 -1 
351 207 31 16 0.06646016240119934 6 -1 -1 
516 172 31 17 0.06585358828306198 6 -1 -1 
194 370 186 196 0.06433595716953278 6 -1 -1 
200 536 205 201 0.06105396896600723 6 -1 -1 
396 236 76 37 0.05833103880286217 6 -1 -1 
371 161 64 28 0.05793964862823486 6 -1 -1 
425 241 58 33 0.05395900085568428 4 -1 -1 
369 157 67 29 0.05243203043937683 9 -1 -1 
382 239 63 40 0.05057252198457718 8 -1 -1 
