828 547 116 63 0.9853079915046692 5 -1 -1 
683 540 112 79 0.9641607403755188 5 -1 -1 
725 635 122 95 0.9426577687263489 4 -1 -1 
780 497 117 52 0.9298926591873169 4 -1 -1 
724 280 40 58 0.9285486936569214 4 -1 -1 
227 183 80 37 0.9214706420898438 4 -1 -1 
786 327 54 28 0.9011068940162659 7 -1 -1 
318 184 59 43 0.8991406559944153 4 -1 -1 
409 410 60 95 0.8990516066551208 5 -1 -1 
363 153 62 44 0.8915178775787354 4 -1 -1 
660 305 15 31 0.8881181478500366 1 -1 -1 
722 227 81 43 0.8793829679489136 4 -1 -1 
112 227 102 64 0.8755176663398743 5 -1 -1 
355 528 109 100 0.8724085688591003 4 -1 -1 
680 408 48 76 0.8693867921829224 4 -1 -1 
775 324 13 33 0.8651853799819946 1 -1 -1 
850 335 63 41 0.8640385270118713 7 -1 -1 
885 611 54 102 0.8629608750343323 8 -1 -1 
620 281 13 33 0.860862135887146 1 -1 -1 
586 670 64 93 0.8599605560302734 4 -1 -1 
422 338 64 79 0.8578518629074097 4 -1 -1 
137 172 86 40 0.8414506912231445 4 -1 -1 
274 633 136 107 0.8397056460380554 4 -1 -1 
508 368 13 32 0.8317071199417114 1 -1 -1 
630 295 14 32 0.8289403915405273 1 -1 -1 
1216 214 19 34 0.8251847624778748 1 -1 -1 
746 36 28 28 0.8244114518165588 4 -1 -1 
763 142 34 37 0.822960376739502 4 -1 -1 
717 133 32 45 0.8185005784034729 4 -1 -1 
462 234 48 56 0.8107209801673889 4 -1 -1 
737 75 68 29 0.8103085160255432 4 -1 -1 
709 24 29 27 0.8103007674217224 4 -1 -1 
498 202 12 30 0.809166669845581 1 -1 -1 
744 4 29 31 0.8023130297660828 4 -1 -1 
833 252 24 22 0.8008421063423157 10 -1 -1 
1113 10 13 23 0.7974923253059387 1 -1 -1 
760 390 11 30 0.7956811189651489 1 -1 -1 
831 278 27 25 0.793462872505188 10 -1 -1 
186 294 100 64 0.7850837707519531 4 -1 -1 
1138 425 17 32 0.7817265391349792 1 -1 -1 
1164 401 42 25 0.7777467370033264 10 -1 -1 
664 24 28 30 0.7773288488388062 4 -1 -1 
1100 78 12 25 0.7722931504249573 1 -1 -1 
487 201 11 31 0.7667374610900879 1 -1 -1 
1040 25 10 24 0.7598544955253601 1 -1 -1 
1098 411 20 34 0.7588299512863159 1 -1 -1 
830 334 14 32 0.7558289170265198 1 -1 -1 
728 97 11 25 0.7479795813560486 1 -1 -1 
920 361 32 48 0.7429110407829285 7 -1 -1 
353 106 10 25 0.7403330206871033 1 -1 -1 
713 215 15 30 0.7366375923156738 1 -1 -1 
143 255 94 54 0.7357000708580017 4 -1 -1 
678 351 26 29 0.7331352233886719 3 -1 -1 
502 357 10 31 0.7279588580131531 1 -1 -1 
501 50 57 29 0.7259520292282104 4 -1 -1 
1201 90 14 24 0.7153568863868713 1 -1 -1 
742 100 11 27 0.7136418223381042 1 -1 -1 
1087 401 25 32 0.7054637670516968 1 -1 -1 
521 275 13 32 0.7035819888114929 1 -1 -1 
828 547 142 37 0.7013210654258728 5 -1 -1 
502 698 59 67 0.6991597414016724 4 -1 -1 
1130 383 39 26 0.6967816948890686 10 -1 -1 
866 651 20 49 0.6931939125061035 10 -1 -1 
1014 413 16 18 0.6878404021263123 2 -1 -1 
754 91 32 40 0.6825650334358215 4 -1 -1 
1053 458 17 40 0.6752079129219055 1 -1 -1 
1115 68 11 28 0.6630412936210632 1 -1 -1 
987 416 21 24 0.657932698726654 2 -1 -1 
753 140 10 28 0.6513128876686096 1 -1 -1 
179 205 15 29 0.6497067213058472 1 -1 -1 
275 473 116 55 0.6494206190109253 4 -1 -1 
816 247 25 21 0.6475203633308411 10 -1 -1 
1283 332 16 28 0.6465312838554382 1 -1 -1 
855 406 36 25 0.6373583078384399 10 -1 -1 
554 0 27 18 0.6241817474365234 4 -1 -1 
754 707 123 57 0.6226053833961487 4 -1 -1 
850 333 64 43 0.6068277955055237 8 -1 -1 
848 373 65 50 0.6045714020729065 8 -1 -1 
646 362 19 35 0.5978954434394836 10 -1 -1 
684 343 15 27 0.5906549692153931 2 -1 -1 
850 409 12 29 0.5877383351325989 1 -1 -1 
954 479 15 29 0.5877209305763245 1 -1 -1 
228 530 128 64 0.5844805240631104 4 -1 -1 
158 278 93 59 0.5792162418365479 5 -1 -1 
356 265 67 78 0.5736470818519592 4 -1 -1 
1217 411 17 27 0.5710384249687195 2 -1 -1 
1300 341 14 22 0.5674546957015991 2 -1 -1 
945 444 21 33 0.5647759437561035 10 -1 -1 
718 194 10 25 0.5585027933120728 1 -1 -1 
1187 703 25 31 0.5574575662612915 2 -1 -1 
1200 25 11 26 0.5573773980140686 1 -1 -1 
1187 48 14 26 0.557246208190918 1 -1 -1 
364 140 10 23 0.5547128915786743 1 -1 -1 
1172 18 12 22 0.5469774007797241 1 -1 -1 
335 143 10 22 0.543917179107666 1 -1 -1 
759 177 50 46 0.5401201844215393 4 -1 -1 
808 443 117 57 0.5398379564285278 4 -1 -1 
1317 344 15 17 0.5350690484046936 2 -1 -1 
1001 446 15 31 0.5343999862670898 1 -1 -1 
1006 488 13 23 0.5194878578186035 1 -1 -1 
519 181 15 29 0.5087855458259583 2 -1 -1 
1194 22 11 25 0.5040295720100403 1 -1 -1 
335 103 24 20 0.5038033127784729 10 -1 -1 
808 443 117 57 0.5025543570518494 5 -1 -1 
346 286 19 32 0.5002140998840332 1 -1 -1 
759 176 50 47 0.49988988041877747 5 -1 -1 
1188 703 24 29 0.499149352312088 1 -1 -1 
316 98 12 26 0.4937422573566437 1 -1 -1 
950 444 26 33 0.49251845479011536 10 -1 -1 
706 187 11 26 0.4913191497325897 1 -1 -1 
922 522 22 38 0.49070873856544495 1 -1 -1 
834 432 29 25 0.48993372917175293 10 -1 -1 
1334 348 13 18 0.48960763216018677 2 -1 -1 
1003 404 15 17 0.4878544807434082 2 -1 -1 
706 190 11 26 0.4828530550003052 3 -1 -1 
1006 447 13 31 0.4824012219905853 1 -1 -1 
1194 729 30 33 0.48070427775382996 1 -1 -1 
1192 728 32 31 0.4758943021297455 2 -1 -1 
1121 360 9 19 0.4746505320072174 1 -1 -1 
331 26 7 14 0.47408178448677063 2 -1 -1 
490 296 19 36 0.47039079666137695 10 -1 -1 
677 343 10 27 0.4665360748767853 1 -1 -1 
345 282 24 34 0.4621973931789398 10 -1 -1 
706 187 10 24 0.4612918496131897 2 -1 -1 
679 343 15 26 0.46127647161483765 2 -1 -1 
1006 478 14 31 0.4595714509487152 1 -1 -1 
313 26 11 15 0.45648854970932007 2 -1 -1 
1106 411 14 34 0.4546170234680176 1 -1 -1 
1196 23 12 27 0.4528014063835144 1 -1 -1 
920 362 32 47 0.4520782232284546 8 -1 -1 
647 361 17 28 0.45184868574142456 2 -1 -1 
155 275 95 57 0.4468114972114563 4 -1 -1 
46 169 68 34 0.4460912346839905 4 -1 -1 
831 278 26 25 0.44525066018104553 3 -1 -1 
1098 401 16 31 0.44413337111473083 1 -1 -1 
1014 575 20 24 0.4424436092376709 2 -1 -1 
521 181 14 29 0.4397750198841095 1 -1 -1 
258 69 26 22 0.4358203709125519 10 -1 -1 
490 296 19 37 0.4349452555179596 7 -1 -1 
1301 350 14 28 0.43485522270202637 1 -1 -1 
204 77 52 30 0.4343757927417755 7 -1 -1 
1175 17 12 23 0.4343407154083252 1 -1 -1 
337 27 10 13 0.4341569244861603 2 -1 -1 
1000 466 15 23 0.43357187509536743 2 -1 -1 
1299 345 16 23 0.4271584153175354 10 -1 -1 
518 189 14 24 0.4260147213935852 3 -1 -1 
1208 418 20 26 0.4234449565410614 7 -1 -1 
1276 309 15 28 0.42112839221954346 1 -1 -1 
1181 15 10 22 0.41898736357688904 1 -1 -1 
350 278 18 36 0.41425445675849915 1 -1 -1 
315 98 13 26 0.4118329882621765 2 -1 -1 
929 499 16 36 0.4087487757205963 1 -1 -1 
885 611 53 102 0.4081191420555115 7 -1 -1 
166 285 101 62 0.4063376784324646 4 -1 -1 
518 191 13 23 0.4042987823486328 10 -1 -1 
1218 411 16 30 0.4014969766139984 1 -1 -1 
1118 68 9 21 0.39696645736694336 1 -1 -1 
1343 329 15 17 0.39690643548965454 2 -1 -1 
718 194 10 24 0.39672818779945374 2 -1 -1 
683 344 20 32 0.3961273431777954 3 -1 -1 
146 262 99 57 0.3961232900619507 5 -1 -1 
1208 417 24 27 0.3939463198184967 10 -1 -1 
409 410 60 95 0.38869497179985046 4 -1 -1 
124 240 100 63 0.33270183205604553 4 -1 -1 
356 265 66 77 0.3231164216995239 5 -1 -1 
842 436 105 37 0.30985090136528015 4 -1 -1 
124 240 100 63 0.2973097562789917 5 -1 -1 
112 226 102 67 0.2844296395778656 4 -1 -1 
185 292 100 67 0.28429779410362244 5 -1 -1 
586 670 65 93 0.27477937936782837 10 -1 -1 
1181 333 35 27 0.25741997361183167 7 -1 -1 
26 163 90 43 0.25342634320259094 4 -1 -1 
787 329 52 26 0.2533385157585144 8 -1 -1 
310 337 91 93 0.24376928806304932 6 -1 -1 
310 339 90 93 0.24283219873905182 5 -1 -1 
169 288 91 61 0.24054542183876038 5 -1 -1 
139 253 95 54 0.23544976115226746 5 -1 -1 
828 547 116 63 0.23369933664798737 8 -1 -1 
817 438 128 45 0.21409651637077332 5 -1 -1 
828 547 115 63 0.20983736217021942 4 -1 -1 
310 339 90 93 0.20888134837150574 4 -1 -1 
753 707 123 56 0.1991077959537506 5 -1 -1 
489 287 20 46 0.19257448613643646 3 -1 -1 
502 698 60 67 0.19213810563087463 5 -1 -1 
828 547 116 63 0.19082869589328766 10 -1 -1 
826 546 146 37 0.187088742852211 4 -1 -1 
786 327 54 28 0.18652084469795227 3 -1 -1 
141 283 93 62 0.17809468507766724 4 -1 -1 
5 148 109 57 0.17777690291404724 4 -1 -1 
135 84 122 50 0.17774981260299683 6 -1 -1 
1181 333 35 27 0.1727423071861267 8 -1 -1 
489 287 20 46 0.1725056916475296 8 -1 -1 
839 435 107 36 0.17119626700878143 5 -1 -1 
1092 401 28 41 0.16864874958992004 1 -1 -1 
307 338 92 93 0.16093716025352478 8 -1 -1 
273 632 139 109 0.16092577576637268 5 -1 -1 
185 520 173 84 0.160355806350708 4 -1 -1 
136 172 88 41 0.15910769999027252 5 -1 -1 
119 134 108 40 0.15543115139007568 6 -1 -1 
28 167 89 40 0.1489800065755844 5 -1 -1 
827 547 123 63 0.14880886673927307 6 -1 -1 
586 671 64 93 0.14313513040542603 1 -1 -1 
828 547 116 63 0.1412135660648346 7 -1 -1 
722 227 82 43 0.13979074358940125 5 -1 -1 
422 338 64 78 0.1379852294921875 5 -1 -1 
355 264 67 78 0.13751979172229767 6 -1 -1 
192 86 87 46 0.13749480247497559 8 -1 -1 
1130 383 39 26 0.1370166689157486 4 -1 -1 
786 327 54 28 0.13685527443885803 2 -1 -1 
144 76 110 44 0.1353280395269394 6 -1 -1 
808 443 117 57 0.13406656682491302 6 -1 -1 
200 85 87 44 0.13270799815654755 7 -1 -1 
190 74 91 47 0.13181637227535248 7 -1 -1 
141 283 93 62 0.13148261606693268 5 -1 -1 
819 246 40 26 0.13147136569023132 10 -1 -1 
160 274 91 63 0.12816213071346283 8 -1 -1 
120 91 134 74 0.1264732927083969 6 -1 -1 
876 718 76 48 0.12241139262914658 7 -1 -1 
502 697 60 67 0.12186647951602936 1 -1 -1 
502 697 60 68 0.12038042396306992 9 -1 -1 
680 407 49 77 0.12028490751981735 1 -1 -1 
680 407 49 77 0.1201181560754776 5 -1 -1 
158 76 98 45 0.12011541426181793 7 -1 -1 
644 360 23 38 0.11963354051113129 3 -1 -1 
725 635 121 95 0.11941907554864883 5 -1 -1 
725 635 122 95 0.11922166496515274 9 -1 -1 
848 372 66 56 0.11652301996946335 7 -1 -1 
148 85 110 48 0.11644396185874939 8 -1 -1 
828 547 116 63 0.11539508402347565 2 -1 -1 
815 242 35 28 0.11328525096178055 10 -1 -1 
121 144 102 37 0.11258652061223984 9 -1 -1 
824 547 147 36 0.11230947822332382 6 -1 -1 
173 560 159 111 0.11091072112321854 4 -1 -1 
128 290 79 57 0.10985003411769867 4 -1 -1 
168 529 169 105 0.1088661476969719 4 -1 -1 
1205 412 31 34 0.1083119735121727 3 -1 -1 
5 148 109 57 0.10766185820102692 5 -1 -1 
885 611 54 102 0.1068444773554802 3 -1 -1 
160 274 91 63 0.10602854937314987 6 -1 -1 
885 611 54 102 0.10571668297052383 2 -1 -1 
291 350 93 85 0.10531017929315567 4 -1 -1 
121 117 137 57 0.10498504340648651 6 -1 -1 
171 85 92 47 0.10468319803476334 7 -1 -1 
886 611 53 102 0.10441425442695618 10 -1 -1 
884 611 55 101 0.10376404970884323 1 -1 -1 
877 718 73 48 0.10261653363704681 8 -1 -1 
179 605 151 102 0.10225595533847809 4 -1 -1 
827 547 123 63 0.1011546328663826 9 -1 -1 
885 611 54 102 0.10066350549459457 5 -1 -1 
1130 383 40 26 0.10064026713371277 3 -1 -1 
1277 322 27 39 0.1004791110754013 1 -1 -1 
171 79 94 48 0.09861975163221359 8 -1 -1 
38 138 83 59 0.09727311134338379 4 -1 -1 
146 262 99 57 0.09658939391374588 8 -1 -1 
12 169 97 49 0.0953565165400505 4 -1 -1 
664 23 29 32 0.09410294145345688 5 -1 -1 
291 350 93 85 0.09385219216346741 5 -1 -1 
502 697 60 67 0.09349139034748077 10 -1 -1 
