623 219 65 59 0.9829764366149902 5 -1 -1 
275 649 33 68 0.97260981798172 3 -1 -1 
140 0 19 24 0.9520471096038818 6 -1 -1 
508 403 90 102 0.9491409063339233 4 -1 -1 
392 165 52 51 0.942947506904602 4 -1 -1 
660 390 88 89 0.9385822415351868 4 -1 -1 
100 220 54 51 0.9296335577964783 4 -1 -1 
6 174 17 38 0.9027007222175598 1 -1 -1 
118 408 68 96 0.886471152305603 4 -1 -1 
191 456 22 49 0.8845794796943665 1 -1 -1 
391 54 40 31 0.8739408850669861 4 -1 -1 
101 126 43 44 0.8693841695785522 4 -1 -1 
213 450 20 52 0.843222975730896 1 -1 -1 
823 280 16 42 0.8017365336418152 1 -1 -1 
298 52 34 32 0.7668145298957825 4 -1 -1 
66 181 15 39 0.725074827671051 1 -1 -1 
106 494 85 130 0.7065092921257019 5 -1 -1 
275 637 31 54 0.673786461353302 2 -1 -1 
82 148 15 30 0.6617068648338318 1 -1 -1 
1172 291 23 26 0.5579808354377747 2 -1 -1 
226 0 11 14 0.5244284272193909 2 -1 -1 
227 0 11 22 0.5156540274620056 10 -1 -1 
1172 291 23 26 0.4405565857887268 1 -1 -1 
209 451 17 53 0.4298628270626068 1 -1 -1 
248 274 20 15 0.40930166840553284 3 -1 -1 
248 273 19 16 0.38064709305763245 10 -1 -1 
229 5 10 18 0.34029918909072876 10 -1 -1 
192 0 22 12 0.3205692768096924 4 -1 -1 
213 450 14 31 0.3155985474586487 1 -1 -1 
200 452 24 53 0.315449595451355 1 -1 -1 
140 0 19 24 0.31257423758506775 5 -1 -1 
227 1 11 19 0.296617716550827 2 -1 -1 
100 493 92 134 0.29051992297172546 4 -1 -1 
277 651 27 46 0.27255144715309143 2 -1 -1 
275 649 33 68 0.24573256075382233 7 -1 -1 
298 52 35 33 0.2395542711019516 5 -1 -1 
191 457 23 48 0.23735107481479645 4 -1 -1 
275 637 31 54 0.23053783178329468 1 -1 -1 
227 1 11 21 0.21612364053726196 3 -1 -1 
623 219 65 59 0.20438627898693085 8 -1 -1 
141 0 18 23 0.201808899641037 8 -1 -1 
623 219 65 59 0.2014435976743698 4 -1 -1 
76 45 17 18 0.20138579607009888 4 -1 -1 
286 639 22 44 0.20094183087348938 2 -1 -1 
24 0 27 15 0.20087328553199768 4 -1 -1 
78 152 17 32 0.19203510880470276 1 -1 -1 
227 0 11 18 0.1861402690410614 1 -1 -1 
273 639 32 61 0.1812741607427597 3 -1 -1 
294 269 24 13 0.18104562163352966 10 -1 -1 
1172 291 23 26 0.1785585880279541 3 -1 -1 
623 219 65 59 0.17582201957702637 10 -1 -1 
214 449 18 30 0.17235572636127472 2 -1 -1 
250 272 26 18 0.164504274725914 3 -1 -1 
193 456 21 37 0.1637537181377411 2 -1 -1 
0 158 16 19 0.16165997087955475 3 -1 -1 
102 126 41 44 0.16075491905212402 5 -1 -1 
226 0 11 16 0.16063815355300903 10 -1 -1 
1172 291 23 26 0.15737801790237427 10 -1 -1 
1275 637 21 28 0.15441636741161346 2 -1 -1 
57 41 36 22 0.14949268102645874 4 -1 -1 
1275 637 20 28 0.14804522693157196 1 -1 -1 
192 456 22 49 0.14720992743968964 10 -1 -1 
141 0 18 23 0.14609071612358093 9 -1 -1 
623 219 65 58 0.14296990633010864 6 -1 -1 
5 174 18 38 0.14196257293224335 4 -1 -1 
70 182 16 39 0.1414082795381546 1 -1 -1 
275 649 33 68 0.14102515578269958 4 -1 -1 
192 456 22 49 0.1375996470451355 3 -1 -1 
623 219 65 58 0.1367698460817337 2 -1 -1 
229 0 9 15 0.13275428116321564 10 -1 -1 
213 449 20 53 0.13199685513973236 2 -1 -1 
81 135 17 43 0.13187120854854584 1 -1 -1 
623 219 65 58 0.13169895112514496 7 -1 -1 
273 638 24 44 0.13168254494667053 2 -1 -1 
232 0 6 12 0.13121777772903442 2 -1 -1 
229 0 9 10 0.12942540645599365 2 -1 -1 
277 654 25 50 0.12917430698871613 3 -1 -1 
1272 412 24 40 0.12632186710834503 1 -1 -1 
507 403 91 102 0.12573760747909546 9 -1 -1 
392 165 52 51 0.12043506652116776 1 -1 -1 
817 279 20 38 0.12012802064418793 1 -1 -1 
825 280 15 29 0.11953543871641159 1 -1 -1 
661 390 87 89 0.11651837080717087 5 -1 -1 
142 0 17 23 0.11498378217220306 4 -1 -1 
508 402 89 103 0.11403150111436844 1 -1 -1 
661 390 87 89 0.11339978128671646 9 -1 -1 
105 493 85 132 0.11302036046981812 6 -1 -1 
192 0 35 14 0.11274507641792297 4 -1 -1 
70 37 23 26 0.1094219833612442 4 -1 -1 
254 271 12 15 0.10934498906135559 2 -1 -1 
250 271 17 17 0.10890063643455505 2 -1 -1 
206 450 20 30 0.10889895260334015 1 -1 -1 
213 450 20 52 0.10798165947198868 4 -1 -1 
6 174 13 29 0.10794710367918015 1 -1 -1 
46 6 39 18 0.1077091246843338 4 -1 -1 
823 280 15 27 0.10718957334756851 2 -1 -1 
118 409 68 94 0.10666471719741821 5 -1 -1 
275 649 33 68 0.10541392117738724 8 -1 -1 
622 219 66 58 0.10466036945581436 9 -1 -1 
48 498 141 133 0.10436795651912689 4 -1 -1 
0 159 10 15 0.10330192744731903 2 -1 -1 
189 0 25 19 0.10283377766609192 4 -1 -1 
281 651 25 50 0.10080835223197937 10 -1 -1 
509 403 87 102 0.10076417773962021 7 -1 -1 
225 0 11 14 0.10011846572160721 1 -1 -1 
392 165 52 51 0.09881241619586945 9 -1 -1 
100 220 54 51 0.09851258993148804 1 -1 -1 
275 649 33 68 0.09802542626857758 10 -1 -1 
509 403 87 102 0.0976983979344368 10 -1 -1 
823 280 16 42 0.0964529886841774 4 -1 -1 
141 0 17 23 0.09627338498830795 7 -1 -1 
105 493 85 132 0.09532161802053452 9 -1 -1 
661 390 87 89 0.0949157178401947 10 -1 -1 
298 51 34 34 0.09439221024513245 6 -1 -1 
1181 292 14 20 0.09432800859212875 2 -1 -1 
227 0 11 22 0.09405464679002762 4 -1 -1 
233 1 7 14 0.09235650300979614 2 -1 -1 
254 271 12 15 0.09222929179668427 3 -1 -1 
212 450 21 52 0.09215051680803299 10 -1 -1 
63 29 30 34 0.09164322912693024 4 -1 -1 
59 172 21 47 0.09148576855659485 1 -1 -1 
391 54 40 31 0.09116584807634354 5 -1 -1 
231 10 8 13 0.09059517085552216 10 -1 -1 
661 390 87 89 0.0903628021478653 1 -1 -1 
253 277 18 14 0.09001275151968002 3 -1 -1 
39 7 47 23 0.0899350643157959 4 -1 -1 
279 636 24 40 0.08865825086832047 2 -1 -1 
100 219 54 51 0.08816799521446228 5 -1 -1 
55 494 131 135 0.08781148493289948 5 -1 -1 
140 0 19 24 0.08769040554761887 2 -1 -1 
509 403 88 102 0.08760558068752289 5 -1 -1 
82 148 15 30 0.08757391571998596 2 -1 -1 
661 390 87 89 0.08754141628742218 7 -1 -1 
68 184 12 35 0.08736281096935272 2 -1 -1 
391 54 40 31 0.08646614104509354 1 -1 -1 
118 408 68 96 0.08640150725841522 1 -1 -1 
822 280 17 42 0.08598660677671432 2 -1 -1 
81 150 11 25 0.0857381671667099 1 -1 -1 
102 126 42 44 0.08516880869865417 1 -1 -1 
284 654 24 55 0.08482582867145538 3 -1 -1 
231 2 9 19 0.0844552144408226 10 -1 -1 
1276 638 24 37 0.08415587246417999 1 -1 -1 
1273 634 21 25 0.08415386080741882 2 -1 -1 
291 269 26 12 0.08367809653282166 3 -1 -1 
193 454 17 27 0.08360086381435394 2 -1 -1 
648 6 5 14 0.08312685042619705 1 -1 -1 
69 43 24 20 0.08311828970909119 8 -1 -1 
824 295 16 29 0.08299881219863892 1 -1 -1 
67 196 13 24 0.08257829397916794 1 -1 -1 
190 454 26 51 0.08246675133705139 9 -1 -1 
191 0 23 11 0.0818118155002594 5 -1 -1 
5 174 18 39 0.08158300817012787 2 -1 -1 
509 403 87 102 0.08156777173280716 6 -1 -1 
68 42 25 21 0.08145443350076675 7 -1 -1 
141 0 17 23 0.08132731169462204 1 -1 -1 
198 452 18 30 0.08118924498558044 1 -1 -1 
55 494 131 135 0.08099111914634705 6 -1 -1 
298 52 34 33 0.08089835196733475 1 -1 -1 
284 640 24 47 0.07886773347854614 1 -1 -1 
53 41 40 23 0.07852941006422043 5 -1 -1 
77 156 16 36 0.07813753187656403 1 -1 -1 
61 193 19 29 0.0778641477227211 1 -1 -1 
283 656 38 63 0.07768213748931885 9 -1 -1 
190 455 19 33 0.07753206044435501 1 -1 -1 
223 0 14 20 0.07706645131111145 3 -1 -1 
687 34 6 14 0.07642030715942383 1 -1 -1 
5 175 11 34 0.07439196109771729 1 -1 -1 
206 450 20 30 0.07435431331396103 2 -1 -1 
303 269 16 12 0.07428101450204849 10 -1 -1 
392 165 52 51 0.07412777841091156 10 -1 -1 
77 144 19 33 0.07392298430204391 1 -1 -1 
88 142 14 35 0.07373958826065063 1 -1 -1 
188 453 19 26 0.07368578761816025 1 -1 -1 
87 151 11 26 0.07348480075597763 1 -1 -1 
227 1 11 21 0.07343113422393799 7 -1 -1 
1172 291 23 26 0.07323937863111496 7 -1 -1 
38 35 55 30 0.07319644838571548 4 -1 -1 
294 269 23 12 0.07200795412063599 7 -1 -1 
577 4 6 14 0.07199516147375107 1 -1 -1 
100 135 15 36 0.07186872512102127 4 -1 -1 
392 165 52 51 0.07175354659557343 5 -1 -1 
257 273 14 16 0.07104502618312836 3 -1 -1 
1272 412 24 40 0.07096681743860245 2 -1 -1 
392 165 52 51 0.07042215764522552 7 -1 -1 
623 219 65 58 0.07028277963399887 3 -1 -1 
66 181 15 39 0.06875000149011612 4 -1 -1 
70 45 23 19 0.06855303794145584 5 -1 -1 
24 0 27 15 0.0684351921081543 5 -1 -1 
192 0 30 14 0.0683102086186409 5 -1 -1 
273 639 32 61 0.06664472073316574 10 -1 -1 
247 273 23 17 0.06630399078130722 7 -1 -1 
33 496 149 133 0.06600937247276306 9 -1 -1 
867 115 55 30 0.06593207269906998 4 -1 -1 
100 220 54 51 0.06557940691709518 9 -1 -1 
66 36 27 27 0.06526003032922745 5 -1 -1 
623 219 65 58 0.06501337140798569 1 -1 -1 
96 127 20 36 0.06446214020252228 4 -1 -1 
61 47 32 22 0.06412386894226074 4 -1 -1 
67 170 18 48 0.0639549270272255 1 -1 -1 
42 7 44 22 0.06394769251346588 5 -1 -1 
284 641 29 58 0.06350378692150116 3 -1 -1 
61 35 32 28 0.06328850984573364 8 -1 -1 
284 641 29 58 0.06304774433374405 2 -1 -1 
248 268 24 20 0.06179388612508774 3 -1 -1 
54 6 36 26 0.061001017689704895 4 -1 -1 
392 165 52 51 0.06082412227988243 6 -1 -1 
285 267 33 15 0.06071943789720535 9 -1 -1 
82 148 15 30 0.06032232567667961 4 -1 -1 
0 158 16 31 0.06000235676765442 3 -1 -1 
12 174 16 39 0.059929437935352325 1 -1 -1 
100 220 54 50 0.05982470139861107 10 -1 -1 
269 652 35 66 0.05963509902358055 9 -1 -1 
24 0 27 15 0.05912455543875694 9 -1 -1 
661 390 87 89 0.059121329337358475 6 -1 -1 
250 272 26 18 0.058725159615278244 10 -1 -1 
118 409 68 94 0.05872124433517456 9 -1 -1 
290 647 36 65 0.05811164155602455 9 -1 -1 
140 0 19 24 0.05775509029626846 10 -1 -1 
102 126 42 44 0.057034898549318314 6 -1 -1 
269 640 31 60 0.05625973269343376 2 -1 -1 
54 183 20 37 0.05542762205004692 1 -1 -1 
140 0 19 24 0.05473677068948746 3 -1 -1 
40 33 54 30 0.05283582583069801 5 -1 -1 
660 390 88 89 0.05178792402148247 8 -1 -1 
