850 385 100 52 0.940365731716156 4 -1 -1 
1105 655 126 75 0.9362636804580688 4 -1 -1 
559 406 104 55 0.9308735728263855 4 -1 -1 
717 694 141 87 0.9297154545783997 4 -1 -1 
856 868 160 111 0.9280117154121399 4 -1 -1 
1006 559 125 72 0.9247686862945557 4 -1 -1 
826 343 83 53 0.9207796454429626 5 -1 -1 
924 931 145 109 0.90776526927948 4 -1 -1 
1155 707 136 83 0.9072574973106384 4 -1 -1 
905 437 105 54 0.904579222202301 4 -1 -1 
583 430 110 56 0.8935620784759521 4 -1 -1 
794 455 73 66 0.8880823254585266 4 -1 -1 
804 822 154 103 0.8793489933013916 4 -1 -1 
592 133 75 32 0.8767847418785095 4 -1 -1 
693 657 142 76 0.8737379908561707 4 -1 -1 
753 533 79 82 0.867216169834137 4 -1 -1 
944 494 110 63 0.862326443195343 4 -1 -1 
1732 744 21 41 0.8455670475959778 1 -1 -1 
714 247 77 32 0.838964581489563 4 -1 -1 
604 455 104 60 0.8350637555122375 4 -1 -1 
599 497 112 70 0.8338462710380554 4 -1 -1 
796 318 90 52 0.8291643857955933 4 -1 -1 
1207 772 144 101 0.828369677066803 4 -1 -1 
993 531 100 58 0.8264877796173096 4 -1 -1 
562 72 39 30 0.8257370591163635 4 -1 -1 
1056 602 131 70 0.8186496496200562 4 -1 -1 
629 170 77 38 0.8179474472999573 4 -1 -1 
827 605 21 39 0.8048166632652283 1 -1 -1 
1033 82 23 19 0.7867927551269531 3 -1 -1 
1264 841 139 110 0.7858642339706421 4 -1 -1 
610 151 78 34 0.7791579961776733 4 -1 -1 
1057 94 10 26 0.7746942043304443 1 -1 -1 
680 216 75 35 0.7745599150657654 4 -1 -1 
809 101 9 25 0.7731250524520874 1 -1 -1 
1014 76 14 17 0.769051730632782 10 -1 -1 
817 104 9 24 0.7682816386222839 1 -1 -1 
545 366 105 53 0.762715756893158 4 -1 -1 
714 265 93 41 0.7577335834503174 4 -1 -1 
649 184 78 35 0.7559162974357605 4 -1 -1 
696 230 81 40 0.7529139518737793 4 -1 -1 
1115 138 22 18 0.7500715255737305 10 -1 -1 
741 285 86 40 0.7459626197814941 4 -1 -1 
519 63 12 25 0.7447183728218079 1 -1 -1 
899 150 9 24 0.7424428462982178 1 -1 -1 
1755 725 32 42 0.7378059029579163 1 -1 -1 
1120 131 14 21 0.7356648445129395 2 -1 -1 
569 217 14 25 0.7318941950798035 2 -1 -1 
858 73 9 27 0.7236249446868896 1 -1 -1 
636 1038 57 38 0.7215718030929565 10 -1 -1 
1467 818 28 51 0.719463586807251 10 -1 -1 
654 550 32 36 0.7187061905860901 10 -1 -1 
1567 765 26 47 0.7179520726203918 10 -1 -1 
964 66 9 27 0.7058207988739014 1 -1 -1 
994 1010 141 69 0.7032946944236755 4 -1 -1 
1754 765 24 43 0.701685905456543 1 -1 -1 
1025 15 10 25 0.6949415802955627 1 -1 -1 
1789 601 24 42 0.6878092288970947 1 -1 -1 
569 224 15 27 0.6873573660850525 10 -1 -1 
833 97 8 24 0.6688539981842041 1 -1 -1 
1546 1026 29 37 0.6623959541320801 2 -1 -1 
891 161 6 15 0.6496970653533936 1 -1 -1 
848 91 11 16 0.6422613859176636 3 -1 -1 
782 195 11 30 0.6394814252853394 1 -1 -1 
1548 995 26 34 0.6355603337287903 2 -1 -1 
1204 134 11 30 0.6329686045646667 1 -1 -1 
667 638 19 43 0.6322709321975708 1 -1 -1 
567 125 11 28 0.6298604011535645 1 -1 -1 
757 293 99 58 0.6177467703819275 4 -1 -1 
804 254 17 30 0.615050196647644 1 -1 -1 
603 114 40 27 0.6106305122375488 4 -1 -1 
1313 1001 54 55 0.608521580696106 10 -1 -1 
1744 763 20 39 0.6071752309799194 1 -1 -1 
959 29 10 21 0.6050621867179871 1 -1 -1 
1085 82 10 26 0.5990420579910278 1 -1 -1 
581 171 14 24 0.5986649990081787 10 -1 -1 
863 289 12 30 0.5878433585166931 1 -1 -1 
547 138 13 24 0.5866897106170654 10 -1 -1 
582 167 12 24 0.5804356336593628 2 -1 -1 
476 254 78 43 0.5766857266426086 4 -1 -1 
590 261 48 50 0.5739115476608276 4 -1 -1 
672 198 64 34 0.5713344812393188 4 -1 -1 
547 135 12 18 0.5706012845039368 2 -1 -1 
990 51 9 24 0.5699230432510376 1 -1 -1 
703 520 25 61 0.5645127296447754 1 -1 -1 
843 100 7 18 0.5625776648521423 1 -1 -1 
1167 155 13 24 0.5611469149589539 10 -1 -1 
1749 764 23 40 0.5461146235466003 1 -1 -1 
1192 612 25 33 0.5403008460998535 2 -1 -1 
1167 148 12 23 0.5353237390518188 2 -1 -1 
1761 672 27 33 0.5307561159133911 2 -1 -1 
799 163 10 32 0.5281870365142822 1 -1 -1 
847 82 10 21 0.5267951488494873 1 -1 -1 
756 293 100 57 0.521280825138092 5 -1 -1 
800 163 14 35 0.5086694359779358 1 -1 -1 
1749 681 35 35 0.5017457008361816 2 -1 -1 
943 457 107 49 0.5015807747840881 4 -1 -1 
814 102 9 25 0.5000759363174438 1 -1 -1 
944 457 106 49 0.49991679191589355 5 -1 -1 
1200 627 28 31 0.4995726943016052 2 -1 -1 
833 844 170 108 0.4989791512489319 4 -1 -1 
1084 91 16 17 0.49326932430267334 3 -1 -1 
727 98 20 19 0.4781268239021301 10 -1 -1 
1167 148 11 25 0.4662295877933502 1 -1 -1 
604 87 52 28 0.46601399779319763 4 -1 -1 
814 171 10 27 0.46262162923812866 1 -1 -1 
829 96 9 23 0.4614194333553314 1 -1 -1 
897 79 24 17 0.45937177538871765 10 -1 -1 
672 196 64 36 0.45855313539505005 5 -1 -1 
510 872 40 24 0.4569869637489319 10 -1 -1 
676 210 76 30 0.4563217759132385 4 -1 -1 
1068 67 8 24 0.44961079955101013 1 -1 -1 
727 97 19 20 0.4486851096153259 3 -1 -1 
960 59 8 18 0.4476799964904785 1 -1 -1 
799 162 14 29 0.44605752825737 2 -1 -1 
523 934 53 27 0.4458563029766083 10 -1 -1 
818 87 9 21 0.4440869987010956 1 -1 -1 
870 83 22 18 0.4345032274723053 10 -1 -1 
856 990 21 42 0.4335048198699951 1 -1 -1 
875 318 11 27 0.4323367774486542 1 -1 -1 
1195 616 25 38 0.4316354990005493 2 -1 -1 
1192 612 25 33 0.4313663840293884 1 -1 -1 
1079 107 11 22 0.4280547499656677 2 -1 -1 
801 164 16 34 0.42684435844421387 10 -1 -1 
971 47 7 17 0.42239484190940857 1 -1 -1 
725 278 94 40 0.4221855700016022 4 -1 -1 
590 261 48 50 0.41447576880455017 5 -1 -1 
853 293 11 27 0.4125601649284363 1 -1 -1 
837 177 10 25 0.4123989939689636 2 -1 -1 
1079 107 11 22 0.4104495942592621 1 -1 -1 
836 183 11 23 0.4097566306591034 3 -1 -1 
553 48 25 18 0.407472163438797 10 -1 -1 
1080 104 17 24 0.40546613931655884 2 -1 -1 
804 168 13 32 0.40315067768096924 1 -1 -1 
969 44 22 21 0.40061265230178833 10 -1 -1 
714 253 85 35 0.3982340693473816 4 -1 -1 
1068 100 10 24 0.39452454447746277 3 -1 -1 
561 37 26 20 0.3924572169780731 10 -1 -1 
566 96 13 23 0.38872191309928894 2 -1 -1 
526 10 23 19 0.38805079460144043 10 -1 -1 
567 100 14 20 0.38439109921455383 10 -1 -1 
818 87 9 19 0.3828102946281433 2 -1 -1 
862 304 10 22 0.38217878341674805 1 -1 -1 
948 73 12 17 0.3807374835014343 10 -1 -1 
838 100 9 20 0.3777957260608673 1 -1 -1 
849 182 12 21 0.37723100185394287 10 -1 -1 
563 36 15 17 0.3769509792327881 2 -1 -1 
800 181 10 21 0.376926988363266 1 -1 -1 
1736 749 22 40 0.3720337152481079 1 -1 -1 
1080 107 19 23 0.37029755115509033 10 -1 -1 
586 111 13 22 0.3699619174003601 10 -1 -1 
1169 155 10 24 0.36632397770881653 1 -1 -1 
1085 105 14 23 0.36515676975250244 2 -1 -1 
840 99 9 20 0.3569994866847992 1 -1 -1 
1344 1005 22 32 0.35689523816108704 2 -1 -1 
836 177 11 26 0.3549412488937378 1 -1 -1 
834 103 9 18 0.3510172963142395 1 -1 -1 
826 95 7 17 0.35062500834465027 1 -1 -1 
993 374 12 28 0.34917837381362915 1 -1 -1 
1066 496 25 33 0.34877070784568787 2 -1 -1 
922 415 55 35 0.3455677628517151 8 -1 -1 
1085 81 11 25 0.3441663384437561 2 -1 -1 
845 976 21 45 0.34072786569595337 1 -1 -1 
553 41 30 21 0.3395141661167145 10 -1 -1 
567 97 12 23 0.3347475826740265 1 -1 -1 
1195 616 25 38 0.33381038904190063 1 -1 -1 
564 36 18 18 0.33259865641593933 10 -1 -1 
800 166 16 34 0.3305266797542572 3 -1 -1 
1089 113 10 21 0.32989227771759033 1 -1 -1 
993 377 12 25 0.3298685848712921 2 -1 -1 
1158 709 108 41 0.3132612109184265 4 -1 -1 
545 366 106 53 0.29413288831710815 5 -1 -1 
53 963 74 56 0.286355584859848 10 -1 -1 
917 447 114 50 0.2680526673793793 4 -1 -1 
825 343 84 53 0.26778289675712585 4 -1 -1 
453 245 99 50 0.24222451448440552 4 -1 -1 
994 539 99 51 0.23789967596530914 5 -1 -1 
603 455 106 60 0.2255810797214508 5 -1 -1 
949 990 121 53 0.22553834319114685 4 -1 -1 
1056 602 131 69 0.22058381140232086 5 -1 -1 
993 1011 143 68 0.2126348614692688 5 -1 -1 
741 286 92 39 0.2027776837348938 5 -1 -1 
461 250 92 47 0.1991611272096634 5 -1 -1 
620 160 83 39 0.19862379133701324 4 -1 -1 
954 992 153 65 0.17677254974842072 4 -1 -1 
685 221 90 38 0.17568311095237732 4 -1 -1 
599 497 111 70 0.17338615655899048 5 -1 -1 
552 37 35 29 0.17319834232330322 7 -1 -1 
754 533 78 82 0.16792094707489014 5 -1 -1 
798 318 91 54 0.16646303236484528 5 -1 -1 
598 141 86 35 0.16375106573104858 4 -1 -1 
787 306 94 53 0.16250653564929962 4 -1 -1 
944 494 109 63 0.15738919377326965 5 -1 -1 
1206 772 145 102 0.1456359326839447 5 -1 -1 
714 265 93 41 0.14502233266830444 5 -1 -1 
1159 710 105 40 0.14478284120559692 5 -1 -1 
418 821 140 75 0.1417626440525055 9 -1 -1 
1002 548 114 49 0.14111767709255219 4 -1 -1 
549 395 107 53 0.13984385132789612 4 -1 -1 
646 182 84 39 0.13868537545204163 5 -1 -1 
482 852 77 52 0.13752584159374237 7 -1 -1 
794 455 73 66 0.1374100297689438 5 -1 -1 
943 457 107 49 0.13735291361808777 6 -1 -1 
583 429 111 57 0.1328696757555008 5 -1 -1 
1265 840 138 111 0.13206252455711365 5 -1 -1 
805 822 153 103 0.13205625116825104 5 -1 -1 
696 230 89 39 0.12734730541706085 5 -1 -1 
418 821 140 75 0.12652912735939026 6 -1 -1 
653 189 86 40 0.12594793736934662 4 -1 -1 
559 406 104 55 0.12564076483249664 1 -1 -1 
553 37 35 29 0.12247122824192047 8 -1 -1 
859 868 158 112 0.12002190947532654 5 -1 -1 
917 447 114 50 0.11789380013942719 5 -1 -1 
757 294 99 55 0.11784720420837402 6 -1 -1 
905 437 104 54 0.11584356427192688 1 -1 -1 
482 853 78 51 0.11348092555999756 10 -1 -1 
-2 836 160 96 0.11243478208780289 4 -1 -1 
583 430 111 57 0.11210542917251587 1 -1 -1 
811 329 92 49 0.1085684597492218 5 -1 -1 
366 799 192 94 0.10837622731924057 9 -1 -1 
825 343 84 53 0.108289934694767 8 -1 -1 
998 547 116 76 0.10743013024330139 5 -1 -1 
850 385 100 52 0.10731694102287292 1 -1 -1 
554 35 36 29 0.10592567920684814 10 -1 -1 
1105 655 126 75 0.1054377630352974 5 -1 -1 
-4 835 157 95 0.10359883308410645 6 -1 -1 
991 1011 146 69 0.10270959138870239 6 -1 -1 
924 931 145 109 0.10096137225627899 5 -1 -1 
1105 655 126 75 0.09980404376983643 9 -1 -1 
1105 655 126 75 0.09935490787029266 1 -1 -1 
1006 559 125 72 0.09930767863988876 1 -1 -1 
858 868 158 111 0.0978393703699112 1 -1 -1 
905 438 104 53 0.09732205420732498 5 -1 -1 
462 828 95 67 0.09600969403982162 6 -1 -1 
462 828 95 67 0.09485379606485367 9 -1 -1 
858 868 158 111 0.09391983598470688 9 -1 -1 
944 494 109 64 0.09327027201652527 1 -1 -1 
702 239 90 37 0.09210652112960815 5 -1 -1 
471 843 85 56 0.09185022860765457 4 -1 -1 
594 448 111 62 0.0917913168668747 1 -1 -1 
435 247 117 52 0.09161306917667389 6 -1 -1 
850 385 100 52 0.091314896941185 9 -1 -1 
805 822 153 103 0.09101420640945435 10 -1 -1 
437 796 118 94 0.08987632393836975 9 -1 -1 
858 868 158 111 0.08974217623472214 10 -1 -1 
691 652 152 85 0.08951247483491898 9 -1 -1 
442 822 115 74 0.0884830430150032 5 -1 -1 
583 430 110 56 0.08819139748811722 6 -1 -1 
583 430 110 56 0.08745460212230682 9 -1 -1 
777 303 103 55 0.08678261935710907 5 -1 -1 
366 799 192 94 0.08586166799068451 6 -1 -1 
483 849 77 54 0.08585770428180695 8 -1 -1 
552 37 35 29 0.0852980986237526 3 -1 -1 
850 385 100 52 0.08380942046642303 7 -1 -1 
993 531 100 58 0.08361893892288208 1 -1 -1 
725 278 94 40 0.08341627568006516 5 -1 -1 
989 366 23 38 0.08317062258720398 1 -1 -1 
365 809 194 85 0.0667325109243393 4 -1 -1 
365 809 194 85 0.06446366012096405 5 -1 -1 
