889 362 98 48 0.982772171497345 5 -1 -1 
906 564 109 64 0.9803383350372314 5 -1 -1 
625 139 52 26 0.9565955996513367 5 -1 -1 
904 626 140 58 0.9135561585426331 4 -1 -1 
733 319 73 32 0.8925978541374207 4 -1 -1 
980 329 80 36 0.8871706128120422 4 -1 -1 
655 109 45 17 0.8846883773803711 4 -1 -1 
938 541 106 50 0.8783832788467407 4 -1 -1 
371 644 132 64 0.8684611916542053 4 -1 -1 
340 702 139 60 0.8645619750022888 4 -1 -1 
926 670 135 73 0.8455392122268677 4 -1 -1 
761 150 53 21 0.8285396099090576 4 -1 -1 
623 145 49 27 0.8025092482566833 5 -1 -1 
764 162 56 22 0.7810131907463074 4 -1 -1 
655 204 8 24 0.7539960145950317 1 -1 -1 
953 512 98 41 0.7536715865135193 4 -1 -1 
756 173 57 23 0.7535710334777832 4 -1 -1 
662 94 39 16 0.7519253492355347 4 -1 -1 
617 182 47 22 0.7274928689002991 4 -1 -1 
396 591 125 59 0.6884199976921082 4 -1 -1 
622 172 43 20 0.6853992342948914 4 -1 -1 
674 76 37 13 0.6646227836608887 4 -1 -1 
1120 85 24 16 0.6588744521141052 4 -1 -1 
1126 93 20 18 0.6229455471038818 4 -1 -1 
1164 103 38 22 0.6041800379753113 5 -1 -1 
851 89 15 14 0.5944889187812805 4 -1 -1 
619 159 40 19 0.579765796661377 4 -1 -1 
606 733 56 31 0.5778396129608154 4 -1 -1 
586 220 48 20 0.5669607520103455 4 -1 -1 
661 104 39 13 0.564513087272644 4 -1 -1 
675 81 37 14 0.5498043298721313 4 -1 -1 
643 188 8 19 0.5368802547454834 1 -1 -1 
1101 231 11 22 0.5340161919593811 1 -1 -1 
762 84 19 14 0.5308903455734253 4 -1 -1 
670 88 37 15 0.5230893492698669 5 -1 -1 
623 151 44 23 0.5039035677909851 4 -1 -1 
759 167 60 21 0.5037757754325867 4 -1 -1 
620 161 42 25 0.5003238320350647 4 -1 -1 
762 156 54 19 0.48810648918151855 4 -1 -1 
669 88 38 15 0.48561182618141174 4 -1 -1 
982 410 56 33 0.48464757204055786 4 -1 -1 
943 525 110 50 0.46583977341651917 4 -1 -1 
1101 231 11 22 0.45147135853767395 3 -1 -1 
854 73 5 12 0.441586971282959 1 -1 -1 
716 68 5 11 0.42888355255126953 1 -1 -1 
676 72 35 14 0.42848294973373413 4 -1 -1 
866 68 6 12 0.425693541765213 1 -1 -1 
859 72 5 13 0.42369839549064636 1 -1 -1 
758 141 46 18 0.4115573465824127 4 -1 -1 
641 114 6 14 0.4049716293811798 1 -1 -1 
669 83 39 15 0.3993135392665863 4 -1 -1 
971 480 80 39 0.39339008927345276 6 -1 -1 
396 592 125 57 0.38946533203125 5 -1 -1 
1101 230 11 21 0.38306644558906555 2 -1 -1 
982 320 69 25 0.3785153031349182 4 -1 -1 
645 189 8 18 0.3664916753768921 1 -1 -1 
258 48 13 9 0.3463844656944275 10 -1 -1 
665 91 40 15 0.3203331530094147 4 -1 -1 
747 194 62 27 0.31905847787857056 4 -1 -1 
673 83 38 17 0.31147873401641846 5 -1 -1 
647 191 8 16 0.3010592460632324 1 -1 -1 
1164 103 39 22 0.2931305468082428 4 -1 -1 
588 220 46 21 0.2906872630119324 5 -1 -1 
641 185 11 19 0.28567126393318176 1 -1 -1 
860 72 6 11 0.27837955951690674 1 -1 -1 
723 67 6 12 0.2747597396373749 10 -1 -1 
640 189 8 18 0.26946958899497986 1 -1 -1 
634 117 7 15 0.2694335877895355 1 -1 -1 
604 159 54 24 0.2688862383365631 4 -1 -1 
707 67 7 12 0.26304891705513 10 -1 -1 
1122 89 24 20 0.25545534491539 4 -1 -1 
858 74 5 11 0.24811269342899323 1 -1 -1 
380 621 133 66 0.24390672147274017 4 -1 -1 
624 144 50 27 0.24186529219150543 4 -1 -1 
972 488 76 34 0.24176429212093353 7 -1 -1 
861 68 7 13 0.24009840190410614 1 -1 -1 
637 190 9 18 0.24006888270378113 1 -1 -1 
755 179 55 21 0.23308204114437103 4 -1 -1 
663 94 39 16 0.23284783959388733 5 -1 -1 
723 67 7 12 0.23272040486335754 1 -1 -1 
721 67 7 12 0.2322915643453598 10 -1 -1 
727 69 5 10 0.23007403314113617 1 -1 -1 
617 159 42 20 0.22833828628063202 5 -1 -1 
1036 511 123 94 0.22582939267158508 6 -1 -1 
681 84 31 14 0.22551345825195312 4 -1 -1 
970 491 80 37 0.22355246543884277 4 -1 -1 
725 69 7 11 0.21917271614074707 10 -1 -1 
721 66 6 13 0.21822746098041534 1 -1 -1 
716 68 5 11 0.2181137353181839 10 -1 -1 
906 75 16 16 0.21596719324588776 3 -1 -1 
951 527 94 28 0.21339882910251617 4 -1 -1 
982 410 58 34 0.2130659967660904 5 -1 -1 
619 180 46 16 0.21026819944381714 4 -1 -1 
889 362 97 48 0.207953542470932 4 -1 -1 
616 182 49 22 0.20753133296966553 5 -1 -1 
1072 675 42 28 0.2069871723651886 3 -1 -1 
638 115 8 15 0.2054620087146759 1 -1 -1 
219 34 12 20 0.20045022666454315 10 -1 -1 
716 67 7 12 0.20043976604938507 10 -1 -1 
972 482 78 38 0.20040813088417053 8 -1 -1 
431 231 14 16 0.19667698442935944 3 -1 -1 
889 362 97 48 0.19644592702388763 8 -1 -1 
906 564 108 63 0.19626709818840027 4 -1 -1 
864 65 7 13 0.19605228304862976 1 -1 -1 
1103 230 10 15 0.1959867775440216 2 -1 -1 
757 139 37 16 0.19304165244102478 4 -1 -1 
644 194 9 14 0.19121524691581726 3 -1 -1 
982 409 82 39 0.1910838931798935 4 -1 -1 
959 500 90 35 0.190439835190773 6 -1 -1 
593 219 43 15 0.1883232742547989 4 -1 -1 
866 72 5 10 0.18729671835899353 1 -1 -1 
858 70 6 11 0.18632395565509796 1 -1 -1 
750 187 61 23 0.1856251358985901 4 -1 -1 
711 67 7 13 0.18453598022460938 1 -1 -1 
716 69 5 10 0.1843157857656479 2 -1 -1 
1127 93 19 18 0.18388071656227112 5 -1 -1 
700 66 12 13 0.18152034282684326 10 -1 -1 
852 62 15 12 0.18043476343154907 4 -1 -1 
864 71 5 11 0.1796795129776001 1 -1 -1 
925 670 136 74 0.17897045612335205 5 -1 -1 
673 79 38 16 0.1779954582452774 5 -1 -1 
708 67 6 12 0.1762959510087967 1 -1 -1 
718 66 6 12 0.17406323552131653 1 -1 -1 
637 185 19 18 0.1739792674779892 1 -1 -1 
612 166 46 22 0.17376750707626343 4 -1 -1 
637 185 19 18 0.1730184555053711 4 -1 -1 
629 157 36 18 0.17137494683265686 4 -1 -1 
723 67 6 12 0.16924229264259338 3 -1 -1 
258 48 13 9 0.16891996562480927 3 -1 -1 
889 362 98 48 0.16835837066173553 10 -1 -1 
711 67 7 12 0.16763772070407867 10 -1 -1 
725 69 7 11 0.1633278876543045 3 -1 -1 
716 68 7 11 0.1576416790485382 3 -1 -1 
984 246 46 31 0.15733002126216888 6 -1 -1 
1013 252 34 35 0.15710225701332092 4 -1 -1 
895 62 7 12 0.15681219100952148 3 -1 -1 
932 556 107 45 0.15662778913974762 4 -1 -1 
973 481 79 40 0.1561090350151062 4 -1 -1 
1167 103 55 23 0.15595027804374695 4 -1 -1 
1154 580 9 23 0.15467850863933563 1 -1 -1 
830 74 23 13 0.15463139116764069 4 -1 -1 
721 67 7 12 0.15316587686538696 3 -1 -1 
980 330 80 34 0.15308202803134918 5 -1 -1 
906 564 109 64 0.15230415761470795 8 -1 -1 
854 69 7 12 0.15119580924510956 1 -1 -1 
625 169 34 16 0.15113280713558197 4 -1 -1 
658 179 7 21 0.15106774866580963 1 -1 -1 
971 473 111 49 0.1505737453699112 6 -1 -1 
673 76 38 14 0.14971058070659637 5 -1 -1 
583 223 46 24 0.14919696748256683 4 -1 -1 
708 67 6 12 0.14911694824695587 3 -1 -1 
972 488 55 27 0.14818175137043 7 -1 -1 
586 220 47 21 0.14800533652305603 6 -1 -1 
632 118 5 14 0.14748598635196686 1 -1 -1 
888 389 103 21 0.147441565990448 5 -1 -1 
985 244 34 17 0.14735744893550873 4 -1 -1 
983 245 40 29 0.14609402418136597 5 -1 -1 
684 79 29 13 0.1459403932094574 4 -1 -1 
644 189 8 18 0.14547622203826904 2 -1 -1 
762 83 19 15 0.1453637182712555 5 -1 -1 
727 69 6 11 0.14535871148109436 10 -1 -1 
867 68 5 12 0.14496645331382751 2 -1 -1 
859 72 5 13 0.14414168894290924 2 -1 -1 
751 72 7 12 0.14373871684074402 1 -1 -1 
438 231 9 16 0.14247436821460724 1 -1 -1 
76 217 12 13 0.14238964021205902 10 -1 -1 
676 66 36 17 0.14236058294773102 4 -1 -1 
725 66 7 12 0.14088411629199982 1 -1 -1 
1100 237 9 17 0.14038215577602386 3 -1 -1 
761 183 56 23 0.1402467042207718 4 -1 -1 
1101 231 11 22 0.1397291123867035 10 -1 -1 
622 170 42 21 0.1390681266784668 5 -1 -1 
889 362 98 48 0.13901108503341675 2 -1 -1 
625 184 30 18 0.13900303840637207 4 -1 -1 
890 389 93 21 0.13800881803035736 4 -1 -1 
858 66 9 12 0.1373085230588913 1 -1 -1 
722 62 6 14 0.13677828013896942 1 -1 -1 
581 222 39 18 0.13636554777622223 4 -1 -1 
852 75 6 11 0.1337250918149948 1 -1 -1 
655 108 45 18 0.13294854760169983 5 -1 -1 
889 362 98 48 0.1329127699136734 7 -1 -1 
953 512 99 42 0.13218143582344055 5 -1 -1 
339 700 141 62 0.13154752552509308 9 -1 -1 
435 233 12 15 0.13136689364910126 3 -1 -1 
982 409 97 46 0.13120520114898682 6 -1 -1 
1164 104 45 22 0.12898968160152435 6 -1 -1 
851 89 15 14 0.12889571487903595 5 -1 -1 
889 362 98 48 0.12816990911960602 6 -1 -1 
854 66 11 11 0.12750853598117828 1 -1 -1 
605 171 55 26 0.1268952488899231 4 -1 -1 
983 410 47 30 0.1268320530653 6 -1 -1 
625 139 52 26 0.12680871784687042 6 -1 -1 
853 103 20 21 0.12480218708515167 4 -1 -1 
893 295 20 11 0.12466134876012802 10 -1 -1 
970 491 80 37 0.12132928520441055 6 -1 -1 
906 564 109 64 0.12131881713867188 6 -1 -1 
985 247 65 46 0.11918266862630844 6 -1 -1 
982 409 72 37 0.1190248653292656 6 -1 -1 
899 345 86 37 0.11858466267585754 4 -1 -1 
901 345 87 36 0.11852505803108215 5 -1 -1 
906 564 109 64 0.11716510355472565 10 -1 -1 
953 509 89 37 0.11683886498212814 6 -1 -1 
982 409 83 40 0.11563422530889511 5 -1 -1 
904 626 141 58 0.11522620916366577 1 -1 -1 
370 642 133 66 0.11448971182107925 5 -1 -1 
938 541 107 50 0.11204703897237778 1 -1 -1 
984 248 64 41 0.10782715678215027 4 -1 -1 
677 61 35 19 0.10769500583410263 6 -1 -1 
889 389 103 20 0.10757695138454437 6 -1 -1 
973 481 79 39 0.10656417906284332 5 -1 -1 
660 98 41 16 0.10584411025047302 5 -1 -1 
902 626 141 57 0.10433700680732727 5 -1 -1 
685 370 70 39 0.10396524518728256 4 -1 -1 
674 69 37 16 0.10291771590709686 6 -1 -1 
952 511 95 39 0.10272791981697083 1 -1 -1 
906 564 109 64 0.09938106685876846 2 -1 -1 
625 139 52 26 0.09901541471481323 9 -1 -1 
655 109 45 17 0.09522295743227005 1 -1 -1 
982 410 103 51 0.09494070708751678 4 -1 -1 
925 670 136 73 0.09493804723024368 9 -1 -1 
380 621 133 66 0.09316108375787735 5 -1 -1 
1119 91 29 22 0.09218781441450119 6 -1 -1 
906 564 109 64 0.09132780134677887 7 -1 -1 
600 158 58 25 0.09112723171710968 5 -1 -1 
671 86 37 17 0.0909854918718338 6 -1 -1 
970 491 80 37 0.09025160223245621 5 -1 -1 
937 541 109 50 0.0898386538028717 5 -1 -1 
624 139 53 26 0.08954372256994247 10 -1 -1 
1163 99 67 28 0.08941076695919037 9 -1 -1 
980 329 80 36 0.08831965923309326 1 -1 -1 
925 560 97 55 0.08828713744878769 5 -1 -1 
340 702 138 60 0.08771225064992905 6 -1 -1 
685 376 73 33 0.0863855853676796 6 -1 -1 
943 525 110 50 0.0862911194562912 5 -1 -1 
1163 99 68 28 0.08567582070827484 6 -1 -1 
984 248 64 42 0.08554749190807343 5 -1 -1 
372 643 130 65 0.08440058678388596 1 -1 -1 
339 700 141 62 0.08414611220359802 5 -1 -1 
889 362 97 48 0.08325622975826263 9 -1 -1 
925 670 136 73 0.08312710374593735 6 -1 -1 
612 186 44 20 0.0828552395105362 4 -1 -1 
1037 511 134 149 0.08274082839488983 6 -1 -1 
617 182 48 22 0.08244780451059341 1 -1 -1 
666 90 39 16 0.08207149058580399 6 -1 -1 
733 318 73 33 0.08205123245716095 5 -1 -1 
903 624 141 60 0.08149319887161255 9 -1 -1 
397 591 124 59 0.08025158196687698 6 -1 -1 
674 69 37 16 0.07944969832897186 5 -1 -1 
624 139 53 24 0.07943941652774811 4 -1 -1 
1163 97 67 31 0.07908637821674347 5 -1 -1 
732 318 74 33 0.07841014862060547 9 -1 -1 
847 22 23 32 0.07723785191774368 4 -1 -1 
685 376 73 33 0.07701469212770462 9 -1 -1 
600 152 45 24 0.07563871145248413 4 -1 -1 
636 149 40 24 0.07476478070020676 4 -1 -1 
1119 86 29 26 0.0739172101020813 5 -1 -1 
968 414 149 79 0.07376094162464142 6 -1 -1 
973 480 79 38 0.07296088337898254 9 -1 -1 
340 702 139 60 0.07289647310972214 1 -1 -1 
663 94 39 16 0.0726483017206192 6 -1 -1 
887 389 97 21 0.07262154668569565 9 -1 -1 
958 506 88 37 0.07230043411254883 5 -1 -1 
945 528 109 42 0.07125794887542725 1 -1 -1 
1097 223 28 30 0.07123664766550064 3 -1 -1 
860 415 200 76 0.07012391090393066 6 -1 -1 
733 318 73 33 0.07010829448699951 1 -1 -1 
904 626 141 58 0.06991405785083771 6 -1 -1 
975 463 99 47 0.06973160803318024 6 -1 -1 
982 411 109 66 0.0695183128118515 6 -1 -1 
623 145 49 27 0.06830456852912903 6 -1 -1 
889 362 98 48 0.06786147505044937 1 -1 -1 
982 410 102 54 0.06750120222568512 5 -1 -1 
653 104 42 18 0.06596675515174866 4 -1 -1 
889 362 97 48 0.06583809852600098 3 -1 -1 
622 171 43 21 0.0657644048333168 1 -1 -1 
624 139 53 26 0.0655466616153717 2 -1 -1 
1163 97 68 31 0.06553459912538528 4 -1 -1 
900 345 88 36 0.06522497534751892 9 -1 -1 
926 671 137 71 0.06516911834478378 10 -1 -1 
755 169 69 31 0.06494200974702835 4 -1 -1 
838 84 30 24 0.0646175965666771 4 -1 -1 
989 476 160 98 0.06442003697156906 6 -1 -1 
925 670 136 73 0.06420645862817764 1 -1 -1 
397 590 124 59 0.06419581919908524 9 -1 -1 
619 159 40 19 0.0640166699886322 1 -1 -1 
959 500 90 35 0.0638495609164238 7 -1 -1 
1068 634 126 70 0.06291723996400833 5 -1 -1 
681 77 37 18 0.06269033998250961 4 -1 -1 
613 159 45 21 0.06251905858516693 6 -1 -1 
624 139 53 26 0.0611271858215332 1 -1 -1 
682 72 36 19 0.06073801591992378 4 -1 -1 
733 318 73 33 0.05983888730406761 10 -1 -1 
619 154 46 22 0.05954114347696304 6 -1 -1 
1033 511 124 92 0.05946642532944679 4 -1 -1 
972 478 107 45 0.059431858360767365 8 -1 -1 
972 447 152 81 0.05681856721639633 6 -1 -1 
1032 511 126 88 0.0552823543548584 5 -1 -1 
980 510 167 88 0.054855819791555405 6 -1 -1 
339 700 141 61 0.05440076068043709 10 -1 -1 
368 643 136 66 0.05386907607316971 9 -1 -1 
1036 510 135 123 0.05103757232427597 9 -1 -1 
611 137 65 36 0.05007702112197876 5 -1 -1 
