443 331 80 76 0.9525090456008911 4 -1 -1 
343 307 81 75 0.9502005577087402 4 -1 -1 
527 574 176 185 0.9488189816474915 4 -1 -1 
4 235 122 57 0.9330314993858337 5 -1 -1 
481 278 64 61 0.9328410625457764 4 -1 -1 
480 137 44 25 0.9114700555801392 4 -1 -1 
269 388 104 96 0.9100302457809448 4 -1 -1 
1016 395 110 113 0.8996543288230896 4 -1 -1 
330 116 41 25 0.8865950107574463 4 -1 -1 
712 165 35 29 0.8745555877685547 4 -1 -1 
621 272 51 51 0.8549186587333679 4 -1 -1 
161 188 98 38 0.842378556728363 4 -1 -1 
376 164 80 36 0.8364334106445312 4 -1 -1 
308 169 11 31 0.8326429724693298 1 -1 -1 
782 586 32 73 0.8245859146118164 1 -1 -1 
887 184 83 32 0.8244566917419434 4 -1 -1 
755 569 34 85 0.8207706212997437 1 -1 -1 
274 139 22 15 0.8132071495056152 10 -1 -1 
741 190 82 30 0.7738397717475891 4 -1 -1 
820 269 121 49 0.7729430794715881 4 -1 -1 
370 143 74 24 0.7715815305709839 4 -1 -1 
876 171 80 26 0.7704673409461975 4 -1 -1 
1138 407 158 126 0.7691268920898438 4 -1 -1 
885 173 79 31 0.7616031765937805 4 -1 -1 
739 229 47 46 0.7612917423248291 4 -1 -1 
187 172 90 39 0.7589721083641052 4 -1 -1 
79 229 98 45 0.7556279897689819 4 -1 -1 
807 251 116 42 0.7524364590644836 4 -1 -1 
431 78 20 15 0.749427080154419 4 -1 -1 
692 165 10 29 0.7435804605484009 1 -1 -1 
141 201 87 37 0.7388067245483398 4 -1 -1 
704 163 9 31 0.7219862341880798 1 -1 -1 
656 385 26 49 0.7174172401428223 2 -1 -1 
392 189 52 45 0.7025268077850342 4 -1 -1 
654 399 29 48 0.6976306438446045 10 -1 -1 
1251 512 107 113 0.685551106929779 4 -1 -1 
540 97 22 19 0.684874415397644 4 -1 -1 
352 112 44 19 0.6826083660125732 4 -1 -1 
84 209 115 44 0.6777317523956299 4 -1 -1 
501 122 30 24 0.6769961714744568 4 -1 -1 
550 91 20 18 0.6767356395721436 4 -1 -1 
664 76 14 13 0.6696431636810303 5 -1 -1 
587 64 20 13 0.669614315032959 5 -1 -1 
628 81 14 13 0.6680245399475098 4 -1 -1 
872 164 71 29 0.6575892567634583 4 -1 -1 
691 151 8 25 0.6509175896644592 1 -1 -1 
673 89 18 14 0.6489201784133911 4 -1 -1 
807 116 48 21 0.6415833234786987 4 -1 -1 
685 154 7 25 0.6364049315452576 1 -1 -1 
158 434 27 74 0.6284611821174622 1 -1 -1 
700 131 24 21 0.6259064078330994 4 -1 -1 
697 117 6 17 0.6235271096229553 1 -1 -1 
386 119 45 29 0.6198787093162537 5 -1 -1 
405 108 36 29 0.6177538633346558 6 -1 -1 
589 70 13 10 0.6147547960281372 4 -1 -1 
647 59 11 10 0.6135263442993164 4 -1 -1 
751 543 25 71 0.591415524482727 1 -1 -1 
856 150 75 28 0.5799209475517273 4 -1 -1 
832 139 66 26 0.5743075013160706 4 -1 -1 
679 102 33 18 0.5727054476737976 4 -1 -1 
584 90 6 14 0.5588036775588989 1 -1 -1 
866 156 70 26 0.5586410760879517 4 -1 -1 
366 106 44 19 0.545093297958374 4 -1 -1 
703 152 8 22 0.5361920595169067 1 -1 -1 
892 309 167 73 0.5347750782966614 5 -1 -1 
652 77 6 11 0.5231645703315735 2 -1 -1 
584 66 19 13 0.5156649947166443 5 -1 -1 
844 142 61 30 0.508793294429779 4 -1 -1 
578 70 14 13 0.474319726228714 4 -1 -1 
601 50 14 11 0.4718714952468872 4 -1 -1 
652 80 6 11 0.46908679604530334 10 -1 -1 
820 259 118 43 0.4603041112422943 4 -1 -1 
666 56 12 12 0.45511066913604736 4 -1 -1 
396 137 53 21 0.45268622040748596 4 -1 -1 
688 152 8 25 0.4504767656326294 1 -1 -1 
1017 245 108 61 0.448845773935318 4 -1 -1 
892 308 171 75 0.44782301783561707 4 -1 -1 
716 140 56 20 0.436090350151062 4 -1 -1 
675 85 26 12 0.4353293180465698 4 -1 -1 
860 120 10 19 0.4345536530017853 2 -1 -1 
359 109 42 19 0.4331705570220947 4 -1 -1 
-1 257 50 59 0.4295121729373932 4 -1 -1 
572 79 17 18 0.4268723130226135 5 -1 -1 
1020 237 161 71 0.4219350814819336 4 -1 -1 
617 43 12 9 0.42144036293029785 4 -1 -1 
697 110 21 16 0.42126351594924927 4 -1 -1 
176 167 14 20 0.41619208455085754 10 -1 -1 
578 75 14 10 0.41568201780319214 4 -1 -1 
150 433 37 73 0.4140669107437134 2 -1 -1 
148 194 97 37 0.4135591387748718 4 -1 -1 
118 207 92 38 0.4130846858024597 4 -1 -1 
593 63 16 11 0.407184898853302 5 -1 -1 
689 154 9 26 0.4058177173137665 1 -1 -1 
673 81 15 12 0.4044298827648163 4 -1 -1 
703 152 9 19 0.402513712644577 2 -1 -1 
568 90 18 14 0.3931688368320465 4 -1 -1 
837 223 39 25 0.38777536153793335 7 -1 -1 
588 67 15 12 0.38672709465026855 4 -1 -1 
830 136 56 23 0.38512012362480164 4 -1 -1 
865 161 63 28 0.38109949231147766 4 -1 -1 
856 150 73 28 0.3799620270729065 5 -1 -1 
815 94 7 15 0.37862661480903625 2 -1 -1 
674 81 14 12 0.3775346279144287 5 -1 -1 
505 107 30 17 0.3763863742351532 4 -1 -1 
865 290 85 52 0.3737565577030182 8 -1 -1 
686 77 10 9 0.37356674671173096 4 -1 -1 
644 47 8 8 0.37241336703300476 4 -1 -1 
578 69 14 14 0.3705146908760071 5 -1 -1 
118 244 15 36 0.3692983090877533 1 -1 -1 
570 79 19 23 0.3647526502609253 4 -1 -1 
457 65 19 18 0.36079779267311096 6 -1 -1 
452 101 22 17 0.35850223898887634 4 -1 -1 
665 76 13 13 0.35579395294189453 4 -1 -1 
194 162 24 25 0.3465295135974884 2 -1 -1 
854 127 19 18 0.34277966618537903 10 -1 -1 
589 64 17 13 0.342293918132782 4 -1 -1 
652 79 6 11 0.33944863080978394 1 -1 -1 
582 69 19 11 0.3387901484966278 4 -1 -1 
815 99 7 12 0.33758947253227234 10 -1 -1 
654 399 29 49 0.33572807908058167 3 -1 -1 
862 122 10 19 0.3328912854194641 2 -1 -1 
711 136 38 23 0.32908251881599426 4 -1 -1 
559 78 7 14 0.32837986946105957 1 -1 -1 
451 104 75 29 0.32662829756736755 9 -1 -1 
457 65 19 18 0.3261484205722809 4 -1 -1 
845 221 29 23 0.3247818052768707 7 -1 -1 
860 122 11 19 0.32340458035469055 1 -1 -1 
540 97 22 19 0.3221445679664612 5 -1 -1 
570 79 19 22 0.32129132747650146 6 -1 -1 
865 157 70 27 0.31921592354774475 5 -1 -1 
925 284 15 32 0.31893324851989746 1 -1 -1 
42 233 110 46 0.3173219859600067 4 -1 -1 
334 100 9 18 0.3158140778541565 1 -1 -1 
853 146 60 28 0.315660297870636 5 -1 -1 
682 95 21 14 0.31413939595222473 4 -1 -1 
599 45 15 15 0.309911847114563 4 -1 -1 
452 106 64 27 0.3076183497905731 4 -1 -1 
674 83 18 14 0.3074803948402405 4 -1 -1 
684 153 8 22 0.30732181668281555 2 -1 -1 
596 62 13 10 0.30721232295036316 4 -1 -1 
707 133 29 24 0.3069995641708374 4 -1 -1 
840 225 36 25 0.3048008680343628 10 -1 -1 
720 144 42 20 0.30479156970977783 4 -1 -1 
429 127 9 17 0.30427736043930054 1 -1 -1 
396 114 43 26 0.3027438223361969 6 -1 -1 
1017 245 108 61 0.29607847332954407 5 -1 -1 
841 141 59 28 0.29491207003593445 5 -1 -1 
666 57 17 13 0.2938615679740906 4 -1 -1 
86 210 112 41 0.29347074031829834 5 -1 -1 
667 67 14 13 0.29122909903526306 4 -1 -1 
556 87 17 16 0.29066938161849976 4 -1 -1 
679 102 34 18 0.2883917987346649 5 -1 -1 
701 161 11 31 0.28825461864471436 1 -1 -1 
169 164 20 22 0.2879998981952667 10 -1 -1 
845 221 29 23 0.28577300906181335 10 -1 -1 
674 91 24 15 0.2845252454280853 4 -1 -1 
1 235 128 58 0.28406667709350586 4 -1 -1 
723 154 13 19 0.28403839468955994 1 -1 -1 
652 80 6 10 0.28245705366134644 3 -1 -1 
1019 236 156 72 0.28127118945121765 5 -1 -1 
756 568 28 62 0.2810854911804199 1 -1 -1 
542 93 24 20 0.2802678048610687 4 -1 -1 
628 81 14 12 0.2791544198989868 5 -1 -1 
656 385 26 49 0.27696695923805237 1 -1 -1 
699 160 7 22 0.2766762375831604 1 -1 -1 
495 109 37 19 0.2765233814716339 4 -1 -1 
491 114 36 21 0.27577918767929077 4 -1 -1 
196 160 43 25 0.2726314663887024 7 -1 -1 
195 161 34 24 0.27227982878685 10 -1 -1 
79 218 105 45 0.2708922326564789 4 -1 -1 
501 105 34 19 0.27036818861961365 5 -1 -1 
498 116 31 24 0.26524731516838074 4 -1 -1 
189 173 88 38 0.26509836316108704 5 -1 -1 
391 190 53 45 0.25692248344421387 5 -1 -1 
501 122 30 24 0.24171499907970428 5 -1 -1 
78 229 98 45 0.2374381422996521 5 -1 -1 
481 111 48 20 0.21967662870883942 4 -1 -1 
468 112 57 22 0.21813561022281647 4 -1 -1 
376 165 80 35 0.2171257883310318 5 -1 -1 
809 117 45 21 0.2128920555114746 5 -1 -1 
698 110 35 19 0.19566355645656586 4 -1 -1 
711 132 53 27 0.1932244449853897 4 -1 -1 
-1 257 50 59 0.19113709032535553 5 -1 -1 
1251 512 107 113 0.18636739253997803 5 -1 -1 
118 207 92 38 0.18627677857875824 5 -1 -1 
42 233 110 46 0.1860244870185852 5 -1 -1 
741 179 57 24 0.1848759651184082 4 -1 -1 
698 162 12 34 0.1835840493440628 1 -1 -1 
1125 388 173 145 0.18247747421264648 5 -1 -1 
741 185 64 28 0.17794528603553772 4 -1 -1 
698 120 26 24 0.17686419188976288 4 -1 -1 
86 201 108 38 0.17546699941158295 4 -1 -1 
142 201 86 38 0.17512038350105286 5 -1 -1 
450 101 43 28 0.17383454740047455 4 -1 -1 
1019 233 174 75 0.17247314751148224 9 -1 -1 
449 101 30 23 0.1699119359254837 4 -1 -1 
764 586 38 72 0.1680448055267334 1 -1 -1 
697 111 26 26 0.1641843318939209 4 -1 -1 
451 103 50 30 0.16312099993228912 5 -1 -1 
1089 360 213 178 0.15988804399967194 4 -1 -1 
711 136 53 23 0.15438111126422882 5 -1 -1 
456 113 60 27 0.15034061670303345 4 -1 -1 
742 168 54 26 0.14672259986400604 4 -1 -1 
223 147 52 28 0.1463632583618164 6 -1 -1 
527 574 176 185 0.14407914876937866 1 -1 -1 
479 137 45 26 0.1433812975883484 5 -1 -1 
224 156 49 19 0.14159372448921204 5 -1 -1 
1046 234 178 93 0.13892480731010437 4 -1 -1 
146 432 37 66 0.1366226226091385 1 -1 -1 
687 106 32 20 0.13545610010623932 4 -1 -1 
714 143 37 19 0.13423305749893188 4 -1 -1 
526 574 177 185 0.13319361209869385 9 -1 -1 
679 97 32 17 0.13271799683570862 4 -1 -1 
1159 366 155 141 0.1320728212594986 4 -1 -1 
752 543 28 74 0.13199394941329956 2 -1 -1 
488 132 39 26 0.13183759152889252 4 -1 -1 
239 147 37 26 0.1317572295665741 8 -1 -1 
754 569 34 84 0.13100218772888184 10 -1 -1 
1019 233 174 75 0.13019151985645294 6 -1 -1 
495 109 37 19 0.12810103595256805 5 -1 -1 
703 164 19 31 0.1279786229133606 1 -1 -1 
567 78 23 26 0.12755894660949707 5 -1 -1 
375 164 81 35 0.12655004858970642 6 -1 -1 
162 187 98 39 0.12632159888744354 5 -1 -1 
700 130 25 22 0.12541192770004272 5 -1 -1 
224 158 46 18 0.12418283522129059 6 -1 -1 
712 122 66 40 0.09975290298461914 9 -1 -1 
1036 348 257 179 0.08956267684698105 6 -1 -1 
741 190 82 30 0.08806416392326355 5 -1 -1 
712 122 68 41 0.07861311733722687 5 -1 -1 
712 122 68 41 0.07546882331371307 4 -1 -1 
741 190 82 30 0.07033272832632065 1 -1 -1 
449 107 62 36 0.06316440552473068 9 -1 -1 
740 174 69 36 0.056968022137880325 5 -1 -1 
50 214 136 61 0.05655423924326897 4 -1 -1 
451 105 75 32 0.05493684858083725 5 -1 -1 
741 165 64 34 0.05396606773138046 5 -1 -1 
451 105 75 32 0.05392923951148987 6 -1 -1 
2 235 127 58 0.05181729793548584 6 -1 -1 
742 164 73 35 0.05108354613184929 4 -1 -1 
714 134 70 32 0.05064418539404869 9 -1 -1 
