343 295 76 77 0.9656609892845154 7 -1 -1 
500 270 20 66 0.9271855354309082 1 -1 -1 
479 265 23 67 0.9187032580375671 1 -1 -1 
535 347 86 66 0.8928106427192688 10 -1 -1 
462 258 19 40 0.7209113240242004 10 -1 -1 
743 419 60 121 0.6810586452484131 1 -1 -1 
462 248 19 40 0.6243734955787659 2 -1 -1 
562 196 24 16 0.5798736214637756 7 -1 -1 
343 295 76 77 0.5513595342636108 6 -1 -1 
562 194 8 18 0.5249351859092712 1 -1 -1 
817 195 10 21 0.5195269584655762 1 -1 -1 
344 294 75 77 0.45065629482269287 4 -1 -1 
552 276 24 46 0.4368814527988434 10 -1 -1 
915 372 39 62 0.42587947845458984 1 -1 -1 
829 467 69 72 0.42477574944496155 10 -1 -1 
872 191 9 22 0.38278165459632874 1 -1 -1 
803 196 11 15 0.3813971281051636 2 -1 -1 
571 188 7 18 0.368766725063324 1 -1 -1 
743 419 60 122 0.353388249874115 2 -1 -1 
561 194 9 18 0.35026440024375916 2 -1 -1 
806 196 10 17 0.3377286493778229 2 -1 -1 
344 294 75 77 0.33568552136421204 9 -1 -1 
840 203 6 11 0.3280431628227234 2 -1 -1 
536 347 85 67 0.32291436195373535 4 -1 -1 
817 195 11 20 0.31293603777885437 2 -1 -1 
807 196 9 18 0.3097323477268219 1 -1 -1 
540 283 34 39 0.3071957230567932 10 -1 -1 
461 261 20 37 0.30669665336608887 3 -1 -1 
552 276 24 46 0.30609241127967834 3 -1 -1 
344 294 75 77 0.30372288823127747 3 -1 -1 
462 248 19 40 0.3020433485507965 1 -1 -1 
802 195 10 13 0.29934725165367126 2 -1 -1 
913 371 42 64 0.2903395891189575 2 -1 -1 
562 195 24 17 0.28385093808174133 8 -1 -1 
344 294 75 77 0.2826839089393616 8 -1 -1 
872 190 9 21 0.27551111578941345 2 -1 -1 
571 188 8 18 0.27222251892089844 2 -1 -1 
540 283 34 39 0.269303560256958 7 -1 -1 
803 196 11 18 0.2687849998474121 1 -1 -1 
562 193 12 18 0.26649150252342224 2 -1 -1 
537 279 19 43 0.26082682609558105 3 -1 -1 
802 196 10 14 0.25757700204849243 1 -1 -1 
539 276 31 46 0.2456359714269638 3 -1 -1 
839 205 8 12 0.24460598826408386 10 -1 -1 
562 195 25 18 0.24132870137691498 10 -1 -1 
829 467 69 71 0.2392815500497818 2 -1 -1 
568 190 13 21 0.23726922273635864 2 -1 -1 
562 193 12 18 0.23239031434059143 1 -1 -1 
537 279 19 43 0.230554461479187 10 -1 -1 
821 201 10 18 0.22812896966934204 1 -1 -1 
463 248 18 42 0.2238195240497589 10 -1 -1 
562 194 14 18 0.22226794064044952 7 -1 -1 
568 190 13 21 0.2217942774295807 7 -1 -1 
871 193 11 28 0.21862415969371796 1 -1 -1 
839 204 7 12 0.21854844689369202 1 -1 -1 
501 318 14 17 0.21439097821712494 1 -1 -1 
539 293 15 29 0.21006983518600464 3 -1 -1 
564 190 11 18 0.20921148359775543 2 -1 -1 
829 467 69 71 0.20689575374126434 1 -1 -1 
568 190 13 21 0.2007230818271637 8 -1 -1 
479 265 23 67 0.19933269917964935 4 -1 -1 
806 195 9 14 0.1920613944530487 1 -1 -1 
467 261 22 39 0.189975768327713 10 -1 -1 
563 193 7 14 0.18328294157981873 1 -1 -1 
500 270 20 66 0.18148572742938995 4 -1 -1 
739 347 29 22 0.18141062557697296 1 -1 -1 
564 190 11 18 0.18014538288116455 1 -1 -1 
461 261 20 37 0.1794794648885727 1 -1 -1 
839 205 8 12 0.17842693626880646 7 -1 -1 
482 318 14 14 0.17572759091854095 1 -1 -1 
678 179 10 15 0.1742057055234909 1 -1 -1 
530 272 24 48 0.1741025596857071 3 -1 -1 
800 197 12 22 0.1738048940896988 1 -1 -1 
539 281 35 41 0.17225761711597443 8 -1 -1 
539 290 19 32 0.1709461808204651 10 -1 -1 
637 181 8 15 0.17066527903079987 2 -1 -1 
821 465 62 44 0.16805458068847656 10 -1 -1 
571 193 17 17 0.16790829598903656 2 -1 -1 
342 295 77 77 0.1664953976869583 2 -1 -1 
461 261 20 37 0.16535361111164093 2 -1 -1 
566 195 24 17 0.16336125135421753 1 -1 -1 
820 194 13 20 0.16165220737457275 1 -1 -1 
559 193 9 17 0.15999911725521088 1 -1 -1 
839 204 8 13 0.15607531368732452 8 -1 -1 
637 181 8 15 0.15593670308589935 1 -1 -1 
563 195 27 17 0.15588444471359253 2 -1 -1 
568 190 13 21 0.1554875671863556 10 -1 -1 
821 201 10 18 0.15400439500808716 2 -1 -1 
343 295 76 77 0.1525624543428421 10 -1 -1 
804 193 10 12 0.15149006247520447 2 -1 -1 
573 192 23 16 0.15014733374118805 10 -1 -1 
571 190 14 17 0.14951831102371216 2 -1 -1 
562 194 14 18 0.14862613379955292 8 -1 -1 
740 347 30 39 0.14849358797073364 1 -1 -1 
761 168 9 16 0.14845946431159973 3 -1 -1 
575 195 13 17 0.14776863157749176 1 -1 -1 
636 182 10 15 0.144938662648201 10 -1 -1 
802 353 23 26 0.14458033442497253 1 -1 -1 
487 318 26 16 0.1440357118844986 1 -1 -1 
562 194 14 18 0.14401420950889587 10 -1 -1 
357 294 39 53 0.14214590191841125 2 -1 -1 
590 191 8 13 0.14207391440868378 1 -1 -1 
580 191 16 15 0.13994936645030975 10 -1 -1 
571 190 14 17 0.13863599300384521 1 -1 -1 
809 197 10 21 0.13712890446186066 1 -1 -1 
636 182 10 15 0.13534241914749146 3 -1 -1 
830 494 66 45 0.13439831137657166 10 -1 -1 
464 252 22 45 0.1340535432100296 2 -1 -1 
551 276 20 34 0.1319422721862793 2 -1 -1 
538 269 33 49 0.13018903136253357 10 -1 -1 
551 276 25 46 0.13007457554340363 7 -1 -1 
551 276 20 34 0.12825848162174225 1 -1 -1 
535 347 85 67 0.12706133723258972 9 -1 -1 
580 173 9 17 0.1268727332353592 1 -1 -1 
636 182 12 16 0.1265309602022171 2 -1 -1 
840 203 7 10 0.1258651465177536 1 -1 -1 
576 193 15 16 0.1244816929101944 1 -1 -1 
749 417 64 81 0.12379490584135056 2 -1 -1 
563 191 7 13 0.12353117763996124 2 -1 -1 
576 193 15 16 0.1229839026927948 7 -1 -1 
571 193 17 17 0.1225963607430458 7 -1 -1 
544 278 30 43 0.12250965088605881 2 -1 -1 
551 276 20 34 0.12182293087244034 10 -1 -1 
586 190 11 14 0.12152077257633209 2 -1 -1 
740 347 29 25 0.12085336446762085 2 -1 -1 
575 194 14 17 0.11875147372484207 10 -1 -1 
828 467 57 52 0.11863473802804947 2 -1 -1 
539 296 33 26 0.11705432087182999 3 -1 -1 
544 278 30 43 0.11684896796941757 1 -1 -1 
825 203 13 16 0.11684519052505493 1 -1 -1 
579 191 17 15 0.1161276325583458 7 -1 -1 
571 193 17 17 0.11583477258682251 8 -1 -1 
505 318 18 20 0.11517937481403351 1 -1 -1 
839 205 8 12 0.11384206265211105 3 -1 -1 
559 193 9 17 0.11226879060268402 2 -1 -1 
638 184 11 15 0.1122109666466713 10 -1 -1 
764 168 10 17 0.11166965216398239 3 -1 -1 
571 197 16 16 0.11150465905666351 10 -1 -1 
572 187 9 14 0.11134646832942963 1 -1 -1 
561 194 9 18 0.11069762706756592 10 -1 -1 
586 190 11 15 0.1094733327627182 10 -1 -1 
352 292 37 71 0.10944786667823792 2 -1 -1 
476 263 22 40 0.10934006422758102 10 -1 -1 
807 195 10 13 0.10906165093183517 2 -1 -1 
638 184 11 15 0.10906156152486801 3 -1 -1 
572 187 9 14 0.10872906446456909 2 -1 -1 
637 182 11 15 0.10861239582300186 1 -1 -1 
576 193 15 16 0.1084853932261467 8 -1 -1 
535 347 86 66 0.10843741148710251 3 -1 -1 
564 190 9 13 0.108363077044487 2 -1 -1 
576 192 17 14 0.1079045906662941 2 -1 -1 
743 355 34 33 0.1078859344124794 1 -1 -1 
581 191 16 14 0.1077822595834732 1 -1 -1 
758 168 13 15 0.10761012881994247 10 -1 -1 
572 189 18 18 0.10670768469572067 10 -1 -1 
347 318 30 47 0.10630451142787933 2 -1 -1 
872 189 9 14 0.10577668249607086 2 -1 -1 
462 258 19 40 0.1044166162610054 4 -1 -1 
828 467 57 52 0.10436392575502396 1 -1 -1 
806 198 11 23 0.10426726937294006 1 -1 -1 
588 187 9 14 0.10414958745241165 1 -1 -1 
579 191 17 15 0.10331857949495316 8 -1 -1 
750 168 23 17 0.10311699658632278 3 -1 -1 
840 203 7 10 0.10152099281549454 10 -1 -1 
734 416 63 83 0.10147535800933838 2 -1 -1 
830 467 71 72 0.10123181343078613 4 -1 -1 
551 276 20 34 0.10107820481061935 3 -1 -1 
745 447 46 93 0.10100191086530685 1 -1 -1 
800 204 11 20 0.10080652683973312 1 -1 -1 
353 318 46 37 0.10027563571929932 7 -1 -1 
562 195 24 17 0.10001980513334274 4 -1 -1 
873 190 11 15 0.09959409385919571 2 -1 -1 
532 293 20 30 0.09940755367279053 3 -1 -1 
869 199 12 26 0.0992673859000206 1 -1 -1 
825 203 13 16 0.0991300567984581 2 -1 -1 
553 272 22 45 0.09909282624721527 1 -1 -1 
543 295 30 28 0.09859824925661087 10 -1 -1 
819 192 9 14 0.09722861647605896 1 -1 -1 
471 266 25 65 0.09720394760370255 1 -1 -1 
760 168 10 14 0.09699352085590363 1 -1 -1 
679 178 9 15 0.0965762510895729 2 -1 -1 
377 295 27 45 0.09650252759456635 2 -1 -1 
808 196 10 22 0.09636813402175903 2 -1 -1 
536 341 87 70 0.09559226781129837 2 -1 -1 
569 188 8 14 0.09484384953975677 1 -1 -1 
824 197 12 17 0.09442406892776489 1 -1 -1 
569 188 8 14 0.0942806527018547 2 -1 -1 
564 190 9 13 0.0941421315073967 1 -1 -1 
571 193 17 17 0.09411991387605667 4 -1 -1 
571 194 24 16 0.09397605061531067 1 -1 -1 
542 370 77 43 0.09397196769714355 10 -1 -1 
840 204 10 13 0.09348153322935104 10 -1 -1 
347 319 22 53 0.09288596361875534 1 -1 -1 
562 195 25 18 0.09246521443128586 3 -1 -1 
587 187 8 14 0.09239685535430908 2 -1 -1 
343 295 76 77 0.09209489822387695 5 -1 -1 
576 193 15 16 0.09179744124412537 4 -1 -1 
804 193 10 12 0.09141352772712708 1 -1 -1 
853 205 12 18 0.09134610742330551 3 -1 -1 
916 370 35 41 0.09133825451135635 2 -1 -1 
553 272 22 45 0.0911090299487114 2 -1 -1 
575 195 13 17 0.09107140451669693 7 -1 -1 
581 191 16 14 0.09068549424409866 2 -1 -1 
749 417 64 81 0.09061872959136963 1 -1 -1 
355 318 33 34 0.09018497914075851 2 -1 -1 
747 173 11 15 0.09000590443611145 3 -1 -1 
559 290 18 33 0.08969101309776306 10 -1 -1 
531 285 22 37 0.08894610404968262 10 -1 -1 
819 465 61 44 0.08858828246593475 3 -1 -1 
808 357 19 32 0.08819598704576492 1 -1 -1 
360 295 49 63 0.0879482626914978 2 -1 -1 
745 347 29 30 0.08759214729070663 1 -1 -1 
344 303 30 67 0.08752734214067459 2 -1 -1 
358 293 31 41 0.0875011757016182 2 -1 -1 
750 168 23 16 0.0873929113149643 10 -1 -1 
577 197 9 16 0.0869854986667633 2 -1 -1 
872 191 9 25 0.08691100031137466 3 -1 -1 
347 318 52 46 0.08630794286727905 2 -1 -1 
467 261 22 39 0.08555752784013748 3 -1 -1 
342 295 77 77 0.08516206592321396 1 -1 -1 
568 190 13 21 0.08430847525596619 4 -1 -1 
852 204 12 15 0.0840839296579361 2 -1 -1 
829 467 69 71 0.08097647875547409 3 -1 -1 
899 372 54 77 0.07973948866128922 1 -1 -1 
737 347 91 56 0.07679741829633713 1 -1 -1 
734 416 63 83 0.07623998820781708 1 -1 -1 
535 347 85 67 0.07439345866441727 1 -1 -1 
743 419 60 121 0.07399936020374298 10 -1 -1 
738 418 149 125 0.06903679668903351 1 -1 -1 
709 417 86 98 0.06496312469244003 1 -1 -1 
336 297 38 78 0.06210758537054062 9 -1 -1 
750 427 81 115 0.061257001012563705 1 -1 -1 
743 419 60 121 0.060728561133146286 3 -1 -1 
709 417 86 98 0.05926588550209999 2 -1 -1 
825 443 74 80 0.057493966072797775 10 -1 -1 
538 348 81 65 0.05639192461967468 7 -1 -1 
924 354 35 82 0.05398575961589813 1 -1 -1 
907 351 48 79 0.05355848744511604 1 -1 -1 
830 467 72 72 0.05253022909164429 7 -1 -1 
804 447 88 85 0.05001991614699364 2 -1 -1 
