1166 54 45 25 0.9564195871353149 6 -1 -1 
0 345 36 21 0.943368673324585 5 -1 -1 
214 47 49 24 0.9247773289680481 4 -1 -1 
476 60 48 25 0.9224390387535095 4 -1 -1 
807 61 47 23 0.9165741205215454 4 -1 -1 
342 54 49 22 0.9159504771232605 4 -1 -1 
541 102 48 24 0.9136331081390381 4 -1 -1 
799 121 49 26 0.9082706570625305 4 -1 -1 
662 262 22 50 0.9080670475959778 4 -1 -1 
690 45 49 26 0.9027460813522339 4 -1 -1 
1157 199 48 24 0.9022776484489441 4 -1 -1 
353 476 47 46 0.9019214510917664 4 -1 -1 
1230 109 49 26 0.8997571468353271 5 -1 -1 
506 28 49 27 0.8968883156776428 4 -1 -1 
334 81 47 26 0.8958003520965576 4 -1 -1 
631 260 25 52 0.8952601552009583 4 -1 -1 
265 535 55 24 0.8951216340065002 4 -1 -1 
621 336 21 50 0.8936078548431396 4 -1 -1 
178 518 59 24 0.8891892433166504 4 -1 -1 
166 349 55 34 0.8842463493347168 4 -1 -1 
657 341 23 50 0.8806896209716797 4 -1 -1 
1090 43 43 24 0.8792480230331421 5 -1 -1 
205 425 50 25 0.8764496445655823 4 -1 -1 
808 472 25 55 0.8755766153335571 4 -1 -1 
1103 590 52 26 0.8740734457969666 4 -1 -1 
395 635 27 57 0.862371027469635 4 -1 -1 
645 563 25 55 0.8612827658653259 4 -1 -1 
587 29 41 21 0.8610678315162659 7 -1 -1 
740 676 24 56 0.8509497046470642 4 -1 -1 
1037 486 24 53 0.8395406603813171 4 -1 -1 
1045 204 45 40 0.8376264572143555 4 -1 -1 
1122 563 53 26 0.8329604268074036 4 -1 -1 
1058 607 57 27 0.8259716033935547 4 -1 -1 
108 353 52 28 0.8257708549499512 4 -1 -1 
943 46 41 23 0.8256394863128662 6 -1 -1 
791 30 39 22 0.8127168416976929 6 -1 -1 
56 345 27 22 0.8061869144439697 7 -1 -1 
617 428 23 49 0.8058173060417175 4 -1 -1 
791 30 39 22 0.7991158366203308 7 -1 -1 
799 645 22 51 0.7850684523582458 4 -1 -1 
90 44 54 25 0.7827639579772949 4 -1 -1 
998 45 46 26 0.7738837599754333 4 -1 -1 
651 412 23 50 0.7677791118621826 4 -1 -1 
608 497 25 54 0.7637878060340881 4 -1 -1 
122 78 51 25 0.7537925243377686 4 -1 -1 
871 41 40 18 0.7320576906204224 7 -1 -1 
686 351 8 17 0.7161838412284851 10 -1 -1 
58 729 48 33 0.7015527486801147 4 -1 -1 
76 674 44 25 0.6735579371452332 4 -1 -1 
55 344 28 23 0.6665825247764587 8 -1 -1 
872 41 39 18 0.6630361080169678 8 -1 -1 
82 640 51 26 0.6561781764030457 4 -1 -1 
85 407 120 47 0.6501134037971497 6 -1 -1 
719 652 12 26 0.6499515771865845 10 -1 -1 
437 540 9 15 0.6032799482345581 1 -1 -1 
371 733 37 31 0.585382878780365 5 -1 -1 
703 192 8 15 0.5781358480453491 10 -1 -1 
451 15 14 11 0.5737841129302979 10 -1 -1 
744 650 11 13 0.5626218318939209 1 -1 -1 
968 595 14 7 0.5544162392616272 1 -1 -1 
707 155 12 9 0.5505163669586182 1 -1 -1 
685 233 10 18 0.5440688729286194 10 -1 -1 
318 359 20 38 0.5403118133544922 6 -1 -1 
1343 224 15 11 0.5387415885925293 1 -1 -1 
712 196 9 15 0.5346617698669434 10 -1 -1 
943 46 42 23 0.5263010263442993 7 -1 -1 
798 722 15 34 0.5216020941734314 4 -1 -1 
980 568 10 9 0.5175312161445618 1 -1 -1 
319 9 17 10 0.5175191164016724 10 -1 -1 
557 15 17 12 0.5123060345649719 10 -1 -1 
664 678 9 18 0.5091233253479004 1 -1 -1 
943 46 42 23 0.5064185857772827 8 -1 -1 
703 192 8 16 0.4830472469329834 1 -1 -1 
319 9 17 10 0.482867568731308 3 -1 -1 
1343 221 15 11 0.4723445773124695 1 -1 -1 
69 706 45 21 0.4568066895008087 5 -1 -1 
322 8 11 10 0.44101110100746155 2 -1 -1 
0 74 24 28 0.4398123025894165 4 -1 -1 
69 705 50 23 0.4369327425956726 4 -1 -1 
738 172 14 10 0.4237339198589325 1 -1 -1 
988 578 8 7 0.3975045382976532 1 -1 -1 
386 206 21 37 0.3942115008831024 4 -1 -1 
567 16 7 11 0.3884941339492798 1 -1 -1 
998 45 47 26 0.3856283724308014 6 -1 -1 
90 44 54 25 0.3698081970214844 5 -1 -1 
790 30 40 22 0.3581375479698181 8 -1 -1 
693 398 11 15 0.3567589819431305 10 -1 -1 
229 73 15 9 0.3529590964317322 10 -1 -1 
324 7 7 9 0.3410203456878662 2 -1 -1 
720 655 11 18 0.3409700095653534 2 -1 -1 
685 234 10 18 0.3363625407218933 2 -1 -1 
587 29 41 21 0.33431437611579895 4 -1 -1 
355 727 52 36 0.33203554153442383 5 -1 -1 
803 5 14 9 0.32581642270088196 10 -1 -1 
738 172 14 10 0.3245202600955963 10 -1 -1 
984 578 11 8 0.32383981347084045 1 -1 -1 
664 679 9 17 0.32225775718688965 10 -1 -1 
230 72 9 9 0.3202959895133972 2 -1 -1 
359 731 48 32 0.3200667202472687 4 -1 -1 
813 379 7 8 0.3116907477378845 1 -1 -1 
82 640 49 26 0.3055587708950043 5 -1 -1 
437 540 9 15 0.3045293986797333 3 -1 -1 
835 191 25 55 0.30086976289749146 5 -1 -1 
738 172 13 10 0.3001088500022888 3 -1 -1 
359 728 48 35 0.29904720187187195 9 -1 -1 
122 78 50 24 0.291503369808197 5 -1 -1 
229 73 13 9 0.28387099504470825 3 -1 -1 
712 196 9 15 0.28324103355407715 2 -1 -1 
743 173 9 9 0.2815961241722107 1 -1 -1 
651 412 23 50 0.28091031312942505 5 -1 -1 
454 14 9 10 0.27815064787864685 2 -1 -1 
318 359 20 38 0.27546069025993347 4 -1 -1 
322 8 11 10 0.27424439787864685 10 -1 -1 
804 4 13 10 0.2732926607131958 1 -1 -1 
739 170 9 10 0.27258872985839844 1 -1 -1 
1090 42 42 24 0.26912257075309753 4 -1 -1 
703 191 7 14 0.2659353017807007 2 -1 -1 
566 16 8 11 0.265680193901062 2 -1 -1 
712 196 9 15 0.2626465857028961 1 -1 -1 
557 14 13 12 0.26192259788513184 2 -1 -1 
72 701 51 22 0.26059481501579285 4 -1 -1 
1166 54 45 25 0.2564953565597534 5 -1 -1 
1279 239 12 9 0.25491490960121155 1 -1 -1 
881 42 11 14 0.25478610396385193 2 -1 -1 
76 674 44 25 0.2541499733924866 5 -1 -1 
382 182 28 60 0.2511739432811737 6 -1 -1 
382 182 27 60 0.2510078251361847 4 -1 -1 
607 496 26 56 0.22431568801403046 5 -1 -1 
0 400 85 41 0.22065941989421844 6 -1 -1 
0 345 36 21 0.20816422998905182 4 -1 -1 
20 414 187 55 0.20005689561367035 6 -1 -1 
691 397 16 25 0.19891947507858276 10 -1 -1 
318 359 20 39 0.19785042107105255 5 -1 -1 
0 49 30 20 0.19591061770915985 8 -1 -1 
359 728 48 35 0.1948898881673813 6 -1 -1 
382 182 27 60 0.19160747528076172 5 -1 -1 
1058 607 56 26 0.18760080635547638 5 -1 -1 
382 182 28 60 0.18667812645435333 9 -1 -1 
1230 109 50 26 0.1800525188446045 4 -1 -1 
318 360 21 38 0.17057755589485168 7 -1 -1 
64 723 56 33 0.1681031584739685 4 -1 -1 
39 429 168 46 0.16302968561649323 6 -1 -1 
68 730 68 33 0.16031630337238312 4 -1 -1 
2 445 210 39 0.15640145540237427 6 -1 -1 
0 49 30 20 0.15387356281280518 7 -1 -1 
871 41 40 18 0.15382927656173706 4 -1 -1 
318 359 21 39 0.1526540070772171 8 -1 -1 
115 463 161 50 0.14771220088005066 6 -1 -1 
834 191 26 54 0.14292921125888824 6 -1 -1 
386 189 35 55 0.14154063165187836 4 -1 -1 
682 231 14 23 0.1360994577407837 10 -1 -1 
70 705 56 29 0.13221722841262817 5 -1 -1 
17 403 69 52 0.13208863139152527 6 -1 -1 
1122 562 52 27 0.1317451000213623 5 -1 -1 
872 41 39 18 0.12909284234046936 3 -1 -1 
353 476 47 46 0.12899146974086761 5 -1 -1 
55 344 28 23 0.12847474217414856 3 -1 -1 
835 191 26 55 0.1253724992275238 9 -1 -1 
156 461 120 42 0.12464657425880432 6 -1 -1 
871 41 40 18 0.12408024817705154 10 -1 -1 
0 345 36 21 0.1197989210486412 6 -1 -1 
79 423 165 56 0.11951935291290283 6 -1 -1 
56 345 27 22 0.11675386130809784 10 -1 -1 
385 177 37 64 0.11599165946245193 6 -1 -1 
83 702 59 28 0.11570751667022705 4 -1 -1 
108 352 52 29 0.1151224821805954 5 -1 -1 
798 645 24 53 0.11510580033063889 5 -1 -1 
56 345 27 22 0.11391406506299973 6 -1 -1 
554 12 23 18 0.11128582805395126 10 -1 -1 
997 45 49 27 0.11012273281812668 5 -1 -1 
1045 205 45 40 0.10943048447370529 5 -1 -1 
89 675 60 29 0.10637715458869934 4 -1 -1 
56 345 27 22 0.1062176525592804 4 -1 -1 
36 405 49 65 0.10438298434019089 6 -1 -1 
90 445 186 59 0.10375616699457169 6 -1 -1 
73 715 65 33 0.10320588946342468 4 -1 -1 
86 408 119 47 0.10277240723371506 5 -1 -1 
645 562 25 55 0.10264880210161209 5 -1 -1 
1037 484 25 55 0.10216931998729706 5 -1 -1 
1102 590 53 26 0.1021370142698288 5 -1 -1 
91 685 58 33 0.10205613076686859 4 -1 -1 
631 260 26 52 0.10175397992134094 5 -1 -1 
616 427 25 51 0.10011550039052963 5 -1 -1 
835 191 26 55 0.09846963733434677 4 -1 -1 
645 562 25 55 0.09776449203491211 1 -1 -1 
351 721 52 41 0.09696977585554123 4 -1 -1 
1058 607 56 26 0.09677479416131973 6 -1 -1 
1037 484 25 55 0.09600487351417542 9 -1 -1 
58 730 51 32 0.09546831250190735 5 -1 -1 
71 706 65 29 0.09529544413089752 4 -1 -1 
798 645 23 54 0.09474070370197296 6 -1 -1 
608 496 25 55 0.09376797825098038 9 -1 -1 
178 518 58 24 0.09292297810316086 9 -1 -1 
84 726 60 35 0.09226419031620026 4 -1 -1 
691 397 15 25 0.09214074164628983 1 -1 -1 
740 676 24 56 0.0916740819811821 5 -1 -1 
809 472 23 55 0.09088915586471558 1 -1 -1 
85 407 120 47 0.09029192477464676 4 -1 -1 
506 25 49 29 0.09026672691106796 9 -1 -1 
-1 344 37 22 0.08993808925151825 9 -1 -1 
389 176 42 64 0.08926906436681747 4 -1 -1 
166 349 55 34 0.08841923624277115 10 -1 -1 
740 676 24 56 0.08832698315382004 9 -1 -1 
809 472 23 55 0.08832161128520966 9 -1 -1 
608 496 25 55 0.08742369711399078 1 -1 -1 
645 562 25 55 0.08718427270650864 9 -1 -1 
82 407 121 48 0.0871770977973938 9 -1 -1 
395 635 27 57 0.08569817990064621 1 -1 -1 
997 43 48 28 0.08536836504936218 9 -1 -1 
395 635 27 57 0.08478310704231262 9 -1 -1 
0 345 36 21 0.08437691628932953 8 -1 -1 
353 476 47 46 0.08362413942813873 10 -1 -1 
265 535 55 24 0.08359599858522415 9 -1 -1 
9 452 217 43 0.07301997393369675 6 -1 -1 
115 463 161 50 0.06540824472904205 9 -1 -1 
21 459 255 50 0.058065999299287796 6 -1 -1 
20 414 187 55 0.055805761367082596 9 -1 -1 
2 445 210 39 0.05337958037853241 9 -1 -1 
20 414 187 55 0.05156557634472847 4 -1 -1 
79 423 165 56 0.05134550854563713 9 -1 -1 
87 408 118 49 0.05095036327838898 8 -1 -1 
90 445 186 59 0.050358183681964874 9 -1 -1 
