1045 402 124 106 0.9792241454124451 5 -1 -1 
937 672 129 93 0.9719592332839966 5 -1 -1 
836 652 68 104 0.9314883947372437 7 -1 -1 
825 416 71 63 0.9247511029243469 4 -1 -1 
539 279 12 40 0.9051420092582703 1 -1 -1 
270 281 32 23 0.8959338665008545 3 -1 -1 
447 213 84 45 0.8863340020179749 4 -1 -1 
458 291 51 49 0.8790695071220398 4 -1 -1 
575 317 55 74 0.8780187964439392 4 -1 -1 
444 179 81 35 0.8675853610038757 4 -1 -1 
526 277 13 40 0.86422199010849 1 -1 -1 
734 238 51 40 0.861750066280365 4 -1 -1 
300 234 56 49 0.8559912443161011 4 -1 -1 
513 276 14 40 0.8524925112724304 1 -1 -1 
616 57 22 19 0.8456169366836548 4 -1 -1 
283 329 102 50 0.8360733985900879 4 -1 -1 
978 557 26 51 0.8275524377822876 1 -1 -1 
500 144 36 34 0.8248519897460938 4 -1 -1 
520 71 23 28 0.8241824507713318 5 -1 -1 
976 513 164 83 0.8159787058830261 4 -1 -1 
702 151 34 31 0.8126765489578247 4 -1 -1 
428 164 85 32 0.8014115691184998 4 -1 -1 
371 201 13 34 0.7979840040206909 1 -1 -1 
579 58 26 22 0.7950915098190308 4 -1 -1 
771 305 54 51 0.7863303422927856 4 -1 -1 
834 264 89 51 0.7828306555747986 4 -1 -1 
1030 277 22 30 0.7789240479469299 3 -1 -1 
866 295 90 53 0.7713470458984375 4 -1 -1 
608 102 29 25 0.7667419910430908 4 -1 -1 
575 27 41 17 0.7581669688224792 4 -1 -1 
777 267 64 42 0.7523512840270996 4 -1 -1 
660 50 20 20 0.7500177025794983 4 -1 -1 
602 2 16 15 0.74985671043396 4 -1 -1 
472 239 46 56 0.7453893423080444 4 -1 -1 
735 302 16 35 0.7447212934494019 3 -1 -1 
668 438 66 87 0.7220485210418701 5 -1 -1 
677 136 12 28 0.7010567784309387 1 -1 -1 
277 359 113 60 0.6950104832649231 5 -1 -1 
758 153 10 26 0.6921043395996094 1 -1 -1 
683 94 58 21 0.676842212677002 4 -1 -1 
693 137 10 27 0.6455790996551514 1 -1 -1 
643 87 9 25 0.6422773003578186 1 -1 -1 
531 55 20 16 0.6411890387535095 4 -1 -1 
683 103 29 25 0.6391517519950867 4 -1 -1 
911 228 15 35 0.637837827205658 1 -1 -1 
243 294 36 24 0.6331422328948975 10 -1 -1 
581 19 17 14 0.6300053596496582 4 -1 -1 
736 293 16 37 0.6057885885238647 2 -1 -1 
643 36 8 18 0.5994493365287781 1 -1 -1 
671 89 8 21 0.598938524723053 1 -1 -1 
742 177 42 39 0.59395432472229 4 -1 -1 
427 143 23 24 0.5906259417533875 3 -1 -1 
797 336 86 60 0.5883137583732605 4 -1 -1 
1305 621 43 41 0.5651556849479675 10 -1 -1 
389 309 37 23 0.5638059377670288 3 -1 -1 
497 84 37 23 0.5579271912574768 5 -1 -1 
404 71 9 22 0.5567278265953064 1 -1 -1 
394 109 23 18 0.5475460886955261 10 -1 -1 
1305 621 46 69 0.5232388973236084 10 -1 -1 
517 277 14 33 0.5075103640556335 1 -1 -1 
700 315 16 41 0.5015852451324463 1 -1 -1 
665 95 8 20 0.500116765499115 1 -1 -1 
667 438 66 87 0.49916180968284607 4 -1 -1 
701 315 15 33 0.49181169271469116 2 -1 -1 
1326 657 31 50 0.48765307664871216 3 -1 -1 
380 124 9 20 0.4868246614933014 3 -1 -1 
650 96 9 20 0.4790589511394501 2 -1 -1 
650 103 10 19 0.4766242504119873 3 -1 -1 
841 651 31 43 0.4740411639213562 2 -1 -1 
667 92 8 21 0.4694615304470062 1 -1 -1 
243 304 14 44 0.460010290145874 3 -1 -1 
526 68 20 19 0.4552682042121887 4 -1 -1 
0 666 161 102 0.45435163378715515 5 -1 -1 
712 129 20 17 0.44325295090675354 10 -1 -1 
390 304 37 29 0.4419490396976471 10 -1 -1 
560 22 7 13 0.4397716820240021 2 -1 -1 
841 651 47 49 0.43254026770591736 2 -1 -1 
529 61 21 19 0.43129000067710876 4 -1 -1 
837 652 67 105 0.4301053583621979 8 -1 -1 
717 123 11 19 0.42991700768470764 2 -1 -1 
700 325 16 34 0.4276667833328247 10 -1 -1 
337 151 8 17 0.42727577686309814 1 -1 -1 
798 337 85 59 0.42261403799057007 5 -1 -1 
-2 619 79 82 0.4206712543964386 4 -1 -1 
350 153 17 28 0.41805559396743774 10 -1 -1 
853 654 32 41 0.4178446829319 2 -1 -1 
407 135 21 28 0.4077698588371277 3 -1 -1 
750 159 8 21 0.4046127498149872 1 -1 -1 
405 230 12 25 0.39678657054901123 2 -1 -1 
242 303 14 29 0.3945036828517914 3 -1 -1 
650 96 10 23 0.3908306658267975 1 -1 -1 
520 276 14 41 0.3905196189880371 1 -1 -1 
337 179 20 22 0.3877679109573364 3 -1 -1 
275 360 115 60 0.386707603931427 4 -1 -1 
333 152 10 17 0.38531407713890076 1 -1 -1 
418 141 28 25 0.3843623995780945 3 -1 -1 
456 152 12 20 0.3828525245189667 1 -1 -1 
544 1 14 12 0.37609758973121643 4 -1 -1 
380 125 9 18 0.3711715638637543 10 -1 -1 
560 22 7 14 0.36951765418052673 1 -1 -1 
542 26 19 17 0.36041635274887085 4 -1 -1 
577 22 36 18 0.36040234565734863 4 -1 -1 
578 21 25 17 0.3546142876148224 4 -1 -1 
380 124 9 18 0.34683459997177124 2 -1 -1 
406 140 18 26 0.3445892632007599 3 -1 -1 
1100 356 19 25 0.34302377700805664 3 -1 -1 
545 19 16 15 0.34298354387283325 4 -1 -1 
392 293 35 28 0.34258899092674255 10 -1 -1 
243 301 34 26 0.3408842384815216 3 -1 -1 
685 56 33 19 0.3379725515842438 4 -1 -1 
713 125 18 19 0.33707869052886963 2 -1 -1 
682 57 24 18 0.33669495582580566 4 -1 -1 
244 303 24 44 0.33377447724342346 3 -1 -1 
742 176 41 40 0.33227992057800293 5 -1 -1 
390 296 38 29 0.3306396007537842 3 -1 -1 
833 265 90 49 0.3298965394496918 5 -1 -1 
248 301 30 24 0.3297457993030548 10 -1 -1 
419 318 18 41 0.32631489634513855 1 -1 -1 
404 230 15 27 0.32608649134635925 1 -1 -1 
530 278 14 33 0.3251374065876007 1 -1 -1 
669 91 8 23 0.3248353898525238 1 -1 -1 
760 157 9 23 0.32251715660095215 1 -1 -1 
545 18 16 16 0.3214721083641052 5 -1 -1 
693 137 10 26 0.3184048533439636 2 -1 -1 
538 2 20 14 0.3175325393676758 4 -1 -1 
544 11 15 14 0.3152208924293518 4 -1 -1 
1326 650 32 57 0.311443954706192 10 -1 -1 
529 61 21 18 0.3096207082271576 5 -1 -1 
736 293 16 37 0.30943113565444946 1 -1 -1 
454 146 13 22 0.3070296347141266 1 -1 -1 
412 136 24 25 0.3070109486579895 3 -1 -1 
533 2 25 15 0.3064471483230591 5 -1 -1 
380 124 9 19 0.30471283197402954 1 -1 -1 
670 89 8 20 0.3045988082885742 2 -1 -1 
394 108 13 18 0.302448570728302 2 -1 -1 
409 132 45 33 0.3008691966533661 3 -1 -1 
410 142 22 25 0.29833731055259705 3 -1 -1 
1320 635 36 72 0.29805102944374084 3 -1 -1 
408 134 20 26 0.29139262437820435 10 -1 -1 
1150 430 24 34 0.28799256682395935 10 -1 -1 
255 301 24 25 0.2878164052963257 3 -1 -1 
1030 277 22 30 0.28678542375564575 10 -1 -1 
827 251 34 23 0.28666022419929504 10 -1 -1 
279 341 107 62 0.28382864594459534 4 -1 -1 
742 176 41 40 0.28151917457580566 8 -1 -1 
497 84 37 23 0.28021371364593506 4 -1 -1 
716 123 12 19 0.27945682406425476 1 -1 -1 
683 53 48 23 0.24623893201351166 4 -1 -1 
1095 346 25 37 0.23412659764289856 3 -1 -1 
575 317 55 74 0.23370856046676636 5 -1 -1 
243 294 36 25 0.22327068448066711 3 -1 -1 
445 189 82 44 0.2174457460641861 4 -1 -1 
1307 628 54 84 0.21662841737270355 10 -1 -1 
1046 402 125 106 0.2144610732793808 4 -1 -1 
-3 545 119 161 0.2137468010187149 4 -1 -1 
742 175 41 41 0.21157151460647583 6 -1 -1 
330 421 87 69 0.20780056715011597 4 -1 -1 
282 334 104 62 0.19875819981098175 5 -1 -1 
427 128 31 37 0.1960359811782837 3 -1 -1 
735 292 17 40 0.19590283930301666 3 -1 -1 
798 337 86 36 0.1938924640417099 4 -1 -1 
937 672 129 93 0.18701724708080292 4 -1 -1 
937 672 129 93 0.18306100368499756 6 -1 -1 
742 176 41 40 0.18113528192043304 7 -1 -1 
321 174 36 33 0.1772831380367279 3 -1 -1 
0 654 261 114 0.17707012593746185 4 -1 -1 
361 394 72 92 0.16976839303970337 4 -1 -1 
576 27 41 17 0.1680704802274704 5 -1 -1 
405 131 48 34 0.1652550846338272 10 -1 -1 
909 220 20 45 0.16236239671707153 1 -1 -1 
-2 602 256 142 0.1621958464384079 4 -1 -1 
352 431 75 58 0.16133134067058563 4 -1 -1 
688 90 55 20 0.1610700488090515 4 -1 -1 
259 356 117 51 0.15990330278873444 4 -1 -1 
1045 402 124 106 0.15832987427711487 6 -1 -1 
-1 657 146 109 0.1558753252029419 4 -1 -1 
681 102 32 27 0.1553220897912979 5 -1 -1 
241 298 17 41 0.1544232964515686 3 -1 -1 
1304 623 54 80 0.14946992695331573 3 -1 -1 
1096 347 26 38 0.14848384261131287 10 -1 -1 
403 130 27 34 0.1421232968568802 10 -1 -1 
240 295 31 30 0.14010825753211975 10 -1 -1 
701 151 35 31 0.1394711285829544 5 -1 -1 
523 54 29 33 0.13692215085029602 4 -1 -1 
683 53 46 23 0.1347741037607193 5 -1 -1 
447 213 84 45 0.13296321034431458 5 -1 -1 
684 94 58 22 0.13227885961532593 5 -1 -1 
319 360 72 63 0.13175511360168457 4 -1 -1 
239 296 21 37 0.13161826133728027 10 -1 -1 
-1 591 178 120 0.1314331591129303 4 -1 -1 
853 290 74 53 0.13043886423110962 4 -1 -1 
867 297 82 51 0.129842147231102 5 -1 -1 
-1 640 223 127 0.12912243604660034 5 -1 -1 
319 360 72 63 0.12699675559997559 5 -1 -1 
1046 401 123 107 0.12670840322971344 10 -1 -1 
0 612 160 114 0.1258113831281662 5 -1 -1 
-3 522 171 166 0.1241777166724205 4 -1 -1 
1307 625 51 83 0.12400876730680466 7 -1 -1 
310 415 89 69 0.12369014322757721 4 -1 -1 
443 178 81 36 0.12363000214099884 5 -1 -1 
683 97 42 26 0.12315017729997635 5 -1 -1 
512 72 29 30 0.12293516844511032 5 -1 -1 
404 127 38 31 0.1222936287522316 10 -1 -1 
240 292 20 34 0.12142007797956467 3 -1 -1 
-4 505 108 170 0.11676531285047531 4 -1 -1 
275 360 115 60 0.11673233658075333 6 -1 -1 
-1 610 139 124 0.11568128317594528 4 -1 -1 
742 175 41 41 0.11487796902656555 9 -1 -1 
683 54 42 22 0.11406766623258591 6 -1 -1 
607 101 31 27 0.11377451568841934 5 -1 -1 
400 228 23 37 0.11243546009063721 3 -1 -1 
1046 401 123 107 0.11233983933925629 8 -1 -1 
977 513 162 81 0.11105252057313919 5 -1 -1 
427 163 87 34 0.10926028341054916 5 -1 -1 
519 67 26 32 0.10737911611795425 4 -1 -1 
524 0 36 22 0.10670523345470428 4 -1 -1 
937 672 129 93 0.10659634321928024 8 -1 -1 
373 383 68 103 0.10632084310054779 5 -1 -1 
373 380 69 105 0.10621236264705658 6 -1 -1 
243 295 36 23 0.10466182976961136 4 -1 -1 
447 213 84 45 0.10419571399688721 1 -1 -1 
-1 549 103 161 0.10355053097009659 5 -1 -1 
261 283 38 25 0.10303643345832825 3 -1 -1 
575 317 55 74 0.1027039885520935 1 -1 -1 
-3 548 231 162 0.10104724764823914 4 -1 -1 
243 294 36 25 0.1002080887556076 7 -1 -1 
677 52 41 26 0.09968734532594681 4 -1 -1 
284 329 102 48 0.09713718295097351 1 -1 -1 
936 669 133 96 0.09094931185245514 9 -1 -1 
977 513 164 81 0.07976759225130081 1 -1 -1 
253 359 137 94 0.07738015055656433 6 -1 -1 
335 367 101 135 0.07030487805604935 6 -1 -1 
283 367 138 128 0.0653909295797348 6 -1 -1 
977 513 165 77 0.057855043560266495 9 -1 -1 
936 669 133 96 0.05035810172557831 1 -1 -1 
