715 611 87 41 0.9961303472518921 6 -1 -1 
1393 800 85 90 0.9921405911445618 6 -1 -1 
875 452 32 49 0.9675518870353699 5 -1 -1 
872 277 50 43 0.9675424098968506 5 -1 -1 
720 663 54 41 0.960064172744751 5 -1 -1 
1466 747 65 31 0.9559844732284546 5 -1 -1 
1033 842 54 54 0.9394384026527405 5 -1 -1 
757 248 27 47 0.9375084638595581 5 -1 -1 
597 107 30 57 0.9322674870491028 4 -1 -1 
910 785 29 64 0.9233651757240295 4 -1 -1 
571 198 31 56 0.9217608571052551 4 -1 -1 
588 286 32 57 0.9215948581695557 4 -1 -1 
614 573 32 65 0.9192160964012146 4 -1 -1 
526 381 30 58 0.9175568222999573 4 -1 -1 
672 340 32 62 0.9171688556671143 4 -1 -1 
617 439 30 60 0.9141831994056702 4 -1 -1 
884 376 50 46 0.9138234853744507 4 -1 -1 
1189 589 30 64 0.9114589691162109 4 -1 -1 
1153 584 31 61 0.9104496240615845 4 -1 -1 
668 413 31 58 0.9082854986190796 4 -1 -1 
507 137 30 56 0.9074601531028748 4 -1 -1 
912 649 27 56 0.9064790606498718 4 -1 -1 
611 197 28 51 0.9062498807907104 4 -1 -1 
843 43 52 41 0.905556857585907 4 -1 -1 
1013 585 44 58 0.9047961235046387 4 -1 -1 
757 316 27 54 0.8995509147644043 4 -1 -1 
791 225 31 53 0.8991969227790833 4 -1 -1 
1249 753 52 58 0.8952204585075378 5 -1 -1 
513 204 29 54 0.8934505581855774 4 -1 -1 
664 273 27 49 0.8934457898139954 4 -1 -1 
1656 570 32 55 0.8920024037361145 4 -1 -1 
823 465 31 55 0.8907022476196289 4 -1 -1 
724 525 63 39 0.8903335928916931 4 -1 -1 
623 291 30 55 0.8901728391647339 4 -1 -1 
548 709 58 63 0.8895407915115356 4 -1 -1 
558 964 70 64 0.8887799382209778 4 -1 -1 
1119 590 32 63 0.8861406445503235 4 -1 -1 
837 13 48 40 0.8857628107070923 4 -1 -1 
858 693 32 61 0.8854092359542847 4 -1 -1 
524 258 27 56 0.885174572467804 4 -1 -1 
860 532 37 60 0.8830850720405579 4 -1 -1 
864 779 31 69 0.8807728290557861 4 -1 -1 
637 700 36 71 0.8794401288032532 4 -1 -1 
1056 609 28 59 0.8787433505058289 4 -1 -1 
555 906 65 62 0.8769497275352478 4 -1 -1 
710 455 63 37 0.874664843082428 4 -1 -1 
720 564 63 39 0.8733884692192078 4 -1 -1 
971 916 59 57 0.8731791973114014 4 -1 -1 
766 912 62 34 0.8712038993835449 4 -1 -1 
523 317 30 58 0.8710765838623047 4 -1 -1 
1090 615 29 60 0.8688380718231201 5 -1 -1 
710 491 61 37 0.8675074577331543 4 -1 -1 
872 78 30 52 0.867210865020752 4 -1 -1 
1463 583 40 61 0.8671401739120483 4 -1 -1 
765 825 67 33 0.8644259572029114 4 -1 -1 
785 460 32 60 0.8630164861679077 4 -1 -1 
548 808 61 63 0.8600184321403503 4 -1 -1 
731 67 26 51 0.8598705530166626 4 -1 -1 
546 761 59 60 0.8567014336585999 4 -1 -1 
1770 542 53 81 0.8553314805030823 6 -1 -1 
1853 564 38 52 0.848247230052948 5 -1 -1 
565 345 30 51 0.8445696830749512 4 -1 -1 
1310 757 52 60 0.8443820476531982 5 -1 -1 
965 371 28 52 0.8439509272575378 4 -1 -1 
807 347 26 51 0.8437107801437378 5 -1 -1 
664 613 36 53 0.8410167694091797 4 -1 -1 
875 236 52 44 0.8372780084609985 4 -1 -1 
780 639 60 53 0.8334639668464661 4 -1 -1 
983 955 58 64 0.8328353762626648 4 -1 -1 
888 941 38 82 0.8229303359985352 4 -1 -1 
944 554 25 37 0.822239100933075 4 -1 -1 
1686 960 38 67 0.8217858672142029 4 -1 -1 
785 103 25 45 0.8134060502052307 4 -1 -1 
679 978 36 68 0.8119187355041504 4 -1 -1 
1630 744 58 57 0.8093804121017456 4 -1 -1 
770 387 31 61 0.8073123097419739 4 -1 -1 
1041 985 66 50 0.8053549528121948 4 -1 -1 
1195 754 58 62 0.797398567199707 4 -1 -1 
1617 583 34 52 0.7964067459106445 5 -1 -1 
1077 784 67 32 0.7926510572433472 4 -1 -1 
1674 741 52 51 0.7925090193748474 4 -1 -1 
1428 759 52 58 0.7895127534866333 5 -1 -1 
869 200 50 40 0.7780216932296753 4 -1 -1 
970 870 53 48 0.7714144587516785 4 -1 -1 
1763 732 57 67 0.7697528600692749 6 -1 -1 
906 310 31 57 0.768288791179657 4 -1 -1 
1762 630 63 28 0.767337441444397 5 -1 -1 
1232 593 41 74 0.766815721988678 5 -1 -1 
1562 568 33 66 0.7664127349853516 4 -1 -1 
966 1025 68 54 0.7639982104301453 4 -1 -1 
850 323 33 63 0.753001868724823 4 -1 -1 
533 545 45 51 0.7484208345413208 4 -1 -1 
539 672 54 57 0.7424200177192688 4 -1 -1 
1726 559 44 64 0.7409359216690063 5 -1 -1 
529 471 44 65 0.7351918816566467 4 -1 -1 
762 865 67 36 0.731939435005188 4 -1 -1 
537 619 55 58 0.7291459441184998 5 -1 -1 
548 863 63 60 0.726650595664978 4 -1 -1 
851 163 51 47 0.715877115726471 4 -1 -1 
1148 761 60 58 0.706030011177063 4 -1 -1 
563 286 14 21 0.680321991443634 10 -1 -1 
596 403 10 21 0.6798256039619446 1 -1 -1 
1811 737 60 59 0.6731052398681641 4 -1 -1 
1870 625 49 31 0.6638838648796082 4 -1 -1 
1008 535 9 21 0.6635527014732361 10 -1 -1 
777 520 22 14 0.6586490273475647 10 -1 -1 
947 355 20 16 0.6472960114479065 10 -1 -1 
892 5 10 19 0.6290428042411804 10 -1 -1 
662 189 28 54 0.6210421919822693 4 -1 -1 
938 237 10 21 0.6190804243087769 10 -1 -1 
1883 727 36 48 0.6089692115783691 4 -1 -1 
722 0 25 29 0.6040072441101074 4 -1 -1 
981 469 21 14 0.6029102206230164 10 -1 -1 
745 951 10 14 0.596319317817688 1 -1 -1 
930 124 9 18 0.5943082571029663 1 -1 -1 
812 724 23 14 0.5904712677001953 3 -1 -1 
915 415 19 19 0.5857068300247192 10 -1 -1 
1028 1011 9 17 0.5810428857803345 1 -1 -1 
901 557 12 26 0.5769357681274414 3 -1 -1 
759 950 69 58 0.5736318230628967 4 -1 -1 
1862 745 57 62 0.5720500946044922 4 -1 -1 
1693 592 37 61 0.5661013126373291 4 -1 -1 
1006 596 15 26 0.5651906132698059 10 -1 -1 
970 763 12 25 0.56175696849823 10 -1 -1 
573 576 12 23 0.5592261552810669 10 -1 -1 
834 669 9 15 0.5577903985977173 1 -1 -1 
1355 616 34 32 0.5574758052825928 6 -1 -1 
1521 612 24 47 0.5468471646308899 7 -1 -1 
1710 727 61 62 0.5406851768493652 4 -1 -1 
819 5 8 19 0.5360344052314758 1 -1 -1 
979 443 9 14 0.5324522256851196 1 -1 -1 
930 124 9 19 0.5314527750015259 3 -1 -1 
759 951 69 57 0.5304728746414185 5 -1 -1 
1692 593 38 60 0.5302608609199524 5 -1 -1 
946 347 17 15 0.5148071050643921 10 -1 -1 
901 557 12 26 0.4993489980697632 10 -1 -1 
947 350 19 17 0.4921749532222748 10 -1 -1 
740 874 9 13 0.46252724528312683 1 -1 -1 
1029 1011 12 19 0.4592990279197693 1 -1 -1 
981 430 8 17 0.4588523805141449 1 -1 -1 
970 423 8 15 0.4439755976200104 1 -1 -1 
1232 593 41 74 0.44279876351356506 4 -1 -1 
1710 727 61 63 0.4193204641342163 5 -1 -1 
537 619 55 59 0.3763825297355652 4 -1 -1 
1422 584 43 74 0.3704148530960083 6 -1 -1 
714 611 88 41 0.3543139398097992 7 -1 -1 
714 611 88 41 0.34708407521247864 4 -1 -1 
549 864 63 60 0.3336337208747864 5 -1 -1 
714 611 88 41 0.29676178097724915 10 -1 -1 
1422 585 44 74 0.25920289754867554 4 -1 -1 
1196 755 57 61 0.25150996446609497 5 -1 -1 
1725 558 46 67 0.24465195834636688 4 -1 -1 
1811 738 61 59 0.23090580105781555 5 -1 -1 
1762 731 61 67 0.22859664261341095 5 -1 -1 
1811 738 61 59 0.22128178179264069 6 -1 -1 
1393 800 85 90 0.2189643830060959 4 -1 -1 
966 1025 68 54 0.21776838600635529 5 -1 -1 
715 611 88 41 0.21434462070465088 5 -1 -1 
1393 800 85 90 0.2114897221326828 5 -1 -1 
714 611 88 41 0.210001140832901 9 -1 -1 
1393 800 85 90 0.20711778104305267 7 -1 -1 
1309 757 53 60 0.20530249178409576 4 -1 -1 
1232 592 41 75 0.2037058025598526 9 -1 -1 
983 954 58 65 0.1931665688753128 5 -1 -1 
1422 584 43 74 0.19272960722446442 5 -1 -1 
528 472 45 65 0.1874663233757019 5 -1 -1 
1862 744 56 61 0.17832395434379578 5 -1 -1 
1767 541 59 82 0.17437180876731873 5 -1 -1 
715 611 87 41 0.17061962187290192 3 -1 -1 
1149 761 57 57 0.16952088475227356 5 -1 -1 
1248 753 53 59 0.16931253671646118 4 -1 -1 
714 611 88 41 0.1682645082473755 8 -1 -1 
1427 759 53 58 0.16592280566692352 4 -1 -1 
722 0 25 30 0.15487632155418396 5 -1 -1 
1393 800 85 90 0.15172792971134186 10 -1 -1 
1041 985 67 48 0.1514897346496582 5 -1 -1 
1574 839 194 83 0.14655138552188873 6 -1 -1 
761 864 68 38 0.14655008912086487 5 -1 -1 
1032 842 56 55 0.14542242884635925 4 -1 -1 
889 941 37 81 0.13866659998893738 5 -1 -1 
1427 759 53 59 0.1378617286682129 9 -1 -1 
538 671 56 57 0.1366909146308899 5 -1 -1 
1629 743 59 58 0.1343388706445694 5 -1 -1 
715 611 88 41 0.1334163099527359 2 -1 -1 
721 534 65 40 0.13102947175502777 4 -1 -1 
546 761 59 60 0.13065503537654877 5 -1 -1 
1761 731 62 66 0.12713788449764252 9 -1 -1 
1767 541 59 82 0.12352048605680466 4 -1 -1 
1393 800 85 90 0.12217406183481216 9 -1 -1 
557 964 71 64 0.12188614159822464 5 -1 -1 
1762 731 61 67 0.12132308632135391 4 -1 -1 
1866 726 55 63 0.120246522128582 4 -1 -1 
1763 732 57 67 0.11988013982772827 7 -1 -1 
1393 800 85 90 0.11862226575613022 8 -1 -1 
1427 759 53 59 0.11778189986944199 6 -1 -1 
1761 731 62 66 0.11670894920825958 8 -1 -1 
1421 583 44 75 0.11342494934797287 9 -1 -1 
549 808 59 63 0.11168511211872101 5 -1 -1 
1684 958 40 69 0.11072412878274918 5 -1 -1 
548 808 61 62 0.10907058417797089 10 -1 -1 
1783 553 61 82 0.10845006257295609 4 -1 -1 
555 906 65 62 0.10813628137111664 5 -1 -1 
762 851 69 44 0.1073114275932312 4 -1 -1 
548 709 57 63 0.10620922595262527 10 -1 -1 
679 978 37 69 0.10591068863868713 5 -1 -1 
555 906 65 62 0.10586820542812347 10 -1 -1 
546 761 58 60 0.1055467277765274 10 -1 -1 
