1039 220 68 75 0.9878090620040894 6 -1 -1 
763 242 38 53 0.9711185097694397 5 -1 -1 
828 631 71 110 0.9469717144966125 4 -1 -1 
1132 490 81 77 0.9408205151557922 4 -1 -1 
540 323 45 59 0.9075527191162109 4 -1 -1 
650 138 28 32 0.8989458084106445 4 -1 -1 
1226 498 21 47 0.88834547996521 1 -1 -1 
594 128 25 29 0.8876452445983887 4 -1 -1 
1010 207 43 39 0.8803695440292358 4 -1 -1 
763 155 29 31 0.8801432251930237 4 -1 -1 
491 353 42 57 0.8793495893478394 4 -1 -1 
604 63 20 21 0.8793430328369141 4 -1 -1 
792 322 43 52 0.8765220642089844 4 -1 -1 
318 185 69 32 0.8761655688285828 4 -1 -1 
777 215 47 34 0.8761205673217773 4 -1 -1 
922 286 52 44 0.867405354976654 4 -1 -1 
646 37 19 19 0.8662558197975159 4 -1 -1 
650 69 20 28 0.8614582419395447 5 -1 -1 
675 66 22 22 0.8612634539604187 4 -1 -1 
1068 424 116 57 0.8611353635787964 4 -1 -1 
609 88 22 22 0.8601320385932922 4 -1 -1 
42 611 104 118 0.8526486158370972 4 -1 -1 
555 242 37 53 0.8525525331497192 4 -1 -1 
757 127 26 24 0.8523350954055786 4 -1 -1 
823 17 40 14 0.8519784808158875 4 -1 -1 
772 191 29 31 0.8510695695877075 4 -1 -1 
559 179 45 38 0.8444949388504028 4 -1 -1 
687 35 20 18 0.8418152332305908 4 -1 -1 
1043 491 66 82 0.8343616127967834 4 -1 -1 
721 126 26 26 0.8298160433769226 4 -1 -1 
820 44 39 16 0.8262766003608704 4 -1 -1 
859 64 25 20 0.8233835101127625 4 -1 -1 
903 380 104 45 0.822282612323761 4 -1 -1 
494 28 19 17 0.8217317461967468 4 -1 -1 
452 411 92 68 0.8211286067962646 4 -1 -1 
872 174 36 51 0.8211274743080139 5 -1 -1 
607 32 19 19 0.8200135827064514 4 -1 -1 
1051 315 29 23 0.8122192025184631 10 -1 -1 
796 6 17 15 0.808251678943634 4 -1 -1 
804 26 18 18 0.8001411557197571 4 -1 -1 
580 98 22 21 0.7987959384918213 4 -1 -1 
562 125 28 31 0.796857476234436 4 -1 -1 
738 41 16 16 0.7956763505935669 4 -1 -1 
897 108 9 23 0.7916655540466309 1 -1 -1 
914 88 28 16 0.7905233502388 7 -1 -1 
847 4 16 13 0.7863882780075073 4 -1 -1 
746 75 24 23 0.7840197086334229 4 -1 -1 
578 150 27 30 0.7815183997154236 4 -1 -1 
739 32 17 15 0.7791178822517395 4 -1 -1 
153 695 180 71 0.7765745520591736 4 -1 -1 
835 91 24 23 0.7746349573135376 4 -1 -1 
582 114 30 23 0.7661199569702148 4 -1 -1 
884 77 46 20 0.765972375869751 4 -1 -1 
269 285 16 35 0.7655487060546875 1 -1 -1 
882 63 29 20 0.7607607841491699 4 -1 -1 
1197 430 36 23 0.756624698638916 10 -1 -1 
706 60 22 22 0.7498367428779602 4 -1 -1 
450 99 7 21 0.7488723397254944 1 -1 -1 
1063 335 31 24 0.7454989552497864 10 -1 -1 
431 107 6 16 0.7378795742988586 1 -1 -1 
824 63 24 20 0.7328858971595764 4 -1 -1 
1252 504 20 42 0.71921706199646 1 -1 -1 
435 487 57 88 0.7175288200378418 4 -1 -1 
485 37 20 16 0.7153984308242798 4 -1 -1 
1091 352 31 25 0.7145480513572693 10 -1 -1 
203 546 82 127 0.7130280137062073 4 -1 -1 
827 77 22 22 0.7112494111061096 4 -1 -1 
630 127 9 15 0.7111637592315674 2 -1 -1 
500 14 18 20 0.702921986579895 5 -1 -1 
462 65 21 13 0.6969856023788452 10 -1 -1 
513 115 57 23 0.6931031346321106 4 -1 -1 
553 18 17 17 0.6909816265106201 4 -1 -1 
924 107 46 23 0.6875758767127991 4 -1 -1 
589 75 20 22 0.6870285868644714 4 -1 -1 
701 125 8 17 0.6828233003616333 2 -1 -1 
505 290 44 47 0.6802605986595154 4 -1 -1 
520 173 56 38 0.6699663996696472 4 -1 -1 
481 49 18 12 0.6655418276786804 10 -1 -1 
805 104 48 20 0.6562981605529785 4 -1 -1 
698 85 8 15 0.6550995707511902 10 -1 -1 
736 62 32 19 0.6537707448005676 4 -1 -1 
631 133 8 17 0.6533222198486328 3 -1 -1 
730 9 6 17 0.6510956883430481 1 -1 -1 
535 63 49 21 0.636597216129303 4 -1 -1 
505 128 55 25 0.631935715675354 4 -1 -1 
1085 326 26 20 0.6231111288070679 10 -1 -1 
617 0 15 15 0.6229812502861023 4 -1 -1 
935 121 57 32 0.6200940012931824 5 -1 -1 
507 290 43 47 0.6163601279258728 5 -1 -1 
340 512 93 117 0.6043887734413147 4 -1 -1 
628 8 5 13 0.5948312878608704 1 -1 -1 
701 129 8 16 0.5927500128746033 10 -1 -1 
1094 303 30 22 0.5899022221565247 10 -1 -1 
1275 500 28 39 0.5891797542572021 3 -1 -1 
698 82 8 12 0.5755118131637573 2 -1 -1 
512 124 50 23 0.5606909394264221 4 -1 -1 
479 110 8 15 0.5541187524795532 2 -1 -1 
577 83 17 22 0.5520923137664795 8 -1 -1 
828 35 20 14 0.5504251718521118 4 -1 -1 
798 121 49 21 0.54695725440979 4 -1 -1 
737 7 6 17 0.545861542224884 1 -1 -1 
936 121 54 32 0.5151491761207581 4 -1 -1 
446 87 10 11 0.5080012679100037 10 -1 -1 
924 97 20 11 0.49177664518356323 10 -1 -1 
473 149 55 25 0.4907214343547821 4 -1 -1 
476 161 59 31 0.49063602089881897 4 -1 -1 
701 130 7 15 0.48382577300071716 3 -1 -1 
1330 475 15 36 0.48200440406799316 1 -1 -1 
581 105 24 21 0.48077520728111267 4 -1 -1 
753 107 22 26 0.48023277521133423 5 -1 -1 
474 156 54 24 0.4773627519607544 4 -1 -1 
479 110 8 20 0.47250446677207947 1 -1 -1 
372 150 9 24 0.46143317222595215 1 -1 -1 
544 24 6 10 0.4605071246623993 1 -1 -1 
1273 498 30 41 0.4590001106262207 10 -1 -1 
827 5 5 13 0.45778465270996094 1 -1 -1 
474 139 68 28 0.45119744539260864 4 -1 -1 
1263 502 15 34 0.4487334191799164 1 -1 -1 
828 35 20 14 0.4445502460002899 7 -1 -1 
577 83 17 22 0.44171571731567383 5 -1 -1 
1038 220 69 75 0.4416974186897278 5 -1 -1 
447 83 7 12 0.4259820878505707 2 -1 -1 
482 108 29 15 0.4234001934528351 10 -1 -1 
484 135 65 25 0.4202856719493866 4 -1 -1 
1267 501 22 36 0.4198741316795349 3 -1 -1 
923 92 20 14 0.4177567958831787 10 -1 -1 
589 75 19 22 0.4141075015068054 5 -1 -1 
564 43 43 20 0.4137694239616394 4 -1 -1 
291 251 26 25 0.4101102352142334 7 -1 -1 
479 113 8 16 0.4098101854324341 10 -1 -1 
753 107 22 26 0.4084303379058838 4 -1 -1 
630 132 9 18 0.4008423388004303 10 -1 -1 
501 15 17 19 0.3992442786693573 4 -1 -1 
885 39 6 16 0.39677172899246216 1 -1 -1 
630 130 9 19 0.3948918581008911 2 -1 -1 
373 150 9 23 0.38763201236724854 2 -1 -1 
730 8 8 17 0.3864425718784332 1 -1 -1 
553 51 44 20 0.37078857421875 4 -1 -1 
890 483 119 53 0.3352540135383606 4 -1 -1 
555 46 45 19 0.3201400339603424 4 -1 -1 
544 53 52 23 0.30680668354034424 4 -1 -1 
449 243 95 51 0.2970542907714844 4 -1 -1 
872 483 93 52 0.2430230677127838 4 -1 -1 
548 41 46 21 0.2374337911605835 4 -1 -1 
805 118 45 20 0.2277706265449524 4 -1 -1 
882 72 42 21 0.22519689798355103 4 -1 -1 
791 126 53 21 0.22304445505142212 4 -1 -1 
752 104 37 21 0.21066409349441528 4 -1 -1 
450 255 96 51 0.2085670381784439 4 -1 -1 
535 63 52 21 0.18967163562774658 5 -1 -1 
884 78 44 18 0.18293479084968567 5 -1 -1 
553 44 48 21 0.18169063329696655 5 -1 -1 
547 48 50 24 0.18062163889408112 5 -1 -1 
806 104 46 20 0.17537109553813934 5 -1 -1 
1039 220 68 75 0.16841988265514374 10 -1 -1 
417 242 91 51 0.16789987683296204 4 -1 -1 
1085 293 37 26 0.167891263961792 10 -1 -1 
1039 220 68 75 0.1676420420408249 4 -1 -1 
752 104 37 21 0.1668408215045929 6 -1 -1 
814 98 41 24 0.16471150517463684 4 -1 -1 
1065 330 35 26 0.15259741246700287 10 -1 -1 
540 58 55 21 0.14373093843460083 5 -1 -1 
448 243 96 49 0.14201700687408447 5 -1 -1 
802 121 45 20 0.13593778014183044 5 -1 -1 
882 489 103 61 0.13502031564712524 4 -1 -1 
289 248 29 29 0.134670689702034 4 -1 -1 
790 98 61 24 0.13384504616260529 4 -1 -1 
890 484 118 56 0.13197682797908783 5 -1 -1 
459 271 90 41 0.13099125027656555 4 -1 -1 
1068 423 115 58 0.1294688731431961 5 -1 -1 
818 93 39 24 0.12806425988674164 4 -1 -1 
151 693 182 72 0.12629184126853943 5 -1 -1 
1073 313 37 32 0.12362169474363327 10 -1 -1 
1091 297 34 26 0.12310741096735 3 -1 -1 
902 379 106 47 0.12110709398984909 5 -1 -1 
737 61 45 22 0.11958024650812149 4 -1 -1 
534 55 49 25 0.11664512753486633 4 -1 -1 
752 104 37 21 0.11585591733455658 5 -1 -1 
798 128 52 25 0.11571545898914337 4 -1 -1 
293 523 138 111 0.11511242389678955 4 -1 -1 
1039 220 68 75 0.11503828316926956 2 -1 -1 
921 476 101 48 0.11442257463932037 4 -1 -1 
1087 291 36 26 0.1140085905790329 3 -1 -1 
1292 358 62 77 0.11353982239961624 4 -1 -1 
736 62 38 20 0.1131615862250328 5 -1 -1 
790 108 55 21 0.1130664050579071 4 -1 -1 
1039 220 68 75 0.11147104203701019 7 -1 -1 
829 630 70 111 0.11145572364330292 9 -1 -1 
912 83 34 24 0.11056061834096909 7 -1 -1 
1078 292 37 32 0.10911914706230164 10 -1 -1 
1086 309 30 33 0.10909098386764526 10 -1 -1 
647 68 25 31 0.10893223434686661 4 -1 -1 
795 124 51 22 0.10851933807134628 5 -1 -1 
488 276 62 59 0.10637421160936356 4 -1 -1 
1091 305 31 28 0.10494185984134674 10 -1 -1 
1090 352 32 26 0.10454430431127548 7 -1 -1 
417 242 91 51 0.10393401980400085 5 -1 -1 
784 89 39 24 0.10364092886447906 4 -1 -1 
1039 220 68 75 0.10180459171533585 8 -1 -1 
872 483 93 52 0.10076839476823807 5 -1 -1 
784 94 53 22 0.10019493103027344 4 -1 -1 
420 244 120 67 0.10005755722522736 4 -1 -1 
828 631 72 110 0.0997234508395195 10 -1 -1 
874 465 81 55 0.09935891628265381 4 -1 -1 
440 243 102 52 0.09878421574831009 6 -1 -1 
503 164 72 44 0.09873140603303909 4 -1 -1 
752 104 38 22 0.09833645075559616 7 -1 -1 
38 613 110 119 0.09793118387460709 5 -1 -1 
930 482 99 58 0.0968686118721962 4 -1 -1 
256 517 142 127 0.09678582102060318 4 -1 -1 
475 136 81 39 0.09624946862459183 4 -1 -1 
1081 291 36 24 0.09605839848518372 7 -1 -1 
1091 297 34 26 0.09527222067117691 7 -1 -1 
1072 296 35 34 0.09501887857913971 10 -1 -1 
1132 490 81 77 0.09442238509654999 9 -1 -1 
829 631 71 110 0.09413023293018341 1 -1 -1 
1074 328 37 24 0.09404364973306656 10 -1 -1 
828 631 72 110 0.09374269843101501 5 -1 -1 
1132 489 81 78 0.09301728755235672 1 -1 -1 
450 255 96 51 0.09272363781929016 5 -1 -1 
1053 318 34 26 0.09258799254894257 10 -1 -1 
752 104 38 22 0.09186636656522751 8 -1 -1 
300 462 132 166 0.09115877002477646 4 -1 -1 
1090 352 32 26 0.09092250466346741 3 -1 -1 
1039 220 68 75 0.09075570851564407 3 -1 -1 
488 276 62 59 0.09033352881669998 5 -1 -1 
746 99 36 28 0.09006893634796143 4 -1 -1 
1266 365 85 76 0.08983565121889114 4 -1 -1 
1283 361 68 75 0.08885985612869263 8 -1 -1 
884 78 44 18 0.08792059123516083 6 -1 -1 
417 242 91 51 0.08741886168718338 6 -1 -1 
452 411 92 68 0.08737798035144806 1 -1 -1 
753 95 37 27 0.08723583817481995 4 -1 -1 
902 379 106 47 0.08652307838201523 1 -1 -1 
1050 289 59 13 0.08649086952209473 4 -1 -1 
1080 290 38 24 0.08645287901163101 10 -1 -1 
1095 293 32 30 0.08643645793199539 10 -1 -1 
1076 302 37 32 0.08590944111347198 10 -1 -1 
548 51 49 23 0.08540156483650208 6 -1 -1 
1079 323 33 26 0.08503443002700806 3 -1 -1 
1283 361 68 75 0.0829215794801712 7 -1 -1 
828 631 72 110 0.08238775283098221 7 -1 -1 
1257 561 101 129 0.0821906328201294 4 -1 -1 
543 60 54 23 0.08215229958295822 4 -1 -1 
475 151 79 41 0.08138666301965714 4 -1 -1 
1059 324 35 27 0.08041693270206451 10 -1 -1 
553 44 48 21 0.08026760071516037 6 -1 -1 
544 41 45 21 0.08021407574415207 5 -1 -1 
535 64 51 20 0.07961156964302063 6 -1 -1 
1266 365 85 76 0.07912471145391464 5 -1 -1 
1088 318 28 30 0.07878517359495163 10 -1 -1 
289 249 29 28 0.07858345657587051 6 -1 -1 
1132 490 81 77 0.07822077721357346 7 -1 -1 
1257 561 101 129 0.07797722518444061 5 -1 -1 
781 80 35 31 0.0770239308476448 4 -1 -1 
564 50 40 25 0.07680687308311462 4 -1 -1 
244 531 116 137 0.07678109407424927 4 -1 -1 
859 477 160 76 0.06334879994392395 4 -1 -1 
