404 471 172 121 0.9904250502586365 6 -1 -1 
816 105 52 34 0.9777435064315796 5 -1 -1 
953 39 59 27 0.9681615829467773 5 -1 -1 
702 260 75 63 0.9540005326271057 5 -1 -1 
1270 120 66 43 0.9475181102752686 5 -1 -1 
870 188 61 52 0.9365010261535645 5 -1 -1 
776 144 20 29 0.9155335426330566 7 -1 -1 
838 142 39 35 0.9034428000450134 8 -1 -1 
808 73 48 31 0.8981615304946899 5 -1 -1 
523 536 139 114 0.8894237279891968 4 -1 -1 
757 379 97 81 0.8881412744522095 4 -1 -1 
1113 291 104 49 0.8799428939819336 4 -1 -1 
1046 215 61 39 0.8666270971298218 4 -1 -1 
928 128 54 39 0.8659237027168274 4 -1 -1 
1136 8 24 20 0.8635144829750061 5 -1 -1 
712 111 62 29 0.8633546829223633 4 -1 -1 
794 189 65 41 0.8618029356002808 4 -1 -1 
1098 72 43 36 0.8616898059844971 5 -1 -1 
1100 20 31 23 0.8569273948669434 5 -1 -1 
970 347 85 58 0.8566001057624817 4 -1 -1 
595 314 99 66 0.85428386926651 4 -1 -1 
966 538 23 56 0.8475292325019836 1 -1 -1 
1061 34 40 22 0.8453134298324585 4 -1 -1 
978 199 60 41 0.8435782790184021 4 -1 -1 
1137 226 76 35 0.837069571018219 4 -1 -1 
1079 366 94 59 0.8271158933639526 4 -1 -1 
1149 253 93 42 0.8164325952529907 4 -1 -1 
249 303 18 42 0.8093428015708923 1 -1 -1 
778 235 76 49 0.8090815544128418 4 -1 -1 
1156 100 45 35 0.8007220029830933 4 -1 -1 
334 348 39 36 0.7971646189689636 10 -1 -1 
541 264 100 72 0.7956183552742004 4 -1 -1 
753 97 57 33 0.789693295955658 5 -1 -1 
811 270 91 66 0.7884777188301086 5 -1 -1 
1264 55 33 22 0.787404477596283 4 -1 -1 
1190 32 31 22 0.7821121215820312 4 -1 -1 
1072 12 48 17 0.7709352374076843 4 -1 -1 
1074 314 76 54 0.7706136107444763 4 -1 -1 
348 534 17 51 0.7680343389511108 1 -1 -1 
881 64 45 26 0.7677962183952332 4 -1 -1 
1025 49 39 23 0.7668970227241516 4 -1 -1 
544 424 17 43 0.7652949690818787 1 -1 -1 
308 320 44 32 0.7570366859436035 10 -1 -1 
1055 313 19 40 0.7538540363311768 1 -1 -1 
926 82 41 26 0.7484861612319946 4 -1 -1 
610 187 13 30 0.7477413415908813 1 -1 -1 
604 137 68 34 0.747533917427063 4 -1 -1 
1275 203 82 41 0.7473033666610718 5 -1 -1 
1183 132 42 35 0.7384027242660522 4 -1 -1 
1273 183 83 33 0.7378726005554199 4 -1 -1 
273 313 18 37 0.7297111749649048 1 -1 -1 
1176 681 39 61 0.7284027934074402 1 -1 -1 
213 242 20 32 0.7260417938232422 10 -1 -1 
481 206 23 25 0.7238631248474121 10 -1 -1 
1213 206 78 41 0.723267138004303 4 -1 -1 
943 470 148 92 0.7231476902961731 4 -1 -1 
1021 22 46 17 0.723122239112854 4 -1 -1 
941 275 78 54 0.7197695970535278 4 -1 -1 
731 150 32 20 0.7175352573394775 7 -1 -1 
97 319 18 42 0.7064083814620972 1 -1 -1 
1061 411 83 44 0.7008136510848999 7 -1 -1 
800 91 50 26 0.7006015777587891 4 -1 -1 
360 542 16 42 0.6956532001495361 1 -1 -1 
398 224 27 26 0.6952587962150574 10 -1 -1 
1019 123 53 40 0.6913401484489441 4 -1 -1 
1122 15 27 21 0.6903035044670105 5 -1 -1 
1035 560 26 54 0.6860073804855347 1 -1 -1 
934 476 22 51 0.6815350651741028 1 -1 -1 
341 278 20 31 0.6791568398475647 10 -1 -1 
1303 101 43 29 0.6763333082199097 8 -1 -1 
1278 164 80 35 0.6755108833312988 4 -1 -1 
343 337 20 33 0.6631857752799988 2 -1 -1 
1301 101 45 28 0.6599428653717041 5 -1 -1 
1138 265 99 44 0.6554758548736572 4 -1 -1 
316 308 19 36 0.6545569896697998 2 -1 -1 
273 224 36 24 0.6545125246047974 7 -1 -1 
842 72 46 23 0.6403357982635498 4 -1 -1 
1265 4 22 18 0.6362294554710388 5 -1 -1 
895 608 26 50 0.6357769966125488 1 -1 -1 
926 171 55 41 0.6259658336639404 4 -1 -1 
1007 518 25 51 0.6219945549964905 1 -1 -1 
1078 611 23 59 0.6161523461341858 1 -1 -1 
1258 248 100 50 0.6148496866226196 4 -1 -1 
1216 685 49 64 0.6083210706710815 1 -1 -1 
1324 72 9 18 0.6079545617103577 2 -1 -1 
1098 554 35 63 0.6074878573417664 1 -1 -1 
942 544 27 49 0.6060879230499268 1 -1 -1 
1061 651 26 63 0.6024373769760132 1 -1 -1 
1068 663 26 65 0.5948874354362488 1 -1 -1 
332 308 14 34 0.5825569033622742 2 -1 -1 
916 607 31 51 0.5753000974655151 1 -1 -1 
1258 229 96 37 0.5745894312858582 4 -1 -1 
1255 116 13 24 0.5698403716087341 1 -1 -1 
297 702 177 58 0.5664164423942566 4 -1 -1 
65 330 43 30 0.561604380607605 7 -1 -1 
813 127 14 28 0.5582143664360046 1 -1 -1 
48 339 31 32 0.5574524998664856 3 -1 -1 
872 417 18 47 0.555295467376709 1 -1 -1 
838 143 38 34 0.5537125468254089 5 -1 -1 
978 148 40 34 0.5499287247657776 8 -1 -1 
1145 37 8 13 0.549107015132904 2 -1 -1 
1099 72 42 36 0.5445658564567566 4 -1 -1 
927 470 21 55 0.5389626026153564 1 -1 -1 
1266 5 20 17 0.5356173515319824 4 -1 -1 
33 277 60 58 0.5306281447410583 8 -1 -1 
144 239 16 32 0.5259185433387756 1 -1 -1 
989 35 39 21 0.5208745002746582 4 -1 -1 
865 428 24 40 0.5177565217018127 10 -1 -1 
1117 709 33 56 0.5138534307479858 1 -1 -1 
137 298 15 23 0.5084865689277649 2 -1 -1 
1250 696 42 50 0.5075133442878723 2 -1 -1 
9 678 258 85 0.5029239654541016 6 -1 -1 
1147 660 27 65 0.4988335371017456 1 -1 -1 
267 241 28 29 0.49561750888824463 3 -1 -1 
1101 700 30 51 0.4939119219779968 1 -1 -1 
305 229 29 25 0.49074307084083557 3 -1 -1 
1158 24 7 13 0.4884309470653534 2 -1 -1 
1029 401 18 38 0.48830878734588623 1 -1 -1 
1280 692 50 54 0.4824225902557373 1 -1 -1 
51 336 49 34 0.47840821743011475 7 -1 -1 
923 466 19 47 0.4775013327598572 1 -1 -1 
142 240 13 35 0.47706934809684753 1 -1 -1 
1091 555 42 59 0.47356247901916504 10 -1 -1 
326 239 29 25 0.4719548225402832 10 -1 -1 
978 148 40 34 0.46927228569984436 4 -1 -1 
124 295 17 23 0.46787336468696594 2 -1 -1 
1249 695 43 51 0.4665021598339081 1 -1 -1 
867 91 19 17 0.46063077449798584 3 -1 -1 
865 428 24 40 0.4592309296131134 1 -1 -1 
1142 42 10 13 0.45780807733535767 10 -1 -1 
273 224 36 25 0.45772865414619446 10 -1 -1 
405 470 171 122 0.45768633484840393 4 -1 -1 
779 144 17 24 0.45698556303977966 2 -1 -1 
11 330 22 31 0.4565606415271759 2 -1 -1 
752 149 13 19 0.4475283920764923 2 -1 -1 
858 430 25 38 0.4466286897659302 1 -1 -1 
144 253 14 32 0.4451834559440613 1 -1 -1 
1109 251 16 38 0.4427085518836975 1 -1 -1 
1156 26 9 15 0.44020822644233704 10 -1 -1 
874 91 16 17 0.4397066831588745 3 -1 -1 
1198 628 28 34 0.43327948451042175 2 -1 -1 
1322 80 10 14 0.43256881833076477 3 -1 -1 
1257 248 99 51 0.43202531337738037 5 -1 -1 
43 318 25 31 0.43135157227516174 3 -1 -1 
1237 626 36 45 0.42891833186149597 2 -1 -1 
1017 416 30 31 0.42773929238319397 10 -1 -1 
1019 123 53 40 0.42494913935661316 5 -1 -1 
51 337 26 34 0.42465776205062866 1 -1 -1 
977 147 42 35 0.4238172471523285 7 -1 -1 
927 171 55 41 0.42292314767837524 5 -1 -1 
1108 252 17 35 0.4216190576553345 3 -1 -1 
309 238 45 27 0.4206973612308502 10 -1 -1 
986 641 21 34 0.4205491840839386 1 -1 -1 
41 317 31 32 0.4187937378883362 10 -1 -1 
18 680 251 84 0.4186113476753235 5 -1 -1 
1323 79 9 15 0.4166005253791809 10 -1 -1 
1039 589 23 55 0.4153425097465515 1 -1 -1 
864 90 12 18 0.4116397798061371 3 -1 -1 
916 609 34 50 0.40883734822273254 2 -1 -1 
337 342 33 38 0.40655261278152466 2 -1 -1 
404 471 172 121 0.40488991141319275 7 -1 -1 
925 389 77 49 0.403719425201416 7 -1 -1 
1264 215 93 45 0.40023550391197205 5 -1 -1 
313 231 30 23 0.3999332785606384 3 -1 -1 
810 269 92 67 0.3917982876300812 4 -1 -1 
21 678 247 86 0.349237859249115 4 -1 -1 
1258 227 97 41 0.333548367023468 5 -1 -1 
941 470 145 90 0.3273167908191681 5 -1 -1 
923 389 81 72 0.3241162598133087 4 -1 -1 
541 264 102 72 0.3228495121002197 5 -1 -1 
1060 409 83 47 0.3217394948005676 8 -1 -1 
1321 89 38 30 0.28290867805480957 5 -1 -1 
1269 204 90 44 0.2758530080318451 4 -1 -1 
1264 215 93 45 0.259557843208313 4 -1 -1 
1083 529 57 85 0.24796566367149353 10 -1 -1 
309 309 30 39 0.24562636017799377 2 -1 -1 
1136 269 91 47 0.24220451712608337 5 -1 -1 
307 234 43 30 0.23463787138462067 3 -1 -1 
258 321 33 37 0.21410700678825378 10 -1 -1 
32 269 72 70 0.2110130786895752 7 -1 -1 
926 389 74 81 0.21074680984020233 7 -1 -1 
255 309 29 43 0.19857487082481384 1 -1 -1 
702 259 75 63 0.1947823166847229 4 -1 -1 
1142 256 98 41 0.186436265707016 5 -1 -1 
595 314 99 66 0.18482966721057892 5 -1 -1 
1137 239 93 44 0.1834011971950531 4 -1 -1 
308 318 42 33 0.18171581625938416 2 -1 -1 
259 317 32 40 0.1812674105167389 1 -1 -1 
31 269 72 70 0.17252197861671448 5 -1 -1 
923 389 81 72 0.1718425750732422 8 -1 -1 
272 224 40 27 0.16750286519527435 3 -1 -1 
405 471 171 122 0.16144360601902008 10 -1 -1 
29 264 76 60 0.15938642621040344 8 -1 -1 
308 320 44 32 0.15825268626213074 7 -1 -1 
305 232 39 31 0.1580066829919815 10 -1 -1 
314 240 42 27 0.15762865543365479 3 -1 -1 
940 276 79 52 0.15674105286598206 5 -1 -1 
923 389 81 72 0.1556711345911026 5 -1 -1 
308 320 44 32 0.15403839945793152 3 -1 -1 
293 226 43 29 0.14968831837177277 3 -1 -1 
405 471 171 122 0.14946237206459045 3 -1 -1 
944 395 69 84 0.14807243645191193 4 -1 -1 
1113 290 106 51 0.1430637091398239 5 -1 -1 
404 470 172 122 0.1428062617778778 8 -1 -1 
40 263 79 56 0.1392028033733368 7 -1 -1 
1271 187 88 37 0.137584388256073 5 -1 -1 
1321 89 38 30 0.13562694191932678 4 -1 -1 
1217 689 73 63 0.1345556229352951 1 -1 -1 
923 389 81 67 0.13376067578792572 6 -1 -1 
265 238 33 33 0.13285115361213684 10 -1 -1 
308 319 45 33 0.1313495934009552 8 -1 -1 
1102 15 46 26 0.13121215999126434 5 -1 -1 
1184 681 71 67 0.12968020141124725 1 -1 -1 
310 236 43 30 0.12703634798526764 7 -1 -1 
1270 162 89 39 0.12696684896945953 5 -1 -1 
935 389 84 66 0.12690193951129913 7 -1 -1 
309 309 30 39 0.12650226056575775 1 -1 -1 
309 309 30 39 0.12397195398807526 10 -1 -1 
32 269 72 71 0.12380457669496536 6 -1 -1 
851 264 51 76 0.12324059754610062 4 -1 -1 
268 234 33 34 0.12218958139419556 3 -1 -1 
271 224 41 27 0.12004660815000534 8 -1 -1 
404 471 172 122 0.11762942373752594 5 -1 -1 
405 470 171 123 0.11740756779909134 9 -1 -1 
756 378 99 81 0.1169915646314621 5 -1 -1 
1079 366 93 59 0.1166134774684906 5 -1 -1 
24 678 246 86 0.11522535979747772 9 -1 -1 
944 395 69 84 0.11431212723255157 7 -1 -1 
605 303 92 49 0.11425256729125977 4 -1 -1 
1246 688 80 65 0.11365943402051926 1 -1 -1 
1275 188 87 45 0.11175303161144257 4 -1 -1 
305 223 41 31 0.1109934076666832 3 -1 -1 
922 410 74 73 0.11083204299211502 4 -1 -1 
1099 541 65 73 0.11065501719713211 10 -1 -1 
912 390 68 85 0.10975684970617294 4 -1 -1 
308 318 42 33 0.10969606041908264 1 -1 -1 
1114 10 43 28 0.10936202853918076 5 -1 -1 
1264 687 68 65 0.1091982051730156 2 -1 -1 
702 259 75 63 0.10874807089567184 9 -1 -1 
1173 678 63 66 0.10770955681800842 1 -1 -1 
1206 672 66 66 0.10669226944446564 1 -1 -1 
970 347 84 58 0.10621507465839386 5 -1 -1 
1120 636 49 84 0.10463456064462662 1 -1 -1 
1066 407 83 48 0.10309777408838272 4 -1 -1 
932 466 124 67 0.10264641791582108 4 -1 -1 
298 227 38 31 0.10242653638124466 10 -1 -1 
702 259 75 63 0.10195998847484589 6 -1 -1 
944 470 143 92 0.10158117860555649 6 -1 -1 
946 390 89 64 0.10039301216602325 4 -1 -1 
1275 682 71 67 0.09978185594081879 1 -1 -1 
917 461 59 66 0.0992184653878212 1 -1 -1 
1060 408 83 48 0.09898316115140915 6 -1 -1 
314 229 40 30 0.09575500339269638 10 -1 -1 
258 325 34 34 0.0957203283905983 3 -1 -1 
269 230 36 32 0.09538020938634872 10 -1 -1 
139 239 22 44 0.09528798609972 1 -1 -1 
1084 495 68 115 0.09472493827342987 10 -1 -1 
943 470 148 92 0.09445320814847946 1 -1 -1 
928 389 73 84 0.09406747668981552 10 -1 -1 
285 704 193 57 0.09393811225891113 5 -1 -1 
1054 654 42 81 0.0913127139210701 1 -1 -1 
1159 417 124 193 0.05274936929345131 4 -1 -1 
