1080 526 186 128 0.973714292049408 5 -1 -1 
1205 276 69 55 0.964739978313446 8 -1 -1 
974 415 165 91 0.9502772688865662 4 -1 -1 
376 144 28 19 0.943146824836731 3 -1 -1 
550 92 39 33 0.9427353143692017 5 -1 -1 
569 318 85 76 0.9410285353660583 4 -1 -1 
1130 214 94 37 0.939031720161438 4 -1 -1 
798 173 63 39 0.9369151592254639 4 -1 -1 
861 435 167 103 0.9367331266403198 4 -1 -1 
1045 376 144 79 0.9341403841972351 4 -1 -1 
224 93 39 26 0.910074770450592 4 -1 -1 
551 237 56 64 0.8977693915367126 4 -1 -1 
1145 253 92 44 0.8901578187942505 4 -1 -1 
1017 114 51 26 0.8885481357574463 4 -1 -1 
840 289 15 49 0.8741568922996521 1 -1 -1 
307 425 60 44 0.8707152009010315 10 -1 -1 
484 93 48 27 0.8679262399673462 4 -1 -1 
896 248 17 46 0.8664258122444153 1 -1 -1 
289 140 38 30 0.8489242196083069 4 -1 -1 
979 162 57 35 0.8305656313896179 4 -1 -1 
1258 157 60 33 0.77786785364151 4 -1 -1 
1213 531 145 118 0.7741217613220215 4 -1 -1 
1133 178 90 38 0.7708008289337158 5 -1 -1 
392 75 41 26 0.7577230334281921 4 -1 -1 
397 119 15 31 0.7300171256065369 1 -1 -1 
1239 239 11 29 0.7111442685127258 1 -1 -1 
1070 223 45 41 0.7088570594787598 4 -1 -1 
324 409 30 51 0.6996636986732483 2 -1 -1 
1122 197 96 33 0.6892761588096619 4 -1 -1 
1328 370 25 52 0.6583070755004883 1 -1 -1 
385 134 13 26 0.6548265218734741 2 -1 -1 
1104 168 16 24 0.6220231652259827 10 -1 -1 
284 13 35 19 0.6028245091438293 4 -1 -1 
190 129 17 30 0.5861220359802246 2 -1 -1 
1106 162 14 25 0.5852019786834717 2 -1 -1 
1208 170 59 37 0.5639058947563171 5 -1 -1 
1208 170 60 37 0.5635706186294556 4 -1 -1 
361 62 35 25 0.5535807609558105 4 -1 -1 
205 20 7 15 0.550114095211029 1 -1 -1 
8 115 12 29 0.5464245676994324 1 -1 -1 
586 120 11 26 0.5458953380584717 1 -1 -1 
633 44 29 22 0.538453221321106 4 -1 -1 
1221 241 16 35 0.501197099685669 2 -1 -1 
13 119 9 26 0.49343064427375793 1 -1 -1 
1222 242 14 29 0.4895055592060089 1 -1 -1 
586 129 12 20 0.4782111644744873 3 -1 -1 
1107 223 14 30 0.47312432527542114 1 -1 -1 
191 138 16 22 0.4683457016944885 10 -1 -1 
1319 306 41 28 0.46794393658638 10 -1 -1 
1125 183 96 42 0.4328165054321289 4 -1 -1 
1319 312 41 25 0.4199312925338745 3 -1 -1 
253 125 9 20 0.41659796237945557 1 -1 -1 
1300 137 12 26 0.413831889629364 1 -1 -1 
205 24 8 13 0.4065040647983551 3 -1 -1 
586 120 11 25 0.4052758812904358 2 -1 -1 
1108 223 13 25 0.39550405740737915 2 -1 -1 
1124 193 97 34 0.3950481116771698 5 -1 -1 
834 156 8 23 0.3839714229106903 1 -1 -1 
870 738 35 25 0.3782612085342407 1 -1 -1 
190 129 17 30 0.3648165166378021 1 -1 -1 
205 21 8 16 0.36413896083831787 10 -1 -1 
1221 250 18 27 0.3635365664958954 10 -1 -1 
205 19 8 16 0.35885724425315857 2 -1 -1 
316 416 45 49 0.3542640507221222 2 -1 -1 
1322 302 39 24 0.35313716530799866 10 -1 -1 
191 138 15 22 0.3506661057472229 3 -1 -1 
0 121 12 25 0.34434258937835693 2 -1 -1 
29 0 24 12 0.34368279576301575 10 -1 -1 
306 59 9 17 0.34367311000823975 2 -1 -1 
316 416 45 49 0.333131343126297 10 -1 -1 
309 61 7 17 0.33235496282577515 2 -1 -1 
361 57 35 29 0.3318924605846405 5 -1 -1 
382 140 17 21 0.3312322199344635 2 -1 -1 
607 39 7 22 0.32761460542678833 1 -1 -1 
7 116 13 27 0.3212713301181793 2 -1 -1 
1205 276 69 55 0.3206719756126404 5 -1 -1 
1299 166 16 27 0.3139173090457916 1 -1 -1 
309 61 7 17 0.3108372688293457 1 -1 -1 
393 74 40 26 0.31019145250320435 5 -1 -1 
1107 226 23 28 0.30497676134109497 10 -1 -1 
1299 137 13 25 0.30250492691993713 2 -1 -1 
1220 251 19 26 0.2961161136627197 3 -1 -1 
1060 70 41 19 0.29525551199913025 4 -1 -1 
1106 163 14 24 0.295110285282135 1 -1 -1 
849 61 32 25 0.29167038202285767 4 -1 -1 
385 134 12 25 0.2902092933654785 1 -1 -1 
308 426 59 44 0.2885185778141022 4 -1 -1 
550 92 39 33 0.2880791425704956 4 -1 -1 
586 129 12 20 0.2863083779811859 10 -1 -1 
1324 360 33 66 0.2850549817085266 1 -1 -1 
284 13 37 19 0.2751760482788086 5 -1 -1 
1220 251 19 26 0.2717266082763672 1 -1 -1 
307 59 7 16 0.2649116516113281 1 -1 -1 
2 116 12 27 0.2638160288333893 1 -1 -1 
1108 223 19 31 0.2625770568847656 2 -1 -1 
1229 240 17 36 0.2620110809803009 1 -1 -1 
898 242 13 25 0.26163050532341003 2 -1 -1 
896 242 16 33 0.2578340470790863 1 -1 -1 
1111 162 10 21 0.25762808322906494 2 -1 -1 
1203 250 18 22 0.2540833353996277 1 -1 -1 
386 56 8 16 0.25352758169174194 1 -1 -1 
1333 359 25 52 0.25268763303756714 1 -1 -1 
1320 306 35 25 0.25059327483177185 3 -1 -1 
0 120 13 26 0.24911639094352722 10 -1 -1 
1205 276 69 55 0.24812936782836914 4 -1 -1 
5 114 11 24 0.24639959633350372 2 -1 -1 
386 56 8 15 0.24411946535110474 2 -1 -1 
1258 157 59 32 0.23936423659324646 5 -1 -1 
2 116 12 27 0.23871539533138275 2 -1 -1 
1221 244 14 29 0.23836375772953033 3 -1 -1 
385 55 9 24 0.23591415584087372 1 -1 -1 
1221 249 21 32 0.2339777648448944 2 -1 -1 
1104 168 16 24 0.23351795971393585 3 -1 -1 
1335 210 11 24 0.23285716772079468 1 -1 -1 
324 409 30 53 0.23241060972213745 1 -1 -1 
1080 526 186 128 0.23115435242652893 4 -1 -1 
1239 213 9 10 0.23109637200832367 8 -1 -1 
254 130 9 16 0.23101262748241425 1 -1 -1 
1222 243 14 31 0.22895216941833496 10 -1 -1 
1336 369 21 53 0.22810547053813934 1 -1 -1 
633 44 30 22 0.22783981263637543 5 -1 -1 
1234 239 14 26 0.22740942239761353 1 -1 -1 
0 121 12 25 0.2257464975118637 1 -1 -1 
0 120 13 26 0.22261323034763336 7 -1 -1 
1205 276 69 55 0.2224130779504776 2 -1 -1 
586 120 11 27 0.21633048355579376 3 -1 -1 
1205 276 69 55 0.2161974310874939 7 -1 -1 
870 738 35 25 0.2161290943622589 2 -1 -1 
1239 213 9 10 0.21560749411582947 6 -1 -1 
361 57 35 29 0.2154022455215454 6 -1 -1 
657 43 7 18 0.2149754762649536 1 -1 -1 
1336 214 22 20 0.2122572362422943 3 -1 -1 
1239 213 9 10 0.21197888255119324 7 -1 -1 
1205 276 69 55 0.21081098914146423 3 -1 -1 
195 1 17 16 0.2106248438358307 9 -1 -1 
607 49 6 17 0.21042875945568085 1 -1 -1 
1228 252 17 25 0.20966064929962158 10 -1 -1 
1108 223 22 31 0.2085745483636856 7 -1 -1 
1319 312 40 25 0.20658445358276367 7 -1 -1 
1 117 20 29 0.20649836957454681 1 -1 -1 
1228 250 16 27 0.2062579095363617 3 -1 -1 
1216 530 141 120 0.2046593576669693 5 -1 -1 
586 119 7 13 0.2022155523300171 1 -1 -1 
1290 161 27 29 0.19847054779529572 4 -1 -1 
1133 176 89 34 0.19385530054569244 4 -1 -1 
1103 165 18 27 0.18663114309310913 2 -1 -1 
373 53 23 32 0.18194060027599335 5 -1 -1 
1081 526 185 128 0.1814117431640625 8 -1 -1 
1226 242 18 36 0.1799079328775406 2 -1 -1 
357 53 31 32 0.17432865500450134 4 -1 -1 
287 10 38 18 0.1687566488981247 4 -1 -1 
308 425 59 44 0.16422706842422485 2 -1 -1 
1125 204 96 39 0.15889057517051697 5 -1 -1 
376 144 28 19 0.15873855352401733 2 -1 -1 
300 23 45 18 0.15785372257232666 4 -1 -1 
266 14 37 18 0.15497955679893494 4 -1 -1 
1 118 17 29 0.14703118801116943 2 -1 -1 
974 415 165 91 0.1433018445968628 1 -1 -1 
551 237 56 64 0.14133991301059723 5 -1 -1 
1292 163 25 31 0.1412264108657837 1 -1 -1 
1320 361 36 61 0.1377445012331009 10 -1 -1 
896 242 17 35 0.13527418673038483 2 -1 -1 
861 436 166 102 0.13333551585674286 5 -1 -1 
1319 358 38 63 0.13227826356887817 4 -1 -1 
361 57 35 29 0.13006967306137085 9 -1 -1 
182 1 31 17 0.12910732626914978 9 -1 -1 
587 42 28 22 0.1287516951560974 10 -1 -1 
1214 245 22 35 0.12870365381240845 2 -1 -1 
1320 354 38 65 0.12678734958171844 8 -1 -1 
292 18 41 17 0.12600365281105042 4 -1 -1 
1044 377 144 79 0.12564407289028168 1 -1 -1 
973 415 166 91 0.12556150555610657 9 -1 -1 
300 23 45 18 0.12466633319854736 5 -1 -1 
266 14 37 18 0.12442635744810104 5 -1 -1 
1330 209 23 26 0.12436345964670181 3 -1 -1 
307 425 59 45 0.12419556826353073 3 -1 -1 
1130 214 94 37 0.12242279946804047 1 -1 -1 
373 53 23 32 0.12238088995218277 6 -1 -1 
1312 199 16 32 0.12104476988315582 1 -1 -1 
570 318 84 76 0.12065445631742477 1 -1 -1 
1081 526 185 128 0.12030072510242462 10 -1 -1 
840 289 15 49 0.118412546813488 4 -1 -1 
1081 526 185 129 0.11831105500459671 6 -1 -1 
1214 245 22 35 0.11693786829710007 1 -1 -1 
1296 176 25 25 0.11632981151342392 3 -1 -1 
1294 164 23 30 0.11525341123342514 10 -1 -1 
1207 243 18 32 0.11503835767507553 1 -1 -1 
1321 353 37 65 0.11382105201482773 2 -1 -1 
1234 239 15 34 0.11262676119804382 2 -1 -1 
842 304 15 36 0.11095669865608215 1 -1 -1 
1335 207 18 28 0.11092688888311386 2 -1 -1 
1205 276 69 55 0.10978176444768906 1 -1 -1 
798 173 64 39 0.10953576117753983 5 -1 -1 
798 173 64 39 0.10934001952409744 1 -1 -1 
1082 524 141 37 0.10821057856082916 4 -1 -1 
376 144 29 19 0.10769844055175781 10 -1 -1 
1335 207 18 28 0.107377789914608 1 -1 -1 
633 44 31 21 0.10679125040769577 8 -1 -1 
1187 147 17 28 0.1066889613866806 1 -1 -1 
1074 219 60 42 0.10642881691455841 4 -1 -1 
895 249 17 45 0.10632308572530746 4 -1 -1 
376 144 28 19 0.10536294430494308 1 -1 -1 
1311 180 45 53 0.08229877054691315 7 -1 -1 
1311 180 45 53 0.07332663983106613 6 -1 -1 
1311 180 45 53 0.06594862043857574 8 -1 -1 
352 49 48 41 0.050054579973220825 4 -1 -1 
