422 288 18 56 0.8838980793952942 1 -1 -1 
373 312 40 34 0.8067740797996521 10 -1 -1 
462 290 17 53 0.7894870638847351 1 -1 -1 
437 292 16 55 0.7806155681610107 1 -1 -1 
184 324 27 48 0.6532812118530273 2 -1 -1 
381 292 24 50 0.6440957188606262 2 -1 -1 
204 316 24 52 0.6228054761886597 2 -1 -1 
239 319 30 51 0.6175745129585266 2 -1 -1 
227 329 22 40 0.6125307083129883 2 -1 -1 
903 231 12 26 0.5616374015808105 1 -1 -1 
819 245 15 23 0.5583024621009827 2 -1 -1 
831 241 13 20 0.5572351813316345 2 -1 -1 
440 287 17 50 0.4891367256641388 1 -1 -1 
190 335 27 37 0.48804259300231934 2 -1 -1 
229 343 58 42 0.47992292046546936 10 -1 -1 
447 288 14 44 0.47756853699684143 1 -1 -1 
806 237 15 19 0.4682561159133911 2 -1 -1 
242 339 32 42 0.45350515842437744 2 -1 -1 
199 334 29 37 0.45338955521583557 2 -1 -1 
187 331 18 32 0.44147658348083496 2 -1 -1 
830 246 17 22 0.4204341471195221 2 -1 -1 
452 288 13 43 0.40015485882759094 1 -1 -1 
381 291 24 51 0.37624505162239075 1 -1 -1 
820 246 25 22 0.36373960971832275 2 -1 -1 
903 231 12 26 0.36124294996261597 2 -1 -1 
243 319 30 38 0.3566959798336029 2 -1 -1 
152 333 77 41 0.3433648943901062 10 -1 -1 
227 328 30 50 0.32283899188041687 2 -1 -1 
900 238 7 19 0.3188894987106323 1 -1 -1 
448 288 14 42 0.3162787854671478 2 -1 -1 
204 316 24 52 0.3060968816280365 1 -1 -1 
198 338 16 36 0.3051498234272003 2 -1 -1 
832 241 10 16 0.29967013001441956 2 -1 -1 
243 318 19 31 0.29667243361473083 2 -1 -1 
232 341 52 44 0.2866370975971222 2 -1 -1 
456 289 21 44 0.28648221492767334 1 -1 -1 
208 328 25 41 0.2817670404911041 2 -1 -1 
238 337 39 45 0.27969369292259216 10 -1 -1 
816 245 31 23 0.27748122811317444 10 -1 -1 
375 306 36 40 0.27742964029312134 2 -1 -1 
191 336 18 28 0.27512961626052856 2 -1 -1 
775 223 8 28 0.2731761038303375 1 -1 -1 
808 239 9 14 0.26350489258766174 2 -1 -1 
227 329 17 37 0.261920303106308 1 -1 -1 
252 337 24 38 0.26159992814064026 2 -1 -1 
250 320 25 49 0.25673848390579224 2 -1 -1 
255 320 16 31 0.252215713262558 2 -1 -1 
152 338 76 37 0.25024837255477905 7 -1 -1 
436 289 18 57 0.24846038222312927 2 -1 -1 
426 301 15 46 0.24582329392433167 1 -1 -1 
900 231 9 26 0.24463002383708954 1 -1 -1 
782 228 12 17 0.24430935084819794 2 -1 -1 
209 317 17 41 0.24271827936172485 2 -1 -1 
440 287 17 50 0.24261781573295593 2 -1 -1 
373 314 40 32 0.24225278198719025 3 -1 -1 
898 232 10 25 0.24187041819095612 2 -1 -1 
782 224 24 19 0.24139368534088135 10 -1 -1 
185 324 23 44 0.24098268151283264 1 -1 -1 
171 329 41 46 0.24007096886634827 2 -1 -1 
187 321 15 31 0.23877714574337006 2 -1 -1 
770 248 14 18 0.2373906821012497 1 -1 -1 
240 319 25 53 0.23714151978492737 1 -1 -1 
901 235 11 27 0.23355595767498016 1 -1 -1 
831 241 13 20 0.2334979772567749 1 -1 -1 
185 320 22 39 0.23280537128448486 2 -1 -1 
453 288 22 43 0.23216469585895538 2 -1 -1 
834 242 13 22 0.23046204447746277 2 -1 -1 
830 246 17 22 0.22713465988636017 10 -1 -1 
152 337 77 38 0.2269984781742096 3 -1 -1 
211 341 19 28 0.22611090540885925 2 -1 -1 
460 289 19 50 0.2250586599111557 2 -1 -1 
184 328 15 34 0.21481050550937653 2 -1 -1 
209 318 16 42 0.21212072670459747 1 -1 -1 
185 328 17 34 0.2105938047170639 1 -1 -1 
900 237 10 22 0.21005317568778992 2 -1 -1 
814 244 19 18 0.20441952347755432 2 -1 -1 
230 321 28 41 0.20339524745941162 2 -1 -1 
907 232 10 25 0.20310592651367188 1 -1 -1 
782 228 12 17 0.20150364935398102 1 -1 -1 
176 207 38 16 0.19770686328411102 4 -1 -1 
819 245 15 23 0.19611147046089172 1 -1 -1 
186 321 17 32 0.19169098138809204 1 -1 -1 
896 231 11 26 0.18985094130039215 1 -1 -1 
883 220 11 27 0.18623040616512299 1 -1 -1 
443 284 17 43 0.1841159462928772 2 -1 -1 
390 305 21 36 0.18371953070163727 2 -1 -1 
790 223 17 19 0.1836022138595581 10 -1 -1 
215 332 27 40 0.18340516090393066 2 -1 -1 
188 253 12 14 0.18316572904586792 10 -1 -1 
251 320 16 30 0.18234345316886902 2 -1 -1 
438 288 14 44 0.18185211718082428 1 -1 -1 
196 328 28 43 0.17981606721878052 1 -1 -1 
188 334 27 39 0.17815709114074707 1 -1 -1 
806 237 15 19 0.1772981733083725 1 -1 -1 
825 242 14 23 0.1739429086446762 2 -1 -1 
452 289 14 44 0.17303934693336487 2 -1 -1 
795 223 13 19 0.16931627690792084 2 -1 -1 
243 318 26 39 0.16907665133476257 1 -1 -1 
198 338 16 36 0.16768667101860046 1 -1 -1 
152 337 77 38 0.16560301184654236 2 -1 -1 
810 245 19 20 0.16516470909118652 10 -1 -1 
822 243 13 19 0.16329163312911987 2 -1 -1 
898 239 7 18 0.16167619824409485 1 -1 -1 
373 312 40 34 0.16115808486938477 4 -1 -1 
808 239 17 24 0.15889811515808105 10 -1 -1 
374 304 37 42 0.15701943635940552 1 -1 -1 
226 328 25 45 0.15672710537910461 1 -1 -1 
795 223 13 19 0.15661530196666718 1 -1 -1 
257 324 16 33 0.15380454063415527 2 -1 -1 
381 291 23 51 0.1534801572561264 10 -1 -1 
803 241 42 25 0.15341557562351227 10 -1 -1 
809 237 16 22 0.15314076840877533 2 -1 -1 
835 242 9 16 0.15085549652576447 2 -1 -1 
397 306 15 28 0.15001647174358368 2 -1 -1 
150 334 71 42 0.1496216356754303 1 -1 -1 
907 232 10 25 0.1492018848657608 2 -1 -1 
830 242 8 15 0.14742432534694672 2 -1 -1 
833 239 13 17 0.14385128021240234 2 -1 -1 
895 236 11 22 0.14306266605854034 2 -1 -1 
383 290 27 38 0.14157553017139435 2 -1 -1 
781 226 17 18 0.14154724776744843 10 -1 -1 
811 249 10 23 0.14127004146575928 1 -1 -1 
254 340 20 27 0.14093708992004395 2 -1 -1 
815 245 32 23 0.14092381298542023 7 -1 -1 
205 341 19 28 0.13891467452049255 2 -1 -1 
785 228 8 12 0.138873890042305 2 -1 -1 
171 331 38 43 0.1380893737077713 1 -1 -1 
190 252 14 14 0.13787487149238586 10 -1 -1 
818 246 16 22 0.1377931386232376 10 -1 -1 
189 333 17 31 0.13723872601985931 1 -1 -1 
752 215 12 26 0.1363423615694046 1 -1 -1 
424 288 17 56 0.1357535868883133 2 -1 -1 
205 320 16 35 0.13468718528747559 2 -1 -1 
803 238 15 23 0.13411855697631836 2 -1 -1 
782 227 20 17 0.13318076729774475 2 -1 -1 
255 320 16 31 0.13297894597053528 1 -1 -1 
192 249 11 16 0.13195008039474487 1 -1 -1 
814 251 19 18 0.13066232204437256 2 -1 -1 
811 246 18 21 0.1305854320526123 2 -1 -1 
217 320 23 43 0.12916874885559082 2 -1 -1 
805 245 16 20 0.12866760790348053 10 -1 -1 
806 238 40 25 0.128639355301857 7 -1 -1 
153 348 62 30 0.12862664461135864 8 -1 -1 
800 223 6 13 0.12800657749176025 1 -1 -1 
806 240 17 23 0.12770836055278778 2 -1 -1 
172 203 19 20 0.12699101865291595 4 -1 -1 
445 282 22 39 0.1269659847021103 2 -1 -1 
188 252 10 14 0.12687842547893524 1 -1 -1 
834 242 13 22 0.12590037286281586 1 -1 -1 
782 225 24 19 0.1256769746541977 3 -1 -1 
229 327 54 49 0.12545233964920044 10 -1 -1 
194 246 10 18 0.12470491230487823 2 -1 -1 
196 329 16 33 0.12357600033283234 2 -1 -1 
449 286 13 34 0.12324976921081543 1 -1 -1 
193 337 18 32 0.12292826175689697 1 -1 -1 
293 275 38 19 0.12193235009908676 4 -1 -1 
243 335 31 43 0.12089210003614426 1 -1 -1 
291 276 39 18 0.12082423269748688 7 -1 -1 
249 317 18 25 0.11907201260328293 2 -1 -1 
827 241 13 18 0.11895307898521423 2 -1 -1 
811 248 16 21 0.11866781860589981 1 -1 -1 
431 285 19 50 0.11849910765886307 1 -1 -1 
805 245 16 20 0.11842752248048782 3 -1 -1 
785 224 22 19 0.11840794235467911 2 -1 -1 
829 245 18 23 0.11811438202857971 7 -1 -1 
211 315 16 28 0.11790002882480621 2 -1 -1 
818 243 15 18 0.11742222309112549 1 -1 -1 
802 233 18 17 0.11733214557170868 2 -1 -1 
899 239 10 22 0.11647810786962509 1 -1 -1 
213 223 16 24 0.11626459658145905 1 -1 -1 
251 341 25 38 0.11586764454841614 10 -1 -1 
198 233 10 16 0.11558139324188232 1 -1 -1 
229 327 54 49 0.11549114435911179 2 -1 -1 
441 285 14 40 0.11446641385555267 1 -1 -1 
228 329 16 30 0.11311343312263489 2 -1 -1 
806 237 15 22 0.11233711987733841 10 -1 -1 
436 289 13 50 0.11221735179424286 1 -1 -1 
251 320 22 41 0.11209628731012344 1 -1 -1 
247 315 26 31 0.11203397065401077 2 -1 -1 
189 250 8 15 0.11196418851613998 10 -1 -1 
779 225 13 20 0.11190435290336609 2 -1 -1 
215 317 12 33 0.11106223613023758 2 -1 -1 
186 315 28 36 0.11102498322725296 2 -1 -1 
196 250 11 17 0.11060110479593277 1 -1 -1 
820 246 25 22 0.1099916324019432 1 -1 -1 
809 239 9 15 0.1087745800614357 1 -1 -1 
231 325 32 53 0.10772039741277695 1 -1 -1 
806 238 40 25 0.1075495108962059 2 -1 -1 
433 283 19 44 0.1071055606007576 2 -1 -1 
450 283 27 39 0.10682009160518646 2 -1 -1 
241 317 17 25 0.10643322765827179 2 -1 -1 
813 242 17 17 0.10625120252370834 1 -1 -1 
289 274 43 20 0.10533355176448822 10 -1 -1 
188 253 10 14 0.10512083023786545 3 -1 -1 
394 306 17 33 0.10452413558959961 1 -1 -1 
832 241 12 21 0.1043761745095253 10 -1 -1 
228 345 60 41 0.10389386117458344 3 -1 -1 
202 323 15 33 0.103517547249794 2 -1 -1 
205 314 23 34 0.10262270271778107 1 -1 -1 
900 239 7 18 0.10247933119535446 2 -1 -1 
448 289 16 43 0.10206122696399689 10 -1 -1 
202 320 26 50 0.10130151361227036 10 -1 -1 
445 282 22 39 0.10120393335819244 1 -1 -1 
825 242 14 23 0.10108260065317154 1 -1 -1 
190 247 9 17 0.10073968768119812 1 -1 -1 
205 321 16 36 0.10038439929485321 1 -1 -1 
378 289 23 34 0.10028842836618423 2 -1 -1 
903 231 12 26 0.10017111152410507 10 -1 -1 
202 335 28 35 0.0999349057674408 1 -1 -1 
799 223 7 12 0.0996512696146965 2 -1 -1 
251 344 20 29 0.09916847199201584 2 -1 -1 
779 225 13 20 0.09900492429733276 1 -1 -1 
152 347 63 31 0.09857197850942612 6 -1 -1 
189 250 10 16 0.09767346829175949 2 -1 -1 
451 287 12 32 0.09703625738620758 2 -1 -1 
903 233 7 21 0.09618841111660004 1 -1 -1 
214 317 13 36 0.0958508625626564 1 -1 -1 
420 286 20 43 0.09488096833229065 2 -1 -1 
819 252 28 18 0.09485968947410583 10 -1 -1 
792 223 14 19 0.09480450302362442 3 -1 -1 
422 288 18 56 0.09453382343053818 4 -1 -1 
825 241 23 28 0.09436947107315063 2 -1 -1 
831 242 9 14 0.09404976665973663 1 -1 -1 
291 276 39 18 0.0934198722243309 8 -1 -1 
209 326 25 43 0.0931253433227539 1 -1 -1 
258 320 16 24 0.09310947358608246 2 -1 -1 
899 227 18 32 0.09285155683755875 1 -1 -1 
811 239 16 17 0.09273279458284378 1 -1 -1 
195 247 9 18 0.09236481785774231 10 -1 -1 
381 292 24 50 0.09226351231336594 3 -1 -1 
200 251 8 18 0.09225685894489288 1 -1 -1 
230 321 28 41 0.09179792553186417 1 -1 -1 
459 290 13 46 0.09167947620153427 1 -1 -1 
199 319 73 47 0.09159660339355469 9 -1 -1 
196 240 9 22 0.09142538905143738 1 -1 -1 
802 238 18 16 0.09141358733177185 10 -1 -1 
817 238 6 16 0.09056754410266876 1 -1 -1 
436 291 17 55 0.09053457528352737 10 -1 -1 
251 320 16 30 0.09018702805042267 1 -1 -1 
197 236 9 21 0.08992606401443481 1 -1 -1 
386 307 27 36 0.08955934643745422 1 -1 -1 
775 224 7 19 0.08917245268821716 1 -1 -1 
197 248 9 16 0.08896256238222122 2 -1 -1 
383 290 27 38 0.08830759674310684 1 -1 -1 
188 252 15 15 0.0879112035036087 2 -1 -1 
190 321 17 28 0.08787768334150314 2 -1 -1 
361 255 13 24 0.08778996765613556 1 -1 -1 
388 295 24 43 0.08742103725671768 1 -1 -1 
799 223 7 17 0.0871882438659668 2 -1 -1 
152 352 52 27 0.08700670301914215 9 -1 -1 
187 255 10 14 0.08619990199804306 10 -1 -1 
910 233 8 17 0.08607722818851471 2 -1 -1 
818 245 30 24 0.08350846916437149 9 -1 -1 
804 238 13 12 0.08117128163576126 2 -1 -1 
190 253 19 18 0.08044180274009705 10 -1 -1 
902 233 6 15 0.07782791554927826 1 -1 -1 
834 241 9 12 0.07725653052330017 2 -1 -1 
152 333 77 41 0.07720368355512619 8 -1 -1 
151 320 80 50 0.07719245553016663 2 -1 -1 
151 343 76 34 0.07710763812065125 9 -1 -1 
824 244 9 14 0.07638150453567505 2 -1 -1 
810 246 8 14 0.07495225965976715 10 -1 -1 
825 241 23 28 0.07466820627450943 10 -1 -1 
167 324 73 48 0.07292051613330841 10 -1 -1 
803 238 42 24 0.07286953181028366 1 -1 -1 
227 341 62 46 0.07078459858894348 7 -1 -1 
799 235 36 25 0.06902129203081131 2 -1 -1 
900 213 19 44 0.06728830188512802 1 -1 -1 
781 228 37 21 0.06695159524679184 10 -1 -1 
803 238 42 24 0.0631212368607521 9 -1 -1 
238 321 56 47 0.06289605051279068 9 -1 -1 
368 302 48 49 0.062090784311294556 10 -1 -1 
150 320 86 51 0.06206413358449936 9 -1 -1 
221 321 57 49 0.061109643429517746 9 -1 -1 
804 246 39 23 0.06084473431110382 9 -1 -1 
881 214 17 39 0.06036457419395447 1 -1 -1 
167 324 73 48 0.06016028672456741 7 -1 -1 
883 213 25 35 0.05975477024912834 1 -1 -1 
806 238 40 25 0.05950355902314186 8 -1 -1 
798 237 31 27 0.05948040261864662 10 -1 -1 
227 341 62 46 0.05824359133839607 1 -1 -1 
820 234 30 32 0.058193907141685486 2 -1 -1 
183 316 60 52 0.057707786560058594 9 -1 -1 
229 327 54 49 0.05719871446490288 1 -1 -1 
812 241 35 27 0.05693397298455238 1 -1 -1 
781 222 28 22 0.05376911163330078 9 -1 -1 
772 217 17 32 0.05348288267850876 1 -1 -1 
826 238 23 30 0.051059477031230927 1 -1 -1 
