1077 113 90 40 0.9814801812171936 6 -1 -1 
670 332 54 71 0.9412543177604675 4 -1 -1 
440 229 56 60 0.9363373517990112 4 -1 -1 
534 371 63 93 0.9324071407318115 4 -1 -1 
767 444 74 99 0.9271004796028137 4 -1 -1 
568 153 38 45 0.904629647731781 4 -1 -1 
310 703 76 61 0.8951639533042908 7 -1 -1 
724 80 44 28 0.8868207931518555 4 -1 -1 
633 152 48 40 0.8673738241195679 4 -1 -1 
962 122 78 29 0.8451821804046631 4 -1 -1 
749 190 44 43 0.8361124992370605 4 -1 -1 
41 402 54 37 0.8338437080383301 10 -1 -1 
859 412 18 42 0.8242276906967163 3 -1 -1 
274 260 20 39 0.8209673762321472 1 -1 -1 
584 95 32 35 0.8190174698829651 4 -1 -1 
665 231 46 47 0.8105725646018982 4 -1 -1 
300 224 20 39 0.8095054626464844 1 -1 -1 
-2 520 143 79 0.7980045080184937 4 -1 -1 
470 59 66 26 0.797732412815094 4 -1 -1 
605 47 29 31 0.7972221970558167 4 -1 -1 
116 452 142 109 0.7846150994300842 5 -1 -1 
238 194 98 40 0.7835291624069214 4 -1 -1 
712 23 9 15 0.763272762298584 2 -1 -1 
657 63 8 26 0.7608332633972168 1 -1 -1 
667 19 24 23 0.7434887290000916 4 -1 -1 
547 100 22 30 0.7428819537162781 7 -1 -1 
704 108 50 35 0.7413285970687866 8 -1 -1 
617 26 23 24 0.739695131778717 4 -1 -1 
422 441 25 42 0.7340550422668457 2 -1 -1 
780 49 60 31 0.7281572818756104 4 -1 -1 
422 455 26 47 0.7200108766555786 3 -1 -1 
578 27 27 26 0.7192946672439575 4 -1 -1 
723 15 7 16 0.6955466270446777 2 -1 -1 
703 108 52 35 0.691220760345459 7 -1 -1 
536 65 12 26 0.6678743958473206 1 -1 -1 
810 326 19 37 0.6652463674545288 2 -1 -1 
596 0 25 18 0.6643875241279602 4 -1 -1 
1020 82 10 23 0.6604657769203186 1 -1 -1 
221 145 83 33 0.6543339490890503 4 -1 -1 
712 28 9 16 0.650180995464325 10 -1 -1 
234 123 80 31 0.6494337320327759 4 -1 -1 
493 321 19 42 0.6418468952178955 10 -1 -1 
809 337 20 39 0.6377272605895996 3 -1 -1 
989 125 52 24 0.6234815120697021 4 -1 -1 
440 156 32 20 0.6194068193435669 10 -1 -1 
858 398 21 44 0.6182004809379578 2 -1 -1 
470 280 18 40 0.6132073998451233 2 -1 -1 
586 0 7 14 0.5983239412307739 2 -1 -1 
422 453 28 49 0.5963887572288513 10 -1 -1 
493 313 18 34 0.5945337414741516 2 -1 -1 
1270 82 26 20 0.588611364364624 10 -1 -1 
470 292 20 33 0.5878644585609436 10 -1 -1 
586 5 8 14 0.5878057479858398 10 -1 -1 
1227 102 12 20 0.5819249749183655 10 -1 -1 
463 37 33 34 0.5762931108474731 4 -1 -1 
564 60 10 19 0.5725535154342651 2 -1 -1 
224 134 83 34 0.5702338218688965 4 -1 -1 
494 280 15 28 0.566281795501709 2 -1 -1 
116 452 141 110 0.5522338151931763 4 -1 -1 
562 63 13 19 0.552086353302002 7 -1 -1 
562 70 13 24 0.5434462428092957 10 -1 -1 
809 337 19 39 0.5387570858001709 10 -1 -1 
1119 91 11 24 0.5365598797798157 1 -1 -1 
990 81 11 20 0.523381769657135 1 -1 -1 
311 703 75 60 0.5148576498031616 8 -1 -1 
723 21 8 15 0.4937863349914551 3 -1 -1 
1185 90 16 25 0.48650527000427246 10 -1 -1 
434 232 17 28 0.4840146005153656 2 -1 -1 
558 56 11 24 0.4835074543952942 2 -1 -1 
504 27 54 27 0.4832291603088379 4 -1 -1 
1309 84 14 17 0.4801422655582428 3 -1 -1 
435 154 37 21 0.4788459837436676 7 -1 -1 
563 76 11 22 0.47417306900024414 10 -1 -1 
493 290 18 28 0.4728415012359619 10 -1 -1 
1180 84 22 32 0.4577406346797943 10 -1 -1 
993 72 46 32 0.4449133574962616 8 -1 -1 
759 32 55 28 0.43867772817611694 4 -1 -1 
1228 101 10 18 0.43096616864204407 2 -1 -1 
723 21 7 15 0.4284089207649231 10 -1 -1 
770 41 54 26 0.4227074086666107 4 -1 -1 
713 28 9 16 0.4192942976951599 3 -1 -1 
859 398 20 43 0.419013649225235 1 -1 -1 
919 88 12 12 0.41586947441101074 7 -1 -1 
558 55 8 19 0.4116300940513611 2 -1 -1 
1336 99 18 15 0.4084288775920868 2 -1 -1 
1119 91 11 22 0.4081120789051056 2 -1 -1 
1188 81 14 27 0.40631380677223206 2 -1 -1 
1315 108 43 29 0.3856797218322754 7 -1 -1 
1021 113 14 21 0.381952702999115 2 -1 -1 
1009 114 25 18 0.37856417894363403 10 -1 -1 
562 64 13 26 0.36947956681251526 2 -1 -1 
310 703 76 61 0.36904478073120117 3 -1 -1 
904 92 19 16 0.36873331665992737 10 -1 -1 
992 118 48 26 0.35452800989151 7 -1 -1 
470 280 18 40 0.35386359691619873 1 -1 -1 
434 233 16 28 0.3525291085243225 1 -1 -1 
536 64 11 26 0.34859758615493774 2 -1 -1 
1270 83 26 19 0.3419021964073181 7 -1 -1 
1119 93 11 22 0.3362695574760437 10 -1 -1 
1271 82 25 20 0.3357226550579071 3 -1 -1 
1309 84 14 17 0.3312928378582001 10 -1 -1 
1019 82 11 23 0.32937541604042053 2 -1 -1 
996 114 40 22 0.32869887351989746 10 -1 -1 
586 5 8 14 0.3270585834980011 2 -1 -1 
562 62 13 24 0.32408860325813293 10 -1 -1 
724 106 25 33 0.3211081027984619 2 -1 -1 
0 643 47 85 0.31907951831817627 4 -1 -1 
1078 112 89 40 0.3129364252090454 5 -1 -1 
1324 108 33 29 0.309832364320755 4 -1 -1 
809 334 20 41 0.3096173107624054 2 -1 -1 
1018 114 16 17 0.3092913329601288 10 -1 -1 
889 94 21 17 0.30917179584503174 10 -1 -1 
756 37 46 25 0.30822280049324036 4 -1 -1 
885 80 32 26 0.2996186316013336 10 -1 -1 
547 92 15 30 0.29840683937072754 2 -1 -1 
537 69 12 23 0.29482948780059814 3 -1 -1 
253 253 19 37 0.2935056984424591 1 -1 -1 
559 61 13 18 0.29230889678001404 2 -1 -1 
756 37 15 20 0.2905362546443939 10 -1 -1 
214 126 94 34 0.28884199261665344 4 -1 -1 
446 152 22 20 0.28690657019615173 10 -1 -1 
1021 113 14 21 0.28574061393737793 1 -1 -1 
1262 80 29 21 0.2854306399822235 10 -1 -1 
421 450 27 50 0.2840908169746399 2 -1 -1 
471 293 18 32 0.2831243872642517 3 -1 -1 
558 55 8 19 0.28186288475990295 1 -1 -1 
767 40 55 25 0.2817237973213196 5 -1 -1 
992 118 48 26 0.28159311413764954 10 -1 -1 
447 151 22 22 0.27678346633911133 2 -1 -1 
562 58 10 16 0.2723214030265808 2 -1 -1 
810 326 19 37 0.27029699087142944 1 -1 -1 
1116 100 13 14 0.26742270588874817 10 -1 -1 
1186 88 15 27 0.26496848464012146 2 -1 -1 
723 15 7 18 0.2646706998348236 1 -1 -1 
448 147 16 22 0.26359450817108154 2 -1 -1 
1186 100 16 15 0.2613188326358795 10 -1 -1 
492 317 20 44 0.2611328065395355 2 -1 -1 
562 71 12 25 0.26105719804763794 2 -1 -1 
884 92 24 17 0.2596963346004486 10 -1 -1 
1078 112 89 40 0.25833001732826233 8 -1 -1 
886 78 38 25 0.24096597731113434 7 -1 -1 
310 703 76 61 0.2398177534341812 6 -1 -1 
1078 112 89 40 0.2319180816411972 7 -1 -1 
492 313 19 35 0.22758325934410095 10 -1 -1 
493 312 18 35 0.22674399614334106 1 -1 -1 
991 72 48 32 0.21578972041606903 7 -1 -1 
885 80 32 26 0.20747162401676178 3 -1 -1 
1077 113 90 40 0.19974839687347412 4 -1 -1 
1183 35 88 46 0.19906416535377502 5 -1 -1 
888 87 34 23 0.1955605447292328 10 -1 -1 
492 280 19 34 0.19305869936943054 1 -1 -1 
605 47 29 32 0.19220195710659027 5 -1 -1 
1313 108 44 27 0.19188378751277924 3 -1 -1 
858 411 20 43 0.1895281821489334 10 -1 -1 
891 72 40 27 0.18841134011745453 7 -1 -1 
1187 81 16 33 0.18516486883163452 10 -1 -1 
994 72 45 33 0.18350215256214142 6 -1 -1 
546 99 23 31 0.18073603510856628 8 -1 -1 
492 322 20 41 0.1797911524772644 3 -1 -1 
235 123 80 31 0.17524954676628113 5 -1 -1 
384 63 69 34 0.17515814304351807 4 -1 -1 
1185 37 86 46 0.17185968160629272 4 -1 -1 
859 398 20 44 0.16905465722084045 3 -1 -1 
253 253 19 36 0.1594993621110916 2 -1 -1 
1180 78 22 36 0.15941248834133148 2 -1 -1 
883 87 28 24 0.1571122258901596 3 -1 -1 
240 193 94 42 0.1557493954896927 5 -1 -1 
991 72 48 32 0.15571212768554688 5 -1 -1 
384 63 69 34 0.1555074006319046 5 -1 -1 
220 144 84 33 0.154556006193161 5 -1 -1 
224 134 83 34 0.15414035320281982 5 -1 -1 
1315 104 42 32 0.1538066416978836 10 -1 -1 
223 190 85 41 0.15344184637069702 4 -1 -1 
1315 108 43 29 0.15312157571315765 8 -1 -1 
887 76 36 23 0.15094859898090363 10 -1 -1 
1321 99 36 32 0.14443977177143097 7 -1 -1 
-2 520 145 79 0.1421983689069748 5 -1 -1 
810 326 18 36 0.14215593039989471 10 -1 -1 
493 280 19 34 0.14176112413406372 10 -1 -1 
887 76 36 23 0.14097298681735992 3 -1 -1 
547 100 22 30 0.1379057615995407 10 -1 -1 
884 81 31 27 0.13698767125606537 7 -1 -1 
306 703 78 61 0.13669045269489288 9 -1 -1 
888 87 34 23 0.13385441899299622 3 -1 -1 
253 186 87 40 0.13301433622837067 4 -1 -1 
470 47 71 35 0.13173948228359222 4 -1 -1 
809 337 20 39 0.13146384060382843 7 -1 -1 
809 334 20 41 0.1298474669456482 1 -1 -1 
311 703 75 61 0.12842479348182678 2 -1 -1 
892 80 34 27 0.1281222403049469 10 -1 -1 
756 30 66 32 0.12749052047729492 5 -1 -1 
200 116 98 35 0.12685130536556244 4 -1 -1 
492 292 21 43 0.12648259103298187 10 -1 -1 
547 100 22 30 0.12634636461734772 3 -1 -1 
467 33 75 38 0.1252838522195816 4 -1 -1 
490 23 67 32 0.12357611954212189 5 -1 -1 
1317 99 40 31 0.12057546526193619 3 -1 -1 
214 126 94 34 0.12049232423305511 5 -1 -1 
862 404 19 46 0.1204664334654808 3 -1 -1 
199 133 93 38 0.11943189799785614 4 -1 -1 
475 26 79 32 0.11873333901166916 4 -1 -1 
1310 106 35 24 0.11871495842933655 3 -1 -1 
767 444 74 100 0.11616510897874832 1 -1 -1 
775 48 66 32 0.11574363708496094 5 -1 -1 
384 63 69 34 0.11543405801057816 6 -1 -1 
275 260 19 39 0.1153164803981781 2 -1 -1 
470 280 17 39 0.11481965333223343 10 -1 -1 
80 199 114 106 0.11411447823047638 4 -1 -1 
1188 43 86 39 0.11267324537038803 6 -1 -1 
247 252 22 39 0.11232765763998032 1 -1 -1 
616 25 25 26 0.11218693107366562 5 -1 -1 
1325 99 32 32 0.11197369545698166 10 -1 -1 
1179 71 21 34 0.11162888258695602 2 -1 -1 
1078 112 89 40 0.1114417240023613 3 -1 -1 
962 122 79 29 0.11077336221933365 10 -1 -1 
560 63 16 36 0.11034563183784485 10 -1 -1 
1077 113 90 40 0.11012890934944153 2 -1 -1 
1180 84 21 32 0.10994693636894226 7 -1 -1 
772 40 69 35 0.10993992537260056 4 -1 -1 
670 332 54 71 0.10975079238414764 1 -1 -1 
