232 394 58 61 0.927152693271637 4 -1 -1 
275 354 47 42 0.9067795872688293 4 -1 -1 
423 323 35 35 0.823599636554718 4 -1 -1 
536 387 40 24 0.8231938481330872 10 -1 -1 
365 266 29 30 0.8033263087272644 4 -1 -1 
426 199 17 16 0.7958423495292664 4 -1 -1 
38 460 17 37 0.7819682359695435 1 -1 -1 
524 328 35 34 0.7768014073371887 4 -1 -1 
288 454 19 34 0.7630496621131897 10 -1 -1 
526 425 14 45 0.760500431060791 1 -1 -1 
67 294 28 19 0.7496287226676941 10 -1 -1 
119 346 13 30 0.7113564014434814 1 -1 -1 
172 461 65 73 0.7013726234436035 4 -1 -1 
325 275 29 28 0.6866906881332397 4 -1 -1 
545 458 48 27 0.6775623559951782 10 -1 -1 
521 356 31 21 0.6760318279266357 10 -1 -1 
107 338 29 20 0.6742255687713623 10 -1 -1 
496 446 27 51 0.6737145185470581 8 -1 -1 
517 297 29 30 0.6718429923057556 4 -1 -1 
511 268 22 29 0.6691972613334656 5 -1 -1 
449 215 11 17 0.6564541459083557 8 -1 -1 
408 177 15 15 0.6517577171325684 4 -1 -1 
252 469 19 33 0.6497083306312561 2 -1 -1 
330 432 17 35 0.6480028629302979 10 -1 -1 
252 474 19 44 0.6295116543769836 10 -1 -1 
329 424 18 30 0.6210781335830688 2 -1 -1 
544 371 24 22 0.6017475724220276 10 -1 -1 
479 211 19 17 0.599808394908905 4 -1 -1 
131 267 8 21 0.5975327491760254 1 -1 -1 
115 330 13 22 0.5967780947685242 2 -1 -1 
288 447 17 29 0.5807550549507141 2 -1 -1 
456 500 17 38 0.56765216588974 10 -1 -1 
102 306 11 17 0.5648162961006165 2 -1 -1 
167 384 11 15 0.557097315788269 2 -1 -1 
408 189 15 14 0.5462653636932373 4 -1 -1 
379 228 19 20 0.5450312495231628 4 -1 -1 
530 481 17 30 0.5388067364692688 2 -1 -1 
390 195 18 14 0.5383460521697998 4 -1 -1 
138 284 9 20 0.5324287414550781 1 -1 -1 
327 494 19 34 0.5314698815345764 2 -1 -1 
20 322 13 24 0.5228152871131897 10 -1 -1 
500 217 17 17 0.5042442083358765 4 -1 -1 
114 415 13 22 0.49872422218322754 2 -1 -1 
402 249 10 20 0.4905475974082947 10 -1 -1 
326 497 20 39 0.4892829954624176 10 -1 -1 
383 198 19 22 0.4781229496002197 5 -1 -1 
509 259 20 18 0.47628286480903625 5 -1 -1 
488 504 22 34 0.47508424520492554 10 -1 -1 
481 188 13 12 0.47033774852752686 4 -1 -1 
526 491 24 35 0.4696982502937317 10 -1 -1 
571 501 20 32 0.4669936001300812 2 -1 -1 
457 498 16 30 0.466097891330719 2 -1 -1 
175 418 14 24 0.4609517455101013 2 -1 -1 
433 188 6 12 0.45636025071144104 10 -1 -1 
98 313 23 21 0.45274627208709717 10 -1 -1 
496 446 27 52 0.4457477629184723 7 -1 -1 
489 233 7 15 0.44413238763809204 1 -1 -1 
175 418 14 30 0.4370580017566681 10 -1 -1 
458 190 5 9 0.4369535446166992 2 -1 -1 
106 423 21 21 0.436461478471756 10 -1 -1 
357 263 8 17 0.4333336353302002 1 -1 -1 
458 191 6 11 0.42570096254348755 10 -1 -1 
433 187 6 11 0.4229450821876526 2 -1 -1 
411 210 7 12 0.4158834218978882 2 -1 -1 
457 247 11 16 0.41478678584098816 10 -1 -1 
402 249 10 20 0.4147392511367798 8 -1 -1 
585 484 16 34 0.408321350812912 1 -1 -1 
488 498 19 28 0.39850354194641113 2 -1 -1 
113 347 9 23 0.3916715383529663 1 -1 -1 
409 218 11 15 0.39017054438591003 10 -1 -1 
105 422 23 23 0.38802671432495117 3 -1 -1 
571 501 19 36 0.38552501797676086 1 -1 -1 
125 269 7 17 0.3828103542327881 1 -1 -1 
467 204 6 8 0.3798306882381439 2 -1 -1 
22 319 18 14 0.37907254695892334 10 -1 -1 
497 446 27 53 0.37854495644569397 10 -1 -1 
403 249 8 13 0.37487930059432983 2 -1 -1 
298 166 17 17 0.36667340993881226 6 -1 -1 
72 283 39 20 0.36109524965286255 8 -1 -1 
508 259 22 17 0.3602777123451233 4 -1 -1 
168 385 12 15 0.35730791091918945 10 -1 -1 
466 206 7 11 0.3542645573616028 10 -1 -1 
449 215 12 17 0.34779083728790283 4 -1 -1 
102 309 15 16 0.3449445068836212 2 -1 -1 
481 191 11 11 0.3438892066478729 4 -1 -1 
174 419 16 31 0.3436831831932068 3 -1 -1 
109 415 19 26 0.34346774220466614 2 -1 -1 
126 268 8 20 0.34110715985298157 1 -1 -1 
402 249 10 20 0.3385279178619385 7 -1 -1 
72 283 39 21 0.33817005157470703 7 -1 -1 
175 417 15 32 0.3352108299732208 1 -1 -1 
456 499 17 39 0.3352031111717224 3 -1 -1 
726 444 19 37 0.3324756920337677 1 -1 -1 
113 333 20 21 0.3297741115093231 2 -1 -1 
585 484 16 33 0.3290956914424896 2 -1 -1 
304 310 42 21 0.3282633125782013 7 -1 -1 
427 148 21 10 0.328244149684906 4 -1 -1 
420 192 5 11 0.3271465301513672 10 -1 -1 
38 461 17 36 0.32663223147392273 2 -1 -1 
529 481 19 36 0.3237399458885193 10 -1 -1 
117 346 12 26 0.32222700119018555 1 -1 -1 
420 192 6 11 0.32197514176368713 2 -1 -1 
410 227 5 11 0.31870582699775696 2 -1 -1 
300 308 46 22 0.3171691298484802 4 -1 -1 
325 275 29 27 0.31708237528800964 5 -1 -1 
452 195 5 8 0.3167017102241516 2 -1 -1 
491 232 8 16 0.3166443109512329 1 -1 -1 
441 216 9 11 0.314117968082428 4 -1 -1 
481 202 13 14 0.3132898509502411 4 -1 -1 
383 201 19 19 0.3091890513896942 4 -1 -1 
172 461 65 73 0.3072589635848999 5 -1 -1 
467 187 5 12 0.2962002158164978 1 -1 -1 
529 481 19 36 0.29546022415161133 1 -1 -1 
100 316 18 17 0.2948763370513916 10 -1 -1 
541 378 31 21 0.2932192385196686 10 -1 -1 
288 300 61 30 0.29120537638664246 4 -1 -1 
433 188 6 12 0.29058653116226196 1 -1 -1 
19 319 18 21 0.2886775732040405 10 -1 -1 
109 418 17 22 0.28817206621170044 10 -1 -1 
327 515 16 22 0.28722578287124634 10 -1 -1 
482 188 11 12 0.2863805592060089 6 -1 -1 
410 230 5 12 0.28618982434272766 10 -1 -1 
419 214 6 10 0.28203245997428894 2 -1 -1 
169 385 13 15 0.2786346971988678 2 -1 -1 
459 498 13 17 0.2785731554031372 2 -1 -1 
379 228 20 20 0.27834582328796387 5 -1 -1 
409 215 12 16 0.2780302166938782 7 -1 -1 
1 330 11 16 0.27649885416030884 10 -1 -1 
420 192 5 11 0.2745853662490845 1 -1 -1 
441 216 9 11 0.2739711403846741 10 -1 -1 
110 332 23 22 0.2732808291912079 10 -1 -1 
155 512 18 26 0.2732555568218231 2 -1 -1 
99 314 21 16 0.2716040313243866 3 -1 -1 
481 196 11 11 0.27118006348609924 4 -1 -1 
572 479 24 30 0.2681836783885956 10 -1 -1 
100 313 19 14 0.26688051223754883 10 -1 -1 
107 338 29 19 0.2652698755264282 7 -1 -1 
449 215 12 17 0.264806866645813 5 -1 -1 
457 498 16 30 0.26433250308036804 1 -1 -1 
475 210 6 13 0.26427003741264343 1 -1 -1 
287 453 21 34 0.2540005147457123 2 -1 -1 
285 302 63 29 0.24018420279026031 6 -1 -1 
511 268 22 28 0.23678359389305115 4 -1 -1 
98 313 23 21 0.22757333517074585 7 -1 -1 
253 469 18 33 0.22534973919391632 1 -1 -1 
112 346 16 29 0.21167074143886566 1 -1 -1 
581 353 28 70 0.21015381813049316 1 -1 -1 
480 208 26 20 0.20817117393016815 4 -1 -1 
329 424 18 30 0.20613111555576324 1 -1 -1 
74 289 37 18 0.20183837413787842 7 -1 -1 
330 432 17 35 0.20076137781143188 3 -1 -1 
253 469 18 34 0.20038054883480072 10 -1 -1 
288 447 17 29 0.19407297670841217 1 -1 -1 
327 495 19 37 0.19204717874526978 1 -1 -1 
382 198 21 22 0.18850098550319672 6 -1 -1 
121 342 15 33 0.1879393756389618 1 -1 -1 
108 415 20 26 0.18770812451839447 1 -1 -1 
327 506 19 31 0.1877022385597229 3 -1 -1 
384 194 23 19 0.18633699417114258 4 -1 -1 
98 313 24 21 0.18360890448093414 8 -1 -1 
739 360 54 32 0.18236742913722992 4 -1 -1 
68 288 37 24 0.18202237784862518 10 -1 -1 
16 317 19 28 0.17944397032260895 10 -1 -1 
106 422 22 21 0.17904970049858093 2 -1 -1 
73 283 38 21 0.17693985998630524 4 -1 -1 
21 320 18 26 0.16950580477714539 10 -1 -1 
253 475 18 44 0.16851197183132172 3 -1 -1 
38 461 17 36 0.16767366230487823 10 -1 -1 
279 286 71 40 0.15985527634620667 6 -1 -1 
108 415 20 26 0.1556592881679535 3 -1 -1 
106 336 29 20 0.15402431786060333 2 -1 -1 
107 338 29 19 0.15278488397598267 3 -1 -1 
511 268 22 28 0.1509736329317093 6 -1 -1 
252 474 19 44 0.14951828122138977 2 -1 -1 
384 186 24 22 0.14574623107910156 4 -1 -1 
284 302 64 29 0.14559313654899597 7 -1 -1 
284 302 64 29 0.14548052847385406 8 -1 -1 
72 283 39 20 0.14422841370105743 10 -1 -1 
326 504 20 34 0.14336366951465607 2 -1 -1 
330 431 17 35 0.14180408418178558 2 -1 -1 
82 286 30 21 0.14178268611431122 8 -1 -1 
298 341 22 25 0.14156822860240936 1 -1 -1 
288 454 19 34 0.14146263897418976 3 -1 -1 
105 261 21 29 0.1403537094593048 8 -1 -1 
107 338 29 19 0.1365492045879364 8 -1 -1 
288 447 17 28 0.1337810605764389 10 -1 -1 
496 211 22 21 0.1333107352256775 4 -1 -1 
69 286 39 24 0.13188908994197845 8 -1 -1 
105 261 21 29 0.12767675518989563 6 -1 -1 
328 510 20 28 0.12731795012950897 10 -1 -1 
329 423 18 31 0.12719787657260895 10 -1 -1 
545 458 51 29 0.12685611844062805 3 -1 -1 
18 320 16 26 0.1262226104736328 3 -1 -1 
113 341 23 27 0.12592989206314087 10 -1 -1 
95 308 23 21 0.12548096477985382 10 -1 -1 
500 215 23 20 0.1253165602684021 5 -1 -1 
283 251 56 29 0.12322379648685455 4 -1 -1 
592 311 55 35 0.12153240293264389 10 -1 -1 
87 283 26 20 0.12113834917545319 7 -1 -1 
288 300 61 30 0.12099595367908478 5 -1 -1 
378 192 23 26 0.12044291198253632 5 -1 -1 
113 341 22 28 0.11924438923597336 1 -1 -1 
38 461 17 36 0.11823240667581558 3 -1 -1 
511 268 22 28 0.11760502308607101 9 -1 -1 
276 354 46 42 0.074187733232975 5 -1 -1 
276 354 46 42 0.07173176109790802 1 -1 -1 
275 354 47 43 0.07020500302314758 10 -1 -1 
275 354 47 43 0.06669732928276062 9 -1 -1 
647 394 115 133 0.061599839478731155 9 -1 -1 
275 354 47 42 0.05841296911239624 7 -1 -1 
647 394 115 133 0.052936851978302 6 -1 -1 
595 396 148 129 0.05098341405391693 9 -1 -1 
668 391 128 120 0.05037687346339226 9 -1 -1 
273 343 48 44 0.050254493951797485 4 -1 -1 
