375 441 54 98 0.981545627117157 5 -1 -1 
547 289 31 28 0.8550024032592773 4 -1 -1 
299 359 45 59 0.8485415577888489 4 -1 -1 
565 400 13 40 0.8174500465393066 1 -1 -1 
443 377 43 47 0.8109232187271118 4 -1 -1 
318 330 43 43 0.7986158132553101 4 -1 -1 
589 392 12 34 0.788668155670166 1 -1 -1 
314 435 29 53 0.7624300122261047 7 -1 -1 
314 435 29 53 0.755170464515686 8 -1 -1 
617 485 50 35 0.7370291948318481 10 -1 -1 
228 353 66 50 0.7307312488555908 4 -1 -1 
344 301 32 39 0.7153197526931763 4 -1 -1 
441 192 5 13 0.7037892937660217 1 -1 -1 
372 239 46 24 0.6975579857826233 4 -1 -1 
479 154 11 8 0.6844021677970886 4 -1 -1 
577 397 11 35 0.6757015585899353 1 -1 -1 
601 406 9 26 0.6648112535476685 1 -1 -1 
477 264 8 22 0.6623268723487854 1 -1 -1 
509 271 8 14 0.6526719331741333 2 -1 -1 
251 477 55 61 0.6426974534988403 4 -1 -1 
511 311 8 18 0.6335012316703796 2 -1 -1 
494 268 7 16 0.6269428133964539 2 -1 -1 
406 320 10 19 0.625514030456543 2 -1 -1 
616 486 58 52 0.6244070529937744 10 -1 -1 
82 337 17 19 0.6235478520393372 2 -1 -1 
510 318 8 19 0.6174482107162476 10 -1 -1 
403 265 8 22 0.6127969622612 1 -1 -1 
597 417 11 31 0.6076384782791138 1 -1 -1 
581 336 10 23 0.5948053002357483 10 -1 -1 
58 356 14 16 0.5941334366798401 2 -1 -1 
406 324 10 26 0.5926094055175781 10 -1 -1 
585 414 11 28 0.5857484340667725 1 -1 -1 
418 336 13 29 0.5632427930831909 10 -1 -1 
419 336 12 17 0.5483013391494751 2 -1 -1 
378 409 17 32 0.5455467104911804 10 -1 -1 
509 274 8 16 0.537990152835846 10 -1 -1 
493 274 9 16 0.5345381498336792 10 -1 -1 
679 489 44 27 0.5312675833702087 10 -1 -1 
450 192 6 11 0.5266369581222534 10 -1 -1 
427 176 11 9 0.5216690897941589 4 -1 -1 
422 179 11 11 0.520334780216217 4 -1 -1 
491 145 10 9 0.52027428150177 4 -1 -1 
597 324 7 19 0.5174286961555481 1 -1 -1 
508 356 10 25 0.5127999186515808 2 -1 -1 
441 233 8 16 0.5124444961547852 10 -1 -1 
479 124 8 7 0.5068092942237854 4 -1 -1 
599 408 14 39 0.5040638446807861 1 -1 -1 
450 189 6 10 0.5040047764778137 2 -1 -1 
66 303 47 32 0.5023601055145264 8 -1 -1 
399 258 8 17 0.494840532541275 1 -1 -1 
380 402 15 23 0.4946168065071106 2 -1 -1 
461 200 8 12 0.4929485619068146 10 -1 -1 
441 230 8 13 0.48981019854545593 2 -1 -1 
438 192 6 13 0.48371535539627075 1 -1 -1 
478 270 7 18 0.4835980534553528 3 -1 -1 
380 325 9 22 0.4823174476623535 2 -1 -1 
496 202 5 14 0.4781409502029419 1 -1 -1 
482 200 6 11 0.4773847162723541 2 -1 -1 
95 329 12 15 0.4763440191745758 2 -1 -1 
378 332 11 21 0.47058671712875366 3 -1 -1 
380 367 14 26 0.4687557816505432 2 -1 -1 
75 357 11 19 0.46855679154396057 2 -1 -1 
106 333 12 13 0.4554683268070221 2 -1 -1 
118 322 11 17 0.454078733921051 2 -1 -1 
365 282 19 22 0.4535907208919525 4 -1 -1 
469 168 5 9 0.4535556435585022 2 -1 -1 
419 279 11 13 0.45301660895347595 2 -1 -1 
19 341 33 21 0.4522966146469116 10 -1 -1 
377 376 20 32 0.4493647515773773 8 -1 -1 
469 170 5 10 0.4471489489078522 10 -1 -1 
446 176 5 10 0.4451456665992737 10 -1 -1 
471 200 7 11 0.4382048547267914 2 -1 -1 
463 198 7 11 0.4368288218975067 2 -1 -1 
418 279 15 21 0.4299370348453522 10 -1 -1 
474 240 7 18 0.42786794900894165 10 -1 -1 
105 329 13 15 0.4265536665916443 2 -1 -1 
12 349 27 17 0.4261898100376129 10 -1 -1 
582 336 9 16 0.4253702759742737 2 -1 -1 
482 204 6 11 0.424755722284317 10 -1 -1 
477 137 9 8 0.42398861050605774 4 -1 -1 
365 281 19 23 0.41414737701416016 8 -1 -1 
676 483 46 34 0.41391849517822266 3 -1 -1 
504 362 14 25 0.4121377170085907 7 -1 -1 
49 366 12 18 0.4119910001754761 2 -1 -1 
19 381 13 25 0.4086447060108185 2 -1 -1 
424 178 10 9 0.40817397832870483 4 -1 -1 
107 322 10 11 0.4056386947631836 2 -1 -1 
40 311 11 19 0.40349796414375305 2 -1 -1 
425 263 8 15 0.3987579047679901 10 -1 -1 
491 154 8 7 0.39347216486930847 4 -1 -1 
18 381 13 28 0.39277949929237366 1 -1 -1 
116 327 11 14 0.3886491060256958 2 -1 -1 
622 512 53 26 0.38458430767059326 10 -1 -1 
149 302 7 18 0.38380300998687744 1 -1 -1 
469 145 9 9 0.3837547302246094 4 -1 -1 
475 239 6 13 0.3830662965774536 2 -1 -1 
51 364 26 18 0.38256826996803284 10 -1 -1 
594 392 6 29 0.37997865676879883 1 -1 -1 
431 188 6 13 0.37511196732521057 1 -1 -1 
504 363 14 24 0.37433573603630066 10 -1 -1 
448 160 5 9 0.37344780564308167 10 -1 -1 
479 131 7 7 0.373127281665802 4 -1 -1 
446 174 5 8 0.3705722689628601 2 -1 -1 
75 357 12 25 0.3687314987182617 1 -1 -1 
471 203 7 11 0.36679327487945557 2 -1 -1 
515 218 11 14 0.35953661799430847 4 -1 -1 
378 332 11 21 0.35726451873779297 10 -1 -1 
476 140 9 8 0.3562867343425751 4 -1 -1 
379 327 10 24 0.35596248507499695 1 -1 -1 
145 300 9 19 0.3557665944099426 1 -1 -1 
504 362 14 25 0.35470226407051086 3 -1 -1 
418 279 14 20 0.35208746790885925 2 -1 -1 
101 301 18 19 0.35196542739868164 10 -1 -1 
474 240 8 20 0.35015344619750977 3 -1 -1 
477 264 8 20 0.34870025515556335 2 -1 -1 
651 359 75 54 0.348115473985672 4 -1 -1 
381 366 12 19 0.34792619943618774 2 -1 -1 
425 262 8 12 0.34504446387290955 2 -1 -1 
376 376 20 32 0.34425851702690125 7 -1 -1 
474 239 7 21 0.34355345368385315 1 -1 -1 
681 479 38 28 0.34120386838912964 10 -1 -1 
122 322 11 17 0.33955293893814087 2 -1 -1 
573 399 12 39 0.3373510241508484 1 -1 -1 
401 262 9 21 0.3373326063156128 1 -1 -1 
564 436 15 43 0.3360597491264343 1 -1 -1 
494 269 7 18 0.3333163559436798 10 -1 -1 
441 232 8 17 0.3330252170562744 2 -1 -1 
384 240 33 23 0.33269840478897095 5 -1 -1 
467 199 9 11 0.3321765661239624 2 -1 -1 
508 357 10 23 0.3301880359649658 1 -1 -1 
475 142 9 7 0.3277612626552582 4 -1 -1 
579 393 14 36 0.32622477412223816 1 -1 -1 
482 201 6 11 0.32224661111831665 10 -1 -1 
61 322 28 15 0.32204514741897583 10 -1 -1 
33 381 13 23 0.3204655051231384 2 -1 -1 
126 321 9 17 0.3201213479042053 2 -1 -1 
433 191 6 12 0.3200549781322479 1 -1 -1 
418 279 15 21 0.3196917176246643 1 -1 -1 
471 204 7 10 0.317611426115036 10 -1 -1 
23 386 33 29 0.31489843130111694 10 -1 -1 
144 298 8 19 0.3144506514072418 1 -1 -1 
509 275 8 16 0.3136873245239258 3 -1 -1 
595 405 8 25 0.3124977946281433 1 -1 -1 
38 373 12 25 0.31144005060195923 2 -1 -1 
447 158 5 9 0.30846142768859863 2 -1 -1 
104 327 12 15 0.307798832654953 2 -1 -1 
422 183 10 10 0.3052188456058502 4 -1 -1 
493 191 5 8 0.3049623668193817 2 -1 -1 
448 159 4 10 0.30410677194595337 1 -1 -1 
365 282 19 22 0.30037209391593933 5 -1 -1 
493 192 5 9 0.29936614632606506 10 -1 -1 
159 300 7 18 0.29833343625068665 1 -1 -1 
477 335 21 36 0.2927062511444092 4 -1 -1 
377 388 20 40 0.2872721552848816 2 -1 -1 
376 377 21 31 0.2861158549785614 10 -1 -1 
20 381 33 28 0.2743394076824188 10 -1 -1 
6 338 35 26 0.27176129817962646 10 -1 -1 
659 377 78 40 0.2705589234828949 4 -1 -1 
66 303 47 32 0.2619759440422058 7 -1 -1 
580 428 19 34 0.2596074938774109 3 -1 -1 
822 469 81 45 0.2571241855621338 4 -1 -1 
26 377 30 26 0.25411301851272583 10 -1 -1 
6 345 31 25 0.25261691212654114 10 -1 -1 
372 239 45 24 0.2506282329559326 6 -1 -1 
820 445 136 86 0.24844887852668762 6 -1 -1 
641 350 72 51 0.24065688252449036 4 -1 -1 
477 335 21 36 0.2347468137741089 10 -1 -1 
663 361 88 56 0.23436564207077026 4 -1 -1 
158 264 39 25 0.22709082067012787 4 -1 -1 
364 280 21 30 0.2172822207212448 7 -1 -1 
9 337 43 24 0.2137267291545868 8 -1 -1 
377 371 19 34 0.21270398795604706 2 -1 -1 
74 301 45 24 0.21079374849796295 8 -1 -1 
375 442 54 94 0.21036115288734436 8 -1 -1 
18 392 35 29 0.20939263701438904 10 -1 -1 
823 458 125 56 0.20253880321979523 6 -1 -1 
30 372 29 27 0.2015838772058487 10 -1 -1 
251 477 55 61 0.19817806780338287 5 -1 -1 
23 386 33 29 0.19564031064510345 8 -1 -1 
154 269 35 21 0.18859539926052094 4 -1 -1 
375 442 54 94 0.18650370836257935 10 -1 -1 
365 237 43 23 0.18616501986980438 4 -1 -1 
377 400 20 39 0.18420176208019257 2 -1 -1 
375 441 54 98 0.18394237756729126 6 -1 -1 
52 393 35 23 0.1819508969783783 10 -1 -1 
57 306 43 31 0.18047812581062317 8 -1 -1 
375 441 54 98 0.17885614931583405 9 -1 -1 
7 342 34 22 0.17753487825393677 8 -1 -1 
87 301 33 21 0.17747654020786285 10 -1 -1 
17 383 24 31 0.177230566740036 10 -1 -1 
589 414 12 35 0.17611078917980194 1 -1 -1 
633 346 72 42 0.17541693150997162 4 -1 -1 
63 302 46 32 0.17461083829402924 5 -1 -1 
378 366 17 32 0.17264898121356964 1 -1 -1 
822 460 73 52 0.1686667948961258 6 -1 -1 
22 378 31 26 0.16803783178329468 7 -1 -1 
364 231 36 18 0.16791070997714996 4 -1 -1 
60 310 33 28 0.16614516079425812 10 -1 -1 
583 413 14 35 0.16594095528125763 1 -1 -1 
46 391 41 25 0.16275104880332947 4 -1 -1 
74 301 45 24 0.16236819326877594 7 -1 -1 
823 466 84 46 0.15898497402668 5 -1 -1 
664 347 95 56 0.1587246060371399 4 -1 -1 
477 335 21 36 0.15862201154232025 7 -1 -1 
377 406 19 36 0.15821081399917603 3 -1 -1 
821 455 135 78 0.15800835192203522 9 -1 -1 
375 441 54 98 0.15671378374099731 4 -1 -1 
377 383 20 41 0.1565696746110916 10 -1 -1 
654 354 81 45 0.15608716011047363 4 -1 -1 
365 224 34 20 0.15604084730148315 4 -1 -1 
12 339 40 23 0.15594333410263062 7 -1 -1 
477 335 21 36 0.15573230385780334 8 -1 -1 
228 327 73 76 0.15394963324069977 4 -1 -1 
45 365 31 22 0.1535443216562271 10 -1 -1 
20 384 36 29 0.1521739959716797 7 -1 -1 
822 466 127 49 0.15067176520824432 4 -1 -1 
657 361 78 54 0.15034638345241547 5 -1 -1 
675 477 49 43 0.15034233033657074 10 -1 -1 
640 361 64 53 0.14993830025196075 5 -1 -1 
36 369 32 25 0.1498308926820755 10 -1 -1 
31 375 25 29 0.14866520464420319 2 -1 -1 
16 347 34 20 0.14611800014972687 10 -1 -1 
61 305 46 33 0.14519166946411133 10 -1 -1 
360 236 40 19 0.14496013522148132 4 -1 -1 
580 428 18 34 0.1432827264070511 1 -1 -1 
363 236 38 20 0.1432507336139679 5 -1 -1 
31 390 33 27 0.14283587038516998 10 -1 -1 
376 377 21 31 0.14280091226100922 3 -1 -1 
29 376 29 26 0.14277277886867523 7 -1 -1 
228 350 68 54 0.14237838983535767 5 -1 -1 
21 342 31 19 0.14220000803470612 8 -1 -1 
375 442 54 94 0.1418798267841339 2 -1 -1 
63 302 46 32 0.1408180296421051 4 -1 -1 
17 381 23 30 0.14041273295879364 1 -1 -1 
363 280 22 30 0.13843050599098206 10 -1 -1 
360 232 40 18 0.13830548524856567 5 -1 -1 
592 416 14 36 0.13802266120910645 1 -1 -1 
377 379 20 35 0.13758254051208496 2 -1 -1 
158 264 39 25 0.13596707582473755 5 -1 -1 
72 302 46 26 0.13559478521347046 10 -1 -1 
25 383 33 29 0.134724423289299 1 -1 -1 
11 333 41 27 0.13416939973831177 10 -1 -1 
377 367 19 32 0.13369902968406677 10 -1 -1 
645 340 80 45 0.13353821635246277 4 -1 -1 
27 381 29 29 0.13255521655082703 2 -1 -1 
649 345 140 75 0.13121865689754486 4 -1 -1 
299 360 45 58 0.13103581964969635 5 -1 -1 
374 219 27 23 0.12988711893558502 4 -1 -1 
215 474 89 64 0.1291944831609726 4 -1 -1 
10 396 34 29 0.12889711558818817 10 -1 -1 
375 442 54 94 0.12866055965423584 7 -1 -1 
8 344 33 23 0.12760746479034424 7 -1 -1 
17 382 33 29 0.1270604133605957 8 -1 -1 
30 295 20 35 0.12619070708751678 1 -1 -1 
18 392 35 29 0.1255190670490265 8 -1 -1 
312 433 34 57 0.12544143199920654 6 -1 -1 
43 391 33 24 0.12444356083869934 10 -1 -1 
31 375 25 29 0.12360872328281403 1 -1 -1 
362 238 44 25 0.12341159582138062 5 -1 -1 
665 374 95 52 0.12306033819913864 4 -1 -1 
820 445 136 85 0.1229131892323494 4 -1 -1 
255 477 50 62 0.12170668691396713 8 -1 -1 
17 381 23 30 0.12142664194107056 2 -1 -1 
370 232 37 20 0.12136270850896835 4 -1 -1 
580 408 16 35 0.1212349385023117 1 -1 -1 
255 477 50 62 0.11977149546146393 7 -1 -1 
662 377 82 41 0.11931825429201126 5 -1 -1 
255 477 50 62 0.1183481514453888 10 -1 -1 
567 396 19 37 0.11792531609535217 1 -1 -1 
60 315 30 23 0.11762792617082596 8 -1 -1 
820 445 136 85 0.11739272624254227 5 -1 -1 
163 259 47 28 0.11702107638120651 4 -1 -1 
665 335 81 49 0.11694510281085968 4 -1 -1 
27 380 31 28 0.11663573235273361 8 -1 -1 
60 310 33 28 0.11482883244752884 7 -1 -1 
17 375 35 25 0.11473634093999863 10 -1 -1 
154 267 37 23 0.11442361772060394 7 -1 -1 
577 400 15 41 0.11430397629737854 1 -1 -1 
352 238 48 24 0.11286349594593048 4 -1 -1 
36 385 29 27 0.11282695084810257 10 -1 -1 
155 265 38 24 0.11111699789762497 8 -1 -1 
590 425 20 36 0.10999274253845215 3 -1 -1 
635 350 70 46 0.10987401753664017 5 -1 -1 
9 400 35 28 0.10947924107313156 4 -1 -1 
822 463 129 51 0.10911902785301208 5 -1 -1 
477 335 21 36 0.10796919465065002 1 -1 -1 
19 341 33 21 0.1073678508400917 3 -1 -1 
9 347 29 22 0.1072767898440361 3 -1 -1 
519 225 31 25 0.10706255584955215 6 -1 -1 
520 229 31 23 0.10557407140731812 9 -1 -1 
756 353 68 68 0.1054033562541008 4 -1 -1 
515 211 29 22 0.1045520156621933 4 -1 -1 
665 350 147 95 0.1026650220155716 4 -1 -1 
18 392 35 29 0.10257688164710999 7 -1 -1 
632 317 118 100 0.10069349408149719 4 -1 -1 
649 340 147 77 0.09340302646160126 6 -1 -1 
820 395 137 136 0.0929964929819107 9 -1 -1 
649 340 147 77 0.0921909287571907 5 -1 -1 
817 401 140 116 0.08889259397983551 6 -1 -1 
639 313 135 100 0.08047090470790863 5 -1 -1 
717 250 107 106 0.08018437027931213 9 -1 -1 
663 301 153 101 0.07451160252094269 4 -1 -1 
728 346 123 117 0.07316981256008148 4 -1 -1 
648 317 148 93 0.06930524110794067 9 -1 -1 
639 313 135 100 0.06755116581916809 6 -1 -1 
663 301 153 101 0.0660068616271019 6 -1 -1 
665 350 147 95 0.0650080069899559 5 -1 -1 
719 251 117 110 0.06464450806379318 6 -1 -1 
619 322 92 95 0.06260990351438522 4 -1 -1 
654 297 149 91 0.06235840916633606 9 -1 -1 
636 296 135 101 0.06234255060553551 4 -1 -1 
663 301 153 101 0.06175776943564415 5 -1 -1 
817 401 140 116 0.06132858991622925 4 -1 -1 
719 250 112 102 0.06063263118267059 5 -1 -1 
817 401 140 116 0.05931062251329422 5 -1 -1 
718 253 113 109 0.058240536600351334 4 -1 -1 
703 356 129 128 0.05744897946715355 4 -1 -1 
626 315 102 102 0.056828390806913376 5 -1 -1 
741 347 136 152 0.05656731501221657 4 -1 -1 
704 274 117 99 0.05616778880357742 9 -1 -1 
558 387 39 57 0.05558625981211662 9 -1 -1 
665 350 147 95 0.0550868920981884 6 -1 -1 
619 322 92 95 0.05453113466501236 9 -1 -1 
698 270 120 109 0.05351376533508301 4 -1 -1 
619 322 92 95 0.0527813620865345 6 -1 -1 
821 455 135 78 0.050110988318920135 8 -1 -1 
