661 690 64 36 0.9309584498405457 4 -1 -1 
539 649 25 31 0.9238422513008118 4 -1 -1 
833 598 32 16 0.9225205779075623 7 -1 -1 
548 558 40 18 0.9142679572105408 4 -1 -1 
543 473 30 19 0.9135112762451172 5 -1 -1 
643 329 8 10 0.8965018391609192 6 -1 -1 
850 726 68 31 0.8904025554656982 4 -1 -1 
615 566 22 27 0.8824871778488159 4 -1 -1 
629 376 10 12 0.8478242754936218 5 -1 -1 
834 615 9 20 0.8429625630378723 1 -1 -1 
858 537 5 16 0.8313889503479004 1 -1 -1 
640 340 7 8 0.8185582756996155 4 -1 -1 
598 376 8 10 0.8086639046669006 5 -1 -1 
647 415 15 12 0.8055958151817322 4 -1 -1 
771 616 9 21 0.7879428863525391 1 -1 -1 
852 538 6 16 0.7853398323059082 1 -1 -1 
800 397 16 11 0.78274005651474 4 -1 -1 
657 440 14 13 0.7808365821838379 4 -1 -1 
627 404 12 14 0.7703149318695068 4 -1 -1 
756 525 20 19 0.7671393156051636 4 -1 -1 
655 424 12 12 0.7624660730361938 4 -1 -1 
1048 425 22 13 0.7598024606704712 4 -1 -1 
657 453 14 16 0.7567201256752014 4 -1 -1 
622 341 9 10 0.7458142042160034 4 -1 -1 
592 547 7 18 0.7440437078475952 1 -1 -1 
626 354 9 8 0.740784764289856 4 -1 -1 
786 517 8 12 0.7380312085151672 10 -1 -1 
934 672 52 33 0.7373837828636169 4 -1 -1 
664 399 12 11 0.7360805869102478 4 -1 -1 
838 496 7 17 0.7330573797225952 1 -1 -1 
637 319 8 8 0.7318651080131531 4 -1 -1 
601 366 10 10 0.7318530082702637 4 -1 -1 
677 421 13 14 0.7307371497154236 4 -1 -1 
629 391 11 13 0.7269136905670166 4 -1 -1 
664 386 12 10 0.7258370518684387 4 -1 -1 
585 505 19 21 0.72501140832901 4 -1 -1 
591 430 13 14 0.7245166301727295 4 -1 -1 
563 465 24 16 0.71086585521698 4 -1 -1 
671 360 10 13 0.7021670341491699 5 -1 -1 
761 495 33 14 0.6991899013519287 4 -1 -1 
483 644 48 23 0.6979762315750122 4 -1 -1 
613 392 10 10 0.6931154131889343 4 -1 -1 
770 563 45 21 0.6897151470184326 4 -1 -1 
589 333 18 8 0.6868662238121033 4 -1 -1 
841 497 5 16 0.6801348328590393 1 -1 -1 
888 599 20 12 0.673743486404419 3 -1 -1 
1036 442 33 13 0.6724355220794678 4 -1 -1 
788 513 6 11 0.670542299747467 2 -1 -1 
630 538 20 25 0.6641889214515686 4 -1 -1 
554 448 33 14 0.6543778777122498 4 -1 -1 
610 343 9 8 0.6534452438354492 4 -1 -1 
761 489 36 16 0.6533217430114746 4 -1 -1 
656 330 7 7 0.6403506994247437 4 -1 -1 
544 494 35 13 0.6315566301345825 4 -1 -1 
617 281 6 5 0.6238442659378052 4 -1 -1 
589 466 5 12 0.6212835311889648 1 -1 -1 
426 723 61 35 0.6199613809585571 5 -1 -1 
719 520 8 13 0.6195663213729858 10 -1 -1 
324 356 34 30 0.6035059094429016 8 -1 -1 
540 544 36 17 0.6026104092597961 4 -1 -1 
628 370 10 9 0.6001198887825012 4 -1 -1 
661 325 7 7 0.6001037955284119 4 -1 -1 
846 497 5 14 0.5864192843437195 1 -1 -1 
588 321 15 7 0.5841624736785889 4 -1 -1 
714 456 4 12 0.5820742249488831 1 -1 -1 
720 517 7 13 0.5749554634094238 2 -1 -1 
737 521 19 18 0.5727623701095581 4 -1 -1 
616 349 9 9 0.5676790475845337 4 -1 -1 
931 721 52 43 0.5590038299560547 4 -1 -1 
862 531 6 13 0.5183686017990112 1 -1 -1 
625 427 5 9 0.5127185583114624 2 -1 -1 
425 723 62 35 0.5108879804611206 4 -1 -1 
407 710 6 18 0.508600115776062 1 -1 -1 
658 338 5 5 0.5057207345962524 4 -1 -1 
674 343 20 9 0.49392110109329224 4 -1 -1 
625 431 5 8 0.49274399876594543 10 -1 -1 
592 374 8 7 0.48620906472206116 4 -1 -1 
541 465 9 9 0.47935834527015686 10 -1 -1 
616 349 9 9 0.47933775186538696 5 -1 -1 
679 368 4 11 0.47917336225509644 1 -1 -1 
603 302 7 6 0.4712405204772949 4 -1 -1 
818 396 4 8 0.46480029821395874 1 -1 -1 
590 318 17 8 0.4636539816856384 4 -1 -1 
1070 444 13 11 0.4621720612049103 8 -1 -1 
599 407 4 7 0.4604690968990326 2 -1 -1 
586 316 15 6 0.4558606445789337 4 -1 -1 
599 409 4 8 0.4536847770214081 10 -1 -1 
624 278 5 5 0.43996894359588623 4 -1 -1 
647 303 15 6 0.4379059970378876 4 -1 -1 
677 335 20 10 0.43522706627845764 4 -1 -1 
643 278 6 6 0.4237242639064789 4 -1 -1 
1073 460 9 8 0.417678564786911 7 -1 -1 
654 317 10 10 0.4140317440032959 9 -1 -1 
565 369 28 16 0.412399560213089 6 -1 -1 
489 562 8 19 0.4066009223461151 1 -1 -1 
459 708 18 16 0.4062979519367218 10 -1 -1 
844 498 5 15 0.404802531003952 1 -1 -1 
650 298 7 6 0.40446361899375916 4 -1 -1 
643 329 8 10 0.4038650393486023 4 -1 -1 
653 320 9 9 0.40116220712661743 9 -1 -1 
832 597 33 17 0.4004475176334381 8 -1 -1 
629 265 5 7 0.382283478975296 2 -1 -1 
857 399 8 8 0.3773331642150879 10 -1 -1 
679 366 5 12 0.37511324882507324 1 -1 -1 
931 721 51 43 0.37286049127578735 5 -1 -1 
632 280 6 6 0.37221813201904297 4 -1 -1 
629 269 6 7 0.37202903628349304 7 -1 -1 
888 600 19 12 0.368204265832901 10 -1 -1 
774 390 26 16 0.36725449562072754 9 -1 -1 
787 515 7 13 0.36583805084228516 2 -1 -1 
722 393 42 17 0.3642209470272064 6 -1 -1 
934 672 52 33 0.3641650080680847 5 -1 -1 
655 315 10 10 0.35954633355140686 4 -1 -1 
647 306 14 7 0.35875895619392395 4 -1 -1 
629 270 6 6 0.358485609292984 4 -1 -1 
859 397 6 9 0.3566395044326782 2 -1 -1 
632 280 6 8 0.35339558124542236 5 -1 -1 
606 295 6 7 0.3510357737541199 4 -1 -1 
733 397 29 12 0.3398762047290802 6 -1 -1 
654 317 10 10 0.33810892701148987 4 -1 -1 
352 377 11 13 0.3360806107521057 2 -1 -1 
537 511 37 18 0.3339928090572357 4 -1 -1 
775 390 25 16 0.33242613077163696 5 -1 -1 
658 329 6 7 0.32631373405456543 4 -1 -1 
590 313 15 7 0.3226102888584137 4 -1 -1 
649 291 5 6 0.32180824875831604 4 -1 -1 
425 723 62 35 0.3216950297355652 8 -1 -1 
599 329 11 7 0.3171122074127197 4 -1 -1 
654 317 10 10 0.31581056118011475 6 -1 -1 
775 391 25 15 0.3122137188911438 4 -1 -1 
1056 419 12 10 0.31201425194740295 4 -1 -1 
425 723 62 35 0.311747282743454 6 -1 -1 
876 583 21 19 0.3111673593521118 7 -1 -1 
825 576 41 20 0.3110791742801666 7 -1 -1 
303 380 30 14 0.30943822860717773 4 -1 -1 
648 301 11 7 0.3078194558620453 4 -1 -1 
591 320 16 7 0.3071940541267395 4 -1 -1 
592 371 10 10 0.3044387102127075 5 -1 -1 
481 643 50 24 0.3039907217025757 5 -1 -1 
603 272 6 5 0.30297890305519104 4 -1 -1 
832 597 33 17 0.2560708224773407 3 -1 -1 
774 389 27 17 0.2486497163772583 6 -1 -1 
543 473 30 19 0.24564889073371887 4 -1 -1 
540 544 36 17 0.2401473969221115 5 -1 -1 
877 581 31 21 0.22989778220653534 7 -1 -1 
1026 443 33 15 0.22724215686321259 4 -1 -1 
529 507 40 19 0.22470442950725555 4 -1 -1 
426 723 23 29 0.22118538618087769 4 -1 -1 
533 518 38 19 0.21859286725521088 4 -1 -1 
875 583 26 18 0.21371988952159882 10 -1 -1 
555 448 32 13 0.20689263939857483 5 -1 -1 
450 706 28 19 0.2047017216682434 10 -1 -1 
530 522 36 21 0.20333890616893768 4 -1 -1 
761 495 33 14 0.19826513528823853 5 -1 -1 
876 581 31 21 0.18995501101016998 8 -1 -1 
832 597 33 17 0.18482638895511627 6 -1 -1 
425 723 62 35 0.18422923982143402 9 -1 -1 
824 574 42 21 0.17908072471618652 8 -1 -1 
708 392 29 17 0.1753251552581787 6 -1 -1 
762 489 36 15 0.1712656468153 5 -1 -1 
534 540 38 16 0.15800751745700836 4 -1 -1 
630 538 20 25 0.15470899641513824 5 -1 -1 
425 723 62 35 0.15442180633544922 7 -1 -1 
537 494 38 16 0.14464248716831207 4 -1 -1 
544 553 40 19 0.1411963552236557 4 -1 -1 
767 487 33 16 0.14043064415454865 4 -1 -1 
833 598 32 16 0.13751067221164703 10 -1 -1 
832 597 33 17 0.135442316532135 9 -1 -1 
824 574 42 21 0.13501659035682678 6 -1 -1 
736 398 31 18 0.1331346035003662 6 -1 -1 
531 531 36 19 0.13306176662445068 4 -1 -1 
426 723 23 29 0.132545605301857 5 -1 -1 
832 597 33 17 0.13209044933319092 4 -1 -1 
449 707 28 18 0.12953859567642212 7 -1 -1 
537 511 37 18 0.12650494277477264 5 -1 -1 
1036 442 33 13 0.12494276463985443 5 -1 -1 
562 465 26 16 0.12147513031959534 5 -1 -1 
537 503 38 19 0.12104376405477524 4 -1 -1 
578 340 31 13 0.12005235254764557 9 -1 -1 
615 566 22 27 0.11929194629192352 5 -1 -1 
530 522 35 22 0.11876320093870163 5 -1 -1 
26 540 81 39 0.11806352436542511 6 -1 -1 
1025 443 32 15 0.11707767844200134 6 -1 -1 
931 721 51 43 0.11666896939277649 6 -1 -1 
555 448 32 13 0.11588357388973236 6 -1 -1 
533 518 38 19 0.1155441477894783 5 -1 -1 
535 498 35 17 0.11429066956043243 4 -1 -1 
424 718 52 33 0.11372945457696915 4 -1 -1 
737 411 33 18 0.11268157511949539 6 -1 -1 
547 546 35 20 0.11227831989526749 4 -1 -1 
425 723 62 35 0.11046873778104782 3 -1 -1 
529 507 37 18 0.10832224041223526 5 -1 -1 
578 340 31 13 0.10774720460176468 4 -1 -1 
578 340 31 13 0.10764997452497482 5 -1 -1 
833 581 33 16 0.10758711397647858 7 -1 -1 
554 441 32 13 0.10596580803394318 4 -1 -1 
544 494 35 13 0.10549809038639069 5 -1 -1 
832 597 33 17 0.10545357316732407 2 -1 -1 
931 720 52 44 0.10392243415117264 8 -1 -1 
530 522 35 22 0.10274425148963928 6 -1 -1 
730 395 36 15 0.102007657289505 9 -1 -1 
850 725 68 32 0.10079807788133621 5 -1 -1 
737 407 31 17 0.10076437145471573 6 -1 -1 
660 691 64 35 0.09952885657548904 5 -1 -1 
931 721 52 43 0.09861880540847778 9 -1 -1 
774 389 27 17 0.09714004397392273 8 -1 -1 
21 544 80 53 0.0971304252743721 6 -1 -1 
552 443 33 17 0.09638997912406921 4 -1 -1 
543 473 30 19 0.09610684961080551 6 -1 -1 
578 342 31 14 0.09581821411848068 6 -1 -1 
531 502 34 16 0.09532321244478226 4 -1 -1 
19 563 88 45 0.09470975399017334 6 -1 -1 
661 691 64 35 0.09287698566913605 9 -1 -1 
736 520 23 20 0.09156821668148041 5 -1 -1 
540 544 37 17 0.09100900590419769 6 -1 -1 
531 541 40 17 0.08893387019634247 5 -1 -1 
548 558 40 18 0.08878572285175323 1 -1 -1 
701 419 28 19 0.08847516030073166 4 -1 -1 
661 691 64 35 0.08846502006053925 10 -1 -1 
1032 445 32 15 0.08842314034700394 4 -1 -1 
426 722 24 30 0.08768483996391296 6 -1 -1 
529 528 36 22 0.08710715919733047 5 -1 -1 
534 516 38 18 0.0869513675570488 6 -1 -1 
761 483 36 15 0.08679072558879852 4 -1 -1 
831 574 35 22 0.08661078661680222 9 -1 -1 
735 403 30 18 0.08660420775413513 6 -1 -1 
1025 444 32 15 0.08644646406173706 5 -1 -1 
875 583 26 19 0.08532131463289261 3 -1 -1 
539 649 25 31 0.08519808948040009 5 -1 -1 
824 571 41 23 0.08450482785701752 4 -1 -1 
526 505 34 18 0.08403418958187103 4 -1 -1 
438 708 40 18 0.08354100584983826 4 -1 -1 
735 519 21 21 0.08277840167284012 6 -1 -1 
661 691 64 34 0.08031480759382248 1 -1 -1 
425 723 62 35 0.07791226357221603 1 -1 -1 
425 723 62 35 0.07467620074748993 2 -1 -1 
426 723 61 35 0.060578394681215286 10 -1 -1 
420 713 60 40 0.060187920928001404 9 -1 -1 
