562 492 56 80 0.991448700428009 6 -1 -1 
678 40 15 22 0.9767104983329773 6 -1 -1 
383 480 59 71 0.9319069385528564 4 -1 -1 
867 559 61 70 0.9300881028175354 4 -1 -1 
787 555 65 82 0.9207022786140442 4 -1 -1 
212 96 68 34 0.8374447822570801 6 -1 -1 
972 501 113 57 0.8069345355033875 4 -1 -1 
598 174 21 21 0.7804150581359863 4 -1 -1 
84 109 81 52 0.7611821889877319 6 -1 -1 
557 177 19 19 0.7578160166740417 4 -1 -1 
630 20 12 14 0.7130612134933472 6 -1 -1 
173 79 62 45 0.7071770429611206 6 -1 -1 
494 75 18 11 0.6965434551239014 4 -1 -1 
662 236 42 73 0.685404360294342 6 -1 -1 
763 200 43 67 0.6557015776634216 6 -1 -1 
837 569 16 35 0.6469038128852844 1 -1 -1 
714 51 16 19 0.6226905584335327 8 -1 -1 
639 73 11 11 0.6174609065055847 4 -1 -1 
669 23 7 7 0.6067798733711243 4 -1 -1 
631 20 11 14 0.6027893424034119 8 -1 -1 
662 236 42 73 0.5939543843269348 7 -1 -1 
613 57 11 10 0.5820596218109131 4 -1 -1 
504 58 17 19 0.5802122950553894 6 -1 -1 
561 492 57 80 0.5530813336372375 4 -1 -1 
223 63 52 23 0.5481191873550415 6 -1 -1 
752 165 41 61 0.521253228187561 6 -1 -1 
729 90 38 36 0.5193580985069275 6 -1 -1 
779 235 53 90 0.5076649785041809 6 -1 -1 
0 95 78 47 0.5043259263038635 6 -1 -1 
141 82 26 20 0.4780500531196594 4 -1 -1 
504 58 18 19 0.46013909578323364 9 -1 -1 
664 52 9 8 0.43807679414749146 4 -1 -1 
662 236 42 73 0.4360724091529846 8 -1 -1 
781 241 51 84 0.43500271439552307 5 -1 -1 
713 51 16 19 0.434979110956192 6 -1 -1 
130 93 68 35 0.433663010597229 6 -1 -1 
336 145 51 23 0.4302506744861603 4 -1 -1 
83 65 63 26 0.4294545650482178 6 -1 -1 
79 99 28 20 0.4157652258872986 4 -1 -1 
129 98 24 20 0.39351707696914673 4 -1 -1 
137 82 65 36 0.38577038049697876 6 -1 -1 
728 87 77 39 0.3763240575790405 6 -1 -1 
613 57 10 10 0.3398835361003876 5 -1 -1 
972 502 112 55 0.3363506495952606 5 -1 -1 
630 20 12 14 0.31872066855430603 5 -1 -1 
713 51 17 19 0.30353686213493347 5 -1 -1 
664 52 9 8 0.30197328329086304 8 -1 -1 
669 23 7 7 0.29778367280960083 5 -1 -1 
522 57 5 8 0.2941112518310547 1 -1 -1 
171 91 42 35 0.2940090000629425 6 -1 -1 
639 73 11 11 0.29335615038871765 5 -1 -1 
664 52 9 8 0.28568264842033386 7 -1 -1 
524 57 6 8 0.2830648720264435 1 -1 -1 
154 81 64 46 0.2786708176136017 6 -1 -1 
497 62 19 15 0.2780742049217224 6 -1 -1 
756 170 51 96 0.26522520184516907 6 -1 -1 
664 52 9 8 0.26163923740386963 5 -1 -1 
255 93 8 17 0.2505577802658081 1 -1 -1 
240 66 37 21 0.25046348571777344 6 -1 -1 
51 58 98 32 0.2484956830739975 6 -1 -1 
216 54 65 32 0.2482384294271469 6 -1 -1 
748 212 7 17 0.24805708229541779 1 -1 -1 
662 236 42 73 0.2464902102947235 4 -1 -1 
729 95 26 32 0.24366380274295807 6 -1 -1 
79 99 28 20 0.2398385852575302 5 -1 -1 
562 492 56 80 0.23041175305843353 7 -1 -1 
781 241 51 84 0.22628749907016754 4 -1 -1 
442 194 20 16 0.22177374362945557 4 -1 -1 
1128 442 10 18 0.2206532508134842 1 -1 -1 
75 100 33 22 0.2131115198135376 6 -1 -1 
44 43 108 45 0.2130025327205658 6 -1 -1 
732 96 53 30 0.2111656814813614 6 -1 -1 
730 87 49 32 0.2096012681722641 6 -1 -1 
765 200 71 128 0.20563817024230957 6 -1 -1 
442 194 19 16 0.2039741575717926 8 -1 -1 
199 85 73 41 0.20357465744018555 6 -1 -1 
782 241 75 82 0.20300522446632385 6 -1 -1 
1133 558 51 30 0.20173077285289764 4 -1 -1 
79 106 111 70 0.19788780808448792 6 -1 -1 
781 241 51 84 0.19678835570812225 9 -1 -1 
10 95 97 39 0.1885939985513687 6 -1 -1 
442 194 20 16 0.18598194420337677 6 -1 -1 
248 64 36 22 0.18581609427928925 6 -1 -1 
726 103 6 13 0.18493492901325226 1 -1 -1 
713 51 16 19 0.18203042447566986 9 -1 -1 
631 20 11 14 0.1815938800573349 7 -1 -1 
68 115 48 28 0.17939329147338867 6 -1 -1 
729 85 81 41 0.17768359184265137 9 -1 -1 
722 51 20 17 0.17339926958084106 8 -1 -1 
557 177 19 19 0.17279648780822754 5 -1 -1 
714 51 16 19 0.17242459952831268 7 -1 -1 
1243 3 14 7 0.17144005000591278 4 -1 -1 
504 58 18 19 0.17061765491962433 5 -1 -1 
561 491 57 80 0.16971845924854279 5 -1 -1 
129 95 29 18 0.16863839328289032 4 -1 -1 
664 52 9 8 0.1679118424654007 6 -1 -1 
71 104 40 32 0.16697238385677338 6 -1 -1 
721 52 14 18 0.16573965549468994 6 -1 -1 
45 96 64 33 0.16478760540485382 6 -1 -1 
562 492 56 80 0.164140984416008 10 -1 -1 
716 51 22 19 0.16213737428188324 5 -1 -1 
141 82 26 20 0.16155804693698883 5 -1 -1 
492 58 30 19 0.16065233945846558 6 -1 -1 
837 569 16 33 0.16053858399391174 2 -1 -1 
728 50 15 15 0.1604509800672531 4 -1 -1 
169 98 33 29 0.16009864211082458 6 -1 -1 
0 94 126 51 0.15894314646720886 6 -1 -1 
544 89 15 12 0.15816864371299744 4 -1 -1 
776 205 110 121 0.1565534621477127 6 -1 -1 
442 194 19 16 0.15450498461723328 7 -1 -1 
678 40 15 22 0.1530776172876358 7 -1 -1 
1164 586 30 14 0.15307104587554932 3 -1 -1 
729 90 38 36 0.15266014635562897 5 -1 -1 
506 57 17 14 0.15260368585586548 9 -1 -1 
83 86 42 22 0.15147413313388824 6 -1 -1 
729 89 49 37 0.15086831152439117 9 -1 -1 
129 98 24 20 0.1506153643131256 5 -1 -1 
729 47 15 14 0.15039969980716705 4 -1 -1 
630 20 12 14 0.1503501683473587 4 -1 -1 
678 40 15 22 0.14967501163482666 9 -1 -1 
133 90 32 21 0.14903464913368225 4 -1 -1 
90 104 101 50 0.1480242758989334 6 -1 -1 
831 568 15 29 0.14776720106601715 1 -1 -1 
680 40 11 10 0.1468106508255005 4 -1 -1 
550 84 13 11 0.1458185911178589 4 -1 -1 
69 104 58 41 0.14571936428546906 6 -1 -1 
725 103 8 13 0.14480605721473694 3 -1 -1 
488 61 26 15 0.14476153254508972 6 -1 -1 
81 66 65 24 0.14406780898571014 4 -1 -1 
119 100 77 36 0.14403770864009857 6 -1 -1 
499 60 19 17 0.1424650251865387 9 -1 -1 
662 236 42 73 0.1409795731306076 3 -1 -1 
218 42 75 44 0.14086462557315826 6 -1 -1 
546 86 15 13 0.13964679837226868 4 -1 -1 
726 53 14 16 0.13941983878612518 4 -1 -1 
72 100 35 25 0.138459712266922 4 -1 -1 
504 55 25 22 0.13821850717067719 6 -1 -1 
212 70 70 35 0.13776355981826782 6 -1 -1 
678 40 15 22 0.13750237226486206 5 -1 -1 
115 101 38 26 0.13705874979496002 4 -1 -1 
152 68 8 15 0.1369958072900772 1 -1 -1 
138 83 49 29 0.1366100162267685 4 -1 -1 
764 200 42 67 0.13611538708209991 5 -1 -1 
142 79 33 20 0.13604731857776642 4 -1 -1 
82 115 47 39 0.13391056656837463 6 -1 -1 
131 97 33 23 0.13333190977573395 4 -1 -1 
727 53 20 16 0.13271881639957428 4 -1 -1 
182 105 28 21 0.13246750831604004 6 -1 -1 
83 65 63 26 0.13125933706760406 5 -1 -1 
223 66 34 19 0.13106848299503326 6 -1 -1 
713 51 16 19 0.1302034556865692 4 -1 -1 
78 92 41 20 0.12976180016994476 6 -1 -1 
442 194 19 16 0.128375843167305 5 -1 -1 
157 88 44 39 0.12777727842330933 6 -1 -1 
749 163 88 153 0.12688976526260376 6 -1 -1 
754 51 10 8 0.12685030698776245 4 -1 -1 
662 236 42 73 0.12672658264636993 9 -1 -1 
567 26 7 9 0.12656448781490326 4 -1 -1 
881 135 51 24 0.1261977106332779 4 -1 -1 
494 75 18 11 0.12536223232746124 5 -1 -1 
221 79 95 38 0.12484108656644821 6 -1 -1 
681 7 8 11 0.12392488121986389 6 -1 -1 
783 243 81 81 0.12362194061279297 5 -1 -1 
730 111 9 15 0.12361328303813934 1 -1 -1 
664 52 9 8 0.12306692451238632 10 -1 -1 
177 80 48 21 0.12282627075910568 6 -1 -1 
835 568 15 27 0.12254226207733154 2 -1 -1 
81 97 36 19 0.12236674129962921 6 -1 -1 
1256 1 16 8 0.12082777172327042 4 -1 -1 
139 83 40 27 0.12080488353967667 6 -1 -1 
81 99 74 35 0.12050305306911469 6 -1 -1 
129 98 25 20 0.1199219822883606 6 -1 -1 
732 110 15 16 0.1198553666472435 1 -1 -1 
836 567 14 22 0.11843051761388779 1 -1 -1 
1113 553 71 38 0.11841998994350433 4 -1 -1 
110 67 38 24 0.1183120608329773 4 -1 -1 
851 187 51 28 0.11800330877304077 4 -1 -1 
678 40 15 22 0.11774386465549469 4 -1 -1 
722 51 20 17 0.11747950315475464 5 -1 -1 
725 103 8 13 0.11708980798721313 10 -1 -1 
1126 445 10 21 0.1153869703412056 1 -1 -1 
212 75 77 45 0.11520777642726898 6 -1 -1 
332 136 50 28 0.11514393985271454 4 -1 -1 
155 77 74 38 0.11505165696144104 6 -1 -1 
882 139 43 20 0.1150149405002594 5 -1 -1 
752 165 42 60 0.1147085428237915 5 -1 -1 
85 67 61 24 0.11457212269306183 9 -1 -1 
120 95 31 17 0.114337258040905 4 -1 -1 
212 96 68 34 0.11378268897533417 4 -1 -1 
760 168 122 146 0.11338815093040466 6 -1 -1 
501 63 16 15 0.11233355849981308 5 -1 -1 
76 99 31 20 0.11193718761205673 8 -1 -1 
1140 559 44 28 0.11091803014278412 10 -1 -1 
765 45 5 10 0.11073829233646393 1 -1 -1 
729 85 81 41 0.11029307544231415 5 -1 -1 
780 235 138 91 0.1069614365696907 6 -1 -1 
442 191 27 20 0.10409343987703323 6 -1 -1 
783 243 81 81 0.10379146784543991 4 -1 -1 
562 492 56 80 0.10348926484584808 3 -1 -1 
212 96 68 34 0.10249006003141403 5 -1 -1 
84 109 81 52 0.10207487642765045 5 -1 -1 
62 95 53 42 0.10138004273176193 6 -1 -1 
751 164 40 60 0.09813999384641647 9 -1 -1 
173 79 63 46 0.09715455770492554 5 -1 -1 
747 161 76 110 0.09629149734973907 6 -1 -1 
662 236 42 73 0.09608794748783112 2 -1 -1 
218 27 140 65 0.09598737210035324 6 -1 -1 
782 235 81 85 0.09475918859243393 9 -1 -1 
66 90 62 35 0.09472521394491196 6 -1 -1 
108 96 72 37 0.09420166909694672 6 -1 -1 
787 555 65 82 0.0936661884188652 1 -1 -1 
130 93 68 35 0.09345360100269318 5 -1 -1 
176 79 85 35 0.09311811625957489 6 -1 -1 
868 558 60 71 0.09228838980197906 1 -1 -1 
383 480 60 71 0.09079941362142563 1 -1 -1 
562 492 56 80 0.09055810421705246 8 -1 -1 
235 65 82 35 0.09027204662561417 6 -1 -1 
383 480 59 71 0.0899517834186554 5 -1 -1 
778 232 140 93 0.08925272524356842 9 -1 -1 
786 555 66 82 0.08887748420238495 5 -1 -1 
128 94 69 34 0.08807791024446487 4 -1 -1 
242 52 73 35 0.08712669461965561 6 -1 -1 
0 95 78 47 0.08705513179302216 5 -1 -1 
781 241 51 84 0.08688265830278397 8 -1 -1 
133 84 66 36 0.08671673387289047 4 -1 -1 
82 110 76 80 0.08591216802597046 6 -1 -1 
730 67 78 55 0.08555358648300171 6 -1 -1 
218 68 93 42 0.08544906973838806 6 -1 -1 
133 84 66 36 0.08457520604133606 9 -1 -1 
778 232 140 93 0.08432386070489883 5 -1 -1 
196 64 79 27 0.08373239636421204 6 -1 -1 
0 95 78 48 0.08344147354364395 9 -1 -1 
7 93 85 39 0.08182670176029205 9 -1 -1 
562 492 56 80 0.08107909560203552 2 -1 -1 
211 45 139 76 0.08021230250597 6 -1 -1 
562 492 56 80 0.07975561916828156 9 -1 -1 
383 480 60 71 0.07940320670604706 9 -1 -1 
662 236 42 73 0.07902008295059204 1 -1 -1 
73 46 88 39 0.07846052199602127 6 -1 -1 
68 82 73 34 0.07820875942707062 6 -1 -1 
44 43 108 45 0.07793672382831573 9 -1 -1 
27 63 118 38 0.07728514075279236 6 -1 -1 
181 68 93 35 0.077098049223423 6 -1 -1 
204 71 123 59 0.07703528553247452 6 -1 -1 
47 72 92 33 0.07654047012329102 6 -1 -1 
764 200 42 67 0.07612047344446182 4 -1 -1 
778 232 140 93 0.0756727084517479 4 -1 -1 
63 42 139 40 0.0756467804312706 6 -1 -1 
867 559 61 71 0.07540305703878403 5 -1 -1 
84 109 94 68 0.07357174158096313 9 -1 -1 
35 59 116 32 0.07297118753194809 9 -1 -1 
58 31 82 45 0.07245222479104996 6 -1 -1 
216 56 65 31 0.07190949469804764 9 -1 -1 
867 558 61 71 0.0716005265712738 9 -1 -1 
751 165 41 62 0.07085100561380386 8 -1 -1 
230 58 77 34 0.07059642672538757 6 -1 -1 
1 75 91 69 0.07007060199975967 6 -1 -1 
662 236 42 73 0.07002327591180801 5 -1 -1 
84 109 81 52 0.06990211457014084 4 -1 -1 
771 208 62 114 0.0696738213300705 9 -1 -1 
81 86 71 35 0.06913566589355469 6 -1 -1 
44 43 108 45 0.06896119564771652 4 -1 -1 
763 201 43 66 0.06770137697458267 9 -1 -1 
972 502 115 56 0.0676054134964943 9 -1 -1 
771 208 62 114 0.06721019744873047 4 -1 -1 
84 93 129 74 0.06719209998846054 6 -1 -1 
175 88 73 42 0.06714346259832382 6 -1 -1 
787 555 65 82 0.06689906865358353 9 -1 -1 
728 88 69 38 0.06673524528741837 4 -1 -1 
597 173 23 22 0.06611363589763641 5 -1 -1 
383 480 60 71 0.06576161086559296 10 -1 -1 
172 79 63 45 0.06510387361049652 9 -1 -1 
494 63 29 23 0.06491575390100479 6 -1 -1 
773 187 136 134 0.06389667838811874 9 -1 -1 
786 555 66 82 0.06340175122022629 10 -1 -1 
867 559 61 71 0.06282578408718109 10 -1 -1 
154 81 64 46 0.0623362772166729 5 -1 -1 
186 55 128 69 0.06178336963057518 6 -1 -1 
738 60 70 37 0.06128862127661705 6 -1 -1 
971 501 114 57 0.06116668879985809 1 -1 -1 
770 213 66 114 0.0611223541200161 5 -1 -1 
729 88 112 43 0.06097452715039253 6 -1 -1 
383 480 60 71 0.06066460162401199 7 -1 -1 
2 64 143 63 0.06018184497952461 6 -1 -1 
753 201 41 67 0.059937383979558945 6 -1 -1 
188 29 122 72 0.05959954112768173 6 -1 -1 
790 92 54 52 0.059487950056791306 6 -1 -1 
238 85 88 38 0.059077419340610504 6 -1 -1 
775 225 58 101 0.05677713826298714 7 -1 -1 
777 197 65 61 0.05665510147809982 6 -1 -1 
44 43 108 45 0.05616661533713341 5 -1 -1 
773 187 136 134 0.056008972227573395 5 -1 -1 
79 106 111 70 0.055999986827373505 5 -1 -1 
1 98 146 68 0.054747674614191055 6 -1 -1 
765 179 129 93 0.05386025458574295 6 -1 -1 
46 81 137 72 0.05336865410208702 6 -1 -1 
243 27 127 61 0.0530586764216423 4 -1 -1 
735 82 132 70 0.05129329487681389 6 -1 -1 
750 167 127 89 0.05051898583769798 6 -1 -1 
