1045 577 102 43 0.958979070186615 4 -1 -1 
268 637 111 49 0.940009355545044 4 -1 -1 
709 635 117 49 0.9392780661582947 4 -1 -1 
660 588 95 45 0.9387896060943604 4 -1 -1 
1232 580 103 45 0.9272911548614502 4 -1 -1 
66 634 122 58 0.9140898585319519 5 -1 -1 
0 560 98 43 0.8996819257736206 4 -1 -1 
722 458 10 29 0.8960838317871094 1 -1 -1 
689 403 9 25 0.8918498754501343 1 -1 -1 
478 479 80 49 0.8840232491493225 6 -1 -1 
419 423 11 26 0.8786758780479431 1 -1 -1 
337 566 65 34 0.8769420981407166 7 -1 -1 
682 405 7 22 0.8763779401779175 1 -1 -1 
618 335 7 17 0.8755240440368652 1 -1 -1 
443 335 46 23 0.8623263239860535 4 -1 -1 
239 485 71 83 0.8543097972869873 9 -1 -1 
436 423 10 26 0.8306053876876831 1 -1 -1 
933 563 39 22 0.8263105750083923 10 -1 -1 
607 506 9 30 0.816764235496521 1 -1 -1 
604 554 14 32 0.8111940622329712 1 -1 -1 
685 380 8 23 0.8099123239517212 1 -1 -1 
638 340 31 22 0.8085253834724426 4 -1 -1 
600 506 9 29 0.7969546318054199 1 -1 -1 
626 330 7 20 0.7835715413093567 1 -1 -1 
452 295 28 18 0.7755492329597473 4 -1 -1 
924 536 12 28 0.7373219132423401 1 -1 -1 
502 525 53 36 0.6930882334709167 7 -1 -1 
361 482 35 51 0.6883141398429871 4 -1 -1 
130 451 10 20 0.6803762316703796 10 -1 -1 
350 566 17 24 0.6803512573242188 2 -1 -1 
127 505 55 49 0.6688242554664612 4 -1 -1 
589 520 12 25 0.6595536470413208 2 -1 -1 
1153 550 17 30 0.655670702457428 1 -1 -1 
747 502 12 23 0.6414756178855896 1 -1 -1 
945 554 17 29 0.6330011487007141 2 -1 -1 
337 563 65 37 0.5976322889328003 8 -1 -1 
538 150 11 10 0.5770999193191528 5 -1 -1 
588 529 13 23 0.5757114291191101 10 -1 -1 
426 668 118 59 0.5498765110969543 4 -1 -1 
1171 525 64 35 0.5254572033882141 8 -1 -1 
400 436 13 22 0.5179241895675659 1 -1 -1 
1166 527 68 33 0.512164831161499 7 -1 -1 
400 436 13 21 0.506025493144989 2 -1 -1 
1304 522 54 34 0.4922407865524292 10 -1 -1 
430 668 113 59 0.49174603819847107 5 -1 -1 
538 150 11 10 0.4663401246070862 4 -1 -1 
769 499 10 16 0.4584246277809143 2 -1 -1 
849 382 12 13 0.4558761417865753 2 -1 -1 
488 139 9 9 0.44824743270874023 4 -1 -1 
1304 520 55 36 0.4317769706249237 7 -1 -1 
355 566 13 20 0.427324503660202 2 -1 -1 
1129 478 23 22 0.42489343881607056 3 -1 -1 
1052 439 102 55 0.3946235477924347 6 -1 -1 
285 490 73 38 0.37352219223976135 4 -1 -1 
67 635 122 57 0.3660676181316376 4 -1 -1 
347 566 26 31 0.3603315055370331 2 -1 -1 
1304 520 54 36 0.3507671654224396 4 -1 -1 
1026 446 80 50 0.3431200683116913 6 -1 -1 
341 566 55 33 0.34258967638015747 2 -1 -1 
941 557 26 26 0.3349221348762512 10 -1 -1 
1129 480 23 20 0.33312126994132996 10 -1 -1 
472 176 5 11 0.33247166872024536 1 -1 -1 
588 528 13 24 0.3180357813835144 3 -1 -1 
471 476 88 51 0.3176113963127136 8 -1 -1 
530 523 13 19 0.31644782423973083 2 -1 -1 
1192 728 89 37 0.30941155552864075 4 -1 -1 
529 523 13 21 0.305942177772522 1 -1 -1 
686 405 7 23 0.3003833293914795 1 -1 -1 
588 520 13 25 0.29523730278015137 1 -1 -1 
498 450 41 24 0.2945108115673065 4 -1 -1 
443 335 46 23 0.29378706216812134 6 -1 -1 
621 333 9 18 0.2927287518978119 1 -1 -1 
348 567 36 31 0.2912960648536682 7 -1 -1 
849 382 12 13 0.2909010350704193 1 -1 -1 
903 498 8 13 0.29047706723213196 2 -1 -1 
903 498 8 14 0.28801843523979187 10 -1 -1 
360 482 36 52 0.2869904935359955 5 -1 -1 
757 420 60 35 0.2855783700942993 4 -1 -1 
525 147 11 9 0.282650887966156 4 -1 -1 
353 566 14 23 0.2784724235534668 1 -1 -1 
239 489 72 79 0.2770680785179138 6 -1 -1 
345 569 20 24 0.2731345593929291 2 -1 -1 
238 486 73 82 0.2599940299987793 5 -1 -1 
533 523 17 19 0.2591673731803894 2 -1 -1 
530 143 10 12 0.249766543507576 4 -1 -1 
544 142 10 9 0.24375216662883759 4 -1 -1 
769 498 10 17 0.23557227849960327 1 -1 -1 
529 143 16 13 0.23307806253433228 6 -1 -1 
503 525 53 36 0.23231488466262817 8 -1 -1 
130 451 10 20 0.23228642344474792 2 -1 -1 
1008 437 90 55 0.2302095890045166 6 -1 -1 
504 526 16 24 0.22984860837459564 2 -1 -1 
748 502 11 22 0.2283087521791458 2 -1 -1 
741 320 7 17 0.22586067020893097 1 -1 -1 
903 498 8 14 0.22493647038936615 1 -1 -1 
592 534 10 19 0.22265341877937317 10 -1 -1 
516 523 32 30 0.22152826189994812 1 -1 -1 
1171 525 63 35 0.22101175785064697 6 -1 -1 
526 524 24 23 0.2179839164018631 2 -1 -1 
535 146 13 13 0.2156485915184021 4 -1 -1 
540 525 17 18 0.2148711234331131 2 -1 -1 
198 679 55 59 0.2140088975429535 6 -1 -1 
238 486 73 82 0.2114424705505371 8 -1 -1 
466 476 93 51 0.2110932171344757 5 -1 -1 
1304 520 55 36 0.2104637771844864 8 -1 -1 
526 524 24 23 0.20763519406318665 1 -1 -1 
784 514 22 22 0.20741383731365204 1 -1 -1 
239 468 116 98 0.20510928332805634 9 -1 -1 
946 554 16 29 0.20364318788051605 1 -1 -1 
766 496 10 14 0.2030235081911087 2 -1 -1 
472 160 5 8 0.20166128873825073 1 -1 -1 
494 442 71 34 0.20026956498622894 4 -1 -1 
504 526 15 26 0.2001144289970398 1 -1 -1 
535 146 13 13 0.19963249564170837 6 -1 -1 
938 563 29 22 0.19676171243190765 2 -1 -1 
535 146 13 13 0.1967005729675293 5 -1 -1 
313 491 46 37 0.19528350234031677 4 -1 -1 
1041 436 81 55 0.19476890563964844 6 -1 -1 
505 524 49 36 0.19327285885810852 1 -1 -1 
329 649 50 33 0.19061562418937683 4 -1 -1 
537 149 12 11 0.19001124799251556 6 -1 -1 
357 516 12 29 0.18911854922771454 1 -1 -1 
1133 440 73 58 0.18889138102531433 9 -1 -1 
923 536 13 28 0.18822786211967468 2 -1 -1 
1054 441 39 52 0.18685390055179596 6 -1 -1 
630 334 3 15 0.18636956810951233 1 -1 -1 
516 523 32 30 0.1844470053911209 2 -1 -1 
1058 439 51 37 0.1828126758337021 6 -1 -1 
533 523 17 19 0.18159766495227814 1 -1 -1 
435 729 27 34 0.1808902770280838 1 -1 -1 
491 137 11 9 0.18052570521831512 4 -1 -1 
505 524 49 36 0.17779229581356049 2 -1 -1 
589 528 12 24 0.17645440995693207 2 -1 -1 
950 554 15 26 0.17605508863925934 2 -1 -1 
1128 470 24 28 0.17377080023288727 2 -1 -1 
304 480 58 48 0.17335018515586853 4 -1 -1 
516 523 32 30 0.17167676985263824 7 -1 -1 
936 478 12 19 0.1709292232990265 1 -1 -1 
347 566 26 31 0.17064924538135529 1 -1 -1 
353 566 14 25 0.16945376992225647 7 -1 -1 
-1 489 37 45 0.16932223737239838 4 -1 -1 
752 454 28 33 0.16902263462543488 2 -1 -1 
602 505 9 22 0.16881895065307617 1 -1 -1 
760 475 15 29 0.16832536458969116 1 -1 -1 
1045 577 102 43 0.1682828664779663 9 -1 -1 
1204 535 32 24 0.16811583936214447 3 -1 -1 
627 330 6 13 0.1679491400718689 1 -1 -1 
471 476 88 51 0.167545348405838 7 -1 -1 
940 562 16 21 0.1670999377965927 2 -1 -1 
243 482 107 73 0.16581851243972778 4 -1 -1 
760 314 11 9 0.16556793451309204 7 -1 -1 
1127 484 21 16 0.16501249372959137 3 -1 -1 
112 510 10 25 0.16459283232688904 1 -1 -1 
631 317 8 14 0.16455821692943573 1 -1 -1 
529 143 16 13 0.16317118704319 5 -1 -1 
770 498 13 16 0.16301442682743073 2 -1 -1 
927 536 13 28 0.16239745914936066 1 -1 -1 
591 534 11 19 0.16227859258651733 3 -1 -1 
198 679 55 59 0.1609792709350586 5 -1 -1 
337 566 65 34 0.16076312959194183 3 -1 -1 
538 143 14 13 0.1594676673412323 4 -1 -1 
130 452 10 19 0.15924547612667084 1 -1 -1 
631 317 8 14 0.1582344025373459 2 -1 -1 
635 324 5 9 0.157454714179039 1 -1 -1 
1181 524 19 20 0.15726889669895172 2 -1 -1 
944 558 27 25 0.157068133354187 2 -1 -1 
933 563 39 22 0.15584103763103485 4 -1 -1 
539 141 14 11 0.15453562140464783 4 -1 -1 
402 435 12 16 0.15351244807243347 2 -1 -1 
1138 440 65 57 0.15159499645233154 6 -1 -1 
1045 578 102 42 0.15068697929382324 1 -1 -1 
1071 436 126 59 0.1493207961320877 6 -1 -1 
1014 460 81 36 0.14722420275211334 6 -1 -1 
1155 438 61 59 0.14454969763755798 9 -1 -1 
1151 441 64 57 0.14375753700733185 4 -1 -1 
251 490 105 43 0.1425716131925583 4 -1 -1 
1198 720 109 43 0.14049606025218964 4 -1 -1 
1139 440 69 58 0.13608339428901672 5 -1 -1 
268 637 111 49 0.13601884245872498 1 -1 -1 
238 486 73 82 0.1353517323732376 4 -1 -1 
1130 441 73 57 0.13428044319152832 8 -1 -1 
224 467 96 105 0.13213810324668884 9 -1 -1 
65 634 123 58 0.13133901357650757 6 -1 -1 
1029 440 75 54 0.13057343661785126 5 -1 -1 
921 413 178 79 0.12625741958618164 6 -1 -1 
204 680 80 60 0.12448301911354065 4 -1 -1 
1106 438 92 51 0.12286539375782013 9 -1 -1 
198 679 55 59 0.12225234508514404 4 -1 -1 
933 563 39 22 0.12219168990850449 3 -1 -1 
755 454 30 34 0.12202188372612 1 -1 -1 
750 416 67 39 0.119486965239048 5 -1 -1 
417 668 127 59 0.11903781443834305 6 -1 -1 
468 476 91 52 0.11872082203626633 9 -1 -1 
286 488 72 40 0.11828460544347763 5 -1 -1 
752 462 33 38 0.11767277866601944 2 -1 -1 
204 680 80 60 0.11653291434049606 6 -1 -1 
1022 440 78 54 0.11626435071229935 9 -1 -1 
1156 439 61 58 0.11442087590694427 6 -1 -1 
1158 443 62 55 0.11328838765621185 5 -1 -1 
243 482 107 73 0.11289101839065552 5 -1 -1 
466 476 93 51 0.11272745579481125 4 -1 -1 
391 434 24 28 0.11224060505628586 1 -1 -1 
660 588 96 45 0.11061691492795944 1 -1 -1 
204 680 80 60 0.10958776623010635 5 -1 -1 
709 635 117 49 0.10803543031215668 1 -1 -1 
1046 441 80 55 0.1079636812210083 9 -1 -1 
338 565 65 35 0.1078447476029396 6 -1 -1 
600 504 17 32 0.10754626989364624 1 -1 -1 
638 340 31 22 0.10702991485595703 5 -1 -1 
1194 728 89 37 0.10620149224996567 5 -1 -1 
1047 440 77 54 0.10524135082960129 5 -1 -1 
1232 580 103 45 0.10327304154634476 1 -1 -1 
1060 436 120 42 0.10284571349620819 6 -1 -1 
743 454 34 33 0.10144533216953278 1 -1 -1 
1087 518 38 27 0.10142549127340317 4 -1 -1 
-1 488 64 48 0.10137000679969788 4 -1 -1 
451 295 30 19 0.10099976509809494 5 -1 -1 
1155 550 22 32 0.10083238035440445 1 -1 -1 
941 557 26 26 0.10065849870443344 1 -1 -1 
413 664 132 66 0.10028527677059174 9 -1 -1 
740 411 76 42 0.09965706616640091 4 -1 -1 
269 636 110 50 0.0990656390786171 9 -1 -1 
758 454 30 39 0.09644261747598648 2 -1 -1 
52 436 37 18 0.09553118795156479 9 -1 -1 
243 482 107 73 0.09509650617837906 6 -1 -1 
0 560 98 43 0.09404301643371582 5 -1 -1 
1177 551 25 26 0.09334399551153183 1 -1 -1 
0 560 98 43 0.09316342324018478 1 -1 -1 
239 484 71 84 0.0923294648528099 1 -1 -1 
1163 524 73 37 0.09230727702379227 3 -1 -1 
487 445 73 46 0.09199754148721695 4 -1 -1 
709 635 117 49 0.09139146655797958 9 -1 -1 
67 634 122 58 0.09111582487821579 8 -1 -1 
1128 443 74 56 0.09085221588611603 4 -1 -1 
1026 430 70 51 0.09082821756601334 6 -1 -1 
709 635 117 49 0.09067867696285248 5 -1 -1 
434 668 109 59 0.0906687080860138 8 -1 -1 
1045 577 102 43 0.09002064913511276 7 -1 -1 
127 506 55 48 0.08998402953147888 5 -1 -1 
1029 440 75 54 0.08976642787456512 4 -1 -1 
1109 444 89 56 0.08878511935472488 6 -1 -1 
495 442 70 34 0.08877462893724442 5 -1 -1 
1303 518 56 38 0.08801400661468506 6 -1 -1 
660 588 96 45 0.08761265128850937 9 -1 -1 
709 635 117 49 0.08737270534038544 10 -1 -1 
224 467 96 105 0.08669307827949524 6 -1 -1 
1045 577 102 43 0.08590967953205109 5 -1 -1 
328 649 71 40 0.08447789400815964 4 -1 -1 
1303 520 56 38 0.08390834927558899 9 -1 -1 
917 510 30 29 0.08301857858896255 8 -1 -1 
660 589 97 44 0.08288323879241943 5 -1 -1 
354 666 190 65 0.07102277874946594 4 -1 -1 
1049 413 142 79 0.06670775264501572 6 -1 -1 
354 666 190 65 0.05885060131549835 5 -1 -1 
63 633 128 61 0.05550616234540939 9 -1 -1 
1052 439 147 59 0.05447583273053169 9 -1 -1 
1052 439 147 59 0.05115119740366936 5 -1 -1 
