728 614 29 44 0.9746768474578857 5 -1 -1 
715 369 27 54 0.9721487164497375 5 -1 -1 
469 345 26 42 0.9639690518379211 5 -1 -1 
365 689 46 48 0.9492800235748291 5 -1 -1 
731 526 25 53 0.9277874827384949 4 -1 -1 
755 128 50 22 0.925126850605011 4 -1 -1 
382 81 22 48 0.9230226278305054 4 -1 -1 
397 411 27 60 0.914122998714447 5 -1 -1 
671 26 27 47 0.9106212258338928 4 -1 -1 
694 159 46 43 0.9091691970825195 4 -1 -1 
584 367 21 52 0.908272922039032 4 -1 -1 
702 29 21 41 0.8996756076812744 4 -1 -1 
741 90 45 23 0.8990322947502136 4 -1 -1 
618 442 22 51 0.8941616415977478 4 -1 -1 
1234 672 26 51 0.89316725730896 4 -1 -1 
721 663 48 46 0.8884528279304504 4 -1 -1 
632 160 24 50 0.888357400894165 4 -1 -1 
647 297 23 53 0.8870816826820374 4 -1 -1 
582 244 25 51 0.883341372013092 4 -1 -1 
712 210 47 26 0.8789255023002625 4 -1 -1 
985 130 44 23 0.8753307461738586 5 -1 -1 
660 155 22 46 0.873062252998352 4 -1 -1 
591 594 26 56 0.8643896579742432 4 -1 -1 
358 219 24 48 0.8592595458030701 4 -1 -1 
534 695 24 65 0.8393422365188599 5 -1 -1 
740 310 25 49 0.8245497345924377 4 -1 -1 
1147 342 32 19 0.8176440000534058 4 -1 -1 
618 174 8 19 0.7741818428039551 10 -1 -1 
494 736 23 27 0.7692186832427979 4 -1 -1 
59 180 53 26 0.7617205381393433 4 -1 -1 
1040 153 49 128 0.7575058937072754 9 -1 -1 
731 29 23 50 0.7542678713798523 4 -1 -1 
586 518 22 50 0.7281842231750488 4 -1 -1 
392 597 26 55 0.7196682691574097 4 -1 -1 
699 224 7 11 0.6763567328453064 1 -1 -1 
792 172 7 12 0.6693814992904663 1 -1 -1 
618 260 9 15 0.66876220703125 10 -1 -1 
631 547 9 24 0.6642467975616455 10 -1 -1 
783 172 7 10 0.663658857345581 1 -1 -1 
1193 349 8 17 0.6627050638198853 10 -1 -1 
758 167 8 11 0.6445349454879761 1 -1 -1 
339 605 25 46 0.6350981593132019 4 -1 -1 
44 23 12 12 0.6110175251960754 1 -1 -1 
343 242 9 11 0.6043426990509033 1 -1 -1 
765 174 8 12 0.5877328515052795 1 -1 -1 
340 310 9 8 0.5720759630203247 1 -1 -1 
383 746 26 18 0.5591508746147156 4 -1 -1 
764 228 7 12 0.5500267744064331 1 -1 -1 
365 424 10 7 0.5426681041717529 1 -1 -1 
620 213 9 17 0.5248368382453918 10 -1 -1 
631 551 9 20 0.5210808515548706 2 -1 -1 
624 34 10 16 0.5172721147537231 1 -1 -1 
702 109 10 11 0.5121903419494629 1 -1 -1 
375 154 7 9 0.5025237202644348 1 -1 -1 
766 228 8 13 0.49794521927833557 1 -1 -1 
306 746 8 18 0.49621817469596863 10 -1 -1 
345 431 9 8 0.4919682741165161 1 -1 -1 
417 0 19 34 0.48424002528190613 4 -1 -1 
797 694 7 10 0.47831058502197266 1 -1 -1 
776 329 13 14 0.47415557503700256 10 -1 -1 
804 148 5 9 0.4734973609447479 1 -1 -1 
1134 521 16 17 0.47014671564102173 1 -1 -1 
417 0 19 34 0.46971046924591064 5 -1 -1 
1269 676 8 7 0.45080071687698364 1 -1 -1 
671 72 7 11 0.4384397566318512 1 -1 -1 
1194 385 15 12 0.4343542158603668 1 -1 -1 
333 426 8 10 0.4184820353984833 1 -1 -1 
700 112 10 9 0.40558698773384094 1 -1 -1 
1102 316 6 9 0.40308061242103577 1 -1 -1 
803 201 7 8 0.39595943689346313 1 -1 -1 
803 147 7 10 0.39057427644729614 10 -1 -1 
620 214 9 13 0.3852495551109314 2 -1 -1 
590 747 23 17 0.38294079899787903 4 -1 -1 
624 34 10 16 0.37627875804901123 10 -1 -1 
462 146 27 80 0.36231186985969543 6 -1 -1 
342 418 7 9 0.36197060346603394 1 -1 -1 
1014 151 49 125 0.35387706756591797 9 -1 -1 
895 578 9 8 0.3456091284751892 1 -1 -1 
617 260 9 15 0.3439074456691742 3 -1 -1 
534 695 23 65 0.3428037762641907 9 -1 -1 
1040 153 45 129 0.3412342369556427 6 -1 -1 
333 426 19 12 0.33722278475761414 1 -1 -1 
1198 370 26 12 0.33430156111717224 10 -1 -1 
1134 521 16 15 0.33358651399612427 10 -1 -1 
776 329 13 14 0.33080199360847473 3 -1 -1 
468 160 21 66 0.3250824809074402 9 -1 -1 
700 114 7 7 0.3215293288230896 1 -1 -1 
1266 672 10 10 0.32024624943733215 1 -1 -1 
342 417 8 7 0.30930307507514954 1 -1 -1 
618 174 8 12 0.30436092615127563 2 -1 -1 
586 518 22 50 0.30205675959587097 5 -1 -1 
341 429 12 10 0.2982480227947235 1 -1 -1 
769 228 6 8 0.2908313572406769 1 -1 -1 
1266 671 9 8 0.29007193446159363 1 -1 -1 
797 694 7 16 0.28872165083885193 1 -1 -1 
313 706 18 8 0.288474977016449 10 -1 -1 
1123 419 5 9 0.28765803575515747 1 -1 -1 
842 213 9 9 0.2865079641342163 1 -1 -1 
925 147 50 128 0.2831217646598816 6 -1 -1 
766 174 7 12 0.2795386016368866 10 -1 -1 
776 329 13 14 0.2794562876224518 1 -1 -1 
458 146 31 79 0.2779681980609894 4 -1 -1 
803 197 10 11 0.27570903301239014 10 -1 -1 
631 548 9 22 0.27412334084510803 3 -1 -1 
487 519 10 9 0.27361372113227844 1 -1 -1 
1262 667 8 5 0.2692113220691681 1 -1 -1 
344 241 9 9 0.2689458727836609 1 -1 -1 
1144 534 11 9 0.26652130484580994 1 -1 -1 
345 431 9 8 0.26243162155151367 2 -1 -1 
1098 484 9 9 0.26179876923561096 1 -1 -1 
1196 386 13 17 0.26059818267822266 1 -1 -1 
339 423 11 11 0.2595701217651367 1 -1 -1 
397 411 27 60 0.2553379237651825 6 -1 -1 
1100 486 9 7 0.2548390030860901 1 -1 -1 
100 246 8 8 0.2532493770122528 1 -1 -1 
621 218 8 13 0.25202280282974243 10 -1 -1 
334 427 19 12 0.25067517161369324 10 -1 -1 
1097 484 8 8 0.2492130845785141 1 -1 -1 
1084 146 17 10 0.24884480237960815 1 -1 -1 
617 260 9 14 0.24833819270133972 2 -1 -1 
397 411 27 60 0.24751774966716766 9 -1 -1 
925 147 50 128 0.24741405248641968 9 -1 -1 
841 240 10 7 0.24571149051189423 1 -1 -1 
671 72 7 11 0.2453601360321045 10 -1 -1 
1109 413 6 7 0.23892469704151154 1 -1 -1 
618 260 8 16 0.23779654502868652 1 -1 -1 
1099 514 11 9 0.23506443202495575 1 -1 -1 
803 3 6 19 0.23465152084827423 1 -1 -1 
621 216 9 14 0.23313575983047485 2 -1 -1 
987 149 54 121 0.23231710493564606 6 -1 -1 
671 68 10 15 0.23162855207920074 1 -1 -1 
534 695 24 67 0.22727958858013153 6 -1 -1 
391 597 27 56 0.22124797105789185 5 -1 -1 
985 149 52 123 0.2127809226512909 9 -1 -1 
365 689 46 48 0.20517411828041077 4 -1 -1 
332 421 23 18 0.20302289724349976 10 -1 -1 
460 147 27 79 0.2003035992383957 9 -1 -1 
365 689 46 48 0.1963830292224884 6 -1 -1 
1040 153 45 129 0.19045200943946838 4 -1 -1 
534 696 24 65 0.18388642370700836 4 -1 -1 
397 411 27 60 0.1785161793231964 4 -1 -1 
494 736 23 27 0.17238928377628326 5 -1 -1 
973 149 52 119 0.17198258638381958 6 -1 -1 
721 663 48 47 0.16549555957317352 5 -1 -1 
340 606 32 57 0.15743035078048706 4 -1 -1 
712 210 47 26 0.15538576245307922 5 -1 -1 
1147 342 32 19 0.15284423530101776 5 -1 -1 
1040 153 45 129 0.15035980939865112 5 -1 -1 
732 27 35 52 0.14469210803508759 4 -1 -1 
1199 373 31 17 0.14254708588123322 4 -1 -1 
989 151 76 144 0.1414996087551117 6 -1 -1 
1199 371 30 13 0.141376331448555 4 -1 -1 
715 369 27 54 0.1401354819536209 4 -1 -1 
1045 151 67 129 0.13788530230522156 6 -1 -1 
919 148 34 129 0.13775214552879333 9 -1 -1 
963 147 65 116 0.13062603771686554 9 -1 -1 
1239 145 18 22 0.12850312888622284 10 -1 -1 
948 149 82 150 0.12632744014263153 6 -1 -1 
1014 151 49 125 0.12589740753173828 6 -1 -1 
1032 154 42 127 0.1241702139377594 9 -1 -1 
786 297 26 19 0.12263398617506027 4 -1 -1 
945 148 52 129 0.1220235824584961 6 -1 -1 
945 148 52 129 0.11382339894771576 9 -1 -1 
494 736 23 27 0.11279094219207764 10 -1 -1 
731 28 28 52 0.11158964782953262 5 -1 -1 
582 243 26 52 0.10882678627967834 5 -1 -1 
925 147 50 128 0.10802587866783142 4 -1 -1 
989 151 76 144 0.10789231210947037 9 -1 -1 
591 594 26 56 0.1059621050953865 5 -1 -1 
462 147 27 79 0.10339833796024323 5 -1 -1 
919 148 34 129 0.10177569091320038 6 -1 -1 
1294 542 17 28 0.10093165934085846 4 -1 -1 
693 159 46 43 0.09892649948596954 5 -1 -1 
712 210 47 27 0.09838096797466278 6 -1 -1 
534 696 24 65 0.09485522657632828 1 -1 -1 
1134 520 20 23 0.09360036253929138 1 -1 -1 
786 297 26 19 0.09289595484733582 5 -1 -1 
365 689 46 48 0.09122644364833832 9 -1 -1 
1233 671 27 53 0.09119028598070145 5 -1 -1 
1032 153 38 128 0.08978762477636337 6 -1 -1 
925 147 50 128 0.08868677914142609 5 -1 -1 
59 179 55 28 0.08810964971780777 5 -1 -1 
647 296 24 55 0.08687479794025421 5 -1 -1 
453 147 29 79 0.08642595261335373 6 -1 -1 
351 606 31 53 0.08623825013637543 4 -1 -1 
365 689 46 48 0.08514752238988876 8 -1 -1 
397 411 27 60 0.08446437865495682 1 -1 -1 
316 323 25 20 0.08412966877222061 6 -1 -1 
383 746 26 18 0.0833120197057724 5 -1 -1 
365 689 46 48 0.08028040826320648 10 -1 -1 
985 149 52 123 0.08009225875139236 5 -1 -1 
693 159 46 43 0.07792545855045319 10 -1 -1 
949 149 63 152 0.0761093869805336 9 -1 -1 
494 736 23 27 0.07534831017255783 9 -1 -1 
333 420 21 20 0.07480214536190033 1 -1 -1 
987 149 54 121 0.07447431981563568 4 -1 -1 
1196 377 30 18 0.07443007826805115 4 -1 -1 
417 0 19 35 0.07427199929952621 6 -1 -1 
712 210 47 26 0.0732036903500557 9 -1 -1 
727 613 33 46 0.07302285730838776 4 -1 -1 
721 663 48 46 0.0729941725730896 10 -1 -1 
397 411 27 60 0.07292477041482925 2 -1 -1 
591 594 26 56 0.07216855138540268 1 -1 -1 
384 601 33 62 0.07038655132055283 4 -1 -1 
786 295 26 20 0.06964357197284698 8 -1 -1 
1238 144 19 23 0.06894166767597198 1 -1 -1 
1032 153 38 128 0.06874038279056549 4 -1 -1 
299 328 39 20 0.06812822073698044 6 -1 -1 
1045 151 67 129 0.06805045902729034 5 -1 -1 
754 128 51 26 0.06745979189872742 9 -1 -1 
787 293 35 20 0.06730528920888901 4 -1 -1 
715 369 27 54 0.06708749383687973 9 -1 -1 
67 728 45 37 0.06698952615261078 6 -1 -1 
1045 151 67 129 0.06641149520874023 4 -1 -1 
337 605 30 54 0.06619835644960403 5 -1 -1 
731 525 26 54 0.06580018997192383 9 -1 -1 
694 159 46 43 0.06434674561023712 9 -1 -1 
1147 342 32 19 0.06421414017677307 6 -1 -1 
448 146 33 76 0.06418470293283463 4 -1 -1 
631 159 26 52 0.06393475830554962 5 -1 -1 
715 369 27 54 0.06392370909452438 6 -1 -1 
913 149 18 116 0.06389568001031876 9 -1 -1 
59 179 55 28 0.06384332478046417 9 -1 -1 
721 663 48 46 0.0638243705034256 9 -1 -1 
365 689 46 48 0.0636916384100914 2 -1 -1 
534 696 24 65 0.06341713666915894 8 -1 -1 
300 327 36 22 0.06337487697601318 4 -1 -1 
591 594 26 56 0.06329613924026489 9 -1 -1 
494 736 23 27 0.063015416264534 1 -1 -1 
59 179 55 28 0.06299848109483719 6 -1 -1 
1133 520 20 20 0.06294595450162888 2 -1 -1 
693 159 46 43 0.06266918778419495 6 -1 -1 
391 597 27 57 0.0625365674495697 6 -1 -1 
1147 342 32 19 0.061763353645801544 1 -1 -1 
1294 539 16 30 0.06155146658420563 6 -1 -1 
1147 342 32 19 0.061327893286943436 9 -1 -1 
397 411 27 60 0.06127675995230675 8 -1 -1 
309 330 32 16 0.061148751527071 6 -1 -1 
989 151 76 144 0.06102760136127472 4 -1 -1 
67 728 45 37 0.06028313934803009 9 -1 -1 
967 149 55 126 0.05992014706134796 5 -1 -1 
1040 153 45 129 0.0597873218357563 8 -1 -1 
1014 151 49 125 0.054262906312942505 4 -1 -1 
938 143 96 105 0.05383838713169098 6 -1 -1 
997 141 94 110 0.05263105407357216 9 -1 -1 
1014 151 49 125 0.052176475524902344 5 -1 -1 
989 151 76 144 0.05124357342720032 5 -1 -1 
973 149 52 119 0.051069941371679306 4 -1 -1 
286 317 67 32 0.05032602697610855 6 -1 -1 
