690 162 25 38 0.9985713958740234 9 -1 -1 
717 331 38 25 0.9630624651908875 3 -1 -1 
298 463 88 88 0.9542039036750793 6 -1 -1 
863 210 20 21 0.9462722539901733 5 -1 -1 
204 543 124 126 0.9395528435707092 4 -1 -1 
622 401 51 65 0.9371827840805054 5 -1 -1 
616 327 33 22 0.9330481886863708 3 -1 -1 
980 422 57 59 0.8877752423286438 5 -1 -1 
313 294 64 23 0.8488398194313049 7 -1 -1 
636 155 12 11 0.836203932762146 4 -1 -1 
624 181 17 15 0.8250395655632019 4 -1 -1 
701 394 43 46 0.8221558928489685 4 -1 -1 
632 165 14 13 0.8154919147491455 4 -1 -1 
643 142 10 10 0.8099054098129272 4 -1 -1 
663 143 9 9 0.802977979183197 4 -1 -1 
250 266 46 31 0.8011358976364136 4 -1 -1 
639 345 9 33 0.7835088968276978 1 -1 -1 
588 166 14 12 0.7828948497772217 4 -1 -1 
544 257 28 28 0.7665452361106873 4 -1 -1 
587 253 29 33 0.7646582126617432 4 -1 -1 
847 235 23 20 0.7550978064537048 4 -1 -1 
573 185 18 13 0.7463409304618835 4 -1 -1 
616 136 21 9 0.7359282970428467 4 -1 -1 
1169 688 146 76 0.7328298687934875 4 -1 -1 
611 200 21 21 0.7314724922180176 4 -1 -1 
440 588 30 50 0.7253642082214355 10 -1 -1 
556 281 10 23 0.7243841886520386 1 -1 -1 
439 569 30 56 0.723357081413269 2 -1 -1 
668 167 15 13 0.7075987458229065 4 -1 -1 
898 333 28 20 0.707277774810791 10 -1 -1 
99 702 127 62 0.7028211951255798 4 -1 -1 
632 312 26 20 0.6975377798080444 10 -1 -1 
807 208 37 17 0.6818210482597351 4 -1 -1 
581 178 16 14 0.6728671789169312 4 -1 -1 
845 201 17 12 0.6660759449005127 10 -1 -1 
600 156 11 10 0.6563265919685364 4 -1 -1 
605 149 11 9 0.6502200365066528 4 -1 -1 
862 263 48 22 0.6444181203842163 4 -1 -1 
824 220 41 19 0.6441720128059387 4 -1 -1 
625 318 13 26 0.6395525932312012 2 -1 -1 
27 280 60 27 0.6387463808059692 4 -1 -1 
479 308 83 38 0.6377539038658142 4 -1 -1 
919 316 54 28 0.6339712738990784 4 -1 -1 
598 157 12 12 0.628272533416748 4 -1 -1 
506 335 29 21 0.6261521577835083 10 -1 -1 
601 154 12 11 0.6216888427734375 4 -1 -1 
875 266 45 26 0.6188547611236572 4 -1 -1 
597 160 12 11 0.6186548471450806 4 -1 -1 
596 189 6 10 0.6174063682556152 2 -1 -1 
291 245 13 14 0.6169292330741882 10 -1 -1 
662 135 7 7 0.608994722366333 4 -1 -1 
298 463 88 88 0.6025781035423279 4 -1 -1 
639 306 12 21 0.6001731157302856 2 -1 -1 
864 253 52 21 0.5965872406959534 4 -1 -1 
604 168 13 15 0.5824605822563171 5 -1 -1 
725 329 17 25 0.5787422060966492 2 -1 -1 
51 253 32 31 0.577427327632904 5 -1 -1 
860 241 41 22 0.5762591361999512 4 -1 -1 
603 150 12 11 0.5719846487045288 4 -1 -1 
506 334 29 22 0.5609601140022278 3 -1 -1 
26 249 36 31 0.5597187280654907 4 -1 -1 
815 215 35 16 0.5571190118789673 4 -1 -1 
484 300 20 20 0.5542849898338318 10 -1 -1 
317 292 59 25 0.547408938407898 6 -1 -1 
600 242 8 13 0.5431253910064697 2 -1 -1 
862 248 46 20 0.5408421754837036 4 -1 -1 
508 329 18 24 0.534209132194519 2 -1 -1 
721 330 12 24 0.5337628722190857 2 -1 -1 
584 198 6 10 0.5250382423400879 2 -1 -1 
584 202 6 10 0.5242680311203003 10 -1 -1 
664 126 7 6 0.5147979855537415 4 -1 -1 
59 456 81 73 0.5126146674156189 4 -1 -1 
732 320 12 31 0.5022140741348267 2 -1 -1 
596 192 6 10 0.4992809593677521 10 -1 -1 
598 245 12 16 0.4983679950237274 10 -1 -1 
479 308 84 37 0.4938212037086487 5 -1 -1 
78 255 35 31 0.48222440481185913 5 -1 -1 
512 330 21 22 0.47995448112487793 2 -1 -1 
491 296 10 17 0.4764558672904968 2 -1 -1 
604 168 13 15 0.465802937746048 4 -1 -1 
667 119 8 6 0.4654482305049896 4 -1 -1 
797 192 41 17 0.45280054211616516 4 -1 -1 
336 290 10 16 0.45072680711746216 2 -1 -1 
836 302 36 31 0.44597160816192627 4 -1 -1 
599 243 10 15 0.44179368019104004 10 -1 -1 
244 311 60 34 0.4326414465904236 4 -1 -1 
492 298 12 20 0.4314136803150177 2 -1 -1 
723 333 26 21 0.4307815432548523 2 -1 -1 
815 234 7 13 0.42993131279945374 2 -1 -1 
785 204 20 16 0.4299086928367615 4 -1 -1 
690 156 9 10 0.4186461865901947 4 -1 -1 
903 326 20 23 0.41676583886146545 2 -1 -1 
489 314 62 34 0.41661685705184937 2 -1 -1 
480 304 26 19 0.4079233705997467 10 -1 -1 
689 162 26 38 0.40383291244506836 4 -1 -1 
725 333 24 21 0.3994276523590088 3 -1 -1 
668 118 10 7 0.39761579036712646 4 -1 -1 
815 301 57 34 0.39713606238365173 4 -1 -1 
300 275 35 24 0.39476290345191956 4 -1 -1 
630 143 4 9 0.39345797896385193 1 -1 -1 
51 253 32 31 0.392146497964859 4 -1 -1 
300 279 30 20 0.3893418610095978 10 -1 -1 
815 235 8 13 0.3852692246437073 10 -1 -1 
58 452 129 79 0.3848384916782379 4 -1 -1 
20 320 73 45 0.3840237855911255 5 -1 -1 
407 220 38 51 0.37486106157302856 6 -1 -1 
902 327 22 23 0.3739008605480194 10 -1 -1 
665 171 5 12 0.36603739857673645 1 -1 -1 
10 528 39 41 0.36495858430862427 10 -1 -1 
596 192 6 10 0.3636031150817871 3 -1 -1 
495 297 9 16 0.3566482663154602 2 -1 -1 
316 297 11 17 0.3521827757358551 2 -1 -1 
665 117 7 6 0.35061246156692505 4 -1 -1 
622 322 21 25 0.34592756628990173 2 -1 -1 
496 299 9 18 0.3456822633743286 2 -1 -1 
690 162 25 38 0.3443090617656708 10 -1 -1 
330 264 13 21 0.34335699677467346 2 -1 -1 
979 423 58 58 0.33762121200561523 4 -1 -1 
637 307 17 23 0.3369078040122986 10 -1 -1 
510 331 21 22 0.3365284502506256 10 -1 -1 
595 187 6 9 0.3349454998970032 2 -1 -1 
13 251 44 32 0.332754522562027 4 -1 -1 
0 526 51 93 0.3318522572517395 4 -1 -1 
17 525 33 32 0.3258739709854126 10 -1 -1 
663 115 7 7 0.325386106967926 4 -1 -1 
819 217 42 18 0.3249102532863617 4 -1 -1 
482 302 22 18 0.32411929965019226 7 -1 -1 
689 162 26 38 0.32238104939460754 1 -1 -1 
671 116 9 8 0.32153645157814026 4 -1 -1 
311 222 10 13 0.3214658498764038 10 -1 -1 
79 255 32 31 0.3211715519428253 4 -1 -1 
3 260 44 26 0.3195868134498596 4 -1 -1 
689 162 26 38 0.31579938530921936 5 -1 -1 
298 463 88 88 0.31562647223472595 7 -1 -1 
690 162 25 38 0.3127400875091553 3 -1 -1 
823 218 41 21 0.3120005428791046 5 -1 -1 
319 299 46 18 0.31063103675842285 7 -1 -1 
672 114 8 8 0.3047681748867035 4 -1 -1 
581 178 16 14 0.30252230167388916 5 -1 -1 
888 329 35 24 0.3005971312522888 10 -1 -1 
593 163 12 11 0.30054575204849243 4 -1 -1 
17 303 11 21 0.29964685440063477 1 -1 -1 
951 343 40 24 0.298972487449646 4 -1 -1 
623 321 18 25 0.29879230260849 3 -1 -1 
82 244 35 21 0.2984357476234436 4 -1 -1 
837 302 35 31 0.2981727123260498 5 -1 -1 
622 401 51 65 0.2969730496406555 4 -1 -1 
506 330 24 26 0.29691383242607117 1 -1 -1 
315 292 61 25 0.29600951075553894 8 -1 -1 
21 319 74 48 0.292843759059906 4 -1 -1 
16 247 43 23 0.29261869192123413 4 -1 -1 
690 162 25 38 0.2925395667552948 7 -1 -1 
67 247 30 22 0.2922735810279846 4 -1 -1 
52 247 44 35 0.29135119915008545 5 -1 -1 
732 320 12 31 0.28926777839660645 1 -1 -1 
579 180 16 14 0.28739413619041443 4 -1 -1 
678 135 4 7 0.28724440932273865 2 -1 -1 
82 249 51 35 0.28718364238739014 6 -1 -1 
690 162 25 38 0.2859399914741516 2 -1 -1 
506 334 29 23 0.2857055068016052 2 -1 -1 
587 253 28 33 0.28525322675704956 5 -1 -1 
782 204 24 17 0.28110426664352417 5 -1 -1 
598 245 11 13 0.27946561574935913 2 -1 -1 
299 276 33 23 0.2788984477519989 7 -1 -1 
494 301 14 23 0.2774192988872528 10 -1 -1 
325 207 120 60 0.27628257870674133 6 -1 -1 
630 144 4 8 0.27496594190597534 2 -1 -1 
584 201 6 11 0.27382346987724304 3 -1 -1 
79 255 34 31 0.2697423994541168 6 -1 -1 
689 162 26 38 0.26321664452552795 6 -1 -1 
803 204 38 18 0.2504897713661194 4 -1 -1 
863 257 43 23 0.24843645095825195 4 -1 -1 
860 241 48 22 0.24761962890625 5 -1 -1 
690 162 25 38 0.24164161086082458 8 -1 -1 
133 309 82 59 0.22684979438781738 4 -1 -1 
229 363 78 39 0.2221830189228058 4 -1 -1 
867 254 62 28 0.21386617422103882 4 -1 -1 
587 253 29 33 0.21261024475097656 6 -1 -1 
862 248 46 20 0.20317241549491882 5 -1 -1 
718 332 37 24 0.19167472422122955 7 -1 -1 
865 253 46 19 0.19002988934516907 5 -1 -1 
60 452 108 78 0.1888428032398224 5 -1 -1 
787 186 48 20 0.18612192571163177 4 -1 -1 
0 523 56 86 0.1801818460226059 10 -1 -1 
951 342 42 25 0.17738668620586395 5 -1 -1 
298 463 88 88 0.1712716519832611 5 -1 -1 
915 309 72 37 0.1705668568611145 4 -1 -1 
955 340 50 28 0.1610173135995865 4 -1 -1 
802 188 37 18 0.1596469283103943 4 -1 -1 
5 536 83 80 0.15927061438560486 4 -1 -1 
720 324 30 28 0.15831415355205536 2 -1 -1 
403 201 43 69 0.15814931690692902 9 -1 -1 
777 204 34 19 0.1581299901008606 4 -1 -1 
24 321 92 55 0.15651702880859375 5 -1 -1 
796 191 42 17 0.15310421586036682 5 -1 -1 
863 268 45 23 0.15216848254203796 4 -1 -1 
107 310 96 67 0.14942362904548645 4 -1 -1 
846 237 38 20 0.14267942309379578 4 -1 -1 
798 191 40 17 0.14128190279006958 6 -1 -1 
876 268 49 25 0.14121879637241364 5 -1 -1 
24 320 98 57 0.1402471661567688 4 -1 -1 
305 282 73 33 0.13734754920005798 6 -1 -1 
816 216 42 17 0.13712754845619202 5 -1 -1 
725 327 31 24 0.13659021258354187 3 -1 -1 
770 204 37 18 0.1350778341293335 9 -1 -1 
854 236 42 21 0.13499705493450165 4 -1 -1 
300 271 76 33 0.13397566974163055 6 -1 -1 
205 546 122 122 0.13397511839866638 5 -1 -1 
325 207 120 60 0.13148283958435059 9 -1 -1 
0 522 52 56 0.131271094083786 10 -1 -1 
207 364 80 46 0.12913087010383606 4 -1 -1 
806 197 36 20 0.1282878965139389 4 -1 -1 
863 256 44 23 0.127420574426651 5 -1 -1 
102 307 143 98 0.126462921500206 4 -1 -1 
867 265 52 24 0.12508296966552734 5 -1 -1 
60 481 114 59 0.12142440676689148 4 -1 -1 
24 317 77 36 0.12075147777795792 5 -1 -1 
50 245 68 41 0.11922477930784225 6 -1 -1 
720 324 28 29 0.11801167577505112 3 -1 -1 
809 297 64 42 0.11678008735179901 9 -1 -1 
718 332 38 24 0.11647364497184753 8 -1 -1 
24 310 191 89 0.11572148650884628 4 -1 -1 
313 294 64 23 0.11507178843021393 3 -1 -1 
773 203 38 19 0.114840567111969 5 -1 -1 
827 227 43 19 0.11378160864114761 4 -1 -1 
807 300 65 40 0.1132582351565361 5 -1 -1 
300 269 48 27 0.11296778172254562 10 -1 -1 
801 191 38 18 0.11227990686893463 8 -1 -1 
952 342 36 25 0.11068222671747208 10 -1 -1 
82 324 114 65 0.11067730188369751 4 -1 -1 
717 331 38 25 0.10733408480882645 10 -1 -1 
313 294 64 23 0.10631626844406128 4 -1 -1 
403 201 43 69 0.10621362179517746 5 -1 -1 
298 463 88 88 0.10615282505750656 8 -1 -1 
780 204 40 18 0.10589563101530075 9 -1 -1 
99 702 129 62 0.10584036260843277 5 -1 -1 
782 194 48 21 0.10523150116205215 4 -1 -1 
862 243 62 25 0.10494642704725266 4 -1 -1 
616 327 33 22 0.10474790632724762 7 -1 -1 
780 182 47 20 0.10446766763925552 4 -1 -1 
787 186 48 20 0.10382428765296936 5 -1 -1 
229 363 78 39 0.1036076694726944 5 -1 -1 
369 194 75 74 0.10322239249944687 6 -1 -1 
188 365 84 50 0.10293138027191162 4 -1 -1 
1169 688 146 76 0.093476302921772 5 -1 -1 
58 449 123 86 0.08666591346263885 6 -1 -1 
24 310 191 89 0.08024489879608154 6 -1 -1 
24 316 180 94 0.07932036370038986 9 -1 -1 
67 454 181 94 0.07576204091310501 4 -1 -1 
24 310 191 89 0.07327951490879059 5 -1 -1 
1169 689 148 75 0.06878388673067093 10 -1 -1 
92 694 135 70 0.068543940782547 9 -1 -1 
60 445 119 86 0.06835886090993881 9 -1 -1 
204 541 108 104 0.06616151332855225 10 -1 -1 
61 450 182 88 0.0616549514234066 5 -1 -1 
1169 689 148 75 0.06110260263085365 1 -1 -1 
1169 688 146 76 0.06051206216216087 9 -1 -1 
176 510 132 129 0.06046881899237633 4 -1 -1 
204 541 112 103 0.057171065360307693 1 -1 -1 
67 477 153 94 0.054732661694288254 4 -1 -1 
298 270 75 34 0.05238814651966095 9 -1 -1 
67 454 181 94 0.051037706434726715 6 -1 -1 
