716 116 56 55 0.9299059510231018 4 -1 -1 
661 32 49 44 0.927341639995575 4 -1 -1 
752 206 78 75 0.9008925557136536 4 -1 -1 
808 430 178 119 0.8849360346794128 4 -1 -1 
468 0 49 48 0.8051246404647827 4 -1 -1 
848 217 19 52 0.7984426617622375 1 -1 -1 
1059 506 72 47 0.7934427857398987 10 -1 -1 
676 180 20 39 0.7684041261672974 10 -1 -1 
653 78 51 56 0.7621335983276367 4 -1 -1 
968 652 48 80 0.7560585737228394 10 -1 -1 
394 264 27 53 0.7408556938171387 10 -1 -1 
1082 490 40 53 0.7352862358093262 2 -1 -1 
715 254 22 36 0.7311275601387024 2 -1 -1 
677 171 19 33 0.7172856330871582 2 -1 -1 
972 650 41 61 0.7106823325157166 2 -1 -1 
1326 17 32 30 0.665894091129303 4 -1 -1 
719 30 14 35 0.6613910794258118 1 -1 -1 
768 68 15 33 0.6373037695884705 2 -1 -1 
261 336 25 30 0.5912333726882935 2 -1 -1 
692 296 27 55 0.5853815078735352 10 -1 -1 
696 293 23 41 0.5839889645576477 2 -1 -1 
1073 493 54 57 0.5579751133918762 10 -1 -1 
715 264 22 41 0.5472248792648315 10 -1 -1 
807 132 20 36 0.5245681405067444 2 -1 -1 
768 74 15 30 0.5068559646606445 10 -1 -1 
806 141 19 34 0.5054421424865723 10 -1 -1 
1073 495 55 55 0.4480668902397156 2 -1 -1 
715 263 22 42 0.43407362699508667 3 -1 -1 
384 256 32 50 0.42338499426841736 2 -1 -1 
733 22 10 24 0.41660159826278687 1 -1 -1 
384 256 28 51 0.4126264452934265 1 -1 -1 
805 139 16 32 0.38154780864715576 2 -1 -1 
384 258 32 52 0.3646109104156494 10 -1 -1 
719 30 14 36 0.3479783236980438 2 -1 -1 
768 67 15 34 0.341898113489151 1 -1 -1 
810 131 18 27 0.3403983414173126 2 -1 -1 
734 22 10 19 0.3253813683986664 2 -1 -1 
738 21 66 40 0.32242974638938904 4 -1 -1 
577 0 38 18 0.31859514117240906 4 -1 -1 
392 69 36 21 0.3095596134662628 10 -1 -1 
695 303 24 43 0.2941478192806244 2 -1 -1 
737 21 64 39 0.2906099855899811 6 -1 -1 
653 78 51 56 0.2899489104747772 5 -1 -1 
733 22 13 32 0.2870919108390808 1 -1 -1 
236 325 51 43 0.2870256304740906 10 -1 -1 
704 325 13 21 0.28213009238243103 2 -1 -1 
980 648 30 48 0.27891504764556885 2 -1 -1 
691 295 14 35 0.26659518480300903 2 -1 -1 
677 171 19 34 0.26645320653915405 1 -1 -1 
806 132 20 37 0.25789356231689453 1 -1 -1 
693 303 26 48 0.2488938271999359 3 -1 -1 
387 74 40 24 0.24812115728855133 10 -1 -1 
715 254 22 36 0.2440073937177658 1 -1 -1 
807 142 19 33 0.2428831309080124 3 -1 -1 
720 29 13 23 0.23490040004253387 2 -1 -1 
808 131 19 38 0.23360411822795868 10 -1 -1 
849 234 11 34 0.22937226295471191 1 -1 -1 
973 650 39 57 0.22837473452091217 1 -1 -1 
744 22 29 37 0.22691278159618378 7 -1 -1 
261 336 25 30 0.2202805131673813 1 -1 -1 
402 74 25 19 0.21892337501049042 10 -1 -1 
676 172 20 36 0.21886183321475983 10 -1 -1 
1082 492 31 40 0.21854616701602936 2 -1 -1 
398 268 22 49 0.21849492192268372 2 -1 -1 
234 340 26 30 0.215167835354805 2 -1 -1 
741 23 15 33 0.21491138637065887 1 -1 -1 
696 293 23 41 0.21490859985351562 1 -1 -1 
742 24 15 34 0.21365490555763245 2 -1 -1 
1096 492 29 48 0.21308104693889618 2 -1 -1 
805 139 16 32 0.2130265086889267 1 -1 -1 
741 21 39 33 0.2098829746246338 6 -1 -1 
730 23 12 32 0.20814815163612366 1 -1 -1 
813 150 12 24 0.20793552696704865 10 -1 -1 
981 646 23 38 0.2078622281551361 2 -1 -1 
814 132 13 20 0.20737972855567932 2 -1 -1 
0 500 40 41 0.2046564221382141 10 -1 -1 
1083 490 39 53 0.201817125082016 1 -1 -1 
397 83 31 18 0.19995194673538208 10 -1 -1 
381 67 47 28 0.1961338222026825 10 -1 -1 
745 21 38 35 0.19217407703399658 4 -1 -1 
1058 506 72 48 0.19018681347370148 3 -1 -1 
719 30 15 36 0.18990884721279144 10 -1 -1 
810 130 17 31 0.1898936927318573 1 -1 -1 
769 78 14 27 0.18698148429393768 3 -1 -1 
715 255 22 37 0.18667256832122803 10 -1 -1 
741 21 39 33 0.1846211850643158 8 -1 -1 
731 37 19 34 0.1808178871870041 1 -1 -1 
807 129 17 25 0.178375706076622 2 -1 -1 
395 69 32 21 0.17766216397285461 3 -1 -1 
406 86 22 15 0.17681965231895447 10 -1 -1 
811 130 12 20 0.1728578805923462 2 -1 -1 
676 179 20 39 0.17203150689601898 2 -1 -1 
806 142 19 33 0.17174451053142548 2 -1 -1 
731 32 20 39 0.1693015843629837 2 -1 -1 
738 22 16 30 0.16929127275943756 2 -1 -1 
1093 487 40 46 0.16781091690063477 2 -1 -1 
721 274 17 32 0.1668420135974884 10 -1 -1 
241 323 19 30 0.16624826192855835 2 -1 -1 
468 0 49 48 0.16473177075386047 5 -1 -1 
813 150 12 24 0.16456495225429535 3 -1 -1 
690 295 15 35 0.16436074674129486 1 -1 -1 
238 325 23 43 0.163235604763031 10 -1 -1 
142 494 53 29 0.16299773752689362 10 -1 -1 
250 333 42 35 0.1601429134607315 10 -1 -1 
1058 506 72 48 0.1579388678073883 2 -1 -1 
815 127 8 14 0.15756116807460785 2 -1 -1 
852 216 16 39 0.15710140764713287 1 -1 -1 
676 180 20 38 0.15679635107517242 3 -1 -1 
1326 17 32 30 0.1553184986114502 5 -1 -1 
402 74 25 19 0.15458564460277557 3 -1 -1 
743 21 41 33 0.1534002721309662 5 -1 -1 
412 77 15 17 0.15251214802265167 10 -1 -1 
724 34 14 33 0.15245366096496582 1 -1 -1 
428 31 24 18 0.15091244876384735 3 -1 -1 
399 270 21 29 0.150157630443573 2 -1 -1 
1058 506 72 47 0.1476401835680008 4 -1 -1 
578 0 36 18 0.14345692098140717 5 -1 -1 
732 21 64 36 0.1429745852947235 7 -1 -1 
141 492 53 33 0.14271113276481628 3 -1 -1 
975 647 26 43 0.14239734411239624 2 -1 -1 
715 255 22 37 0.14102019369602203 3 -1 -1 
257 335 25 25 0.1404973566532135 2 -1 -1 
732 25 19 40 0.13867709040641785 1 -1 -1 
743 23 20 37 0.13856039941310883 7 -1 -1 
745 26 11 20 0.13806016743183136 2 -1 -1 
721 274 17 32 0.13745202124118805 3 -1 -1 
1078 497 29 42 0.13732092082500458 2 -1 -1 
805 140 12 31 0.13672411441802979 10 -1 -1 
741 22 24 32 0.13665780425071716 2 -1 -1 
0 499 42 42 0.13524849712848663 7 -1 -1 
727 36 9 30 0.13305173814296722 1 -1 -1 
805 139 16 32 0.13264106214046478 3 -1 -1 
391 262 28 37 0.1323208510875702 2 -1 -1 
388 262 32 55 0.13214907050132751 1 -1 -1 
966 650 50 82 0.13116851449012756 3 -1 -1 
428 31 24 18 0.13106879591941833 10 -1 -1 
696 293 23 42 0.13073498010635376 10 -1 -1 
814 132 13 23 0.12962375581264496 1 -1 -1 
410 71 17 20 0.12820877134799957 10 -1 -1 
770 67 12 24 0.12742479145526886 2 -1 -1 
259 336 27 31 0.12643221020698547 10 -1 -1 
848 219 15 51 0.12634582817554474 3 -1 -1 
813 127 11 19 0.12419133633375168 2 -1 -1 
693 303 26 48 0.1241195946931839 7 -1 -1 
397 83 31 18 0.12408957630395889 3 -1 -1 
984 657 29 46 0.12293150275945663 2 -1 -1 
733 22 17 37 0.12267780303955078 2 -1 -1 
390 75 37 23 0.12255307286977768 3 -1 -1 
406 86 22 15 0.1223340779542923 3 -1 -1 
772 86 12 19 0.12163080275058746 10 -1 -1 
1093 488 30 34 0.12127276510000229 2 -1 -1 
389 68 39 22 0.11972858756780624 7 -1 -1 
967 651 49 81 0.11910182237625122 4 -1 -1 
412 77 15 17 0.11908872425556183 3 -1 -1 
715 21 67 35 0.11805719882249832 7 -1 -1 
969 651 46 80 0.11783844977617264 1 -1 -1 
743 22 33 35 0.11747989803552628 1 -1 -1 
745 29 10 26 0.11746568232774734 2 -1 -1 
740 20 44 24 0.11732553690671921 4 -1 -1 
974 651 39 58 0.11621861904859543 10 -1 -1 
724 34 14 33 0.11566523462533951 2 -1 -1 
692 298 21 38 0.11454863101243973 10 -1 -1 
1097 488 28 22 0.11395587027072906 2 -1 -1 
237 326 23 39 0.11315533518791199 2 -1 -1 
857 218 14 45 0.11306750029325485 1 -1 -1 
737 21 64 39 0.11296126246452332 5 -1 -1 
965 652 51 80 0.11192131042480469 2 -1 -1 
806 141 19 34 0.1115991473197937 7 -1 -1 
740 20 42 31 0.11120299994945526 7 -1 -1 
738 28 18 38 0.11042533069849014 2 -1 -1 
981 646 26 47 0.11038863658905029 1 -1 -1 
387 72 40 22 0.11027834564447403 4 -1 -1 
737 21 65 41 0.10998599231243134 8 -1 -1 
779 21 28 17 0.10996317118406296 10 -1 -1 
676 180 20 39 0.10969053208827972 4 -1 -1 
715 263 22 42 0.1095300167798996 7 -1 -1 
720 29 13 23 0.10951191931962967 1 -1 -1 
239 325 22 42 0.10950227826833725 3 -1 -1 
408 68 20 22 0.10929260402917862 3 -1 -1 
719 34 9 30 0.10882847756147385 1 -1 -1 
808 430 179 121 0.10850105434656143 5 -1 -1 
1077 491 40 54 0.10828180611133575 3 -1 -1 
715 263 22 42 0.10792672634124756 4 -1 -1 
723 24 16 31 0.10672514140605927 1 -1 -1 
849 217 18 51 0.10647257417440414 2 -1 -1 
1073 495 55 55 0.105584517121315 1 -1 -1 
729 37 11 28 0.10547201335430145 1 -1 -1 
241 324 19 31 0.10452863574028015 10 -1 -1 
745 27 11 26 0.10442861914634705 1 -1 -1 
314 223 23 38 0.1042698547244072 1 -1 -1 
661 32 49 44 0.10271724313497543 1 -1 -1 
807 129 17 25 0.1023363322019577 1 -1 -1 
1096 486 39 20 0.10223930329084396 3 -1 -1 
807 431 179 120 0.10206539928913116 10 -1 -1 
398 266 23 51 0.10143931955099106 3 -1 -1 
691 296 12 24 0.09901046007871628 2 -1 -1 
704 324 13 27 0.09743674099445343 10 -1 -1 
397 60 31 29 0.0952121764421463 10 -1 -1 
387 262 27 54 0.0941164419054985 3 -1 -1 
808 132 12 20 0.0940743163228035 2 -1 -1 
0 509 26 32 0.09306959807872772 10 -1 -1 
811 130 12 20 0.09256766736507416 1 -1 -1 
262 337 35 31 0.09239550679922104 10 -1 -1 
715 278 9 13 0.09120634198188782 1 -1 -1 
241 323 19 30 0.09096865355968475 1 -1 -1 
810 146 13 26 0.09069596230983734 3 -1 -1 
693 304 11 27 0.08874314278364182 1 -1 -1 
715 278 19 29 0.08840258419513702 10 -1 -1 
261 347 25 21 0.08836298435926437 2 -1 -1 
398 266 23 51 0.08733532577753067 7 -1 -1 
413 85 15 14 0.08642339706420898 10 -1 -1 
752 207 79 75 0.08473651111125946 5 -1 -1 
967 648 54 86 0.08465160429477692 9 -1 -1 
808 429 179 120 0.07443436235189438 9 -1 -1 
752 207 79 75 0.07414400577545166 10 -1 -1 
847 215 20 55 0.0729946419596672 9 -1 -1 
752 206 78 75 0.070899099111557 1 -1 -1 
808 430 178 119 0.06963133811950684 1 -1 -1 
692 296 27 55 0.06914793699979782 1 -1 -1 
726 22 45 45 0.0679606944322586 7 -1 -1 
804 127 27 47 0.06498851627111435 10 -1 -1 
744 18 67 32 0.060184624046087265 6 -1 -1 
720 22 54 38 0.05797506123781204 9 -1 -1 
310 223 29 49 0.0579119510948658 10 -1 -1 
692 299 27 52 0.05744929984211922 9 -1 -1 
744 18 67 32 0.05682959407567978 4 -1 -1 
752 206 78 75 0.05660654231905937 9 -1 -1 
1049 485 83 67 0.05651667341589928 10 -1 -1 
752 206 78 75 0.054837532341480255 7 -1 -1 
807 431 179 120 0.05420015752315521 7 -1 -1 
808 430 179 121 0.05289183557033539 6 -1 -1 
726 17 66 29 0.05265578255057335 6 -1 -1 
675 175 26 44 0.052173394709825516 9 -1 -1 
741 20 68 39 0.05199674516916275 9 -1 -1 
690 295 27 56 0.05189628526568413 2 -1 -1 
692 298 27 53 0.05041613429784775 8 -1 -1 
