54 339 114 54 0.9279348254203796 4 -1 -1 
840 553 84 79 0.9214625358581543 4 -1 -1 
981 140 52 36 0.9175295829772949 4 -1 -1 
1007 207 54 43 0.9153032898902893 4 -1 -1 
738 501 78 74 0.9145714044570923 4 -1 -1 
700 963 167 115 0.9141660332679749 4 -1 -1 
756 162 58 40 0.9135788679122925 4 -1 -1 
600 142 63 39 0.9109721779823303 4 -1 -1 
838 113 52 34 0.8961198329925537 4 -1 -1 
801 173 55 42 0.8888493180274963 4 -1 -1 
445 248 78 46 0.8862216472625732 4 -1 -1 
943 204 56 44 0.8839911818504333 4 -1 -1 
896 86 45 36 0.8827049136161804 4 -1 -1 
1025 146 41 37 0.8807504177093506 4 -1 -1 
1064 211 47 40 0.8791163563728333 4 -1 -1 
1105 118 44 40 0.8772844672203064 4 -1 -1 
690 233 60 52 0.8713769912719727 4 -1 -1 
865 272 58 52 0.8677976131439209 4 -1 -1 
894 120 50 40 0.8619964122772217 4 -1 -1 
849 183 52 48 0.853758692741394 4 -1 -1 
859 28 43 27 0.8495169878005981 4 -1 -1 
1065 108 39 36 0.8481670022010803 4 -1 -1 
514 735 69 51 0.8456732630729675 10 -1 -1 
782 261 61 54 0.8436527252197266 4 -1 -1 
1143 228 47 44 0.8325402140617371 4 -1 -1 
918 38 43 30 0.829243540763855 4 -1 -1 
855 79 47 35 0.8283558487892151 4 -1 -1 
605 267 60 46 0.8252612948417664 4 -1 -1 
1147 127 44 39 0.8247485160827637 4 -1 -1 
1072 52 47 34 0.8235749006271362 5 -1 -1 
408 224 73 59 0.823060929775238 4 -1 -1 
1032 840 61 41 0.8217629790306091 10 -1 -1 
1192 131 37 35 0.821521520614624 4 -1 -1 
8 430 30 32 0.8202434778213501 10 -1 -1 
749 10 42 29 0.8188710808753967 4 -1 -1 
1495 685 26 71 0.8184709548950195 10 -1 -1 
1188 75 42 31 0.8138247728347778 4 -1 -1 
499 125 63 41 0.8113399744033813 4 -1 -1 
952 41 46 31 0.8064934015274048 4 -1 -1 
787 102 47 42 0.8061025142669678 5 -1 -1 
1033 265 61 43 0.8053605556488037 4 -1 -1 
898 191 56 48 0.7970632910728455 4 -1 -1 
732 244 65 58 0.7966798543930054 4 -1 -1 
893 30 41 29 0.7930874228477478 4 -1 -1 
495 258 67 44 0.7875057458877563 4 -1 -1 
1106 222 42 43 0.7842528223991394 4 -1 -1 
741 97 50 43 0.7791921496391296 4 -1 -1 
14 321 33 37 0.7778756022453308 10 -1 -1 
1126 154 44 37 0.7765557169914246 4 -1 -1 
681 150 65 45 0.7760878205299377 4 -1 -1 
1147 73 42 29 0.7725808024406433 4 -1 -1 
653 283 57 52 0.7680593729019165 4 -1 -1 
664 91 56 37 0.7643647193908691 4 -1 -1 
793 508 84 85 0.7550405859947205 4 -1 -1 
789 14 43 29 0.7472473978996277 4 -1 -1 
910 270 61 59 0.7458725571632385 4 -1 -1 
298 187 24 24 0.7438820600509644 10 -1 -1 
647 220 61 53 0.7412446141242981 4 -1 -1 
994 45 42 34 0.7379049062728882 4 -1 -1 
1002 979 23 54 0.7357933521270752 1 -1 -1 
773 60 39 39 0.7347046732902527 4 -1 -1 
601 225 65 43 0.7323261499404907 4 -1 -1 
558 217 68 48 0.7308235764503479 4 -1 -1 
509 204 66 52 0.7290306091308594 4 -1 -1 
710 92 44 40 0.7221763730049133 4 -1 -1 
1113 58 36 37 0.722153902053833 4 -1 -1 
1156 42 60 30 0.7180587649345398 4 -1 -1 
837 9 56 25 0.7154949307441711 4 -1 -1 
925 124 52 48 0.7152449488639832 4 -1 -1 
1255 984 29 40 0.7094209790229797 2 -1 -1 
461 334 79 66 0.7038991451263428 4 -1 -1 
698 289 65 60 0.700169563293457 4 -1 -1 
1163 282 14 28 0.6986256241798401 2 -1 -1 
1161 291 17 29 0.6946095824241638 10 -1 -1 
435 108 26 21 0.6922160983085632 10 -1 -1 
537 260 79 56 0.686754584312439 5 -1 -1 
1045 49 30 30 0.6850054860115051 4 -1 -1 
1451 682 24 74 0.6825087070465088 10 -1 -1 
671 494 70 77 0.6811914443969727 4 -1 -1 
768 403 68 67 0.6672341823577881 4 -1 -1 
258 207 27 21 0.6596909761428833 10 -1 -1 
663 46 42 34 0.6491763591766357 4 -1 -1 
1417 1037 51 43 0.6294585466384888 10 -1 -1 
29 413 40 29 0.6192052960395813 10 -1 -1 
831 22 39 28 0.6138710379600525 4 -1 -1 
461 112 22 24 0.6096397042274475 10 -1 -1 
227 220 25 28 0.5947966575622559 10 -1 -1 
1021 104 36 35 0.5928752422332764 4 -1 -1 
839 662 32 41 0.5798290967941284 10 -1 -1 
1570 715 33 66 0.5780496597290039 10 -1 -1 
581 137 30 23 0.5717259049415588 10 -1 -1 
1075 40 68 25 0.5696231126785278 4 -1 -1 
252 213 24 23 0.5661969780921936 10 -1 -1 
1222 52 64 31 0.563317596912384 4 -1 -1 
160 253 17 29 0.561612606048584 10 -1 -1 
16 427 31 25 0.5599808096885681 10 -1 -1 
1255 982 30 57 0.5383575558662415 10 -1 -1 
1356 831 17 31 0.5301969647407532 1 -1 -1 
942 89 42 37 0.5281970500946045 4 -1 -1 
276 194 28 28 0.5231128931045532 10 -1 -1 
950 16 8 20 0.5226102471351624 1 -1 -1 
842 658 24 37 0.5222564935684204 2 -1 -1 
335 207 73 44 0.5189506411552429 4 -1 -1 
530 352 76 69 0.5094361305236816 4 -1 -1 
708 384 79 74 0.5074379444122314 4 -1 -1 
21 420 30 30 0.5062809586524963 10 -1 -1 
194 285 68 37 0.5004982352256775 4 -1 -1 
924 809 31 60 0.4942942261695862 10 -1 -1 
590 125 15 27 0.4852057695388794 2 -1 -1 
280 330 74 46 0.4817372262477875 4 -1 -1 
477 800 123 80 0.47956612706184387 4 -1 -1 
784 0 10 22 0.4764833152294159 1 -1 -1 
203 247 18 20 0.4534136652946472 2 -1 -1 
700 290 63 60 0.44731074571609497 5 -1 -1 
1525 539 30 51 0.4408654570579529 1 -1 -1 
537 259 78 57 0.4326174557209015 4 -1 -1 
1551 692 34 55 0.43090859055519104 10 -1 -1 
420 795 179 96 0.430075466632843 4 -1 -1 
456 111 22 26 0.43006178736686707 10 -1 -1 
671 394 75 64 0.4171604514122009 4 -1 -1 
456 112 13 25 0.41681042313575745 10 -1 -1 
192 238 27 29 0.41458070278167725 10 -1 -1 
161 251 15 23 0.41210421919822693 2 -1 -1 
568 135 37 26 0.40792372822761536 10 -1 -1 
220 287 59 39 0.4059793949127197 4 -1 -1 
585 131 23 26 0.40130338072776794 10 -1 -1 
715 189 14 29 0.3973449468612671 1 -1 -1 
274 190 14 27 0.39495718479156494 1 -1 -1 
436 793 164 92 0.32538414001464844 5 -1 -1 
464 334 75 66 0.32025855779647827 5 -1 -1 
857 264 217 200 0.24415934085845947 6 -1 -1 
195 285 83 40 0.22747734189033508 5 -1 -1 
509 204 66 53 0.2220926433801651 5 -1 -1 
921 809 42 77 0.21943388879299164 10 -1 -1 
406 224 75 60 0.21939750015735626 5 -1 -1 
529 353 78 70 0.21870511770248413 5 -1 -1 
270 201 35 24 0.20267151296138763 10 -1 -1 
190 236 31 32 0.20130446553230286 2 -1 -1 
1579 547 152 81 0.19368447363376617 4 -1 -1 
335 205 76 46 0.18575707077980042 5 -1 -1 
1577 546 151 83 0.18459703028202057 6 -1 -1 
281 190 32 29 0.18269510567188263 10 -1 -1 
928 264 148 171 0.1772080510854721 6 -1 -1 
188 240 33 28 0.1684643030166626 7 -1 -1 
430 239 71 50 0.15780764818191528 4 -1 -1 
927 809 54 70 0.15727859735488892 10 -1 -1 
280 330 74 46 0.1529306024312973 5 -1 -1 
247 213 32 30 0.15233491361141205 10 -1 -1 
1019 825 71 54 0.1466355174779892 10 -1 -1 
231 217 33 30 0.14619916677474976 10 -1 -1 
943 76 63 55 0.14583583176136017 4 -1 -1 
281 317 90 55 0.13982822000980377 4 -1 -1 
237 213 33 31 0.13945330679416656 10 -1 -1 
680 149 65 46 0.13939684629440308 5 -1 -1 
188 235 33 32 0.13384515047073364 3 -1 -1 
367 776 228 114 0.13196100294589996 5 -1 -1 
287 186 35 27 0.13194361329078674 10 -1 -1 
699 964 167 113 0.125669464468956 5 -1 -1 
998 819 86 51 0.12401124835014343 10 -1 -1 
1488 530 235 97 0.11828634142875671 6 -1 -1 
251 203 33 27 0.11762607842683792 10 -1 -1 
319 646 167 130 0.11672601103782654 6 -1 -1 
252 206 32 29 0.11645413935184479 3 -1 -1 
558 216 67 49 0.11614347249269485 5 -1 -1 
1548 638 97 125 0.11357147246599197 10 -1 -1 
1353 830 22 36 0.11298862099647522 2 -1 -1 
188 234 32 33 0.10908406227827072 1 -1 -1 
1566 551 154 131 0.10862646251916885 6 -1 -1 
345 772 242 137 0.10780544579029083 4 -1 -1 
446 107 29 29 0.10705766826868057 10 -1 -1 
445 248 78 46 0.10637696832418442 5 -1 -1 
1585 554 142 113 0.1063074991106987 4 -1 -1 
54 338 110 56 0.10499480366706848 5 -1 -1 
928 810 82 77 0.10399620980024338 10 -1 -1 
194 285 84 41 0.10378554463386536 6 -1 -1 
601 222 72 46 0.10260438919067383 5 -1 -1 
976 820 49 71 0.1025066077709198 10 -1 -1 
274 194 32 29 0.10244264453649521 3 -1 -1 
557 216 68 49 0.10192971676588058 1 -1 -1 
244 207 30 33 0.10171209275722504 10 -1 -1 
1542 559 106 196 0.10060297697782516 8 -1 -1 
1353 824 25 36 0.09895755350589752 1 -1 -1 
994 817 85 45 0.09848460555076599 7 -1 -1 
1542 559 106 196 0.09833519160747528 6 -1 -1 
700 962 167 116 0.09826866537332535 9 -1 -1 
190 235 31 32 0.09804263710975647 8 -1 -1 
420 793 179 93 0.09789219498634338 6 -1 -1 
1611 557 114 196 0.09736549854278564 4 -1 -1 
990 817 69 49 0.09729912132024765 10 -1 -1 
1542 559 106 196 0.09668076783418655 7 -1 -1 
700 963 166 115 0.0961962640285492 10 -1 -1 
54 339 114 54 0.09585662186145782 1 -1 -1 
387 751 211 122 0.09571439027786255 4 -1 -1 
1553 556 159 209 0.09495256841182709 4 -1 -1 
319 652 163 140 0.09487525373697281 9 -1 -1 
268 186 24 37 0.09477792680263519 10 -1 -1 
537 259 79 57 0.09387443959712982 6 -1 -1 
1546 550 164 190 0.09373736381530762 6 -1 -1 
700 964 166 114 0.0937301442027092 7 -1 -1 
1579 547 152 81 0.09270118921995163 5 -1 -1 
496 259 68 44 0.09184281527996063 5 -1 -1 
225 219 31 29 0.0918143019080162 3 -1 -1 
580 220 76 49 0.09130315482616425 4 -1 -1 
1545 557 110 199 0.0894208773970604 4 -1 -1 
222 228 34 24 0.08934451639652252 10 -1 -1 
982 815 55 62 0.08921094983816147 10 -1 -1 
700 963 166 115 0.08908478170633316 1 -1 -1 
701 963 165 115 0.08845916390419006 6 -1 -1 
414 820 181 108 0.08727531880140305 4 -1 -1 
456 108 28 30 0.0854424461722374 7 -1 -1 
882 263 192 174 0.08380112051963806 9 -1 -1 
250 211 30 31 0.08319168537855148 3 -1 -1 
408 225 73 58 0.08213401585817337 6 -1 -1 
834 268 239 254 0.08206770569086075 9 -1 -1 
408 225 73 58 0.08141797035932541 1 -1 -1 
338 743 227 157 0.07987934350967407 5 -1 -1 
237 221 37 28 0.0788881778717041 10 -1 -1 
420 795 179 96 0.07847969233989716 8 -1 -1 
1611 557 114 196 0.07837065309286118 6 -1 -1 
54 339 114 54 0.07805773615837097 6 -1 -1 
519 258 80 49 0.07792718708515167 4 -1 -1 
1353 830 22 36 0.07639162987470627 10 -1 -1 
319 680 151 141 0.07625871151685715 6 -1 -1 
940 260 148 163 0.07574000954627991 9 -1 -1 
367 776 228 114 0.07507452368736267 9 -1 -1 
976 820 49 71 0.07470779865980148 7 -1 -1 
269 202 36 25 0.07429461926221848 3 -1 -1 
268 186 24 37 0.07425320893526077 1 -1 -1 
281 317 90 55 0.0737113356590271 5 -1 -1 
368 732 214 131 0.07368813455104828 5 -1 -1 
943 76 63 55 0.07361249625682831 5 -1 -1 
941 260 144 119 0.07333990931510925 6 -1 -1 
529 352 76 69 0.07298150658607483 1 -1 -1 
982 815 55 62 0.07245692610740662 7 -1 -1 
537 259 78 57 0.07242986559867859 9 -1 -1 
184 232 30 33 0.07239377498626709 2 -1 -1 
445 248 78 46 0.07156757265329361 1 -1 -1 
925 974 68 55 0.07104965299367905 10 -1 -1 
274 193 32 30 0.07012593746185303 7 -1 -1 
510 204 65 52 0.06962990015745163 6 -1 -1 
455 107 28 31 0.06798849254846573 3 -1 -1 
509 204 66 52 0.06797685474157333 1 -1 -1 
925 809 68 68 0.0679098516702652 7 -1 -1 
433 105 32 26 0.06722113490104675 3 -1 -1 
436 793 164 92 0.06698540598154068 9 -1 -1 
444 248 80 46 0.06673774123191833 10 -1 -1 
834 268 239 254 0.05086051672697067 5 -1 -1 
