848 395 185 82 0.9642238020896912 4 -1 -1 
561 277 163 65 0.9464863538742065 4 -1 -1 
434 471 211 92 0.9414452910423279 4 -1 -1 
1140 250 135 62 0.9010086059570312 4 -1 -1 
1241 142 18 34 0.9002689719200134 1 -1 -1 
98 42 43 32 0.8988692164421082 4 -1 -1 
1226 138 19 37 0.8971491456031799 1 -1 -1 
556 16 33 25 0.8743305802345276 4 -1 -1 
854 336 143 68 0.8584496974945068 4 -1 -1 
4 23 78 28 0.848876416683197 4 -1 -1 
1058 228 126 54 0.8013413548469543 4 -1 -1 
1120 298 21 48 0.7999504208564758 1 -1 -1 
990 483 81 50 0.7978468537330627 10 -1 -1 
1052 146 18 35 0.7538843154907227 1 -1 -1 
31 70 16 33 0.7533205151557922 1 -1 -1 
331 143 15 42 0.752403199672699 1 -1 -1 
18 67 16 36 0.7201328277587891 1 -1 -1 
566 112 13 35 0.7130530476570129 1 -1 -1 
1237 385 30 45 0.7119630575180054 2 -1 -1 
1202 305 144 68 0.7018325924873352 4 -1 -1 
116 7 10 25 0.6882327795028687 1 -1 -1 
1222 403 56 35 0.6433193683624268 10 -1 -1 
85 34 9 19 0.6321897506713867 1 -1 -1 
989 147 12 27 0.625846803188324 1 -1 -1 
314 43 36 44 0.620611310005188 4 -1 -1 
129 1 9 24 0.60917729139328 1 -1 -1 
1050 175 34 24 0.6078198552131653 10 -1 -1 
324 105 30 40 0.6071339249610901 4 -1 -1 
123 16 31 30 0.6052737236022949 4 -1 -1 
1075 107 11 20 0.6012702584266663 2 -1 -1 
146 297 146 78 0.5984724760055542 5 -1 -1 
1137 291 20 46 0.5953513979911804 1 -1 -1 
939 144 11 31 0.5918043255805969 1 -1 -1 
18 33 15 30 0.5886169075965881 1 -1 -1 
1062 165 17 29 0.584011435508728 2 -1 -1 
909 131 13 39 0.5803422331809998 1 -1 -1 
1008 134 16 36 0.5717890858650208 1 -1 -1 
1014 465 31 62 0.5650889873504639 2 -1 -1 
146 297 148 78 0.5635294914245605 4 -1 -1 
900 147 15 33 0.5502820014953613 1 -1 -1 
393 165 19 32 0.5344632863998413 2 -1 -1 
16 105 21 23 0.5075807571411133 2 -1 -1 
159 702 105 56 0.5054658651351929 10 -1 -1 
109 8 11 27 0.4901621639728546 1 -1 -1 
1089 101 12 19 0.488325297832489 2 -1 -1 
0 159 53 53 0.48786383867263794 4 -1 -1 
69 75 13 28 0.4852639138698578 1 -1 -1 
7 34 12 27 0.4751845598220825 1 -1 -1 
1202 306 143 67 0.4560108482837677 5 -1 -1 
165 0 13 19 0.448679119348526 1 -1 -1 
45 101 20 27 0.44323962926864624 10 -1 -1 
161 709 37 40 0.4257220923900604 2 -1 -1 
389 171 13 26 0.42206814885139465 2 -1 -1 
1083 109 18 18 0.41314664483070374 10 -1 -1 
253 57 16 30 0.40573763847351074 10 -1 -1 
1060 166 20 30 0.4007856845855713 10 -1 -1 
940 139 17 36 0.3967302143573761 1 -1 -1 
324 106 30 41 0.3902847170829773 5 -1 -1 
1057 167 25 30 0.3880687654018402 2 -1 -1 
171 691 80 60 0.38599497079849243 2 -1 -1 
179 691 69 58 0.38064295053482056 10 -1 -1 
255 57 22 29 0.3779563009738922 10 -1 -1 
191 689 55 55 0.37497562170028687 2 -1 -1 
313 43 38 44 0.3743085563182831 5 -1 -1 
123 16 31 30 0.37207135558128357 5 -1 -1 
1086 101 13 21 0.3670892119407654 2 -1 -1 
324 106 30 41 0.36565738916397095 8 -1 -1 
1229 393 44 42 0.3572402000427246 2 -1 -1 
1229 393 44 42 0.35665425658226013 10 -1 -1 
69 75 13 27 0.3551351726055145 2 -1 -1 
1004 479 30 48 0.3541702926158905 2 -1 -1 
5 34 10 24 0.35152649879455566 1 -1 -1 
138 5 9 19 0.3505190908908844 1 -1 -1 
26 69 17 33 0.3504922091960907 1 -1 -1 
262 56 21 30 0.3480243682861328 10 -1 -1 
166 691 53 56 0.34757333993911743 2 -1 -1 
629 46 14 24 0.34661298990249634 1 -1 -1 
96 10 11 27 0.3461175858974457 1 -1 -1 
629 46 14 25 0.34216612577438354 2 -1 -1 
14 0 11 25 0.33614107966423035 1 -1 -1 
11 37 10 26 0.33136916160583496 1 -1 -1 
1141 292 15 34 0.3307223916053772 2 -1 -1 
257 54 12 24 0.3303312659263611 2 -1 -1 
6 34 14 28 0.321338027715683 2 -1 -1 
3 33 9 24 0.3213203251361847 1 -1 -1 
1142 292 21 43 0.3150155246257782 1 -1 -1 
205 688 34 59 0.3148852586746216 2 -1 -1 
1086 104 14 21 0.30604588985443115 10 -1 -1 
9 40 12 24 0.3034316301345825 10 -1 -1 
390 172 23 31 0.30227527022361755 10 -1 -1 
1 31 8 26 0.3017641007900238 1 -1 -1 
9 41 10 23 0.301165372133255 1 -1 -1 
947 139 11 30 0.2928580045700073 1 -1 -1 
627 42 15 27 0.2926195561885834 10 -1 -1 
324 105 30 41 0.291841983795166 6 -1 -1 
158 714 84 46 0.2904834747314453 10 -1 -1 
991 484 80 49 0.28438252210617065 3 -1 -1 
44 102 20 27 0.28389424085617065 2 -1 -1 
110 16 11 21 0.2812633216381073 1 -1 -1 
1060 165 20 31 0.27502816915512085 1 -1 -1 
9 0 15 23 0.2738949954509735 1 -1 -1 
389 171 22 31 0.27338024973869324 2 -1 -1 
7 12 10 19 0.27325257658958435 1 -1 -1 
1137 301 20 37 0.2725963294506073 10 -1 -1 
1122 298 21 29 0.2708437442779541 1 -1 -1 
1057 228 127 54 0.26878049969673157 5 -1 -1 
996 479 68 51 0.2680814266204834 2 -1 -1 
394 165 18 31 0.26723921298980713 1 -1 -1 
1090 101 11 20 0.2659750282764435 1 -1 -1 
1134 299 19 42 0.2616487741470337 1 -1 -1 
182 687 30 39 0.2616129219532013 2 -1 -1 
252 55 13 22 0.26105019450187683 2 -1 -1 
1074 108 20 20 0.2600172162055969 2 -1 -1 
132 4 10 22 0.2596997022628784 1 -1 -1 
16 33 12 28 0.25874653458595276 1 -1 -1 
161 723 55 36 0.25643059611320496 10 -1 -1 
9 11 12 20 0.25404006242752075 1 -1 -1 
324 105 30 41 0.253396213054657 9 -1 -1 
1090 108 11 18 0.24773527681827545 10 -1 -1 
906 146 13 31 0.24542205035686493 1 -1 -1 
161 698 63 51 0.24506980180740356 10 -1 -1 
634 48 10 23 0.2446221113204956 1 -1 -1 
130 41 10 19 0.24367377161979675 2 -1 -1 
23 0 10 19 0.24268929660320282 1 -1 -1 
1022 468 32 58 0.24104003608226776 2 -1 -1 
9 40 12 24 0.23928776383399963 3 -1 -1 
251 58 14 26 0.23879490792751312 10 -1 -1 
160 699 48 53 0.23843899369239807 2 -1 -1 
23 134 16 33 0.23825949430465698 1 -1 -1 
15 0 10 22 0.23655995726585388 2 -1 -1 
1238 385 30 46 0.23522096872329712 1 -1 -1 
1075 108 11 19 0.23379547894001007 1 -1 -1 
198 687 36 43 0.2333761304616928 2 -1 -1 
1053 146 18 37 0.23335197567939758 2 -1 -1 
1085 103 9 19 0.23266169428825378 2 -1 -1 
1131 296 21 30 0.2323949784040451 1 -1 -1 
901 137 18 41 0.2308112531900406 1 -1 -1 
251 56 18 31 0.2287409007549286 3 -1 -1 
7 0 10 22 0.22864341735839844 1 -1 -1 
196 695 66 56 0.22746630012989044 2 -1 -1 
187 691 60 57 0.22742079198360443 1 -1 -1 
0 133 50 74 0.22690345346927643 4 -1 -1 
910 145 11 27 0.22667227685451508 1 -1 -1 
266 56 16 25 0.22536039352416992 2 -1 -1 
1085 108 16 18 0.22486519813537598 3 -1 -1 
196 695 66 56 0.22443529963493347 10 -1 -1 
22 38 13 25 0.22395172715187073 1 -1 -1 
13 102 19 24 0.22185643017292023 2 -1 -1 
16 105 22 23 0.21983583271503448 10 -1 -1 
1122 298 21 29 0.21960507333278656 2 -1 -1 
203 689 32 56 0.21677517890930176 1 -1 -1 
85 33 10 20 0.21610388159751892 2 -1 -1 
908 132 12 27 0.212671160697937 1 -1 -1 
1012 467 37 57 0.2123597115278244 10 -1 -1 
9 11 12 20 0.21164079010486603 2 -1 -1 
1296 166 27 38 0.21117514371871948 1 -1 -1 
390 175 26 30 0.21077853441238403 3 -1 -1 
257 54 13 27 0.2098604440689087 10 -1 -1 
18 33 15 30 0.20966215431690216 2 -1 -1 
941 142 11 28 0.2087818682193756 1 -1 -1 
802 74 67 28 0.20851550996303558 4 -1 -1 
9 0 15 23 0.20825710892677307 2 -1 -1 
254 56 16 28 0.2079406976699829 2 -1 -1 
854 337 142 66 0.20590484142303467 5 -1 -1 
0 131 52 78 0.19971489906311035 7 -1 -1 
167 695 92 58 0.19798435270786285 1 -1 -1 
1054 148 20 43 0.19737999141216278 1 -1 -1 
159 710 107 50 0.19566167891025543 3 -1 -1 
1140 111 20 33 0.19504469633102417 1 -1 -1 
1309 86 23 43 0.19466479122638702 1 -1 -1 
160 702 75 56 0.19044877588748932 2 -1 -1 
260 58 24 30 0.19037923216819763 3 -1 -1 
899 147 17 34 0.18870997428894043 2 -1 -1 
249 52 23 29 0.18406575918197632 10 -1 -1 
389 169 19 32 0.18309235572814941 1 -1 -1 
1073 104 28 24 0.18174608051776886 8 -1 -1 
848 395 185 82 0.17733481526374817 1 -1 -1 
847 395 186 82 0.17344911396503448 9 -1 -1 
1051 170 28 29 0.17005081474781036 3 -1 -1 
0 158 53 54 0.16876421868801117 5 -1 -1 
67 10 44 28 0.1685180366039276 4 -1 -1 
8 22 74 29 0.16772016882896423 5 -1 -1 
252 56 18 32 0.16706207394599915 7 -1 -1 
1222 401 56 37 0.16656243801116943 3 -1 -1 
324 106 30 40 0.16543754935264587 7 -1 -1 
1012 466 37 59 0.16441665589809418 1 -1 -1 
123 16 31 30 0.1643591821193695 8 -1 -1 
1296 166 25 37 0.16323606669902802 2 -1 -1 
1057 228 126 56 0.1616220474243164 9 -1 -1 
1009 477 55 52 0.15744419395923615 10 -1 -1 
1216 137 25 37 0.1532057374715805 1 -1 -1 
790 74 105 39 0.15271222591400146 4 -1 -1 
168 684 73 50 0.15146037936210632 2 -1 -1 
0 126 43 62 0.14992530643939972 4 -1 -1 
1073 107 28 22 0.14857067167758942 7 -1 -1 
255 57 22 29 0.1476767361164093 3 -1 -1 
793 74 124 45 0.14601774513721466 6 -1 -1 
1144 108 31 36 0.14579039812088013 1 -1 -1 
155 712 56 48 0.1450028121471405 2 -1 -1 
1241 142 18 34 0.14440394937992096 4 -1 -1 
158 707 50 49 0.14371761679649353 1 -1 -1 
1140 111 20 33 0.14340953528881073 2 -1 -1 
123 16 31 30 0.14302657544612885 6 -1 -1 
199 697 66 53 0.1423388421535492 1 -1 -1 
167 695 92 58 0.1409565508365631 3 -1 -1 
258 56 25 31 0.14080584049224854 7 -1 -1 
1053 175 32 24 0.13929587602615356 2 -1 -1 
991 483 80 50 0.13922202587127686 4 -1 -1 
324 106 30 40 0.13893376290798187 1 -1 -1 
391 183 32 30 0.13869954645633698 3 -1 -1 
1139 252 135 60 0.13855037093162537 5 -1 -1 
0 131 52 78 0.1343441754579544 8 -1 -1 
12 27 21 34 0.13336914777755737 1 -1 -1 
194 714 73 42 0.13280010223388672 10 -1 -1 
324 105 30 41 0.13263988494873047 2 -1 -1 
561 277 163 65 0.13042092323303223 1 -1 -1 
1226 138 19 37 0.1298540234565735 4 -1 -1 
82 11 30 28 0.1267867237329483 7 -1 -1 
1139 251 138 60 0.12637154757976532 6 -1 -1 
905 128 16 38 0.12586866319179535 1 -1 -1 
158 707 50 49 0.1253567636013031 10 -1 -1 
1304 168 22 37 0.12506705522537231 1 -1 -1 
7 0 22 26 0.1242646872997284 1 -1 -1 
163 693 60 56 0.12316801398992538 1 -1 -1 
848 395 185 82 0.12182536721229553 6 -1 -1 
777 73 149 52 0.10896041989326477 9 -1 -1 
1139 250 136 62 0.10437965393066406 10 -1 -1 
4 23 79 28 0.10223671793937683 1 -1 -1 
705 61 219 60 0.09330645203590393 9 -1 -1 
1139 252 135 60 0.08736171573400497 9 -1 -1 
1139 250 136 62 0.08320017904043198 1 -1 -1 
53 4 61 34 0.08317183703184128 6 -1 -1 
776 70 149 51 0.08092968910932541 4 -1 -1 
1057 228 126 56 0.07597629725933075 6 -1 -1 
4 23 78 28 0.07077492028474808 10 -1 -1 
53 4 61 34 0.06511969864368439 5 -1 -1 
776 70 149 51 0.06435942649841309 5 -1 -1 
705 61 219 60 0.06187466159462929 4 -1 -1 
156 691 110 72 0.05978342890739441 9 -1 -1 
705 61 219 60 0.057146862149238586 6 -1 -1 
778 61 156 52 0.05669870600104332 6 -1 -1 
44 5 67 32 0.050092119723558426 4 -1 -1 
4 23 79 28 0.05002295970916748 9 -1 -1 
