696 555 92 171 0.9625438451766968 5 -1 -1 
2 566 144 138 0.9430952668190002 4 -1 -1 
99 8 79 47 0.9163772463798523 4 -1 -1 
807 319 80 98 0.8917787075042725 4 -1 -1 
0 43 84 53 0.8507062792778015 4 -1 -1 
71 628 162 136 0.843202531337738 4 -1 -1 
118 41 17 35 0.8300557136535645 1 -1 -1 
139 64 18 36 0.7981968522071838 1 -1 -1 
142 0 81 35 0.7382550835609436 4 -1 -1 
185 418 57 39 0.6612060070037842 10 -1 -1 
113 51 13 25 0.6341362595558167 1 -1 -1 
0 531 74 103 0.6025199294090271 4 -1 -1 
1342 351 12 21 0.5070894956588745 1 -1 -1 
1320 124 39 42 0.4967186152935028 4 -1 -1 
-1 72 39 48 0.49290022253990173 4 -1 -1 
188 416 28 31 0.46189773082733154 2 -1 -1 
153 716 129 48 0.39957740902900696 4 -1 -1 
185 417 48 37 0.39835333824157715 2 -1 -1 
211 424 32 31 0.3513938784599304 2 -1 -1 
187 417 36 36 0.3083058297634125 10 -1 -1 
185 419 57 38 0.29425162076950073 7 -1 -1 
1315 4 44 50 0.25257331132888794 4 -1 -1 
1321 124 37 42 0.2498265504837036 5 -1 -1 
696 553 92 174 0.21844714879989624 9 -1 -1 
1330 94 30 21 0.2110537886619568 3 -1 -1 
209 0 88 58 0.18120548129081726 4 -1 -1 
208 424 35 33 0.17638325691223145 10 -1 -1 
1221 54 89 72 0.16795454919338226 6 -1 -1 
696 553 92 174 0.16563792526721954 4 -1 -1 
1331 8 27 46 0.1626584529876709 4 -1 -1 
0 566 146 138 0.15932807326316833 1 -1 -1 
71 627 161 137 0.15885701775550842 5 -1 -1 
137 59 14 25 0.15315937995910645 1 -1 -1 
1330 92 28 24 0.15264523029327393 10 -1 -1 
116 41 13 31 0.1491386741399765 1 -1 -1 
191 423 52 35 0.14863431453704834 2 -1 -1 
828 221 41 44 0.14580057561397552 9 -1 -1 
1343 92 16 19 0.14576973021030426 2 -1 -1 
1119 41 198 93 0.14495284855365753 6 -1 -1 
207 0 69 57 0.14450669288635254 5 -1 -1 
158 719 126 45 0.14293991029262543 5 -1 -1 
192 416 33 27 0.14175845682621002 2 -1 -1 
78 691 169 73 0.14043627679347992 4 -1 -1 
0 529 75 104 0.14011134207248688 5 -1 -1 
190 415 21 24 0.1388310045003891 1 -1 -1 
1339 348 19 27 0.13669228553771973 1 -1 -1 
2 566 144 138 0.1360529214143753 9 -1 -1 
1334 92 24 22 0.1358845829963684 2 -1 -1 
697 555 91 171 0.1326269954442978 8 -1 -1 
218 422 23 26 0.13079330325126648 2 -1 -1 
2 548 133 110 0.12521225214004517 4 -1 -1 
1342 351 13 20 0.12509608268737793 2 -1 -1 
696 555 92 173 0.12497370690107346 6 -1 -1 
991 192 31 26 0.1235799640417099 10 -1 -1 
990 191 34 27 0.12314999103546143 3 -1 -1 
-1 74 40 47 0.1219325140118599 5 -1 -1 
199 430 44 31 0.12110650539398193 10 -1 -1 
142 0 80 35 0.12067928165197372 5 -1 -1 
1345 351 11 17 0.11387521773576736 1 -1 -1 
123 43 15 35 0.11321727931499481 1 -1 -1 
187 416 29 29 0.11190072447061539 1 -1 -1 
138 59 16 29 0.11141972243785858 2 -1 -1 
830 221 40 43 0.11091896891593933 3 -1 -1 
208 424 35 33 0.10938112437725067 7 -1 -1 
185 418 57 39 0.10774851590394974 3 -1 -1 
125 47 19 32 0.10717597603797913 1 -1 -1 
319 131 11 25 0.10566778481006622 1 -1 -1 
139 61 18 39 0.10447514057159424 2 -1 -1 
525 209 54 196 0.10443446040153503 6 -1 -1 
117 51 16 29 0.1042078360915184 1 -1 -1 
139 64 18 36 0.1031365618109703 4 -1 -1 
99 8 79 47 0.10289213061332703 1 -1 -1 
517 207 60 198 0.10150182992219925 9 -1 -1 
119 42 16 34 0.10088638961315155 4 -1 -1 
830 393 58 22 0.09958712011575699 4 -1 -1 
153 711 119 51 0.09889217466115952 9 -1 -1 
295 150 9 17 0.09815941005945206 1 -1 -1 
1316 7 34 47 0.09772279858589172 1 -1 -1 
71 628 162 136 0.09747999161481857 10 -1 -1 
1234 44 43 34 0.09592586755752563 4 -1 -1 
696 554 92 173 0.09512654691934586 10 -1 -1 
0 43 84 53 0.09461371600627899 1 -1 -1 
315 130 11 26 0.09387809038162231 1 -1 -1 
1220 44 66 62 0.09293001890182495 6 -1 -1 
109 50 13 25 0.09264924377202988 1 -1 -1 
297 149 13 17 0.09219440817832947 1 -1 -1 
190 415 23 26 0.0913352370262146 10 -1 -1 
187 417 36 36 0.09131012856960297 7 -1 -1 
70 628 164 136 0.08858580142259598 1 -1 -1 
208 416 25 27 0.08829551190137863 2 -1 -1 
185 418 57 39 0.0874662846326828 4 -1 -1 
0 566 146 138 0.08660850673913956 10 -1 -1 
696 555 92 171 0.08610992878675461 2 -1 -1 
88 710 203 54 0.08577428013086319 4 -1 -1 
1231 44 46 35 0.08560140430927277 5 -1 -1 
186 417 49 37 0.08490312099456787 1 -1 -1 
216 424 26 31 0.08443983644247055 1 -1 -1 
302 147 10 18 0.08420194685459137 1 -1 -1 
209 -1 86 59 0.08345676213502884 6 -1 -1 
142 0 81 35 0.0826156884431839 1 -1 -1 
1310 4 33 32 0.08248445391654968 4 -1 -1 
584 207 11 17 0.08240855485200882 1 -1 -1 
1339 354 12 19 0.08236332982778549 1 -1 -1 
141 60 22 37 0.08161851018667221 1 -1 -1 
807 318 80 99 0.08117487281560898 5 -1 -1 
485 209 83 199 0.08083992451429367 9 -1 -1 
0 43 83 54 0.08078321814537048 5 -1 -1 
1 566 145 138 0.08028217405080795 5 -1 -1 
1156 193 49 86 0.08021099120378494 1 -1 -1 
1340 91 19 22 0.0796063244342804 10 -1 -1 
113 51 13 25 0.07959575206041336 2 -1 -1 
112 44 12 26 0.07945046573877335 1 -1 -1 
117 40 15 22 0.07871177792549133 1 -1 -1 
99 8 79 47 0.07862059772014618 5 -1 -1 
192 416 33 27 0.07792296260595322 10 -1 -1 
1320 120 39 47 0.07671370357275009 6 -1 -1 
185 726 95 39 0.07646332681179047 4 -1 -1 
1214 43 63 40 0.07543739676475525 6 -1 -1 
184 420 59 36 0.07478319108486176 8 -1 -1 
1315 4 44 50 0.07311248034238815 5 -1 -1 
288 145 10 20 0.072896309196949 1 -1 -1 
199 433 44 42 0.07263030856847763 9 -1 -1 
1317 5 38 33 0.07223878055810928 4 -1 -1 
696 555 92 171 0.07141903787851334 7 -1 -1 
1343 92 16 19 0.07116726040840149 1 -1 -1 
0 530 73 114 0.0711195170879364 1 -1 -1 
139 62 18 38 0.07002687454223633 10 -1 -1 
1344 88 14 18 0.07000048458576202 2 -1 -1 
215 434 29 27 0.06990933418273926 9 -1 -1 
118 727 152 37 0.06937487423419952 4 -1 -1 
71 628 162 137 0.06934706121683121 9 -1 -1 
1179 53 140 84 0.06881716847419739 6 -1 -1 
1321 121 37 45 0.06877177208662033 9 -1 -1 
807 319 80 98 0.0680435374379158 9 -1 -1 
517 207 60 198 0.06794221699237823 4 -1 -1 
127 54 15 28 0.06728706508874893 1 -1 -1 
118 41 17 35 0.06728696078062057 2 -1 -1 
1105 53 203 114 0.06709171831607819 6 -1 -1 
199 430 44 31 0.06680556386709213 7 -1 -1 
132 48 17 29 0.06670396029949188 1 -1 -1 
806 318 81 99 0.06652988493442535 10 -1 -1 
1316 7 28 38 0.06647991389036179 4 -1 -1 
1202 46 79 75 0.06631579995155334 6 -1 -1 
477 245 26 26 0.06506680697202682 3 -1 -1 
1324 23 33 32 0.06472129374742508 4 -1 -1 
143 71 19 30 0.06421800702810287 1 -1 -1 
1130 61 186 97 0.06400442868471146 9 -1 -1 
113 50 14 26 0.06398391723632812 3 -1 -1 
0 530 73 111 0.06372241675853729 10 -1 -1 
1052 184 40 25 0.0635954812169075 3 -1 -1 
1120 23 207 93 0.06318438798189163 9 -1 -1 
1334 92 24 22 0.06306874752044678 1 -1 -1 
1219 60 94 67 0.06304755061864853 5 -1 -1 
311 138 14 22 0.0624055340886116 1 -1 -1 
1330 10 28 45 0.06168612837791443 5 -1 -1 
991 193 31 25 0.06153583899140358 1 -1 -1 
1296 0 59 47 0.06095150113105774 4 -1 -1 
193 409 19 28 0.06092352420091629 2 -1 -1 
806 319 81 97 0.06051397696137428 1 -1 -1 
99 8 79 47 0.05977092310786247 9 -1 -1 
0 566 146 138 0.0596780963242054 7 -1 -1 
1206 84 35 61 0.05955139547586441 1 -1 -1 
1340 349 11 20 0.05954982712864876 1 -1 -1 
501 247 84 162 0.05935860052704811 9 -1 -1 
1344 342 15 31 0.05904769152402878 1 -1 -1 
143 0 79 32 0.058986466377973557 9 -1 -1 
118 42 17 34 0.05884455144405365 3 -1 -1 
78 691 169 73 0.058590471744537354 5 -1 -1 
1083 36 212 102 0.05845074728131294 9 -1 -1 
317 362 69 53 0.05842621624469757 4 -1 -1 
139 63 18 37 0.0583508126437664 3 -1 -1 
208 420 32 31 0.0582718588411808 1 -1 -1 
1343 354 14 21 0.05812520533800125 1 -1 -1 
295 150 9 17 0.058105625212192535 2 -1 -1 
346 377 39 29 0.05787680670619011 4 -1 -1 
1209 43 67 42 0.05774497613310814 5 -1 -1 
282 144 12 19 0.05756055936217308 1 -1 -1 
1223 68 95 60 0.057432252913713455 4 -1 -1 
214 421 26 30 0.057325612753629684 10 -1 -1 
143 0 79 34 0.05669943615794182 6 -1 -1 
798 201 62 53 0.05643646791577339 3 -1 -1 
135 58 15 26 0.05634460970759392 2 -1 -1 
1082 25 212 97 0.05613666772842407 6 -1 -1 
1122 0 206 72 0.056029777973890305 6 -1 -1 
0 539 79 162 0.05549156665802002 4 -1 -1 
1116 42 188 108 0.05548451468348503 7 -1 -1 
187 417 36 36 0.055369455367326736 3 -1 -1 
118 41 17 35 0.055343929678201675 10 -1 -1 
0 43 84 53 0.05518626049160957 10 -1 -1 
696 554 92 173 0.05515361949801445 3 -1 -1 
307 144 21 19 0.0550181046128273 1 -1 -1 
534 208 62 189 0.05495169758796692 9 -1 -1 
133 6 69 40 0.054839298129081726 4 -1 -1 
525 209 54 196 0.05476749688386917 1 -1 -1 
1088 58 64 57 0.05472506210207939 6 -1 -1 
1224 58 96 68 0.054253414273262024 7 -1 -1 
94 713 187 52 0.05424168333411217 5 -1 -1 
991 193 31 25 0.054030511528253555 2 -1 -1 
485 209 83 199 0.05399636924266815 4 -1 -1 
297 149 13 17 0.053904324769973755 2 -1 -1 
697 555 91 171 0.05387409031391144 1 -1 -1 
501 247 84 162 0.05384501442313194 6 -1 -1 
181 417 28 24 0.05355424806475639 1 -1 -1 
1345 350 11 17 0.05354553461074829 2 -1 -1 
305 142 12 19 0.0535159595310688 1 -1 -1 
1295 0 42 34 0.05333101004362106 4 -1 -1 
531 218 41 141 0.052860260009765625 4 -1 -1 
0 566 146 138 0.052582476288080215 6 -1 -1 
31 0 4 9 0.05252193659543991 1 -1 -1 
1342 351 12 20 0.05237261950969696 3 -1 -1 
184 419 30 33 0.05215391144156456 1 -1 -1 
210 -1 84 56 0.05202764272689819 9 -1 -1 
313 128 10 26 0.05167299509048462 1 -1 -1 
1247 98 42 27 0.05161682516336441 4 -1 -1 
1218 68 94 60 0.05159178376197815 9 -1 -1 
807 318 80 99 0.051582444459199905 7 -1 -1 
-1 46 44 60 0.05156199261546135 4 -1 -1 
1208 70 87 61 0.051537007093429565 6 -1 -1 
1300 5 39 37 0.051516853272914886 4 -1 -1 
1318 13 22 42 0.05148569494485855 1 -1 -1 
140 726 143 38 0.05131777003407478 9 -1 -1 
1225 39 47 34 0.05128601938486099 4 -1 -1 
1122 0 206 72 0.051214203238487244 9 -1 -1 
1224 58 96 68 0.05117066204547882 8 -1 -1 
485 209 83 199 0.050868045538663864 6 -1 -1 
0 530 73 111 0.05086557939648628 9 -1 -1 
207 11 76 56 0.05078506842255592 4 -1 -1 
810 217 58 51 0.05072731524705887 3 -1 -1 
288 145 10 20 0.05065590515732765 2 -1 -1 
828 221 41 44 0.050642307847738266 6 -1 -1 
218 415 22 26 0.050586167722940445 2 -1 -1 
302 142 11 20 0.05054235830903053 1 -1 -1 
202 416 25 27 0.05040137842297554 1 -1 -1 
146 0 79 19 0.0503590852022171 4 -1 -1 
1241 38 35 30 0.05019321292638779 3 -1 -1 
296 139 15 24 0.050188012421131134 1 -1 -1 
136 708 146 57 0.05014660209417343 6 -1 -1 
