960 110 15 13 0.8077050447463989 4 -1 -1 
920 129 20 18 0.755837082862854 4 -1 -1 
599 145 20 20 0.7285584807395935 4 -1 -1 
585 74 13 13 0.6444087028503418 4 -1 -1 
949 104 14 11 0.6431618332862854 4 -1 -1 
855 549 27 17 0.40815213322639465 10 -1 -1 
854 540 29 27 0.3502894937992096 10 -1 -1 
1076 77 59 31 0.32516932487487793 6 -1 -1 
832 517 17 12 0.31303608417510986 10 -1 -1 
1294 579 16 34 0.31108251214027405 1 -1 -1 
422 7 11 11 0.299530953168869 4 -1 -1 
1021 88 24 13 0.29697853326797485 10 -1 -1 
509 36 9 12 0.25778767466545105 3 -1 -1 
585 74 13 12 0.24584819376468658 5 -1 -1 
935 681 14 35 0.24154727160930634 1 -1 -1 
863 551 21 16 0.23424062132835388 10 -1 -1 
836 520 13 9 0.21287593245506287 10 -1 -1 
521 108 7 16 0.21184393763542175 1 -1 -1 
599 145 20 20 0.19733479619026184 6 -1 -1 
599 145 20 20 0.1882588267326355 5 -1 -1 
854 548 28 18 0.18671914935112 3 -1 -1 
920 128 21 19 0.1808861345052719 5 -1 -1 
526 438 5 10 0.17945735156536102 1 -1 -1 
1021 88 24 13 0.17879781126976013 3 -1 -1 
585 73 13 13 0.1770830750465393 6 -1 -1 
586 71 10 9 0.16889731585979462 4 -1 -1 
1019 89 18 13 0.16813924908638 10 -1 -1 
941 681 15 26 0.16428595781326294 1 -1 -1 
515 130 6 15 0.1600027233362198 1 -1 -1 
1020 87 26 14 0.15899010002613068 4 -1 -1 
512 55 5 8 0.15632128715515137 1 -1 -1 
1076 77 59 31 0.156023308634758 4 -1 -1 
520 64 6 6 0.15168496966362 9 -1 -1 
512 39 6 9 0.14800113439559937 1 -1 -1 
520 64 6 6 0.1475013941526413 4 -1 -1 
522 75 5 10 0.14584152400493622 1 -1 -1 
513 57 5 6 0.14382852613925934 9 -1 -1 
855 548 16 17 0.1419047713279724 10 -1 -1 
1034 87 17 9 0.1411919742822647 4 -1 -1 
855 548 16 17 0.13892862200737 3 -1 -1 
833 514 14 10 0.13879914581775665 10 -1 -1 
846 549 14 22 0.13622543215751648 3 -1 -1 
458 642 10 22 0.1329389363527298 1 -1 -1 
906 547 11 10 0.1326099932193756 1 -1 -1 
855 540 18 24 0.13176129758358002 10 -1 -1 
918 125 28 25 0.13158784806728363 4 -1 -1 
1020 50 7 16 0.1301286667585373 1 -1 -1 
906 519 6 15 0.12801508605480194 1 -1 -1 
951 89 15 10 0.1270757019519806 4 -1 -1 
1019 89 22 12 0.12681777775287628 1 -1 -1 
939 681 11 21 0.1267671287059784 1 -1 -1 
509 36 9 11 0.12645232677459717 1 -1 -1 
521 94 6 13 0.1261017918586731 1 -1 -1 
947 682 10 23 0.123497873544693 1 -1 -1 
858 590 11 22 0.12336992472410202 1 -1 -1 
862 557 20 13 0.12335735559463501 10 -1 -1 
888 569 18 10 0.12303472310304642 3 -1 -1 
844 550 14 24 0.12139829993247986 10 -1 -1 
1108 80 26 23 0.1186193972826004 6 -1 -1 
501 426 8 12 0.11859612911939621 10 -1 -1 
843 549 13 23 0.11778919398784637 3 -1 -1 
520 64 6 7 0.11653710901737213 1 -1 -1 
855 540 18 24 0.11487195640802383 3 -1 -1 
510 434 6 13 0.11472257226705551 1 -1 -1 
960 110 15 13 0.11453365534543991 5 -1 -1 
521 98 6 14 0.11445921659469604 1 -1 -1 
469 556 4 8 0.11444360017776489 1 -1 -1 
456 630 12 34 0.11374904215335846 1 -1 -1 
1076 77 59 31 0.11365391314029694 5 -1 -1 
423 10 11 10 0.11347448080778122 4 -1 -1 
1296 579 14 22 0.11318784207105637 1 -1 -1 
1093 78 42 26 0.11241398006677628 6 -1 -1 
832 517 17 12 0.11216873675584793 3 -1 -1 
842 549 13 23 0.1119244396686554 10 -1 -1 
861 551 23 17 0.11030925065279007 3 -1 -1 
1122 170 21 25 0.11020329594612122 4 -1 -1 
935 691 11 27 0.11007526516914368 1 -1 -1 
520 439 7 10 0.10949572175741196 1 -1 -1 
519 440 5 9 0.10833293199539185 1 -1 -1 
1299 580 14 33 0.1078358069062233 1 -1 -1 
844 557 17 20 0.10677342116832733 3 -1 -1 
852 567 20 12 0.10577113181352615 3 -1 -1 
847 546 33 25 0.10547509044408798 10 -1 -1 
378 14 8 13 0.10495473444461823 1 -1 -1 
585 71 11 9 0.10484781861305237 5 -1 -1 
851 273 5 8 0.10463757812976837 1 -1 -1 
834 545 16 21 0.10366935282945633 10 -1 -1 
845 563 21 15 0.10317756235599518 3 -1 -1 
521 106 6 14 0.10213033109903336 1 -1 -1 
537 72 7 14 0.10112463682889938 1 -1 -1 
854 551 32 24 0.09977290034294128 10 -1 -1 
830 520 14 10 0.09947431832551956 10 -1 -1 
854 551 32 24 0.09906943142414093 3 -1 -1 
1019 89 18 13 0.09866983443498611 3 -1 -1 
848 547 16 19 0.09844967722892761 3 -1 -1 
537 71 6 12 0.09780573844909668 1 -1 -1 
421 4 11 11 0.0973004400730133 4 -1 -1 
512 39 6 9 0.09714747220277786 3 -1 -1 
587 77 12 10 0.09714056551456451 4 -1 -1 
847 548 15 20 0.09708750993013382 10 -1 -1 
834 544 23 32 0.09589526802301407 10 -1 -1 
910 610 6 11 0.09544450044631958 2 -1 -1 
488 24 6 6 0.0950077623128891 4 -1 -1 
856 538 14 19 0.09376233071088791 9 -1 -1 
1110 82 29 28 0.09224715828895569 6 -1 -1 
1114 87 34 31 0.09181780368089676 6 -1 -1 
949 104 14 11 0.09163164347410202 5 -1 -1 
757 35 13 34 0.09160356223583221 1 -1 -1 
1019 90 14 12 0.0910712257027626 1 -1 -1 
509 37 9 11 0.09091600030660629 10 -1 -1 
423 3 12 12 0.09072301536798477 4 -1 -1 
862 557 20 13 0.09035016596317291 3 -1 -1 
521 102 6 14 0.09025011956691742 1 -1 -1 
840 546 24 30 0.0897492840886116 10 -1 -1 
836 456 24 15 0.08964056521654129 10 -1 -1 
842 528 7 12 0.08954416960477829 1 -1 -1 
894 570 15 10 0.08923444896936417 3 -1 -1 
844 550 31 28 0.08872072398662567 3 -1 -1 
847 546 33 25 0.08764321357011795 3 -1 -1 
1296 579 15 34 0.08722306787967682 2 -1 -1 
502 423 7 10 0.08699129521846771 10 -1 -1 
951 106 16 13 0.08683184534311295 4 -1 -1 
839 546 13 24 0.0856868252158165 10 -1 -1 
861 561 22 14 0.0856752023100853 3 -1 -1 
1127 107 16 17 0.08558061718940735 3 -1 -1 
939 683 16 33 0.08551526814699173 1 -1 -1 
832 521 17 11 0.0854826420545578 10 -1 -1 
850 559 18 17 0.08475002646446228 3 -1 -1 
522 50 7 9 0.08457303792238235 4 -1 -1 
856 538 12 22 0.08455923944711685 3 -1 -1 
844 557 17 20 0.08445915579795837 10 -1 -1 
508 36 8 9 0.08445817977190018 1 -1 -1 
1061 90 12 17 0.08414021134376526 1 -1 -1 
855 562 20 14 0.08411180973052979 3 -1 -1 
469 556 4 8 0.0826316550374031 9 -1 -1 
834 519 15 10 0.08234747499227524 2 -1 -1 
953 87 17 11 0.08230341970920563 4 -1 -1 
855 553 23 17 0.08207389712333679 3 -1 -1 
544 116 6 15 0.0814984068274498 1 -1 -1 
470 542 7 7 0.08133954554796219 9 -1 -1 
585 73 13 13 0.08084747195243835 9 -1 -1 
855 539 14 19 0.08061834424734116 10 -1 -1 
840 546 24 30 0.0802290141582489 3 -1 -1 
910 610 6 11 0.08008528500795364 1 -1 -1 
522 50 7 8 0.07982946187257767 9 -1 -1 
527 438 6 9 0.07918262481689453 1 -1 -1 
513 436 9 13 0.07907064259052277 1 -1 -1 
831 515 14 12 0.07901184260845184 10 -1 -1 
1084 77 10 19 0.07886277139186859 1 -1 -1 
568 2 7 6 0.07876147329807281 4 -1 -1 
834 519 15 10 0.078426294028759 1 -1 -1 
920 128 21 19 0.078251913189888 6 -1 -1 
544 103 5 13 0.07823453098535538 1 -1 -1 
1023 86 33 13 0.07817880064249039 4 -1 -1 
760 34 16 35 0.07811439782381058 1 -1 -1 
520 64 6 6 0.07810768485069275 6 -1 -1 
1019 89 22 12 0.07785704731941223 2 -1 -1 
850 567 19 12 0.07770658284425735 10 -1 -1 
370 7 7 14 0.07736045122146606 1 -1 -1 
522 50 7 9 0.07728978991508484 1 -1 -1 
939 681 16 20 0.07704276591539383 2 -1 -1 
1073 77 80 42 0.07680318504571915 6 -1 -1 
1289 581 16 30 0.07643028348684311 1 -1 -1 
585 71 11 9 0.07640907913446426 9 -1 -1 
369 15 8 12 0.07627467066049576 1 -1 -1 
1057 93 12 15 0.07613667100667953 3 -1 -1 
920 128 21 19 0.07595415413379669 1 -1 -1 
370 11 7 14 0.07580612599849701 1 -1 -1 
856 555 42 24 0.07542367279529572 3 -1 -1 
1122 169 15 20 0.07514514029026031 4 -1 -1 
960 110 15 13 0.07492366433143616 1 -1 -1 
538 77 7 14 0.07453781366348267 1 -1 -1 
1303 79 23 14 0.07371257990598679 4 -1 -1 
490 192 6 9 0.07355869561433792 1 -1 -1 
1033 89 19 12 0.07349006086587906 4 -1 -1 
1057 71 9 19 0.07274468243122101 1 -1 -1 
843 545 19 19 0.07182271778583527 3 -1 -1 
489 24 5 6 0.0717942863702774 9 -1 -1 
844 550 31 28 0.0717204287648201 10 -1 -1 
1293 586 13 27 0.07141637802124023 1 -1 -1 
567 1 8 7 0.07112488895654678 5 -1 -1 
508 36 8 9 0.0709909126162529 3 -1 -1 
841 545 13 23 0.07092516869306564 3 -1 -1 
380 12 9 10 0.07083378732204437 1 -1 -1 
855 549 27 17 0.07067751884460449 4 -1 -1 
528 357 8 20 0.07033898681402206 1 -1 -1 
515 130 6 10 0.07013645023107529 1 -1 -1 
853 552 20 18 0.07013487815856934 10 -1 -1 
1297 578 13 21 0.06964343041181564 2 -1 -1 
856 563 50 19 0.06963643431663513 6 -1 -1 
840 523 9 15 0.06952224671840668 1 -1 -1 
849 553 14 20 0.06924720108509064 10 -1 -1 
511 435 9 14 0.06921382248401642 1 -1 -1 
522 95 3 6 0.06899097561836243 9 -1 -1 
855 549 27 17 0.0687033087015152 7 -1 -1 
863 559 45 23 0.06841737776994705 3 -1 -1 
851 556 20 18 0.06834849715232849 3 -1 -1 
513 56 6 8 0.068206787109375 1 -1 -1 
1120 95 31 26 0.06781385838985443 6 -1 -1 
848 555 15 19 0.06770357489585876 3 -1 -1 
1108 88 31 28 0.06763041019439697 6 -1 -1 
458 627 10 19 0.06753852218389511 1 -1 -1 
423 7 10 11 0.06748828291893005 5 -1 -1 
858 564 22 14 0.06733794510364532 3 -1 -1 
874 23 23 9 0.0671101063489914 4 -1 -1 
835 542 24 31 0.060208771377801895 3 -1 -1 
840 546 24 30 0.058291371911764145 7 -1 -1 
1296 579 16 36 0.05813948065042496 9 -1 -1 
836 559 33 24 0.057563550770282745 3 -1 -1 
834 550 27 32 0.05741257220506668 3 -1 -1 
1072 76 66 32 0.056461866945028305 10 -1 -1 
828 541 26 33 0.05608176440000534 7 -1 -1 
841 539 29 29 0.05535018444061279 3 -1 -1 
841 539 29 29 0.05393276736140251 10 -1 -1 
828 538 26 32 0.05206245556473732 10 -1 -1 
829 544 25 33 0.051474858075380325 3 -1 -1 
854 540 29 27 0.05143722519278526 4 -1 -1 
856 555 46 24 0.0514017678797245 10 -1 -1 
