666 259 74 26 0.9962949156761169 6 -1 -1 
433 383 25 26 0.8847222328186035 4 -1 -1 
359 303 19 16 0.8706424832344055 4 -1 -1 
371 313 20 17 0.833193838596344 4 -1 -1 
876 285 38 17 0.7825886607170105 6 -1 -1 
504 319 5 15 0.7746752500534058 1 -1 -1 
510 319 5 16 0.7540395855903625 1 -1 -1 
497 423 27 33 0.7328333258628845 4 -1 -1 
455 218 6 5 0.7289465665817261 4 -1 -1 
495 216 6 5 0.7067210674285889 4 -1 -1 
477 266 10 10 0.7044312357902527 4 -1 -1 
480 243 8 7 0.697908878326416 4 -1 -1 
435 233 8 7 0.6737701296806335 4 -1 -1 
452 228 8 7 0.6697202920913696 4 -1 -1 
375 269 21 12 0.6365969777107239 4 -1 -1 
688 352 58 29 0.6259652972221375 6 -1 -1 
273 344 7 19 0.619106113910675 1 -1 -1 
480 234 6 6 0.6137621998786926 4 -1 -1 
448 224 6 6 0.611111044883728 4 -1 -1 
440 241 9 8 0.5817551016807556 4 -1 -1 
463 213 6 6 0.5671124458312988 4 -1 -1 
381 285 6 9 0.5442606806755066 10 -1 -1 
493 232 7 7 0.5383157730102539 4 -1 -1 
445 220 5 5 0.5306660532951355 4 -1 -1 
382 282 5 8 0.5233545899391174 2 -1 -1 
491 207 6 6 0.5075970888137817 4 -1 -1 
412 238 10 11 0.5050798654556274 4 -1 -1 
515 350 7 18 0.47617578506469727 1 -1 -1 
466 220 8 6 0.4760742485523224 4 -1 -1 
249 354 7 16 0.46375417709350586 1 -1 -1 
476 311 9 15 0.45525339245796204 9 -1 -1 
625 302 15 19 0.4263291656970978 6 -1 -1 
476 310 9 16 0.41870445013046265 8 -1 -1 
481 228 6 5 0.4144907593727112 4 -1 -1 
476 311 9 15 0.37044021487236023 6 -1 -1 
809 352 40 17 0.3668094575405121 4 -1 -1 
477 266 10 10 0.3656913936138153 6 -1 -1 
928 227 4 10 0.3585454523563385 1 -1 -1 
495 228 6 9 0.3513018488883972 9 -1 -1 
462 219 5 4 0.3481639623641968 4 -1 -1 
481 229 4 4 0.3456180691719055 4 -1 -1 
495 227 6 6 0.34517449140548706 4 -1 -1 
440 241 8 8 0.333008736371994 5 -1 -1 
495 227 6 6 0.3279227912425995 9 -1 -1 
494 231 7 8 0.31728070974349976 9 -1 -1 
476 311 9 15 0.3105795383453369 5 -1 -1 
412 237 10 12 0.30727025866508484 5 -1 -1 
488 255 5 7 0.30716946721076965 4 -1 -1 
666 259 74 26 0.301064670085907 10 -1 -1 
485 222 7 7 0.28071996569633484 6 -1 -1 
667 259 74 26 0.27979305386543274 7 -1 -1 
485 222 7 6 0.27849534153938293 4 -1 -1 
666 259 74 26 0.27752014994621277 5 -1 -1 
614 301 26 19 0.2773670256137848 6 -1 -1 
666 259 74 26 0.2768348157405853 4 -1 -1 
479 199 4 4 0.27658259868621826 4 -1 -1 
689 350 83 42 0.2754046618938446 6 -1 -1 
490 225 7 6 0.2745268642902374 4 -1 -1 
484 223 7 9 0.2727002203464508 6 -1 -1 
492 226 8 7 0.2698456048965454 4 -1 -1 
490 226 6 7 0.2660929262638092 9 -1 -1 
380 286 5 8 0.26332417130470276 10 -1 -1 
476 317 8 9 0.2620308995246887 4 -1 -1 
370 264 22 9 0.26158151030540466 4 -1 -1 
447 223 5 5 0.2594994306564331 4 -1 -1 
388 262 11 9 0.2594729959964752 4 -1 -1 
436 235 8 7 0.2588388919830322 4 -1 -1 
460 202 9 10 0.25823575258255005 9 -1 -1 
495 228 6 9 0.25795504450798035 4 -1 -1 
443 212 8 8 0.2559409439563751 9 -1 -1 
461 203 8 9 0.254406213760376 6 -1 -1 
438 237 10 8 0.2538009583950043 4 -1 -1 
381 284 6 9 0.25050005316734314 2 -1 -1 
483 226 9 7 0.24781687557697296 4 -1 -1 
461 202 8 9 0.246382474899292 4 -1 -1 
626 302 14 19 0.2460349202156067 5 -1 -1 
490 226 7 6 0.2361982762813568 6 -1 -1 
443 212 8 9 0.2360157072544098 6 -1 -1 
438 237 10 8 0.23412230610847473 5 -1 -1 
507 319 5 15 0.23339416086673737 1 -1 -1 
491 223 6 5 0.2321620136499405 4 -1 -1 
494 231 7 8 0.22944551706314087 6 -1 -1 
274 329 6 16 0.22868148982524872 1 -1 -1 
371 261 27 12 0.22691895067691803 4 -1 -1 
382 282 5 8 0.22647131979465485 1 -1 -1 
490 267 5 5 0.22414816915988922 10 -1 -1 
495 228 6 9 0.22328412532806396 6 -1 -1 
464 219 6 5 0.22214646637439728 4 -1 -1 
485 222 7 7 0.22061200439929962 9 -1 -1 
498 423 25 33 0.21973659098148346 6 -1 -1 
439 239 9 8 0.21817493438720703 4 -1 -1 
484 229 5 5 0.21789146959781647 4 -1 -1 
666 259 74 26 0.21667826175689697 2 -1 -1 
492 227 8 6 0.21644477546215057 9 -1 -1 
495 227 6 6 0.21546080708503723 5 -1 -1 
465 219 6 5 0.21433116495609283 4 -1 -1 
380 266 16 9 0.21349230408668518 4 -1 -1 
476 311 9 15 0.2093917578458786 4 -1 -1 
463 213 6 6 0.2085106372833252 5 -1 -1 
495 227 6 6 0.2082107663154602 6 -1 -1 
484 223 7 9 0.2081759124994278 9 -1 -1 
498 423 25 33 0.20657244324684143 5 -1 -1 
381 284 6 9 0.20621348917484283 1 -1 -1 
666 259 74 26 0.20320692658424377 8 -1 -1 
447 221 5 5 0.20239439606666565 4 -1 -1 
485 224 10 8 0.2021912932395935 6 -1 -1 
495 228 6 9 0.200867161154747 5 -1 -1 
476 317 8 9 0.20014438033103943 6 -1 -1 
461 202 8 9 0.19861756265163422 5 -1 -1 
248 352 8 16 0.1980317234992981 2 -1 -1 
601 295 40 26 0.1965126395225525 6 -1 -1 
473 208 2 5 0.19296841323375702 1 -1 -1 
467 218 6 6 0.19281262159347534 4 -1 -1 
250 352 6 15 0.19096261262893677 1 -1 -1 
494 231 7 8 0.18964418768882751 5 -1 -1 
490 222 6 6 0.18949119746685028 4 -1 -1 
454 202 15 10 0.18781575560569763 9 -1 -1 
482 227 7 6 0.18750052154064178 6 -1 -1 
490 226 7 6 0.18554116785526276 5 -1 -1 
611 301 28 19 0.18499526381492615 4 -1 -1 
479 265 9 8 0.18467119336128235 4 -1 -1 
793 355 24 12 0.1837703436613083 4 -1 -1 
448 224 6 6 0.1833157241344452 5 -1 -1 
494 224 5 6 0.18126855790615082 4 -1 -1 
495 218 5 3 0.18113502860069275 4 -1 -1 
490 228 7 8 0.18088187277317047 9 -1 -1 
449 222 5 6 0.18053297698497772 4 -1 -1 
492 226 8 7 0.1797366887331009 6 -1 -1 
479 199 4 4 0.17934899032115936 6 -1 -1 
492 226 8 7 0.1790827065706253 5 -1 -1 
453 201 16 10 0.17854230105876923 4 -1 -1 
438 236 9 7 0.17712348699569702 4 -1 -1 
367 256 31 15 0.17706264555454254 4 -1 -1 
246 355 9 16 0.17684434354305267 1 -1 -1 
371 313 20 17 0.17642061412334442 5 -1 -1 
476 317 8 10 0.1759549230337143 5 -1 -1 
515 350 7 16 0.17581818997859955 2 -1 -1 
876 285 38 17 0.17579521238803864 4 -1 -1 
937 319 17 9 0.17548063397407532 4 -1 -1 
495 216 6 5 0.1752181500196457 5 -1 -1 
477 266 10 10 0.17404969036579132 5 -1 -1 
485 222 7 7 0.17350554466247559 5 -1 -1 
488 257 4 6 0.17214800417423248 1 -1 -1 
480 243 8 7 0.17199143767356873 5 -1 -1 
486 223 9 7 0.17172376811504364 6 -1 -1 
482 223 9 9 0.1715015172958374 4 -1 -1 
487 222 8 6 0.1707308441400528 4 -1 -1 
453 217 7 5 0.16956979036331177 4 -1 -1 
274 329 7 18 0.16882440447807312 3 -1 -1 
381 285 6 9 0.16792842745780945 3 -1 -1 
454 228 4 4 0.16746848821640015 4 -1 -1 
614 301 26 19 0.16638651490211487 5 -1 -1 
485 225 10 8 0.16561920940876007 4 -1 -1 
676 352 56 32 0.16522501409053802 6 -1 -1 
490 229 4 6 0.16467322409152985 9 -1 -1 
437 239 5 6 0.16399747133255005 2 -1 -1 
440 241 8 8 0.16396397352218628 6 -1 -1 
493 223 5 5 0.16306628286838531 4 -1 -1 
367 259 5 14 0.16280867159366608 1 -1 -1 
476 310 9 16 0.16280612349510193 7 -1 -1 
479 199 4 4 0.1621932089328766 5 -1 -1 
477 310 8 11 0.16214601695537567 9 -1 -1 
266 327 8 14 0.16171717643737793 1 -1 -1 
495 225 6 5 0.16164803504943848 4 -1 -1 
667 259 74 26 0.16097404062747955 9 -1 -1 
628 300 19 21 0.16065070033073425 6 -1 -1 
475 196 4 3 0.16002008318901062 4 -1 -1 
448 227 6 4 0.15912751853466034 4 -1 -1 
514 363 7 11 0.15854130685329437 2 -1 -1 
491 203 6 5 0.1580726057291031 4 -1 -1 
488 256 5 7 0.15799356997013092 10 -1 -1 
639 312 16 10 0.15744131803512573 4 -1 -1 
488 255 5 7 0.15678662061691284 8 -1 -1 
490 266 5 6 0.15666380524635315 2 -1 -1 
666 259 74 26 0.15662071108818054 1 -1 -1 
272 344 8 19 0.15643063187599182 2 -1 -1 
689 352 60 29 0.15380966663360596 5 -1 -1 
666 259 74 26 0.15266843140125275 3 -1 -1 
632 256 60 21 0.15161585807800293 6 -1 -1 
864 286 41 15 0.15007802844047546 6 -1 -1 
244 352 12 23 0.14645563066005707 1 -1 -1 
369 259 28 14 0.14494414627552032 6 -1 -1 
690 352 76 36 0.14376991987228394 4 -1 -1 
269 354 18 17 0.14203636348247528 3 -1 -1 
261 325 20 18 0.14150869846343994 10 -1 -1 
657 306 18 18 0.14113116264343262 4 -1 -1 
626 301 14 20 0.13950137794017792 9 -1 -1 
621 295 20 24 0.13518811762332916 6 -1 -1 
876 285 38 17 0.13343024253845215 5 -1 -1 
622 301 18 20 0.1261046677827835 4 -1 -1 
875 285 40 18 0.12481226027011871 7 -1 -1 
365 255 32 15 0.12446466833353043 6 -1 -1 
627 302 14 19 0.12370940297842026 8 -1 -1 
599 295 42 26 0.12259604781866074 9 -1 -1 
659 351 62 32 0.12118744105100632 4 -1 -1 
376 265 22 14 0.11882944405078888 4 -1 -1 
659 351 62 32 0.11753807961940765 5 -1 -1 
632 259 68 24 0.11709391325712204 6 -1 -1 
631 297 25 24 0.1160830408334732 6 -1 -1 
246 349 11 22 0.11257302016019821 1 -1 -1 
801 353 50 22 0.11149097979068756 4 -1 -1 
411 232 14 18 0.1087564006447792 5 -1 -1 
410 232 14 18 0.10745743662118912 4 -1 -1 
433 383 25 26 0.10653120279312134 5 -1 -1 
375 269 21 12 0.10579422861337662 5 -1 -1 
626 306 18 18 0.10497365891933441 6 -1 -1 
514 350 9 22 0.10359751433134079 2 -1 -1 
845 287 30 15 0.10027963668107986 4 -1 -1 
258 324 17 20 0.10005618631839752 10 -1 -1 
689 352 55 30 0.09914205968379974 8 -1 -1 
655 306 20 16 0.09778524935245514 6 -1 -1 
659 351 62 32 0.09644138813018799 6 -1 -1 
364 254 31 13 0.09546326845884323 4 -1 -1 
682 351 93 51 0.09391173720359802 4 -1 -1 
688 351 89 48 0.09374677389860153 5 -1 -1 
364 255 27 11 0.09365035593509674 6 -1 -1 
449 200 20 12 0.0925353467464447 6 -1 -1 
628 300 19 21 0.09128685295581818 5 -1 -1 
605 299 25 20 0.09098774194717407 4 -1 -1 
268 345 15 25 0.09097947180271149 1 -1 -1 
875 285 40 18 0.09034561365842819 8 -1 -1 
621 295 20 24 0.08864089101552963 5 -1 -1 
266 327 17 19 0.08767279982566833 10 -1 -1 
649 268 98 36 0.0869230404496193 6 -1 -1 
613 300 27 19 0.08647879958152771 9 -1 -1 
636 253 53 17 0.08535740524530411 6 -1 -1 
676 352 56 32 0.08524189889431 5 -1 -1 
369 258 29 15 0.08515941351652145 5 -1 -1 
375 269 21 12 0.08497478812932968 6 -1 -1 
228 351 27 16 0.08483520895242691 4 -1 -1 
433 383 25 26 0.08309183269739151 1 -1 -1 
690 351 58 26 0.08233270049095154 9 -1 -1 
688 351 89 48 0.08157414197921753 9 -1 -1 
801 353 49 19 0.0814659371972084 5 -1 -1 
637 301 22 21 0.0809050053358078 4 -1 -1 
358 303 20 15 0.08047188818454742 1 -1 -1 
664 349 100 51 0.07921382039785385 6 -1 -1 
689 352 57 30 0.07873076945543289 7 -1 -1 
864 287 28 12 0.0769234299659729 6 -1 -1 
369 263 27 10 0.07685139030218124 5 -1 -1 
603 295 11 19 0.07678800821304321 3 -1 -1 
670 253 74 26 0.07670477032661438 6 -1 -1 
625 302 15 19 0.07633296400308609 7 -1 -1 
371 313 20 17 0.075347401201725 1 -1 -1 
651 351 70 32 0.07534541934728622 9 -1 -1 
799 352 51 20 0.07510711252689362 9 -1 -1 
601 295 40 26 0.07449057698249817 5 -1 -1 
676 352 56 32 0.07411637157201767 4 -1 -1 
891 285 24 16 0.07373804599046707 6 -1 -1 
366 255 32 14 0.07283244282007217 5 -1 -1 
849 284 65 19 0.07282145321369171 6 -1 -1 
498 423 25 33 0.07269220054149628 9 -1 -1 
220 347 35 18 0.07168632000684738 4 -1 -1 
242 355 12 25 0.07103214412927628 9 -1 -1 
657 306 18 18 0.06889726221561432 5 -1 -1 
846 284 25 14 0.0682593286037445 4 -1 -1 
266 350 19 23 0.06755843013525009 3 -1 -1 
608 296 21 21 0.06699256598949432 6 -1 -1 
617 295 23 24 0.06697507202625275 4 -1 -1 
359 303 19 15 0.06668569147586823 5 -1 -1 
882 286 49 23 0.0666179284453392 6 -1 -1 
216 346 21 18 0.06599495559930801 10 -1 -1 
620 295 20 23 0.06596601009368896 9 -1 -1 
243 353 12 26 0.06527262181043625 3 -1 -1 
497 423 26 33 0.06490082293748856 1 -1 -1 
474 309 13 18 0.06437072157859802 4 -1 -1 
640 260 97 34 0.06407558172941208 6 -1 -1 
693 347 73 29 0.06374931335449219 6 -1 -1 
411 232 15 18 0.06374119222164154 6 -1 -1 
263 327 19 17 0.06355583667755127 3 -1 -1 
510 348 12 21 0.06355500221252441 1 -1 -1 
379 263 21 12 0.06354336440563202 4 -1 -1 
682 277 63 22 0.06299708783626556 6 -1 -1 
690 351 74 34 0.06298929452896118 9 -1 -1 
411 232 15 18 0.06291374564170837 9 -1 -1 
838 286 77 23 0.06251528114080429 6 -1 -1 
642 256 83 23 0.06237844377756119 6 -1 -1 
637 301 22 21 0.06236995384097099 6 -1 -1 
630 310 25 13 0.062057387083768845 4 -1 -1 
628 300 19 21 0.06205451115965843 4 -1 -1 
633 300 23 22 0.06202247366309166 5 -1 -1 
812 353 51 26 0.06199865788221359 4 -1 -1 
369 263 25 11 0.06187658756971359 9 -1 -1 
380 258 20 14 0.061862584203481674 4 -1 -1 
481 222 22 12 0.06177898868918419 6 -1 -1 
370 264 25 10 0.06151697412133217 6 -1 -1 
601 295 40 26 0.06121410056948662 4 -1 -1 
628 310 25 14 0.06105250120162964 6 -1 -1 
683 349 52 27 0.060923460870981216 5 -1 -1 
658 264 70 23 0.0607672743499279 6 -1 -1 
693 350 80 33 0.060096375644207 5 -1 -1 
360 253 22 14 0.05932333320379257 6 -1 -1 
433 383 25 26 0.059121523052453995 9 -1 -1 
608 297 27 21 0.058634545654058456 9 -1 -1 
481 222 22 12 0.05830157548189163 9 -1 -1 
272 327 11 20 0.0582960769534111 1 -1 -1 
501 420 22 25 0.05829513818025589 9 -1 -1 
513 354 12 23 0.058257780969142914 1 -1 -1 
612 291 28 23 0.05821660906076431 6 -1 -1 
657 306 18 18 0.05802230164408684 7 -1 -1 
774 347 94 36 0.05800476297736168 4 -1 -1 
273 325 11 21 0.057960983365774155 10 -1 -1 
621 293 39 29 0.05772567167878151 6 -1 -1 
707 354 66 43 0.057610489428043365 4 -1 -1 
271 344 11 22 0.057541344314813614 3 -1 -1 
268 328 15 20 0.05740977078676224 3 -1 -1 
863 286 52 21 0.05740812048316002 5 -1 -1 
845 287 30 15 0.05659697577357292 6 -1 -1 
693 361 86 55 0.0542006678879261 9 -1 -1 
