1071 629 76 96 0.9651563167572021 7 -1 -1 
564 461 68 96 0.9482592940330505 4 -1 -1 
209 375 83 62 0.9449072480201721 4 -1 -1 
1024 366 49 37 0.9414594769477844 7 -1 -1 
1167 522 130 96 0.9364050030708313 4 -1 -1 
1200 339 21 21 0.9342759847640991 3 -1 -1 
545 258 39 41 0.9326260685920715 4 -1 -1 
445 349 58 60 0.9278598427772522 4 -1 -1 
287 303 62 50 0.9235643744468689 4 -1 -1 
849 389 64 58 0.91969895362854 4 -1 -1 
694 409 60 68 0.9137532711029053 4 -1 -1 
742 336 47 47 0.9083475470542908 4 -1 -1 
533 348 52 61 0.907934844493866 4 -1 -1 
891 219 38 33 0.8921017050743103 5 -1 -1 
350 297 13 37 0.8905453681945801 1 -1 -1 
352 248 52 40 0.8904998898506165 4 -1 -1 
728 585 84 124 0.8834113478660583 4 -1 -1 
640 144 22 21 0.8790839910507202 4 -1 -1 
614 329 46 55 0.8769398927688599 4 -1 -1 
303 221 11 28 0.872664749622345 1 -1 -1 
967 299 55 40 0.868777871131897 4 -1 -1 
933 263 54 40 0.8633798360824585 4 -1 -1 
1171 424 38 38 0.8447952270507812 10 -1 -1 
645 94 16 14 0.8362241983413696 4 -1 -1 
687 51 10 9 0.8340131044387817 4 -1 -1 
695 73 13 11 0.8267739415168762 4 -1 -1 
1124 465 46 33 0.819157063961029 10 -1 -1 
654 59 11 9 0.8132590055465698 4 -1 -1 
1229 583 27 68 0.8122143149375916 1 -1 -1 
670 53 14 8 0.8109943866729736 4 -1 -1 
986 343 18 40 0.8095462918281555 1 -1 -1 
510 120 22 17 0.8061733841896057 4 -1 -1 
659 49 11 9 0.80558180809021 4 -1 -1 
832 165 41 24 0.8017992973327637 4 -1 -1 
859 178 46 25 0.7981345653533936 4 -1 -1 
997 326 65 54 0.7979525923728943 4 -1 -1 
649 53 10 9 0.7974858283996582 4 -1 -1 
1147 486 39 38 0.7944417595863342 10 -1 -1 
623 92 13 17 0.7789248824119568 5 -1 -1 
640 110 22 29 0.7735792994499207 5 -1 -1 
623 167 28 29 0.7654990553855896 4 -1 -1 
650 83 14 13 0.7646028995513916 4 -1 -1 
697 130 20 19 0.763411283493042 4 -1 -1 
868 202 55 30 0.7577548027038574 4 -1 -1 
683 116 6 16 0.7485904097557068 1 -1 -1 
840 155 41 22 0.7482555508613586 5 -1 -1 
882 196 61 25 0.7459135055541992 4 -1 -1 
812 126 31 20 0.7442980408668518 5 -1 -1 
1110 299 13 35 0.738499641418457 1 -1 -1 
778 104 16 15 0.738471269607544 4 -1 -1 
498 111 22 16 0.73636794090271 4 -1 -1 
929 249 85 30 0.7249061465263367 4 -1 -1 
833 414 18 36 0.7229565382003784 2 -1 -1 
203 317 32 25 0.7204653024673462 10 -1 -1 
1107 442 39 31 0.710553765296936 10 -1 -1 
632 69 13 12 0.7027708888053894 4 -1 -1 
585 125 19 17 0.6919103860855103 4 -1 -1 
831 428 20 34 0.682501494884491 10 -1 -1 
695 56 10 9 0.6818704009056091 4 -1 -1 
471 148 9 24 0.6776484847068787 1 -1 -1 
504 141 7 18 0.6757285594940186 1 -1 -1 
668 25 9 11 0.6746943593025208 7 -1 -1 
620 108 11 12 0.6604390740394592 7 -1 -1 
797 119 18 15 0.6601495146751404 4 -1 -1 
588 142 8 14 0.6581045389175415 2 -1 -1 
541 93 17 12 0.6433851718902588 4 -1 -1 
203 318 32 24 0.6355498433113098 3 -1 -1 
320 671 39 65 0.6272055506706238 2 -1 -1 
588 148 9 13 0.6261618137359619 10 -1 -1 
317 696 44 66 0.6234026551246643 10 -1 -1 
749 70 27 12 0.6211218237876892 4 -1 -1 
998 341 14 42 0.6208815574645996 1 -1 -1 
677 39 8 8 0.6207031607627869 4 -1 -1 
611 137 12 20 0.6161655187606812 7 -1 -1 
789 165 34 33 0.6068626642227173 5 -1 -1 
663 39 14 7 0.5821248292922974 4 -1 -1 
761 83 15 12 0.5808916687965393 4 -1 -1 
818 151 7 14 0.5728154182434082 2 -1 -1 
611 134 12 23 0.5724538564682007 8 -1 -1 
452 168 25 29 0.5662178993225098 4 -1 -1 
507 141 8 18 0.5641992092132568 1 -1 -1 
825 139 23 16 0.5597522258758545 4 -1 -1 
623 81 14 15 0.5593423247337341 4 -1 -1 
523 89 5 15 0.5564953684806824 1 -1 -1 
818 158 7 13 0.541896402835846 10 -1 -1 
452 168 26 29 0.5294269919395447 5 -1 -1 
616 113 6 12 0.522823691368103 2 -1 -1 
0 518 46 66 0.5029312372207642 4 -1 -1 
790 114 22 18 0.48857778310775757 4 -1 -1 
1237 451 27 30 0.46955984830856323 3 -1 -1 
668 25 9 11 0.46478772163391113 8 -1 -1 
891 219 37 33 0.46304938197135925 4 -1 -1 
639 31 8 9 0.45514538884162903 4 -1 -1 
820 135 29 15 0.4499446451663971 4 -1 -1 
616 117 6 11 0.446639746427536 3 -1 -1 
622 104 8 12 0.4442968964576721 2 -1 -1 
589 116 16 14 0.42479798197746277 4 -1 -1 
643 38 5 9 0.4222847521305084 1 -1 -1 
620 109 11 11 0.4153052270412445 10 -1 -1 
512 141 8 19 0.3936401903629303 1 -1 -1 
757 80 17 14 0.390857458114624 4 -1 -1 
833 162 43 25 0.39064574241638184 5 -1 -1 
1227 450 31 30 0.3826635181903839 3 -1 -1 
611 133 11 17 0.38153934478759766 2 -1 -1 
822 137 23 14 0.3815343379974365 5 -1 -1 
831 421 20 39 0.3810187578201294 2 -1 -1 
585 116 19 21 0.380584180355072 4 -1 -1 
816 133 27 17 0.37616267800331116 5 -1 -1 
834 135 28 14 0.3757680356502533 4 -1 -1 
790 111 19 15 0.36577263474464417 4 -1 -1 
927 254 66 43 0.3631742596626282 4 -1 -1 
825 139 23 16 0.3584185838699341 6 -1 -1 
551 87 16 12 0.3544531762599945 4 -1 -1 
1296 585 63 95 0.3530770540237427 5 -1 -1 
669 21 7 9 0.34819430112838745 2 -1 -1 
611 137 12 20 0.3479004502296448 10 -1 -1 
833 153 34 16 0.34500378370285034 4 -1 -1 
617 111 8 10 0.3378981351852417 2 -1 -1 
528 90 5 16 0.3364458382129669 1 -1 -1 
1296 585 63 96 0.334538996219635 4 -1 -1 
624 86 13 12 0.33236879110336304 4 -1 -1 
817 154 9 16 0.3287442624568939 2 -1 -1 
669 23 8 10 0.32483214139938354 2 -1 -1 
616 113 7 14 0.3216238021850586 1 -1 -1 
825 138 24 17 0.32032445073127747 5 -1 -1 
1071 629 76 96 0.3191012442111969 3 -1 -1 
843 155 38 23 0.318265825510025 4 -1 -1 
642 34 6 12 0.31636571884155273 1 -1 -1 
1071 629 76 96 0.3160942792892456 8 -1 -1 
814 130 41 18 0.315885454416275 5 -1 -1 
1271 525 67 62 0.30982911586761475 4 -1 -1 
833 154 39 20 0.30953720211982727 5 -1 -1 
318 681 45 77 0.3042994439601898 2 -1 -1 
821 133 38 18 0.29188013076782227 5 -1 -1 
1071 629 76 96 0.2891996204853058 6 -1 -1 
426 129 51 32 0.24846065044403076 6 -1 -1 
997 327 65 51 0.2443990707397461 5 -1 -1 
823 134 37 19 0.22778113186359406 6 -1 -1 
623 167 27 29 0.2260238081216812 5 -1 -1 
319 671 44 68 0.22287096083164215 1 -1 -1 
1071 629 76 95 0.21903249621391296 4 -1 -1 
428 129 50 32 0.21151314675807953 4 -1 -1 
321 676 46 74 0.2110905796289444 10 -1 -1 
640 109 22 31 0.20843039453029633 6 -1 -1 
1071 629 75 94 0.20436985790729523 2 -1 -1 
1271 525 67 62 0.1985650360584259 7 -1 -1 
426 129 51 32 0.19783097505569458 5 -1 -1 
868 198 72 30 0.1895712912082672 4 -1 -1 
317 693 43 70 0.18682539463043213 3 -1 -1 
1071 629 75 94 0.17700065672397614 9 -1 -1 
640 109 22 31 0.1754002720117569 4 -1 -1 
813 126 36 22 0.17036381363868713 4 -1 -1 
34 426 91 49 0.16925424337387085 3 -1 -1 
78 348 92 48 0.16419413685798645 4 -1 -1 
203 317 32 25 0.16317400336265564 4 -1 -1 
1071 629 76 95 0.1630936861038208 10 -1 -1 
817 131 40 18 0.16071318089962006 6 -1 -1 
1288 528 70 59 0.1574680358171463 4 -1 -1 
1101 299 18 35 0.15428197383880615 1 -1 -1 
930 249 83 30 0.15115702152252197 5 -1 -1 
3 219 122 56 0.14424929022789001 4 -1 -1 
1271 525 67 62 0.14192219078540802 8 -1 -1 
813 126 36 22 0.1407170295715332 9 -1 -1 
817 131 42 17 0.13905169069766998 4 -1 -1 
0 226 76 64 0.13500376045703888 4 -1 -1 
827 141 37 18 0.13381606340408325 4 -1 -1 
1219 574 43 75 0.12950092554092407 1 -1 -1 
317 684 45 76 0.12709903717041016 1 -1 -1 
1165 293 20 39 0.12529335916042328 1 -1 -1 
4 272 86 84 0.12469034641981125 4 -1 -1 
1272 525 69 63 0.12408540397882462 5 -1 -1 
0 236 81 78 0.12391144037246704 4 -1 -1 
813 126 36 22 0.12317986786365509 6 -1 -1 
533 348 52 61 0.12186214327812195 5 -1 -1 
1070 629 75 95 0.12017349898815155 1 -1 -1 
694 409 60 68 0.11910182237625122 5 -1 -1 
14 207 109 43 0.11784999817609787 4 -1 -1 
640 109 22 31 0.11763691902160645 9 -1 -1 
866 147 43 22 0.11695948243141174 4 -1 -1 
827 141 37 18 0.11670461297035217 6 -1 -1 
31 437 75 37 0.1159466952085495 3 -1 -1 
209 375 83 62 0.11569526046514511 1 -1 -1 
832 151 35 18 0.11335429549217224 5 -1 -1 
1 224 67 54 0.11324842274188995 6 -1 -1 
74 328 97 62 0.11131573468446732 4 -1 -1 
1296 586 63 94 0.11085403710603714 6 -1 -1 
564 461 68 96 0.1101490706205368 1 -1 -1 
4 218 128 55 0.11004563421010971 9 -1 -1 
564 460 68 97 0.10935413092374802 5 -1 -1 
838 155 41 23 0.10926160961389542 6 -1 -1 
1221 568 57 63 0.10859493911266327 1 -1 -1 
1295 586 64 95 0.10776164382696152 9 -1 -1 
2 223 108 57 0.10644518584012985 6 -1 -1 
827 141 37 18 0.10632875561714172 5 -1 -1 
849 390 64 57 0.10597951710224152 5 -1 -1 
0 517 44 68 0.10528278350830078 5 -1 -1 
4 300 85 73 0.10490820556879044 4 -1 -1 
564 461 68 96 0.10483164340257645 9 -1 -1 
445 350 57 59 0.10458043217658997 1 -1 -1 
287 303 61 50 0.10009106993675232 1 -1 -1 
859 140 49 26 0.09921448677778244 4 -1 -1 
428 129 50 32 0.097836434841156 8 -1 -1 
1271 526 67 61 0.09698230773210526 6 -1 -1 
833 164 41 24 0.09631247073411942 6 -1 -1 
16 299 155 99 0.09521864354610443 4 -1 -1 
3 322 54 79 0.09477213770151138 4 -1 -1 
438 139 41 23 0.09222522377967834 4 -1 -1 
209 375 84 62 0.09190544486045837 5 -1 -1 
1 249 139 131 0.09187020361423492 4 -1 -1 
1168 523 129 95 0.09127813577651978 5 -1 -1 
564 461 68 96 0.09060885012149811 10 -1 -1 
865 201 65 35 0.08930153399705887 5 -1 -1 
1 228 146 106 0.08416369557380676 4 -1 -1 
1167 522 129 96 0.08368850499391556 9 -1 -1 
1167 522 130 96 0.0825987160205841 7 -1 -1 
1 218 164 70 0.08156725019216537 6 -1 -1 
1167 522 130 96 0.07981963455677032 1 -1 -1 
1167 522 130 96 0.07975170016288757 10 -1 -1 
1167 522 130 96 0.07817582041025162 6 -1 -1 
0 222 132 96 0.07199829071760178 6 -1 -1 
0 285 125 120 0.06121964752674103 4 -1 -1 
27 267 151 117 0.06059948354959488 4 -1 -1 
16 299 155 99 0.060519229620695114 5 -1 -1 
1 218 164 70 0.05804826691746712 5 -1 -1 
11 260 162 121 0.056525472551584244 5 -1 -1 
1 228 146 106 0.05557164177298546 5 -1 -1 
1 221 162 78 0.053244445472955704 9 -1 -1 
11 260 162 121 0.05133278667926788 6 -1 -1 
0 225 100 136 0.05036264285445213 4 -1 -1 
0 216 114 99 0.05013008043169975 4 -1 -1 
