207 567 132 77 0.9968968629837036 9 -1 -1 
280 667 37 31 0.9856615662574768 3 -1 -1 
607 673 95 65 0.9430903792381287 4 -1 -1 
893 666 65 55 0.928433358669281 4 -1 -1 
1122 670 64 49 0.9230936765670776 4 -1 -1 
676 638 82 54 0.913827657699585 4 -1 -1 
128 620 17 46 0.9092024564743042 1 -1 -1 
605 540 62 25 0.8852535486221313 4 -1 -1 
39 629 19 45 0.8807312846183777 1 -1 -1 
980 600 49 38 0.8735102415084839 4 -1 -1 
1144 603 45 36 0.8518298268318176 4 -1 -1 
1098 501 21 19 0.8319239616394043 4 -1 -1 
823 572 47 31 0.8102425336837769 4 -1 -1 
381 654 30 32 0.8077541589736938 10 -1 -1 
1074 491 19 15 0.8071458339691162 4 -1 -1 
1039 525 30 27 0.8065831065177917 4 -1 -1 
796 589 52 36 0.7987635135650635 4 -1 -1 
1053 456 10 9 0.7686870098114014 4 -1 -1 
548 576 33 22 0.762804388999939 7 -1 -1 
944 462 26 10 0.7587980628013611 4 -1 -1 
387 638 20 39 0.7523044347763062 2 -1 -1 
1077 471 12 11 0.7501517534255981 4 -1 -1 
1127 455 9 7 0.7421600818634033 4 -1 -1 
913 472 26 13 0.7366415858268738 5 -1 -1 
56 637 14 37 0.7356985211372375 1 -1 -1 
709 512 29 19 0.727577805519104 4 -1 -1 
1109 458 9 8 0.7249232530593872 4 -1 -1 
349 542 68 35 0.7225025296211243 5 -1 -1 
1043 488 18 15 0.7221817374229431 4 -1 -1 
752 608 52 42 0.7143722772598267 4 -1 -1 
1033 453 16 8 0.7100607752799988 4 -1 -1 
76 640 12 29 0.7075411081314087 1 -1 -1 
467 541 26 17 0.6978380084037781 10 -1 -1 
728 494 22 15 0.6955841183662415 4 -1 -1 
1099 455 10 8 0.6861070990562439 4 -1 -1 
286 651 20 41 0.6808080673217773 2 -1 -1 
1090 484 15 12 0.6804938316345215 4 -1 -1 
1210 518 24 20 0.67624431848526 4 -1 -1 
1090 478 12 10 0.6673567295074463 4 -1 -1 
1147 484 22 16 0.6656648516654968 4 -1 -1 
719 529 32 27 0.6543410420417786 7 -1 -1 
1134 636 48 43 0.6525639891624451 4 -1 -1 
785 477 26 12 0.6444128155708313 6 -1 -1 
888 490 30 13 0.6415927410125732 4 -1 -1 
1198 492 37 14 0.6410289406776428 4 -1 -1 
1007 479 33 16 0.6266863346099854 5 -1 -1 
1078 523 15 14 0.6208359003067017 4 -1 -1 
719 528 32 28 0.6029853224754333 6 -1 -1 
1154 472 13 13 0.5994400382041931 4 -1 -1 
1253 545 64 23 0.5849758982658386 4 -1 -1 
744 498 16 15 0.581522524356842 4 -1 -1 
308 550 68 33 0.5804641842842102 4 -1 -1 
1195 473 29 12 0.5687782764434814 4 -1 -1 
190 714 24 43 0.5660582184791565 2 -1 -1 
1101 466 13 13 0.5371186137199402 4 -1 -1 
1074 452 10 9 0.5329534411430359 4 -1 -1 
1274 539 46 21 0.530691921710968 4 -1 -1 
823 478 23 9 0.5303502678871155 4 -1 -1 
871 551 29 29 0.5255081057548523 4 -1 -1 
198 567 67 27 0.5208331346511841 4 -1 -1 
1147 574 27 28 0.5204243659973145 4 -1 -1 
702 509 6 19 0.5158906579017639 1 -1 -1 
1014 455 11 8 0.5033366084098816 4 -1 -1 
998 556 31 27 0.4996100664138794 4 -1 -1 
998 457 17 10 0.49464118480682373 4 -1 -1 
1264 517 78 29 0.49402350187301636 4 -1 -1 
776 491 18 9 0.4920617640018463 4 -1 -1 
667 710 16 42 0.48752671480178833 1 -1 -1 
1091 720 77 45 0.4798342287540436 7 -1 -1 
1120 488 6 15 0.47349849343299866 1 -1 -1 
760 497 16 12 0.47057968378067017 4 -1 -1 
444 548 20 16 0.4680163562297821 10 -1 -1 
1149 555 21 22 0.46429988741874695 4 -1 -1 
7 639 22 39 0.4635063409805298 1 -1 -1 
1008 454 17 9 0.46200183033943176 4 -1 -1 
211 715 19 46 0.46188029646873474 2 -1 -1 
757 529 12 15 0.46092498302459717 10 -1 -1 
1128 490 5 12 0.46007004380226135 1 -1 -1 
1052 446 9 6 0.45969220995903015 4 -1 -1 
1204 483 33 13 0.4457533359527588 4 -1 -1 
1007 479 34 16 0.443281888961792 4 -1 -1 
785 477 25 12 0.442952960729599 5 -1 -1 
212 714 18 48 0.4423229694366455 1 -1 -1 
1101 466 14 13 0.43988898396492004 5 -1 -1 
939 475 22 15 0.4371682405471802 8 -1 -1 
1009 448 13 8 0.4333484172821045 4 -1 -1 
971 450 18 7 0.43152153491973877 4 -1 -1 
1124 443 9 8 0.42998960614204407 4 -1 -1 
1029 445 11 7 0.42920374870300293 4 -1 -1 
207 566 131 79 0.4269873797893524 5 -1 -1 
1120 488 6 14 0.4254780113697052 2 -1 -1 
260 561 61 24 0.4200398027896881 4 -1 -1 
1263 520 72 24 0.4180745482444763 5 -1 -1 
965 466 5 11 0.4161766767501831 1 -1 -1 
979 456 4 8 0.41572925448417664 1 -1 -1 
824 505 5 14 0.41476207971572876 1 -1 -1 
184 733 46 30 0.41398534178733826 10 -1 -1 
548 531 9 13 0.4130341112613678 2 -1 -1 
938 459 19 9 0.41189730167388916 4 -1 -1 
719 528 32 28 0.4077683985233307 4 -1 -1 
1204 621 11 24 0.4046720862388611 1 -1 -1 
1090 480 14 12 0.4040783643722534 4 -1 -1 
1030 434 12 7 0.4025566279888153 4 -1 -1 
1004 456 12 10 0.38663536310195923 4 -1 -1 
1202 486 37 17 0.3815218210220337 4 -1 -1 
1309 597 22 38 0.3754429817199707 1 -1 -1 
1134 465 5 11 0.364562451839447 2 -1 -1 
1025 446 14 7 0.362964391708374 4 -1 -1 
1151 458 17 14 0.3615681529045105 6 -1 -1 
550 531 9 13 0.3602471351623535 2 -1 -1 
761 507 17 12 0.3588353097438812 4 -1 -1 
207 566 131 79 0.3580378293991089 6 -1 -1 
881 482 18 12 0.35772931575775146 4 -1 -1 
1128 490 5 11 0.35741880536079407 2 -1 -1 
197 715 25 46 0.3544890284538269 2 -1 -1 
719 529 32 27 0.3532407581806183 8 -1 -1 
869 476 14 11 0.35291317105293274 5 -1 -1 
719 535 9 22 0.35084789991378784 1 -1 -1 
957 477 5 12 0.3505733609199524 1 -1 -1 
925 480 11 10 0.3452693223953247 8 -1 -1 
1309 598 23 38 0.34437718987464905 2 -1 -1 
1011 449 13 9 0.34136468172073364 4 -1 -1 
1266 525 56 22 0.3403881788253784 4 -1 -1 
979 477 6 11 0.3397167921066284 1 -1 -1 
810 479 16 10 0.33944982290267944 4 -1 -1 
744 498 15 15 0.33771443367004395 5 -1 -1 
1151 458 17 14 0.3360195755958557 4 -1 -1 
1030 480 28 13 0.3349919319152832 4 -1 -1 
979 476 5 11 0.33375924825668335 2 -1 -1 
1196 485 32 12 0.33259549736976624 4 -1 -1 
1146 574 25 28 0.3300285339355469 7 -1 -1 
1000 457 15 10 0.3294059932231903 5 -1 -1 
854 486 12 12 0.32890784740448 4 -1 -1 
664 698 18 50 0.32355454564094543 1 -1 -1 
1004 449 17 8 0.32210493087768555 4 -1 -1 
869 476 13 10 0.3184794783592224 4 -1 -1 
1077 444 6 5 0.3182235658168793 4 -1 -1 
674 543 22 18 0.31706857681274414 4 -1 -1 
287 651 19 40 0.31636789441108704 1 -1 -1 
1151 482 18 15 0.3137568533420563 4 -1 -1 
1262 520 74 24 0.31357231736183167 6 -1 -1 
1134 467 6 11 0.3122404217720032 1 -1 -1 
200 561 95 36 0.30711662769317627 4 -1 -1 
939 473 23 15 0.305201917886734 4 -1 -1 
719 528 32 28 0.3046044111251831 5 -1 -1 
1122 470 9 10 0.30402517318725586 7 -1 -1 
1154 472 13 13 0.3027189373970032 5 -1 -1 
1134 468 6 10 0.30166542530059814 10 -1 -1 
548 575 33 23 0.29265040159225464 8 -1 -1 
1091 720 78 46 0.2926453649997711 8 -1 -1 
1300 695 58 38 0.28765547275543213 4 -1 -1 
207 566 131 79 0.27681827545166016 2 -1 -1 
1195 476 34 15 0.27517688274383545 4 -1 -1 
207 566 131 79 0.2626933455467224 4 -1 -1 
1257 531 67 24 0.2624829113483429 4 -1 -1 
1091 719 77 46 0.26155462861061096 6 -1 -1 
244 560 86 37 0.25735726952552795 4 -1 -1 
822 527 33 27 0.2541855573654175 4 -1 -1 
207 566 131 79 0.25270897150039673 10 -1 -1 
3 639 26 39 0.2523166537284851 2 -1 -1 
310 551 67 32 0.24783660471439362 5 -1 -1 
1194 489 36 14 0.23859111964702606 4 -1 -1 
348 542 69 35 0.23743727803230286 4 -1 -1 
211 560 121 45 0.22294877469539642 4 -1 -1 
203 554 112 37 0.21942828595638275 4 -1 -1 
207 567 132 77 0.20810572803020477 1 -1 -1 
207 566 131 79 0.20438502728939056 7 -1 -1 
207 567 132 76 0.20255155861377716 3 -1 -1 
202 565 99 52 0.1957944929599762 4 -1 -1 
328 544 77 35 0.19485722482204437 5 -1 -1 
207 566 131 79 0.1921897679567337 8 -1 -1 
328 544 77 35 0.18788261711597443 4 -1 -1 
319 542 62 36 0.18723884224891663 4 -1 -1 
1091 720 77 45 0.18545818328857422 4 -1 -1 
46 634 15 40 0.1801888793706894 1 -1 -1 
549 567 33 30 0.17934347689151764 2 -1 -1 
753 608 51 41 0.17814213037490845 5 -1 -1 
786 474 39 15 0.17303062975406647 6 -1 -1 
1206 483 39 16 0.17007222771644592 4 -1 -1 
1263 520 73 25 0.16469594836235046 9 -1 -1 
1258 537 71 29 0.16050389409065247 4 -1 -1 
868 476 34 17 0.159734845161438 6 -1 -1 
887 490 31 13 0.15507572889328003 6 -1 -1 
1035 481 28 22 0.15409162640571594 4 -1 -1 
548 571 34 27 0.1523243486881256 10 -1 -1 
0 639 20 38 0.1522817611694336 2 -1 -1 
551 561 28 30 0.15193435549736023 2 -1 -1 
128 620 17 47 0.15089718997478485 4 -1 -1 
1257 531 67 24 0.1492476612329483 5 -1 -1 
781 498 34 17 0.14893227815628052 4 -1 -1 
938 473 27 18 0.1470121592283249 6 -1 -1 
319 542 62 36 0.14638684689998627 5 -1 -1 
1198 491 37 14 0.14542777836322784 5 -1 -1 
1205 490 43 15 0.14530125260353088 4 -1 -1 
14 641 18 37 0.1435014009475708 1 -1 -1 
817 477 33 14 0.14318223297595978 4 -1 -1 
912 471 29 15 0.14107395708560944 4 -1 -1 
824 525 33 21 0.13978348672389984 4 -1 -1 
1011 743 30 20 0.138578861951828 1 -1 -1 
223 567 115 45 0.1372222751379013 5 -1 -1 
887 489 31 14 0.13691622018814087 5 -1 -1 
234 552 77 28 0.13685858249664307 4 -1 -1 
1203 483 36 14 0.1333506852388382 5 -1 -1 
211 560 121 45 0.13115593791007996 6 -1 -1 
206 578 78 65 0.130035400390625 9 -1 -1 
822 527 34 29 0.12803365290164948 5 -1 -1 
1202 486 37 17 0.12798984348773956 5 -1 -1 
13 640 18 37 0.12605144083499908 2 -1 -1 
1032 479 31 17 0.12578342854976654 4 -1 -1 
1196 472 35 15 0.1256723254919052 4 -1 -1 
784 480 37 16 0.12275774031877518 6 -1 -1 
203 572 74 57 0.12215746939182281 4 -1 -1 
1196 485 36 14 0.1204369068145752 5 -1 -1 
883 485 33 16 0.12020958960056305 6 -1 -1 
872 479 33 17 0.12000910937786102 6 -1 -1 
1300 694 59 40 0.11842240393161774 5 -1 -1 
822 527 34 29 0.11806004494428635 8 -1 -1 
244 560 86 37 0.11547775566577911 5 -1 -1 
439 542 26 23 0.11368858814239502 10 -1 -1 
1201 476 37 17 0.11362431943416595 4 -1 -1 
39 629 18 44 0.11232799291610718 4 -1 -1 
198 566 74 29 0.11195594072341919 5 -1 -1 
708 512 31 19 0.11187677085399628 5 -1 -1 
604 540 64 27 0.11111120879650116 9 -1 -1 
232 566 107 48 0.10980694741010666 4 -1 -1 
1039 525 30 27 0.10868896543979645 5 -1 -1 
1091 719 77 46 0.10783598572015762 5 -1 -1 
1011 743 30 20 0.10764347016811371 2 -1 -1 
607 672 95 67 0.10756520926952362 1 -1 -1 
548 575 33 23 0.10649338364601135 3 -1 -1 
719 528 32 28 0.10584297776222229 9 -1 -1 
1296 555 63 49 0.10576853901147842 4 -1 -1 
912 471 29 15 0.10530126839876175 6 -1 -1 
679 638 79 54 0.10519930720329285 5 -1 -1 
1195 476 34 15 0.10514599084854126 5 -1 -1 
201 558 122 44 0.10343676060438156 5 -1 -1 
181 559 80 34 0.10318724811077118 4 -1 -1 
796 588 53 38 0.10290371626615524 5 -1 -1 
1213 478 34 17 0.10251850634813309 4 -1 -1 
722 490 31 19 0.10234688967466354 4 -1 -1 
883 485 33 16 0.10200082510709763 4 -1 -1 
893 666 65 55 0.10192994028329849 5 -1 -1 
1193 473 33 14 0.10179277509450912 5 -1 -1 
206 576 78 67 0.10058395564556122 5 -1 -1 
770 512 32 21 0.09906206279993057 6 -1 -1 
1122 670 64 49 0.09866860508918762 1 -1 -1 
5 643 26 41 0.098264180123806 10 -1 -1 
1250 543 71 26 0.09469912201166153 5 -1 -1 
1264 549 95 47 0.094631627202034 6 -1 -1 
195 549 77 39 0.09314010292291641 4 -1 -1 
190 553 125 72 0.079656682908535 9 -1 -1 
