950 374 57 82 0.9962325692176819 6 -1 -1 
764 297 19 20 0.9536745548248291 5 -1 -1 
1030 758 74 88 0.941341757774353 4 -1 -1 
897 752 77 94 0.9254544377326965 4 -1 -1 
1101 362 136 57 0.924672544002533 6 -1 -1 
730 526 49 47 0.9083243608474731 4 -1 -1 
730 280 21 17 0.8968555331230164 4 -1 -1 
759 404 38 54 0.8850510716438293 6 -1 -1 
679 261 18 14 0.8756489157676697 4 -1 -1 
708 289 20 15 0.8633289933204651 4 -1 -1 
1249 406 63 35 0.8612053990364075 5 -1 -1 
743 348 25 22 0.8599543571472168 4 -1 -1 
925 388 30 25 0.8534600734710693 4 -1 -1 
779 282 21 14 0.8386473059654236 4 -1 -1 
838 335 25 19 0.8343796133995056 4 -1 -1 
859 317 24 17 0.8329848647117615 4 -1 -1 
756 387 32 27 0.8275033235549927 4 -1 -1 
992 498 49 63 0.8238713145256042 5 -1 -1 
1063 441 60 36 0.8236324787139893 4 -1 -1 
1311 266 26 15 0.8227577805519104 5 -1 -1 
781 315 23 18 0.8207821846008301 4 -1 -1 
735 322 22 22 0.8201538324356079 4 -1 -1 
862 353 27 22 0.8165488243103027 4 -1 -1 
693 255 18 12 0.8036562204360962 4 -1 -1 
1013 372 22 15 0.7871615290641785 10 -1 -1 
540 349 54 25 0.7831565737724304 4 -1 -1 
1030 585 53 54 0.7718585133552551 4 -1 -1 
1098 464 10 31 0.7683815360069275 1 -1 -1 
823 316 25 20 0.7637737393379211 4 -1 -1 
1353 420 75 26 0.7625621557235718 4 -1 -1 
478 351 54 24 0.7579294443130493 4 -1 -1 
699 390 20 17 0.7492808103561401 10 -1 -1 
893 599 53 55 0.7490651607513428 4 -1 -1 
787 336 42 55 0.7428127527236938 6 -1 -1 
1019 365 10 18 0.7281889319419861 2 -1 -1 
1491 425 61 33 0.727501630783081 5 -1 -1 
787 336 42 54 0.7262659072875977 9 -1 -1 
1027 1002 105 77 0.7243325710296631 4 -1 -1 
838 304 20 17 0.7186680436134338 4 -1 -1 
659 246 18 12 0.7052167057991028 4 -1 -1 
1561 425 84 31 0.7017905712127686 4 -1 -1 
1301 271 17 14 0.6981185078620911 4 -1 -1 
429 324 38 20 0.6896132826805115 4 -1 -1 
691 249 15 11 0.6775897145271301 4 -1 -1 
943 344 8 17 0.676230788230896 2 -1 -1 
1337 412 62 23 0.6554369926452637 4 -1 -1 
1121 465 14 30 0.6549318432807922 1 -1 -1 
631 230 14 10 0.6254184246063232 4 -1 -1 
665 305 37 20 0.6120832562446594 4 -1 -1 
787 328 23 19 0.6094757318496704 4 -1 -1 
943 350 8 17 0.547305166721344 3 -1 -1 
847 374 37 31 0.5433534383773804 4 -1 -1 
1453 421 60 23 0.5429735779762268 4 -1 -1 
942 350 9 17 0.5190104842185974 10 -1 -1 
701 387 20 17 0.5136244893074036 10 -1 -1 
703 379 12 22 0.5087757110595703 2 -1 -1 
63 1005 36 79 0.49092015624046326 1 -1 -1 
1613 443 71 29 0.4830840826034546 4 -1 -1 
817 277 6 11 0.4826836884021759 2 -1 -1 
972 357 13 18 0.4730776846408844 3 -1 -1 
1016 367 16 18 0.4708484709262848 2 -1 -1 
974 353 10 20 0.470214307308197 2 -1 -1 
657 383 7 16 0.4536682963371277 1 -1 -1 
635 246 17 11 0.4411064684391022 4 -1 -1 
847 374 37 31 0.44094544649124146 5 -1 -1 
656 300 7 12 0.43549033999443054 3 -1 -1 
817 279 7 10 0.43369442224502563 10 -1 -1 
619 359 45 26 0.41793760657310486 4 -1 -1 
971 362 15 15 0.4075964391231537 3 -1 -1 
664 305 39 20 0.36000779271125793 6 -1 -1 
975 353 9 20 0.3568761348724365 1 -1 -1 
702 379 9 18 0.35585010051727295 2 -1 -1 
679 383 10 22 0.3529277443885803 2 -1 -1 
1345 414 64 26 0.3436267077922821 4 -1 -1 
977 352 8 17 0.3353385329246521 2 -1 -1 
701 384 12 19 0.32552072405815125 2 -1 -1 
1616 368 8 15 0.32410308718681335 1 -1 -1 
942 348 9 18 0.3234125077724457 2 -1 -1 
705 383 13 19 0.3195607364177704 2 -1 -1 
656 379 9 16 0.3187325596809387 1 -1 -1 
391 273 21 21 0.3086395561695099 6 -1 -1 
693 250 17 12 0.30619728565216064 4 -1 -1 
1016 367 16 18 0.3056296110153198 10 -1 -1 
103 218 14 12 0.3022124171257019 4 -1 -1 
1616 368 8 15 0.30120015144348145 2 -1 -1 
950 374 57 82 0.29946303367614746 10 -1 -1 
975 357 16 18 0.2983865737915039 3 -1 -1 
1619 370 12 15 0.295132577419281 10 -1 -1 
664 305 39 20 0.28663647174835205 5 -1 -1 
703 383 14 19 0.28661078214645386 10 -1 -1 
1643 409 48 45 0.2857917547225952 4 -1 -1 
972 357 13 18 0.2794480621814728 10 -1 -1 
950 374 57 82 0.2757577896118164 4 -1 -1 
700 387 20 17 0.2748945653438568 2 -1 -1 
1616 369 10 15 0.2678145468235016 10 -1 -1 
703 379 12 22 0.2644745707511902 1 -1 -1 
1616 368 12 17 0.2639049291610718 2 -1 -1 
1098 476 9 20 0.26351726055145264 1 -1 -1 
950 374 57 82 0.26154476404190063 7 -1 -1 
678 383 12 24 0.2596612274646759 1 -1 -1 
759 404 38 54 0.25705474615097046 9 -1 -1 
1295 323 33 15 0.2560163140296936 5 -1 -1 
429 324 38 19 0.25294193625450134 5 -1 -1 
759 403 38 55 0.2506328821182251 5 -1 -1 
950 374 57 82 0.24664492905139923 5 -1 -1 
981 353 10 18 0.24424299597740173 2 -1 -1 
972 357 13 18 0.24139262735843658 1 -1 -1 
786 328 31 27 0.2378620058298111 4 -1 -1 
1013 371 20 15 0.23601432144641876 3 -1 -1 
1622 370 9 14 0.23523220419883728 2 -1 -1 
1423 378 35 13 0.23432672023773193 4 -1 -1 
821 340 11 28 0.23331573605537415 1 -1 -1 
392 273 19 21 0.22949980199337006 5 -1 -1 
950 374 57 82 0.22940506041049957 9 -1 -1 
971 362 15 15 0.2293897271156311 10 -1 -1 
769 387 18 24 0.22886119782924652 4 -1 -1 
1318 266 30 13 0.22693191468715668 4 -1 -1 
1019 365 10 18 0.22606906294822693 1 -1 -1 
674 323 13 14 0.22397401928901672 3 -1 -1 
635 363 29 22 0.22262254357337952 4 -1 -1 
392 273 20 21 0.22174213826656342 4 -1 -1 
1295 323 33 15 0.2204994112253189 4 -1 -1 
1477 422 66 31 0.21822528541088104 5 -1 -1 
1490 426 61 32 0.21819595992565155 4 -1 -1 
977 354 14 19 0.21640130877494812 1 -1 -1 
704 377 9 15 0.2159416675567627 2 -1 -1 
942 345 9 17 0.21385987102985382 1 -1 -1 
1063 441 59 37 0.21282298862934113 5 -1 -1 
666 320 21 16 0.21190764009952545 3 -1 -1 
615 359 49 26 0.21135501563549042 5 -1 -1 
1477 422 66 31 0.21131522953510284 4 -1 -1 
702 379 9 18 0.2112700641155243 1 -1 -1 
839 306 19 15 0.2096341997385025 5 -1 -1 
817 277 6 11 0.2082817405462265 1 -1 -1 
1449 420 74 34 0.20733073353767395 4 -1 -1 
992 497 48 63 0.20581384003162384 4 -1 -1 
1101 362 136 57 0.20178431272506714 5 -1 -1 
950 374 57 82 0.20008264482021332 8 -1 -1 
950 374 57 82 0.19811497628688812 2 -1 -1 
786 336 43 55 0.18914400041103363 5 -1 -1 
1611 406 80 43 0.18662598729133606 4 -1 -1 
236 261 94 43 0.18530768156051636 9 -1 -1 
1240 406 73 36 0.17984336614608765 4 -1 -1 
1614 444 81 43 0.17540842294692993 4 -1 -1 
1063 441 60 37 0.1670038402080536 6 -1 -1 
950 374 57 82 0.16385148465633392 3 -1 -1 
786 334 38 39 0.16379314661026 6 -1 -1 
629 499 29 38 0.15816566348075867 3 -1 -1 
218 259 113 43 0.157638281583786 6 -1 -1 
1620 428 82 45 0.15394893288612366 4 -1 -1 
950 374 57 82 0.15366768836975098 1 -1 -1 
1026 1002 108 77 0.15135765075683594 5 -1 -1 
992 497 49 63 0.14310632646083832 6 -1 -1 
633 211 69 24 0.13994288444519043 6 -1 -1 
786 333 37 38 0.13684198260307312 4 -1 -1 
1103 364 135 57 0.13327020406723022 9 -1 -1 
1026 1002 108 77 0.1331741213798523 10 -1 -1 
44 1002 52 76 0.12781327962875366 1 -1 -1 
635 494 27 35 0.1269724816083908 3 -1 -1 
1254 287 41 18 0.12421884387731552 4 -1 -1 
1612 443 77 34 0.11835271865129471 5 -1 -1 
787 336 42 55 0.1181889995932579 8 -1 -1 
1494 430 80 38 0.11793676018714905 5 -1 -1 
1620 453 84 53 0.11681018769741058 4 -1 -1 
652 309 40 19 0.11673072725534439 6 -1 -1 
1026 1002 108 77 0.11666619032621384 1 -1 -1 
1096 461 15 37 0.11609779298305511 1 -1 -1 
786 331 33 29 0.11086607724428177 6 -1 -1 
1498 439 80 34 0.11085686087608337 4 -1 -1 
1637 412 67 65 0.10943243652582169 4 -1 -1 
1604 431 76 34 0.10874851047992706 4 -1 -1 
331 237 173 40 0.10719345510005951 6 -1 -1 
1101 362 136 57 0.10716443508863449 4 -1 -1 
897 752 78 94 0.10691782832145691 5 -1 -1 
800 337 33 50 0.10584891587495804 9 -1 -1 
1598 416 82 38 0.10339926928281784 4 -1 -1 
253 258 81 38 0.10081381350755692 6 -1 -1 
787 337 42 54 0.10038337111473083 1 -1 -1 
1030 758 73 88 0.09981374442577362 9 -1 -1 
1063 441 59 37 0.09806693345308304 8 -1 -1 
233 260 99 41 0.09771594405174255 8 -1 -1 
783 322 31 26 0.09723363816738129 4 -1 -1 
847 374 37 31 0.0958368107676506 6 -1 -1 
787 336 42 55 0.09570213407278061 2 -1 -1 
62 1005 38 77 0.09431404620409012 2 -1 -1 
652 317 38 21 0.09335628151893616 7 -1 -1 
1030 758 73 88 0.09332440048456192 5 -1 -1 
992 497 48 64 0.0915103480219841 9 -1 -1 
786 334 43 54 0.09149298071861267 4 -1 -1 
1121 370 129 58 0.09055974334478378 6 -1 -1 
1611 406 80 43 0.08877380192279816 5 -1 -1 
787 336 42 55 0.08823585510253906 3 -1 -1 
1493 425 77 40 0.08735688030719757 4 -1 -1 
1632 432 75 68 0.0872063860297203 4 -1 -1 
1063 441 59 37 0.08678468316793442 1 -1 -1 
1451 420 79 34 0.08649391680955887 5 -1 -1 
654 302 44 22 0.08578447252511978 4 -1 -1 
1030 758 74 88 0.08569879829883575 1 -1 -1 
1063 441 60 37 0.0852656215429306 7 -1 -1 
593 350 73 39 0.08431120216846466 4 -1 -1 
1063 441 59 37 0.08377421647310257 9 -1 -1 
1242 405 72 37 0.08351162075996399 6 -1 -1 
1309 264 38 17 0.08339641988277435 4 -1 -1 
898 752 77 94 0.08335497230291367 1 -1 -1 
665 304 37 21 0.08231712132692337 8 -1 -1 
786 327 27 27 0.08141852170228958 6 -1 -1 
1448 411 76 33 0.08072713017463684 4 -1 -1 
254 257 85 38 0.08052221685647964 9 -1 -1 
786 334 38 39 0.08022546023130417 9 -1 -1 
1447 420 74 32 0.08018755167722702 6 -1 -1 
1563 426 89 31 0.07890557497739792 5 -1 -1 
1505 430 84 38 0.07842367142438889 4 -1 -1 
1699 289 77 31 0.07799568772315979 9 -1 -1 
1030 585 54 55 0.0771956667304039 5 -1 -1 
898 752 77 94 0.07703060656785965 9 -1 -1 
652 317 38 21 0.07677426189184189 8 -1 -1 
892 599 54 56 0.07535897940397263 5 -1 -1 
663 305 39 20 0.07518143951892853 9 -1 -1 
619 500 37 45 0.07477543503046036 3 -1 -1 
652 309 40 19 0.07394231110811234 8 -1 -1 
786 334 38 39 0.07379014045000076 5 -1 -1 
787 336 42 55 0.07277876138687134 7 -1 -1 
652 309 40 19 0.07211115211248398 4 -1 -1 
1448 411 76 33 0.07196598500013351 6 -1 -1 
1620 428 82 45 0.07137114554643631 5 -1 -1 
1472 423 79 35 0.07130670547485352 6 -1 -1 
1114 464 21 37 0.07123641669750214 1 -1 -1 
652 317 38 21 0.07038132101297379 6 -1 -1 
1436 427 76 37 0.07030630856752396 4 -1 -1 
652 309 40 19 0.06988734751939774 7 -1 -1 
1353 418 74 31 0.06985147297382355 5 -1 -1 
1354 419 75 30 0.06967712938785553 9 -1 -1 
1553 417 83 33 0.06942851841449738 4 -1 -1 
652 309 40 19 0.06932476907968521 5 -1 -1 
780 314 30 28 0.06897387653589249 4 -1 -1 
1615 438 86 51 0.06869697570800781 5 -1 -1 
318 240 71 46 0.06850855052471161 6 -1 -1 
133 503 167 96 0.0679643303155899 4 -1 -1 
1030 758 74 88 0.06770610064268112 6 -1 -1 
896 752 78 94 0.06762797385454178 10 -1 -1 
1102 363 133 57 0.06733885407447815 2 -1 -1 
1467 426 80 38 0.0671672523021698 4 -1 -1 
1102 362 135 58 0.066229447722435 8 -1 -1 
1566 954 126 126 0.06581209599971771 9 -1 -1 
