803 299 34 39 0.9989436268806458 9 -1 -1 
663 354 43 71 0.9988880753517151 9 -1 -1 
689 294 29 47 0.9983811378479004 9 -1 -1 
934 260 58 26 0.9974055886268616 9 -1 -1 
54 576 35 32 0.9716594219207764 3 -1 -1 
168 618 105 79 0.9456063508987427 4 -1 -1 
987 605 110 61 0.9410406947135925 4 -1 -1 
769 482 40 40 0.9286225438117981 4 -1 -1 
708 664 59 81 0.9234998226165771 4 -1 -1 
968 569 114 49 0.9205429553985596 4 -1 -1 
813 458 38 34 0.920022189617157 4 -1 -1 
662 431 31 29 0.9135085344314575 4 -1 -1 
830 539 47 46 0.910464882850647 4 -1 -1 
719 459 34 36 0.908890426158905 4 -1 -1 
919 330 34 40 0.9062274098396301 9 -1 -1 
557 317 20 20 0.9057554602622986 4 -1 -1 
1203 600 22 47 0.9056221842765808 1 -1 -1 
955 532 101 48 0.9048421382904053 5 -1 -1 
766 451 34 31 0.9047380089759827 4 -1 -1 
831 500 41 39 0.902326762676239 4 -1 -1 
1228 598 20 48 0.9016536474227905 1 -1 -1 
708 575 47 56 0.8964792490005493 4 -1 -1 
712 491 35 37 0.8916546702384949 4 -1 -1 
721 533 43 49 0.8890751600265503 4 -1 -1 
784 334 21 17 0.8887593746185303 4 -1 -1 
840 588 54 52 0.8840206265449524 4 -1 -1 
759 380 25 24 0.8774924278259277 4 -1 -1 
780 525 44 45 0.8750478029251099 4 -1 -1 
753 317 19 15 0.8639501929283142 4 -1 -1 
778 568 49 58 0.8551057577133179 4 -1 -1 
758 363 24 21 0.8524966835975647 4 -1 -1 
1197 502 15 37 0.8505251407623291 1 -1 -1 
909 625 59 66 0.8413755893707275 4 -1 -1 
807 430 33 29 0.8409974575042725 4 -1 -1 
801 367 25 23 0.8388935327529907 4 -1 -1 
521 360 29 25 0.8347076177597046 4 -1 -1 
586 269 16 14 0.8302335739135742 4 -1 -1 
720 421 31 32 0.8296252489089966 4 -1 -1 
771 269 30 12 0.8278094530105591 4 -1 -1 
781 313 18 14 0.8260195255279541 4 -1 -1 
359 436 24 20 0.8242459297180176 3 -1 -1 
1214 492 13 33 0.8187510371208191 1 -1 -1 
354 339 56 20 0.8176713585853577 4 -1 -1 
1019 672 126 68 0.8171345591545105 4 -1 -1 
761 403 27 25 0.8167479038238525 4 -1 -1 
778 300 16 14 0.815548300743103 4 -1 -1 
791 352 22 20 0.8111822009086609 4 -1 -1 
755 308 16 13 0.8067732453346252 4 -1 -1 
721 397 27 26 0.8055180907249451 4 -1 -1 
802 389 27 23 0.802863359451294 4 -1 -1 
829 361 23 23 0.8012835383415222 4 -1 -1 
341 318 38 20 0.8012780547142029 4 -1 -1 
629 282 15 14 0.799888551235199 4 -1 -1 
1198 555 14 37 0.7979416251182556 1 -1 -1 
740 246 10 8 0.7971530556678772 4 -1 -1 
723 366 24 20 0.7971164584159851 4 -1 -1 
755 349 20 19 0.7959865927696228 4 -1 -1 
725 379 23 23 0.7934173345565796 4 -1 -1 
998 444 11 28 0.7912217378616333 1 -1 -1 
963 325 7 19 0.7910137176513672 1 -1 -1 
783 633 55 65 0.7896692156791687 4 -1 -1 
422 297 42 16 0.7885429263114929 4 -1 -1 
606 277 17 13 0.7884157299995422 4 -1 -1 
1107 474 12 32 0.7869873046875 1 -1 -1 
1024 434 10 20 0.7845371961593628 3 -1 -1 
723 353 21 18 0.7843750715255737 4 -1 -1 
1013 348 34 20 0.7841818928718567 4 -1 -1 
336 437 10 28 0.7832896113395691 1 -1 -1 
822 348 22 19 0.7823547124862671 4 -1 -1 
1098 474 12 32 0.7815882563591003 1 -1 -1 
724 338 21 19 0.7798340916633606 4 -1 -1 
1208 554 15 38 0.7790384292602539 1 -1 -1 
752 300 15 13 0.7698566913604736 4 -1 -1 
782 322 20 16 0.7647934556007385 4 -1 -1 
637 260 29 13 0.7603405117988586 4 -1 -1 
1115 415 10 29 0.7581179738044739 1 -1 -1 
944 493 89 34 0.7569712400436401 4 -1 -1 
755 325 20 17 0.7546207904815674 4 -1 -1 
728 317 17 14 0.7540263533592224 4 -1 -1 
956 321 8 17 0.7511308193206787 1 -1 -1 
1113 504 13 34 0.7482750415802002 1 -1 -1 
727 308 15 13 0.7471824288368225 4 -1 -1 
685 255 32 11 0.7455295920372009 4 -1 -1 
1038 452 11 31 0.7429170608520508 1 -1 -1 
366 329 52 20 0.7391163110733032 4 -1 -1 
814 335 21 16 0.7384796738624573 4 -1 -1 
839 269 35 18 0.7377678155899048 5 -1 -1 
934 312 6 16 0.7304672598838806 1 -1 -1 
969 443 15 21 0.7251273393630981 10 -1 -1 
287 380 52 46 0.722049355506897 5 -1 -1 
973 384 8 23 0.716593325138092 1 -1 -1 
983 340 7 19 0.7157591581344604 1 -1 -1 
724 262 25 12 0.7144596576690674 4 -1 -1 
311 358 59 25 0.7140594720840454 4 -1 -1 
708 264 30 12 0.7128711938858032 4 -1 -1 
941 387 32 26 0.7097187042236328 4 -1 -1 
533 266 14 14 0.707834005355835 4 -1 -1 
915 466 13 26 0.7073628306388855 1 -1 -1 
155 549 43 26 0.7038214802742004 10 -1 -1 
942 510 94 38 0.6993874311447144 4 -1 -1 
972 357 9 17 0.6979700922966003 2 -1 -1 
763 425 28 29 0.6977701783180237 4 -1 -1 
881 275 32 14 0.6963707804679871 4 -1 -1 
451 283 36 15 0.6935979127883911 4 -1 -1 
1107 417 10 29 0.6879801750183105 1 -1 -1 
979 386 9 22 0.6870383620262146 1 -1 -1 
1072 547 15 37 0.6860116720199585 1 -1 -1 
757 251 16 10 0.6836029291152954 4 -1 -1 
938 311 8 17 0.6820783615112305 1 -1 -1 
745 262 27 11 0.679876446723938 4 -1 -1 
439 291 38 16 0.6779123544692993 4 -1 -1 
45 617 17 39 0.6775903105735779 1 -1 -1 
799 407 30 27 0.6748068332672119 4 -1 -1 
684 344 25 21 0.6685745716094971 4 -1 -1 
971 439 12 18 0.666193425655365 2 -1 -1 
755 335 22 19 0.6648268103599548 4 -1 -1 
972 363 10 15 0.6588059067726135 10 -1 -1 
382 319 50 21 0.6572714447975159 4 -1 -1 
1029 401 8 22 0.6553448438644409 1 -1 -1 
363 335 52 21 0.6528406739234924 4 -1 -1 
326 350 53 20 0.6491329669952393 4 -1 -1 
681 239 12 10 0.6408830285072327 4 -1 -1 
1033 400 8 24 0.6363001465797424 1 -1 -1 
726 327 18 15 0.6322347521781921 4 -1 -1 
1173 616 18 32 0.6315577626228333 2 -1 -1 
1170 621 21 37 0.6315229535102844 10 -1 -1 
393 282 7 16 0.6289811134338379 1 -1 -1 
1143 570 17 34 0.6261888146400452 2 -1 -1 
998 427 10 26 0.6252864599227905 1 -1 -1 
725 297 17 14 0.6252037882804871 4 -1 -1 
1031 462 9 27 0.6163033246994019 1 -1 -1 
942 318 7 17 0.615997850894928 1 -1 -1 
1024 425 11 23 0.6154388189315796 2 -1 -1 
931 406 6 19 0.614517331123352 1 -1 -1 
1099 526 14 26 0.6144323945045471 2 -1 -1 
1141 580 18 33 0.6143262982368469 3 -1 -1 
1058 548 13 35 0.6076179146766663 1 -1 -1 
674 227 11 10 0.604985773563385 4 -1 -1 
712 215 10 8 0.6032700538635254 4 -1 -1 
371 307 8 19 0.6022269129753113 1 -1 -1 
799 266 34 15 0.600203275680542 4 -1 -1 
801 717 68 47 0.5996838212013245 4 -1 -1 
375 326 47 19 0.5945078730583191 4 -1 -1 
1065 404 11 26 0.5908203721046448 1 -1 -1 
1097 534 14 26 0.586347758769989 10 -1 -1 
891 270 30 13 0.5845941305160522 4 -1 -1 
801 297 15 15 0.5838401913642883 4 -1 -1 
940 312 8 19 0.5817307233810425 1 -1 -1 
966 318 7 18 0.57098788022995 1 -1 -1 
1096 435 14 27 0.5708399415016174 1 -1 -1 
244 481 12 31 0.570431649684906 1 -1 -1 
686 339 24 20 0.5675705671310425 4 -1 -1 
631 255 25 11 0.5665316581726074 4 -1 -1 
542 255 26 13 0.5651319026947021 4 -1 -1 
243 562 14 43 0.5636264681816101 1 -1 -1 
658 258 30 13 0.5568603277206421 4 -1 -1 
630 238 11 10 0.5542595982551575 4 -1 -1 
60 552 15 31 0.5505988001823425 1 -1 -1 
968 318 7 17 0.5503047108650208 1 -1 -1 
949 320 6 19 0.5493203997612 1 -1 -1 
63 563 21 35 0.5432388782501221 2 -1 -1 
321 355 54 21 0.5428224802017212 4 -1 -1 
411 281 6 14 0.5378895401954651 1 -1 -1 
1097 537 16 24 0.537135899066925 3 -1 -1 
754 304 15 13 0.5357591509819031 4 -1 -1 
68 537 14 32 0.533827006816864 1 -1 -1 
531 250 25 13 0.5304434895515442 5 -1 -1 
242 538 18 36 0.5250467658042908 2 -1 -1 
287 373 48 28 0.5220207571983337 5 -1 -1 
999 337 7 17 0.5196371078491211 1 -1 -1 
934 259 47 20 0.5192778706550598 9 -1 -1 
664 353 42 71 0.508121132850647 4 -1 -1 
1071 399 9 28 0.5016814470291138 1 -1 -1 
936 311 7 17 0.500560462474823 1 -1 -1 
251 560 11 34 0.49945205450057983 1 -1 -1 
1065 548 13 36 0.49505406618118286 1 -1 -1 
947 521 101 37 0.4821353256702423 4 -1 -1 
803 299 34 39 0.47819334268569946 4 -1 -1 
241 539 20 39 0.47523656487464905 1 -1 -1 
804 298 33 40 0.3924294412136078 10 -1 -1 
55 571 32 36 0.3677181899547577 2 -1 -1 
803 299 34 39 0.35489821434020996 5 -1 -1 
803 299 34 39 0.3537571430206299 1 -1 -1 
804 299 33 39 0.32449454069137573 3 -1 -1 
952 531 105 49 0.32000547647476196 4 -1 -1 
803 299 34 39 0.3161197900772095 6 -1 -1 
441 286 44 17 0.3133787512779236 4 -1 -1 
804 298 33 40 0.3021273910999298 2 -1 -1 
947 521 101 37 0.28733164072036743 5 -1 -1 
803 299 34 39 0.28585195541381836 7 -1 -1 
56 531 18 45 0.276958167552948 1 -1 -1 
799 406 30 28 0.2704834043979645 5 -1 -1 
476 268 40 18 0.2544209957122803 5 -1 -1 
59 535 22 42 0.2474769651889801 1 -1 -1 
803 299 34 39 0.24210575222969055 8 -1 -1 
1058 732 137 30 0.2336157262325287 5 -1 -1 
476 268 40 18 0.2326449602842331 4 -1 -1 
59 565 25 36 0.22819572687149048 1 -1 -1 
962 546 118 54 0.226710245013237 5 -1 -1 
58 565 28 38 0.22561272978782654 3 -1 -1 
836 269 39 19 0.22395841777324677 6 -1 -1 
801 717 69 48 0.219518780708313 5 -1 -1 
241 546 21 48 0.21538373827934265 1 -1 -1 
1170 619 22 39 0.2150145322084427 2 -1 -1 
1019 673 127 68 0.2136079967021942 5 -1 -1 
429 293 47 17 0.21360497176647186 4 -1 -1 
1140 577 20 37 0.20700909197330475 10 -1 -1 
1057 732 152 29 0.20665322244167328 4 -1 -1 
763 425 29 30 0.20574401319026947 5 -1 -1 
784 633 53 65 0.19789844751358032 5 -1 -1 
58 546 21 37 0.1912962645292282 1 -1 -1 
55 571 32 36 0.18944166600704193 1 -1 -1 
1140 571 20 40 0.18941502273082733 1 -1 -1 
459 279 42 15 0.18895643949508667 4 -1 -1 
800 394 29 33 0.1887625753879547 4 -1 -1 
941 513 97 35 0.17518006265163422 5 -1 -1 
909 625 59 67 0.17488136887550354 5 -1 -1 
962 546 118 54 0.1738361418247223 4 -1 -1 
831 499 29 33 0.16638396680355072 4 -1 -1 
964 565 118 49 0.16494335234165192 5 -1 -1 
807 429 34 29 0.1613454818725586 5 -1 -1 
1170 620 21 39 0.16114291548728943 3 -1 -1 
974 530 113 44 0.16014410555362701 5 -1 -1 
1111 731 111 31 0.15881668031215668 4 -1 -1 
447 283 40 17 0.15324397385120392 5 -1 -1 
663 353 43 73 0.15207721292972565 1 -1 -1 
1058 732 137 30 0.1505097895860672 6 -1 -1 
480 266 45 17 0.15050607919692993 5 -1 -1 
59 554 23 40 0.1421586275100708 1 -1 -1 
944 493 90 35 0.1415727734565735 5 -1 -1 
54 577 35 31 0.14019115269184113 10 -1 -1 
54 576 35 32 0.137548565864563 7 -1 -1 
455 279 44 16 0.1340470016002655 5 -1 -1 
480 266 45 17 0.13349367678165436 4 -1 -1 
1170 619 22 39 0.13236458599567413 1 -1 -1 
837 269 38 19 0.13224110007286072 4 -1 -1 
464 274 44 19 0.13160768151283264 4 -1 -1 
54 577 35 32 0.1311531662940979 4 -1 -1 
941 386 31 28 0.12979908287525177 5 -1 -1 
798 265 37 17 0.12954308092594147 5 -1 -1 
241 538 20 43 0.1274869740009308 3 -1 -1 
765 451 34 32 0.12617792189121246 5 -1 -1 
709 664 59 82 0.12324079871177673 5 -1 -1 
1013 347 35 22 0.12290707975625992 5 -1 -1 
59 554 23 40 0.12079476565122604 2 -1 -1 
968 569 114 49 0.12045431137084961 1 -1 -1 
853 267 39 17 0.11953142285346985 4 -1 -1 
973 532 114 45 0.11939439177513123 4 -1 -1 
459 279 42 15 0.11933312565088272 6 -1 -1 
479 272 43 20 0.11890528351068497 4 -1 -1 
880 271 41 17 0.11847864091396332 4 -1 -1 
477 271 42 21 0.11829555034637451 5 -1 -1 
954 532 102 48 0.11521357297897339 6 -1 -1 
988 605 109 61 0.11488418281078339 5 -1 -1 
1060 731 134 32 0.11283887177705765 9 -1 -1 
474 271 42 20 0.1095980778336525 6 -1 -1 
712 491 35 37 0.10887641459703445 5 -1 -1 
246 555 17 42 0.10798515379428864 1 -1 -1 
168 618 105 79 0.10590942949056625 5 -1 -1 
720 421 31 32 0.10527278482913971 5 -1 -1 
