280 446 115 214 0.9882681965827942 6 -1 -1 
722 620 66 76 0.8983926773071289 4 -1 -1 
589 218 16 19 0.8968177437782288 5 -1 -1 
545 357 30 33 0.8935309648513794 4 -1 -1 
586 103 11 17 0.8353026509284973 6 -1 -1 
672 220 29 14 0.789546012878418 4 -1 -1 
514 100 15 12 0.766392707824707 6 -1 -1 
484 165 13 12 0.7511194944381714 4 -1 -1 
539 113 8 8 0.7466764450073242 4 -1 -1 
428 241 35 54 0.7392589449882507 6 -1 -1 
593 117 9 7 0.7258800864219666 4 -1 -1 
518 127 10 9 0.7086153030395508 4 -1 -1 
480 183 14 12 0.7069502472877502 4 -1 -1 
556 116 8 7 0.6762837767601013 4 -1 -1 
497 117 8 8 0.6719167828559875 4 -1 -1 
454 193 25 35 0.6674766540527344 6 -1 -1 
485 156 12 11 0.6625691056251526 4 -1 -1 
504 211 18 19 0.6553905010223389 4 -1 -1 
502 102 9 7 0.6439568400382996 4 -1 -1 
597 100 7 7 0.6311808228492737 4 -1 -1 
549 179 13 12 0.6197556257247925 4 -1 -1 
1205 259 130 55 0.6091136336326599 6 -1 -1 
1335 262 8 18 0.5941720604896545 1 -1 -1 
1163 231 83 39 0.5875850319862366 6 -1 -1 
530 170 12 12 0.5595369935035706 4 -1 -1 
579 98 7 6 0.5372439622879028 4 -1 -1 
484 153 12 11 0.533449113368988 4 -1 -1 
490 124 10 8 0.5181251168251038 4 -1 -1 
732 227 35 16 0.49880844354629517 4 -1 -1 
496 93 22 12 0.48542556166648865 6 -1 -1 
623 159 21 30 0.4796028137207031 6 -1 -1 
534 102 7 7 0.4753798544406891 4 -1 -1 
623 159 21 30 0.45997780561447144 8 -1 -1 
492 109 8 6 0.44954714179039 4 -1 -1 
490 133 9 13 0.4176352322101593 5 -1 -1 
490 132 9 10 0.4150567054748535 4 -1 -1 
539 113 9 8 0.3900851607322693 5 -1 -1 
530 170 12 12 0.3869820237159729 5 -1 -1 
529 75 14 17 0.38364875316619873 6 -1 -1 
464 80 10 12 0.3814759850502014 6 -1 -1 
490 133 9 11 0.37154093384742737 6 -1 -1 
918 225 21 15 0.3712424635887146 5 -1 -1 
507 94 12 11 0.3627873957157135 6 -1 -1 
1205 287 27 21 0.35036396980285645 10 -1 -1 
430 114 28 17 0.34586650133132935 6 -1 -1 
494 118 9 8 0.3453635275363922 4 -1 -1 
490 132 9 9 0.3290240168571472 5 -1 -1 
510 99 17 12 0.32254093885421753 6 -1 -1 
548 178 14 13 0.319329172372818 5 -1 -1 
503 102 8 7 0.3153018653392792 5 -1 -1 
491 103 7 6 0.31529438495635986 4 -1 -1 
491 105 8 7 0.31436651945114136 4 -1 -1 
509 96 13 10 0.3142367899417877 6 -1 -1 
504 211 18 19 0.3086755573749542 5 -1 -1 
490 121 10 9 0.30277636647224426 4 -1 -1 
1205 288 27 20 0.2956061065196991 3 -1 -1 
507 136 8 8 0.290239542722702 10 -1 -1 
407 112 36 21 0.28808334469795227 6 -1 -1 
534 102 7 7 0.27770036458969116 8 -1 -1 
464 80 10 12 0.27721816301345825 9 -1 -1 
534 102 7 7 0.2753450274467468 5 -1 -1 
596 82 16 18 0.2748446464538574 9 -1 -1 
494 109 10 6 0.2745512127876282 4 -1 -1 
589 218 16 19 0.27121832966804504 9 -1 -1 
529 74 14 18 0.2710884213447571 9 -1 -1 
508 95 11 9 0.27031829953193665 4 -1 -1 
480 245 5 14 0.26785585284233093 1 -1 -1 
479 152 14 9 0.26692378520965576 4 -1 -1 
623 158 21 30 0.2659023106098175 5 -1 -1 
579 98 7 6 0.26272064447402954 5 -1 -1 
466 153 13 9 0.26027944684028625 4 -1 -1 
1129 215 118 46 0.25809958577156067 6 -1 -1 
500 108 5 7 0.25757306814193726 1 -1 -1 
485 162 12 11 0.2566840648651123 4 -1 -1 
490 107 9 8 0.2533979117870331 4 -1 -1 
919 226 20 14 0.25219106674194336 9 -1 -1 
468 136 16 10 0.24941308796405792 4 -1 -1 
506 136 7 8 0.24923917651176453 7 -1 -1 
505 136 8 8 0.24841579794883728 10 -1 -1 
428 223 46 72 0.24802646040916443 6 -1 -1 
490 122 10 10 0.24718177318572998 5 -1 -1 
429 113 15 19 0.24687717854976654 8 -1 -1 
534 102 7 7 0.2460089772939682 7 -1 -1 
439 104 17 8 0.2455609291791916 4 -1 -1 
494 109 10 6 0.2424847036600113 8 -1 -1 
1231 295 15 29 0.23815299570560455 1 -1 -1 
469 138 15 9 0.23735284805297852 4 -1 -1 
484 123 14 9 0.2371547967195511 4 -1 -1 
488 126 9 7 0.23598207533359528 4 -1 -1 
297 252 38 39 0.23471561074256897 4 -1 -1 
494 109 10 6 0.23253187537193298 7 -1 -1 
491 105 8 9 0.23136202991008759 5 -1 -1 
469 131 16 10 0.2278805673122406 4 -1 -1 
491 103 8 7 0.22779911756515503 5 -1 -1 
464 80 10 12 0.22775471210479736 5 -1 -1 
624 159 20 29 0.2267587035894394 7 -1 -1 
491 108 9 7 0.22635379433631897 5 -1 -1 
1234 292 14 20 0.2256166934967041 1 -1 -1 
1326 278 30 23 0.22496408224105835 4 -1 -1 
476 245 5 15 0.22461801767349243 1 -1 -1 
487 108 11 7 0.2236764132976532 4 -1 -1 
490 133 9 13 0.22241388261318207 8 -1 -1 
534 102 8 7 0.22124339640140533 6 -1 -1 
496 117 9 8 0.22120386362075806 5 -1 -1 
492 109 8 6 0.2209388017654419 8 -1 -1 
491 105 8 9 0.22078128159046173 6 -1 -1 
503 78 12 13 0.2205183506011963 6 -1 -1 
486 124 8 8 0.21988911926746368 4 -1 -1 
597 100 8 7 0.21987749636173248 5 -1 -1 
500 100 12 8 0.21787840127944946 4 -1 -1 
919 225 20 15 0.21785868704319 4 -1 -1 
1231 293 14 22 0.2175343930721283 1 -1 -1 
432 231 36 46 0.21688121557235718 6 -1 -1 
732 227 35 16 0.2167506217956543 5 -1 -1 
593 117 9 8 0.21595175564289093 5 -1 -1 
624 159 20 29 0.2148921638727188 4 -1 -1 
920 226 18 14 0.21342281997203827 6 -1 -1 
491 103 8 7 0.2130753993988037 6 -1 -1 
484 109 10 7 0.21295782923698425 4 -1 -1 
514 100 14 12 0.21279971301555634 5 -1 -1 
472 129 16 10 0.2122229039669037 4 -1 -1 
916 216 23 18 0.21198920905590057 5 -1 -1 
916 216 23 18 0.2109573632478714 9 -1 -1 
466 140 17 10 0.21078245341777802 4 -1 -1 
464 80 10 12 0.21059966087341309 4 -1 -1 
442 199 36 35 0.2101725935935974 6 -1 -1 
495 91 35 18 0.20980854332447052 6 -1 -1 
737 229 35 17 0.20967762172222137 4 -1 -1 
732 229 23 14 0.20709572732448578 4 -1 -1 
492 109 8 6 0.20640963315963745 7 -1 -1 
501 136 10 7 0.20592686533927917 7 -1 -1 
1138 346 52 35 0.20578955113887787 4 -1 -1 
589 218 16 19 0.2052893191576004 4 -1 -1 
490 136 9 10 0.20519742369651794 4 -1 -1 
1213 246 141 61 0.20496365427970886 6 -1 -1 
506 136 7 8 0.20480945706367493 8 -1 -1 
491 108 9 7 0.20455019176006317 6 -1 -1 
429 113 17 19 0.20401863753795624 6 -1 -1 
280 443 115 216 0.20350584387779236 5 -1 -1 
436 129 11 8 0.20342253148555756 10 -1 -1 
434 119 23 15 0.20324064791202545 6 -1 -1 
501 95 16 11 0.20273244380950928 6 -1 -1 
492 76 22 16 0.20188584923744202 6 -1 -1 
1210 289 33 22 0.20177222788333893 10 -1 -1 
511 96 14 12 0.201384499669075 6 -1 -1 
483 111 10 8 0.20133604109287262 4 -1 -1 
490 136 9 10 0.20132339000701904 6 -1 -1 
519 127 8 8 0.20092031359672546 5 -1 -1 
501 136 7 8 0.2002994418144226 10 -1 -1 
737 223 29 13 0.2002825289964676 4 -1 -1 
1168 246 75 23 0.20008864998817444 6 -1 -1 
420 113 23 19 0.19849646091461182 6 -1 -1 
268 435 40 47 0.1982358694076538 6 -1 -1 
495 108 10 7 0.1979241520166397 1 -1 -1 
485 165 12 12 0.19759216904640198 5 -1 -1 
480 124 15 9 0.1972341388463974 4 -1 -1 
1204 258 83 53 0.19683313369750977 6 -1 -1 
1062 171 76 33 0.19661343097686768 4 -1 -1 
473 154 8 9 0.19637075066566467 1 -1 -1 
303 434 14 35 0.19632047414779663 1 -1 -1 
508 135 5 8 0.1961715668439865 2 -1 -1 
1165 232 82 36 0.19545702636241913 9 -1 -1 
485 156 12 11 0.19527111947536469 5 -1 -1 
461 147 18 9 0.19513191282749176 4 -1 -1 
514 100 15 12 0.19488784670829773 4 -1 -1 
498 109 7 6 0.19479821622371674 8 -1 -1 
508 95 11 9 0.19435922801494598 5 -1 -1 
442 111 47 18 0.19379879534244537 6 -1 -1 
477 152 10 9 0.1932121068239212 4 -1 -1 
1102 445 20 14 0.19088709354400635 1 -1 -1 
520 82 9 9 0.19002790749073029 6 -1 -1 
437 128 23 10 0.18991178274154663 4 -1 -1 
476 124 16 9 0.18930624425411224 4 -1 -1 
480 182 14 13 0.18914616107940674 6 -1 -1 
424 198 54 87 0.18836581707000732 6 -1 -1 
479 153 10 9 0.1883104294538498 1 -1 -1 
554 82 18 12 0.18824034929275513 6 -1 -1 
627 123 8 12 0.1871599406003952 6 -1 -1 
471 246 8 15 0.1864311695098877 1 -1 -1 
492 106 11 8 0.18638624250888824 4 -1 -1 
470 246 6 15 0.1861722469329834 1 -1 -1 
920 226 35 14 0.18603573739528656 5 -1 -1 
496 93 23 13 0.18527497351169586 9 -1 -1 
436 125 24 13 0.18480277061462402 6 -1 -1 
465 143 17 9 0.18448132276535034 4 -1 -1 
498 109 7 6 0.1827353984117508 7 -1 -1 
439 186 22 19 0.18269973993301392 9 -1 -1 
1234 293 13 21 0.18251249194145203 2 -1 -1 
1206 261 151 75 0.175825834274292 6 -1 -1 
280 443 115 216 0.16861917078495026 4 -1 -1 
734 224 46 22 0.16845746338367462 4 -1 -1 
430 112 40 21 0.16572614014148712 6 -1 -1 
1123 337 67 47 0.16449257731437683 4 -1 -1 
448 196 30 54 0.16185224056243896 6 -1 -1 
454 193 25 35 0.1592082530260086 5 -1 -1 
1164 231 83 39 0.15767502784729004 5 -1 -1 
436 184 31 23 0.15610963106155396 9 -1 -1 
1079 315 160 76 0.15581220388412476 6 -1 -1 
280 446 115 214 0.1517241895198822 10 -1 -1 
429 192 49 66 0.14950856566429138 6 -1 -1 
431 97 35 17 0.1451844871044159 4 -1 -1 
1204 258 67 52 0.14440056681632996 7 -1 -1 
415 109 35 24 0.14414159953594208 6 -1 -1 
428 242 35 53 0.1413419395685196 5 -1 -1 
297 252 38 39 0.1411965936422348 5 -1 -1 
1139 328 63 58 0.13706736266613007 4 -1 -1 
454 192 25 36 0.13632865250110626 9 -1 -1 
395 107 47 25 0.13509728014469147 6 -1 -1 
280 443 115 216 0.13135431706905365 7 -1 -1 
1145 324 85 65 0.12955203652381897 4 -1 -1 
623 158 21 31 0.1290351152420044 9 -1 -1 
435 108 37 20 0.1286085844039917 6 -1 -1 
1205 259 110 52 0.12841437757015228 5 -1 -1 
1204 259 74 51 0.12750612199306488 8 -1 -1 
434 185 32 22 0.12610676884651184 5 -1 -1 
1127 212 89 40 0.1256278157234192 6 -1 -1 
722 619 65 77 0.12477676570415497 5 -1 -1 
1172 224 86 38 0.12160318344831467 6 -1 -1 
442 191 38 83 0.1213851198554039 6 -1 -1 
426 156 44 24 0.1199827715754509 6 -1 -1 
435 185 34 24 0.11981545388698578 6 -1 -1 
1131 342 80 48 0.11690673232078552 4 -1 -1 
428 242 35 53 0.11613842844963074 9 -1 -1 
428 260 34 37 0.11593328416347504 6 -1 -1 
1253 267 97 58 0.11589501053094864 6 -1 -1 
606 97 24 28 0.11477513611316681 6 -1 -1 
434 118 37 21 0.11459311097860336 6 -1 -1 
606 89 21 32 0.11367145925760269 9 -1 -1 
279 442 116 219 0.1118636429309845 9 -1 -1 
572 76 41 20 0.11156774312257767 9 -1 -1 
433 193 45 33 0.11149059981107712 6 -1 -1 
1131 221 118 47 0.11127179861068726 9 -1 -1 
433 97 36 17 0.11006136983633041 9 -1 -1 
438 113 40 18 0.10844608396291733 6 -1 -1 
410 150 34 24 0.10686327517032623 4 -1 -1 
730 254 36 19 0.10677871853113174 4 -1 -1 
280 446 114 214 0.10617230087518692 2 -1 -1 
597 85 32 21 0.10581770539283752 9 -1 -1 
280 446 115 214 0.104470394551754 8 -1 -1 
426 164 43 25 0.10410148650407791 6 -1 -1 
429 204 43 33 0.10177046060562134 6 -1 -1 
444 111 48 18 0.10044261813163757 9 -1 -1 
1062 170 75 32 0.09975065290927887 5 -1 -1 
431 97 35 17 0.09922724962234497 5 -1 -1 
733 219 40 23 0.09857219457626343 4 -1 -1 
1107 347 76 44 0.09849565476179123 4 -1 -1 
442 228 33 32 0.09779179096221924 6 -1 -1 
1142 223 104 43 0.09641440957784653 5 -1 -1 
427 260 33 37 0.09632951021194458 9 -1 -1 
438 207 37 38 0.09625612199306488 6 -1 -1 
400 111 43 22 0.09611660987138748 9 -1 -1 
280 446 115 214 0.0954308956861496 3 -1 -1 
593 82 32 20 0.09513112157583237 9 -1 -1 
1080 318 157 75 0.09507822245359421 4 -1 -1 
434 185 32 22 0.0936732217669487 4 -1 -1 
411 154 49 29 0.09327482432126999 6 -1 -1 
280 443 115 216 0.0926307663321495 1 -1 -1 
407 150 36 24 0.09252803772687912 5 -1 -1 
1144 317 88 71 0.09151344001293182 6 -1 -1 
1204 258 100 61 0.09121005237102509 7 -1 -1 
441 187 36 26 0.091046042740345 6 -1 -1 
434 173 35 25 0.09012161940336227 9 -1 -1 
734 224 46 22 0.08946982771158218 5 -1 -1 
446 214 29 42 0.08938795328140259 6 -1 -1 
1203 258 113 55 0.08918657898902893 4 -1 -1 
1063 172 78 34 0.08800549805164337 6 -1 -1 
402 217 64 76 0.08763041347265244 6 -1 -1 
428 233 38 62 0.08737920969724655 4 -1 -1 
608 91 28 29 0.086650051176548 6 -1 -1 
454 193 25 35 0.08663694560527802 4 -1 -1 
1129 330 62 53 0.08541074395179749 5 -1 -1 
411 189 67 43 0.08509933948516846 6 -1 -1 
1191 321 47 67 0.08450168371200562 4 -1 -1 
406 150 36 24 0.08389195799827576 6 -1 -1 
1094 351 75 44 0.08263059705495834 4 -1 -1 
732 225 36 19 0.08189212530851364 6 -1 -1 
495 88 35 16 0.0817762240767479 6 -1 -1 
1199 325 55 62 0.0813978761434555 4 -1 -1 
1203 258 145 59 0.08052729815244675 9 -1 -1 
395 178 51 25 0.07947922497987747 4 -1 -1 
426 156 44 24 0.07871944457292557 9 -1 -1 
399 110 43 23 0.07863569259643555 5 -1 -1 
1127 213 101 43 0.07809769362211227 9 -1 -1 
426 203 36 29 0.077843576669693 6 -1 -1 
416 177 46 20 0.07769009470939636 5 -1 -1 
427 115 35 23 0.07740353047847748 6 -1 -1 
415 178 48 21 0.07638048380613327 4 -1 -1 
1097 322 93 59 0.07623038440942764 4 -1 -1 
1083 319 157 75 0.07620979845523834 5 -1 -1 
583 76 41 22 0.0739307850599289 9 -1 -1 
1145 324 85 65 0.07376167923212051 5 -1 -1 
495 91 34 19 0.07332982122898102 9 -1 -1 
441 187 36 26 0.07319575548171997 9 -1 -1 
572 76 41 20 0.07314667850732803 6 -1 -1 
431 168 39 22 0.07314316183328629 9 -1 -1 
444 119 49 24 0.07273247092962265 6 -1 -1 
608 91 28 29 0.07256045192480087 9 -1 -1 
1187 257 67 50 0.0723343938589096 8 -1 -1 
1197 254 71 49 0.07231636345386505 6 -1 -1 
729 254 33 19 0.07221529632806778 6 -1 -1 
1163 231 83 39 0.07184725999832153 4 -1 -1 
1080 326 157 77 0.0713675394654274 9 -1 -1 
722 620 66 76 0.07130798697471619 1 -1 -1 
428 241 35 54 0.07114086300134659 7 -1 -1 
311 269 44 29 0.07062147557735443 4 -1 -1 
440 109 38 19 0.07047075778245926 9 -1 -1 
423 180 43 26 0.07033389806747437 4 -1 -1 
411 198 65 49 0.07015484571456909 6 -1 -1 
426 183 37 24 0.07015427201986313 9 -1 -1 
1131 337 86 52 0.0701383575797081 6 -1 -1 
600 86 35 23 0.07007286697626114 6 -1 -1 
396 178 51 23 0.07000523805618286 6 -1 -1 
423 180 43 26 0.06964828073978424 5 -1 -1 
430 202 47 31 0.06944268941879272 5 -1 -1 
431 174 37 23 0.06936634331941605 5 -1 -1 
1131 308 68 73 0.06872717291116714 6 -1 -1 
412 151 45 27 0.06869596987962723 4 -1 -1 
437 124 38 19 0.06865665316581726 6 -1 -1 
1138 235 112 43 0.06859798729419708 6 -1 -1 
419 161 48 28 0.0684659481048584 9 -1 -1 
434 173 35 25 0.06821136176586151 6 -1 -1 
1210 275 102 55 0.06806536763906479 6 -1 -1 
430 181 34 25 0.06800777465105057 6 -1 -1 
734 224 49 22 0.06792675703763962 6 -1 -1 
434 155 41 20 0.06759025156497955 9 -1 -1 
1166 258 86 53 0.0672149658203125 6 -1 -1 
1201 320 61 61 0.06668076664209366 6 -1 -1 
1126 310 66 71 0.06639450043439865 4 -1 -1 
1095 291 160 93 0.06618320941925049 6 -1 -1 
454 193 25 35 0.06571219861507416 8 -1 -1 
599 88 21 32 0.06562889367341995 9 -1 -1 
416 178 48 26 0.0649314746260643 9 -1 -1 
1150 348 75 43 0.06490157544612885 4 -1 -1 
1048 165 78 41 0.06479440629482269 4 -1 -1 
297 253 36 40 0.06476884335279465 6 -1 -1 
428 241 35 54 0.06472547352313995 8 -1 -1 
430 229 35 52 0.06461641192436218 9 -1 -1 
623 158 21 30 0.06457117944955826 3 -1 -1 
1202 256 147 68 0.06449472904205322 5 -1 -1 
1062 170 75 32 0.06444831192493439 9 -1 -1 
425 234 31 46 0.06423557549715042 6 -1 -1 
623 158 21 30 0.06412220746278763 1 -1 -1 
1220 270 139 97 0.06402071565389633 6 -1 -1 
722 620 65 76 0.06338010728359222 9 -1 -1 
430 202 47 31 0.06318923085927963 4 -1 -1 
1214 238 128 52 0.06296434253454208 6 -1 -1 
433 97 36 17 0.06286773830652237 6 -1 -1 
1202 258 61 50 0.06262300163507462 5 -1 -1 
1154 249 165 82 0.06082145497202873 6 -1 -1 
1128 214 112 44 0.06081772968173027 5 -1 -1 
217 449 168 206 0.060599252581596375 6 -1 -1 
735 231 45 19 0.060549814254045486 5 -1 -1 
1191 321 47 67 0.060548484325408936 5 -1 -1 
1097 255 149 77 0.060075223445892334 6 -1 -1 
671 219 31 16 0.059755705296993256 5 -1 -1 
1131 337 86 52 0.05912734940648079 5 -1 -1 
1204 259 94 50 0.05905748903751373 9 -1 -1 
1119 345 74 44 0.058868877589702606 6 -1 -1 
400 177 56 24 0.05881138890981674 5 -1 -1 
1110 320 158 84 0.058692142367362976 6 -1 -1 
1150 226 159 82 0.05816066265106201 6 -1 -1 
1111 242 136 70 0.05666955187916756 6 -1 -1 
417 186 68 115 0.055846281349658966 6 -1 -1 
399 201 69 57 0.055793631821870804 6 -1 -1 
1109 196 137 73 0.05471408739686012 6 -1 -1 
1187 222 170 85 0.05060403421521187 6 -1 -1 
