1051 215 122 93 0.9767497181892395 5 -1 -1 
1032 91 76 57 0.9709884524345398 5 -1 -1 
1213 23 80 51 0.9639490842819214 5 -1 -1 
283 543 205 148 0.952266275882721 4 -1 -1 
940 117 30 34 0.9495601654052734 3 -1 -1 
985 93 79 74 0.9478961825370789 5 -1 -1 
948 401 135 91 0.923075795173645 4 -1 -1 
45 41 95 44 0.9122920036315918 4 -1 -1 
48 530 225 162 0.904970109462738 4 -1 -1 
702 369 147 96 0.8968579769134521 4 -1 -1 
266 228 17 45 0.8757867813110352 1 -1 -1 
749 268 49 43 0.8751966953277588 7 -1 -1 
1187 58 44 29 0.8744764924049377 7 -1 -1 
869 251 116 76 0.8699473142623901 4 -1 -1 
930 277 116 83 0.8679104447364807 4 -1 -1 
704 342 20 51 0.8672367930412292 1 -1 -1 
751 159 101 65 0.8625413775444031 4 -1 -1 
1023 58 15 34 0.8610029816627502 1 -1 -1 
911 215 18 46 0.8537117838859558 1 -1 -1 
1186 135 37 31 0.8512734770774841 10 -1 -1 
974 159 70 53 0.8487163782119751 7 -1 -1 
71 74 54 48 0.8473072052001953 4 -1 -1 
650 284 17 45 0.8394209742546082 1 -1 -1 
498 215 23 44 0.8357716798782349 1 -1 -1 
1238 524 39 53 0.825045108795166 1 -1 -1 
1044 13 17 33 0.8246816396713257 1 -1 -1 
1097 39 20 34 0.8236444592475891 1 -1 -1 
581 230 132 63 0.8170831799507141 4 -1 -1 
1129 457 130 89 0.8087009191513062 4 -1 -1 
952 14 58 42 0.8044958710670471 4 -1 -1 
1221 511 40 53 0.8038116097450256 1 -1 -1 
710 210 99 55 0.8031490445137024 4 -1 -1 
1323 53 23 35 0.7902320027351379 1 -1 -1 
616 332 50 32 0.7880231142044067 10 -1 -1 
582 272 18 42 0.7878426313400269 1 -1 -1 
725 254 18 48 0.7803710699081421 1 -1 -1 
949 389 24 49 0.7797061204910278 1 -1 -1 
539 257 17 43 0.7781664729118347 1 -1 -1 
868 155 37 33 0.776165783405304 10 -1 -1 
857 232 41 32 0.7718610167503357 10 -1 -1 
146 96 57 57 0.7650158405303955 4 -1 -1 
609 281 19 45 0.7636211514472961 1 -1 -1 
815 245 34 40 0.7631813883781433 10 -1 -1 
287 208 21 44 0.7626447677612305 1 -1 -1 
929 182 29 36 0.7618072032928467 10 -1 -1 
916 627 75 59 0.7616620659828186 10 -1 -1 
382 323 16 44 0.7543910145759583 1 -1 -1 
132 174 18 42 0.7466798424720764 1 -1 -1 
558 334 17 51 0.7372849583625793 1 -1 -1 
419 224 15 42 0.7352375984191895 1 -1 -1 
53 130 62 59 0.7340510487556458 4 -1 -1 
12 4 90 43 0.7267358303070068 4 -1 -1 
1242 436 35 52 0.7181487083435059 1 -1 -1 
182 221 18 49 0.7165635824203491 1 -1 -1 
622 292 21 48 0.7148891091346741 1 -1 -1 
334 279 19 46 0.7146463990211487 1 -1 -1 
432 217 17 46 0.7138352394104004 1 -1 -1 
896 48 23 23 0.7099596261978149 10 -1 -1 
908 79 11 30 0.7059288620948792 1 -1 -1 
30 21 90 42 0.7038533091545105 4 -1 -1 
905 97 31 32 0.6878275275230408 10 -1 -1 
912 190 29 37 0.6874738335609436 10 -1 -1 
734 145 18 46 0.67979896068573 1 -1 -1 
403 221 19 41 0.6789613962173462 1 -1 -1 
620 164 16 28 0.6769305467605591 2 -1 -1 
219 158 18 42 0.6688950657844543 1 -1 -1 
1254 497 31 51 0.6593602299690247 1 -1 -1 
587 169 18 30 0.6545574069023132 2 -1 -1 
719 153 17 42 0.653876543045044 1 -1 -1 
1083 0 15 32 0.6480656266212463 1 -1 -1 
1327 346 30 40 0.642011284828186 10 -1 -1 
1332 335 26 39 0.6313821077346802 2 -1 -1 
362 314 14 33 0.6303320527076721 1 -1 -1 
306 135 21 42 0.6228358149528503 1 -1 -1 
178 196 133 63 0.6166295409202576 4 -1 -1 
1120 2 69 43 0.6165422201156616 4 -1 -1 
881 148 41 30 0.6155688762664795 3 -1 -1 
268 47 14 33 0.6025964021682739 10 -1 -1 
1311 306 31 33 0.6019859313964844 10 -1 -1 
1088 81 64 38 0.5983626246452332 7 -1 -1 
531 316 17 27 0.5943732261657715 2 -1 -1 
1260 673 34 41 0.5889981985092163 2 -1 -1 
551 309 15 28 0.588531494140625 2 -1 -1 
828 134 43 37 0.5870540738105774 7 -1 -1 
1286 572 52 51 0.5859418511390686 1 -1 -1 
392 212 15 43 0.5815668106079102 1 -1 -1 
1103 63 94 50 0.5806294679641724 4 -1 -1 
1332 125 27 41 0.576511561870575 4 -1 -1 
370 234 13 32 0.5746171474456787 1 -1 -1 
1292 676 25 38 0.5743198990821838 2 -1 -1 
670 150 13 40 0.5705700516700745 1 -1 -1 
1259 9 87 43 0.5702552795410156 4 -1 -1 
630 277 17 46 0.568897008895874 1 -1 -1 
726 152 13 42 0.5654342770576477 1 -1 -1 
566 309 36 29 0.5603587627410889 10 -1 -1 
1196 127 19 32 0.5565803647041321 2 -1 -1 
666 170 15 41 0.5544091463088989 1 -1 -1 
1328 402 31 48 0.5503802299499512 10 -1 -1 
240 64 16 39 0.5478839874267578 1 -1 -1 
332 206 19 43 0.5468693375587463 1 -1 -1 
306 175 17 40 0.5458456873893738 1 -1 -1 
430 172 14 36 0.5407179594039917 1 -1 -1 
714 199 16 35 0.5373773574829102 1 -1 -1 
210 178 14 37 0.5367261171340942 1 -1 -1 
198 220 22 48 0.5365927219390869 1 -1 -1 
985 652 33 47 0.5355924367904663 2 -1 -1 
1250 15 83 46 0.5319811105728149 4 -1 -1 
378 185 9 28 0.5258983373641968 1 -1 -1 
252 168 18 25 0.5189953446388245 2 -1 -1 
1107 726 29 39 0.5186262130737305 2 -1 -1 
1315 677 32 37 0.5170503854751587 2 -1 -1 
1188 624 41 38 0.5152835249900818 2 -1 -1 
713 133 15 35 0.5150999426841736 1 -1 -1 
921 186 33 33 0.51472008228302 10 -1 -1 
1315 300 33 36 0.5139729380607605 10 -1 -1 
846 112 41 27 0.5135160088539124 10 -1 -1 
979 590 32 59 0.5106573700904846 3 -1 -1 
729 197 17 36 0.505515992641449 1 -1 -1 
761 265 41 34 0.5053281784057617 7 -1 -1 
376 274 21 34 0.5038465261459351 2 -1 -1 
988 4 53 39 0.5034323930740356 5 -1 -1 
1324 295 24 37 0.5015622973442078 2 -1 -1 
701 144 14 47 0.5001199245452881 1 -1 -1 
222 179 16 35 0.4995806813240051 1 -1 -1 
680 151 15 43 0.4964604079723358 1 -1 -1 
369 206 12 33 0.49576467275619507 1 -1 -1 
19 13 97 41 0.48562002182006836 4 -1 -1 
712 155 15 41 0.48537498712539673 1 -1 -1 
185 192 22 35 0.48517748713493347 1 -1 -1 
846 127 56 36 0.4833841621875763 7 -1 -1 
385 199 12 35 0.47857537865638733 1 -1 -1 
979 158 65 33 0.4784233570098877 7 -1 -1 
1281 9 72 34 0.4768078327178955 4 -1 -1 
164 162 39 37 0.476504921913147 10 -1 -1 
175 217 20 49 0.4756554365158081 1 -1 -1 
703 153 15 42 0.4752463698387146 1 -1 -1 
1104 63 93 50 0.47470909357070923 5 -1 -1 
1171 583 32 40 0.4718899428844452 2 -1 -1 
376 275 25 35 0.471744567155838 7 -1 -1 
211 179 20 38 0.46892696619033813 1 -1 -1 
318 124 17 46 0.467799574136734 1 -1 -1 
1152 318 154 71 0.46658065915107727 7 -1 -1 
1314 545 37 57 0.4643426835536957 1 -1 -1 
730 140 16 44 0.46341925859451294 1 -1 -1 
298 158 16 40 0.4620875418186188 1 -1 -1 
564 320 13 30 0.4583720266819 1 -1 -1 
338 246 37 35 0.45323944091796875 10 -1 -1 
538 173 21 39 0.4513522982597351 1 -1 -1 
790 141 38 31 0.4492199122905731 10 -1 -1 
1242 20 84 44 0.44769981503486633 5 -1 -1 
846 234 50 32 0.4475741386413574 3 -1 -1 
1014 335 25 39 0.44716566801071167 1 -1 -1 
322 136 13 33 0.44585564732551575 1 -1 -1 
1326 295 22 38 0.44488322734832764 1 -1 -1 
1288 572 49 52 0.44488051533699036 2 -1 -1 
873 148 43 31 0.4423329830169678 10 -1 -1 
302 171 17 37 0.44187426567077637 1 -1 -1 
559 179 15 29 0.4344209134578705 10 -1 -1 
982 573 27 43 0.4338133931159973 2 -1 -1 
1084 5 11 27 0.4296379089355469 1 -1 -1 
878 123 31 30 0.42758992314338684 10 -1 -1 
1165 640 43 40 0.4272700250148773 2 -1 -1 
1203 604 42 41 0.42717352509498596 2 -1 -1 
310 128 22 47 0.4226630926132202 1 -1 -1 
988 4 53 39 0.4215090274810791 4 -1 -1 
2 14 16 40 0.4182252287864685 1 -1 -1 
630 324 27 36 0.4165966808795929 2 -1 -1 
1038 12 12 33 0.41136014461517334 1 -1 -1 
1143 671 38 32 0.40493443608283997 2 -1 -1 
680 142 15 41 0.4044744074344635 1 -1 -1 
980 579 30 62 0.40236204862594604 10 -1 -1 
35 33 100 43 0.3856860101222992 4 -1 -1 
1203 688 96 66 0.3819217383861542 10 -1 -1 
973 159 71 52 0.3680376708507538 8 -1 -1 
536 172 24 39 0.36624377965927124 2 -1 -1 
1153 562 73 80 0.34866005182266235 10 -1 -1 
181 197 126 61 0.3421333134174347 5 -1 -1 
1266 547 69 62 0.33523815870285034 10 -1 -1 
1212 688 104 63 0.3291378617286682 3 -1 -1 
364 205 18 46 0.3250049650669098 1 -1 -1 
45 529 228 163 0.32034170627593994 5 -1 -1 
29 20 91 42 0.31818968057632446 5 -1 -1 
966 653 63 58 0.31633302569389343 10 -1 -1 
1218 679 99 67 0.3114350736141205 10 -1 -1 
1297 496 60 72 0.3091314733028412 4 -1 -1 
348 181 24 47 0.3088964521884918 1 -1 -1 
396 216 22 45 0.3069981336593628 1 -1 -1 
671 150 18 46 0.30169111490249634 1 -1 -1 
581 228 133 65 0.2829068899154663 5 -1 -1 
1256 10 91 46 0.2756121754646301 5 -1 -1 
752 159 101 67 0.2727465331554413 5 -1 -1 
1187 681 78 72 0.2720741033554077 10 -1 -1 
1280 550 70 70 0.26921987533569336 10 -1 -1 
927 632 88 60 0.26351234316825867 10 -1 -1 
986 94 78 74 0.2593146860599518 4 -1 -1 
790 126 79 48 0.2510546147823334 7 -1 -1 
666 171 23 45 0.24857527017593384 1 -1 -1 
1104 63 94 49 0.24380706250667572 6 -1 -1 
997 689 72 59 0.24324733018875122 10 -1 -1 
14 8 96 44 0.23416991531848907 5 -1 -1 
998 670 83 76 0.23179151117801666 7 -1 -1 
1031 91 76 57 0.23132196068763733 4 -1 -1 
972 660 73 62 0.22013086080551147 10 -1 -1 
348 181 24 47 0.21789492666721344 2 -1 -1 
37 27 96 42 0.21373307704925537 5 -1 -1 
1144 317 167 76 0.21277672052383423 8 -1 -1 
365 221 19 45 0.21129649877548218 1 -1 -1 
998 669 65 67 0.20327307283878326 10 -1 -1 
421 220 21 44 0.20140613615512848 1 -1 -1 
1202 701 96 55 0.196913942694664 3 -1 -1 
409 221 25 44 0.19270102679729462 1 -1 -1 
791 125 79 48 0.1919907182455063 8 -1 -1 
1198 690 99 65 0.18902075290679932 7 -1 -1 
995 647 71 76 0.1880711317062378 7 -1 -1 
1088 631 53 99 0.1862848550081253 1 -1 -1 
357 300 20 47 0.1854795515537262 1 -1 -1 
1120 1 74 45 0.18440498411655426 5 -1 -1 
996 653 66 66 0.18359817564487457 10 -1 -1 
1213 23 80 51 0.18349583446979523 4 -1 -1 
1177 692 74 66 0.182013601064682 10 -1 -1 
1168 558 61 67 0.1813989132642746 10 -1 -1 
1183 704 97 59 0.17862316966056824 10 -1 -1 
999 658 96 86 0.17722207307815552 8 -1 -1 
710 209 99 56 0.1756111979484558 5 -1 -1 
1143 318 168 74 0.17168046534061432 6 -1 -1 
681 140 19 51 0.17149928212165833 1 -1 -1 
1001 650 97 88 0.16914799809455872 7 -1 -1 
1154 559 76 81 0.16698405146598816 8 -1 -1 
44 41 95 44 0.16673071682453156 5 -1 -1 
1280 550 70 70 0.16671831905841827 1 -1 -1 
672 162 21 47 0.16432763636112213 1 -1 -1 
1161 583 80 66 0.16362543404102325 10 -1 -1 
1214 24 80 51 0.1610538363456726 6 -1 -1 
996 683 63 68 0.1603972166776657 7 -1 -1 
834 124 80 47 0.15935496985912323 7 -1 -1 
1162 623 71 62 0.15439316630363464 2 -1 -1 
665 169 19 44 0.15275219082832336 2 -1 -1 
1297 496 59 73 0.1524464339017868 5 -1 -1 
145 95 60 60 0.15154390037059784 5 -1 -1 
999 654 87 84 0.14929556846618652 10 -1 -1 
1233 23 93 44 0.14818815886974335 4 -1 -1 
948 421 134 71 0.1481086015701294 5 -1 -1 
1143 317 168 75 0.14548122882843018 4 -1 -1 
1166 621 70 59 0.14330507814884186 10 -1 -1 
1195 679 90 72 0.14125242829322815 3 -1 -1 
1266 547 68 59 0.14107763767242432 3 -1 -1 
1087 68 91 50 0.1403386890888214 4 -1 -1 
265 39 20 42 0.14000803232192993 10 -1 -1 
671 137 22 46 0.13950006663799286 1 -1 -1 
995 647 71 76 0.13740377128124237 8 -1 -1 
710 209 99 57 0.13638976216316223 7 -1 -1 
974 683 69 63 0.13576528429985046 10 -1 -1 
1266 547 69 62 0.13351908326148987 7 -1 -1 
998 683 75 65 0.13141199946403503 8 -1 -1 
1245 22 84 44 0.13137009739875793 9 -1 -1 
582 163 25 38 0.13124236464500427 2 -1 -1 
1276 5 80 44 0.12966541945934296 5 -1 -1 
283 543 204 148 0.12904711067676544 5 -1 -1 
431 205 21 46 0.1289755403995514 1 -1 -1 
1087 68 91 50 0.12897133827209473 6 -1 -1 
1131 668 51 70 0.12835651636123657 1 -1 -1 
1274 552 71 67 0.12831926345825195 3 -1 -1 
1132 456 127 91 0.1279592365026474 5 -1 -1 
1175 605 69 62 0.12771391868591309 10 -1 -1 
972 643 81 61 0.12734709680080414 10 -1 -1 
1126 673 54 85 0.1266775131225586 10 -1 -1 
1292 673 64 71 0.1258196383714676 2 -1 -1 
1012 643 85 80 0.12502062320709229 8 -1 -1 
937 651 81 56 0.12291931360960007 10 -1 -1 
1184 688 82 69 0.12270303815603256 3 -1 -1 
1032 91 76 57 0.12007375806570053 8 -1 -1 
537 171 32 38 0.11940938979387283 1 -1 -1 
549 335 23 49 0.11728119850158691 1 -1 -1 
283 543 205 148 0.11695519089698792 1 -1 -1 
46 59 83 34 0.11620848625898361 4 -1 -1 
1169 50 82 44 0.1155855804681778 7 -1 -1 
995 631 148 107 0.05005798488855362 8 -1 -1 
