743 522 62 70 0.9496797919273376 4 -1 -1 
522 477 66 78 0.9299297332763672 4 -1 -1 
900 318 43 33 0.9296767115592957 4 -1 -1 
425 385 58 51 0.927360475063324 4 -1 -1 
279 532 113 96 0.9164603352546692 4 -1 -1 
177 631 133 132 0.911470353603363 4 -1 -1 
588 319 37 40 0.9108938574790955 4 -1 -1 
235 385 69 52 0.8980892300605774 4 -1 -1 
512 297 38 33 0.8627071380615234 4 -1 -1 
637 229 22 21 0.8625599145889282 4 -1 -1 
527 277 33 28 0.8604955673217773 4 -1 -1 
883 295 35 32 0.8568580150604248 4 -1 -1 
865 281 34 28 0.8562217950820923 4 -1 -1 
686 188 16 15 0.8193100094795227 4 -1 -1 
540 255 32 30 0.8138687014579773 4 -1 -1 
274 359 62 39 0.7912288308143616 4 -1 -1 
646 201 17 15 0.7847200036048889 4 -1 -1 
688 135 9 7 0.7800503373146057 4 -1 -1 
687 160 14 12 0.7775494456291199 4 -1 -1 
967 395 57 44 0.7726032137870789 4 -1 -1 
575 247 8 23 0.771977424621582 1 -1 -1 
927 348 53 40 0.7635259628295898 4 -1 -1 
635 208 20 20 0.7485059499740601 4 -1 -1 
714 267 27 25 0.7436774373054504 4 -1 -1 
625 478 63 88 0.7324912548065186 5 -1 -1 
909 337 12 33 0.7161564230918884 1 -1 -1 
737 341 15 27 0.7033536434173584 2 -1 -1 
632 153 11 9 0.6954275369644165 4 -1 -1 
711 140 18 28 0.6863886713981628 9 -1 -1 
619 222 8 16 0.6834965348243713 2 -1 -1 
619 227 9 14 0.68248450756073 10 -1 -1 
416 680 31 63 0.6809767484664917 2 -1 -1 
566 217 6 18 0.6516216993331909 1 -1 -1 
465 336 50 49 0.6500276327133179 4 -1 -1 
486 312 42 44 0.6472423672676086 4 -1 -1 
517 405 23 34 0.6407296657562256 10 -1 -1 
700 134 8 8 0.6396918296813965 4 -1 -1 
737 346 15 28 0.6367179155349731 10 -1 -1 
1224 700 139 65 0.6348778009414673 4 -1 -1 
320 330 44 37 0.6269664764404297 4 -1 -1 
634 145 11 9 0.6143823266029358 4 -1 -1 
518 395 18 34 0.6053407788276672 2 -1 -1 
331 314 50 30 0.5943038463592529 4 -1 -1 
648 190 16 16 0.5918712019920349 4 -1 -1 
266 704 113 60 0.5850979685783386 4 -1 -1 
418 700 31 60 0.5794065594673157 3 -1 -1 
672 126 9 8 0.56593257188797 4 -1 -1 
768 290 8 15 0.5651535987854004 3 -1 -1 
640 141 10 9 0.5625770688056946 4 -1 -1 
171 403 11 30 0.5478535294532776 1 -1 -1 
595 240 21 24 0.5461589694023132 4 -1 -1 
552 242 26 27 0.5450923442840576 4 -1 -1 
768 286 9 15 0.541682243347168 2 -1 -1 
671 141 9 8 0.5391980409622192 4 -1 -1 
628 156 11 10 0.5385804772377014 4 -1 -1 
1058 516 81 77 0.5371760725975037 4 -1 -1 
670 134 9 10 0.5249614715576172 5 -1 -1 
815 195 13 11 0.5174537301063538 4 -1 -1 
612 193 6 12 0.5057916641235352 2 -1 -1 
648 190 16 15 0.5030348300933838 5 -1 -1 
304 345 11 26 0.4971201419830322 1 -1 -1 
674 116 7 7 0.49573034048080444 4 -1 -1 
741 204 7 12 0.48735836148262024 2 -1 -1 
475 208 35 15 0.4865127205848694 4 -1 -1 
637 182 6 10 0.4643246531486511 2 -1 -1 
624 478 63 87 0.4636400640010834 4 -1 -1 
381 290 35 29 0.4601142108440399 4 -1 -1 
417 699 31 61 0.4540211856365204 10 -1 -1 
31 477 25 34 0.4426174461841583 2 -1 -1 
647 154 4 9 0.44261404871940613 1 -1 -1 
773 165 18 14 0.4424615800380707 4 -1 -1 
385 290 27 21 0.4390326738357544 4 -1 -1 
655 138 10 11 0.437290221452713 5 -1 -1 
764 154 19 10 0.43405142426490784 4 -1 -1 
637 184 6 12 0.43399715423583984 10 -1 -1 
633 149 11 10 0.4337371289730072 4 -1 -1 
647 154 4 9 0.4311025142669678 2 -1 -1 
671 137 9 11 0.428170770406723 5 -1 -1 
595 240 21 24 0.42675766348838806 5 -1 -1 
738 208 11 11 0.4241792857646942 10 -1 -1 
730 200 6 15 0.4201122522354126 1 -1 -1 
612 196 7 15 0.41246578097343445 3 -1 -1 
613 200 7 12 0.41108593344688416 3 -1 -1 
671 137 9 11 0.4084288775920868 4 -1 -1 
711 140 17 27 0.4077644646167755 8 -1 -1 
655 138 9 11 0.4018634259700775 4 -1 -1 
711 140 18 28 0.39849579334259033 6 -1 -1 
1152 606 78 82 0.39719974994659424 4 -1 -1 
670 135 9 9 0.39036792516708374 4 -1 -1 
1054 432 9 24 0.38553041219711304 1 -1 -1 
768 279 8 18 0.38193973898887634 2 -1 -1 
655 138 10 11 0.3817214071750641 6 -1 -1 
674 119 7 5 0.3815760612487793 4 -1 -1 
574 181 11 11 0.3770272731781006 4 -1 -1 
18 479 41 34 0.37588098645210266 2 -1 -1 
465 336 50 49 0.3757306635379791 5 -1 -1 
1060 517 76 67 0.3733356297016144 5 -1 -1 
329 304 11 21 0.3703947365283966 3 -1 -1 
688 113 12 16 0.36740875244140625 9 -1 -1 
385 290 27 21 0.3602425456047058 5 -1 -1 
612 196 7 14 0.35723477602005005 10 -1 -1 
560 170 12 12 0.35030320286750793 9 -1 -1 
320 322 61 47 0.35010358691215515 4 -1 -1 
790 170 26 14 0.3455115854740143 4 -1 -1 
1063 429 9 24 0.344083696603775 1 -1 -1 
397 276 35 18 0.3419683873653412 4 -1 -1 
645 135 8 7 0.3413216769695282 4 -1 -1 
381 289 35 30 0.3404969274997711 5 -1 -1 
637 185 6 11 0.3387729525566101 3 -1 -1 
673 121 7 6 0.33856141567230225 4 -1 -1 
1109 616 123 71 0.3384297490119934 4 -1 -1 
561 173 10 9 0.33643773198127747 4 -1 -1 
642 138 10 7 0.332530677318573 4 -1 -1 
290 324 11 30 0.33222538232803345 1 -1 -1 
394 252 28 18 0.32983139157295227 4 -1 -1 
1061 431 11 28 0.32817718386650085 1 -1 -1 
614 199 6 13 0.32706400752067566 10 -1 -1 
323 314 65 40 0.3269135653972626 4 -1 -1 
788 171 38 19 0.32687661051750183 6 -1 -1 
282 338 12 27 0.3227763772010803 1 -1 -1 
688 113 12 16 0.3218132555484772 6 -1 -1 
815 193 20 13 0.3185650408267975 4 -1 -1 
598 234 7 16 0.3167719542980194 1 -1 -1 
372 250 30 19 0.31646162271499634 4 -1 -1 
213 630 96 39 0.3142646849155426 4 -1 -1 
306 345 14 25 0.3140636384487152 1 -1 -1 
647 155 4 9 0.3125666379928589 10 -1 -1 
540 256 32 29 0.3119611144065857 5 -1 -1 
647 155 4 9 0.3116883337497711 3 -1 -1 
487 312 41 43 0.31076329946517944 5 -1 -1 
1 470 60 44 0.3060668408870697 7 -1 -1 
768 278 8 13 0.30564355850219727 2 -1 -1 
797 171 28 14 0.3011837601661682 6 -1 -1 
377 250 41 20 0.3001258671283722 4 -1 -1 
248 370 32 22 0.29519903659820557 3 -1 -1 
4 482 52 32 0.2940649390220642 10 -1 -1 
285 337 11 24 0.2917701303958893 1 -1 -1 
828 238 33 23 0.2917065918445587 10 -1 -1 
517 403 21 35 0.28779110312461853 2 -1 -1 
518 396 19 35 0.2822329103946686 10 -1 -1 
831 236 31 25 0.27898404002189636 4 -1 -1 
788 171 38 19 0.2574898302555084 4 -1 -1 
552 242 27 27 0.23603665828704834 5 -1 -1 
518 395 18 34 0.22319021821022034 1 -1 -1 
1049 515 107 99 0.21593882143497467 4 -1 -1 
785 166 34 18 0.20511877536773682 6 -1 -1 
0 553 56 61 0.1930835247039795 4 -1 -1 
1222 701 140 63 0.19024650752544403 5 -1 -1 
139 464 66 47 0.1871422678232193 4 -1 -1 
775 157 41 22 0.18610885739326477 6 -1 -1 
1 463 62 50 0.18289008736610413 8 -1 -1 
415 681 34 69 0.1818607747554779 10 -1 -1 
794 173 38 21 0.178538978099823 6 -1 -1 
279 557 52 73 0.17844779789447784 4 -1 -1 
415 681 34 69 0.17128777503967285 3 -1 -1 
415 678 34 65 0.1634424924850464 1 -1 -1 
1053 428 18 34 0.15916232764720917 1 -1 -1 
937 555 110 115 0.15803830325603485 4 -1 -1 
517 405 19 34 0.15149027109146118 3 -1 -1 
789 171 36 18 0.1511203497648239 5 -1 -1 
546 239 30 26 0.1508222371339798 4 -1 -1 
2 447 62 65 0.1491185575723648 7 -1 -1 
1126 509 133 64 0.14804020524024963 4 -1 -1 
816 188 37 19 0.14645862579345703 4 -1 -1 
156 461 69 47 0.14404553174972534 4 -1 -1 
1 552 41 81 0.1431029736995697 4 -1 -1 
212 631 98 37 0.14061322808265686 5 -1 -1 
886 295 33 33 0.14014554023742676 5 -1 -1 
926 348 55 42 0.1391114890575409 5 -1 -1 
905 332 19 37 0.13872720301151276 1 -1 -1 
711 139 20 30 0.1356193721294403 5 -1 -1 
0 550 75 49 0.13508526980876923 4 -1 -1 
178 630 133 133 0.1341102570295334 5 -1 -1 
552 242 27 27 0.1326298862695694 6 -1 -1 
320 322 61 47 0.13084127008914948 5 -1 -1 
0 553 75 76 0.1298038214445114 4 -1 -1 
1039 552 189 140 0.12903514504432678 6 -1 -1 
472 202 34 15 0.12727917730808258 4 -1 -1 
768 158 46 21 0.12652555108070374 4 -1 -1 
529 278 31 27 0.1256205290555954 5 -1 -1 
1048 520 133 145 0.12547308206558228 6 -1 -1 
1245 352 112 135 0.1252979338169098 5 -1 -1 
163 459 92 44 0.12496159970760345 4 -1 -1 
474 207 38 16 0.12122885137796402 5 -1 -1 
522 477 66 78 0.12076905369758606 5 -1 -1 
548 250 29 30 0.11979236453771591 4 -1 -1 
1 472 61 42 0.11970749497413635 3 -1 -1 
312 252 74 48 0.11569377034902573 6 -1 -1 
762 154 33 22 0.11555022746324539 4 -1 -1 
735 343 18 32 0.11378125846385956 3 -1 -1 
1123 578 106 110 0.11343938112258911 4 -1 -1 
828 238 33 23 0.11276034265756607 7 -1 -1 
323 314 67 43 0.1126384362578392 5 -1 -1 
1059 599 173 92 0.10980114340782166 4 -1 -1 
785 166 34 18 0.10931310057640076 4 -1 -1 
517 403 21 35 0.10860554128885269 1 -1 -1 
743 522 62 70 0.10811734944581985 9 -1 -1 
711 140 20 29 0.1067507192492485 7 -1 -1 
766 163 36 17 0.10598161816596985 4 -1 -1 
954 541 125 115 0.10581881552934647 4 -1 -1 
791 165 35 20 0.10574357956647873 6 -1 -1 
820 238 38 25 0.10549097508192062 4 -1 -1 
743 522 63 70 0.10472923517227173 1 -1 -1 
1058 604 172 91 0.10354681313037872 6 -1 -1 
1049 515 107 99 0.10136103630065918 5 -1 -1 
514 401 20 36 0.10052348673343658 10 -1 -1 
477 205 43 20 0.10046441107988358 4 -1 -1 
178 630 131 133 0.10012020170688629 1 -1 -1 
900 318 43 33 0.09908662736415863 1 -1 -1 
280 531 113 96 0.09865840524435043 1 -1 -1 
279 532 114 96 0.098227858543396 5 -1 -1 
743 522 62 70 0.09662549197673798 5 -1 -1 
425 384 58 51 0.09628124535083771 1 -1 -1 
522 477 66 78 0.09621666371822357 1 -1 -1 
236 385 67 50 0.09601431339979172 5 -1 -1 
178 630 132 133 0.09385322779417038 9 -1 -1 
1053 517 108 108 0.09345035254955292 6 -1 -1 
177 631 133 132 0.09132225066423416 10 -1 -1 
235 385 69 52 0.08869645744562149 1 -1 -1 
121 364 95 61 0.08789138495922089 6 -1 -1 
1235 353 122 106 0.08690129965543747 6 -1 -1 
522 477 66 78 0.0861777737736702 9 -1 -1 
736 342 17 32 0.08422691375017166 1 -1 -1 
771 156 45 22 0.0841391310095787 9 -1 -1 
710 139 20 30 0.08247195929288864 4 -1 -1 
279 532 114 96 0.08212681114673615 9 -1 -1 
785 166 34 18 0.08121942728757858 5 -1 -1 
1222 698 139 66 0.07802633196115494 9 -1 -1 
1222 702 138 63 0.0773770734667778 10 -1 -1 
1222 702 138 63 0.06449656933546066 1 -1 -1 
