502 247 80 56 0.985183596611023 5 -1 -1 
781 251 124 117 0.9698828458786011 6 -1 -1 
91 647 234 97 0.9591551423072815 4 -1 -1 
684 31 55 27 0.9527397751808167 5 -1 -1 
945 413 126 78 0.9443619847297668 4 -1 -1 
526 303 101 52 0.9438725709915161 4 -1 -1 
722 251 24 30 0.9388708472251892 3 -1 -1 
1214 334 23 30 0.9363922476768494 3 -1 -1 
959 646 125 62 0.9334211945533752 7 -1 -1 
124 396 31 51 0.9238766431808472 1 -1 -1 
1082 415 100 83 0.9138205647468567 4 -1 -1 
477 176 35 33 0.9085312485694885 4 -1 -1 
50 234 74 55 0.907642662525177 4 -1 -1 
481 148 35 31 0.9032685160636902 4 -1 -1 
534 135 68 30 0.871174693107605 4 -1 -1 
656 305 40 54 0.8705971240997314 8 -1 -1 
1203 432 133 91 0.8666777610778809 4 -1 -1 
680 71 57 24 0.861915647983551 4 -1 -1 
687 105 64 26 0.8595306277275085 4 -1 -1 
390 273 55 53 0.8548620939254761 4 -1 -1 
627 256 18 36 0.8534197807312012 1 -1 -1 
842 419 127 87 0.8518104553222656 4 -1 -1 
1007 319 15 26 0.8476093411445618 1 -1 -1 
153 362 51 34 0.8469788432121277 10 -1 -1 
713 330 26 42 0.8359323740005493 7 -1 -1 
-1 272 74 72 0.833588182926178 4 -1 -1 
1175 348 14 31 0.8317232728004456 1 -1 -1 
624 64 9 23 0.8296993374824524 1 -1 -1 
562 204 13 36 0.8052029013633728 1 -1 -1 
304 42 28 24 0.8033760786056519 4 -1 -1 
1139 268 19 29 0.7935094833374023 10 -1 -1 
811 188 11 30 0.7891326546669006 1 -1 -1 
706 164 23 20 0.7882442474365234 10 -1 -1 
573 207 10 32 0.7880134582519531 1 -1 -1 
823 151 26 19 0.7846195101737976 3 -1 -1 
949 162 11 31 0.7799497842788696 1 -1 -1 
1120 317 27 41 0.7798924446105957 10 -1 -1 
1189 340 17 42 0.7777796387672424 1 -1 -1 
983 238 16 36 0.7719541192054749 1 -1 -1 
1145 212 12 32 0.7519449591636658 1 -1 -1 
960 281 19 30 0.7504506707191467 10 -1 -1 
939 160 11 33 0.7504412531852722 1 -1 -1 
1205 289 24 26 0.7472426295280457 10 -1 -1 
630 26 7 19 0.7463330626487732 1 -1 -1 
1038 186 14 31 0.7459914088249207 1 -1 -1 
615 67 8 22 0.7431012988090515 1 -1 -1 
737 209 25 23 0.7404772043228149 10 -1 -1 
771 173 11 29 0.732082188129425 1 -1 -1 
601 222 11 38 0.7312867641448975 1 -1 -1 
904 155 12 32 0.7292960286140442 1 -1 -1 
715 227 24 22 0.7267997860908508 10 -1 -1 
698 190 26 22 0.7216329574584961 10 -1 -1 
318 156 12 23 0.7195557951927185 10 -1 -1 
318 150 12 23 0.7193453311920166 2 -1 -1 
929 228 14 35 0.7174009680747986 1 -1 -1 
664 19 45 17 0.7138986587524414 4 -1 -1 
903 208 23 19 0.7136667370796204 10 -1 -1 
1280 314 18 36 0.712441623210907 10 -1 -1 
639 8 6 18 0.7102892398834229 1 -1 -1 
899 230 15 32 0.7078984975814819 1 -1 -1 
736 186 27 18 0.7013248801231384 10 -1 -1 
771 261 25 31 0.7012560367584229 10 -1 -1 
167 351 22 37 0.6888599991798401 2 -1 -1 
693 137 28 20 0.6824826002120972 10 -1 -1 
465 208 43 46 0.674359142780304 4 -1 -1 
744 260 31 31 0.6672372817993164 10 -1 -1 
1119 263 19 31 0.6639125347137451 10 -1 -1 
697 242 27 26 0.6619203090667725 10 -1 -1 
534 124 68 25 0.6603507995605469 4 -1 -1 
817 243 31 25 0.6598034501075745 10 -1 -1 
486 124 30 28 0.6593060493469238 4 -1 -1 
1168 268 16 30 0.6587097644805908 10 -1 -1 
986 645 38 49 0.6549597382545471 2 -1 -1 
658 165 10 26 0.6523373126983643 1 -1 -1 
1234 290 14 35 0.6483148336410522 10 -1 -1 
1098 378 17 46 0.6473692655563354 1 -1 -1 
1099 286 17 29 0.6410455703735352 10 -1 -1 
1040 330 17 25 0.640626847743988 2 -1 -1 
1190 251 13 28 0.632759153842926 3 -1 -1 
679 182 28 18 0.6248992085456848 10 -1 -1 
896 191 21 20 0.6215993165969849 10 -1 -1 
1107 311 14 27 0.6150780320167542 10 -1 -1 
694 93 57 25 0.6140292882919312 4 -1 -1 
567 60 44 19 0.6082050800323486 4 -1 -1 
651 0 43 16 0.6036660075187683 4 -1 -1 
727 329 13 40 0.6028308272361755 1 -1 -1 
702 11 8 17 0.6022194027900696 1 -1 -1 
777 158 25 20 0.5987133979797363 3 -1 -1 
662 13 45 17 0.5975597500801086 4 -1 -1 
663 176 9 26 0.5928061604499817 1 -1 -1 
1039 331 20 30 0.5889260768890381 10 -1 -1 
243 48 12 19 0.5883887410163879 2 -1 -1 
655 9 45 18 0.585834801197052 4 -1 -1 
243 54 16 17 0.5842373967170715 10 -1 -1 
1060 293 26 23 0.5784967541694641 10 -1 -1 
549 97 64 30 0.5766263604164124 4 -1 -1 
744 70 10 27 0.5712240934371948 1 -1 -1 
669 165 23 19 0.569532036781311 10 -1 -1 
777 228 30 25 0.5648337602615356 10 -1 -1 
1072 289 15 27 0.5640590786933899 10 -1 -1 
845 169 22 19 0.5577005743980408 3 -1 -1 
1047 306 21 28 0.5463573336601257 3 -1 -1 
691 57 45 19 0.5418034791946411 4 -1 -1 
1310 443 24 47 0.5374399423599243 1 -1 -1 
672 135 24 21 0.5317028760910034 10 -1 -1 
903 231 13 32 0.5307281613349915 1 -1 -1 
653 5 44 18 0.5305206179618835 4 -1 -1 
879 183 19 22 0.525606095790863 10 -1 -1 
835 224 29 23 0.5237423777580261 10 -1 -1 
440 717 45 47 0.521957516670227 2 -1 -1 
1059 314 17 39 0.519327700138092 2 -1 -1 
1002 179 16 35 0.5138782262802124 1 -1 -1 
963 170 11 28 0.5102896094322205 1 -1 -1 
1005 213 12 35 0.5096525549888611 1 -1 -1 
699 315 17 35 0.5091912150382996 2 -1 -1 
622 0 6 15 0.5039326548576355 1 -1 -1 
1266 262 19 31 0.5031178593635559 10 -1 -1 
782 251 123 117 0.4901520311832428 8 -1 -1 
783 204 23 22 0.48914387822151184 10 -1 -1 
762 223 23 20 0.48879945278167725 10 -1 -1 
846 167 19 21 0.4864368438720703 10 -1 -1 
699 190 25 22 0.4832979738712311 3 -1 -1 
914 194 20 20 0.4784735143184662 10 -1 -1 
807 222 26 22 0.47669917345046997 10 -1 -1 
439 718 46 47 0.4736192524433136 1 -1 -1 
696 329 23 31 0.4725172519683838 10 -1 -1 
777 143 10 23 0.47041332721710205 1 -1 -1 
684 62 51 23 0.4639698266983032 4 -1 -1 
160 353 36 40 0.4627671539783478 2 -1 -1 
828 223 27 23 0.4621557891368866 10 -1 -1 
685 24 37 16 0.45630893111228943 4 -1 -1 
775 152 20 19 0.45440417528152466 3 -1 -1 
781 251 123 117 0.45398932695388794 5 -1 -1 
832 168 23 18 0.45364052057266235 10 -1 -1 
772 205 22 21 0.45328488945961 10 -1 -1 
735 73 9 24 0.4532186686992645 1 -1 -1 
777 143 10 23 0.44781970977783203 2 -1 -1 
1097 394 20 38 0.4459678530693054 1 -1 -1 
846 226 18 23 0.44408315420150757 10 -1 -1 
601 0 7 14 0.4375220835208893 1 -1 -1 
493 99 28 30 0.4293394684791565 5 -1 -1 
655 194 10 20 0.42868563532829285 2 -1 -1 
655 194 10 19 0.4283449351787567 1 -1 -1 
750 164 24 17 0.4272746443748474 10 -1 -1 
676 178 29 18 0.4253307580947876 10 -1 -1 
735 125 13 28 0.4231802523136139 1 -1 -1 
795 177 13 27 0.41949033737182617 2 -1 -1 
1059 316 20 38 0.41029220819473267 10 -1 -1 
243 53 14 17 0.4074440598487854 2 -1 -1 
160 353 36 40 0.40737634897232056 10 -1 -1 
650 11 6 16 0.40553396940231323 1 -1 -1 
978 175 14 32 0.39967960119247437 1 -1 -1 
1341 267 18 21 0.3995298147201538 3 -1 -1 
515 206 24 41 0.3839513063430786 10 -1 -1 
713 331 25 41 0.3583790063858032 10 -1 -1 
959 646 125 62 0.34841102361679077 8 -1 -1 
1044 325 37 33 0.34190598130226135 10 -1 -1 
1059 314 19 40 0.3387117385864258 1 -1 -1 
959 646 125 62 0.33857399225234985 3 -1 -1 
722 328 18 43 0.26477983593940735 2 -1 -1 
502 247 80 56 0.2566765546798706 8 -1 -1 
697 315 20 39 0.2457699179649353 1 -1 -1 
502 247 80 56 0.24565108120441437 4 -1 -1 
713 330 26 42 0.24260613322257996 2 -1 -1 
679 183 40 23 0.23997268080711365 10 -1 -1 
713 330 26 42 0.23951919376850128 8 -1 -1 
655 8 43 18 0.23605206608772278 5 -1 -1 
653 4 43 17 0.23458296060562134 5 -1 -1 
1040 320 26 38 0.23392894864082336 10 -1 -1 
650 0 45 17 0.22856120765209198 5 -1 -1 
0 273 73 71 0.2251662015914917 5 -1 -1 
502 247 80 56 0.21845941245555878 10 -1 -1 
745 153 32 30 0.21832306683063507 10 -1 -1 
696 324 23 34 0.2155054360628128 2 -1 -1 
566 60 45 19 0.21403270959854126 5 -1 -1 
688 186 36 25 0.21377386152744293 10 -1 -1 
958 646 125 61 0.21354857087135315 2 -1 -1 
1046 304 28 32 0.2045736461877823 10 -1 -1 
679 29 46 15 0.2018764317035675 5 -1 -1 
773 152 32 28 0.1974150687456131 3 -1 -1 
1046 318 33 38 0.1936475783586502 2 -1 -1 
558 3 40 20 0.19234266877174377 4 -1 -1 
782 251 123 117 0.1921497881412506 7 -1 -1 
713 329 27 43 0.19147714972496033 1 -1 -1 
1053 292 32 35 0.1900254786014557 10 -1 -1 
539 91 76 36 0.18975935876369476 5 -1 -1 
1045 308 29 35 0.18862640857696533 3 -1 -1 
695 327 26 33 0.1875586062669754 7 -1 -1 
1047 309 29 41 0.1849215179681778 10 -1 -1 
732 178 32 27 0.18337704241275787 10 -1 -1 
665 23 50 16 0.17086146771907806 4 -1 -1 
502 247 80 56 0.16981901228427887 7 -1 -1 
671 172 37 23 0.16820400953292847 10 -1 -1 
827 156 35 27 0.16704432666301727 3 -1 -1 
685 31 47 18 0.16444382071495056 4 -1 -1 
1057 321 25 35 0.16213145852088928 2 -1 -1 
1040 320 26 38 0.15851856768131256 2 -1 -1 
663 18 45 18 0.158497154712677 5 -1 -1 
658 12 47 18 0.15733954310417175 5 -1 -1 
772 200 34 29 0.15523064136505127 10 -1 -1 
92 647 232 97 0.1515594720840454 9 -1 -1 
696 325 25 34 0.14935970306396484 1 -1 -1 
703 232 35 29 0.14764225482940674 10 -1 -1 
1178 341 23 41 0.14740897715091705 1 -1 -1 
1105 305 18 35 0.14523950219154358 10 -1 -1 
91 647 234 97 0.14492778480052948 1 -1 -1 
515 206 24 42 0.14364586770534515 3 -1 -1 
437 714 69 51 0.14064423739910126 2 -1 -1 
959 645 125 63 0.14043627679347992 6 -1 -1 
502 248 80 55 0.13980114459991455 2 -1 -1 
999 178 21 37 0.13965027034282684 2 -1 -1 
827 156 35 27 0.13907431066036224 10 -1 -1 
709 228 32 27 0.13873781263828278 10 -1 -1 
655 291 45 70 0.1386810541152954 7 -1 -1 
502 247 80 56 0.13747605681419373 6 -1 -1 
666 167 37 24 0.13703304529190063 10 -1 -1 
958 645 124 61 0.13337364792823792 1 -1 -1 
722 328 18 43 0.13276530802249908 7 -1 -1 
671 172 37 23 0.13053293526172638 3 -1 -1 
560 4 40 21 0.1302512288093567 5 -1 -1 
672 23 46 18 0.12776906788349152 5 -1 -1 
526 303 102 53 0.12734223902225494 5 -1 -1 
1039 327 22 35 0.12683257460594177 2 -1 -1 
1213 332 25 32 0.12572962045669556 1 -1 -1 
697 315 20 39 0.12484078854322433 10 -1 -1 
1046 318 33 38 0.1244092732667923 1 -1 -1 
781 251 124 117 0.12431386113166809 2 -1 -1 
722 328 18 43 0.12398863583803177 10 -1 -1 
699 321 32 39 0.12289270758628845 7 -1 -1 
713 330 26 42 0.12276655435562134 3 -1 -1 
561 11 39 25 0.12189362198114395 4 -1 -1 
668 166 36 25 0.12183834612369537 3 -1 -1 
831 161 34 28 0.12164612859487534 10 -1 -1 
1131 264 25 33 0.12150698900222778 10 -1 -1 
1049 306 27 34 0.12104872614145279 2 -1 -1 
676 179 36 22 0.12085921317338943 3 -1 -1 
526 303 101 53 0.12057051807641983 1 -1 -1 
1051 301 31 33 0.11913594603538513 10 -1 -1 
902 204 31 25 0.1184476986527443 10 -1 -1 
1185 248 23 32 0.11844208836555481 3 -1 -1 
1053 310 24 40 0.1180889755487442 3 -1 -1 
51 234 73 55 0.11561135202646255 5 -1 -1 
1121 261 27 34 0.11555124074220657 10 -1 -1 
745 153 31 29 0.11372044682502747 3 -1 -1 
745 153 31 29 0.1107882633805275 7 -1 -1 
841 417 130 90 0.10909947752952576 5 -1 -1 
541 91 73 36 0.10882662981748581 9 -1 -1 
831 162 35 25 0.10630632191896439 3 -1 -1 
696 324 23 34 0.1056818887591362 8 -1 -1 
679 183 40 23 0.10565458238124847 3 -1 -1 
959 646 125 62 0.1050143837928772 9 -1 -1 
1057 307 23 38 0.10460050404071808 2 -1 -1 
1049 296 34 35 0.10442733764648438 3 -1 -1 
1120 317 27 41 0.1037745252251625 4 -1 -1 
781 251 123 117 0.09542878717184067 4 -1 -1 
782 251 123 117 0.09281256794929504 10 -1 -1 
781 251 123 117 0.09160073101520538 9 -1 -1 
782 251 123 117 0.08442427963018417 3 -1 -1 
1200 431 138 91 0.07818512618541718 9 -1 -1 
781 251 124 117 0.07345010340213776 1 -1 -1 
1200 431 138 91 0.06412236392498016 5 -1 -1 
