747 182 28 22 0.992130696773529 3 -1 -1 
471 153 74 68 0.984907865524292 6 -1 -1 
719 303 186 139 0.9840176701545715 6 -1 -1 
450 348 93 101 0.9468588829040527 4 -1 -1 
602 235 82 54 0.9463181495666504 4 -1 -1 
294 209 60 48 0.924396276473999 4 -1 -1 
226 138 21 30 0.9156484603881836 8 -1 -1 
642 172 84 35 0.9154147505760193 4 -1 -1 
549 84 38 23 0.8883907794952393 6 -1 -1 
0 186 75 40 0.8812249898910522 4 -1 -1 
412 107 36 24 0.8782976865768433 4 -1 -1 
601 145 68 29 0.8779024481773376 4 -1 -1 
691 250 99 66 0.8756807446479797 4 -1 -1 
298 87 41 33 0.8730126023292542 6 -1 -1 
495 101 50 20 0.8499529361724854 4 -1 -1 
221 90 22 23 0.8457999229431152 4 -1 -1 
257 120 55 27 0.8411819338798523 4 -1 -1 
414 86 25 19 0.8316585421562195 4 -1 -1 
340 142 34 29 0.8311343193054199 4 -1 -1 
622 77 36 20 0.8305465579032898 4 -1 -1 
305 25 13 11 0.7963558435440063 4 -1 -1 
599 133 10 24 0.7889965176582336 1 -1 -1 
628 158 71 30 0.7807561755180359 4 -1 -1 
352 110 60 31 0.7807503342628479 4 -1 -1 
262 69 22 23 0.7803267240524292 4 -1 -1 
246 31 14 12 0.7709767818450928 4 -1 -1 
292 33 14 11 0.7696853280067444 4 -1 -1 
315 53 15 13 0.7680990695953369 4 -1 -1 
593 116 58 29 0.7656470537185669 4 -1 -1 
241 9 9 9 0.7647679448127747 4 -1 -1 
257 20 9 9 0.7474918365478516 4 -1 -1 
335 60 19 16 0.7355616092681885 4 -1 -1 
349 38 18 14 0.7307441830635071 4 -1 -1 
724 166 26 23 0.7296246290206909 10 -1 -1 
297 16 9 9 0.7252321243286133 4 -1 -1 
226 50 8 14 0.712444007396698 1 -1 -1 
530 145 12 26 0.7009139060974121 1 -1 -1 
394 95 7 12 0.6997324228286743 2 -1 -1 
632 110 59 27 0.6955094337463379 4 -1 -1 
171 28 13 11 0.6882203817367554 4 -1 -1 
651 188 11 32 0.6879854798316956 1 -1 -1 
336 24 12 9 0.6834837794303894 4 -1 -1 
392 98 11 15 0.6791622042655945 10 -1 -1 
576 85 36 20 0.6749719977378845 4 -1 -1 
146 72 21 25 0.6621387004852295 5 -1 -1 
346 30 12 12 0.6619083881378174 4 -1 -1 
279 13 9 9 0.6610565781593323 4 -1 -1 
471 153 74 70 0.6594791412353516 9 -1 -1 
242 1 9 6 0.6502491235733032 4 -1 -1 
510 74 7 17 0.6448799967765808 1 -1 -1 
183 23 24 9 0.6327319741249084 4 -1 -1 
163 16 11 9 0.6249284148216248 4 -1 -1 
450 170 11 25 0.6226521134376526 2 -1 -1 
512 85 36 23 0.6223143339157104 4 -1 -1 
549 84 38 23 0.6130143404006958 4 -1 -1 
447 65 35 18 0.6119964122772217 5 -1 -1 
469 150 77 73 0.6073146462440491 7 -1 -1 
593 83 37 18 0.5933987498283386 4 -1 -1 
392 98 11 15 0.5917181372642517 7 -1 -1 
227 138 20 30 0.5797914862632751 7 -1 -1 
138 498 37 40 0.5710009336471558 2 -1 -1 
278 8 7 7 0.5691077709197998 4 -1 -1 
887 333 63 40 0.5519988536834717 7 -1 -1 
262 3 7 6 0.5484551191329956 4 -1 -1 
791 272 48 34 0.5481006503105164 10 -1 -1 
296 11 8 7 0.52577143907547 4 -1 -1 
263 9 6 7 0.5217949151992798 8 -1 -1 
450 179 12 21 0.5096281170845032 3 -1 -1 
169 21 24 10 0.5057652592658997 4 -1 -1 
146 72 21 24 0.48075470328330994 4 -1 -1 
450 179 12 21 0.4766019582748413 10 -1 -1 
318 23 5 9 0.4753453731536865 1 -1 -1 
791 270 49 38 0.4648030400276184 7 -1 -1 
234 3 3 8 0.46479591727256775 1 -1 -1 
236 15 5 7 0.4595610201358795 2 -1 -1 
139 499 38 40 0.44787904620170593 10 -1 -1 
236 15 5 7 0.4346603751182556 10 -1 -1 
224 3 4 8 0.42139655351638794 1 -1 -1 
112 55 7 16 0.4045952558517456 1 -1 -1 
747 182 28 22 0.402643084526062 7 -1 -1 
296 14 9 9 0.4002736210823059 4 -1 -1 
747 182 28 22 0.3980351388454437 9 -1 -1 
299 87 40 34 0.3950638771057129 5 -1 -1 
747 182 28 22 0.39339959621429443 4 -1 -1 
349 35 15 11 0.37645187973976135 4 -1 -1 
117 40 7 14 0.36919498443603516 1 -1 -1 
165 3 18 7 0.36770910024642944 4 -1 -1 
392 97 11 15 0.3670583665370941 2 -1 -1 
258 0 6 5 0.3575378954410553 4 -1 -1 
619 131 10 20 0.35512492060661316 1 -1 -1 
512 84 36 23 0.35413625836372375 5 -1 -1 
279 10 8 8 0.3531164824962616 4 -1 -1 
263 10 6 6 0.3527067303657532 7 -1 -1 
471 153 75 68 0.34704577922821045 8 -1 -1 
348 33 13 11 0.3406088054180145 4 -1 -1 
234 3 3 8 0.340600848197937 2 -1 -1 
236 14 4 6 0.3397998511791229 2 -1 -1 
296 12 8 8 0.3378996253013611 5 -1 -1 
719 140 15 29 0.33396387100219727 1 -1 -1 
118 40 6 13 0.3243359327316284 2 -1 -1 
337 58 15 13 0.3202360272407532 4 -1 -1 
665 111 43 25 0.31950831413269043 4 -1 -1 
138 499 38 40 0.31872978806495667 1 -1 -1 
616 124 15 24 0.3183726966381073 1 -1 -1 
483 94 14 11 0.31650811433792114 3 -1 -1 
169 23 18 10 0.31379932165145874 4 -1 -1 
352 110 60 32 0.3135073184967041 5 -1 -1 
312 1 3 7 0.31036296486854553 1 -1 -1 
447 66 35 17 0.3098085820674896 6 -1 -1 
261 1 6 5 0.30952879786491394 4 -1 -1 
593 115 58 29 0.30245211720466614 5 -1 -1 
450 170 11 25 0.292128324508667 1 -1 -1 
471 153 75 68 0.291831910610199 5 -1 -1 
361 34 7 13 0.2910897433757782 1 -1 -1 
312 1 3 7 0.2855307161808014 2 -1 -1 
227 2 5 5 0.28517934679985046 4 -1 -1 
296 8 7 7 0.2849615812301636 4 -1 -1 
166 3 18 8 0.2806854546070099 5 -1 -1 
420 60 19 12 0.27735933661460876 10 -1 -1 
226 138 21 30 0.2766950726509094 4 -1 -1 
234 4 3 8 0.27569884061813354 3 -1 -1 
298 9 6 7 0.27369457483291626 4 -1 -1 
319 22 4 10 0.2724178731441498 2 -1 -1 
353 41 14 12 0.27225401997566223 4 -1 -1 
236 15 5 7 0.27006328105926514 7 -1 -1 
350 38 16 14 0.2693919837474823 5 -1 -1 
202 2 7 5 0.2674122452735901 4 -1 -1 
230 138 15 22 0.26473867893218994 2 -1 -1 
175 1 15 6 0.26393356919288635 4 -1 -1 
576 85 20 17 0.26221227645874023 4 -1 -1 
887 333 63 40 0.25971242785453796 8 -1 -1 
887 334 64 39 0.25836217403411865 10 -1 -1 
655 86 7 16 0.25445258617401123 1 -1 -1 
234 4 3 8 0.25435611605644226 10 -1 -1 
201 2 7 5 0.2458859086036682 4 -1 -1 
262 2 7 7 0.2447921186685562 5 -1 -1 
654 88 9 15 0.24406404793262482 3 -1 -1 
163 16 11 9 0.24359726905822754 5 -1 -1 
655 86 7 16 0.23958547413349152 2 -1 -1 
182 23 25 10 0.2387981414794922 6 -1 -1 
447 66 35 17 0.23782402276992798 4 -1 -1 
351 34 16 10 0.23768478631973267 4 -1 -1 
224 3 4 8 0.23675768077373505 2 -1 -1 
346 30 12 12 0.23520618677139282 5 -1 -1 
621 155 64 28 0.23012761771678925 4 -1 -1 
404 54 11 14 0.2295266091823578 10 -1 -1 
224 1 6 7 0.2272956371307373 4 -1 -1 
166 3 18 8 0.224561408162117 6 -1 -1 
481 93 9 12 0.22430123388767242 3 -1 -1 
655 87 10 15 0.2241106778383255 10 -1 -1 
394 95 7 11 0.22396951913833618 1 -1 -1 
656 85 10 16 0.22349640727043152 1 -1 -1 
472 158 19 27 0.2169381082057953 2 -1 -1 
718 303 187 139 0.21231327950954437 5 -1 -1 
634 165 72 31 0.20745067298412323 4 -1 -1 
227 138 20 30 0.20566008985042572 2 -1 -1 
747 182 28 22 0.19781216979026794 8 -1 -1 
549 85 38 21 0.19756275415420532 5 -1 -1 
471 153 74 69 0.1970529705286026 3 -1 -1 
567 83 30 21 0.18996073305606842 4 -1 -1 
420 54 26 18 0.18629509210586548 10 -1 -1 
494 100 51 21 0.18294087052345276 5 -1 -1 
227 138 20 30 0.18229496479034424 3 -1 -1 
719 302 187 140 0.17910243570804596 4 -1 -1 
525 147 17 30 0.1784011721611023 1 -1 -1 
420 53 33 18 0.17798946797847748 4 -1 -1 
748 182 27 21 0.1716950535774231 2 -1 -1 
262 69 23 24 0.1632755547761917 5 -1 -1 
470 162 17 27 0.1621640920639038 2 -1 -1 
446 65 36 18 0.16025876998901367 9 -1 -1 
549 84 38 23 0.15487580001354218 7 -1 -1 
227 138 20 30 0.15459957718849182 1 -1 -1 
509 150 25 26 0.14234814047813416 1 -1 -1 
691 249 99 67 0.14091625809669495 5 -1 -1 
747 182 28 22 0.13885843753814697 10 -1 -1 
471 153 74 69 0.13749097287654877 2 -1 -1 
719 302 187 140 0.13566671311855316 7 -1 -1 
471 157 34 39 0.1354740709066391 8 -1 -1 
221 90 22 23 0.130262553691864 5 -1 -1 
627 158 72 30 0.13014081120491028 5 -1 -1 
666 110 63 31 0.12928545475006104 4 -1 -1 
471 153 75 68 0.12902796268463135 4 -1 -1 
226 138 21 30 0.12733325362205505 5 -1 -1 
471 153 74 69 0.1270792931318283 10 -1 -1 
631 111 58 26 0.1252475380897522 5 -1 -1 
146 72 21 24 0.1236831396818161 6 -1 -1 
747 182 28 22 0.12301639467477798 1 -1 -1 
602 235 82 55 0.12120144814252853 9 -1 -1 
509 150 25 26 0.1203271746635437 2 -1 -1 
471 157 34 39 0.1182994470000267 7 -1 -1 
518 148 21 31 0.11358542740345001 1 -1 -1 
512 84 36 23 0.11267682909965515 8 -1 -1 
449 170 13 27 0.11257230490446091 3 -1 -1 
414 86 26 19 0.11148159950971603 5 -1 -1 
450 348 93 101 0.11077801883220673 9 -1 -1 
82 105 21 17 0.11069455742835999 10 -1 -1 
642 172 84 35 0.10900238156318665 5 -1 -1 
642 172 84 35 0.10877668112516403 1 -1 -1 
621 114 61 29 0.1083187609910965 4 -1 -1 
472 157 19 25 0.10611139982938766 3 -1 -1 
602 235 82 54 0.10596668720245361 1 -1 -1 
294 210 59 47 0.10579736530780792 5 -1 -1 
719 303 186 139 0.10552924871444702 10 -1 -1 
567 83 30 21 0.1047166958451271 6 -1 -1 
0 186 75 40 0.10311128944158554 5 -1 -1 
719 302 187 140 0.10276653617620468 8 -1 -1 
511 91 38 22 0.10171535611152649 4 -1 -1 
450 348 93 102 0.09925497323274612 5 -1 -1 
450 349 93 101 0.09911853075027466 1 -1 -1 
718 303 187 139 0.0989542007446289 9 -1 -1 
169 21 28 11 0.09829956293106079 6 -1 -1 
298 86 41 35 0.09770535677671432 4 -1 -1 
765 302 145 100 0.09698331356048584 6 -1 -1 
579 35 36 53 0.09558268636465073 6 -1 -1 
501 151 30 28 0.09487316757440567 4 -1 -1 
514 153 21 29 0.0948142260313034 1 -1 -1 
758 181 19 23 0.09474833309650421 3 -1 -1 
605 113 64 27 0.09386923164129257 4 -1 -1 
470 161 15 29 0.09337297827005386 1 -1 -1 
420 53 33 18 0.09271451085805893 5 -1 -1 
444 56 38 18 0.09241217374801636 4 -1 -1 
412 107 36 24 0.09160449355840683 5 -1 -1 
602 145 68 29 0.09157537668943405 1 -1 -1 
593 116 58 28 0.08966433256864548 6 -1 -1 
469 161 17 25 0.08961090445518494 3 -1 -1 
439 61 42 20 0.08882685750722885 4 -1 -1 
226 138 21 30 0.08797220885753632 10 -1 -1 
485 146 63 52 0.082187719643116 6 -1 -1 
471 152 75 69 0.08123509585857391 1 -1 -1 
487 191 58 36 0.0779600515961647 9 -1 -1 
485 146 63 52 0.07762857526540756 9 -1 -1 
719 302 187 140 0.07493868470191956 2 -1 -1 
719 303 186 139 0.06268392503261566 1 -1 -1 
475 149 69 36 0.056483350694179535 6 -1 -1 
430 56 54 26 0.054994843900203705 5 -1 -1 
495 88 54 29 0.05252843722701073 4 -1 -1 
719 302 187 140 0.05044296011328697 3 -1 -1 
