101 249 29 55 0.9544711112976074 5 -1 -1 
361 515 25 52 0.9255290031433105 4 -1 -1 
1059 337 49 24 0.9240599870681763 4 -1 -1 
165 343 55 23 0.917644202709198 4 -1 -1 
604 217 21 49 0.9170331954956055 4 -1 -1 
693 631 29 76 0.9156067967414856 9 -1 -1 
627 119 21 47 0.9127961993217468 4 -1 -1 
436 601 26 55 0.9057567119598389 4 -1 -1 
1055 23 48 25 0.9011040329933167 4 -1 -1 
399 191 26 53 0.897243082523346 4 -1 -1 
604 10 21 47 0.895606517791748 4 -1 -1 
472 719 23 44 0.8945052623748779 4 -1 -1 
108 195 20 37 0.8403421640396118 4 -1 -1 
561 579 25 51 0.8132684826850891 4 -1 -1 
1026 61 43 40 0.8096808195114136 4 -1 -1 
638 203 9 21 0.804215669631958 10 -1 -1 
369 457 25 51 0.8009665608406067 4 -1 -1 
694 284 11 22 0.7960059642791748 10 -1 -1 
461 339 48 37 0.7674416303634644 4 -1 -1 
743 0 23 37 0.763115406036377 4 -1 -1 
377 263 38 47 0.7583402991294861 4 -1 -1 
711 445 24 46 0.7582549452781677 4 -1 -1 
580 297 24 47 0.7578670978546143 4 -1 -1 
0 329 36 19 0.7556106448173523 4 -1 -1 
652 213 9 17 0.7397955060005188 10 -1 -1 
886 698 29 51 0.7354575991630554 4 -1 -1 
72 170 29 51 0.7240182757377625 4 -1 -1 
400 138 7 14 0.686745285987854 1 -1 -1 
706 352 8 13 0.6448654532432556 1 -1 -1 
376 647 9 8 0.5910701155662537 1 -1 -1 
397 648 9 8 0.590673565864563 1 -1 -1 
1069 290 19 9 0.5775191187858582 3 -1 -1 
342 296 17 10 0.5482439398765564 10 -1 -1 
729 134 7 12 0.5465476512908936 1 -1 -1 
387 652 8 7 0.5452645421028137 1 -1 -1 
314 308 8 9 0.5267410278320312 1 -1 -1 
363 59 10 18 0.5234871506690979 10 -1 -1 
1062 300 19 10 0.5160009860992432 10 -1 -1 
926 328 10 14 0.48751044273376465 1 -1 -1 
810 23 14 27 0.47229626774787903 8 -1 -1 
1103 63 24 41 0.4545643627643585 6 -1 -1 
1102 513 10 16 0.4346761405467987 8 -1 -1 
100 248 30 57 0.42687734961509705 4 -1 -1 
1069 263 20 10 0.38472259044647217 10 -1 -1 
349 139 8 16 0.38171669840812683 1 -1 -1 
186 30 7 8 0.378316193819046 1 -1 -1 
653 214 7 9 0.37765270471572876 2 -1 -1 
363 59 10 18 0.3692013621330261 3 -1 -1 
366 597 13 8 0.3662482500076294 1 -1 -1 
73 171 28 50 0.35304608941078186 5 -1 -1 
1062 300 18 10 0.34759458899497986 3 -1 -1 
365 596 8 9 0.34731876850128174 1 -1 -1 
1103 63 24 41 0.325056791305542 4 -1 -1 
887 699 28 50 0.3140106201171875 5 -1 -1 
376 645 11 8 0.31130608916282654 1 -1 -1 
39 153 8 11 0.31019097566604614 1 -1 -1 
827 716 8 19 0.3098045587539673 1 -1 -1 
1073 235 19 11 0.30819839239120483 10 -1 -1 
706 352 8 13 0.30755382776260376 3 -1 -1 
371 598 8 7 0.29968518018722534 1 -1 -1 
810 23 14 27 0.29800933599472046 7 -1 -1 
694 284 11 22 0.29615139961242676 7 -1 -1 
810 22 15 29 0.2918517589569092 6 -1 -1 
581 297 22 47 0.2917334735393524 5 -1 -1 
746 527 35 77 0.289869099855423 6 -1 -1 
1104 523 8 7 0.2893434762954712 1 -1 -1 
1110 514 6 7 0.2817137837409973 1 -1 -1 
717 374 20 45 0.27912965416908264 4 -1 -1 
61 306 21 14 0.27297672629356384 1 -1 -1 
696 285 9 12 0.2691577970981598 2 -1 -1 
638 207 9 18 0.2686050832271576 2 -1 -1 
461 339 48 38 0.2651863396167755 5 -1 -1 
1183 155 10 8 0.2644425332546234 1 -1 -1 
693 613 41 93 0.2644385099411011 9 -1 -1 
363 59 9 12 0.2623561918735504 2 -1 -1 
1103 63 24 41 0.25738322734832764 7 -1 -1 
808 483 46 26 0.25302785634994507 6 -1 -1 
365 594 12 10 0.25140896439552307 1 -1 -1 
561 579 25 51 0.250221312046051 5 -1 -1 
177 36 5 6 0.24509452283382416 1 -1 -1 
338 516 12 24 0.24260304868221283 6 -1 -1 
1072 300 8 9 0.23997381329536438 1 -1 -1 
1137 271 19 28 0.23649586737155914 4 -1 -1 
150 212 10 10 0.23364877700805664 1 -1 -1 
248 46 6 8 0.23288820683956146 1 -1 -1 
1103 520 9 10 0.22963660955429077 8 -1 -1 
819 190 10 7 0.22954243421554565 1 -1 -1 
40 154 7 17 0.2292814403772354 1 -1 -1 
1102 513 10 16 0.22871306538581848 7 -1 -1 
1073 235 19 11 0.22808587551116943 1 -1 -1 
711 463 22 28 0.2278681844472885 4 -1 -1 
694 286 11 21 0.22677360475063324 2 -1 -1 
1301 461 5 9 0.2266794890165329 1 -1 -1 
924 330 10 12 0.22639402747154236 1 -1 -1 
743 0 23 37 0.22264891862869263 5 -1 -1 
1069 290 19 9 0.22035402059555054 10 -1 -1 
309 296 14 8 0.21894627809524536 1 -1 -1 
1069 263 14 8 0.21686510741710663 10 -1 -1 
6 265 10 13 0.21475714445114136 1 -1 -1 
119 196 17 36 0.2146085798740387 4 -1 -1 
379 645 8 6 0.21383407711982727 1 -1 -1 
38 154 7 7 0.21024596691131592 1 -1 -1 
1118 508 16 9 0.20899955928325653 10 -1 -1 
693 631 29 76 0.20895539224147797 5 -1 -1 
1118 508 16 9 0.20792743563652039 1 -1 -1 
41 153 11 12 0.20708127319812775 1 -1 -1 
316 308 8 9 0.20626157522201538 1 -1 -1 
1104 522 8 8 0.206082284450531 2 -1 -1 
639 204 8 13 0.20258904993534088 2 -1 -1 
36 153 9 10 0.2002803534269333 1 -1 -1 
1063 300 18 10 0.1989482343196869 1 -1 -1 
40 158 6 6 0.19664885103702545 1 -1 -1 
7 270 10 9 0.19639858603477478 1 -1 -1 
6 264 8 12 0.19572411477565765 1 -1 -1 
693 612 39 95 0.19375130534172058 4 -1 -1 
700 523 81 180 0.19302792847156525 9 -1 -1 
819 188 9 8 0.1909901648759842 1 -1 -1 
81 135 12 20 0.1901347041130066 1 -1 -1 
364 59 9 18 0.18898695707321167 1 -1 -1 
335 512 15 29 0.18708358705043793 9 -1 -1 
338 518 12 22 0.18703429400920868 5 -1 -1 
693 631 29 75 0.1836705505847931 4 -1 -1 
223 70 5 7 0.18123702704906464 1 -1 -1 
0 329 36 20 0.18071036040782928 5 -1 -1 
349 139 8 16 0.17986595630645752 10 -1 -1 
710 435 25 56 0.17947058379650116 5 -1 -1 
1071 300 10 9 0.17893950641155243 2 -1 -1 
640 203 6 10 0.17880399525165558 2 -1 -1 
369 457 25 52 0.17843839526176453 6 -1 -1 
349 139 8 7 0.17783938348293304 1 -1 -1 
727 524 55 136 0.17565377056598663 9 -1 -1 
400 138 7 13 0.17367734014987946 10 -1 -1 
1065 300 16 10 0.17334215342998505 2 -1 -1 
810 22 15 29 0.16602633893489838 5 -1 -1 
1054 23 49 25 0.16517747938632965 5 -1 -1 
747 527 35 80 0.16344623267650604 9 -1 -1 
693 632 29 74 0.1626250296831131 6 -1 -1 
746 527 35 78 0.16195550560951233 5 -1 -1 
100 249 31 55 0.16108444333076477 9 -1 -1 
714 369 32 55 0.15202006697654724 4 -1 -1 
712 524 70 167 0.14945991337299347 6 -1 -1 
987 195 29 22 0.14424216747283936 4 -1 -1 
1138 270 19 27 0.1427718997001648 5 -1 -1 
693 613 41 93 0.1379275619983673 6 -1 -1 
796 524 40 137 0.13727067410945892 9 -1 -1 
140 209 28 18 0.1336088478565216 4 -1 -1 
810 22 15 29 0.12448444217443466 9 -1 -1 
810 22 15 29 0.11980938166379929 4 -1 -1 
100 249 31 55 0.11856856197118759 6 -1 -1 
734 524 50 133 0.11754710227251053 6 -1 -1 
700 612 51 92 0.11608841270208359 4 -1 -1 
15 271 43 16 0.11503022909164429 6 -1 -1 
702 561 43 58 0.11427512764930725 4 -1 -1 
1067 287 26 13 0.11263345181941986 3 -1 -1 
47 87 45 66 0.11191467195749283 6 -1 -1 
107 195 21 38 0.11027704179286957 5 -1 -1 
796 524 40 137 0.10983701795339584 6 -1 -1 
367 455 27 55 0.10924791544675827 5 -1 -1 
335 513 15 28 0.10657056421041489 4 -1 -1 
399 190 27 55 0.10594179481267929 9 -1 -1 
17 272 42 16 0.10085710138082504 4 -1 -1 
111 193 24 37 0.10039976984262466 4 -1 -1 
801 524 55 147 0.10032744705677032 9 -1 -1 
764 523 35 137 0.09917023777961731 9 -1 -1 
13 271 40 16 0.09765012562274933 9 -1 -1 
1138 263 20 32 0.09604213386774063 4 -1 -1 
165 343 55 24 0.09154797345399857 9 -1 -1 
744 527 36 79 0.09110788255929947 4 -1 -1 
165 343 55 24 0.09067946672439575 5 -1 -1 
101 249 29 55 0.09027636796236038 10 -1 -1 
342 293 26 17 0.08805596828460693 10 -1 -1 
140 209 28 18 0.08595606684684753 5 -1 -1 
715 544 56 75 0.08376757800579071 4 -1 -1 
1282 405 14 33 0.08312630653381348 4 -1 -1 
375 263 40 48 0.08253529667854309 5 -1 -1 
367 455 27 55 0.080584816634655 9 -1 -1 
700 523 81 180 0.0799860954284668 4 -1 -1 
16 271 42 16 0.0783446729183197 5 -1 -1 
1069 288 27 18 0.07816004753112793 3 -1 -1 
989 200 27 20 0.07781524211168289 6 -1 -1 
461 339 48 38 0.07749813795089722 6 -1 -1 
694 524 75 188 0.077263243496418 6 -1 -1 
790 523 63 221 0.07700538635253906 9 -1 -1 
1024 62 44 40 0.07700329273939133 5 -1 -1 
123 201 15 32 0.07671206444501877 4 -1 -1 
347 189 45 45 0.07492926716804504 4 -1 -1 
736 528 44 98 0.0749211311340332 9 -1 -1 
707 567 49 65 0.0747881531715393 4 -1 -1 
715 366 33 58 0.07475230097770691 6 -1 -1 
715 366 33 58 0.07348693907260895 9 -1 -1 
710 428 30 62 0.07196952402591705 4 -1 -1 
725 531 54 107 0.07100673764944077 4 -1 -1 
764 523 35 137 0.07063888013362885 6 -1 -1 
436 600 27 57 0.06962834298610687 5 -1 -1 
360 191 39 54 0.06931982934474945 4 -1 -1 
801 524 55 147 0.06875938177108765 6 -1 -1 
1065 292 28 17 0.06875033676624298 3 -1 -1 
139 210 24 25 0.0678236111998558 4 -1 -1 
399 190 27 55 0.06775391846895218 1 -1 -1 
708 547 46 61 0.06722512096166611 4 -1 -1 
1068 287 25 13 0.06721288710832596 9 -1 -1 
694 626 67 79 0.06685017794370651 9 -1 -1 
121 198 16 34 0.06642407923936844 5 -1 -1 
804 483 50 39 0.0663670152425766 6 -1 -1 
743 0 24 37 0.06627422571182251 6 -1 -1 
790 523 63 221 0.06597783416509628 6 -1 -1 
0 329 36 20 0.06594845652580261 6 -1 -1 
1282 406 14 32 0.064943328499794 6 -1 -1 
699 524 82 186 0.06398621946573257 5 -1 -1 
700 612 51 92 0.06338541954755783 5 -1 -1 
697 610 55 78 0.06329052150249481 9 -1 -1 
713 615 47 77 0.062869593501091 4 -1 -1 
689 597 34 109 0.06279541552066803 9 -1 -1 
727 524 55 136 0.062302365899086 5 -1 -1 
398 190 28 55 0.06229999661445618 5 -1 -1 
0 329 36 19 0.061888113617897034 1 -1 -1 
796 524 40 137 0.06142178550362587 4 -1 -1 
1067 287 26 13 0.06057756766676903 10 -1 -1 
716 368 35 58 0.06047056242823601 5 -1 -1 
701 650 39 67 0.06039460748434067 9 -1 -1 
699 608 55 61 0.060095082968473434 4 -1 -1 
796 524 40 137 0.05981631949543953 5 -1 -1 
743 0 24 37 0.05975199118256569 9 -1 -1 
560 578 27 53 0.05974798649549484 9 -1 -1 
771 523 43 174 0.059745509177446365 9 -1 -1 
139 208 27 19 0.059664588421583176 10 -1 -1 
381 190 41 55 0.05868495628237724 4 -1 -1 
1062 297 28 14 0.058624133467674255 3 -1 -1 
461 339 48 38 0.058507952839136124 10 -1 -1 
1101 51 27 55 0.057437799870967865 9 -1 -1 
969 67 52 31 0.057428766041994095 6 -1 -1 
691 595 58 115 0.05740626901388168 9 -1 -1 
375 263 40 48 0.056775640696287155 9 -1 -1 
1101 50 28 56 0.05636501684784889 8 -1 -1 
771 523 43 174 0.05636347085237503 6 -1 -1 
1282 406 14 32 0.05634341761469841 9 -1 -1 
747 527 35 78 0.056268367916345596 8 -1 -1 
359 514 28 54 0.05608756095170975 9 -1 -1 
100 249 29 56 0.05598407983779907 1 -1 -1 
700 612 51 92 0.05595800280570984 6 -1 -1 
1069 288 27 18 0.05573732405900955 7 -1 -1 
461 339 49 37 0.055469077080488205 9 -1 -1 
1061 288 28 14 0.055271752178668976 3 -1 -1 
711 346 31 71 0.05493241548538208 9 -1 -1 
804 481 51 31 0.0549255795776844 4 -1 -1 
31 273 30 16 0.054870158433914185 4 -1 -1 
693 631 29 76 0.054377369582653046 3 -1 -1 
436 601 27 55 0.05410674214363098 9 -1 -1 
436 601 27 55 0.053971320390701294 1 -1 -1 
165 341 55 25 0.05331110954284668 6 -1 -1 
343 191 38 51 0.05231928080320358 4 -1 -1 
108 195 20 37 0.05200187861919403 6 -1 -1 
108 195 20 37 0.05149659141898155 10 -1 -1 
101 249 29 55 0.05135619640350342 8 -1 -1 
693 631 29 76 0.051231373101472855 8 -1 -1 
0 329 36 20 0.05060973018407822 9 -1 -1 
