466 214 35 59 0.935522735118866 6 -1 -1 
395 175 15 19 0.8535776734352112 8 -1 -1 
296 206 57 21 0.8251935243606567 4 -1 -1 
227 306 29 23 0.7986882328987122 10 -1 -1 
315 191 52 23 0.7904465794563293 4 -1 -1 
535 146 30 13 0.7806180119514465 4 -1 -1 
380 205 22 20 0.7802987694740295 4 -1 -1 
404 149 31 12 0.7635133862495422 4 -1 -1 
521 242 25 30 0.7569220066070557 7 -1 -1 
221 347 14 40 0.7518226504325867 1 -1 -1 
521 243 25 29 0.7297828793525696 8 -1 -1 
444 177 16 19 0.7167429327964783 8 -1 -1 
515 440 27 55 0.6933950781822205 10 -1 -1 
316 141 28 11 0.6842997074127197 4 -1 -1 
516 439 25 40 0.6828876733779907 2 -1 -1 
557 245 10 24 0.6666939854621887 1 -1 -1 
433 248 17 19 0.6607553958892822 7 -1 -1 
634 292 14 32 0.6401157379150391 1 -1 -1 
528 275 11 21 0.6373627781867981 2 -1 -1 
438 261 11 18 0.6336639523506165 2 -1 -1 
528 282 11 21 0.6287751793861389 10 -1 -1 
575 248 11 32 0.6133601665496826 1 -1 -1 
514 241 9 19 0.6064530611038208 10 -1 -1 
423 277 12 26 0.6054978370666504 2 -1 -1 
557 278 13 22 0.6031365990638733 2 -1 -1 
593 318 95 46 0.5925092697143555 8 -1 -1 
295 314 79 36 0.5902774930000305 7 -1 -1 
557 284 13 23 0.5898349285125732 10 -1 -1 
239 145 64 25 0.5880386233329773 6 -1 -1 
431 331 16 25 0.5782537460327148 2 -1 -1 
487 163 6 10 0.576549232006073 2 -1 -1 
282 178 6 14 0.5756312608718872 1 -1 -1 
501 240 13 22 0.5720356106758118 10 -1 -1 
237 406 103 43 0.5707917809486389 7 -1 -1 
431 342 16 29 0.5644702911376953 10 -1 -1 
193 337 13 23 0.5593374371528625 2 -1 -1 
486 167 8 10 0.5546634793281555 10 -1 -1 
161 337 15 25 0.5520981550216675 2 -1 -1 
470 136 8 8 0.5447337627410889 4 -1 -1 
576 295 22 32 0.5437310934066772 8 -1 -1 
328 155 6 12 0.5401811599731445 2 -1 -1 
324 189 39 13 0.5376819372177124 4 -1 -1 
438 122 11 10 0.5312073826789856 4 -1 -1 
178 330 15 24 0.528107225894928 2 -1 -1 
327 160 10 8 0.5193790197372437 10 -1 -1 
423 286 12 24 0.518592894077301 3 -1 -1 
437 268 13 20 0.5093746781349182 10 -1 -1 
541 120 8 7 0.5092012286186218 4 -1 -1 
248 383 89 37 0.502527117729187 7 -1 -1 
526 164 6 14 0.5000759363174438 1 -1 -1 
410 132 14 9 0.5000191926956177 7 -1 -1 
486 142 10 10 0.4999288320541382 7 -1 -1 
556 352 48 31 0.49791091680526733 7 -1 -1 
357 353 15 29 0.49093830585479736 2 -1 -1 
289 331 75 36 0.4857803285121918 7 -1 -1 
580 127 21 10 0.48446106910705566 5 -1 -1 
263 365 16 45 0.48353996872901917 1 -1 -1 
319 470 53 51 0.48234736919403076 10 -1 -1 
305 242 9 21 0.47730061411857605 1 -1 -1 
338 175 36 17 0.4756429195404053 5 -1 -1 
625 230 10 19 0.47555357217788696 1 -1 -1 
310 315 41 31 0.4689541161060333 10 -1 -1 
160 342 16 28 0.4566655457019806 2 -1 -1 
339 168 28 14 0.4562048017978668 5 -1 -1 
314 312 61 30 0.4551284909248352 7 -1 -1 
419 170 6 10 0.45203638076782227 10 -1 -1 
443 189 6 18 0.4480266869068146 1 -1 -1 
419 167 6 9 0.447111040353775 2 -1 -1 
444 177 16 19 0.44481518864631653 7 -1 -1 
589 347 12 31 0.44317954778671265 1 -1 -1 
549 242 8 22 0.4420930743217468 1 -1 -1 
487 110 7 7 0.437427282333374 4 -1 -1 
625 231 10 18 0.43706053495407104 2 -1 -1 
537 239 8 20 0.43697720766067505 2 -1 -1 
423 285 11 24 0.43582120537757874 10 -1 -1 
433 187 8 16 0.4293345808982849 2 -1 -1 
394 209 11 24 0.42659860849380493 1 -1 -1 
439 248 9 14 0.42552855610847473 2 -1 -1 
507 241 8 21 0.4235937297344208 10 -1 -1 
448 126 12 15 0.4200127124786377 6 -1 -1 
574 274 11 24 0.41959327459335327 1 -1 -1 
293 367 18 36 0.41817763447761536 1 -1 -1 
639 451 23 34 0.41657570004463196 2 -1 -1 
487 110 7 7 0.41531142592430115 5 -1 -1 
561 237 11 16 0.41308140754699707 2 -1 -1 
237 145 65 25 0.41061538457870483 9 -1 -1 
285 133 15 18 0.4087279736995697 9 -1 -1 
555 221 21 18 0.4084867835044861 10 -1 -1 
528 239 9 17 0.40739694237709045 2 -1 -1 
271 355 98 39 0.4065592288970947 7 -1 -1 
567 218 22 18 0.403599351644516 10 -1 -1 
297 135 16 13 0.40174752473831177 4 -1 -1 
509 242 11 19 0.4013594388961792 10 -1 -1 
338 176 33 15 0.40042027831077576 4 -1 -1 
320 472 19 60 0.4001353979110718 1 -1 -1 
163 340 41 22 0.39989930391311646 10 -1 -1 
233 363 20 26 0.39944055676460266 3 -1 -1 
1 487 38 36 0.39901474118232727 10 -1 -1 
486 167 8 9 0.3953182101249695 7 -1 -1 
297 135 16 13 0.3939034938812256 5 -1 -1 
326 160 11 9 0.3929840624332428 3 -1 -1 
523 118 5 7 0.3854820430278778 10 -1 -1 
537 240 8 19 0.38354283571243286 1 -1 -1 
516 144 5 11 0.38181567192077637 1 -1 -1 
292 368 22 32 0.3797864615917206 2 -1 -1 
285 133 16 16 0.37864091992378235 6 -1 -1 
259 263 26 34 0.37759023904800415 8 -1 -1 
523 117 5 7 0.37715351581573486 2 -1 -1 
261 365 80 34 0.37691357731819153 7 -1 -1 
546 241 8 22 0.3761313855648041 1 -1 -1 
638 451 24 41 0.3729950487613678 10 -1 -1 
311 500 20 38 0.37182754278182983 1 -1 -1 
269 139 16 12 0.3687913119792938 4 -1 -1 
435 188 6 11 0.3663036823272705 2 -1 -1 
236 416 51 32 0.36568331718444824 10 -1 -1 
381 196 7 13 0.36480218172073364 1 -1 -1 
333 184 40 20 0.36294272541999817 4 -1 -1 
322 237 7 19 0.36293140053749084 1 -1 -1 
292 240 11 29 0.3618200421333313 1 -1 -1 
553 213 36 22 0.35978880524635315 8 -1 -1 
185 335 17 24 0.358331561088562 2 -1 -1 
575 290 27 20 0.35592448711395264 8 -1 -1 
287 350 67 28 0.35495296120643616 7 -1 -1 
486 142 10 10 0.35280582308769226 10 -1 -1 
583 318 106 47 0.3526375889778137 6 -1 -1 
584 243 26 29 0.35255783796310425 10 -1 -1 
555 212 9 19 0.35198432207107544 2 -1 -1 
433 190 8 15 0.35194265842437744 10 -1 -1 
435 248 11 16 0.3508013188838959 2 -1 -1 
419 165 5 8 0.3500182628631592 2 -1 -1 
409 156 10 9 0.34939366579055786 7 -1 -1 
638 451 24 38 0.346432626247406 1 -1 -1 
265 146 36 22 0.34605544805526733 8 -1 -1 
311 137 20 11 0.34493181109428406 8 -1 -1 
280 178 6 14 0.34399181604385376 1 -1 -1 
268 365 18 41 0.34270307421684265 1 -1 -1 
180 333 16 26 0.34173697233200073 2 -1 -1 
556 220 9 18 0.341347873210907 2 -1 -1 
327 158 9 10 0.34110209345817566 2 -1 -1 
354 357 17 31 0.34048357605934143 2 -1 -1 
315 226 8 20 0.3401331901550293 1 -1 -1 
314 236 8 21 0.3383661210536957 1 -1 -1 
443 189 6 17 0.3373123109340668 2 -1 -1 
173 338 27 24 0.3350173532962799 7 -1 -1 
434 248 16 19 0.33498483896255493 8 -1 -1 
556 220 12 19 0.3342343866825104 10 -1 -1 
588 347 13 31 0.33374613523483276 2 -1 -1 
161 341 22 23 0.3336746096611023 2 -1 -1 
389 214 8 19 0.3310692310333252 1 -1 -1 
281 266 17 28 0.3305407762527466 2 -1 -1 
465 213 35 59 0.32987186312675476 5 -1 -1 
422 122 10 8 0.32885634899139404 4 -1 -1 
163 340 41 22 0.3267178237438202 7 -1 -1 
435 143 6 9 0.3240775167942047 10 -1 -1 
528 438 17 57 0.3238521218299866 10 -1 -1 
260 364 13 32 0.32355231046676636 1 -1 -1 
439 122 10 10 0.3234909474849701 6 -1 -1 
339 171 38 17 0.32280051708221436 5 -1 -1 
489 140 7 9 0.32244330644607544 2 -1 -1 
306 478 21 53 0.3222111761569977 1 -1 -1 
242 399 98 49 0.3209120035171509 4 -1 -1 
434 249 8 17 0.3204886019229889 2 -1 -1 
321 312 53 29 0.32005035877227783 10 -1 -1 
558 351 47 32 0.31934213638305664 8 -1 -1 
309 239 10 22 0.3191739022731781 1 -1 -1 
259 263 30 33 0.3181057572364807 7 -1 -1 
166 285 65 32 0.31735706329345703 8 -1 -1 
556 277 13 26 0.31682437658309937 1 -1 -1 
366 191 6 19 0.3161042034626007 1 -1 -1 
285 356 68 33 0.3140929341316223 7 -1 -1 
339 168 35 16 0.3138917088508606 4 -1 -1 
160 342 16 33 0.3128454089164734 1 -1 -1 
438 262 11 21 0.3117825984954834 10 -1 -1 
403 274 12 21 0.3112577199935913 3 -1 -1 
242 399 98 49 0.3066403865814209 8 -1 -1 
248 385 90 40 0.3043114244937897 8 -1 -1 
560 243 40 25 0.2943858802318573 7 -1 -1 
289 322 76 35 0.2915683090686798 7 -1 -1 
551 218 37 19 0.28635117411613464 10 -1 -1 
552 214 37 22 0.28122249245643616 7 -1 -1 
554 324 132 53 0.26854410767555237 6 -1 -1 
593 318 95 46 0.26810455322265625 7 -1 -1 
270 146 32 22 0.24262826144695282 6 -1 -1 
550 219 33 20 0.2400723248720169 7 -1 -1 
313 137 31 15 0.23953281342983246 6 -1 -1 
159 282 73 36 0.23280508816242218 4 -1 -1 
429 337 18 33 0.23143237829208374 2 -1 -1 
572 243 39 28 0.22431042790412903 7 -1 -1 
249 377 87 41 0.22303280234336853 6 -1 -1 
265 398 76 48 0.22197750210762024 7 -1 -1 
556 344 65 40 0.21768589317798615 7 -1 -1 
242 399 98 49 0.20938725769519806 6 -1 -1 
556 322 127 56 0.20755822956562042 7 -1 -1 
252 369 85 47 0.2068222463130951 8 -1 -1 
550 219 33 20 0.2044163942337036 8 -1 -1 
265 146 36 22 0.20060892403125763 7 -1 -1 
176 430 48 56 0.19974887371063232 1 -1 -1 
293 315 80 40 0.19961251318454742 8 -1 -1 
305 319 77 40 0.1962011754512787 7 -1 -1 
554 239 44 23 0.19380679726600647 7 -1 -1 
287 338 74 32 0.19366461038589478 8 -1 -1 
556 333 94 52 0.19218088686466217 7 -1 -1 
294 315 80 35 0.19049373269081116 10 -1 -1 
571 244 18 33 0.18913634121418 1 -1 -1 
288 331 71 32 0.1882585734128952 10 -1 -1 
234 406 105 44 0.18777617812156677 10 -1 -1 
796 409 102 56 0.18741993606090546 4 -1 -1 
307 471 34 60 0.18628758192062378 1 -1 -1 
430 330 17 31 0.1859317421913147 1 -1 -1 
159 282 73 36 0.18464744091033936 5 -1 -1 
248 385 90 40 0.18453969061374664 4 -1 -1 
289 322 76 35 0.18098096549510956 10 -1 -1 
0 334 141 176 0.18018923699855804 6 -1 -1 
6 265 83 54 0.17777802050113678 5 -1 -1 
560 323 110 38 0.1759915053844452 6 -1 -1 
249 385 90 49 0.17430762946605682 6 -1 -1 
778 379 135 89 0.17421436309814453 4 -1 -1 
772 398 71 67 0.1709975004196167 4 -1 -1 
309 473 52 54 0.17078004777431488 10 -1 -1 
677 228 85 43 0.16975408792495728 4 -1 -1 
189 426 93 42 0.16928061842918396 10 -1 -1 
772 398 71 67 0.16862305998802185 8 -1 -1 
273 348 95 44 0.16753681004047394 8 -1 -1 
265 146 36 22 0.16679048538208008 5 -1 -1 
289 325 77 38 0.1655961126089096 8 -1 -1 
184 428 99 45 0.16135762631893158 7 -1 -1 
261 365 80 34 0.1600469946861267 8 -1 -1 
289 442 53 45 0.1588427722454071 10 -1 -1 
567 244 28 29 0.15867339074611664 7 -1 -1 
429 340 18 31 0.15833044052124023 3 -1 -1 
569 241 41 28 0.15829549729824066 10 -1 -1 
261 140 40 24 0.15827465057373047 6 -1 -1 
159 282 73 36 0.15698780119419098 7 -1 -1 
786 410 58 55 0.15642406046390533 10 -1 -1 
249 142 42 21 0.155930295586586 6 -1 -1 
345 171 40 17 0.15478189289569855 4 -1 -1 
236 145 67 26 0.15338243544101715 5 -1 -1 
271 355 98 39 0.15216335654258728 4 -1 -1 
587 477 130 64 0.15185244381427765 8 -1 -1 
236 145 67 26 0.15019814670085907 4 -1 -1 
287 441 55 46 0.149572491645813 3 -1 -1 
556 335 56 48 0.14954832196235657 8 -1 -1 
340 178 42 18 0.14917291700839996 5 -1 -1 
284 132 28 18 0.14887450635433197 6 -1 -1 
222 147 78 28 0.14879047870635986 6 -1 -1 
767 365 100 105 0.1478731632232666 4 -1 -1 
583 243 27 29 0.14726245403289795 3 -1 -1 
430 330 17 31 0.14639605581760406 10 -1 -1 
553 212 34 19 0.14605587720870972 10 -1 -1 
650 231 31 19 0.1416599452495575 4 -1 -1 
231 416 76 37 0.13969814777374268 10 -1 -1 
776 373 132 93 0.1389297991991043 5 -1 -1 
293 452 57 53 0.1387142390012741 10 -1 -1 
774 407 68 58 0.13869599997997284 7 -1 -1 
252 369 85 47 0.13848057389259338 4 -1 -1 
194 241 69 41 0.13606798648834229 4 -1 -1 
789 400 80 64 0.13543254137039185 4 -1 -1 
435 254 16 34 0.13361909985542297 10 -1 -1 
221 418 66 42 0.13275019824504852 10 -1 -1 
560 323 110 38 0.1321064829826355 7 -1 -1 
306 459 65 56 0.1314801573753357 10 -1 -1 
147 280 76 38 0.13080884516239166 8 -1 -1 
5 342 139 167 0.1303439736366272 9 -1 -1 
11 264 82 58 0.13003017008304596 4 -1 -1 
14 335 116 63 0.12983432412147522 6 -1 -1 
337 181 38 17 0.1294490098953247 4 -1 -1 
294 315 80 35 0.12915045022964478 4 -1 -1 
344 174 41 18 0.12885579466819763 5 -1 -1 
556 322 127 56 0.12882980704307556 8 -1 -1 
605 317 87 50 0.1284971833229065 9 -1 -1 
159 239 97 41 0.1264965683221817 4 -1 -1 
464 214 37 59 0.12420183420181274 9 -1 -1 
183 432 57 54 0.12335900962352753 4 -1 -1 
768 359 53 61 0.12334661930799484 4 -1 -1 
435 255 16 33 0.12325765192508698 7 -1 -1 
329 188 37 14 0.1229017972946167 5 -1 -1 
522 242 23 30 0.12272259593009949 10 -1 -1 
555 349 72 35 0.12184573709964752 8 -1 -1 
286 341 74 32 0.12164240330457687 4 -1 -1 
287 337 75 32 0.12031728774309158 6 -1 -1 
259 418 80 42 0.11996731907129288 7 -1 -1 
278 140 25 23 0.1195969432592392 6 -1 -1 
145 270 83 42 0.11865568906068802 4 -1 -1 
564 243 43 27 0.1176929622888565 8 -1 -1 
232 243 71 50 0.11725989729166031 6 -1 -1 
277 433 60 46 0.1170160323381424 3 -1 -1 
208 240 63 43 0.1165853887796402 6 -1 -1 
557 325 84 46 0.11633701622486115 7 -1 -1 
429 337 18 33 0.11590837687253952 1 -1 -1 
762 368 97 99 0.11563105136156082 5 -1 -1 
285 349 85 40 0.11498153954744339 6 -1 -1 
556 333 94 52 0.11495743691921234 8 -1 -1 
795 404 107 60 0.11366438120603561 5 -1 -1 
464 214 37 59 0.1133192628622055 8 -1 -1 
242 399 98 49 0.11325227469205856 5 -1 -1 
3 333 136 111 0.11307404935359955 6 -1 -1 
305 133 35 16 0.1118607297539711 6 -1 -1 
263 355 108 40 0.11185029149055481 6 -1 -1 
289 319 82 38 0.11123159527778625 6 -1 -1 
289 325 77 38 0.11103236675262451 4 -1 -1 
145 270 83 42 0.1106184870004654 5 -1 -1 
49 263 126 56 0.11027436703443527 4 -1 -1 
337 177 36 16 0.10995334386825562 6 -1 -1 
270 132 31 22 0.10951241105794907 6 -1 -1 
0 337 141 172 0.10900834202766418 5 -1 -1 
300 467 47 58 0.10895144194364548 10 -1 -1 
210 242 71 44 0.10854611545801163 4 -1 -1 
465 213 35 59 0.10849498212337494 4 -1 -1 
673 221 66 46 0.10806981474161148 4 -1 -1 
277 433 60 46 0.1075485497713089 10 -1 -1 
573 241 35 28 0.10731880366802216 3 -1 -1 
554 214 35 22 0.10719683021306992 3 -1 -1 
0 229 120 106 0.10688413679599762 5 -1 -1 
788 408 66 57 0.1068807914853096 8 -1 -1 
522 238 26 25 0.10650526732206345 7 -1 -1 
556 326 70 48 0.10639411956071854 8 -1 -1 
270 146 32 22 0.1060158759355545 4 -1 -1 
258 362 86 39 0.1053222268819809 6 -1 -1 
270 132 31 22 0.10496896505355835 9 -1 -1 
248 385 90 40 0.10390470921993256 5 -1 -1 
572 244 30 28 0.10313750058412552 1 -1 -1 
7 236 170 87 0.10282552987337112 5 -1 -1 
25 244 186 77 0.10186783969402313 6 -1 -1 
25 244 186 77 0.10054375231266022 9 -1 -1 
80 248 153 72 0.09697529673576355 9 -1 -1 
223 383 122 71 0.08955150097608566 6 -1 -1 
25 244 186 77 0.08913624286651611 4 -1 -1 
0 333 140 177 0.0877629891037941 4 -1 -1 
189 424 155 92 0.08618748933076859 7 -1 -1 
228 386 114 69 0.08475174754858017 7 -1 -1 
588 477 141 63 0.08339350670576096 6 -1 -1 
587 477 130 64 0.07936365902423859 7 -1 -1 
213 410 148 91 0.07923362404108047 7 -1 -1 
0 331 138 113 0.07849019765853882 5 -1 -1 
189 420 164 86 0.07802329957485199 6 -1 -1 
778 379 135 89 0.07496222108602524 6 -1 -1 
181 434 181 94 0.07236582040786743 8 -1 -1 
0 229 120 106 0.07233903557062149 6 -1 -1 
80 248 153 72 0.07145936787128448 6 -1 -1 
767 368 106 106 0.07005288451910019 6 -1 -1 
80 248 153 72 0.06881216913461685 4 -1 -1 
587 477 130 64 0.06714853644371033 5 -1 -1 
80 248 153 72 0.06687217950820923 5 -1 -1 
213 410 148 91 0.06650277227163315 8 -1 -1 
762 368 97 99 0.06605098396539688 8 -1 -1 
5 361 142 152 0.06328925490379333 1 -1 -1 
11 252 149 90 0.06326805055141449 5 -1 -1 
0 229 120 106 0.06323356926441193 4 -1 -1 
5 330 132 86 0.06303977221250534 4 -1 -1 
11 252 149 90 0.06292849034070969 6 -1 -1 
176 432 155 94 0.06284108012914658 6 -1 -1 
243 360 111 76 0.06081211566925049 7 -1 -1 
243 360 111 76 0.06042475253343582 6 -1 -1 
780 374 129 101 0.058905135840177536 8 -1 -1 
0 338 142 168 0.05857725441455841 8 -1 -1 
0 331 138 113 0.05796429142355919 9 -1 -1 
559 313 132 59 0.056788548827171326 4 -1 -1 
788 400 134 99 0.055614326149225235 4 -1 -1 
223 383 122 71 0.055311501026153564 8 -1 -1 
785 371 132 98 0.05408830568194389 9 -1 -1 
4 270 128 134 0.053819186985492706 6 -1 -1 
11 252 149 90 0.0527539923787117 4 -1 -1 
800 371 135 111 0.05125455930829048 4 -1 -1 
