283 282 21 22 0.9806835055351257 6 -1 -1 
690 307 54 30 0.9666152596473694 6 -1 -1 
626 380 25 27 0.933373749256134 8 -1 -1 
147 421 62 43 0.9109166860580444 4 -1 -1 
771 297 41 14 0.8776378035545349 4 -1 -1 
607 343 17 21 0.8760094046592712 7 -1 -1 
792 308 45 15 0.8567230701446533 4 -1 -1 
565 308 7 17 0.8173259496688843 1 -1 -1 
589 322 18 16 0.8119419813156128 7 -1 -1 
773 468 101 71 0.8108906149864197 6 -1 -1 
455 303 18 19 0.8098059296607971 4 -1 -1 
531 269 15 10 0.7982196807861328 4 -1 -1 
241 328 35 22 0.7961260080337524 4 -1 -1 
370 410 46 45 0.779401957988739 4 -1 -1 
803 409 68 41 0.7771866321563721 4 -1 -1 
796 381 9 26 0.7710129618644714 1 -1 -1 
405 324 21 22 0.7628330588340759 4 -1 -1 
711 434 9 22 0.7606230974197388 1 -1 -1 
646 414 53 37 0.7522078156471252 4 -1 -1 
756 292 32 14 0.7474616765975952 4 -1 -1 
708 285 37 15 0.7359998226165771 4 -1 -1 
418 251 12 13 0.7326165437698364 4 -1 -1 
523 255 10 10 0.7219855785369873 4 -1 -1 
702 425 9 28 0.7196725010871887 1 -1 -1 
528 262 13 9 0.7136799097061157 4 -1 -1 
544 408 13 26 0.7059937715530396 1 -1 -1 
560 287 20 16 0.6995118856430054 4 -1 -1 
657 266 23 11 0.6921696066856384 4 -1 -1 
748 447 20 30 0.691394031047821 10 -1 -1 
665 310 41 17 0.6851988434791565 4 -1 -1 
499 250 10 9 0.6732476353645325 4 -1 -1 
515 252 10 9 0.6634984016418457 4 -1 -1 
650 310 7 17 0.6543951630592346 1 -1 -1 
581 313 6 15 0.6471744775772095 1 -1 -1 
444 283 6 9 0.6354628801345825 2 -1 -1 
444 286 6 9 0.6341676115989685 10 -1 -1 
766 367 9 21 0.6335097551345825 1 -1 -1 
645 298 43 18 0.6288907527923584 4 -1 -1 
372 252 21 9 0.6199854016304016 4 -1 -1 
383 269 26 11 0.619754433631897 4 -1 -1 
736 438 13 27 0.6193472146987915 10 -1 -1 
328 260 29 12 0.6173640489578247 4 -1 -1 
101 423 33 43 0.6057919859886169 6 -1 -1 
494 280 16 16 0.6013978719711304 4 -1 -1 
520 281 5 9 0.5790221095085144 2 -1 -1 
615 330 36 31 0.5761989951133728 6 -1 -1 
519 284 6 9 0.5751101970672607 10 -1 -1 
765 319 35 18 0.5640892386436462 4 -1 -1 
334 362 43 21 0.5627643465995789 4 -1 -1 
720 434 12 26 0.555631697177887 1 -1 -1 
576 260 24 10 0.549266517162323 4 -1 -1 
566 253 22 11 0.5447931885719299 4 -1 -1 
494 280 16 16 0.5383339524269104 6 -1 -1 
347 322 44 24 0.5334956049919128 5 -1 -1 
384 241 19 8 0.5298858880996704 4 -1 -1 
381 282 24 11 0.5268049836158752 4 -1 -1 
910 425 14 18 0.524364709854126 2 -1 -1 
355 315 40 19 0.5236555337905884 4 -1 -1 
850 473 42 38 0.5228521227836609 7 -1 -1 
318 265 29 13 0.5119653940200806 4 -1 -1 
371 402 14 23 0.5103262662887573 10 -1 -1 
283 282 21 22 0.508823812007904 8 -1 -1 
739 366 42 19 0.5058169364929199 7 -1 -1 
426 224 8 9 0.5031998157501221 4 -1 -1 
443 221 5 6 0.5022355318069458 4 -1 -1 
671 259 19 11 0.4977762997150421 4 -1 -1 
510 241 9 7 0.49689456820487976 4 -1 -1 
895 414 14 18 0.4963609278202057 2 -1 -1 
572 257 19 10 0.4798007607460022 4 -1 -1 
127 413 46 30 0.4783201813697815 7 -1 -1 
625 380 26 27 0.4766533076763153 5 -1 -1 
777 330 38 23 0.4738619327545166 8 -1 -1 
664 256 18 10 0.4675089120864868 4 -1 -1 
827 389 19 19 0.46091344952583313 10 -1 -1 
426 244 8 8 0.4583606719970703 4 -1 -1 
361 311 38 18 0.45608463883399963 4 -1 -1 
851 471 42 38 0.4514321982860565 10 -1 -1 
549 410 9 24 0.4507250487804413 1 -1 -1 
426 225 8 8 0.4406565725803375 5 -1 -1 
758 342 7 15 0.4400213658809662 1 -1 -1 
607 328 9 14 0.43841472268104553 10 -1 -1 
349 322 43 24 0.4383998215198517 4 -1 -1 
372 401 12 21 0.4363359808921814 2 -1 -1 
736 440 20 28 0.43491339683532715 10 -1 -1 
461 215 5 5 0.4295927584171295 4 -1 -1 
502 231 11 11 0.42918771505355835 6 -1 -1 
814 362 6 15 0.4288051128387451 1 -1 -1 
755 288 27 11 0.42537927627563477 4 -1 -1 
283 282 21 22 0.4213893413543701 5 -1 -1 
650 360 15 17 0.4182024598121643 10 -1 -1 
804 366 8 19 0.41818249225616455 2 -1 -1 
273 299 14 14 0.41801849007606506 7 -1 -1 
385 276 25 12 0.41375893354415894 4 -1 -1 
365 255 10 10 0.41169804334640503 4 -1 -1 
698 280 32 15 0.40465593338012695 6 -1 -1 
782 358 9 20 0.4024774134159088 1 -1 -1 
812 451 65 36 0.4000163972377777 7 -1 -1 
120 408 45 27 0.39568302035331726 7 -1 -1 
378 230 8 7 0.39463120698928833 4 -1 -1 
372 302 29 16 0.3944638967514038 4 -1 -1 
797 348 6 16 0.38921844959259033 1 -1 -1 
698 281 31 14 0.38478440046310425 4 -1 -1 
494 226 10 8 0.38358962535858154 4 -1 -1 
219 269 28 13 0.382745623588562 4 -1 -1 
810 449 67 38 0.3822714686393738 8 -1 -1 
590 322 17 16 0.38218480348587036 6 -1 -1 
704 372 21 16 0.3821594715118408 10 -1 -1 
673 395 35 28 0.38197433948516846 7 -1 -1 
426 243 8 9 0.3730316758155823 5 -1 -1 
451 215 5 5 0.37185442447662354 4 -1 -1 
377 239 3 7 0.36952143907546997 1 -1 -1 
377 376 13 20 0.3686451017856598 3 -1 -1 
620 317 5 12 0.367550253868103 1 -1 -1 
365 263 11 8 0.3629504442214966 4 -1 -1 
776 373 9 19 0.36171630024909973 2 -1 -1 
442 212 6 5 0.3607282340526581 4 -1 -1 
547 413 10 21 0.36050158739089966 3 -1 -1 
356 259 4 9 0.3597652018070221 1 -1 -1 
814 359 7 17 0.35962119698524475 2 -1 -1 
381 279 28 11 0.3594542443752289 4 -1 -1 
577 296 15 15 0.3580271601676941 7 -1 -1 
739 443 22 32 0.3577125370502472 10 -1 -1 
805 376 16 19 0.35722026228904724 10 -1 -1 
786 345 7 15 0.3570193350315094 2 -1 -1 
707 284 38 16 0.35685744881629944 5 -1 -1 
827 387 14 18 0.35286444425582886 10 -1 -1 
783 357 8 20 0.35260671377182007 2 -1 -1 
646 298 42 18 0.3523971438407898 5 -1 -1 
652 324 6 15 0.3516514301300049 1 -1 -1 
560 287 20 16 0.35023266077041626 5 -1 -1 
579 262 24 11 0.3494955599308014 4 -1 -1 
513 249 10 10 0.3473958671092987 4 -1 -1 
373 252 20 8 0.34729334712028503 5 -1 -1 
776 373 9 20 0.3458574414253235 1 -1 -1 
512 246 11 10 0.34361499547958374 4 -1 -1 
587 309 7 17 0.34292230010032654 1 -1 -1 
804 367 10 22 0.339583158493042 1 -1 -1 
811 301 22 12 0.3392258584499359 7 -1 -1 
317 265 30 13 0.3371661901473999 5 -1 -1 
720 364 12 20 0.336588591337204 1 -1 -1 
384 266 26 11 0.3344680368900299 4 -1 -1 
652 319 6 19 0.33339446783065796 1 -1 -1 
786 345 7 16 0.3323851227760315 1 -1 -1 
819 364 7 16 0.33168214559555054 1 -1 -1 
807 347 22 14 0.331646203994751 10 -1 -1 
443 211 5 5 0.32941439747810364 4 -1 -1 
766 367 9 21 0.3275962769985199 2 -1 -1 
371 310 30 16 0.32685908675193787 4 -1 -1 
771 383 8 16 0.3266564905643463 1 -1 -1 
383 272 27 11 0.32576513290405273 4 -1 -1 
805 366 10 22 0.3235909342765808 2 -1 -1 
351 363 26 19 0.3227771520614624 4 -1 -1 
351 317 42 18 0.320992112159729 5 -1 -1 
749 344 6 15 0.3206495940685272 1 -1 -1 
365 310 36 17 0.3204406797885895 5 -1 -1 
748 340 6 16 0.3187876045703888 1 -1 -1 
586 318 6 13 0.3172195851802826 1 -1 -1 
390 281 17 11 0.3157868981361389 4 -1 -1 
370 300 31 13 0.3157256245613098 4 -1 -1 
358 313 39 18 0.3155090808868408 5 -1 -1 
751 343 8 17 0.31478068232536316 1 -1 -1 
321 261 35 15 0.3109280467033386 4 -1 -1 
673 396 37 28 0.3053951561450958 8 -1 -1 
366 309 35 18 0.30011022090911865 6 -1 -1 
355 284 45 16 0.2945411503314972 4 -1 -1 
668 385 41 34 0.29384782910346985 7 -1 -1 
366 302 36 18 0.2789742052555084 5 -1 -1 
840 459 51 49 0.27840304374694824 7 -1 -1 
765 319 35 20 0.276120662689209 5 -1 -1 
654 323 32 34 0.27457132935523987 6 -1 -1 
363 302 38 18 0.27100127935409546 6 -1 -1 
680 373 32 21 0.2632259130477905 7 -1 -1 
614 329 35 30 0.2623826861381531 4 -1 -1 
777 330 38 23 0.25780054926872253 7 -1 -1 
94 501 96 38 0.2540534734725952 5 -1 -1 
613 329 27 23 0.24865487217903137 4 -1 -1 
666 385 42 33 0.245145782828331 8 -1 -1 
773 467 101 72 0.24324733018875122 5 -1 -1 
821 458 61 45 0.23821717500686646 7 -1 -1 
357 302 43 20 0.23476043343544006 4 -1 -1 
765 320 46 27 0.23312874138355255 8 -1 -1 
699 281 36 15 0.2308865189552307 5 -1 -1 
614 330 36 31 0.2304963916540146 5 -1 -1 
654 323 30 30 0.22615016996860504 8 -1 -1 
625 380 26 27 0.22059480845928192 4 -1 -1 
877 504 80 33 0.2198980152606964 4 -1 -1 
689 308 56 30 0.21967652440071106 5 -1 -1 
378 268 32 17 0.21888023614883423 4 -1 -1 
376 271 32 18 0.2173868715763092 4 -1 -1 
343 318 48 21 0.21710515022277832 4 -1 -1 
699 331 48 20 0.21535968780517578 6 -1 -1 
641 295 39 16 0.21484151482582092 4 -1 -1 
777 330 38 23 0.2119596153497696 6 -1 -1 
774 467 99 72 0.21095553040504456 8 -1 -1 
664 377 47 29 0.20777203142642975 7 -1 -1 
362 282 40 15 0.2049407809972763 4 -1 -1 
361 298 40 17 0.20369459688663483 5 -1 -1 
359 287 42 19 0.20144155621528625 4 -1 -1 
662 381 43 28 0.2010795921087265 8 -1 -1 
687 397 23 27 0.20093125104904175 7 -1 -1 
661 307 37 16 0.200813427567482 4 -1 -1 
765 320 46 27 0.20011980831623077 4 -1 -1 
95 500 94 39 0.19929645955562592 4 -1 -1 
773 328 42 24 0.19914893805980682 5 -1 -1 
803 409 68 42 0.1988435983657837 5 -1 -1 
621 335 36 29 0.1939620077610016 6 -1 -1 
360 313 38 17 0.19394761323928833 6 -1 -1 
765 320 46 27 0.19112229347229004 5 -1 -1 
614 329 27 22 0.18640008568763733 6 -1 -1 
658 373 50 25 0.18521252274513245 7 -1 -1 
326 259 31 14 0.18511489033699036 5 -1 -1 
755 284 33 14 0.18500402569770813 9 -1 -1 
656 376 39 29 0.1847667545080185 7 -1 -1 
783 329 42 30 0.1827036738395691 8 -1 -1 
739 366 43 19 0.1797989159822464 8 -1 -1 
618 293 25 26 0.17631246149539948 6 -1 -1 
318 264 31 15 0.17568941414356232 6 -1 -1 
878 504 81 34 0.1756771057844162 5 -1 -1 
659 383 41 29 0.17541003227233887 7 -1 -1 
690 307 54 30 0.17302288115024567 8 -1 -1 
357 299 43 18 0.17254814505577087 6 -1 -1 
704 283 39 16 0.17161668837070465 6 -1 -1 
713 333 52 25 0.1709534078836441 7 -1 -1 
694 278 30 15 0.17094221711158752 6 -1 -1 
709 333 54 27 0.170846626162529 8 -1 -1 
795 379 15 31 0.1668064296245575 1 -1 -1 
794 426 83 61 0.16664192080497742 8 -1 -1 
773 328 42 24 0.16586901247501373 4 -1 -1 
673 395 35 27 0.1656895875930786 4 -1 -1 
654 323 32 34 0.16505175828933716 7 -1 -1 
656 322 37 25 0.16503959894180298 6 -1 -1 
695 372 31 20 0.16451279819011688 10 -1 -1 
625 380 26 27 0.16421443223953247 7 -1 -1 
789 460 89 41 0.1637270599603653 6 -1 -1 
774 467 99 72 0.16315731406211853 4 -1 -1 
368 295 35 16 0.1619376391172409 4 -1 -1 
374 299 31 18 0.15998214483261108 5 -1 -1 
774 468 99 72 0.15941999852657318 7 -1 -1 
372 304 32 19 0.15611019730567932 6 -1 -1 
752 289 32 15 0.15539801120758057 4 -1 -1 
803 435 75 51 0.15502095222473145 7 -1 -1 
789 460 89 41 0.15466390550136566 7 -1 -1 
703 368 27 22 0.1541593074798584 10 -1 -1 
707 363 28 26 0.15256406366825104 10 -1 -1 
703 332 48 23 0.1519235521554947 7 -1 -1 
656 376 39 29 0.15145927667617798 8 -1 -1 
646 414 53 38 0.15007854998111725 5 -1 -1 
345 285 45 23 0.14995044469833374 4 -1 -1 
655 323 42 35 0.14912980794906616 8 -1 -1 
614 330 35 30 0.14718416333198547 8 -1 -1 
848 463 44 49 0.14688289165496826 8 -1 -1 
800 450 77 39 0.14429184794425964 6 -1 -1 
671 391 35 31 0.14364613592624664 6 -1 -1 
655 330 48 30 0.14358918368816376 6 -1 -1 
359 287 42 19 0.1433594524860382 5 -1 -1 
229 409 63 40 0.1409665048122406 4 -1 -1 
608 326 28 20 0.14076392352581024 4 -1 -1 
366 309 35 18 0.1398143768310547 8 -1 -1 
348 293 51 22 0.13754701614379883 4 -1 -1 
689 331 76 26 0.13642019033432007 6 -1 -1 
691 322 65 25 0.12321466207504272 6 -1 -1 
771 468 113 73 0.09888020157814026 9 -1 -1 
762 320 55 35 0.09520698338747025 6 -1 -1 
660 385 52 43 0.0830279216170311 6 -1 -1 
769 434 117 83 0.08225398510694504 6 -1 -1 
692 313 76 32 0.08192121982574463 6 -1 -1 
653 375 58 36 0.07592691481113434 6 -1 -1 
690 308 55 30 0.0755295529961586 4 -1 -1 
703 333 82 27 0.07438293099403381 6 -1 -1 
666 308 77 34 0.07304985076189041 6 -1 -1 
752 401 123 104 0.07281102240085602 6 -1 -1 
689 331 76 26 0.07256678491830826 9 -1 -1 
749 396 126 101 0.06964540481567383 9 -1 -1 
773 469 179 74 0.06733205914497375 7 -1 -1 
658 381 54 44 0.0621807798743248 7 -1 -1 
653 375 58 36 0.06012983247637749 8 -1 -1 
668 325 78 32 0.05847699195146561 6 -1 -1 
652 322 61 39 0.05723473057150841 6 -1 -1 
344 282 60 30 0.05631526932120323 4 -1 -1 
343 293 60 37 0.0557938776910305 6 -1 -1 
646 413 53 39 0.05424810200929642 9 -1 -1 
646 414 53 38 0.05329647660255432 6 -1 -1 
689 331 76 26 0.05327807739377022 4 -1 -1 
690 308 54 30 0.05286944657564163 9 -1 -1 
340 289 61 37 0.050199367105960846 4 -1 -1 
