622 427 17 42 0.9347444772720337 1 -1 -1 
506 308 19 38 0.8867126703262329 8 -1 -1 
597 276 38 21 0.8864477276802063 7 -1 -1 
478 164 20 21 0.8412814736366272 4 -1 -1 
551 271 22 34 0.8258427381515503 7 -1 -1 
545 439 19 41 0.7726025581359863 10 -1 -1 
505 258 11 21 0.7455573081970215 1 -1 -1 
62 455 42 26 0.6830769181251526 10 -1 -1 
491 266 10 18 0.6738454103469849 2 -1 -1 
315 499 68 40 0.6726012825965881 4 -1 -1 
507 131 11 16 0.6616465449333191 8 -1 -1 
522 369 15 27 0.6616455316543579 10 -1 -1 
262 391 17 33 0.6603602766990662 10 -1 -1 
518 123 7 20 0.6570913791656494 1 -1 -1 
152 419 20 35 0.6542658805847168 1 -1 -1 
340 301 32 28 0.6526264548301697 10 -1 -1 
507 188 8 14 0.6524917483329773 2 -1 -1 
523 363 14 23 0.6468529105186462 2 -1 -1 
546 437 17 26 0.6450315713882446 2 -1 -1 
328 371 50 48 0.6449653506278992 8 -1 -1 
490 90 10 9 0.6345247626304626 4 -1 -1 
507 192 7 13 0.6285942196846008 10 -1 -1 
437 248 11 20 0.6173545718193054 10 -1 -1 
466 159 7 13 0.6163584589958191 2 -1 -1 
99 407 40 25 0.6103659868240356 10 -1 -1 
490 226 22 25 0.5975127816200256 4 -1 -1 
645 387 41 29 0.5947305560112 3 -1 -1 
466 163 7 13 0.5724908113479614 10 -1 -1 
479 141 10 13 0.5706280469894409 8 -1 -1 
885 432 52 36 0.5704771876335144 7 -1 -1 
437 245 10 16 0.5668690800666809 2 -1 -1 
492 272 9 19 0.5605265498161316 10 -1 -1 
647 216 10 17 0.5581828951835632 10 -1 -1 
714 323 15 28 0.5567192435264587 1 -1 -1 
513 161 6 10 0.5554360747337341 2 -1 -1 
530 335 13 24 0.5535881519317627 2 -1 -1 
544 312 21 20 0.553463339805603 10 -1 -1 
549 303 12 25 0.545249879360199 2 -1 -1 
512 166 7 10 0.5438017249107361 10 -1 -1 
106 413 34 22 0.541000247001648 10 -1 -1 
530 339 13 28 0.5396156311035156 10 -1 -1 
488 346 13 19 0.5335785150527954 2 -1 -1 
255 354 14 24 0.5334464907646179 2 -1 -1 
512 294 11 19 0.5323452949523926 10 -1 -1 
488 116 6 9 0.5290605425834656 2 -1 -1 
507 131 10 16 0.5228184461593628 7 -1 -1 
509 148 7 10 0.521895170211792 2 -1 -1 
488 119 7 10 0.5209188461303711 10 -1 -1 
524 241 12 17 0.5204800963401794 10 -1 -1 
598 374 14 33 0.5169168710708618 10 -1 -1 
549 325 12 28 0.5166122317314148 1 -1 -1 
681 367 11 27 0.5128081440925598 1 -1 -1 
551 326 10 23 0.5084354877471924 2 -1 -1 
479 141 10 13 0.5082154870033264 7 -1 -1 
487 351 14 21 0.5032209753990173 10 -1 -1 
510 152 6 11 0.497891366481781 10 -1 -1 
567 310 12 24 0.4881267845630646 2 -1 -1 
403 240 10 19 0.48452112078666687 10 -1 -1 
525 239 10 16 0.47941160202026367 2 -1 -1 
512 288 11 18 0.4775005280971527 2 -1 -1 
524 214 51 27 0.47691723704338074 8 -1 -1 
482 96 12 10 0.4765613377094269 7 -1 -1 
360 282 24 26 0.4716068506240845 10 -1 -1 
730 327 23 27 0.45476314425468445 10 -1 -1 
564 319 15 25 0.4546016454696655 10 -1 -1 
456 180 8 18 0.44838038086891174 2 -1 -1 
641 205 23 16 0.44484469294548035 10 -1 -1 
260 512 22 26 0.4440069794654846 2 -1 -1 
886 416 71 53 0.4437956213951111 7 -1 -1 
151 419 21 35 0.43872207403182983 2 -1 -1 
664 330 18 43 0.43620583415031433 7 -1 -1 
631 281 8 19 0.4340367913246155 1 -1 -1 
100 399 39 21 0.4303353428840637 10 -1 -1 
480 94 13 12 0.43002474308013916 4 -1 -1 
365 305 17 28 0.42819616198539734 10 -1 -1 
651 206 13 15 0.42788973450660706 10 -1 -1 
567 310 11 23 0.4185546934604645 1 -1 -1 
606 377 14 31 0.4174535870552063 10 -1 -1 
519 168 7 17 0.41422238945961 1 -1 -1 
329 372 48 48 0.4139803946018219 7 -1 -1 
514 112 5 10 0.41385918855667114 10 -1 -1 
456 184 8 20 0.41300755739212036 10 -1 -1 
664 332 17 41 0.41241654753685 10 -1 -1 
361 276 17 28 0.41028448939323425 10 -1 -1 
598 370 14 37 0.4007926285266876 1 -1 -1 
696 240 22 15 0.4004861116409302 10 -1 -1 
512 289 11 20 0.40000686049461365 10 -1 -1 
67 448 23 30 0.3994424641132355 2 -1 -1 
365 305 17 28 0.3988252282142639 2 -1 -1 
106 414 31 32 0.3973386585712433 10 -1 -1 
524 216 20 26 0.3954519033432007 8 -1 -1 
514 110 5 10 0.39515775442123413 2 -1 -1 
570 255 37 22 0.39485952258110046 3 -1 -1 
319 288 31 19 0.39463895559310913 10 -1 -1 
547 305 15 25 0.3922979235649109 10 -1 -1 
586 278 41 20 0.3855580687522888 7 -1 -1 
121 413 21 21 0.38419729471206665 10 -1 -1 
456 181 8 19 0.38352295756340027 1 -1 -1 
754 276 48 24 0.3829900026321411 7 -1 -1 
105 415 30 35 0.381820410490036 3 -1 -1 
123 435 22 18 0.37887927889823914 3 -1 -1 
646 387 40 29 0.37579280138015747 7 -1 -1 
531 335 12 28 0.3743845522403717 1 -1 -1 
550 330 11 24 0.36976417899131775 10 -1 -1 
731 321 17 26 0.36843475699424744 10 -1 -1 
754 275 48 24 0.3674045205116272 8 -1 -1 
550 334 11 20 0.3666253089904785 3 -1 -1 
490 226 22 25 0.3663531541824341 8 -1 -1 
732 320 16 24 0.36632055044174194 2 -1 -1 
17 378 13 21 0.36508089303970337 2 -1 -1 
341 295 37 29 0.36457979679107666 10 -1 -1 
523 214 54 28 0.359533429145813 7 -1 -1 
404 233 9 18 0.35914984345436096 2 -1 -1 
268 512 19 26 0.35590773820877075 2 -1 -1 
563 321 16 23 0.35506609082221985 3 -1 -1 
486 202 13 18 0.3543080687522888 2 -1 -1 
506 307 18 40 0.3521805703639984 7 -1 -1 
512 160 6 9 0.350545734167099 2 -1 -1 
121 398 19 17 0.35028275847435 10 -1 -1 
403 236 10 21 0.3471197187900543 2 -1 -1 
488 346 13 21 0.34495973587036133 10 -1 -1 
518 121 7 15 0.3444303274154663 1 -1 -1 
677 368 15 32 0.3439708352088928 1 -1 -1 
598 371 15 36 0.3438261151313782 2 -1 -1 
647 198 10 17 0.34355440735816956 2 -1 -1 
491 266 10 18 0.34353360533714294 1 -1 -1 
466 159 7 14 0.343302458524704 10 -1 -1 
9 378 15 20 0.3425486981868744 2 -1 -1 
562 242 8 22 0.341824471950531 1 -1 -1 
364 304 18 30 0.34150493144989014 1 -1 -1 
260 511 28 27 0.3402579724788666 10 -1 -1 
650 374 13 18 0.33903518319129944 2 -1 -1 
509 151 7 11 0.33896201848983765 2 -1 -1 
359 291 25 20 0.33456000685691833 10 -1 -1 
259 512 23 26 0.334440141916275 1 -1 -1 
63 451 36 29 0.3324230909347534 2 -1 -1 
505 257 10 20 0.3321119546890259 2 -1 -1 
646 387 40 29 0.3308951258659363 8 -1 -1 
562 256 44 23 0.33037877082824707 10 -1 -1 
357 384 18 24 0.3289276659488678 2 -1 -1 
332 376 46 42 0.32639461755752563 2 -1 -1 
647 214 9 18 0.32552334666252136 2 -1 -1 
391 242 9 21 0.32356777787208557 1 -1 -1 
642 202 16 17 0.32232213020324707 10 -1 -1 
572 259 34 16 0.32151496410369873 10 -1 -1 
98 407 16 22 0.3211424648761749 2 -1 -1 
525 239 11 19 0.3202996551990509 1 -1 -1 
640 277 36 22 0.3199593424797058 10 -1 -1 
383 212 29 24 0.3192192316055298 4 -1 -1 
347 293 36 26 0.315009742975235 10 -1 -1 
1 401 10 24 0.3145945072174072 1 -1 -1 
673 235 29 18 0.31416210532188416 10 -1 -1 
520 168 6 15 0.31309106945991516 2 -1 -1 
644 199 9 16 0.31105899810791016 2 -1 -1 
522 245 13 16 0.3108905851840973 10 -1 -1 
551 271 23 34 0.3104829788208008 8 -1 -1 
509 149 7 11 0.3098623752593994 10 -1 -1 
601 369 19 36 0.3084578812122345 1 -1 -1 
737 320 15 26 0.3075059950351715 2 -1 -1 
524 215 54 27 0.30644387006759644 6 -1 -1 
122 430 17 23 0.3047295808792114 3 -1 -1 
373 259 22 22 0.3039902448654175 10 -1 -1 
121 432 21 21 0.30306822061538696 10 -1 -1 
505 259 9 21 0.3020426034927368 10 -1 -1 
518 122 7 11 0.3004789650440216 2 -1 -1 
406 231 9 16 0.3003006875514984 2 -1 -1 
519 168 7 17 0.29993936419487 10 -1 -1 
492 345 11 18 0.29967087507247925 2 -1 -1 
254 353 17 35 0.28887030482292175 2 -1 -1 
551 271 22 34 0.27416080236434937 10 -1 -1 
886 416 70 53 0.26373037695884705 8 -1 -1 
27 375 26 28 0.2631947100162506 2 -1 -1 
486 340 17 33 0.2625707685947418 10 -1 -1 
554 259 45 23 0.25085699558258057 10 -1 -1 
629 198 34 23 0.2500412166118622 10 -1 -1 
118 419 23 33 0.23310889303684235 3 -1 -1 
561 241 42 28 0.2207481414079666 8 -1 -1 
155 420 37 25 0.21817073225975037 1 -1 -1 
489 225 23 26 0.21724368631839752 7 -1 -1 
596 274 39 23 0.2162608504295349 8 -1 -1 
121 399 21 35 0.21584613621234894 10 -1 -1 
640 274 37 25 0.21241095662117004 3 -1 -1 
673 233 41 22 0.20965412259101868 10 -1 -1 
246 355 24 37 0.2093660682439804 2 -1 -1 
107 400 36 27 0.20728273689746857 10 -1 -1 
530 225 51 25 0.2067074179649353 7 -1 -1 
575 278 43 22 0.2060690075159073 7 -1 -1 
545 438 19 42 0.20292465388774872 2 -1 -1 
585 229 51 23 0.20204833149909973 4 -1 -1 
562 256 44 23 0.201679527759552 7 -1 -1 
155 418 37 26 0.20141451060771942 2 -1 -1 
546 238 42 25 0.19742882251739502 7 -1 -1 
28 375 25 28 0.19649991393089294 1 -1 -1 
525 208 57 28 0.1930181086063385 7 -1 -1 
118 419 23 33 0.19110915064811707 10 -1 -1 
8 375 44 28 0.1910700798034668 7 -1 -1 
260 511 28 27 0.18851879239082336 7 -1 -1 
153 412 32 39 0.18789014220237732 2 -1 -1 
116 49 69 69 0.18735040724277496 4 -1 -1 
125 201 81 52 0.18464240431785583 4 -1 -1 
550 240 48 29 0.18361374735832214 7 -1 -1 
260 511 28 27 0.18238146603107452 3 -1 -1 
599 229 37 22 0.17975124716758728 8 -1 -1 
51 212 165 88 0.17950686812400818 4 -1 -1 
151 410 35 31 0.17936620116233826 10 -1 -1 
622 427 17 42 0.1790134161710739 4 -1 -1 
78 244 127 50 0.1785397082567215 4 -1 -1 
563 250 43 26 0.17542317509651184 8 -1 -1 
506 307 19 39 0.17380157113075256 2 -1 -1 
107 419 32 24 0.17221608757972717 3 -1 -1 
525 208 57 28 0.1713530421257019 8 -1 -1 
604 227 32 24 0.16913558542728424 7 -1 -1 
563 238 42 22 0.16854147613048553 8 -1 -1 
327 370 52 50 0.1682300716638565 10 -1 -1 
253 354 17 37 0.16752900183200836 1 -1 -1 
155 418 37 26 0.16729922592639923 10 -1 -1 
560 238 43 23 0.16648438572883606 7 -1 -1 
150 204 76 50 0.16628122329711914 4 -1 -1 
145 407 36 28 0.16508013010025024 10 -1 -1 
530 224 55 24 0.1648114025592804 6 -1 -1 
86 209 122 58 0.164017453789711 4 -1 -1 
530 224 55 24 0.16344264149665833 8 -1 -1 
506 307 19 39 0.16256503760814667 1 -1 -1 
731 294 60 52 0.16027742624282837 7 -1 -1 
523 215 32 27 0.1597006767988205 7 -1 -1 
489 225 23 26 0.15928584337234497 5 -1 -1 
604 193 49 22 0.15616001188755035 4 -1 -1 
543 232 40 25 0.15485408902168274 7 -1 -1 
61 243 104 58 0.15300120413303375 4 -1 -1 
558 248 48 26 0.15161411464214325 7 -1 -1 
111 426 29 28 0.15011213719844818 3 -1 -1 
322 233 75 37 0.1492241472005844 6 -1 -1 
261 506 29 32 0.14825774729251862 2 -1 -1 
545 436 19 34 0.14804472029209137 1 -1 -1 
102 422 31 27 0.14782996475696564 10 -1 -1 
545 237 43 23 0.14742256700992584 8 -1 -1 
558 248 48 26 0.14683805406093597 10 -1 -1 
415 164 35 21 0.14541678130626678 4 -1 -1 
153 412 32 39 0.14484600722789764 1 -1 -1 
98 422 33 27 0.1448303610086441 3 -1 -1 
640 274 37 26 0.14475934207439423 7 -1 -1 
123 47 80 56 0.14470164477825165 4 -1 -1 
116 412 29 31 0.1446574479341507 10 -1 -1 
684 235 34 21 0.14372467994689941 10 -1 -1 
264 509 26 29 0.14280039072036743 1 -1 -1 
636 203 27 23 0.14200402796268463 10 -1 -1 
548 237 49 27 0.1408786177635193 4 -1 -1 
525 211 57 24 0.14073239266872406 6 -1 -1 
244 366 24 30 0.1402626931667328 2 -1 -1 
505 307 19 40 0.13983343541622162 3 -1 -1 
535 205 48 24 0.13862723112106323 7 -1 -1 
544 439 20 41 0.13801851868629456 3 -1 -1 
31 228 159 83 0.1374409943819046 4 -1 -1 
485 201 15 32 0.13667671382427216 10 -1 -1 
0 181 62 63 0.1359565407037735 4 -1 -1 
545 238 29 29 0.1350613236427307 10 -1 -1 
551 271 22 34 0.13439087569713593 3 -1 -1 
557 258 47 23 0.1341433972120285 3 -1 -1 
45 223 161 83 0.1335514634847641 5 -1 -1 
146 411 26 35 0.13353443145751953 1 -1 -1 
640 274 37 25 0.13189953565597534 8 -1 -1 
39 246 102 60 0.13181085884571075 4 -1 -1 
419 166 33 19 0.13177284598350525 10 -1 -1 
543 232 40 25 0.1306527853012085 6 -1 -1 
638 268 31 29 0.12941651046276093 10 -1 -1 
570 253 37 21 0.1276950240135193 7 -1 -1 
111 404 35 30 0.12706710398197174 10 -1 -1 
151 50 68 53 0.12654617428779602 4 -1 -1 
489 224 24 27 0.12614096701145172 6 -1 -1 
638 268 31 29 0.12602008879184723 3 -1 -1 
625 196 36 24 0.12579266726970673 7 -1 -1 
113 74 98 50 0.12571226060390472 4 -1 -1 
163 195 81 55 0.1253402680158615 4 -1 -1 
523 215 57 28 0.12500905990600586 5 -1 -1 
8 375 44 28 0.12398757040500641 8 -1 -1 
71 217 121 59 0.1233886182308197 4 -1 -1 
753 281 58 59 0.12270022183656693 7 -1 -1 
547 239 42 27 0.12264600396156311 10 -1 -1 
553 250 40 26 0.12226913869380951 10 -1 -1 
535 205 48 24 0.12189579010009766 8 -1 -1 
144 406 25 33 0.1216866746544838 1 -1 -1 
550 244 51 29 0.1209304928779602 4 -1 -1 
551 270 23 33 0.12085659801959991 2 -1 -1 
605 236 32 20 0.12071598321199417 8 -1 -1 
315 499 68 40 0.11973276734352112 5 -1 -1 
239 185 41 72 0.1195342019200325 4 -1 -1 
597 276 38 21 0.11903738230466843 3 -1 -1 
616 195 43 24 0.11887549608945847 10 -1 -1 
52 440 54 44 0.11865602433681488 10 -1 -1 
554 259 45 23 0.11854559928178787 7 -1 -1 
730 294 62 53 0.118110790848732 8 -1 -1 
558 255 48 23 0.11768873035907745 4 -1 -1 
53 229 100 60 0.11730028688907623 4 -1 -1 
151 419 22 35 0.11723974347114563 10 -1 -1 
246 362 23 33 0.1164230927824974 1 -1 -1 
560 311 20 32 0.11621304601430893 10 -1 -1 
538 221 88 37 0.11605479568243027 6 -1 -1 
757 277 59 63 0.11597716808319092 8 -1 -1 
543 228 77 36 0.11580649018287659 7 -1 -1 
260 511 28 28 0.11525272578001022 8 -1 -1 
547 237 44 26 0.1152060404419899 6 -1 -1 
178 206 79 48 0.11498288065195084 4 -1 -1 
143 404 19 31 0.1146584153175354 10 -1 -1 
558 257 47 24 0.11447858810424805 8 -1 -1 
605 236 32 20 0.11395880579948425 7 -1 -1 
606 219 30 32 0.11312215775251389 8 -1 -1 
506 307 19 39 0.11293826252222061 5 -1 -1 
113 42 69 54 0.1129063293337822 4 -1 -1 
571 245 36 26 0.11266601085662842 3 -1 -1 
520 204 64 40 0.09887929260730743 6 -1 -1 
526 215 80 37 0.0980011448264122 6 -1 -1 
526 215 80 37 0.09700736403465271 7 -1 -1 
538 221 88 37 0.09586027264595032 8 -1 -1 
77 197 169 79 0.09492645412683487 4 -1 -1 
541 234 65 37 0.09302515536546707 7 -1 -1 
544 234 69 36 0.09289541095495224 6 -1 -1 
544 234 69 36 0.09147288650274277 8 -1 -1 
50 207 169 79 0.09043735265731812 5 -1 -1 
520 221 72 42 0.0888335108757019 6 -1 -1 
527 222 72 41 0.0836179256439209 7 -1 -1 
553 230 81 35 0.08231442421674728 6 -1 -1 
536 226 70 39 0.0814211294054985 6 -1 -1 
75 229 173 84 0.07900473475456238 4 -1 -1 
560 227 77 32 0.07467304915189743 8 -1 -1 
536 226 70 39 0.07328922301530838 8 -1 -1 
560 227 77 32 0.07321906089782715 7 -1 -1 
752 330 184 132 0.07153844088315964 6 -1 -1 
2 201 174 100 0.07124976068735123 4 -1 -1 
56 244 155 70 0.07035549730062485 4 -1 -1 
534 220 101 35 0.06946779042482376 7 -1 -1 
806 394 153 74 0.06747986376285553 6 -1 -1 
561 226 76 31 0.06596120446920395 6 -1 -1 
562 223 75 33 0.06322337687015533 4 -1 -1 
49 225 170 83 0.06314529478549957 9 -1 -1 
75 229 173 84 0.056832876056432724 5 -1 -1 
57 201 164 71 0.05576371029019356 9 -1 -1 
71 245 162 71 0.05455256253480911 9 -1 -1 
806 394 153 74 0.05369213968515396 8 -1 -1 
32 242 149 74 0.053138554096221924 5 -1 -1 
32 242 149 74 0.05293719470500946 9 -1 -1 
28 195 182 78 0.052892401814460754 4 -1 -1 
523 210 67 33 0.05237216129899025 9 -1 -1 
517 209 68 38 0.05223780870437622 7 -1 -1 
523 210 67 33 0.052153319120407104 4 -1 -1 
133 185 142 83 0.050983116030693054 4 -1 -1 
548 239 73 37 0.05076907202601433 7 -1 -1 
