416 242 108 190 0.9340205788612366 4 -1 -1 
566 128 91 121 0.8880429267883301 4 -1 -1 
1121 49 111 76 0.8801018595695496 4 -1 -1 
1190 134 129 99 0.6861649751663208 4 -1 -1 
353 240 34 56 0.5697985291481018 2 -1 -1 
352 240 36 70 0.5500779151916504 10 -1 -1 
245 363 38 56 0.5237864255905151 2 -1 -1 
297 385 47 80 0.5194277167320251 10 -1 -1 
300 384 39 55 0.5034834742546082 2 -1 -1 
345 488 37 46 0.4634653627872467 10 -1 -1 
247 354 36 49 0.4617200791835785 2 -1 -1 
330 488 63 81 0.4607901871204376 10 -1 -1 
343 487 34 36 0.4470585286617279 2 -1 -1 
239 357 50 68 0.4217657148838043 10 -1 -1 
307 405 38 61 0.4211442768573761 10 -1 -1 
346 487 23 28 0.4018987715244293 2 -1 -1 
1251 238 109 152 0.35759592056274414 4 -1 -1 
292 538 48 44 0.3415452539920807 2 -1 -1 
344 490 39 50 0.3341214656829834 2 -1 -1 
303 568 47 35 0.3338220715522766 3 -1 -1 
343 493 42 62 0.33228740096092224 10 -1 -1 
302 566 51 35 0.33183687925338745 10 -1 -1 
303 568 46 36 0.32982829213142395 1 -1 -1 
1063 0 86 47 0.32846730947494507 10 -1 -1 
291 520 58 74 0.3168252110481262 10 -1 -1 
304 393 38 63 0.3165047764778137 2 -1 -1 
1071 8 84 50 0.3088785707950592 10 -1 -1 
296 519 36 50 0.30187615752220154 10 -1 -1 
342 487 33 35 0.2942524254322052 10 -1 -1 
1082 0 62 45 0.290823757648468 2 -1 -1 
302 390 38 56 0.28823307156562805 10 -1 -1 
341 511 40 56 0.28767701983451843 10 -1 -1 
301 380 33 43 0.2723848521709442 2 -1 -1 
1083 10 61 40 0.2659684419631958 10 -1 -1 
347 521 50 46 0.26432207226753235 10 -1 -1 
299 519 32 47 0.2603561580181122 2 -1 -1 
356 266 32 52 0.2590068280696869 10 -1 -1 
296 540 44 41 0.24602927267551422 10 -1 -1 
300 552 51 44 0.24333810806274414 10 -1 -1 
239 357 49 68 0.23661528527736664 7 -1 -1 
318 515 82 66 0.2340005487203598 10 -1 -1 
305 573 41 44 0.22999101877212524 3 -1 -1 
296 545 46 37 0.2276879847049713 1 -1 -1 
351 487 24 29 0.227594792842865 2 -1 -1 
241 380 50 47 0.22219868004322052 10 -1 -1 
1283 237 75 132 0.21941547095775604 4 -1 -1 
293 520 87 68 0.21375122666358948 10 -1 -1 
357 246 25 32 0.21311025321483612 2 -1 -1 
289 543 65 65 0.2058289796113968 10 -1 -1 
303 568 46 36 0.20522964000701904 2 -1 -1 
349 536 49 34 0.20071040093898773 10 -1 -1 
342 489 23 29 0.19460429251194 10 -1 -1 
353 239 33 52 0.19270075857639313 1 -1 -1 
1252 237 108 151 0.19160480797290802 6 -1 -1 
304 575 38 42 0.1858704537153244 1 -1 -1 
291 530 47 51 0.1748708188533783 1 -1 -1 
339 487 29 35 0.17484168708324432 3 -1 -1 
357 269 31 49 0.17203915119171143 3 -1 -1 
294 556 52 42 0.1709926873445511 3 -1 -1 
360 277 22 38 0.16977648437023163 10 -1 -1 
296 548 48 44 0.1677904725074768 2 -1 -1 
313 415 23 32 0.16488897800445557 2 -1 -1 
345 531 38 40 0.1632372885942459 10 -1 -1 
1063 0 86 47 0.163131982088089 4 -1 -1 
1191 237 157 148 0.16114464402198792 4 -1 -1 
305 573 41 44 0.16079458594322205 10 -1 -1 
353 243 35 72 0.1592131406068802 3 -1 -1 
344 487 20 23 0.15721985697746277 2 -1 -1 
253 370 26 33 0.15717419981956482 2 -1 -1 
304 576 36 24 0.1565951108932495 3 -1 -1 
304 576 36 24 0.15365280210971832 1 -1 -1 
360 253 23 34 0.15328216552734375 2 -1 -1 
244 375 48 50 0.14907456934452057 2 -1 -1 
350 540 28 26 0.14895112812519073 10 -1 -1 
290 547 49 43 0.14878584444522858 10 -1 -1 
348 506 51 53 0.14745236933231354 10 -1 -1 
297 386 47 79 0.14322932064533234 7 -1 -1 
300 384 39 55 0.1405012011528015 1 -1 -1 
346 487 23 28 0.13975799083709717 1 -1 -1 
246 363 37 56 0.1385180503129959 1 -1 -1 
297 519 33 47 0.13661490380764008 7 -1 -1 
303 521 22 34 0.1355678290128708 2 -1 -1 
296 520 37 51 0.1355670690536499 1 -1 -1 
288 550 64 62 0.13414333760738373 3 -1 -1 
242 351 35 39 0.1334909051656723 2 -1 -1 
303 417 34 49 0.1332722306251526 10 -1 -1 
1191 134 128 99 0.13268527388572693 5 -1 -1 
343 487 33 36 0.130586639046669 1 -1 -1 
353 493 25 31 0.13020406663417816 2 -1 -1 
303 545 45 36 0.1300487369298935 2 -1 -1 
1059 0 87 46 0.12989483773708344 1 -1 -1 
1059 0 42 41 0.12888330221176147 1 -1 -1 
297 398 36 61 0.12879885733127594 10 -1 -1 
238 358 52 68 0.12852203845977783 3 -1 -1 
305 404 37 62 0.12821584939956665 3 -1 -1 
300 551 51 41 0.12705378234386444 1 -1 -1 
305 575 37 25 0.12469352036714554 10 -1 -1 
346 488 35 46 0.12261508405208588 1 -1 -1 
1059 0 88 47 0.1221279576420784 3 -1 -1 
292 560 45 44 0.12104713171720505 10 -1 -1 
294 383 34 47 0.12080129235982895 2 -1 -1 
309 426 39 42 0.12059525400400162 10 -1 -1 
1062 0 73 39 0.12046841531991959 2 -1 -1 
1076 0 86 60 0.12033228576183319 4 -1 -1 
246 356 37 52 0.12001202255487442 10 -1 -1 
308 582 32 45 0.1186254620552063 10 -1 -1 
1260 234 102 154 0.1184353232383728 9 -1 -1 
1089 18 63 37 0.11795344948768616 10 -1 -1 
1203 139 154 108 0.11663695424795151 4 -1 -1 
306 573 37 25 0.11645161360502243 2 -1 -1 
1260 234 102 154 0.1162421852350235 1 -1 -1 
340 497 68 76 0.11147718131542206 10 -1 -1 
352 240 36 70 0.11023786664009094 7 -1 -1 
1192 241 76 62 0.11012791097164154 1 -1 -1 
309 572 38 26 0.10964945703744888 1 -1 -1 
325 520 52 46 0.10899117588996887 10 -1 -1 
1185 236 157 139 0.10879599303007126 6 -1 -1 
256 370 33 53 0.1084647998213768 10 -1 -1 
1175 421 50 49 0.10820961743593216 1 -1 -1 
308 406 38 61 0.1076141819357872 2 -1 -1 
299 557 61 61 0.10732883214950562 10 -1 -1 
1063 0 85 46 0.10697609931230545 9 -1 -1 
304 393 38 63 0.10651552677154541 1 -1 -1 
242 382 54 43 0.1064753457903862 3 -1 -1 
285 563 67 64 0.10637298226356506 10 -1 -1 
297 398 36 61 0.10543901473283768 3 -1 -1 
239 357 49 68 0.1052136942744255 8 -1 -1 
245 353 37 49 0.10488136857748032 1 -1 -1 
293 565 43 41 0.10465511679649353 3 -1 -1 
351 236 33 36 0.10218888521194458 2 -1 -1 
307 571 38 24 0.10188733786344528 3 -1 -1 
342 489 20 28 0.10183458030223846 3 -1 -1 
351 487 24 29 0.10154763609170914 1 -1 -1 
236 351 54 71 0.10111475735902786 2 -1 -1 
252 365 28 28 0.10031347721815109 2 -1 -1 
341 490 20 29 0.10008148103952408 2 -1 -1 
362 520 41 44 0.09963418543338776 10 -1 -1 
565 128 92 121 0.09915895760059357 5 -1 -1 
357 521 47 47 0.09827346354722977 3 -1 -1 
416 242 108 190 0.09753239899873734 9 -1 -1 
247 368 27 30 0.09682933986186981 2 -1 -1 
348 485 19 21 0.0963061973452568 2 -1 -1 
350 526 37 22 0.09573624283075333 10 -1 -1 
317 412 23 30 0.09538832306861877 2 -1 -1 
1085 31 61 18 0.09473282843828201 4 -1 -1 
354 252 24 31 0.09315858781337738 2 -1 -1 
1190 134 129 99 0.09265151619911194 1 -1 -1 
1284 236 74 119 0.09263239055871964 1 -1 -1 
303 384 23 31 0.09262437373399734 2 -1 -1 
1098 4 51 44 0.09244801849126816 10 -1 -1 
1251 238 109 151 0.09169773012399673 7 -1 -1 
1087 12 62 38 0.09121636301279068 4 -1 -1 
301 562 58 60 0.09089510142803192 3 -1 -1 
332 517 71 61 0.09083742648363113 3 -1 -1 
1120 48 114 78 0.0899035856127739 1 -1 -1 
309 571 42 23 0.0898255705833435 10 -1 -1 
304 575 38 42 0.08919429033994675 2 -1 -1 
332 536 45 38 0.08886290341615677 10 -1 -1 
1257 234 102 92 0.08882603794336319 4 -1 -1 
311 396 36 51 0.08818728476762772 10 -1 -1 
303 568 47 35 0.08806518465280533 4 -1 -1 
342 489 20 28 0.08786051720380783 1 -1 -1 
342 497 44 65 0.08763144910335541 2 -1 -1 
242 351 35 39 0.08690208941698074 1 -1 -1 
296 382 36 46 0.08688867092132568 1 -1 -1 
288 528 46 53 0.08666704595088959 10 -1 -1 
1074 5 85 55 0.08597499877214432 1 -1 -1 
308 410 25 33 0.08579585701227188 2 -1 -1 
416 242 108 190 0.08564116060733795 5 -1 -1 
416 242 108 190 0.08552341163158417 10 -1 -1 
313 522 17 35 0.08518169820308685 2 -1 -1 
281 576 63 65 0.08487270027399063 3 -1 -1 
310 418 22 35 0.08357218652963638 2 -1 -1 
345 488 37 46 0.08342602103948593 4 -1 -1 
357 243 25 33 0.08337405323982239 1 -1 -1 
256 365 33 58 0.08255347609519958 2 -1 -1 
1253 238 107 150 0.08185552805662155 2 -1 -1 
1071 8 84 50 0.08151111006736755 3 -1 -1 
350 533 51 41 0.08103915303945541 3 -1 -1 
342 487 37 41 0.08089900761842728 3 -1 -1 
240 394 44 33 0.08071877807378769 10 -1 -1 
365 256 22 39 0.08069321513175964 2 -1 -1 
305 396 25 33 0.08049844950437546 2 -1 -1 
416 242 108 190 0.08035793900489807 1 -1 -1 
1170 418 70 65 0.08001310378313065 1 -1 -1 
1070 13 61 36 0.07989191263914108 1 -1 -1 
566 127 90 122 0.07988803088665009 1 -1 -1 
299 518 30 38 0.07925896346569061 1 -1 -1 
359 237 31 47 0.07904212921857834 2 -1 -1 
317 546 24 31 0.0788540169596672 2 -1 -1 
308 426 36 42 0.0782836452126503 3 -1 -1 
347 487 24 29 0.07817986607551575 10 -1 -1 
1175 236 103 132 0.0780942291021347 4 -1 -1 
301 547 85 62 0.0779629796743393 10 -1 -1 
310 578 44 48 0.07790669798851013 10 -1 -1 
1061 0 63 41 0.07777131348848343 10 -1 -1 
242 400 52 27 0.07776744663715363 3 -1 -1 
1061 0 45 38 0.07764603197574615 2 -1 -1 
311 431 24 34 0.07752049714326859 10 -1 -1 
344 487 35 38 0.07750630378723145 7 -1 -1 
1208 465 37 36 0.07734333723783493 1 -1 -1 
308 590 22 35 0.07720866799354553 10 -1 -1 
289 519 57 79 0.07719497382640839 2 -1 -1 
353 241 35 67 0.07705168426036835 4 -1 -1 
341 497 30 26 0.07690096646547318 3 -1 -1 
300 389 38 57 0.07671020925045013 3 -1 -1 
351 495 25 30 0.07640685886144638 10 -1 -1 
297 385 47 80 0.07637866586446762 8 -1 -1 
350 487 33 34 0.07605797052383423 10 -1 -1 
1198 290 55 27 0.07529805600643158 1 -1 -1 
1074 5 85 55 0.07504536956548691 2 -1 -1 
356 258 23 35 0.07489585876464844 2 -1 -1 
331 487 61 81 0.07460411638021469 2 -1 -1 
1275 85 54 44 0.07458212971687317 1 -1 -1 
1200 210 157 141 0.0738295316696167 6 -1 -1 
289 525 63 75 0.07327362149953842 3 -1 -1 
1191 237 157 148 0.07310942560434341 1 -1 -1 
1260 234 102 154 0.07247951626777649 5 -1 -1 
274 537 70 76 0.0723000019788742 10 -1 -1 
360 277 22 38 0.07213035970926285 3 -1 -1 
333 492 64 79 0.07162453234195709 3 -1 -1 
285 550 67 54 0.07064070552587509 7 -1 -1 
1216 206 142 161 0.07055085897445679 4 -1 -1 
347 530 30 24 0.07050521671772003 10 -1 -1 
285 563 67 64 0.06971219182014465 7 -1 -1 
1066 -1 84 49 0.06950727105140686 7 -1 -1 
1194 150 22 41 0.06908176094293594 1 -1 -1 
311 524 90 66 0.06900842487812042 3 -1 -1 
353 538 33 24 0.0687890574336052 10 -1 -1 
353 545 32 24 0.06835436820983887 10 -1 -1 
361 242 25 31 0.06824660301208496 2 -1 -1 
1191 237 157 148 0.06764213740825653 7 -1 -1 
1231 110 139 116 0.06669329851865768 4 -1 -1 
317 546 24 31 0.06648419052362442 1 -1 -1 
340 494 20 26 0.06617018580436707 10 -1 -1 
1043 5 97 55 0.06603080779314041 1 -1 -1 
1195 253 64 42 0.06568294018507004 1 -1 -1 
308 590 22 35 0.06558329612016678 3 -1 -1 
349 499 26 28 0.06538286060094833 2 -1 -1 
306 569 34 25 0.06490195542573929 1 -1 -1 
357 275 22 33 0.06490005552768707 10 -1 -1 
305 566 37 24 0.0648694708943367 3 -1 -1 
304 523 22 38 0.06478738784790039 10 -1 -1 
303 520 22 31 0.06429369747638702 1 -1 -1 
312 406 25 33 0.06425978988409042 2 -1 -1 
348 504 26 29 0.06394045054912567 10 -1 -1 
290 520 56 73 0.06387534737586975 1 -1 -1 
1179 234 101 134 0.06378819793462753 1 -1 -1 
313 522 17 35 0.06372291594743729 1 -1 -1 
309 569 43 22 0.06274750828742981 2 -1 -1 
339 498 20 24 0.061903003603219986 3 -1 -1 
1191 237 157 148 0.061587631702423096 8 -1 -1 
311 429 23 33 0.06156645715236664 2 -1 -1 
348 518 59 64 0.061488423496484756 10 -1 -1 
1252 239 108 150 0.061160001903772354 8 -1 -1 
363 268 21 35 0.06064118072390556 10 -1 -1 
301 547 85 62 0.06012161448597908 3 -1 -1 
312 580 30 26 0.059755124151706696 1 -1 -1 
339 479 58 73 0.059630561619997025 10 -1 -1 
306 583 33 24 0.059620268642902374 3 -1 -1 
345 485 19 24 0.05946224927902222 1 -1 -1 
313 415 23 32 0.05918058753013611 1 -1 -1 
305 568 32 27 0.05917910113930702 10 -1 -1 
347 535 28 25 0.05883674696087837 10 -1 -1 
328 488 64 81 0.058749277144670486 7 -1 -1 
350 240 41 76 0.05822155997157097 9 -1 -1 
1063 0 85 47 0.058192092925310135 8 -1 -1 
307 567 40 22 0.058045368641614914 10 -1 -1 
281 576 63 65 0.05762471631169319 10 -1 -1 
352 245 24 30 0.057279810309410095 2 -1 -1 
258 386 22 34 0.05714273825287819 2 -1 -1 
312 570 40 21 0.05689135938882828 3 -1 -1 
1067 0 83 46 0.056492879986763 5 -1 -1 
290 520 56 73 0.056429069489240646 7 -1 -1 
261 366 23 32 0.05632457882165909 2 -1 -1 
310 425 22 33 0.055907875299453735 10 -1 -1 
302 570 32 28 0.05588912591338158 3 -1 -1 
281 576 63 65 0.05535050481557846 7 -1 -1 
353 493 25 31 0.05530916899442673 1 -1 -1 
1261 240 100 149 0.05529368668794632 10 -1 -1 
318 515 82 66 0.05511472374200821 7 -1 -1 
1043 5 97 55 0.05510265752673149 10 -1 -1 
1185 236 157 139 0.054942697286605835 2 -1 -1 
1060 0 28 26 0.05459592491388321 1 -1 -1 
1175 236 103 132 0.05442167818546295 6 -1 -1 
349 514 29 26 0.05434839800000191 10 -1 -1 
416 242 108 190 0.05361137539148331 7 -1 -1 
1063 0 85 46 0.05358627438545227 6 -1 -1 
305 550 35 26 0.05357399955391884 2 -1 -1 
1211 467 42 36 0.05346240475773811 10 -1 -1 
304 560 38 20 0.05332603305578232 10 -1 -1 
245 373 25 32 0.053282320499420166 2 -1 -1 
341 497 31 26 0.05290666222572327 2 -1 -1 
1231 110 139 116 0.052889030426740646 9 -1 -1 
308 499 84 77 0.05282372981309891 3 -1 -1 
304 407 24 32 0.05274573341012001 2 -1 -1 
285 563 67 64 0.052744146436452866 8 -1 -1 
358 251 24 34 0.052555691450834274 1 -1 -1 
252 367 27 31 0.0524209700524807 1 -1 -1 
292 370 55 64 0.05238315463066101 2 -1 -1 
8 251 111 131 0.05172399431467056 1 -1 -1 
330 488 63 82 0.05154935270547867 4 -1 -1 
1203 163 153 154 0.05121040716767311 4 -1 -1 
1185 420 49 44 0.051124267280101776 1 -1 -1 
363 268 21 35 0.05112167447805405 3 -1 -1 
305 413 22 35 0.050862934440374374 2 -1 -1 
1081 0 105 60 0.05021561682224274 10 -1 -1 
284 509 59 71 0.050109196454286575 10 -1 -1 
