434 206 60 53 0.9976189732551575 9 -1 -1 
441 181 96 73 0.9861948490142822 6 -1 -1 
664 339 286 197 0.9820230603218079 6 -1 -1 
641 286 54 33 0.837510883808136 4 -1 -1 
700 318 62 35 0.8340970873832703 4 -1 -1 
798 367 58 45 0.6975361108779907 4 -1 -1 
246 69 12 9 0.6961110234260559 4 -1 -1 
537 261 42 30 0.6775615215301514 4 -1 -1 
342 132 23 13 0.6111174821853638 4 -1 -1 
918 436 41 46 0.5636404752731323 4 -1 -1 
271 157 10 16 0.5592018365859985 9 -1 -1 
239 58 10 9 0.4876517057418823 4 -1 -1 
565 505 53 34 0.4286231994628906 4 -1 -1 
218 35 10 9 0.37150996923446655 4 -1 -1 
338 115 13 9 0.36345919966697693 4 -1 -1 
442 181 93 73 0.36312735080718994 9 -1 -1 
337 114 14 10 0.3256986737251282 7 -1 -1 
434 206 60 53 0.31762754917144775 4 -1 -1 
271 157 10 16 0.3129613399505615 6 -1 -1 
592 248 21 21 0.30786246061325073 10 -1 -1 
238 58 11 9 0.30563923716545105 6 -1 -1 
538 261 40 29 0.3056376874446869 5 -1 -1 
124 54 22 12 0.3048064112663269 4 -1 -1 
137 61 18 11 0.28759098052978516 4 -1 -1 
792 436 151 100 0.2831643521785736 6 -1 -1 
434 206 60 53 0.2778793275356293 10 -1 -1 
434 207 59 52 0.2766098380088806 2 -1 -1 
434 206 59 53 0.27452367544174194 3 -1 -1 
348 238 16 17 0.27081817388534546 10 -1 -1 
271 157 10 16 0.27021902799606323 5 -1 -1 
594 230 13 28 0.26612240076065063 2 -1 -1 
667 332 137 112 0.26333189010620117 6 -1 -1 
385 166 19 10 0.25648465752601624 10 -1 -1 
798 367 59 45 0.2542891502380371 6 -1 -1 
434 206 60 53 0.24291057884693146 5 -1 -1 
440 182 44 38 0.24187608063220978 6 -1 -1 
140 63 20 10 0.23864291608333588 10 -1 -1 
438 317 10 20 0.23833826184272766 2 -1 -1 
798 367 59 45 0.23707284033298492 5 -1 -1 
434 325 16 17 0.2326744645833969 10 -1 -1 
210 27 12 8 0.22822333872318268 4 -1 -1 
434 206 60 53 0.22807474434375763 7 -1 -1 
434 207 59 52 0.22756680846214294 8 -1 -1 
762 314 12 26 0.22513650357723236 1 -1 -1 
238 54 14 13 0.22404110431671143 6 -1 -1 
434 206 60 53 0.21759232878684998 1 -1 -1 
430 322 20 20 0.21722641587257385 3 -1 -1 
155 26 37 20 0.2071077823638916 6 -1 -1 
350 244 15 13 0.20675545930862427 10 -1 -1 
594 237 15 27 0.20352324843406677 10 -1 -1 
374 240 7 14 0.20300741493701935 2 -1 -1 
374 242 7 14 0.200640007853508 10 -1 -1 
128 18 65 28 0.19697943329811096 9 -1 -1 
594 237 15 27 0.19551225006580353 2 -1 -1 
207 29 16 9 0.19355282187461853 4 -1 -1 
434 319 12 19 0.19152234494686127 2 -1 -1 
441 181 96 73 0.18836140632629395 4 -1 -1 
441 181 96 73 0.18779215216636658 10 -1 -1 
13 391 33 20 0.1873195916414261 4 -1 -1 
349 237 15 17 0.18719249963760376 2 -1 -1 
434 206 60 53 0.1852942407131195 6 -1 -1 
22 355 40 20 0.18306155502796173 4 -1 -1 
271 156 10 11 0.17565743625164032 9 -1 -1 
199 35 15 7 0.17426730692386627 4 -1 -1 
237 52 11 14 0.17341744899749756 6 -1 -1 
10 123 25 14 0.17313629388809204 4 -1 -1 
565 506 53 33 0.1722315102815628 5 -1 -1 
349 239 31 21 0.1697472333908081 10 -1 -1 
137 59 14 11 0.16906465590000153 4 -1 -1 
237 52 13 15 0.16651280224323273 9 -1 -1 
337 115 13 9 0.1658511757850647 10 -1 -1 
565 505 54 34 0.16462069749832153 8 -1 -1 
243 55 13 9 0.16272957623004913 4 -1 -1 
238 50 8 8 0.15980468690395355 9 -1 -1 
338 110 10 12 0.1574915498495102 2 -1 -1 
664 339 286 197 0.15674065053462982 4 -1 -1 
665 336 284 202 0.15641871094703674 5 -1 -1 
238 49 37 17 0.15324681997299194 9 -1 -1 
337 114 14 10 0.15116281807422638 6 -1 -1 
14 422 30 17 0.15054509043693542 4 -1 -1 
246 69 12 9 0.1492362767457962 6 -1 -1 
368 239 12 15 0.14756983518600464 2 -1 -1 
349 237 15 17 0.14613209664821625 4 -1 -1 
593 245 19 23 0.14528807997703552 2 -1 -1 
138 60 19 12 0.1451677680015564 10 -1 -1 
595 228 11 20 0.1449376940727234 2 -1 -1 
337 114 14 10 0.14482104778289795 8 -1 -1 
641 287 53 32 0.14479897916316986 6 -1 -1 
171 35 21 11 0.14424459636211395 4 -1 -1 
239 58 10 9 0.14315617084503174 7 -1 -1 
238 58 11 9 0.14308607578277588 9 -1 -1 
432 322 14 18 0.14300437271595 10 -1 -1 
239 48 40 17 0.1429872065782547 6 -1 -1 
271 157 10 16 0.1429390162229538 4 -1 -1 
336 113 12 10 0.1428750455379486 4 -1 -1 
436 323 13 18 0.14266861975193024 3 -1 -1 
853 357 13 26 0.14237625896930695 1 -1 -1 
441 181 96 73 0.1404644101858139 7 -1 -1 
594 245 24 25 0.140458881855011 4 -1 -1 
245 57 15 10 0.13785329461097717 4 -1 -1 
565 505 53 34 0.1371898055076599 7 -1 -1 
114 53 32 14 0.13649989664554596 4 -1 -1 
177 26 11 15 0.13593287765979767 2 -1 -1 
155 26 36 21 0.1357470154762268 4 -1 -1 
240 57 15 10 0.13426224887371063 6 -1 -1 
664 342 284 196 0.13243621587753296 10 -1 -1 
832 457 119 78 0.13051098585128784 6 -1 -1 
455 202 80 53 0.12886925041675568 6 -1 -1 
473 171 64 80 0.12872196733951569 6 -1 -1 
666 335 284 204 0.12782588601112366 2 -1 -1 
267 157 13 14 0.1277136355638504 9 -1 -1 
246 69 12 9 0.12759950757026672 5 -1 -1 
442 181 93 73 0.1274881213903427 5 -1 -1 
165 15 13 7 0.12436691671609879 4 -1 -1 
238 58 11 9 0.12228251248598099 5 -1 -1 
385 166 19 10 0.12025376409292221 4 -1 -1 
213 25 12 10 0.12013963609933853 4 -1 -1 
238 51 9 10 0.12003103643655777 6 -1 -1 
238 51 10 12 0.11952020972967148 9 -1 -1 
239 50 7 8 0.11909841001033783 6 -1 -1 
202 32 17 9 0.11740907281637192 4 -1 -1 
337 113 13 11 0.11702112853527069 2 -1 -1 
594 245 21 23 0.11555574834346771 9 -1 -1 
374 242 7 14 0.11554108560085297 1 -1 -1 
218 35 10 9 0.1152682825922966 5 -1 -1 
434 185 58 66 0.11432769149541855 9 -1 -1 
131 23 61 25 0.11431542783975601 6 -1 -1 
240 53 13 12 0.11398034542798996 4 -1 -1 
238 51 9 10 0.11348666995763779 4 -1 -1 
594 245 24 25 0.11326951533555984 6 -1 -1 
385 166 18 10 0.1132013276219368 3 -1 -1 
591 248 24 22 0.11256303638219833 3 -1 -1 
362 239 20 20 0.11211253702640533 10 -1 -1 
188 4 17 12 0.11205442994832993 4 -1 -1 
125 55 28 13 0.11201595515012741 4 -1 -1 
664 339 286 197 0.11114560812711716 7 -1 -1 
159 30 34 17 0.10930515080690384 9 -1 -1 
175 24 12 14 0.10859929025173187 2 -1 -1 
564 505 55 34 0.1077757477760315 6 -1 -1 
133 58 25 14 0.10674314200878143 4 -1 -1 
441 181 96 73 0.10640688240528107 2 -1 -1 
440 181 42 36 0.10569687187671661 9 -1 -1 
219 34 10 10 0.10538152605295181 6 -1 -1 
594 230 13 28 0.1053808405995369 1 -1 -1 
350 247 17 12 0.10396719723939896 10 -1 -1 
702 318 59 36 0.10390572994947433 5 -1 -1 
368 240 13 16 0.1037229672074318 10 -1 -1 
187 8 17 10 0.10364622622728348 4 -1 -1 
245 53 11 9 0.10320232063531876 4 -1 -1 
146 24 48 24 0.1026470959186554 9 -1 -1 
441 181 96 73 0.10257912427186966 3 -1 -1 
198 32 16 8 0.10189196467399597 4 -1 -1 
728 410 223 131 0.10161334276199341 6 -1 -1 
478 449 9 22 0.10150281339883804 1 -1 -1 
701 318 60 36 0.10140573978424072 6 -1 -1 
140 61 19 11 0.10010634362697601 2 -1 -1 
239 54 15 13 0.09977243095636368 9 -1 -1 
387 165 16 10 0.09920860081911087 2 -1 -1 
594 237 15 27 0.09850054979324341 1 -1 -1 
342 132 22 13 0.09847261011600494 5 -1 -1 
431 320 13 19 0.09787201136350632 2 -1 -1 
385 166 19 10 0.09761714935302734 1 -1 -1 
441 181 96 73 0.09702161699533463 1 -1 -1 
594 245 21 23 0.09654329717159271 7 -1 -1 
552 204 11 25 0.09646251797676086 1 -1 -1 
664 342 284 196 0.09609214961528778 9 -1 -1 
155 26 36 21 0.09585446864366531 5 -1 -1 
422 314 27 27 0.09555227309465408 3 -1 -1 
665 336 284 202 0.09534244984388351 1 -1 -1 
92 14 45 17 0.09496056288480759 4 -1 -1 
352 241 14 15 0.094915971159935 2 -1 -1 
126 10 69 29 0.09475332498550415 9 -1 -1 
371 238 8 10 0.09456436336040497 2 -1 -1 
641 287 53 32 0.09341425448656082 5 -1 -1 
237 51 24 16 0.0933450385928154 9 -1 -1 
756 314 20 27 0.09308291971683502 1 -1 -1 
383 164 23 15 0.09296906739473343 1 -1 -1 
162 32 31 15 0.09289512038230896 6 -1 -1 
593 245 19 23 0.09247490763664246 1 -1 -1 
367 238 11 13 0.09222734719514847 2 -1 -1 
596 232 16 30 0.09200341999530792 2 -1 -1 
338 110 10 12 0.09166186302900314 9 -1 -1 
103 44 9 11 0.09131745249032974 2 -1 -1 
92 50 30 16 0.0913047343492508 4 -1 -1 
341 113 11 10 0.09129174053668976 4 -1 -1 
162 32 31 15 0.09109009802341461 4 -1 -1 
349 239 31 20 0.0905185118317604 4 -1 -1 
431 195 80 70 0.09015955030918121 9 -1 -1 
761 311 18 27 0.09001709520816803 1 -1 -1 
163 21 28 24 0.08971509337425232 4 -1 -1 
266 153 16 21 0.08912034332752228 6 -1 -1 
154 29 38 18 0.08851662278175354 3 -1 -1 
238 46 36 14 0.08728722482919693 9 -1 -1 
481 209 56 45 0.08664495497941971 6 -1 -1 
81 48 38 18 0.08648962527513504 4 -1 -1 
266 153 16 21 0.08632787317037582 9 -1 -1 
237 51 24 16 0.08535872399806976 6 -1 -1 
434 324 19 20 0.08430245518684387 3 -1 -1 
13 390 50 24 0.08383975178003311 4 -1 -1 
162 32 31 15 0.08373557776212692 10 -1 -1 
440 182 44 38 0.0830015167593956 5 -1 -1 
136 61 24 12 0.08264626562595367 1 -1 -1 
348 238 18 20 0.0809670239686966 1 -1 -1 
170 25 22 20 0.07881574332714081 2 -1 -1 
441 181 96 73 0.07778780162334442 8 -1 -1 
565 505 54 34 0.07768623530864716 10 -1 -1 
238 46 36 14 0.07551443576812744 6 -1 -1 
565 503 53 35 0.07415840774774551 9 -1 -1 
199 29 28 13 0.07377416640520096 4 -1 -1 
442 183 85 45 0.07318370044231415 6 -1 -1 
95 48 42 18 0.0729297325015068 4 -1 -1 
75 42 41 19 0.07240037620067596 4 -1 -1 
136 41 35 20 0.07199346274137497 4 -1 -1 
664 342 284 196 0.07189472019672394 3 -1 -1 
137 60 27 13 0.07054897397756577 4 -1 -1 
473 171 64 80 0.07029596716165543 9 -1 -1 
349 239 31 21 0.07004179805517197 3 -1 -1 
422 314 27 27 0.06928344815969467 10 -1 -1 
133 25 59 23 0.0682821199297905 7 -1 -1 
537 261 42 29 0.0678139179944992 6 -1 -1 
436 316 15 24 0.06685853749513626 3 -1 -1 
417 313 32 29 0.06679683923721313 6 -1 -1 
154 27 38 20 0.06652798503637314 10 -1 -1 
667 332 137 112 0.06644878536462784 2 -1 -1 
473 171 64 80 0.06599917262792587 4 -1 -1 
796 448 148 89 0.06391949951648712 7 -1 -1 
422 327 28 16 0.06345195323228836 3 -1 -1 
267 153 16 21 0.06326428055763245 5 -1 -1 
436 316 15 24 0.06242789328098297 9 -1 -1 
94 15 43 18 0.06181953474879265 9 -1 -1 
155 23 34 22 0.0614439994096756 9 -1 -1 
170 25 22 20 0.06134381890296936 1 -1 -1 
472 155 76 70 0.06127860024571419 6 -1 -1 
154 19 34 22 0.06111183017492294 4 -1 -1 
664 339 286 197 0.060276053845882416 8 -1 -1 
168 32 25 15 0.05965619534254074 1 -1 -1 
766 468 173 69 0.05952950194478035 6 -1 -1 
643 85 74 23 0.05951555445790291 4 -1 -1 
92 14 45 17 0.05888337641954422 5 -1 -1 
589 224 24 46 0.05880102515220642 1 -1 -1 
363 239 19 19 0.05858658254146576 4 -1 -1 
565 505 53 34 0.05780337378382683 2 -1 -1 
443 181 60 35 0.05772699415683746 6 -1 -1 
647 332 112 162 0.05702125281095505 6 -1 -1 
168 32 25 15 0.05687960609793663 2 -1 -1 
431 195 80 70 0.056595686823129654 6 -1 -1 
431 314 18 25 0.0564979650080204 2 -1 -1 
133 25 59 23 0.056383613497018814 3 -1 -1 
164 34 28 13 0.05574283376336098 3 -1 -1 
594 263 356 286 0.054991744458675385 6 -1 -1 
147 23 38 19 0.05480540916323662 6 -1 -1 
131 54 30 15 0.054756470024585724 4 -1 -1 
665 342 189 119 0.05422864481806755 6 -1 -1 
152 31 27 16 0.054170556366443634 3 -1 -1 
137 61 27 13 0.05415031313896179 10 -1 -1 
696 372 183 116 0.05397317185997963 6 -1 -1 
342 131 23 14 0.0535278394818306 6 -1 -1 
348 238 22 20 0.05343407019972801 2 -1 -1 
414 314 35 28 0.053270258009433746 9 -1 -1 
565 505 53 34 0.05320529267191887 1 -1 -1 
150 27 33 18 0.052899327129125595 9 -1 -1 
350 237 30 21 0.05278990790247917 6 -1 -1 
422 314 27 27 0.052742671221494675 7 -1 -1 
429 320 21 22 0.05273537337779999 7 -1 -1 
438 175 43 35 0.05252460390329361 6 -1 -1 
237 43 21 21 0.0522967204451561 9 -1 -1 
446 205 80 51 0.05224040523171425 9 -1 -1 
442 183 69 42 0.05183407664299011 9 -1 -1 
342 131 23 14 0.051680389791727066 9 -1 -1 
136 48 34 21 0.05166126787662506 4 -1 -1 
440 182 44 38 0.05144156515598297 4 -1 -1 
565 505 54 34 0.051239799708127975 3 -1 -1 
162 32 31 15 0.05087592080235481 5 -1 -1 
170 27 26 18 0.05061968415975571 6 -1 -1 
128 18 65 28 0.05042499303817749 5 -1 -1 
537 261 42 29 0.05024242401123047 9 -1 -1 
