889 451 26 34 0.9510653018951416 8 -1 -1 
1191 657 125 53 0.9131855964660645 4 -1 -1 
911 428 30 31 0.9016976952552795 4 -1 -1 
947 383 32 31 0.8725890517234802 6 -1 -1 
920 506 38 46 0.855016827583313 4 -1 -1 
1144 576 48 31 0.8439429402351379 7 -1 -1 
908 477 33 38 0.8094595074653625 4 -1 -1 
1075 723 21 40 0.806361198425293 3 -1 -1 
1161 526 11 31 0.7818120718002319 1 -1 -1 
875 436 20 36 0.7811505794525146 8 -1 -1 
1055 591 14 38 0.7597896456718445 1 -1 -1 
1050 563 15 27 0.731876015663147 10 -1 -1 
819 424 19 33 0.7294855117797852 8 -1 -1 
1209 555 14 36 0.7282565236091614 1 -1 -1 
1131 539 30 24 0.7190456390380859 10 -1 -1 
1109 815 24 47 0.7033880949020386 2 -1 -1 
948 373 24 19 0.699397087097168 4 -1 -1 
1228 570 10 29 0.6958890557289124 1 -1 -1 
847 484 12 20 0.6830359697341919 2 -1 -1 
846 490 13 23 0.676874041557312 10 -1 -1 
1021 1000 54 48 0.6714053153991699 10 -1 -1 
1195 555 12 32 0.6713989973068237 1 -1 -1 
860 532 14 23 0.668708086013794 2 -1 -1 
798 590 14 28 0.6657204031944275 2 -1 -1 
1051 558 14 23 0.6651915907859802 2 -1 -1 
1188 579 13 19 0.6572306156158447 2 -1 -1 
1096 548 9 30 0.6465146541595459 1 -1 -1 
1046 729 24 42 0.6433694958686829 10 -1 -1 
1067 581 13 25 0.635718584060669 2 -1 -1 
957 443 10 17 0.6323969960212708 2 -1 -1 
1237 584 27 22 0.629833459854126 10 -1 -1 
956 451 12 18 0.6251282095909119 10 -1 -1 
1048 725 22 38 0.6245429515838623 2 -1 -1 
1073 713 21 46 0.6191556453704834 1 -1 -1 
868 646 17 39 0.6169490814208984 10 -1 -1 
860 539 14 26 0.5945271253585815 10 -1 -1 
824 603 16 27 0.5940333604812622 10 -1 -1 
947 427 10 18 0.5925758481025696 2 -1 -1 
1029 505 13 22 0.5918649435043335 2 -1 -1 
895 410 10 18 0.5895448327064514 10 -1 -1 
1037 984 28 49 0.5845862627029419 2 -1 -1 
947 431 11 20 0.5834484100341797 10 -1 -1 
1073 713 21 45 0.579654335975647 2 -1 -1 
968 439 10 22 0.5784929394721985 10 -1 -1 
798 601 14 28 0.5769931674003601 10 -1 -1 
847 615 14 27 0.5684961676597595 10 -1 -1 
824 594 15 29 0.5498738288879395 2 -1 -1 
869 644 16 25 0.5479218363761902 2 -1 -1 
1032 991 27 46 0.5379364490509033 2 -1 -1 
837 448 27 33 0.5376791954040527 4 -1 -1 
895 407 9 16 0.5361567735671997 2 -1 -1 
1110 830 22 43 0.5269843935966492 10 -1 -1 
1084 727 13 37 0.5163397789001465 3 -1 -1 
776 588 13 21 0.5140926837921143 2 -1 -1 
1029 513 13 21 0.512729287147522 10 -1 -1 
1066 587 14 27 0.5093689560890198 3 -1 -1 
847 602 12 29 0.5032298564910889 2 -1 -1 
1086 552 10 29 0.4970535635948181 1 -1 -1 
968 437 10 18 0.4754391312599182 2 -1 -1 
1161 486 14 28 0.462471604347229 10 -1 -1 
1000 432 13 22 0.4524299204349518 10 -1 -1 
1230 571 13 27 0.4517037272453308 1 -1 -1 
1238 584 27 21 0.4504214823246002 3 -1 -1 
1168 555 10 26 0.44942551851272583 1 -1 -1 
1000 430 12 20 0.4491215646266937 2 -1 -1 
1171 574 15 28 0.442557156085968 2 -1 -1 
1080 411 9 25 0.44247308373451233 1 -1 -1 
1046 989 23 45 0.4394136965274811 2 -1 -1 
1064 589 16 26 0.4328414797782898 10 -1 -1 
837 448 27 33 0.42322278022766113 5 -1 -1 
1077 547 11 30 0.4222312569618225 10 -1 -1 
1110 830 22 43 0.4127003252506256 3 -1 -1 
1653 433 33 28 0.4096893072128296 10 -1 -1 
1078 547 10 29 0.40751785039901733 2 -1 -1 
876 436 18 36 0.4067768454551697 10 -1 -1 
847 613 13 26 0.40652692317962646 2 -1 -1 
1078 548 10 29 0.39747846126556396 1 -1 -1 
1235 571 13 26 0.39352408051490784 2 -1 -1 
824 592 14 22 0.3825371265411377 2 -1 -1 
1234 572 11 26 0.3823617696762085 1 -1 -1 
1086 551 11 29 0.37850943207740784 2 -1 -1 
875 436 19 36 0.3768744170665741 7 -1 -1 
946 377 32 35 0.37374359369277954 4 -1 -1 
995 397 38 29 0.37022531032562256 4 -1 -1 
1078 447 11 25 0.3679060935974121 1 -1 -1 
1095 558 8 22 0.35943087935447693 1 -1 -1 
757 569 23 33 0.3565123975276947 8 -1 -1 
1053 997 20 38 0.35554367303848267 2 -1 -1 
1044 727 17 34 0.3522019386291504 2 -1 -1 
860 533 14 25 0.350725382566452 10 -1 -1 
969 447 9 15 0.34967029094696045 10 -1 -1 
1041 984 22 35 0.3482075333595276 2 -1 -1 
846 602 13 31 0.345437228679657 1 -1 -1 
774 593 17 31 0.3420078754425049 10 -1 -1 
1125 518 26 17 0.3412948250770569 3 -1 -1 
774 589 18 28 0.341121643781662 7 -1 -1 
1039 995 31 45 0.33928030729293823 2 -1 -1 
819 424 18 34 0.3361322581768036 7 -1 -1 
774 588 17 29 0.33513498306274414 2 -1 -1 
798 602 14 27 0.33447694778442383 3 -1 -1 
948 431 16 20 0.32857975363731384 10 -1 -1 
1029 513 13 21 0.32038676738739014 3 -1 -1 
889 451 27 34 0.3189679980278015 7 -1 -1 
1030 506 12 24 0.3176427483558655 10 -1 -1 
909 476 30 26 0.3113670349121094 4 -1 -1 
1067 581 13 27 0.3107863664627075 1 -1 -1 
763 568 17 26 0.30986353754997253 2 -1 -1 
1077 448 11 24 0.30678990483283997 2 -1 -1 
1000 432 13 23 0.30489757657051086 3 -1 -1 
1095 548 9 30 0.30255457758903503 2 -1 -1 
847 484 12 22 0.30189749598503113 10 -1 -1 
1109 815 24 48 0.29804307222366333 10 -1 -1 
1082 447 10 25 0.2969217300415039 1 -1 -1 
774 589 18 28 0.2956475019454956 8 -1 -1 
1001 426 11 19 0.2929956614971161 2 -1 -1 
1284 564 19 16 0.29261189699172974 2 -1 -1 
1109 815 24 47 0.2889653742313385 1 -1 -1 
956 449 12 19 0.28756746649742126 2 -1 -1 
1229 570 12 29 0.28755757212638855 2 -1 -1 
761 569 19 29 0.28251785039901733 10 -1 -1 
378 1035 24 47 0.2818062901496887 1 -1 -1 
999 424 10 18 0.2809387743473053 2 -1 -1 
759 569 21 31 0.27845948934555054 7 -1 -1 
1037 984 28 49 0.2709968686103821 1 -1 -1 
1145 565 51 36 0.22638355195522308 7 -1 -1 
1646 609 32 33 0.22228482365608215 2 -1 -1 
1159 481 18 37 0.20456020534038544 10 -1 -1 
889 451 26 34 0.20005013048648834 2 -1 -1 
837 448 27 33 0.198044091463089 6 -1 -1 
1326 644 91 48 0.18673983216285706 4 -1 -1 
889 451 26 34 0.18587183952331543 3 -1 -1 
1128 536 34 23 0.18509267270565033 3 -1 -1 
1235 571 29 32 0.18194226920604706 10 -1 -1 
1648 609 32 35 0.18179258704185486 10 -1 -1 
91 995 163 85 0.18042638897895813 4 -1 -1 
837 448 27 32 0.17951931059360504 8 -1 -1 
121 959 160 93 0.17931292951107025 5 -1 -1 
1144 576 48 31 0.1775120347738266 8 -1 -1 
811 847 51 72 0.17610156536102295 4 -1 -1 
889 451 26 34 0.16923275589942932 5 -1 -1 
858 527 18 38 0.16095146536827087 10 -1 -1 
882 440 28 39 0.15926282107830048 8 -1 -1 
1144 576 48 31 0.15880897641181946 3 -1 -1 
97 975 161 104 0.151186004281044 5 -1 -1 
1145 565 51 36 0.1486002802848816 8 -1 -1 
889 451 26 34 0.14692041277885437 1 -1 -1 
98 734 354 212 0.14329926669597626 6 -1 -1 
889 451 27 34 0.14136934280395508 4 -1 -1 
109 963 160 106 0.14095991849899292 4 -1 -1 
820 844 47 75 0.14022010564804077 5 -1 -1 
868 644 17 40 0.13449807465076447 2 -1 -1 
1643 609 33 34 0.1325715184211731 1 -1 -1 
877 441 25 40 0.13125675916671753 8 -1 -1 
1225 569 19 33 0.1288737654685974 1 -1 -1 
1633 608 39 32 0.12869039177894592 10 -1 -1 
1124 530 37 27 0.12832768261432648 10 -1 -1 
30 982 211 99 0.12730629742145538 4 -1 -1 
1145 562 43 29 0.1266631931066513 7 -1 -1 
831 842 38 77 0.12627148628234863 4 -1 -1 
819 423 18 35 0.12587031722068787 10 -1 -1 
1119 511 19 38 0.12430478632450104 1 -1 -1 
1130 539 32 24 0.12211376428604126 4 -1 -1 
821 584 20 38 0.12208981066942215 2 -1 -1 
127 953 154 79 0.12092871218919754 4 -1 -1 
0 819 237 257 0.1208755150437355 6 -1 -1 
889 451 27 34 0.12045729905366898 10 -1 -1 
0 848 137 174 0.11921781301498413 6 -1 -1 
859 353 43 20 0.11815808713436127 4 -1 -1 
1636 605 41 30 0.11814729124307632 2 -1 -1 
1056 422 21 45 0.11808823049068451 1 -1 -1 
911 428 30 32 0.1160452663898468 5 -1 -1 
786 838 75 78 0.11229214817285538 4 -1 -1 
1063 580 18 36 0.11180729418992996 1 -1 -1 
1237 571 28 32 0.11169598251581192 3 -1 -1 
1350 630 99 49 0.1111423447728157 4 -1 -1 
1068 439 25 38 0.11022598296403885 1 -1 -1 
875 436 20 36 0.10990367084741592 2 -1 -1 
1158 522 17 35 0.10817360877990723 1 -1 -1 
909 476 32 26 0.10794708132743835 7 -1 -1 
837 448 27 32 0.10724703967571259 7 -1 -1 
124 864 317 218 0.10684145241975784 4 -1 -1 
1142 568 61 45 0.10683533549308777 7 -1 -1 
1068 439 25 38 0.1062581017613411 2 -1 -1 
1191 657 125 53 0.1057179719209671 5 -1 -1 
105 735 181 148 0.10546011477708817 6 -1 -1 
1119 498 17 44 0.10520201921463013 1 -1 -1 
128 942 155 85 0.10468395799398422 5 -1 -1 
81 810 275 259 0.10435239970684052 6 -1 -1 
1056 587 23 34 0.10410618036985397 1 -1 -1 
1645 608 33 33 0.10339038819074631 7 -1 -1 
1720 311 41 73 0.10266526788473129 10 -1 -1 
1160 573 41 31 0.10215319693088531 7 -1 -1 
1059 432 30 40 0.10194066911935806 1 -1 -1 
1629 605 43 30 0.10184391587972641 7 -1 -1 
1191 656 127 53 0.10106992721557617 1 -1 -1 
1021 996 55 53 0.09891466051340103 7 -1 -1 
1358 572 16 40 0.0971686914563179 1 -1 -1 
1159 481 19 36 0.0967584028840065 3 -1 -1 
909 476 32 26 0.09644945710897446 5 -1 -1 
909 476 32 26 0.09642458707094193 8 -1 -1 
796 592 18 38 0.09562014043331146 10 -1 -1 
791 861 69 62 0.09529296308755875 4 -1 -1 
1328 646 83 45 0.0947912409901619 5 -1 -1 
93 815 147 90 0.0947268083691597 5 -1 -1 
102 736 177 151 0.09468574076890945 8 -1 -1 
1145 576 48 30 0.09463471174240112 10 -1 -1 
229 903 147 171 0.09461792558431625 4 -1 -1 
796 588 17 39 0.09453237801790237 1 -1 -1 
773 588 19 38 0.09434905648231506 1 -1 -1 
797 848 63 70 0.09412824362516403 5 -1 -1 
715 565 66 50 0.0940607488155365 4 -1 -1 
1147 572 54 33 0.09356992691755295 2 -1 -1 
116 972 210 108 0.09243785589933395 4 -1 -1 
1020 996 56 53 0.09122194349765778 3 -1 -1 
875 436 20 37 0.08816920965909958 3 -1 -1 
95 804 167 98 0.08784765750169754 6 -1 -1 
1069 442 31 35 0.08677881956100464 8 -1 -1 
81 810 275 259 0.0864584892988205 4 -1 -1 
1654 612 35 35 0.08598679304122925 10 -1 -1 
837 448 27 32 0.08570152521133423 1 -1 -1 
1195 554 19 37 0.08499034494161606 1 -1 -1 
1064 457 34 27 0.08418118953704834 3 -1 -1 
1718 311 40 71 0.08363611251115799 3 -1 -1 
97 491 125 105 0.08351784944534302 4 -1 -1 
1650 609 34 36 0.08314215391874313 3 -1 -1 
1335 651 92 53 0.08213471621274948 4 -1 -1 
1121 512 29 36 0.08212199062108994 3 -1 -1 
1124 518 35 36 0.08136727660894394 3 -1 -1 
132 927 185 101 0.08130744099617004 4 -1 -1 
879 329 106 36 0.08123043179512024 6 -1 -1 
30 982 211 99 0.08117666840553284 5 -1 -1 
1066 447 32 37 0.0810873731970787 10 -1 -1 
822 589 19 38 0.08093195408582687 1 -1 -1 
1339 638 96 51 0.08007194846868515 5 -1 -1 
1148 576 51 30 0.07971365004777908 1 -1 -1 
859 353 43 20 0.07904154807329178 5 -1 -1 
178 934 184 138 0.07879279553890228 4 -1 -1 
911 428 30 32 0.07871465384960175 1 -1 -1 
0 848 163 182 0.0781182125210762 5 -1 -1 
6 845 165 120 0.07801822572946548 6 -1 -1 
99 740 174 149 0.07791649550199509 7 -1 -1 
837 448 27 32 0.07755260914564133 9 -1 -1 
859 353 43 20 0.07653901726007462 9 -1 -1 
875 436 20 36 0.07636921107769012 5 -1 -1 
93 815 147 90 0.07603386044502258 4 -1 -1 
1237 581 28 24 0.07599447667598724 7 -1 -1 
1060 584 22 33 0.07568900287151337 3 -1 -1 
1344 645 107 54 0.07566255331039429 4 -1 -1 
1076 547 25 34 0.07526648789644241 10 -1 -1 
1067 432 29 38 0.07499987632036209 1 -1 -1 
124 864 317 218 0.07484205067157745 9 -1 -1 
1149 557 54 39 0.07482219487428665 7 -1 -1 
1235 571 29 32 0.07387752830982208 2 -1 -1 
1165 574 38 29 0.0738515630364418 1 -1 -1 
1117 483 18 52 0.07351603358983994 1 -1 -1 
874 435 22 37 0.07333602756261826 1 -1 -1 
1025 504 19 33 0.07259364426136017 10 -1 -1 
122 800 347 277 0.07236655801534653 6 -1 -1 
90 758 323 260 0.07213157415390015 6 -1 -1 
1057 418 28 38 0.07125996798276901 1 -1 -1 
911 429 30 31 0.07009147107601166 6 -1 -1 
909 476 32 26 0.06982787698507309 6 -1 -1 
81 810 275 259 0.06944365799427032 9 -1 -1 
0 819 237 257 0.06482499092817307 4 -1 -1 
1133 558 60 50 0.06438623368740082 7 -1 -1 
81 810 275 259 0.0624227449297905 5 -1 -1 
124 864 317 218 0.060736384242773056 5 -1 -1 
0 819 237 257 0.05395680293440819 9 -1 -1 
0 819 237 257 0.053000569343566895 5 -1 -1 
14 761 314 288 0.05235501751303673 6 -1 -1 
