655 199 29 32 0.999030351638794 9 -1 -1 
197 694 66 51 0.9898276329040527 3 -1 -1 
703 309 31 34 0.9817278385162354 5 -1 -1 
884 483 82 61 0.9455143213272095 4 -1 -1 
458 338 40 35 0.9322506785392761 4 -1 -1 
596 406 52 61 0.9215404987335205 4 -1 -1 
604 364 40 39 0.9133414030075073 4 -1 -1 
517 385 40 43 0.9080396890640259 4 -1 -1 
748 326 39 29 0.9073776006698608 4 -1 -1 
610 507 67 95 0.9050494432449341 4 -1 -1 
543 311 32 30 0.9039932489395142 4 -1 -1 
935 399 62 38 0.8975794315338135 4 -1 -1 
592 304 29 28 0.8968753814697266 4 -1 -1 
1289 523 35 37 0.8884782195091248 3 -1 -1 
1036 544 111 76 0.8851141333580017 4 -1 -1 
523 329 36 32 0.8794946074485779 4 -1 -1 
507 304 27 27 0.872847855091095 4 -1 -1 
635 316 33 44 0.8669261336326599 5 -1 -1 
595 231 18 15 0.8599207997322083 4 -1 -1 
792 374 52 37 0.8568126559257507 4 -1 -1 
17 589 25 65 0.8461076021194458 1 -1 -1 
566 214 15 13 0.840065062046051 4 -1 -1 
607 250 20 18 0.8378151059150696 4 -1 -1 
965 328 15 18 0.8318618535995483 3 -1 -1 
611 208 14 11 0.829716682434082 4 -1 -1 
562 195 12 10 0.8295107483863831 4 -1 -1 
634 218 14 12 0.8210678696632385 4 -1 -1 
651 249 22 17 0.8163461089134216 4 -1 -1 
545 347 39 43 0.8099090456962585 4 -1 -1 
499 516 78 106 0.8089675903320312 4 -1 -1 
688 258 24 20 0.8071854710578918 4 -1 -1 
582 255 20 19 0.8061887621879578 4 -1 -1 
140 290 20 14 0.8046540021896362 3 -1 -1 
549 250 19 18 0.7973890900611877 4 -1 -1 
643 224 16 14 0.7956572771072388 4 -1 -1 
602 195 11 10 0.793502688407898 4 -1 -1 
550 262 22 21 0.7914015650749207 4 -1 -1 
629 207 13 10 0.7883515954017639 4 -1 -1 
659 235 17 14 0.7773920297622681 4 -1 -1 
573 190 10 10 0.7773714661598206 4 -1 -1 
753 399 53 45 0.7712157964706421 4 -1 -1 
716 287 24 22 0.7668690085411072 4 -1 -1 
860 300 10 25 0.765303909778595 1 -1 -1 
551 239 16 16 0.7538977265357971 4 -1 -1 
758 291 32 26 0.749142050743103 4 -1 -1 
1297 512 24 38 0.7452549338340759 2 -1 -1 
722 264 24 19 0.7437815070152283 4 -1 -1 
316 339 10 29 0.7272500991821289 1 -1 -1 
637 189 11 9 0.7245317697525024 4 -1 -1 
619 186 11 9 0.7207990884780884 4 -1 -1 
624 198 12 10 0.7203983068466187 4 -1 -1 
1068 405 13 28 0.7149320244789124 3 -1 -1 
685 235 19 16 0.7126742601394653 4 -1 -1 
645 200 13 11 0.7110223174095154 4 -1 -1 
702 233 20 15 0.7022610306739807 4 -1 -1 
618 195 11 9 0.7017188668251038 4 -1 -1 
1094 395 15 24 0.701056718826294 3 -1 -1 
969 321 11 20 0.6956902146339417 2 -1 -1 
1122 413 22 24 0.6947750449180603 10 -1 -1 
1276 430 82 44 0.6917802095413208 4 -1 -1 
985 327 11 26 0.6905099749565125 1 -1 -1 
673 242 21 19 0.6880034804344177 4 -1 -1 
1049 343 63 28 0.6695216298103333 4 -1 -1 
593 187 10 9 0.667115330696106 4 -1 -1 
518 276 26 25 0.6644266843795776 4 -1 -1 
949 337 11 19 0.6598905324935913 2 -1 -1 
947 343 13 20 0.6489606499671936 10 -1 -1 
1325 568 31 46 0.6428321003913879 3 -1 -1 
427 278 8 14 0.6387881636619568 2 -1 -1 
1127 403 16 26 0.6379434466362 2 -1 -1 
609 189 11 9 0.6336967945098877 4 -1 -1 
427 284 8 14 0.61213618516922 10 -1 -1 
1014 387 21 22 0.6103081107139587 10 -1 -1 
317 291 9 24 0.5939674973487854 1 -1 -1 
1095 384 13 30 0.5857775211334229 2 -1 -1 
1220 420 23 30 0.5802846550941467 10 -1 -1 
1008 326 9 17 0.559646725654602 2 -1 -1 
939 315 9 18 0.5569589734077454 2 -1 -1 
1335 552 23 47 0.5564782023429871 2 -1 -1 
935 322 18 14 0.5501083731651306 10 -1 -1 
946 315 10 18 0.5351138114929199 2 -1 -1 
1070 397 13 27 0.5326597690582275 2 -1 -1 
1019 378 15 23 0.5323440432548523 2 -1 -1 
612 181 10 8 0.5312093496322632 4 -1 -1 
543 193 11 12 0.5228828191757202 4 -1 -1 
946 321 13 18 0.52153480052948 10 -1 -1 
1289 524 34 36 0.5136574506759644 10 -1 -1 
953 714 121 50 0.5088300704956055 4 -1 -1 
441 268 7 12 0.5087493658065796 10 -1 -1 
655 199 29 32 0.5067148208618164 4 -1 -1 
121 563 24 35 0.5026443004608154 2 -1 -1 
555 184 10 9 0.500003457069397 4 -1 -1 
239 281 12 21 0.49131855368614197 2 -1 -1 
1006 332 17 18 0.4902770519256592 10 -1 -1 
441 265 7 12 0.4885706603527069 2 -1 -1 
929 301 22 14 0.4878222644329071 3 -1 -1 
593 176 10 8 0.48523658514022827 4 -1 -1 
220 279 9 23 0.4790424406528473 1 -1 -1 
238 288 19 23 0.47667214274406433 3 -1 -1 
1017 308 14 17 0.464527428150177 10 -1 -1 
608 176 10 8 0.45452919602394104 4 -1 -1 
926 286 10 23 0.4537642002105713 1 -1 -1 
577 155 7 7 0.4460201561450958 4 -1 -1 
593 178 10 9 0.4451395273208618 4 -1 -1 
1049 342 61 29 0.4404611885547638 5 -1 -1 
610 178 11 9 0.4386761784553528 4 -1 -1 
223 284 32 24 0.4355948567390442 7 -1 -1 
1219 417 46 33 0.43502581119537354 7 -1 -1 
655 199 29 32 0.43101540207862854 10 -1 -1 
590 165 8 7 0.4277620017528534 4 -1 -1 
1265 344 62 27 0.42238694429397583 4 -1 -1 
572 157 8 6 0.41098934412002563 4 -1 -1 
576 159 8 8 0.40959432721138 4 -1 -1 
573 155 9 7 0.4093312919139862 4 -1 -1 
934 303 17 15 0.4030408263206482 3 -1 -1 
224 292 22 18 0.3979552984237671 10 -1 -1 
620 196 12 9 0.39638736844062805 4 -1 -1 
882 289 11 21 0.3950125277042389 1 -1 -1 
1219 417 45 33 0.38783326745033264 10 -1 -1 
935 322 10 14 0.3869827091693878 10 -1 -1 
225 286 10 21 0.3866961598396301 1 -1 -1 
952 715 120 49 0.3851608335971832 5 -1 -1 
1220 419 22 31 0.3829701244831085 7 -1 -1 
655 199 29 32 0.380900502204895 1 -1 -1 
241 281 14 21 0.378346711397171 2 -1 -1 
604 185 8 8 0.3779184818267822 4 -1 -1 
224 286 29 23 0.3775385022163391 10 -1 -1 
574 158 9 7 0.37707310914993286 4 -1 -1 
1099 397 9 22 0.3769809305667877 3 -1 -1 
655 199 29 32 0.37050679326057434 3 -1 -1 
197 694 66 51 0.36982280015945435 4 -1 -1 
655 199 29 32 0.36705276370048523 6 -1 -1 
196 695 67 50 0.3668098449707031 9 -1 -1 
655 199 29 32 0.3643242120742798 5 -1 -1 
900 290 18 16 0.3636983036994934 10 -1 -1 
882 288 11 20 0.36251115798950195 2 -1 -1 
225 286 10 21 0.35613465309143066 2 -1 -1 
926 286 10 23 0.3552757203578949 2 -1 -1 
607 188 11 8 0.3551124632358551 4 -1 -1 
1099 384 10 32 0.3550870716571808 1 -1 -1 
936 318 11 17 0.3539072871208191 10 -1 -1 
936 317 13 18 0.3523900806903839 2 -1 -1 
939 314 9 19 0.34949004650115967 1 -1 -1 
593 165 7 7 0.3493647277355194 4 -1 -1 
1220 424 15 26 0.3479069769382477 10 -1 -1 
655 199 29 32 0.34684163331985474 7 -1 -1 
1174 378 69 34 0.3363111615180969 4 -1 -1 
655 199 29 32 0.32262635231018066 2 -1 -1 
193 708 64 51 0.30764520168304443 3 -1 -1 
121 563 24 37 0.30458003282546997 1 -1 -1 
498 516 78 106 0.2976330816745758 5 -1 -1 
1124 405 21 30 0.2937764823436737 2 -1 -1 
179 732 69 33 0.28254905343055725 3 -1 -1 
655 199 29 32 0.2822486162185669 8 -1 -1 
197 694 66 51 0.2819799780845642 7 -1 -1 
225 286 31 22 0.27678483724594116 3 -1 -1 
197 693 64 50 0.25042247772216797 2 -1 -1 
1172 376 98 39 0.2493596374988556 6 -1 -1 
992 325 30 27 0.23376545310020447 8 -1 -1 
220 279 33 25 0.22884859144687653 7 -1 -1 
757 291 33 26 0.2276635617017746 5 -1 -1 
223 283 31 25 0.22630611062049866 8 -1 -1 
1015 376 21 30 0.22249764204025269 10 -1 -1 
1175 357 89 33 0.22050824761390686 4 -1 -1 
222 279 31 24 0.20873522758483887 10 -1 -1 
753 399 53 45 0.20627851784229279 5 -1 -1 
992 325 30 27 0.20612993836402893 7 -1 -1 
1173 365 84 38 0.1958816796541214 4 -1 -1 
1219 414 82 39 0.1860710084438324 4 -1 -1 
197 694 66 51 0.18523190915584564 1 -1 -1 
311 337 17 31 0.18382374942302704 1 -1 -1 
1016 374 20 30 0.18354859948158264 2 -1 -1 
1220 419 22 31 0.18142661452293396 8 -1 -1 
1175 357 89 33 0.1758134365081787 6 -1 -1 
1172 373 96 40 0.17474545538425446 4 -1 -1 
1174 379 70 33 0.17392557859420776 5 -1 -1 
230 282 28 24 0.17054365575313568 10 -1 -1 
1289 397 69 37 0.1700381189584732 5 -1 -1 
610 507 67 95 0.16763630509376526 5 -1 -1 
1068 396 16 33 0.16638465225696564 1 -1 -1 
1286 396 72 34 0.16599196195602417 4 -1 -1 
1264 339 63 33 0.16413885354995728 5 -1 -1 
197 694 66 51 0.16342873871326447 10 -1 -1 
1184 351 91 26 0.1605006903409958 4 -1 -1 
235 282 24 26 0.15566641092300415 3 -1 -1 
1220 414 71 37 0.15504926443099976 6 -1 -1 
1175 357 89 33 0.15458151698112488 5 -1 -1 
225 284 31 23 0.14756062626838684 2 -1 -1 
1276 430 82 44 0.1462218165397644 5 -1 -1 
1220 417 23 32 0.1455068141222 2 -1 -1 
1220 415 61 36 0.13846200704574585 8 -1 -1 
1174 378 68 33 0.13682758808135986 6 -1 -1 
1263 393 90 33 0.1366150826215744 4 -1 -1 
1265 334 83 38 0.13619665801525116 4 -1 -1 
1173 365 84 38 0.13555222749710083 5 -1 -1 
1122 412 23 27 0.13520823419094086 7 -1 -1 
1172 373 96 40 0.13405266404151917 5 -1 -1 
1243 391 88 32 0.12918700277805328 4 -1 -1 
230 282 28 24 0.1291145235300064 1 -1 -1 
1246 334 77 36 0.12767839431762695 4 -1 -1 
1122 409 23 28 0.12728175520896912 1 -1 -1 
884 483 82 61 0.12307669222354889 1 -1 -1 
222 280 30 25 0.11775103211402893 3 -1 -1 
596 406 52 61 0.11689126491546631 5 -1 -1 
934 399 63 37 0.11685258895158768 5 -1 -1 
1220 414 71 37 0.11645327508449554 7 -1 -1 
232 279 26 24 0.11592395603656769 2 -1 -1 
1114 346 16 38 0.1153053492307663 1 -1 -1 
1219 405 110 41 0.1142362579703331 4 -1 -1 
1122 412 23 26 0.11284414678812027 3 -1 -1 
1160 349 93 33 0.11212826520204544 4 -1 -1 
983 327 33 26 0.11156056821346283 8 -1 -1 
983 327 33 26 0.11153730005025864 7 -1 -1 
981 326 21 27 0.11061405390501022 1 -1 -1 
1221 423 91 38 0.11043243110179901 4 -1 -1 
1173 362 107 42 0.10953580588102341 6 -1 -1 
1014 382 22 26 0.10902176052331924 2 -1 -1 
196 695 67 50 0.10803171247243881 8 -1 -1 
1219 414 82 39 0.1076410710811615 5 -1 -1 
592 304 29 28 0.1059577465057373 5 -1 -1 
222 279 31 24 0.10536694526672363 2 -1 -1 
856 297 18 28 0.10519163310527802 1 -1 -1 
1193 340 93 31 0.1046677827835083 4 -1 -1 
1036 544 111 75 0.10418576747179031 6 -1 -1 
1184 351 91 26 0.10396266728639603 5 -1 -1 
1036 544 111 75 0.1036553755402565 5 -1 -1 
205 702 66 55 0.10356363654136658 3 -1 -1 
1036 542 113 79 0.07234767079353333 9 -1 -1 
1171 369 137 56 0.05045517534017563 6 -1 -1 
