724 379 63 99 0.9865068197250366 5 -1 -1 
1301 367 30 41 0.9779305458068848 3 -1 -1 
493 599 211 167 0.9752349257469177 5 -1 -1 
968 376 112 144 0.9607164263725281 6 -1 -1 
728 239 56 65 0.918550968170166 4 -1 -1 
813 58 57 33 0.90228271484375 4 -1 -1 
1047 556 32 61 0.8954690098762512 1 -1 -1 
924 273 19 49 0.893192708492279 1 -1 -1 
1250 514 36 60 0.8922745585441589 3 -1 -1 
672 74 38 42 0.8897886276245117 4 -1 -1 
822 90 40 36 0.8890708088874817 4 -1 -1 
485 367 23 51 0.8830814361572266 1 -1 -1 
573 370 27 53 0.8716042041778564 1 -1 -1 
475 247 18 43 0.8655937314033508 1 -1 -1 
812 1 40 30 0.8471042513847351 4 -1 -1 
417 679 81 70 0.8422382473945618 10 -1 -1 
885 50 66 29 0.837817907333374 4 -1 -1 
474 357 16 45 0.8368280529975891 1 -1 -1 
1092 400 27 61 0.8345495462417603 1 -1 -1 
773 508 21 60 0.8317297101020813 1 -1 -1 
721 73 13 34 0.8292272686958313 1 -1 -1 
632 187 54 76 0.8291721940040588 4 -1 -1 
1050 321 20 55 0.826316237449646 1 -1 -1 
816 38 31 28 0.821592390537262 4 -1 -1 
830 120 41 40 0.8135830163955688 4 -1 -1 
620 33 37 35 0.8051448464393616 4 -1 -1 
977 452 21 58 0.8031045198440552 1 -1 -1 
621 9 33 28 0.7979063391685486 4 -1 -1 
739 156 12 39 0.7977228760719299 1 -1 -1 
1026 324 20 58 0.7951998710632324 1 -1 -1 
780 59 12 29 0.7948204278945923 1 -1 -1 
295 572 71 76 0.7888957262039185 10 -1 -1 
904 155 37 25 0.7883000373840332 10 -1 -1 
1167 374 29 55 0.7873028516769409 1 -1 -1 
952 282 46 29 0.7796235084533691 10 -1 -1 
834 153 43 46 0.770549476146698 4 -1 -1 
558 103 43 29 0.7658736109733582 7 -1 -1 
937 448 27 52 0.764136552810669 1 -1 -1 
1282 441 35 60 0.7624534964561462 1 -1 -1 
1232 435 27 60 0.761191189289093 1 -1 -1 
1109 309 21 47 0.7584400773048401 1 -1 -1 
1162 480 29 54 0.7575170397758484 1 -1 -1 
1011 164 32 26 0.7558566927909851 10 -1 -1 
966 431 22 50 0.7526128888130188 1 -1 -1 
1123 459 27 60 0.7517263889312744 1 -1 -1 
1084 312 25 53 0.7383143305778503 1 -1 -1 
761 551 19 65 0.7367353439331055 1 -1 -1 
1247 424 37 55 0.7291529774665833 1 -1 -1 
1261 455 36 55 0.7278622388839722 1 -1 -1 
600 54 37 40 0.7207796573638916 4 -1 -1 
541 249 19 37 0.7197341322898865 3 -1 -1 
1228 688 58 36 0.7183139324188232 3 -1 -1 
785 525 19 60 0.7053683400154114 1 -1 -1 
1179 720 73 38 0.7004494071006775 10 -1 -1 
514 404 81 60 0.6984202265739441 7 -1 -1 
981 147 15 42 0.6961691379547119 1 -1 -1 
541 234 19 42 0.6751855611801147 2 -1 -1 
535 44 73 32 0.6747550368309021 4 -1 -1 
708 28 25 18 0.6743870377540588 3 -1 -1 
1239 663 40 52 0.6629367470741272 2 -1 -1 
1139 477 31 57 0.661408543586731 1 -1 -1 
1103 277 20 49 0.6446481347084045 1 -1 -1 
1007 103 13 36 0.6379856467247009 1 -1 -1 
1229 492 32 64 0.6325091123580933 1 -1 -1 
1069 375 18 47 0.6242513656616211 1 -1 -1 
704 0 10 20 0.6232572197914124 1 -1 -1 
1141 460 34 63 0.62143874168396 1 -1 -1 
307 579 36 49 0.6130357384681702 2 -1 -1 
1022 322 19 55 0.6063618659973145 1 -1 -1 
796 73 14 26 0.5953927636146545 10 -1 -1 
1028 339 22 44 0.5930383801460266 1 -1 -1 
964 303 42 39 0.5871031880378723 10 -1 -1 
712 1 10 26 0.5600714683532715 1 -1 -1 
1207 363 51 43 0.5573191046714783 10 -1 -1 
1206 696 37 59 0.5526022911071777 2 -1 -1 
884 138 8 20 0.5431389212608337 1 -1 -1 
418 692 38 54 0.5312564373016357 2 -1 -1 
718 20 10 25 0.5243105292320251 1 -1 -1 
1039 312 19 49 0.49802786111831665 1 -1 -1 
1159 466 28 61 0.4967520534992218 1 -1 -1 
619 127 14 37 0.4936428964138031 1 -1 -1 
796 69 13 20 0.47721144556999207 2 -1 -1 
584 385 16 39 0.4753028154373169 1 -1 -1 
1198 283 23 31 0.4733261466026306 1 -1 -1 
1187 387 46 33 0.4586694836616516 10 -1 -1 
897 129 14 23 0.4549591541290283 10 -1 -1 
1200 281 33 35 0.45367878675460815 2 -1 -1 
618 128 15 34 0.4529816508293152 2 -1 -1 
32 519 55 57 0.45065298676490784 10 -1 -1 
536 416 22 29 0.44749361276626587 2 -1 -1 
1112 276 17 47 0.4448673725128174 1 -1 -1 
1058 398 23 45 0.44143494963645935 1 -1 -1 
899 0 29 16 0.4353846311569214 7 -1 -1 
631 187 55 76 0.41815704107284546 5 -1 -1 
50 518 28 44 0.4152151048183441 10 -1 -1 
1060 398 21 43 0.4129915237426758 2 -1 -1 
1183 323 50 27 0.4126637876033783 10 -1 -1 
1218 682 68 42 0.41033339500427246 10 -1 -1 
1040 320 21 55 0.40629303455352783 1 -1 -1 
541 411 25 30 0.4025079905986786 2 -1 -1 
614 139 19 26 0.4015597105026245 3 -1 -1 
718 20 10 25 0.3985588252544403 2 -1 -1 
558 103 43 29 0.39557820558547974 8 -1 -1 
1222 305 46 28 0.3862033784389496 10 -1 -1 
438 677 39 49 0.3847302794456482 2 -1 -1 
1284 362 32 36 0.3832866847515106 3 -1 -1 
962 300 38 31 0.37898778915405273 10 -1 -1 
313 571 36 55 0.37888696789741516 2 -1 -1 
1169 377 64 49 0.3737104535102844 10 -1 -1 
780 70 11 22 0.37225762009620667 3 -1 -1 
536 43 73 32 0.36757639050483704 5 -1 -1 
558 103 43 29 0.3668283224105835 10 -1 -1 
743 0 11 21 0.3645913898944855 1 -1 -1 
710 25 21 20 0.36291640996932983 1 -1 -1 
708 1 12 24 0.3626503646373749 1 -1 -1 
1171 467 20 48 0.36063164472579956 1 -1 -1 
325 575 40 53 0.3578374683856964 2 -1 -1 
480 364 20 49 0.3546343743801117 1 -1 -1 
922 36 23 16 0.3519691824913025 10 -1 -1 
554 72 29 18 0.3518281877040863 10 -1 -1 
1225 325 39 27 0.3517761826515198 10 -1 -1 
1224 298 43 25 0.3475894033908844 10 -1 -1 
1221 317 47 29 0.3425896465778351 10 -1 -1 
1221 675 62 44 0.34258607029914856 3 -1 -1 
1263 442 50 66 0.3424937129020691 1 -1 -1 
1030 325 23 53 0.34025466442108154 1 -1 -1 
526 418 32 36 0.3383329510688782 2 -1 -1 
1284 361 32 35 0.33432140946388245 10 -1 -1 
418 692 38 54 0.33188098669052124 1 -1 -1 
541 234 19 42 0.3314487338066101 1 -1 -1 
1296 365 27 39 0.3282293379306793 3 -1 -1 
1014 106 12 34 0.3279334604740143 1 -1 -1 
632 0 30 17 0.32369837164878845 4 -1 -1 
959 295 37 29 0.32223889231681824 10 -1 -1 
1228 311 42 29 0.3219042718410492 10 -1 -1 
514 403 80 61 0.3194722831249237 8 -1 -1 
1092 311 19 41 0.31942158937454224 1 -1 -1 
1198 375 24 40 0.3189490735530853 2 -1 -1 
1184 185 176 85 0.30414488911628723 6 -1 -1 
541 234 19 44 0.29931017756462097 3 -1 -1 
898 177 20 36 0.2940623164176941 10 -1 -1 
898 177 20 36 0.28767019510269165 3 -1 -1 
1183 319 74 34 0.28353801369667053 10 -1 -1 
724 379 63 99 0.28248053789138794 10 -1 -1 
1083 194 24 41 0.28203102946281433 7 -1 -1 
492 599 210 166 0.28010520339012146 6 -1 -1 
1231 426 42 70 0.27896562218666077 1 -1 -1 
1192 366 63 53 0.2779805064201355 10 -1 -1 
1199 283 71 38 0.275348424911499 7 -1 -1 
1249 512 60 69 0.27022334933280945 3 -1 -1 
306 565 60 65 0.26953136920928955 10 -1 -1 
492 601 211 164 0.2691933512687683 8 -1 -1 
421 677 64 66 0.2686336636543274 2 -1 -1 
298 566 68 78 0.2664766013622284 2 -1 -1 
724 379 63 99 0.2650049030780792 8 -1 -1 
417 679 80 70 0.2649989426136017 4 -1 -1 
724 379 63 100 0.26466697454452515 4 -1 -1 
1232 496 40 67 0.2551162540912628 1 -1 -1 
558 103 43 29 0.24999165534973145 3 -1 -1 
1145 466 42 68 0.22648677229881287 1 -1 -1 
1194 705 59 51 0.22443313896656036 10 -1 -1 
1225 670 58 47 0.2083347588777542 10 -1 -1 
1083 194 24 41 0.2061663717031479 10 -1 -1 
1184 184 176 82 0.20603924989700317 4 -1 -1 
724 379 63 99 0.2043875753879547 7 -1 -1 
1008 95 17 43 0.204136461019516 1 -1 -1 
968 376 111 144 0.20399904251098633 8 -1 -1 
968 376 111 144 0.20311416685581207 7 -1 -1 
1180 714 72 44 0.20245355367660522 2 -1 -1 
1253 444 39 64 0.18767981231212616 1 -1 -1 
1199 283 71 38 0.18735623359680176 8 -1 -1 
907 190 28 23 0.18507719039916992 3 -1 -1 
493 599 211 167 0.1819966733455658 4 -1 -1 
725 379 62 99 0.17921480536460876 9 -1 -1 
1232 496 40 67 0.17672374844551086 3 -1 -1 
1012 164 31 25 0.17210908234119415 3 -1 -1 
1082 193 25 42 0.1706141084432602 8 -1 -1 
904 155 37 25 0.16932862997055054 3 -1 -1 
1232 496 40 67 0.16852398216724396 2 -1 -1 
1227 490 34 66 0.16814066469669342 2 -1 -1 
1195 353 65 46 0.1679137647151947 10 -1 -1 
1205 686 80 43 0.16597752273082733 3 -1 -1 
619 127 15 37 0.16174423694610596 3 -1 -1 
894 167 23 41 0.16035644710063934 10 -1 -1 
1198 283 71 38 0.1581900417804718 10 -1 -1 
1203 693 64 47 0.15580680966377258 2 -1 -1 
1245 511 41 64 0.15486887097358704 1 -1 -1 
760 551 35 69 0.154176726937294 1 -1 -1 
1227 664 53 49 0.15411017835140228 1 -1 -1 
1200 304 70 45 0.15008890628814697 10 -1 -1 
1203 689 78 41 0.14924414455890656 10 -1 -1 
894 167 23 41 0.14821985363960266 3 -1 -1 
493 599 211 167 0.14553821086883545 9 -1 -1 
724 379 63 99 0.14446744322776794 2 -1 -1 
309 564 58 57 0.14385847747325897 2 -1 -1 
724 379 63 99 0.14198417961597443 6 -1 -1 
1083 194 24 41 0.14188513159751892 3 -1 -1 
1218 683 68 42 0.14113615453243256 7 -1 -1 
1175 198 185 106 0.14098721742630005 6 -1 -1 
542 250 18 35 0.13800087571144104 10 -1 -1 
296 568 71 79 0.1347765028476715 7 -1 -1 
968 376 111 144 0.13337638974189758 5 -1 -1 
418 680 77 69 0.13262878358364105 1 -1 -1 
1234 662 48 53 0.13170725107192993 3 -1 -1 
31 519 55 57 0.1316608190536499 3 -1 -1 
446 248 17 43 0.13091489672660828 1 -1 -1 
1012 164 31 25 0.1296589970588684 4 -1 -1 
727 239 57 65 0.12952449917793274 5 -1 -1 
493 599 211 167 0.12776507437229156 2 -1 -1 
902 180 31 32 0.12613463401794434 10 -1 -1 
513 403 81 61 0.1259484440088272 10 -1 -1 
562 100 40 22 0.1252160221338272 7 -1 -1 
553 64 35 15 0.12496364861726761 4 -1 -1 
1174 311 63 44 0.12448097765445709 10 -1 -1 
904 155 37 25 0.12381428480148315 4 -1 -1 
902 180 31 32 0.12366674095392227 3 -1 -1 
890 163 21 36 0.12353972345590591 3 -1 -1 
1169 378 64 48 0.12302623689174652 3 -1 -1 
559 103 42 29 0.12193114310503006 2 -1 -1 
1221 310 59 47 0.12094651162624359 10 -1 -1 
476 247 17 43 0.12047838419675827 2 -1 -1 
702 29 32 24 0.11980657279491425 3 -1 -1 
1187 338 69 57 0.11961252242326736 10 -1 -1 
968 376 111 144 0.11937770247459412 2 -1 -1 
555 66 33 22 0.11840861290693283 10 -1 -1 
899 187 28 28 0.11817119270563126 3 -1 -1 
28 533 51 61 0.11788629740476608 10 -1 -1 
772 512 32 73 0.11443109065294266 1 -1 -1 
295 572 71 76 0.11324889212846756 3 -1 -1 
1197 697 55 49 0.11231959611177444 1 -1 -1 
1221 682 66 42 0.11174045503139496 2 -1 -1 
753 550 30 77 0.11140306293964386 1 -1 -1 
1219 680 66 43 0.11091805249452591 1 -1 -1 
296 567 71 80 0.11069907993078232 4 -1 -1 
614 133 20 33 0.11027747392654419 2 -1 -1 
513 404 80 60 0.11004680395126343 2 -1 -1 
1049 374 39 70 0.10977507382631302 1 -1 -1 
607 139 22 33 0.10971993952989578 3 -1 -1 
899 0 33 17 0.10971733182668686 8 -1 -1 
970 380 112 89 0.10933153331279755 7 -1 -1 
899 0 32 17 0.10773108899593353 6 -1 -1 
1182 185 176 85 0.10741861909627914 5 -1 -1 
559 62 45 11 0.10735654830932617 4 -1 -1 
553 68 32 20 0.10729898512363434 4 -1 -1 
904 155 37 25 0.10721462965011597 7 -1 -1 
446 233 19 55 0.10710784792900085 1 -1 -1 
907 190 28 23 0.10602089017629623 10 -1 -1 
968 376 112 144 0.0957486629486084 1 -1 -1 
968 376 111 144 0.08841884136199951 9 -1 -1 
494 600 209 166 0.08145251125097275 3 -1 -1 
968 376 112 144 0.07964248210191727 4 -1 -1 
493 599 211 167 0.07807821780443192 10 -1 -1 
968 376 112 144 0.0760037899017334 10 -1 -1 
968 376 112 144 0.07427818328142166 3 -1 -1 
493 599 211 167 0.07220441848039627 7 -1 -1 
928 379 134 147 0.07177559286355972 9 -1 -1 
928 379 134 147 0.06481946259737015 6 -1 -1 
493 599 211 167 0.0643177330493927 1 -1 -1 
