397 407 33 51 0.9619107246398926 8 -1 -1 
628 345 33 35 0.9456372261047363 7 -1 -1 
144 366 63 44 0.9266356229782104 4 -1 -1 
799 410 119 45 0.9061744213104248 4 -1 -1 
216 364 53 39 0.8912280201911926 4 -1 -1 
285 319 36 30 0.8827393054962158 4 -1 -1 
565 309 31 28 0.8409584760665894 4 -1 -1 
185 316 29 32 0.8155410289764404 5 -1 -1 
412 275 15 13 0.8090781569480896 4 -1 -1 
438 264 12 10 0.7988128662109375 4 -1 -1 
442 244 9 9 0.7972230911254883 4 -1 -1 
468 263 13 12 0.7962760329246521 4 -1 -1 
383 264 13 13 0.7816744446754456 4 -1 -1 
429 251 9 8 0.7717867493629456 4 -1 -1 
564 330 8 14 0.7609128952026367 3 -1 -1 
374 313 9 15 0.7391517162322998 10 -1 -1 
374 308 9 16 0.735909640789032 2 -1 -1 
496 303 8 16 0.7328978180885315 2 -1 -1 
184 395 37 34 0.7323451638221741 7 -1 -1 
557 298 28 20 0.7150342464447021 4 -1 -1 
496 308 10 14 0.6933999061584473 3 -1 -1 
310 305 25 23 0.6842384338378906 7 -1 -1 
564 323 9 18 0.6803231239318848 2 -1 -1 
623 430 16 33 0.663982093334198 3 -1 -1 
430 241 6 5 0.6622619032859802 4 -1 -1 
413 254 11 10 0.6536270380020142 4 -1 -1 
512 262 12 11 0.6076258420944214 4 -1 -1 
392 250 12 11 0.5967881679534912 4 -1 -1 
623 418 16 36 0.594277560710907 2 -1 -1 
271 295 38 17 0.5936124324798584 4 -1 -1 
421 240 7 6 0.5926480889320374 4 -1 -1 
412 242 7 6 0.5887952446937561 4 -1 -1 
414 262 7 9 0.5878479480743408 8 -1 -1 
365 251 20 14 0.5806310772895813 4 -1 -1 
684 397 81 77 0.5629680156707764 4 -1 -1 
446 240 12 6 0.5521627068519592 7 -1 -1 
636 317 19 13 0.5488885641098022 10 -1 -1 
712 333 54 36 0.5405746102333069 4 -1 -1 
684 397 80 77 0.5403040051460266 5 -1 -1 
496 308 9 14 0.539925754070282 10 -1 -1 
508 260 10 9 0.5293410420417786 4 -1 -1 
261 301 39 19 0.5082091093063354 5 -1 -1 
190 402 14 22 0.5022153854370117 2 -1 -1 
235 301 46 24 0.4647996723651886 5 -1 -1 
454 230 5 7 0.45638489723205566 10 -1 -1 
310 305 25 23 0.43943461775779724 8 -1 -1 
415 263 6 8 0.4358544945716858 10 -1 -1 
623 418 16 35 0.4338518977165222 1 -1 -1 
635 318 20 11 0.4273895025253296 7 -1 -1 
403 242 7 6 0.42542630434036255 4 -1 -1 
454 229 5 6 0.4222967028617859 2 -1 -1 
262 301 40 17 0.4219747483730316 4 -1 -1 
188 400 25 26 0.4189791679382324 2 -1 -1 
413 254 11 10 0.40657326579093933 5 -1 -1 
325 260 33 17 0.4050420820713043 4 -1 -1 
421 240 7 6 0.3913361430168152 6 -1 -1 
481 240 11 13 0.38930273056030273 8 -1 -1 
407 242 6 5 0.3853152394294739 4 -1 -1 
623 428 16 35 0.3841468095779419 10 -1 -1 
415 263 6 8 0.37655678391456604 7 -1 -1 
454 237 3 6 0.37620410323143005 2 -1 -1 
219 301 60 26 0.3748234212398529 6 -1 -1 
188 400 25 26 0.36285775899887085 7 -1 -1 
507 257 9 9 0.3583177924156189 4 -1 -1 
496 245 10 12 0.3573499619960785 6 -1 -1 
414 260 6 9 0.34320980310440063 2 -1 -1 
628 345 33 35 0.33586448431015015 6 -1 -1 
446 240 12 6 0.3352716267108917 4 -1 -1 
461 230 4 4 0.3227812945842743 4 -1 -1 
564 330 8 14 0.3196088373661041 10 -1 -1 
407 239 6 6 0.318048894405365 4 -1 -1 
186 316 27 32 0.31563666462898254 4 -1 -1 
231 302 49 24 0.3142058849334717 4 -1 -1 
454 230 5 7 0.30785784125328064 7 -1 -1 
506 256 8 8 0.3069584369659424 4 -1 -1 
532 266 29 14 0.3056736886501312 5 -1 -1 
421 240 7 6 0.30520758032798767 5 -1 -1 
504 246 10 11 0.30279162526130676 6 -1 -1 
220 300 59 27 0.30083268880844116 9 -1 -1 
628 345 33 35 0.2989364266395569 8 -1 -1 
410 241 7 6 0.29853570461273193 4 -1 -1 
564 323 8 17 0.28432348370552063 1 -1 -1 
504 247 10 10 0.28411954641342163 4 -1 -1 
496 244 11 14 0.2815452218055725 8 -1 -1 
496 303 8 16 0.28120335936546326 1 -1 -1 
449 238 9 7 0.27978184819221497 7 -1 -1 
420 241 6 5 0.2796872556209564 4 -1 -1 
408 237 5 5 0.2793450951576233 5 -1 -1 
453 238 5 6 0.27745527029037476 7 -1 -1 
499 245 14 12 0.2741968333721161 6 -1 -1 
408 237 5 6 0.27378010749816895 4 -1 -1 
414 242 7 5 0.273445725440979 4 -1 -1 
532 266 29 14 0.27255716919898987 4 -1 -1 
397 407 33 49 0.2672208845615387 7 -1 -1 
4 456 37 24 0.2664428949356079 3 -1 -1 
409 241 5 6 0.2635936737060547 4 -1 -1 
496 245 11 13 0.2632685899734497 5 -1 -1 
448 240 11 6 0.2630366384983063 10 -1 -1 
182 392 40 42 0.26127156615257263 8 -1 -1 
623 418 16 39 0.26066410541534424 3 -1 -1 
451 239 8 7 0.25928229093551636 7 -1 -1 
684 397 80 77 0.25450122356414795 6 -1 -1 
636 311 9 16 0.25303807854652405 2 -1 -1 
512 262 11 11 0.2517991065979004 5 -1 -1 
265 298 40 17 0.24877531826496124 5 -1 -1 
397 407 33 51 0.2465129792690277 5 -1 -1 
438 233 5 5 0.24514088034629822 8 -1 -1 
505 246 9 11 0.2445461004972458 7 -1 -1 
496 245 10 12 0.2437349110841751 4 -1 -1 
505 246 9 11 0.24250073730945587 8 -1 -1 
437 231 6 6 0.24136662483215332 6 -1 -1 
59 414 37 25 0.2411293089389801 10 -1 -1 
496 308 10 14 0.24080726504325867 7 -1 -1 
388 247 16 13 0.23882068693637848 4 -1 -1 
496 307 9 14 0.2383546531200409 2 -1 -1 
187 396 34 29 0.2376827597618103 8 -1 -1 
636 311 8 15 0.2344614863395691 1 -1 -1 
421 246 3 5 0.23425047099590302 10 -1 -1 
374 308 9 16 0.23415973782539368 10 -1 -1 
190 388 33 33 0.23271296918392181 7 -1 -1 
446 240 12 6 0.23013125360012054 8 -1 -1 
417 242 6 5 0.22801603376865387 4 -1 -1 
415 262 6 9 0.22757986187934875 2 -1 -1 
452 238 6 8 0.22532285749912262 10 -1 -1 
184 397 36 33 0.22490602731704712 2 -1 -1 
220 322 35 24 0.22361482679843903 7 -1 -1 
454 227 4 4 0.21911485493183136 2 -1 -1 
0 92 11 26 0.21658895909786224 1 -1 -1 
461 230 4 4 0.21465440094470978 7 -1 -1 
852 383 14 22 0.21463027596473694 3 -1 -1 
414 262 7 9 0.21425828337669373 4 -1 -1 
394 248 11 11 0.2141062170267105 4 -1 -1 
249 301 36 22 0.21380725502967834 5 -1 -1 
374 308 9 16 0.2137250006198883 1 -1 -1 
628 345 33 35 0.21326538920402527 4 -1 -1 
505 250 9 11 0.21129827201366425 4 -1 -1 
365 251 20 14 0.2105964571237564 5 -1 -1 
635 317 20 12 0.2099594622850418 8 -1 -1 
509 260 11 10 0.20865942537784576 5 -1 -1 
354 252 30 14 0.20751340687274933 4 -1 -1 
437 231 6 6 0.20586222410202026 4 -1 -1 
438 232 5 6 0.20359931886196136 5 -1 -1 
416 241 6 5 0.20165562629699707 4 -1 -1 
481 240 11 14 0.20023547112941742 7 -1 -1 
19 93 8 18 0.2001543492078781 1 -1 -1 
420 241 6 5 0.1999894678592682 6 -1 -1 
19 93 8 18 0.19966764748096466 2 -1 -1 
258 293 44 18 0.198553666472435 4 -1 -1 
325 260 33 17 0.19784072041511536 5 -1 -1 
397 407 33 51 0.19725078344345093 4 -1 -1 
12 451 28 24 0.19661659002304077 3 -1 -1 
454 237 3 6 0.19620107114315033 1 -1 -1 
184 402 21 28 0.19608628749847412 2 -1 -1 
219 332 9 13 0.19467893242835999 3 -1 -1 
712 333 53 35 0.19431018829345703 5 -1 -1 
396 407 34 52 0.19415006041526794 2 -1 -1 
564 324 8 18 0.19404242932796478 3 -1 -1 
628 345 33 35 0.19205784797668457 3 -1 -1 
374 313 9 15 0.19201558828353882 2 -1 -1 
397 407 33 51 0.19139641523361206 3 -1 -1 
557 298 28 20 0.1912735104560852 5 -1 -1 
408 238 6 7 0.19126097857952118 5 -1 -1 
635 314 14 14 0.19047409296035767 2 -1 -1 
414 260 7 10 0.1897929459810257 7 -1 -1 
496 303 8 16 0.18928122520446777 10 -1 -1 
418 241 6 5 0.18886864185333252 4 -1 -1 
421 246 3 5 0.18854723870754242 4 -1 -1 
506 254 8 8 0.1873917579650879 8 -1 -1 
564 329 8 15 0.1872653216123581 2 -1 -1 
413 254 11 10 0.18585096299648285 6 -1 -1 
496 240 15 17 0.1854967325925827 6 -1 -1 
216 301 63 28 0.18521814048290253 7 -1 -1 
216 301 63 28 0.18520499765872955 8 -1 -1 
416 243 6 6 0.18510858714580536 4 -1 -1 
451 237 5 7 0.18412970006465912 2 -1 -1 
184 397 37 33 0.18356861174106598 10 -1 -1 
502 243 12 14 0.18293340504169464 8 -1 -1 
320 263 19 14 0.18048398196697235 4 -1 -1 
507 253 8 9 0.180355042219162 4 -1 -1 
499 245 14 12 0.17874526977539062 4 -1 -1 
414 262 7 9 0.17784854769706726 5 -1 -1 
506 244 9 11 0.17755942046642303 6 -1 -1 
324 262 20 15 0.1775173395872116 4 -1 -1 
182 402 33 33 0.1774260699748993 7 -1 -1 
635 318 20 11 0.17736656963825226 3 -1 -1 
412 240 7 6 0.17713205516338348 4 -1 -1 
445 240 8 6 0.17666226625442505 4 -1 -1 
461 230 5 4 0.17530861496925354 8 -1 -1 
414 261 6 9 0.17155121266841888 10 -1 -1 
57 415 39 23 0.16940920054912567 4 -1 -1 
271 295 38 17 0.16926053166389465 5 -1 -1 
432 231 4 5 0.16907663643360138 4 -1 -1 
853 382 13 22 0.16857865452766418 10 -1 -1 
502 243 12 14 0.16730724275112152 5 -1 -1 
391 246 12 11 0.16682735085487366 4 -1 -1 
496 302 7 10 0.16682346165180206 2 -1 -1 
407 241 6 6 0.16625763475894928 5 -1 -1 
314 259 36 18 0.16166073083877563 4 -1 -1 
254 303 45 21 0.160430446267128 5 -1 -1 
185 316 29 32 0.1603260636329651 8 -1 -1 
185 316 29 32 0.15619339048862457 6 -1 -1 
529 266 31 13 0.15600305795669556 6 -1 -1 
224 298 51 18 0.1557958722114563 4 -1 -1 
307 305 28 23 0.1552998274564743 6 -1 -1 
245 299 38 22 0.152923583984375 4 -1 -1 
239 303 42 22 0.1503271758556366 6 -1 -1 
217 325 29 21 0.14948439598083496 7 -1 -1 
260 301 41 19 0.1448056846857071 6 -1 -1 
214 304 55 39 0.1427590548992157 7 -1 -1 
397 407 34 51 0.14271384477615356 1 -1 -1 
307 305 28 23 0.14129003882408142 4 -1 -1 
294 306 41 23 0.14080657064914703 7 -1 -1 
211 326 25 21 0.14037518203258514 3 -1 -1 
801 410 119 45 0.13673822581768036 1 -1 -1 
274 299 37 17 0.13395798206329346 4 -1 -1 
220 322 35 24 0.13385681807994843 8 -1 -1 
14 442 51 39 0.13381268084049225 7 -1 -1 
214 304 55 39 0.13283146917819977 6 -1 -1 
683 397 81 77 0.1307242065668106 8 -1 -1 
845 381 21 24 0.13016022741794586 3 -1 -1 
67 412 38 25 0.12718351185321808 10 -1 -1 
397 407 33 51 0.12585079669952393 9 -1 -1 
15 98 20 30 0.12411493808031082 7 -1 -1 
310 305 25 23 0.12370384484529495 10 -1 -1 
619 435 17 29 0.1218969002366066 3 -1 -1 
557 298 28 21 0.11956353485584259 7 -1 -1 
96 406 22 29 0.11933889985084534 10 -1 -1 
219 308 24 22 0.11899928748607635 8 -1 -1 
2 447 48 36 0.11819387227296829 3 -1 -1 
214 304 55 39 0.11817660182714462 8 -1 -1 
839 384 24 22 0.11781435459852219 10 -1 -1 
684 397 80 77 0.11765304207801819 9 -1 -1 
256 294 42 19 0.11729911714792252 5 -1 -1 
101 407 18 28 0.1166006475687027 1 -1 -1 
565 310 31 27 0.11649120599031448 5 -1 -1 
220 313 35 28 0.11498796939849854 7 -1 -1 
219 308 24 22 0.11481252312660217 7 -1 -1 
144 366 63 44 0.11477790027856827 1 -1 -1 
623 418 16 35 0.11392112821340561 10 -1 -1 
265 298 40 17 0.11221792548894882 6 -1 -1 
800 409 118 47 0.11046131700277328 9 -1 -1 
101 407 18 27 0.10783952474594116 2 -1 -1 
206 325 23 23 0.10631542652845383 7 -1 -1 
286 319 35 30 0.10631230473518372 5 -1 -1 
216 364 53 39 0.1061769351363182 5 -1 -1 
220 307 23 20 0.1051027700304985 4 -1 -1 
217 299 62 29 0.10177135467529297 5 -1 -1 
208 328 23 22 0.10164102911949158 3 -1 -1 
55 415 35 24 0.10132300108671188 1 -1 -1 
310 305 25 23 0.10117214918136597 3 -1 -1 
557 298 28 21 0.10112401098012924 8 -1 -1 
3 446 50 37 0.10091634094715118 7 -1 -1 
85 406 29 29 0.10075689852237701 10 -1 -1 
182 392 40 42 0.09985615313053131 6 -1 -1 
20 436 50 40 0.09875228255987167 4 -1 -1 
557 298 28 21 0.09841419756412506 6 -1 -1 
845 381 21 24 0.09782242774963379 10 -1 -1 
626 422 15 36 0.09773721545934677 1 -1 -1 
211 324 24 22 0.0975661426782608 10 -1 -1 
397 407 34 51 0.09748318791389465 10 -1 -1 
182 392 40 42 0.0969628170132637 3 -1 -1 
312 261 28 16 0.09585393220186234 5 -1 -1 
216 323 26 22 0.09520580619573593 8 -1 -1 
228 298 50 20 0.0950511023402214 5 -1 -1 
249 303 43 23 0.09495943784713745 4 -1 -1 
216 323 26 22 0.09387857466936111 10 -1 -1 
186 316 27 32 0.09362518042325974 9 -1 -1 
15 91 18 32 0.09266041219234467 2 -1 -1 
496 238 19 20 0.09220685809850693 9 -1 -1 
211 324 24 22 0.09186632186174393 7 -1 -1 
557 298 28 20 0.09153688699007034 1 -1 -1 
253 291 38 18 0.09141505509614944 4 -1 -1 
561 300 33 30 0.09096739441156387 4 -1 -1 
718 333 86 37 0.0907559022307396 4 -1 -1 
218 323 37 23 0.09062524139881134 3 -1 -1 
215 318 27 25 0.09032167494297028 7 -1 -1 
206 325 23 23 0.08930260688066483 10 -1 -1 
53 414 21 26 0.08795428276062012 1 -1 -1 
800 410 118 45 0.08104270696640015 5 -1 -1 
800 409 118 47 0.07914193719625473 10 -1 -1 
290 298 49 34 0.07436258345842361 6 -1 -1 
285 303 48 34 0.06488192826509476 6 -1 -1 
54 413 52 30 0.05658748745918274 4 -1 -1 
216 301 63 28 0.05557502433657646 3 -1 -1 
800 410 118 45 0.05227614939212799 6 -1 -1 
214 304 55 39 0.050229761749506 5 -1 -1 
