359 467 62 64 0.9808659553527832 5 -1 -1 
175 512 116 57 0.9644131064414978 5 -1 -1 
713 518 50 74 0.9628587961196899 5 -1 -1 
391 524 31 40 0.9388517737388611 7 -1 -1 
496 408 42 33 0.9379826784133911 4 -1 -1 
761 373 31 31 0.9195379614830017 5 -1 -1 
274 551 77 75 0.9121106863021851 4 -1 -1 
315 599 99 82 0.9101157784461975 4 -1 -1 
433 377 65 31 0.9023295640945435 4 -1 -1 
427 417 41 35 0.8722783923149109 4 -1 -1 
801 474 45 37 0.8717400431632996 4 -1 -1 
615 305 19 17 0.8419316411018372 4 -1 -1 
560 298 17 15 0.8385850787162781 8 -1 -1 
401 447 46 44 0.8354378342628479 4 -1 -1 
812 508 52 49 0.8266762495040894 4 -1 -1 
84 627 49 31 0.8138499855995178 10 -1 -1 
608 273 14 12 0.808625340461731 4 -1 -1 
706 360 26 26 0.8070523738861084 4 -1 -1 
604 286 18 16 0.8034601211547852 4 -1 -1 
463 355 56 24 0.7950606942176819 4 -1 -1 
167 639 107 110 0.7942816019058228 5 -1 -1 
1060 555 20 32 0.7697052359580994 10 -1 -1 
520 305 39 16 0.7594912052154541 4 -1 -1 
549 337 6 16 0.7549269795417786 1 -1 -1 
524 327 23 18 0.7502006888389587 4 -1 -1 
544 335 7 19 0.7459678649902344 1 -1 -1 
586 396 33 34 0.7453228831291199 4 -1 -1 
726 290 18 21 0.738839328289032 6 -1 -1 
225 492 115 55 0.7343118786811829 4 -1 -1 
787 509 15 28 0.7263705134391785 2 -1 -1 
507 387 12 18 0.7263473868370056 3 -1 -1 
495 479 17 26 0.7148129343986511 10 -1 -1 
508 380 11 21 0.7115720510482788 2 -1 -1 
567 281 16 14 0.7015597224235535 4 -1 -1 
606 234 12 9 0.7015478014945984 4 -1 -1 
510 335 25 24 0.6843069791793823 4 -1 -1 
758 364 23 20 0.6648604869842529 4 -1 -1 
496 470 16 28 0.6523723602294922 2 -1 -1 
1175 675 20 36 0.6488246917724609 2 -1 -1 
1195 683 28 38 0.646260678768158 2 -1 -1 
720 281 14 12 0.6454675793647766 4 -1 -1 
31 706 33 35 0.6421080827713013 2 -1 -1 
364 394 23 21 0.6414318084716797 10 -1 -1 
573 276 15 12 0.6280055642127991 4 -1 -1 
64 683 25 51 0.6176437139511108 2 -1 -1 
720 299 5 14 0.6170673370361328 1 -1 -1 
552 294 16 15 0.6099047064781189 4 -1 -1 
385 514 18 33 0.595091700553894 1 -1 -1 
743 328 22 20 0.5862447023391724 4 -1 -1 
709 276 6 14 0.570070743560791 1 -1 -1 
31 688 20 28 0.5688153505325317 2 -1 -1 
515 300 33 13 0.5425249934196472 4 -1 -1 
557 287 18 14 0.5319651961326599 4 -1 -1 
522 287 30 13 0.5247392654418945 4 -1 -1 
718 274 12 12 0.5226120352745056 4 -1 -1 
787 511 15 36 0.5198888182640076 10 -1 -1 
1167 649 27 42 0.5165383219718933 1 -1 -1 
746 278 28 14 0.5048043131828308 4 -1 -1 
757 315 7 13 0.4985990524291992 1 -1 -1 
1167 649 27 42 0.4932243525981903 2 -1 -1 
747 241 23 10 0.4899161458015442 4 -1 -1 
747 241 21 10 0.47896361351013184 5 -1 -1 
373 400 14 14 0.4644925892353058 10 -1 -1 
787 513 15 34 0.4577704966068268 3 -1 -1 
748 297 6 16 0.4576221704483032 1 -1 -1 
726 290 18 21 0.43992629647254944 5 -1 -1 
32 701 66 40 0.42862531542778015 10 -1 -1 
582 263 17 13 0.4094441533088684 4 -1 -1 
611 255 5 9 0.40870025753974915 2 -1 -1 
743 329 22 19 0.4003712832927704 5 -1 -1 
756 298 5 14 0.39774197340011597 1 -1 -1 
521 315 13 14 0.3956749737262726 8 -1 -1 
712 275 5 14 0.39513060450553894 1 -1 -1 
589 256 14 12 0.39162853360176086 4 -1 -1 
508 388 11 17 0.3898816704750061 10 -1 -1 
714 276 6 13 0.3845230042934418 1 -1 -1 
873 382 36 22 0.3820487856864929 7 -1 -1 
719 277 12 13 0.37976503372192383 4 -1 -1 
720 266 4 10 0.3785874545574188 1 -1 -1 
567 281 16 15 0.3745586574077606 5 -1 -1 
687 273 5 9 0.3732101619243622 2 -1 -1 
1203 676 22 44 0.37207654118537903 2 -1 -1 
385 513 18 35 0.3712472915649414 2 -1 -1 
31 688 22 45 0.37042057514190674 2 -1 -1 
726 289 17 15 0.36673152446746826 4 -1 -1 
376 397 10 15 0.365818053483963 2 -1 -1 
552 295 14 14 0.363566517829895 5 -1 -1 
582 263 17 14 0.36272501945495605 6 -1 -1 
702 246 11 12 0.3618999421596527 9 -1 -1 
611 256 5 8 0.36057591438293457 10 -1 -1 
687 273 5 10 0.3592303693294525 1 -1 -1 
1175 676 20 35 0.35863378643989563 1 -1 -1 
560 298 17 15 0.3576856553554535 7 -1 -1 
750 297 7 16 0.3545549511909485 1 -1 -1 
599 234 4 7 0.3533332049846649 2 -1 -1 
687 273 5 10 0.35189875960350037 10 -1 -1 
762 244 15 9 0.34870007634162903 4 -1 -1 
720 266 5 10 0.34630510210990906 2 -1 -1 
582 263 17 13 0.3441177010536194 5 -1 -1 
763 252 20 10 0.34324854612350464 4 -1 -1 
592 255 12 11 0.3408542275428772 4 -1 -1 
167 639 106 110 0.3403194844722748 4 -1 -1 
598 234 5 8 0.33847710490226746 1 -1 -1 
90 623 22 32 0.3381647765636444 2 -1 -1 
611 255 5 9 0.3362495005130768 1 -1 -1 
560 298 17 15 0.3361545503139496 4 -1 -1 
777 333 7 22 0.3355558216571808 1 -1 -1 
587 260 15 13 0.33301135897636414 4 -1 -1 
570 278 15 14 0.33149921894073486 4 -1 -1 
701 248 11 9 0.3277512490749359 4 -1 -1 
574 272 10 10 0.324410080909729 4 -1 -1 
65 683 23 31 0.3213605582714081 2 -1 -1 
612 258 5 7 0.3177459239959717 10 -1 -1 
716 276 6 12 0.3172764778137207 1 -1 -1 
589 256 15 13 0.31543436646461487 6 -1 -1 
582 263 17 14 0.31328070163726807 8 -1 -1 
64 683 25 51 0.30954116582870483 1 -1 -1 
719 299 5 14 0.3082539439201355 2 -1 -1 
574 273 13 12 0.30722033977508545 4 -1 -1 
761 374 31 30 0.30704402923583984 4 -1 -1 
32 705 62 35 0.3063172698020935 2 -1 -1 
720 281 13 13 0.3049852252006531 5 -1 -1 
586 395 33 35 0.29871708154678345 5 -1 -1 
593 252 12 12 0.29401692748069763 4 -1 -1 
375 401 12 13 0.29053598642349243 2 -1 -1 
1142 645 41 22 0.28808876872062683 3 -1 -1 
702 246 11 12 0.28644677996635437 5 -1 -1 
583 268 14 10 0.2840437591075897 4 -1 -1 
718 274 12 12 0.28316906094551086 5 -1 -1 
612 254 5 8 0.28027644753456116 2 -1 -1 
92 625 15 28 0.27834540605545044 2 -1 -1 
1194 692 22 29 0.2770170569419861 2 -1 -1 
757 314 7 14 0.27632951736450195 2 -1 -1 
1196 676 28 46 0.2760715186595917 1 -1 -1 
588 260 13 13 0.27571895718574524 6 -1 -1 
729 277 7 11 0.2753147482872009 1 -1 -1 
1171 674 19 36 0.2747727930545807 2 -1 -1 
504 310 28 14 0.27303797006607056 7 -1 -1 
764 246 15 12 0.2716691493988037 4 -1 -1 
522 311 6 12 0.271221399307251 2 -1 -1 
374 405 13 10 0.27097225189208984 10 -1 -1 
726 290 18 21 0.2701469957828522 4 -1 -1 
560 298 17 15 0.26981911063194275 5 -1 -1 
872 383 40 22 0.2491610050201416 8 -1 -1 
32 701 66 40 0.24675282835960388 7 -1 -1 
278 550 74 45 0.23753775656223297 4 -1 -1 
176 512 115 57 0.22919894754886627 4 -1 -1 
875 383 33 20 0.22067539393901825 6 -1 -1 
221 492 117 55 0.220001220703125 5 -1 -1 
360 466 60 65 0.21003423631191254 4 -1 -1 
713 518 49 74 0.20235806703567505 4 -1 -1 
208 500 111 54 0.19923076033592224 4 -1 -1 
504 299 39 16 0.1867237240076065 4 -1 -1 
759 368 30 30 0.1800043284893036 4 -1 -1 
786 509 16 36 0.17678651213645935 1 -1 -1 
515 327 30 23 0.16947691142559052 4 -1 -1 
7 586 32 20 0.16186678409576416 4 -1 -1 
713 518 50 74 0.16154010593891144 8 -1 -1 
0 661 19 37 0.15794511139392853 10 -1 -1 
1060 554 21 33 0.15369169414043427 3 -1 -1 
462 355 57 24 0.153009295463562 5 -1 -1 
713 518 49 74 0.1527523249387741 9 -1 -1 
359 466 63 65 0.15187034010887146 8 -1 -1 
208 500 111 54 0.14383450150489807 5 -1 -1 
510 335 26 24 0.13600197434425354 5 -1 -1 
520 285 33 16 0.13492745161056519 5 -1 -1 
359 466 63 65 0.13177305459976196 10 -1 -1 
1060 554 21 33 0.12648136913776398 4 -1 -1 
523 305 36 15 0.12644100189208984 5 -1 -1 
359 467 62 64 0.12626871466636658 6 -1 -1 
461 352 53 18 0.12564024329185486 4 -1 -1 
274 551 77 75 0.12563388049602509 5 -1 -1 
100 472 77 41 0.1254032552242279 4 -1 -1 
502 302 36 18 0.11754042655229568 4 -1 -1 
713 518 50 74 0.11559820175170898 10 -1 -1 
759 368 30 30 0.11503550410270691 5 -1 -1 
182 502 113 47 0.10899820178747177 4 -1 -1 
315 598 99 83 0.105662040412426 5 -1 -1 
433 376 64 32 0.10368754714727402 5 -1 -1 
713 518 50 74 0.10004953294992447 2 -1 -1 
0 661 20 38 0.1000220850110054 3 -1 -1 
495 469 18 31 0.0995555892586708 1 -1 -1 
39 431 71 54 0.09933596104383469 4 -1 -1 
434 377 64 33 0.0985003113746643 9 -1 -1 
359 467 62 64 0.09847793728113174 7 -1 -1 
167 639 105 110 0.09755074977874756 9 -1 -1 
315 599 99 81 0.09677723050117493 1 -1 -1 
7 585 33 21 0.09669282287359238 10 -1 -1 
869 383 41 22 0.09545690566301346 3 -1 -1 
706 360 26 26 0.09510193765163422 5 -1 -1 
154 513 134 57 0.09346189349889755 9 -1 -1 
359 467 62 64 0.09332899004220963 2 -1 -1 
495 469 18 32 0.09219737350940704 10 -1 -1 
462 355 57 24 0.0920463353395462 1 -1 -1 
786 512 16 36 0.09192292392253876 2 -1 -1 
511 299 37 14 0.09188145399093628 5 -1 -1 
3 578 33 28 0.09100649505853653 4 -1 -1 
742 277 33 16 0.09073204547166824 5 -1 -1 
234 493 105 54 0.09022767096757889 1 -1 -1 
31 698 66 43 0.08997850120067596 8 -1 -1 
874 383 39 22 0.08956445753574371 5 -1 -1 
523 306 36 14 0.08955635875463486 6 -1 -1 
708 229 45 19 0.08812639862298965 6 -1 -1 
812 508 51 50 0.08792135119438171 5 -1 -1 
154 513 134 57 0.08755401521921158 6 -1 -1 
713 518 50 75 0.08664634823799133 6 -1 -1 
12 580 31 25 0.08520058542490005 4 -1 -1 
523 284 36 17 0.0844724029302597 4 -1 -1 
511 293 37 17 0.08402258902788162 4 -1 -1 
499 309 35 16 0.08386638015508652 6 -1 -1 
433 377 65 31 0.07945802062749863 1 -1 -1 
713 518 50 74 0.07943996042013168 7 -1 -1 
274 551 78 75 0.07935070246458054 1 -1 -1 
279 550 73 45 0.07906284928321838 5 -1 -1 
167 639 105 110 0.0787845328450203 6 -1 -1 
520 305 39 16 0.07759048044681549 1 -1 -1 
2 588 36 25 0.07750988006591797 4 -1 -1 
453 352 47 21 0.0772453099489212 4 -1 -1 
433 376 64 32 0.07668600976467133 6 -1 -1 
510 335 26 24 0.07608810067176819 6 -1 -1 
757 364 26 24 0.07555247843265533 5 -1 -1 
175 512 116 57 0.07529348134994507 8 -1 -1 
28 506 45 59 0.07519175112247467 4 -1 -1 
32 700 66 41 0.0749819353222847 3 -1 -1 
517 302 40 16 0.07407122105360031 5 -1 -1 
100 472 77 41 0.07373374700546265 5 -1 -1 
359 467 63 64 0.07327107340097427 9 -1 -1 
361 393 27 23 0.07293521612882614 3 -1 -1 
134 510 139 57 0.07168228924274445 4 -1 -1 
225 492 115 55 0.07155758142471313 6 -1 -1 
315 599 99 82 0.07137269526720047 9 -1 -1 
511 305 38 16 0.06978026032447815 4 -1 -1 
175 512 116 57 0.06974494457244873 10 -1 -1 
33 432 78 58 0.06943870335817337 5 -1 -1 
493 477 20 29 0.06895605474710464 3 -1 -1 
580 250 25 29 0.06838483363389969 6 -1 -1 
315 599 99 82 0.06660667806863785 10 -1 -1 
709 229 46 19 0.06620728224515915 9 -1 -1 
