389 334 19 37 0.9437490701675415 8 -1 -1 
722 343 59 43 0.9383312463760376 6 -1 -1 
628 349 19 25 0.9354009032249451 7 -1 -1 
421 337 29 36 0.9198355674743652 8 -1 -1 
471 370 38 43 0.9191680550575256 4 -1 -1 
542 292 24 22 0.8618335127830505 4 -1 -1 
667 352 47 41 0.8587918281555176 5 -1 -1 
528 269 22 19 0.8477060794830322 4 -1 -1 
584 260 16 20 0.8240216374397278 6 -1 -1 
917 436 35 22 0.757809579372406 3 -1 -1 
515 238 13 11 0.7317099571228027 4 -1 -1 
870 469 45 29 0.7170658707618713 10 -1 -1 
454 227 11 9 0.6992565393447876 4 -1 -1 
881 451 22 35 0.6951358914375305 2 -1 -1 
419 303 8 15 0.6858169436454773 2 -1 -1 
419 308 7 16 0.6786438226699829 10 -1 -1 
465 215 9 7 0.6756156086921692 4 -1 -1 
895 497 64 43 0.6545827984809875 7 -1 -1 
578 290 8 12 0.6488381624221802 2 -1 -1 
429 298 7 15 0.6401314735412598 10 -1 -1 
429 293 8 15 0.6385600566864014 2 -1 -1 
896 424 38 30 0.6292689442634583 10 -1 -1 
577 294 9 13 0.6285693645477295 10 -1 -1 
447 298 8 13 0.6242371797561646 10 -1 -1 
447 292 8 14 0.6178681254386902 2 -1 -1 
799 432 33 32 0.6051971316337585 10 -1 -1 
928 426 20 26 0.5957454442977905 2 -1 -1 
636 320 22 20 0.5861102938652039 7 -1 -1 
451 262 6 10 0.5706056356430054 10 -1 -1 
895 498 64 42 0.5688188672065735 8 -1 -1 
344 455 15 29 0.5678409934043884 2 -1 -1 
604 340 10 19 0.5676934123039246 2 -1 -1 
452 258 5 11 0.5623337626457214 2 -1 -1 
644 295 31 28 0.559604287147522 4 -1 -1 
538 231 5 8 0.5535598397254944 10 -1 -1 
548 246 5 8 0.5519720911979675 2 -1 -1 
462 237 4 7 0.5508646965026855 2 -1 -1 
548 248 5 9 0.5498940944671631 10 -1 -1 
446 249 6 10 0.5436084270477295 2 -1 -1 
630 349 14 16 0.5367293357849121 2 -1 -1 
538 229 4 8 0.532050609588623 2 -1 -1 
575 252 10 15 0.5158608555793762 8 -1 -1 
564 260 6 12 0.5144771337509155 2 -1 -1 
462 240 4 7 0.5141173005104065 10 -1 -1 
343 461 16 40 0.514116108417511 10 -1 -1 
441 262 5 10 0.5066620111465454 10 -1 -1 
471 202 7 6 0.5064323544502258 4 -1 -1 
441 259 5 10 0.503303587436676 2 -1 -1 
603 347 11 19 0.4750889837741852 10 -1 -1 
531 224 4 6 0.47392964363098145 2 -1 -1 
473 197 7 6 0.46862611174583435 4 -1 -1 
471 234 4 7 0.4661426544189453 2 -1 -1 
749 394 25 21 0.46537068486213684 3 -1 -1 
91 205 16 24 0.46049991250038147 2 -1 -1 
531 225 4 8 0.4604742228984833 10 -1 -1 
525 215 3 6 0.4410313069820404 2 -1 -1 
471 237 4 8 0.43490204215049744 10 -1 -1 
564 260 6 13 0.4333045482635498 1 -1 -1 
390 335 18 35 0.425716370344162 7 -1 -1 
346 453 12 19 0.42401596903800964 2 -1 -1 
343 461 16 32 0.42285066843032837 2 -1 -1 
445 254 5 9 0.4217480719089508 10 -1 -1 
543 221 4 7 0.41131317615509033 2 -1 -1 
525 216 3 6 0.4097599685192108 10 -1 -1 
564 264 6 10 0.4089685082435608 10 -1 -1 
876 470 25 26 0.40779420733451843 2 -1 -1 
636 320 22 20 0.40263018012046814 8 -1 -1 
718 315 9 21 0.40145251154899597 1 -1 -1 
881 462 22 29 0.3923695981502533 2 -1 -1 
548 213 8 7 0.3921414613723755 4 -1 -1 
422 337 29 36 0.39041659235954285 7 -1 -1 
920 430 31 26 0.38972344994544983 2 -1 -1 
445 252 6 10 0.3642154037952423 2 -1 -1 
917 436 35 22 0.36226949095726013 10 -1 -1 
543 224 5 9 0.3576712906360626 10 -1 -1 
447 295 8 14 0.348574697971344 2 -1 -1 
655 334 6 13 0.3484523296356201 10 -1 -1 
603 339 12 26 0.34741640090942383 10 -1 -1 
392 345 11 16 0.34668871760368347 2 -1 -1 
445 256 5 9 0.34347817301750183 10 -1 -1 
928 514 13 22 0.34243956208229065 2 -1 -1 
551 218 8 7 0.34134289622306824 5 -1 -1 
872 470 42 27 0.34111934900283813 2 -1 -1 
608 265 20 19 0.3408827483654022 4 -1 -1 
703 339 37 18 0.3397440016269684 7 -1 -1 
551 218 8 7 0.3374364972114563 4 -1 -1 
521 205 5 6 0.336365669965744 7 -1 -1 
575 252 10 15 0.33620399236679077 7 -1 -1 
646 296 28 26 0.3351995348930359 5 -1 -1 
538 228 4 6 0.3310975432395935 2 -1 -1 
462 239 4 7 0.324455201625824 2 -1 -1 
742 390 32 23 0.32296067476272583 3 -1 -1 
476 224 4 5 0.31852638721466064 10 -1 -1 
462 238 4 7 0.31424179673194885 10 -1 -1 
549 215 7 7 0.31386032700538635 4 -1 -1 
655 334 6 13 0.3108910918235779 2 -1 -1 
575 252 10 15 0.3092027008533478 9 -1 -1 
565 266 5 8 0.30666080117225647 3 -1 -1 
578 290 8 13 0.3064366579055786 10 -1 -1 
471 200 7 6 0.30415987968444824 4 -1 -1 
513 208 4 6 0.30297723412513733 10 -1 -1 
445 250 6 10 0.30281731486320496 10 -1 -1 
691 305 40 21 0.30048760771751404 4 -1 -1 
653 327 6 12 0.30020031332969666 2 -1 -1 
921 428 29 27 0.2998797297477722 3 -1 -1 
513 208 4 6 0.2975175976753235 2 -1 -1 
573 235 6 10 0.29721859097480774 10 -1 -1 
344 472 13 22 0.2968396544456482 2 -1 -1 
550 216 7 8 0.29548320174217224 4 -1 -1 
721 334 21 19 0.29378578066825867 10 -1 -1 
482 194 6 5 0.29299649596214294 4 -1 -1 
550 216 7 8 0.28812187910079956 5 -1 -1 
745 393 28 22 0.2874296009540558 10 -1 -1 
722 344 58 41 0.28707244992256165 4 -1 -1 
667 353 47 41 0.28433719277381897 4 -1 -1 
525 216 3 6 0.2834491431713104 1 -1 -1 
471 237 4 8 0.2834300398826599 3 -1 -1 
346 463 13 22 0.2805005609989166 2 -1 -1 
593 247 11 14 0.28048932552337646 4 -1 -1 
521 205 5 6 0.2789989411830902 8 -1 -1 
817 364 61 38 0.2776190936565399 4 -1 -1 
462 242 4 6 0.2771090567111969 10 -1 -1 
471 234 4 10 0.2755727171897888 1 -1 -1 
655 327 5 15 0.275224506855011 2 -1 -1 
565 268 5 7 0.27385616302490234 10 -1 -1 
633 347 8 12 0.2664223611354828 2 -1 -1 
636 284 41 19 0.2658861577510834 4 -1 -1 
575 252 10 16 0.2650648355484009 6 -1 -1 
419 306 8 17 0.26418250799179077 2 -1 -1 
539 234 3 6 0.2634970545768738 10 -1 -1 
634 347 10 14 0.26022347807884216 2 -1 -1 
629 348 19 26 0.25959986448287964 10 -1 -1 
444 256 5 10 0.2560696303844452 2 -1 -1 
928 426 20 26 0.25600600242614746 1 -1 -1 
546 211 7 7 0.25582554936408997 4 -1 -1 
451 262 6 10 0.25506383180618286 2 -1 -1 
934 404 8 16 0.25272414088249207 1 -1 -1 
442 257 7 9 0.2514106333255768 10 -1 -1 
542 220 4 6 0.2510142922401428 2 -1 -1 
880 463 24 31 0.24927185475826263 10 -1 -1 
521 204 5 6 0.24912376701831818 2 -1 -1 
476 223 4 6 0.24772559106349945 2 -1 -1 
543 222 4 9 0.24749095737934113 10 -1 -1 
702 340 34 17 0.2455442249774933 10 -1 -1 
872 469 44 29 0.24514061212539673 3 -1 -1 
531 228 4 6 0.24439659714698792 10 -1 -1 
81 214 30 20 0.24341373145580292 10 -1 -1 
441 260 5 10 0.24297432601451874 10 -1 -1 
629 348 18 26 0.24272345006465912 8 -1 -1 
691 306 21 18 0.24253281950950623 10 -1 -1 
594 249 10 13 0.24212528765201569 6 -1 -1 
471 236 4 9 0.24206657707691193 2 -1 -1 
584 262 16 18 0.24073009192943573 7 -1 -1 
708 336 35 19 0.24061864614486694 10 -1 -1 
532 222 4 6 0.24016395211219788 2 -1 -1 
924 514 14 21 0.23965544998645782 2 -1 -1 
885 379 19 25 0.2391730397939682 10 -1 -1 
803 445 29 21 0.2383541464805603 10 -1 -1 
85 207 24 25 0.23762845993041992 10 -1 -1 
549 215 7 7 0.23634374141693115 5 -1 -1 
524 214 4 5 0.23233768343925476 2 -1 -1 
538 229 4 8 0.2319546341896057 1 -1 -1 
809 362 43 40 0.22259031236171722 4 -1 -1 
691 301 54 25 0.2195032387971878 4 -1 -1 
879 450 20 26 0.2139105349779129 2 -1 -1 
390 334 17 36 0.21292057633399963 2 -1 -1 
629 348 18 25 0.20638127624988556 2 -1 -1 
722 344 58 42 0.20219974219799042 5 -1 -1 
895 497 64 43 0.19396965205669403 3 -1 -1 
343 475 16 27 0.18646572530269623 3 -1 -1 
629 348 19 26 0.1861366331577301 3 -1 -1 
628 349 19 25 0.18526218831539154 4 -1 -1 
827 350 54 46 0.18358105421066284 4 -1 -1 
881 451 22 35 0.18213921785354614 1 -1 -1 
390 334 18 36 0.17769503593444824 3 -1 -1 
790 364 56 38 0.176395446062088 4 -1 -1 
633 284 31 18 0.17629827558994293 4 -1 -1 
345 453 14 28 0.17128226161003113 1 -1 -1 
624 284 32 18 0.1617920994758606 4 -1 -1 
701 335 47 25 0.1616215854883194 7 -1 -1 
797 430 36 36 0.16140763461589813 3 -1 -1 
421 336 31 37 0.15730462968349457 5 -1 -1 
722 344 58 41 0.15712633728981018 7 -1 -1 
875 461 39 32 0.1549438238143921 10 -1 -1 
578 255 20 22 0.1506510227918625 6 -1 -1 
642 290 34 26 0.1504904180765152 4 -1 -1 
806 343 92 61 0.1499418020248413 4 -1 -1 
390 334 17 36 0.14528411626815796 1 -1 -1 
584 261 17 20 0.14414146542549133 8 -1 -1 
390 334 17 36 0.14400945603847504 10 -1 -1 
724 334 65 44 0.14314736425876617 6 -1 -1 
732 385 42 30 0.14039984345436096 7 -1 -1 
873 468 42 30 0.1403798609972 7 -1 -1 
909 427 42 30 0.1398085653781891 10 -1 -1 
735 384 40 32 0.13868819177150726 3 -1 -1 
584 261 16 19 0.1375439167022705 5 -1 -1 
603 338 12 25 0.13734646141529083 1 -1 -1 
722 344 58 41 0.13626307249069214 8 -1 -1 
602 341 13 26 0.1360325664281845 3 -1 -1 
421 336 31 37 0.13427048921585083 6 -1 -1 
801 346 47 55 0.13372036814689636 4 -1 -1 
735 309 70 35 0.1336698681116104 4 -1 -1 
635 287 40 36 0.1327248066663742 5 -1 -1 
628 349 19 25 0.13093985617160797 6 -1 -1 
861 349 42 46 0.130203977227211 4 -1 -1 
343 461 16 40 0.12720246613025665 3 -1 -1 
603 332 13 26 0.12665104866027832 2 -1 -1 
636 318 29 15 0.1259913444519043 7 -1 -1 
608 266 23 19 0.12557747960090637 5 -1 -1 
881 455 24 39 0.12423412501811981 3 -1 -1 
575 251 18 18 0.1239607110619545 6 -1 -1 
608 259 22 22 0.12258835136890411 4 -1 -1 
881 476 34 23 0.12243269383907318 3 -1 -1 
637 320 22 20 0.11957380175590515 6 -1 -1 
885 451 20 24 0.11920154839754105 2 -1 -1 
615 270 24 21 0.11837740987539291 4 -1 -1 
342 467 16 35 0.11776227504014969 2 -1 -1 
816 362 62 40 0.11470111459493637 5 -1 -1 
629 348 18 26 0.11096091568470001 9 -1 -1 
690 289 40 36 0.11091144382953644 4 -1 -1 
852 359 47 40 0.10964638739824295 4 -1 -1 
591 243 16 20 0.10847809910774231 4 -1 -1 
73 208 47 32 0.10794080793857574 10 -1 -1 
882 475 33 24 0.1077880784869194 10 -1 -1 
876 457 21 35 0.10716670751571655 2 -1 -1 
693 296 69 32 0.10708396881818771 4 -1 -1 
737 335 66 35 0.1045273020863533 4 -1 -1 
628 280 29 17 0.104456827044487 4 -1 -1 
390 334 18 37 0.10416539013385773 5 -1 -1 
866 355 53 43 0.103461354970932 4 -1 -1 
621 276 29 20 0.10307899117469788 4 -1 -1 
704 338 59 26 0.10199090838432312 4 -1 -1 
720 334 85 57 0.10127292573451996 6 -1 -1 
665 313 22 20 0.10109172016382217 7 -1 -1 
845 343 49 50 0.10056100785732269 4 -1 -1 
327 303 17 27 0.10021787136793137 3 -1 -1 
389 334 19 37 0.100020632147789 4 -1 -1 
618 275 23 19 0.09959272295236588 4 -1 -1 
874 461 42 31 0.09952904284000397 2 -1 -1 
634 280 42 33 0.09862817823886871 4 -1 -1 
636 284 41 19 0.09729411453008652 5 -1 -1 
702 336 55 24 0.0967094749212265 8 -1 -1 
870 469 45 29 0.0965460017323494 4 -1 -1 
731 317 128 68 0.09481407701969147 6 -1 -1 
781 330 91 73 0.09358339011669159 4 -1 -1 
634 280 42 33 0.0916120782494545 5 -1 -1 
729 338 126 62 0.08700651675462723 6 -1 -1 
820 333 103 70 0.0862431526184082 4 -1 -1 
806 343 92 61 0.08339253813028336 5 -1 -1 
872 452 38 33 0.0814315602183342 2 -1 -1 
802 329 83 73 0.08032748103141785 6 -1 -1 
764 320 108 77 0.07738736271858215 6 -1 -1 
340 457 21 46 0.07714495807886124 9 -1 -1 
874 461 40 32 0.07569936662912369 1 -1 -1 
731 317 128 68 0.07345186918973923 4 -1 -1 
641 292 35 33 0.06559906154870987 6 -1 -1 
727 309 102 65 0.06450223922729492 6 -1 -1 
623 274 49 30 0.06199967861175537 4 -1 -1 
848 325 87 76 0.06054073944687843 4 -1 -1 
784 344 93 61 0.059795401990413666 6 -1 -1 
794 326 84 76 0.058239616453647614 5 -1 -1 
875 461 39 32 0.056718211621046066 3 -1 -1 
634 283 41 37 0.056215304881334305 6 -1 -1 
817 324 96 77 0.05508393421769142 6 -1 -1 
633 278 44 29 0.05250738933682442 6 -1 -1 
736 296 124 71 0.05247015878558159 6 -1 -1 
736 296 124 71 0.05222785845398903 4 -1 -1 
872 469 44 29 0.050199538469314575 8 -1 -1 
869 454 36 35 0.050082553178071976 10 -1 -1 
