95 263 45 20 0.9717888832092285 5 -1 -1 
387 376 25 60 0.9693886041641235 6 -1 -1 
635 174 21 46 0.9471951127052307 4 -1 -1 
548 215 21 49 0.9361335039138794 4 -1 -1 
401 106 21 49 0.9326800107955933 4 -1 -1 
720 165 22 45 0.9270473718643188 4 -1 -1 
584 162 24 51 0.9222382307052612 4 -1 -1 
716 224 22 50 0.9216026663780212 4 -1 -1 
385 451 23 52 0.9207537174224854 4 -1 -1 
529 148 23 47 0.916958212852478 4 -1 -1 
394 169 23 50 0.914556622505188 4 -1 -1 
680 698 50 49 0.9130685329437256 4 -1 -1 
1248 154 48 24 0.9129176139831543 4 -1 -1 
474 226 23 50 0.9090697169303894 4 -1 -1 
635 285 19 48 0.9045679569244385 4 -1 -1 
572 353 21 51 0.9027316570281982 4 -1 -1 
1276 330 58 26 0.8994204998016357 4 -1 -1 
637 424 21 51 0.8947808742523193 4 -1 -1 
27 475 31 56 0.8940083980560303 5 -1 -1 
590 551 22 55 0.8917818069458008 4 -1 -1 
746 663 54 24 0.8908346891403198 4 -1 -1 
993 666 48 23 0.8868422508239746 5 -1 -1 
344 616 25 55 0.8816196918487549 4 -1 -1 
509 226 13 33 0.8802812099456787 7 -1 -1 
966 435 57 26 0.8764755129814148 6 -1 -1 
398 224 22 43 0.8726061582565308 4 -1 -1 
382 513 23 46 0.8538060188293457 4 -1 -1 
591 668 24 56 0.8524175882339478 4 -1 -1 
1279 235 58 26 0.8219538927078247 4 -1 -1 
289 260 52 27 0.8153301477432251 4 -1 -1 
690 547 21 46 0.812551736831665 4 -1 -1 
685 484 50 26 0.8082329630851746 4 -1 -1 
738 474 50 23 0.801102876663208 4 -1 -1 
656 544 30 54 0.7997679114341736 4 -1 -1 
1278 299 52 26 0.7975659966468811 4 -1 -1 
565 630 23 52 0.7931284308433533 4 -1 -1 
643 694 25 52 0.7808554172515869 4 -1 -1 
497 366 8 17 0.7627619504928589 10 -1 -1 
1279 235 59 26 0.7505812644958496 6 -1 -1 
648 611 9 13 0.7060007452964783 1 -1 -1 
776 292 18 40 0.6966641545295715 7 -1 -1 
720 552 23 52 0.6895323395729065 4 -1 -1 
352 31 7 12 0.6891864538192749 1 -1 -1 
673 681 8 9 0.6701685190200806 1 -1 -1 
335 185 15 11 0.6521862745285034 10 -1 -1 
700 19 10 21 0.6508704423904419 10 -1 -1 
614 291 10 15 0.6455320715904236 1 -1 -1 
632 273 8 9 0.6438857316970825 1 -1 -1 
613 422 9 17 0.6353323459625244 10 -1 -1 
707 161 7 10 0.6185269951820374 1 -1 -1 
97 345 13 8 0.6100056767463684 1 -1 -1 
359 32 8 12 0.6006765961647034 1 -1 -1 
700 159 7 11 0.5890592336654663 1 -1 -1 
967 435 57 25 0.5817634463310242 4 -1 -1 
437 735 13 12 0.575183093547821 1 -1 -1 
335 78 8 11 0.572512149810791 1 -1 -1 
404 658 8 18 0.57243812084198 10 -1 -1 
609 510 8 16 0.5704225897789001 10 -1 -1 
679 467 16 13 0.566519558429718 10 -1 -1 
745 737 11 8 0.5657044649124146 1 -1 -1 
0 557 9 7 0.5597575902938843 1 -1 -1 
724 332 9 15 0.5420179963111877 10 -1 -1 
788 720 8 8 0.5385702252388 1 -1 -1 
73 282 8 8 0.5368730425834656 1 -1 -1 
779 717 7 8 0.5321835279464722 1 -1 -1 
757 719 7 11 0.5321274399757385 1 -1 -1 
1268 277 12 7 0.5187987685203552 1 -1 -1 
717 160 8 11 0.5071929693222046 1 -1 -1 
612 626 9 19 0.500673770904541 2 -1 -1 
386 376 26 60 0.499545156955719 4 -1 -1 
771 127 8 13 0.4943681061267853 1 -1 -1 
612 625 9 20 0.48405390977859497 10 -1 -1 
731 622 51 20 0.4802984893321991 4 -1 -1 
776 292 18 38 0.4628453850746155 6 -1 -1 
721 65 19 36 0.4567958414554596 4 -1 -1 
800 329 9 9 0.44126057624816895 1 -1 -1 
755 313 13 25 0.434007853269577 10 -1 -1 
700 19 11 21 0.4315674602985382 7 -1 -1 
776 292 18 38 0.4296448230743408 8 -1 -1 
1072 455 23 14 0.4172867238521576 10 -1 -1 
1277 367 25 10 0.41612040996551514 10 -1 -1 
27 474 31 57 0.40819546580314636 4 -1 -1 
0 323 15 22 0.4008046090602875 4 -1 -1 
782 717 12 10 0.3926578164100647 1 -1 -1 
731 661 9 9 0.3916354775428772 1 -1 -1 
804 299 9 8 0.387137770652771 1 -1 -1 
799 290 10 9 0.38393330574035645 1 -1 -1 
1277 367 25 10 0.38259395956993103 3 -1 -1 
1276 330 58 26 0.3814675509929657 6 -1 -1 
1016 419 17 11 0.3809419572353363 10 -1 -1 
337 594 7 9 0.3764141798019409 1 -1 -1 
335 185 15 12 0.3747765123844147 3 -1 -1 
780 348 13 8 0.3746638596057892 10 -1 -1 
787 718 8 9 0.36912858486175537 1 -1 -1 
720 20 20 33 0.3560698926448822 4 -1 -1 
721 65 19 36 0.353962779045105 5 -1 -1 
721 32 13 21 0.35328173637390137 4 -1 -1 
1038 400 94 46 0.3524104356765747 6 -1 -1 
799 741 9 13 0.3416958153247833 10 -1 -1 
150 255 15 8 0.34045493602752686 10 -1 -1 
1083 440 14 9 0.3396519422531128 1 -1 -1 
509 226 13 33 0.33890894055366516 8 -1 -1 
726 660 13 11 0.3360491394996643 3 -1 -1 
731 299 8 14 0.33578112721443176 1 -1 -1 
1100 677 14 9 0.3326396048069 1 -1 -1 
750 737 7 8 0.3311048746109009 1 -1 -1 
497 366 7 12 0.33105140924453735 2 -1 -1 
1106 689 12 11 0.3256659209728241 1 -1 -1 
783 320 6 13 0.3244799077510834 1 -1 -1 
1267 277 13 7 0.3165900707244873 10 -1 -1 
612 624 9 20 0.31369760632514954 3 -1 -1 
726 661 10 10 0.31279170513153076 1 -1 -1 
771 127 8 12 0.3126036524772644 10 -1 -1 
1017 414 15 15 0.3102538287639618 10 -1 -1 
780 349 8 7 0.3083190321922302 1 -1 -1 
649 610 8 14 0.3025354743003845 3 -1 -1 
799 743 8 12 0.3003135025501251 1 -1 -1 
510 230 12 20 0.2997919023036957 7 -1 -1 
1279 235 59 26 0.29782119393348694 7 -1 -1 
649 610 8 14 0.2978173494338989 10 -1 -1 
751 305 7 7 0.29757368564605713 1 -1 -1 
775 324 8 8 0.2973104417324066 2 -1 -1 
152 256 14 8 0.29625213146209717 1 -1 -1 
702 160 7 10 0.2943550646305084 1 -1 -1 
1278 368 10 7 0.28955426812171936 1 -1 -1 
800 329 10 9 0.2889252007007599 10 -1 -1 
128 203 5 9 0.2868884205818176 1 -1 -1 
758 314 11 12 0.28678223490715027 2 -1 -1 
780 348 13 8 0.28675147891044617 1 -1 -1 
801 300 11 8 0.2851242423057556 1 -1 -1 
680 468 15 12 0.2808842360973358 3 -1 -1 
613 422 9 17 0.27955111861228943 2 -1 -1 
614 291 10 15 0.2781802713871002 10 -1 -1 
509 226 13 33 0.2694728970527649 3 -1 -1 
509 226 13 33 0.25535425543785095 10 -1 -1 
655 544 31 54 0.24906834959983826 5 -1 -1 
1072 455 27 14 0.21695449948310852 7 -1 -1 
966 436 58 24 0.21118275821208954 5 -1 -1 
1039 405 90 42 0.18927806615829468 7 -1 -1 
721 64 17 37 0.1877513825893402 6 -1 -1 
635 285 19 47 0.18438367545604706 5 -1 -1 
720 19 21 34 0.18009458482265472 6 -1 -1 
643 694 26 53 0.17708417773246765 5 -1 -1 
1049 417 83 32 0.16837869584560394 6 -1 -1 
680 698 51 49 0.1659514605998993 5 -1 -1 
719 4 23 49 0.16351111233234406 4 -1 -1 
1278 299 52 27 0.14258548617362976 5 -1 -1 
1039 406 90 41 0.13991449773311615 8 -1 -1 
685 484 53 27 0.13914884626865387 5 -1 -1 
1037 399 91 46 0.13912466168403625 4 -1 -1 
720 76 17 27 0.13907906413078308 5 -1 -1 
722 32 20 23 0.13833703100681305 4 -1 -1 
724 62 23 39 0.13805532455444336 4 -1 -1 
722 14 26 36 0.13728809356689453 4 -1 -1 
387 376 25 60 0.13212142884731293 5 -1 -1 
966 436 58 24 0.1316336840391159 9 -1 -1 
1038 402 90 44 0.1307816505432129 5 -1 -1 
564 630 25 53 0.13077545166015625 5 -1 -1 
1072 455 27 15 0.13064119219779968 8 -1 -1 
592 667 23 58 0.1291976422071457 5 -1 -1 
811 680 27 14 0.12552592158317566 10 -1 -1 
721 58 21 29 0.12424708902835846 4 -1 -1 
995 694 65 68 0.12397226691246033 6 -1 -1 
1040 422 86 25 0.12128902226686478 7 -1 -1 
509 226 13 33 0.12108433991670609 2 -1 -1 
766 311 22 22 0.12024107575416565 7 -1 -1 
811 680 27 14 0.11985266953706741 7 -1 -1 
716 223 23 51 0.11925458908081055 5 -1 -1 
720 17 22 36 0.11487303674221039 5 -1 -1 
992 665 50 25 0.11216230690479279 4 -1 -1 
387 376 25 60 0.11204559355974197 7 -1 -1 
592 667 23 58 0.11109071969985962 9 -1 -1 
1279 235 59 26 0.11057905852794647 9 -1 -1 
722 10 24 28 0.1077919527888298 4 -1 -1 
721 64 17 37 0.10749675333499908 9 -1 -1 
288 260 52 27 0.10613904893398285 5 -1 -1 
655 544 31 54 0.10509560257196426 6 -1 -1 
776 292 18 38 0.10413914173841476 4 -1 -1 
509 225 13 34 0.10380256921052933 9 -1 -1 
776 292 18 38 0.10298582911491394 5 -1 -1 
0 321 15 25 0.10251258313655853 5 -1 -1 
965 435 58 26 0.10058438032865524 7 -1 -1 
990 692 122 69 0.1003119945526123 6 -1 -1 
28 475 30 56 0.09793168306350708 6 -1 -1 
719 548 26 56 0.0973915383219719 5 -1 -1 
720 1 22 28 0.09700402617454529 4 -1 -1 
509 226 13 33 0.09571024030447006 6 -1 -1 
733 65 21 34 0.0942097008228302 4 -1 -1 
1277 330 57 26 0.0918622612953186 5 -1 -1 
1279 235 59 26 0.09162614494562149 5 -1 -1 
724 58 27 32 0.09153718501329422 4 -1 -1 
1038 399 94 46 0.09049811214208603 9 -1 -1 
685 484 53 27 0.0902978926897049 6 -1 -1 
584 161 26 52 0.09014151245355606 5 -1 -1 
1277 298 53 27 0.08829176425933838 9 -1 -1 
720 166 22 44 0.0879165381193161 5 -1 -1 
1248 153 49 27 0.08735360205173492 9 -1 -1 
655 544 31 54 0.08668383210897446 9 -1 -1 
590 550 23 55 0.08591794222593307 9 -1 -1 
716 224 22 50 0.08487822860479355 10 -1 -1 
1040 422 86 25 0.0847199410200119 8 -1 -1 
344 616 25 55 0.08444133400917053 1 -1 -1 
723 24 31 30 0.08332955837249756 4 -1 -1 
635 285 19 48 0.08219657093286514 6 -1 -1 
1279 365 39 12 0.08093101531267166 3 -1 -1 
726 14 25 25 0.07976032048463821 4 -1 -1 
591 667 24 58 0.07960044592618942 1 -1 -1 
766 311 22 22 0.07946285605430603 8 -1 -1 
1276 330 58 26 0.0783199593424797 7 -1 -1 
612 621 11 26 0.07827172428369522 9 -1 -1 
722 544 31 57 0.07800474762916565 4 -1 -1 
584 161 26 52 0.07779238373041153 9 -1 -1 
720 29 18 25 0.07658044993877411 5 -1 -1 
745 662 54 26 0.07565539330244064 9 -1 -1 
1036 395 55 49 0.07540073245763779 6 -1 -1 
288 260 53 27 0.07526171207427979 9 -1 -1 
344 616 25 55 0.07463304698467255 5 -1 -1 
564 629 24 54 0.07370118051767349 9 -1 -1 
720 165 22 45 0.07369793206453323 10 -1 -1 
371 231 17 25 0.07331178337335587 10 -1 -1 
718 2 27 53 0.06963164359331131 6 -1 -1 
715 223 25 51 0.06152459606528282 9 -1 -1 
989 693 123 68 0.056686077266931534 9 -1 -1 
718 0 28 54 0.05460738763213158 9 -1 -1 
