171 427 92 83 0.9942822456359863 6 -1 -1 
484 287 21 25 0.9799374938011169 6 -1 -1 
678 419 82 36 0.9357574582099915 4 -1 -1 
704 444 91 37 0.9238738417625427 4 -1 -1 
414 337 29 31 0.9101957678794861 4 -1 -1 
348 310 30 23 0.905642032623291 4 -1 -1 
366 295 28 18 0.8994854092597961 4 -1 -1 
640 379 58 35 0.8933323621749878 4 -1 -1 
391 319 28 27 0.8917185068130493 4 -1 -1 
711 476 109 41 0.8848602771759033 4 -1 -1 
267 391 45 42 0.8747331500053406 4 -1 -1 
575 378 32 34 0.8669082522392273 4 -1 -1 
424 215 18 10 0.8519986867904663 5 -1 -1 
317 276 21 20 0.8418265581130981 7 -1 -1 
483 226 13 12 0.8226300477981567 4 -1 -1 
474 217 11 10 0.8206681609153748 4 -1 -1 
430 287 20 22 0.8098744750022888 4 -1 -1 
442 242 13 14 0.808845579624176 4 -1 -1 
352 371 34 38 0.8014837503433228 4 -1 -1 
478 207 9 9 0.7918647527694702 4 -1 -1 
491 214 9 10 0.7842063903808594 4 -1 -1 
493 205 8 8 0.7793428301811218 4 -1 -1 
405 259 18 15 0.7761924862861633 4 -1 -1 
354 410 45 57 0.7595756649971008 4 -1 -1 
523 303 21 21 0.7577594518661499 4 -1 -1 
505 231 12 10 0.7545728087425232 4 -1 -1 
507 209 9 9 0.7398210763931274 4 -1 -1 
505 217 10 9 0.7373290061950684 4 -1 -1 
378 278 22 18 0.7359752655029297 4 -1 -1 
393 266 19 18 0.7235375046730042 4 -1 -1 
343 279 19 18 0.7166363000869751 4 -1 -1 
454 408 36 42 0.7068008184432983 4 -1 -1 
514 195 8 7 0.7024599313735962 4 -1 -1 
562 316 21 22 0.692951500415802 4 -1 -1 
280 313 45 19 0.6785631775856018 4 -1 -1 
437 260 9 10 0.656542956829071 7 -1 -1 
292 289 16 15 0.6438242793083191 10 -1 -1 
394 301 6 13 0.6406840085983276 2 -1 -1 
401 213 19 8 0.6405748128890991 4 -1 -1 
500 192 7 6 0.625805139541626 4 -1 -1 
299 282 14 12 0.6181966066360474 10 -1 -1 
393 308 8 12 0.6141858100891113 10 -1 -1 
437 219 21 10 0.6140702366828918 4 -1 -1 
457 346 6 22 0.6126630306243896 1 -1 -1 
503 181 5 5 0.6096060872077942 4 -1 -1 
516 204 8 7 0.6075999140739441 4 -1 -1 
560 296 20 23 0.5961913466453552 5 -1 -1 
491 183 7 8 0.5621492266654968 5 -1 -1 
557 267 15 21 0.5619213581085205 5 -1 -1 
553 233 14 12 0.5422326326370239 4 -1 -1 
308 348 31 33 0.5406139492988586 4 -1 -1 
735 500 109 40 0.5372560024261475 4 -1 -1 
436 231 4 8 0.5345270037651062 2 -1 -1 
369 209 23 8 0.5224056243896484 4 -1 -1 
149 507 42 24 0.5207284092903137 10 -1 -1 
414 247 16 16 0.5179129838943481 4 -1 -1 
436 234 4 8 0.5165000557899475 10 -1 -1 
308 347 31 34 0.505852460861206 5 -1 -1 
439 258 5 8 0.49505478143692017 2 -1 -1 
331 341 6 17 0.47944995760917664 1 -1 -1 
587 366 14 14 0.47110357880592346 10 -1 -1 
267 323 55 26 0.47034022212028503 4 -1 -1 
437 260 9 10 0.46513357758522034 8 -1 -1 
307 277 11 17 0.4651184678077698 10 -1 -1 
524 223 4 6 0.4638364315032959 2 -1 -1 
414 247 16 16 0.4519027769565582 5 -1 -1 
265 323 57 26 0.44730034470558167 5 -1 -1 
371 212 23 9 0.42614468932151794 4 -1 -1 
516 178 5 8 0.42391014099121094 7 -1 -1 
358 273 14 13 0.41959941387176514 7 -1 -1 
524 224 4 8 0.4164472222328186 10 -1 -1 
484 287 21 25 0.40303903818130493 4 -1 -1 
468 212 5 11 0.396369993686676 8 -1 -1 
454 211 14 9 0.3935721516609192 7 -1 -1 
516 178 5 8 0.37313807010650635 8 -1 -1 
501 190 5 7 0.3641546964645386 4 -1 -1 
394 304 7 14 0.3640303313732147 2 -1 -1 
500 180 8 6 0.3637235760688782 4 -1 -1 
283 377 17 16 0.36233627796173096 10 -1 -1 
527 194 3 7 0.3601576089859009 1 -1 -1 
419 237 5 10 0.3528163731098175 1 -1 -1 
519 187 5 7 0.3480991721153259 10 -1 -1 
483 226 13 12 0.3366580903530121 6 -1 -1 
588 368 14 18 0.3362194895744324 10 -1 -1 
399 211 17 9 0.33585336804389954 4 -1 -1 
394 304 7 13 0.3311045169830322 10 -1 -1 
556 267 15 21 0.32979145646095276 4 -1 -1 
517 183 5 7 0.32229313254356384 2 -1 -1 
437 260 9 10 0.3197506368160248 10 -1 -1 
502 187 3 7 0.31973326206207275 2 -1 -1 
568 284 10 12 0.3132157027721405 10 -1 -1 
491 182 7 9 0.31202974915504456 4 -1 -1 
378 254 15 17 0.3068650960922241 4 -1 -1 
674 292 9 14 0.3067448139190674 10 -1 -1 
516 177 5 9 0.30612921714782715 2 -1 -1 
516 204 7 7 0.30386629700660706 5 -1 -1 
279 313 46 18 0.3027033507823944 5 -1 -1 
507 209 9 9 0.30092859268188477 5 -1 -1 
516 179 5 9 0.29930105805397034 10 -1 -1 
414 247 16 16 0.29674485325813293 6 -1 -1 
529 193 6 7 0.29039067029953003 4 -1 -1 
524 224 4 7 0.2866593301296234 2 -1 -1 
358 273 14 12 0.28421106934547424 10 -1 -1 
795 402 13 22 0.2828384339809418 2 -1 -1 
743 331 9 17 0.27856725454330444 2 -1 -1 
511 168 6 7 0.27605801820755005 4 -1 -1 
518 185 6 8 0.2749713957309723 2 -1 -1 
518 185 5 7 0.27467671036720276 10 -1 -1 
255 385 10 26 0.27424898743629456 1 -1 -1 
358 273 15 13 0.2731926441192627 8 -1 -1 
518 184 5 7 0.271960973739624 2 -1 -1 
331 275 8 17 0.27195975184440613 2 -1 -1 
553 231 20 14 0.27181416749954224 4 -1 -1 
524 224 4 8 0.26863449811935425 1 -1 -1 
435 232 5 9 0.26851966977119446 1 -1 -1 
529 182 5 7 0.26491427421569824 2 -1 -1 
316 280 8 19 0.264039546251297 10 -1 -1 
411 234 6 11 0.26267239451408386 8 -1 -1 
282 379 15 17 0.25896042585372925 3 -1 -1 
457 354 6 16 0.2572731375694275 3 -1 -1 
517 182 4 8 0.2554985284805298 10 -1 -1 
354 410 45 56 0.2511616051197052 5 -1 -1 
508 208 7 5 0.25039100646972656 4 -1 -1 
516 177 5 9 0.25033190846443176 4 -1 -1 
526 194 4 7 0.25025078654289246 10 -1 -1 
502 187 3 6 0.2453126758337021 10 -1 -1 
743 331 9 18 0.24503584206104279 1 -1 -1 
514 195 8 7 0.2441772222518921 5 -1 -1 
317 276 21 20 0.2441411018371582 8 -1 -1 
468 212 5 11 0.24367235600948334 7 -1 -1 
526 193 4 8 0.24125202000141144 2 -1 -1 
378 261 14 12 0.24096503853797913 10 -1 -1 
561 296 18 23 0.23902742564678192 4 -1 -1 
310 277 11 18 0.23722760379314423 10 -1 -1 
529 183 4 7 0.23627369105815887 7 -1 -1 
171 427 92 83 0.23478949069976807 4 -1 -1 
394 301 7 13 0.23347437381744385 1 -1 -1 
303 276 14 14 0.23313911259174347 10 -1 -1 
516 182 5 7 0.23188823461532593 2 -1 -1 
471 202 5 6 0.23181480169296265 2 -1 -1 
398 249 9 11 0.2309006303548813 10 -1 -1 
568 281 8 13 0.22748234868049622 10 -1 -1 
396 257 5 12 0.22741729021072388 1 -1 -1 
171 427 92 83 0.2272561937570572 7 -1 -1 
568 280 7 13 0.226578027009964 2 -1 -1 
502 187 3 7 0.22647997736930847 1 -1 -1 
273 316 53 28 0.2200031578540802 5 -1 -1 
561 297 21 36 0.2190077155828476 5 -1 -1 
171 427 92 83 0.216120183467865 5 -1 -1 
484 287 21 25 0.2145148366689682 7 -1 -1 
166 428 94 82 0.1927453577518463 10 -1 -1 
713 466 107 26 0.1884816586971283 4 -1 -1 
148 500 44 33 0.18467570841312408 7 -1 -1 
561 299 22 37 0.17981044948101044 4 -1 -1 
561 314 22 24 0.1782989352941513 5 -1 -1 
101 435 145 78 0.16761182248592377 6 -1 -1 
396 261 22 18 0.16157306730747223 4 -1 -1 
171 427 92 83 0.15909823775291443 8 -1 -1 
561 296 19 23 0.15823189914226532 6 -1 -1 
523 303 21 21 0.1559946984052658 5 -1 -1 
349 277 20 20 0.15361779928207397 6 -1 -1 
148 496 44 36 0.15153393149375916 8 -1 -1 
317 276 22 20 0.14647266268730164 10 -1 -1 
735 500 109 40 0.14634956419467926 5 -1 -1 
568 277 21 19 0.14190372824668884 4 -1 -1 
485 287 20 25 0.14167088270187378 5 -1 -1 
639 378 59 36 0.1411893665790558 5 -1 -1 
171 427 92 83 0.13173945248126984 2 -1 -1 
557 257 20 18 0.12796056270599365 4 -1 -1 
556 260 19 24 0.12257736176252365 4 -1 -1 
349 277 18 21 0.12254706025123596 4 -1 -1 
291 278 22 20 0.12186714261770248 10 -1 -1 
370 250 23 20 0.12178679555654526 4 -1 -1 
330 198 28 12 0.12050866335630417 4 -1 -1 
678 418 81 37 0.11867791414260864 1 -1 -1 
166 428 94 82 0.11786976456642151 9 -1 -1 
709 474 90 34 0.11758175492286682 4 -1 -1 
709 476 109 41 0.11647997051477432 5 -1 -1 
295 276 21 19 0.11497048288583755 10 -1 -1 
317 276 21 20 0.11435723304748535 3 -1 -1 
308 347 31 34 0.11202365159988403 6 -1 -1 
349 273 22 22 0.1099216490983963 7 -1 -1 
317 276 21 20 0.10984809696674347 4 -1 -1 
171 427 91 84 0.1083516925573349 1 -1 -1 
575 378 31 34 0.10806304961442947 5 -1 -1 
377 251 17 21 0.1074235737323761 5 -1 -1 
267 391 45 42 0.10693720728158951 5 -1 -1 
430 288 20 21 0.10672108829021454 5 -1 -1 
705 444 91 37 0.10663212090730667 6 -1 -1 
1 475 49 42 0.10656584054231644 4 -1 -1 
561 297 18 22 0.10559919476509094 9 -1 -1 
561 299 22 37 0.10497965663671494 6 -1 -1 
145 501 47 32 0.10464509576559067 3 -1 -1 
795 401 16 24 0.10428980737924576 1 -1 -1 
409 248 20 19 0.10280404984951019 4 -1 -1 
391 319 28 27 0.10109574347734451 5 -1 -1 
317 276 21 20 0.10071517527103424 6 -1 -1 
296 275 22 19 0.10035128891468048 3 -1 -1 
561 314 22 24 0.0994085967540741 6 -1 -1 
313 277 18 21 0.09933314472436905 7 -1 -1 
171 427 92 83 0.09924657642841339 3 -1 -1 
455 408 35 42 0.09888030588626862 5 -1 -1 
678 419 82 36 0.09644161909818649 9 -1 -1 
297 333 29 16 0.09562522917985916 5 -1 -1 
102 440 124 72 0.09545370191335678 4 -1 -1 
331 198 28 12 0.09424209594726562 5 -1 -1 
350 310 29 13 0.09348619729280472 4 -1 -1 
711 476 109 41 0.09328822046518326 1 -1 -1 
704 444 91 37 0.09299922734498978 1 -1 -1 
556 267 17 22 0.0905333161354065 6 -1 -1 
435 218 24 11 0.0903267040848732 6 -1 -1 
586 366 17 22 0.09023467451334 7 -1 -1 
704 444 91 37 0.08946826308965683 5 -1 -1 
366 294 28 19 0.08699394762516022 1 -1 -1 
302 275 22 19 0.08665617555379868 10 -1 -1 
348 310 30 23 0.08629371225833893 1 -1 -1 
378 279 21 17 0.08622197061777115 5 -1 -1 
560 268 23 23 0.0858810767531395 4 -1 -1 
201 429 69 90 0.08581723272800446 6 -1 -1 
563 255 22 21 0.08227408677339554 4 -1 -1 
415 337 28 31 0.08199213445186615 5 -1 -1 
319 275 21 21 0.08184796571731567 2 -1 -1 
86 444 134 68 0.0815330520272255 9 -1 -1 
303 274 21 21 0.08109021186828613 3 -1 -1 
308 347 31 34 0.08049142360687256 8 -1 -1 
375 250 18 22 0.08022171258926392 6 -1 -1 
86 452 135 70 0.07982423901557922 6 -1 -1 
710 474 109 45 0.07958105206489563 9 -1 -1 
639 378 59 36 0.07955978810787201 1 -1 -1 
139 401 116 97 0.07728083431720734 6 -1 -1 
101 435 145 78 0.07151628285646439 5 -1 -1 
125 421 127 87 0.06982652842998505 9 -1 -1 
138 438 118 90 0.06632132083177567 6 -1 -1 
120 420 124 86 0.06375749409198761 4 -1 -1 
88 456 123 59 0.056867267936468124 5 -1 -1 
209 440 83 90 0.054158683866262436 9 -1 -1 
84 416 144 90 0.05287990719079971 6 -1 -1 
193 458 93 79 0.052767179906368256 9 -1 -1 
103 442 139 74 0.051784683018922806 7 -1 -1 
710 474 109 45 0.050849948078393936 6 -1 -1 
