384 13 93 50 0.9787515997886658 5 -1 -1 
452 102 53 69 0.9740251898765564 8 -1 -1 
522 257 96 125 0.9531980752944946 4 -1 -1 
197 187 157 97 0.9521543979644775 5 -1 -1 
720 264 92 112 0.924408495426178 4 -1 -1 
578 135 66 74 0.9226309061050415 4 -1 -1 
711 21 46 46 0.9071735143661499 4 -1 -1 
527 58 56 66 0.8544168472290039 4 -1 -1 
351 40 114 49 0.8471752405166626 4 -1 -1 
422 171 63 84 0.8234058022499084 8 -1 -1 
448 265 39 79 0.747266411781311 10 -1 -1 
480 40 17 34 0.727993369102478 2 -1 -1 
480 53 18 31 0.7250286340713501 10 -1 -1 
1150 362 206 140 0.7186233997344971 4 -1 -1 
875 169 27 46 0.6769609451293945 2 -1 -1 
995 185 139 91 0.6270951628684998 4 -1 -1 
449 261 37 55 0.6237698793411255 2 -1 -1 
0 625 40 87 0.619949221611023 1 -1 -1 
875 181 25 47 0.5884836912155151 10 -1 -1 
948 165 107 59 0.55889892578125 4 -1 -1 
-7 283 113 137 0.5379025340080261 4 -1 -1 
329 60 51 34 0.5332062244415283 10 -1 -1 
422 170 63 86 0.5225950479507446 7 -1 -1 
-9 423 179 111 0.5159271955490112 4 -1 -1 
930 135 69 46 0.45029211044311523 4 -1 -1 
317 21 28 28 0.43080174922943115 7 -1 -1 
1147 361 213 142 0.37582236528396606 5 -1 -1 
941 145 102 63 0.3630806505680084 4 -1 -1 
358 33 112 50 0.35362282395362854 5 -1 -1 
960 168 120 67 0.32490915060043335 4 -1 -1 
330 8 11 25 0.31717464327812195 1 -1 -1 
318 17 27 29 0.3143569827079773 8 -1 -1 
1325 670 30 87 0.31169748306274414 1 -1 -1 
928 131 109 54 0.3088122606277466 4 -1 -1 
343 67 37 26 0.3040510416030884 10 -1 -1 
991 175 97 86 0.28817492723464966 4 -1 -1 
452 103 53 68 0.28585052490234375 3 -1 -1 
452 103 53 68 0.27822792530059814 7 -1 -1 
872 176 31 52 0.27698713541030884 2 -1 -1 
328 60 52 34 0.27517712116241455 7 -1 -1 
0 292 108 192 0.2726312279701233 4 -1 -1 
448 266 39 77 0.2712287902832031 3 -1 -1 
452 102 53 69 0.26978227496147156 4 -1 -1 
873 169 30 49 0.26923176646232605 10 -1 -1 
480 40 16 33 0.2510695159435272 1 -1 -1 
874 170 26 49 0.24939024448394775 1 -1 -1 
197 186 157 99 0.24340829253196716 6 -1 -1 
336 64 43 30 0.23996159434318542 3 -1 -1 
452 102 53 69 0.23718056082725525 5 -1 -1 
257 17 36 25 0.23628577589988708 6 -1 -1 
873 183 26 45 0.23568399250507355 3 -1 -1 
194 184 158 103 0.23034590482711792 4 -1 -1 
452 102 53 69 0.23006242513656616 2 -1 -1 
-14 424 184 112 0.22636370360851288 5 -1 -1 
1147 361 213 142 0.2241148203611374 6 -1 -1 
322 4 14 28 0.21547161042690277 1 -1 -1 
384 13 93 50 0.2089335322380066 4 -1 -1 
480 52 18 32 0.20864298939704895 3 -1 -1 
384 13 93 50 0.20114046335220337 6 -1 -1 
526 57 57 66 0.20090258121490479 5 -1 -1 
0 625 40 87 0.19957734644412994 2 -1 -1 
477 39 16 29 0.19801366329193115 2 -1 -1 
452 264 37 74 0.19554147124290466 2 -1 -1 
322 15 23 30 0.1953081339597702 7 -1 -1 
449 261 37 55 0.19397298991680145 1 -1 -1 
299 32 32 21 0.18993739783763885 3 -1 -1 
330 7 11 25 0.18764649331569672 2 -1 -1 
328 9 15 31 0.18523858487606049 1 -1 -1 
291 31 39 23 0.1852227747440338 7 -1 -1 
449 260 37 55 0.18349571526050568 10 -1 -1 
930 135 69 46 0.17814365029335022 8 -1 -1 
453 289 26 54 0.1754579246044159 10 -1 -1 
299 33 31 20 0.1715570092201233 10 -1 -1 
325 10 18 32 0.16513431072235107 8 -1 -1 
318 23 27 27 0.16419343650341034 10 -1 -1 
481 39 13 23 0.1636797934770584 2 -1 -1 
950 166 104 60 0.16114747524261475 5 -1 -1 
186 62 78 34 0.16103589534759521 4 -1 -1 
422 170 63 85 0.160708948969841 3 -1 -1 
-9 423 179 111 0.1582021266222 6 -1 -1 
318 9 22 32 0.1575358510017395 8 -1 -1 
306 13 41 38 0.15487869083881378 7 -1 -1 
930 135 69 46 0.15245389938354492 5 -1 -1 
930 135 68 45 0.15139800310134888 7 -1 -1 
452 102 53 69 0.15086230635643005 1 -1 -1 
995 187 149 89 0.1498718559741974 5 -1 -1 
993 200 96 76 0.1473936289548874 4 -1 -1 
871 195 27 35 0.1448088139295578 10 -1 -1 
334 61 34 30 0.14465928077697754 10 -1 -1 
990 134 127 129 0.14457672834396362 4 -1 -1 
218 39 43 43 0.14405560493469238 4 -1 -1 
309 22 36 27 0.14131994545459747 8 -1 -1 
964 122 137 103 0.13896556198596954 4 -1 -1 
463 141 14 31 0.13864710927009583 1 -1 -1 
322 4 14 28 0.13856028020381927 2 -1 -1 
291 29 39 24 0.1344151496887207 8 -1 -1 
195 63 75 49 0.1341068297624588 4 -1 -1 
292 19 52 34 0.13402581214904785 7 -1 -1 
875 170 27 51 0.13337001204490662 3 -1 -1 
318 9 22 32 0.13273487985134125 7 -1 -1 
1150 380 92 121 0.1309652030467987 4 -1 -1 
384 13 92 50 0.13072188198566437 10 -1 -1 
277 5 67 33 0.13069899380207062 6 -1 -1 
452 102 53 69 0.12892308831214905 9 -1 -1 
328 6 11 21 0.12880638241767883 2 -1 -1 
880 167 27 39 0.12845931947231293 2 -1 -1 
422 171 63 84 0.1284545212984085 2 -1 -1 
319 2 14 27 0.12821994721889496 1 -1 -1 
334 60 29 29 0.12545892596244812 3 -1 -1 
480 49 17 31 0.12533880770206451 1 -1 -1 
315 24 30 26 0.12522055208683014 3 -1 -1 
1150 380 92 121 0.1252145916223526 5 -1 -1 
873 183 26 45 0.125070720911026 7 -1 -1 
291 3 52 32 0.12488342076539993 7 -1 -1 
948 164 75 51 0.12445160746574402 4 -1 -1 
277 16 64 33 0.1234801784157753 6 -1 -1 
320 10 23 33 0.1232142299413681 1 -1 -1 
1148 340 141 157 0.12261173129081726 4 -1 -1 
993 92 114 143 0.12260008603334427 4 -1 -1 
521 257 96 124 0.1225408986210823 1 -1 -1 
3 267 115 123 0.12166661024093628 4 -1 -1 
965 180 102 70 0.12161153554916382 4 -1 -1 
352 39 113 50 0.1214388906955719 6 -1 -1 
72 426 99 108 0.12071418017148972 4 -1 -1 
1142 306 162 192 0.12057025730609894 6 -1 -1 
281 24 51 31 0.11951485276222229 7 -1 -1 
331 59 25 26 0.11709917336702347 3 -1 -1 
480 52 18 32 0.11685989052057266 4 -1 -1 
328 60 52 34 0.11652284115552902 8 -1 -1 
941 145 102 63 0.11622697860002518 5 -1 -1 
452 103 53 68 0.1153600886464119 10 -1 -1 
295 16 50 34 0.11525576561689377 8 -1 -1 
522 257 96 125 0.11475905776023865 9 -1 -1 
307 30 34 22 0.11420484632253647 3 -1 -1 
1148 338 130 159 0.11342135816812515 5 -1 -1 
-7 281 112 149 0.11280061304569244 5 -1 -1 
328 9 15 31 0.11273563653230667 2 -1 -1 
257 17 36 25 0.1123352125287056 5 -1 -1 
290 35 40 22 0.10967045277357101 3 -1 -1 
326 9 17 31 0.10961169004440308 7 -1 -1 
299 23 26 28 0.10960319638252258 3 -1 -1 
1027 88 62 109 0.10951761901378632 4 -1 -1 
269 20 25 23 0.1091354712843895 6 -1 -1 
1122 90 66 30 0.10882046818733215 4 -1 -1 
301 58 76 36 0.108367919921875 7 -1 -1 
527 58 56 66 0.10773756355047226 1 -1 -1 
128 182 224 118 0.10772397369146347 6 -1 -1 
994 167 185 115 0.10712850838899612 4 -1 -1 
449 266 38 77 0.10676530748605728 4 -1 -1 
578 135 66 74 0.1058807373046875 1 -1 -1 
203 35 50 43 0.10501057654619217 6 -1 -1 
193 69 132 54 0.10500816255807877 4 -1 -1 
579 134 65 76 0.10358286648988724 5 -1 -1 
711 21 46 46 0.10318201780319214 1 -1 -1 
-2 621 30 83 0.10216382890939713 1 -1 -1 
922 90 102 83 0.10186416655778885 4 -1 -1 
720 264 92 112 0.1017616018652916 1 -1 -1 
291 3 52 32 0.10127659142017365 8 -1 -1 
422 171 64 84 0.10119238495826721 1 -1 -1 
161 181 192 114 0.10036926716566086 9 -1 -1 
522 257 96 124 0.10007388144731522 10 -1 -1 
977 165 121 77 0.0999327003955841 5 -1 -1 
207 62 79 42 0.09927216172218323 4 -1 -1 
319 3 13 22 0.09776008874177933 2 -1 -1 
294 24 37 28 0.09663688391447067 10 -1 -1 
881 191 23 38 0.09658631682395935 10 -1 -1 
320 26 26 26 0.09634974598884583 9 -1 -1 
384 13 92 50 0.09544914960861206 2 -1 -1 
964 94 126 103 0.09503737092018127 4 -1 -1 
323 17 22 28 0.09501085430383682 10 -1 -1 
6 631 25 68 0.09500811249017715 1 -1 -1 
384 13 93 50 0.09405151009559631 9 -1 -1 
481 39 13 23 0.09381760656833649 1 -1 -1 
449 260 37 55 0.09376463294029236 3 -1 -1 
522 257 96 124 0.09279506653547287 7 -1 -1 
299 22 17 25 0.09260296076536179 3 -1 -1 
464 143 13 30 0.09242679923772812 2 -1 -1 
320 10 23 33 0.09171286225318909 2 -1 -1 
578 135 66 74 0.0915779396891594 10 -1 -1 
1250 604 60 59 0.0915064588189125 10 -1 -1 
384 13 93 50 0.09098520874977112 8 -1 -1 
333 60 24 28 0.09094551205635071 10 -1 -1 
1146 88 66 30 0.09080488979816437 4 -1 -1 
928 131 109 54 0.09016051143407822 5 -1 -1 
335 63 44 31 0.08855985105037689 4 -1 -1 
448 266 39 78 0.08834969997406006 7 -1 -1 
5 650 26 61 0.08804917335510254 1 -1 -1 
194 30 44 46 0.08791696280241013 7 -1 -1 
422 171 63 85 0.08742085844278336 4 -1 -1 
452 273 29 54 0.08732301741838455 2 -1 -1 
927 122 119 62 0.08723058551549911 6 -1 -1 
1146 359 212 145 0.08668439090251923 9 -1 -1 
1325 686 30 72 0.08633746206760406 2 -1 -1 
354 43 110 48 0.08633016794919968 9 -1 -1 
284 22 52 33 0.08615635335445404 8 -1 -1 
348 75 31 20 0.0861298143863678 10 -1 -1 
452 264 37 74 0.08608561754226685 1 -1 -1 
711 21 46 46 0.08594571799039841 5 -1 -1 
2 653 43 62 0.08594189584255219 2 -1 -1 
874 183 25 45 0.08593548089265823 4 -1 -1 
522 257 96 125 0.0856686681509018 5 -1 -1 
998 212 153 73 0.08539268374443054 4 -1 -1 
300 20 14 22 0.08529971539974213 3 -1 -1 
995 185 139 91 0.0850006714463234 1 -1 -1 
720 264 92 112 0.08492068201303482 5 -1 -1 
326 9 17 31 0.08447562158107758 10 -1 -1 
1322 702 32 56 0.08443217724561691 1 -1 -1 
479 0 12 22 0.08411040902137756 1 -1 -1 
203 35 50 43 0.0837993323802948 8 -1 -1 
195 187 159 97 0.08359625935554504 10 -1 -1 
219 38 42 43 0.08352428674697876 5 -1 -1 
935 144 89 48 0.08351673185825348 4 -1 -1 
995 186 146 90 0.08348438143730164 6 -1 -1 
447 265 27 46 0.08342879265546799 2 -1 -1 
187 29 47 46 0.08229151368141174 6 -1 -1 
1143 270 190 222 0.08211471140384674 4 -1 -1 
290 26 50 35 0.08177223801612854 7 -1 -1 
1021 97 191 183 0.08168108016252518 4 -1 -1 
1176 301 93 129 0.08159040659666061 4 -1 -1 
261 18 33 24 0.08139222115278244 8 -1 -1 
930 137 69 44 0.0808858573436737 6 -1 -1 
434 196 23 54 0.08064799010753632 2 -1 -1 
303 24 38 26 0.08063959330320358 10 -1 -1 
323 17 22 28 0.08008573949337006 2 -1 -1 
456 279 26 56 0.0796867087483406 10 -1 -1 
16 629 35 80 0.07945030927658081 1 -1 -1 
335 63 45 31 0.07926497608423233 2 -1 -1 
308 27 30 24 0.07903268188238144 7 -1 -1 
452 286 25 52 0.07888101041316986 2 -1 -1 
453 291 28 52 0.07800108939409256 3 -1 -1 
1035 89 50 60 0.07783282548189163 8 -1 -1 
322 6 13 28 0.07771594077348709 8 -1 -1 
319 4 15 31 0.07706909626722336 7 -1 -1 
286 35 43 23 0.07678257673978806 10 -1 -1 
1143 270 190 222 0.07671269029378891 5 -1 -1 
-4 253 150 195 0.07641984522342682 4 -1 -1 
455 0 13 19 0.07587180286645889 1 -1 -1 
128 182 224 118 0.07568426430225372 5 -1 -1 
328 64 20 25 0.07537507265806198 4 -1 -1 
300 22 40 28 0.07497141510248184 3 -1 -1 
1150 363 206 138 0.07485443353652954 1 -1 -1 
422 170 62 86 0.07356396317481995 9 -1 -1 
875 170 27 52 0.07351503521203995 7 -1 -1 
930 135 69 46 0.07328658550977707 1 -1 -1 
1136 320 149 181 0.07293379306793213 9 -1 -1 
307 30 28 22 0.0724208801984787 10 -1 -1 
480 53 18 31 0.07227974385023117 7 -1 -1 
451 283 24 49 0.07196071743965149 10 -1 -1 
354 68 34 24 0.07195492088794708 10 -1 -1 
301 16 16 21 0.07189445942640305 3 -1 -1 
970 182 34 57 0.07159435003995895 1 -1 -1 
-5 384 179 152 0.07129961252212524 9 -1 -1 
307 17 38 28 0.07076162844896317 10 -1 -1 
-16 385 187 151 0.070580393075943 8 -1 -1 
327 60 23 29 0.0703609511256218 3 -1 -1 
216 78 124 53 0.06985267996788025 4 -1 -1 
318 9 22 32 0.06984453648328781 10 -1 -1 
11 656 26 54 0.06974247097969055 1 -1 -1 
930 135 68 45 0.06935200095176697 2 -1 -1 
976 199 22 41 0.06886766105890274 3 -1 -1 
311 10 28 30 0.0682535171508789 1 -1 -1 
54 281 47 52 0.06728317588567734 4 -1 -1 
878 196 23 33 0.06725427508354187 3 -1 -1 
461 140 15 32 0.06724736839532852 3 -1 -1 
875 170 27 51 0.06661372631788254 4 -1 -1 
311 5 24 26 0.06646736711263657 1 -1 -1 
875 181 25 47 0.06642687320709229 8 -1 -1 
327 7 12 27 0.06639353185892105 8 -1 -1 
301 17 23 24 0.06612353026866913 3 -1 -1 
995 155 187 125 0.06528547406196594 6 -1 -1 
422 170 62 86 0.0649096742272377 6 -1 -1 
422 169 63 87 0.06410186737775803 10 -1 -1 
193 69 132 54 0.0628850907087326 5 -1 -1 
1021 97 191 183 0.0623215027153492 6 -1 -1 
1021 97 191 183 0.05587702617049217 9 -1 -1 
-12 413 182 122 0.05535905435681343 1 -1 -1 
453 166 50 93 0.05482107773423195 1 -1 -1 
-5 294 167 238 0.054574791342020035 9 -1 -1 
-2 620 50 92 0.0540633499622345 9 -1 -1 
84 179 269 109 0.05380891636013985 4 -1 -1 
-13 408 184 128 0.05265788733959198 7 -1 -1 
1103 348 205 176 0.052484191954135895 4 -1 -1 
237 85 109 59 0.05067234858870506 4 -1 -1 
1145 239 205 252 0.050446268171072006 6 -1 -1 
352 41 113 48 0.050334203988313675 1 -1 -1 
