1236 639 121 83 0.9845902919769287 5 -1 -1 
29 610 19 44 0.9282199740409851 1 -1 -1 
68 379 57 28 0.9108859300613403 4 -1 -1 
50 608 19 42 0.9066910743713379 1 -1 -1 
156 579 123 49 0.9030373096466064 4 -1 -1 
140 527 105 49 0.9007529020309448 4 -1 -1 
1097 443 79 33 0.8998042941093445 4 -1 -1 
11 620 19 49 0.893917441368103 1 -1 -1 
283 387 44 25 0.8884057402610779 4 -1 -1 
808 428 30 28 0.8764573335647583 4 -1 -1 
1070 482 11 30 0.8600353598594666 1 -1 -1 
1291 450 43 32 0.8571560382843018 4 -1 -1 
620 539 19 36 0.848806619644165 1 -1 -1 
1212 560 16 38 0.8429657220840454 1 -1 -1 
222 397 35 26 0.8424828052520752 4 -1 -1 
1 460 96 48 0.8403552770614624 4 -1 -1 
206 621 95 97 0.8385570645332336 5 -1 -1 
110 512 108 47 0.8088459968566895 4 -1 -1 
163 546 112 51 0.8074068427085876 4 -1 -1 
1225 441 59 33 0.8054566383361816 4 -1 -1 
1238 569 12 32 0.8021945953369141 1 -1 -1 
1086 421 48 25 0.7976453304290771 4 -1 -1 
110 678 12 30 0.7860878705978394 1 -1 -1 
1205 437 20 14 0.7701805233955383 10 -1 -1 
176 392 32 27 0.7668973207473755 4 -1 -1 
318 382 41 26 0.7621327042579651 4 -1 -1 
1300 479 15 25 0.7603560090065002 2 -1 -1 
1092 712 82 51 0.753842294216156 4 -1 -1 
1283 487 39 20 0.730026125907898 10 -1 -1 
1262 608 96 47 0.7115724682807922 4 -1 -1 
1296 482 22 24 0.6862791180610657 2 -1 -1 
397 385 10 24 0.6754119396209717 1 -1 -1 
129 609 111 93 0.6717314124107361 4 -1 -1 
383 378 42 21 0.5349966883659363 4 -1 -1 
1069 627 20 39 0.5323502421379089 2 -1 -1 
1264 532 95 89 0.5295109152793884 6 -1 -1 
1264 626 94 50 0.49208152294158936 4 -1 -1 
1239 558 13 33 0.4893610179424286 1 -1 -1 
1283 486 40 22 0.4782935678958893 7 -1 -1 
1067 636 22 35 0.4648284316062927 3 -1 -1 
1283 486 40 22 0.46077561378479004 3 -1 -1 
1067 631 22 39 0.45978569984436035 10 -1 -1 
1068 628 21 41 0.45555174350738525 1 -1 -1 
577 417 8 21 0.45372238755226135 1 -1 -1 
1241 559 31 26 0.43834301829338074 3 -1 -1 
207 624 92 91 0.4218288064002991 4 -1 -1 
574 415 9 20 0.4164312481880188 2 -1 -1 
441 388 25 20 0.3904290199279785 3 -1 -1 
0 575 22 26 0.3868301212787628 3 -1 -1 
1243 635 114 56 0.38325902819633484 5 -1 -1 
1082 410 22 15 0.3785191774368286 10 -1 -1 
1169 428 18 15 0.37818658351898193 10 -1 -1 
1243 635 114 56 0.3721955120563507 4 -1 -1 
1255 534 93 78 0.35716673731803894 8 -1 -1 
1219 430 21 14 0.35584557056427 10 -1 -1 
1267 633 92 44 0.3460615575313568 5 -1 -1 
130 610 108 91 0.3425426483154297 5 -1 -1 
1094 409 22 16 0.3293929994106293 7 -1 -1 
253 376 15 14 0.3224430978298187 10 -1 -1 
1248 561 33 25 0.32226985692977905 3 -1 -1 
1091 409 17 16 0.312043696641922 7 -1 -1 
392 381 37 22 0.3102516531944275 4 -1 -1 
1240 559 20 28 0.29796409606933594 3 -1 -1 
396 382 10 22 0.2964845299720764 1 -1 -1 
241 381 12 12 0.2931869328022003 10 -1 -1 
163 547 112 50 0.28913936018943787 5 -1 -1 
572 418 11 20 0.2888968288898468 10 -1 -1 
1289 485 33 22 0.28824731707572937 2 -1 -1 
2 460 96 48 0.28584858775138855 5 -1 -1 
1185 427 15 18 0.28185176849365234 10 -1 -1 
1303 481 16 22 0.28107866644859314 2 -1 -1 
1164 423 7 16 0.27493083477020264 1 -1 -1 
1341 451 17 26 0.27389994263648987 10 -1 -1 
1300 479 15 25 0.26130518317222595 1 -1 -1 
241 381 13 12 0.25653544068336487 3 -1 -1 
555 415 30 24 0.25355130434036255 7 -1 -1 
1088 409 19 16 0.2533080279827118 10 -1 -1 
1236 639 121 83 0.25097769498825073 4 -1 -1 
1219 430 21 14 0.2474871277809143 3 -1 -1 
577 417 8 21 0.24537748098373413 2 -1 -1 
1067 638 16 32 0.2389751523733139 10 -1 -1 
1143 393 33 12 0.2389666885137558 4 -1 -1 
391 381 16 18 0.23536480963230133 1 -1 -1 
520 391 25 18 0.23510883748531342 3 -1 -1 
908 202 15 8 0.23370273411273956 4 -1 -1 
1176 426 24 17 0.23269084095954895 10 -1 -1 
1242 558 12 21 0.23089590668678284 2 -1 -1 
383 378 42 21 0.2294672280550003 5 -1 -1 
576 419 9 20 0.22876723110675812 3 -1 -1 
110 511 106 47 0.2271784096956253 5 -1 -1 
935 203 32 14 0.22607502341270447 9 -1 -1 
1094 409 18 15 0.22501133382320404 10 -1 -1 
158 614 110 94 0.22431112825870514 4 -1 -1 
395 387 10 23 0.2237388789653778 1 -1 -1 
1292 483 26 24 0.21993869543075562 7 -1 -1 
401 385 8 24 0.21818986535072327 1 -1 -1 
383 380 31 23 0.21543221175670624 4 -1 -1 
908 202 15 8 0.21439433097839355 6 -1 -1 
556 415 29 24 0.21164801716804504 10 -1 -1 
1237 639 121 83 0.21075722575187683 10 -1 -1 
1168 424 32 20 0.2101147174835205 7 -1 -1 
934 412 26 18 0.2090221643447876 3 -1 -1 
1083 407 32 21 0.20856474339962006 7 -1 -1 
929 204 21 11 0.20822200179100037 5 -1 -1 
1087 421 47 25 0.20458775758743286 5 -1 -1 
1262 608 96 49 0.20281153917312622 5 -1 -1 
243 379 13 13 0.2020104080438614 3 -1 -1 
29 610 19 44 0.2019302248954773 4 -1 -1 
248 379 11 13 0.199875146150589 3 -1 -1 
162 562 117 50 0.1977134644985199 4 -1 -1 
1241 558 29 26 0.1968260109424591 1 -1 -1 
566 418 16 19 0.1948564648628235 10 -1 -1 
1132 411 15 16 0.1946873664855957 10 -1 -1 
1094 408 16 15 0.19366487860679626 7 -1 -1 
396 386 11 24 0.19331274926662445 2 -1 -1 
251 377 13 13 0.1927473098039627 3 -1 -1 
251 378 13 13 0.19272375106811523 10 -1 -1 
1079 412 19 13 0.19045887887477875 10 -1 -1 
1219 427 14 16 0.18790262937545776 10 -1 -1 
1155 434 7 19 0.18644751608371735 1 -1 -1 
1108 401 15 22 0.18418562412261963 8 -1 -1 
1241 558 23 26 0.18376953899860382 2 -1 -1 
1296 476 17 25 0.1832495927810669 2 -1 -1 
988 456 8 13 0.1832437366247177 1 -1 -1 
1073 627 15 34 0.18092259764671326 1 -1 -1 
1237 639 121 83 0.17945274710655212 8 -1 -1 
244 380 13 12 0.17881038784980774 10 -1 -1 
50 608 19 43 0.17842945456504822 4 -1 -1 
931 202 34 16 0.17763091623783112 5 -1 -1 
1163 424 8 15 0.1738044023513794 2 -1 -1 
1130 416 17 17 0.1736268550157547 10 -1 -1 
1263 535 93 78 0.1733303964138031 7 -1 -1 
1190 426 13 19 0.17143946886062622 10 -1 -1 
195 542 79 26 0.17115777730941772 4 -1 -1 
1169 429 17 14 0.16980883479118347 3 -1 -1 
988 456 11 17 0.16925281286239624 1 -1 -1 
1092 712 85 51 0.16895107924938202 5 -1 -1 
1096 408 25 16 0.16848430037498474 3 -1 -1 
570 421 11 18 0.16808034479618073 10 -1 -1 
158 614 110 94 0.1662100851535797 5 -1 -1 
450 389 18 19 0.16612571477890015 3 -1 -1 
1171 424 27 16 0.16592691838741302 10 -1 -1 
318 382 41 26 0.16575488448143005 5 -1 -1 
175 392 33 28 0.16468438506126404 5 -1 -1 
384 379 29 18 0.1644173562526703 1 -1 -1 
930 202 29 13 0.16376535594463348 9 -1 -1 
1082 410 23 15 0.1619914025068283 7 -1 -1 
996 469 7 12 0.16133078932762146 1 -1 -1 
568 415 13 18 0.16131460666656494 2 -1 -1 
150 539 121 43 0.16130176186561584 4 -1 -1 
555 415 30 23 0.1612403243780136 8 -1 -1 
1225 440 59 34 0.16018329560756683 5 -1 -1 
930 203 18 8 0.16009145975112915 5 -1 -1 
1236 639 121 83 0.15998652577400208 6 -1 -1 
1283 486 40 22 0.15986306965351105 4 -1 -1 
1161 424 9 16 0.1590912789106369 1 -1 -1 
573 415 8 14 0.1571235954761505 2 -1 -1 
1160 425 7 15 0.156366229057312 2 -1 -1 
553 199 12 8 0.15588612854480743 4 -1 -1 
912 201 12 8 0.15579500794410706 7 -1 -1 
1096 408 25 16 0.1557084172964096 10 -1 -1 
256 378 10 14 0.15525713562965393 10 -1 -1 
247 378 11 13 0.15467210114002228 10 -1 -1 
1216 560 12 26 0.15312142670154572 1 -1 -1 
383 377 30 18 0.15306606888771057 4 -1 -1 
1143 392 33 14 0.15302985906600952 5 -1 -1 
1089 406 33 21 0.15197040140628815 7 -1 -1 
1187 427 14 18 0.1518615037202835 2 -1 -1 
1195 404 7 20 0.15133637189865112 1 -1 -1 
1087 414 15 12 0.15104040503501892 2 -1 -1 
1254 611 107 75 0.15021513402462006 4 -1 -1 
930 208 21 9 0.14994005858898163 4 -1 -1 
988 456 6 11 0.1498505026102066 2 -1 -1 
1329 599 29 41 0.14796367287635803 4 -1 -1 
1089 413 15 13 0.1479138731956482 10 -1 -1 
1081 412 18 13 0.14688172936439514 3 -1 -1 
1179 423 25 23 0.14686618745326996 10 -1 -1 
222 397 35 26 0.14672234654426575 5 -1 -1 
908 202 15 8 0.14662107825279236 8 -1 -1 
1187 427 14 18 0.14657151699066162 1 -1 -1 
401 383 49 21 0.14633840322494507 4 -1 -1 
400 384 19 17 0.14629356563091278 4 -1 -1 
1225 410 8 24 0.14612405002117157 1 -1 -1 
1205 437 20 14 0.14602452516555786 4 -1 -1 
1205 413 6 14 0.14558057487010956 1 -1 -1 
1107 406 16 20 0.14475268125534058 3 -1 -1 
140 527 105 49 0.14465010166168213 1 -1 -1 
392 369 22 10 0.1445475071668625 4 -1 -1 
930 204 24 12 0.14402182400226593 4 -1 -1 
905 207 17 9 0.14210020005702972 4 -1 -1 
1094 409 22 15 0.14197850227355957 8 -1 -1 
907 202 16 8 0.14154750108718872 5 -1 -1 
573 415 8 18 0.14083324372768402 1 -1 -1 
518 392 19 18 0.14061003923416138 3 -1 -1 
383 378 44 22 0.14047615230083466 6 -1 -1 
222 397 35 26 0.14043089747428894 6 -1 -1 
283 388 45 24 0.14021995663642883 5 -1 -1 
905 203 17 11 0.14018094539642334 4 -1 -1 
1223 431 21 16 0.13985615968704224 10 -1 -1 
993 460 9 18 0.13960272073745728 1 -1 -1 
1292 483 26 24 0.13944080471992493 1 -1 -1 
905 202 18 8 0.1387123167514801 9 -1 -1 
1189 425 11 17 0.13861222565174103 10 -1 -1 
570 419 12 20 0.13848306238651276 1 -1 -1 
1157 425 9 22 0.13740071654319763 1 -1 -1 
930 202 37 15 0.13704393804073334 6 -1 -1 
258 376 11 14 0.13696330785751343 3 -1 -1 
446 388 28 21 0.1361653357744217 3 -1 -1 
559 201 43 15 0.1360340565443039 9 -1 -1 
392 381 37 22 0.135533407330513 7 -1 -1 
1237 639 121 83 0.1339322328567505 7 -1 -1 
389 382 28 27 0.128398597240448 4 -1 -1 
1141 393 35 22 0.1269361525774002 5 -1 -1 
1098 443 78 33 0.1234242171049118 5 -1 -1 
207 623 92 93 0.12325678020715714 6 -1 -1 
1218 427 30 21 0.12063760310411453 10 -1 -1 
808 428 30 29 0.11965551972389221 5 -1 -1 
383 379 41 22 0.1196354478597641 7 -1 -1 
1265 532 94 89 0.11893031746149063 9 -1 -1 
1086 421 48 25 0.11821214109659195 6 -1 -1 
1255 534 93 78 0.11800612509250641 5 -1 -1 
22 611 20 44 0.11796718835830688 1 -1 -1 
15 617 19 47 0.11781080067157745 1 -1 -1 
1142 393 34 21 0.11751760542392731 4 -1 -1 
383 378 44 22 0.11746402829885483 8 -1 -1 
153 537 119 48 0.11649125814437866 5 -1 -1 
11 620 19 49 0.11570749431848526 4 -1 -1 
1020 426 40 25 0.11528182029724121 4 -1 -1 
620 539 19 37 0.1136731430888176 2 -1 -1 
383 380 31 23 0.11303900182247162 5 -1 -1 
390 382 25 27 0.11200371384620667 1 -1 -1 
182 543 94 35 0.11162586510181427 4 -1 -1 
140 528 107 48 0.11049266159534454 5 -1 -1 
931 202 34 16 0.11036500334739685 4 -1 -1 
1092 712 82 51 0.10604225844144821 1 -1 -1 
157 579 121 49 0.10580530017614365 1 -1 -1 
155 577 124 60 0.10534737259149551 5 -1 -1 
384 379 42 22 0.10532408952713013 1 -1 -1 
110 512 105 46 0.10390391945838928 1 -1 -1 
564 410 23 30 0.10343443602323532 10 -1 -1 
358 280 71 36 0.10189711302518845 6 -1 -1 
1237 639 121 83 0.10165596753358841 2 -1 -1 
140 528 107 48 0.10146143287420273 9 -1 -1 
1084 412 27 25 0.10117978602647781 7 -1 -1 
42 608 21 44 0.10096687823534012 1 -1 -1 
383 379 39 23 0.1005750223994255 10 -1 -1 
1064 627 19 42 0.10046353936195374 1 -1 -1 
1 460 97 48 0.10044015198945999 1 -1 -1 
1092 713 82 50 0.09940945357084274 7 -1 -1 
1098 442 78 34 0.09765306860208511 1 -1 -1 
18 614 19 41 0.09661654382944107 1 -1 -1 
1087 421 47 25 0.09575079381465912 1 -1 -1 
382 370 60 32 0.09416846930980682 4 -1 -1 
1068 633 21 37 0.09416614472866058 4 -1 -1 
1204 433 26 20 0.09391207993030548 10 -1 -1 
1272 595 88 47 0.09373258799314499 4 -1 -1 
1030 427 38 25 0.09296460449695587 4 -1 -1 
392 381 37 22 0.09185456484556198 6 -1 -1 
621 539 17 37 0.0912504643201828 4 -1 -1 
1081 407 28 20 0.09121531993150711 10 -1 -1 
1226 440 58 35 0.09120156615972519 6 -1 -1 
1219 428 32 21 0.09083713591098785 3 -1 -1 
1142 392 36 24 0.09034352004528046 6 -1 -1 
175 392 33 27 0.08831408619880676 6 -1 -1 
383 378 42 21 0.08806810528039932 9 -1 -1 
1236 639 121 83 0.08774340897798538 9 -1 -1 
1194 394 61 25 0.087204709649086 4 -1 -1 
1169 424 31 20 0.0864153802394867 3 -1 -1 
161 582 123 72 0.08434726297855377 4 -1 -1 
129 609 111 93 0.07652998715639114 1 -1 -1 
129 609 111 93 0.0755835622549057 6 -1 -1 
1251 620 109 87 0.07300280779600143 5 -1 -1 
1226 440 58 35 0.07135569304227829 9 -1 -1 
1098 442 78 34 0.07002697139978409 10 -1 -1 
1237 639 121 83 0.06914545595645905 1 -1 -1 
156 571 123 58 0.06895210593938828 9 -1 -1 
1262 535 100 99 0.06323091685771942 4 -1 -1 
1097 443 79 33 0.0616299994289875 7 -1 -1 
158 544 121 58 0.05838276073336601 9 -1 -1 
1237 639 121 83 0.05837125703692436 3 -1 -1 
1097 443 79 33 0.057738058269023895 6 -1 -1 
1180 393 78 32 0.05729597806930542 5 -1 -1 
1098 442 78 34 0.05707554146647453 9 -1 -1 
206 622 95 96 0.056198686361312866 10 -1 -1 
1182 393 76 34 0.056191910058259964 9 -1 -1 
130 609 110 93 0.055818669497966766 9 -1 -1 
383 377 80 29 0.05524824932217598 4 -1 -1 
382 371 64 32 0.05466827005147934 9 -1 -1 
