779 24 306 172 0.8754588961601257 4 -1 -1 
691 363 73 207 0.779211699962616 1 -1 -1 
778 25 130 159 0.6531921029090881 4 -1 -1 
1 165 239 161 0.6072218418121338 4 -1 -1 
1 154 382 228 0.28988218307495117 4 -1 -1 
695 359 70 187 0.2852069139480591 2 -1 -1 
399 332 172 305 0.27166953682899475 4 -1 -1 
0 208 511 311 0.26844874024391174 6 -1 -1 
702 361 66 152 0.26685744524002075 1 -1 -1 
0 168 240 165 0.2231045961380005 5 -1 -1 
399 332 172 305 0.2219712734222412 6 -1 -1 
0 248 390 170 0.19574576616287231 4 -1 -1 
65 297 372 312 0.19491246342658997 6 -1 -1 
676 364 63 208 0.1857840120792389 1 -1 -1 
0 229 412 297 0.18254047632217407 9 -1 -1 
705 362 61 116 0.1807793229818344 2 -1 -1 
0 355 333 187 0.17864271998405457 9 -1 -1 
0 259 402 175 0.16830751299858093 6 -1 -1 
185 0 35 45 0.15949852764606476 1 -1 -1 
0 115 689 555 0.1576256901025772 6 -1 -1 
0 115 689 555 0.15368697047233582 5 -1 -1 
0 359 350 295 0.1513095200061798 9 -1 -1 
5 167 242 170 0.145832821726799 9 -1 -1 
0 331 370 180 0.1363348662853241 6 -1 -1 
695 411 55 155 0.13562345504760742 1 -1 -1 
78 348 304 305 0.13344085216522217 7 -1 -1 
173 370 211 299 0.13281114399433136 6 -1 -1 
0 95 649 596 0.13178393244743347 9 -1 -1 
1 320 186 91 0.13086718320846558 4 -1 -1 
716 369 47 106 0.12743571400642395 1 -1 -1 
1 163 397 235 0.12567567825317383 9 -1 -1 
0 259 402 175 0.1217505931854248 9 -1 -1 
399 332 172 305 0.12111277878284454 9 -1 -1 
31 172 211 99 0.1210620179772377 4 -1 -1 
0 167 239 157 0.11905553191900253 1 -1 -1 
779 24 306 172 0.11368940025568008 1 -1 -1 
1 163 397 235 0.10743223130702972 10 -1 -1 
775 23 312 175 0.1050344705581665 5 -1 -1 
220 368 157 288 0.10425382107496262 8 -1 -1 
338 460 28 52 0.10377946496009827 1 -1 -1 
2 293 385 271 0.09872093051671982 7 -1 -1 
0 165 512 290 0.09661604464054108 4 -1 -1 
689 385 41 69 0.0946187824010849 1 -1 -1 
779 22 130 163 0.09453386813402176 5 -1 -1 
688 361 77 205 0.09254607558250427 4 -1 -1 
399 332 172 305 0.09087678045034409 5 -1 -1 
683 361 68 137 0.0887451022863388 1 -1 -1 
0 171 553 326 0.08809496462345123 9 -1 -1 
1 320 186 91 0.08733544498682022 5 -1 -1 
0 178 369 170 0.08604913204908371 6 -1 -1 
399 332 172 305 0.08529013395309448 7 -1 -1 
0 248 390 170 0.08522505313158035 5 -1 -1 
27 151 553 268 0.08520668745040894 6 -1 -1 
0 208 511 311 0.08519712090492249 7 -1 -1 
1 308 294 147 0.08475189656019211 6 -1 -1 
175 373 204 303 0.08371960371732712 7 -1 -1 
3 152 382 215 0.08340781182050705 5 -1 -1 
689 359 67 105 0.0827820748090744 2 -1 -1 
0 309 376 148 0.08262257277965546 4 -1 -1 
751 50 151 205 0.08211223781108856 4 -1 -1 
690 377 43 79 0.08124252408742905 2 -1 -1 
237 346 142 297 0.08119507133960724 6 -1 -1 
114 202 504 384 0.08003495633602142 6 -1 -1 
8 330 363 245 0.07978323101997375 8 -1 -1 
78 348 304 305 0.07961195707321167 8 -1 -1 
691 383 37 114 0.0793682336807251 1 -1 -1 
665 358 95 208 0.07900679111480713 9 -1 -1 
906 25 184 168 0.07747586071491241 4 -1 -1 
0 352 273 188 0.07663354277610779 6 -1 -1 
0 340 356 197 0.07590751349925995 4 -1 -1 
0 400 217 144 0.07516852766275406 9 -1 -1 
199 0 23 46 0.075151227414608 1 -1 -1 
148 316 235 213 0.07441681623458862 6 -1 -1 
702 360 113 204 0.07441061735153198 9 -1 -1 
2 322 190 88 0.0738895982503891 1 -1 -1 
777 24 132 161 0.07301576435565948 1 -1 -1 
0 95 649 596 0.07218044996261597 4 -1 -1 
0 340 356 197 0.07107841968536377 5 -1 -1 
399 332 172 305 0.07042751461267471 8 -1 -1 
78 348 304 305 0.07010114192962646 1 -1 -1 
61 376 301 296 0.06967996060848236 6 -1 -1 
0 206 272 208 0.06956285238265991 4 -1 -1 
7 134 472 222 0.06926074624061584 6 -1 -1 
376 278 197 221 0.06797929108142853 6 -1 -1 
119 255 386 366 0.06777285784482956 7 -1 -1 
211 285 185 263 0.0674828365445137 6 -1 -1 
694 368 44 92 0.06699478626251221 1 -1 -1 
3 327 187 85 0.0667165219783783 9 -1 -1 
0 259 402 175 0.0661257654428482 1 -1 -1 
242 491 116 147 0.06499035656452179 6 -1 -1 
173 370 211 299 0.06416741013526917 2 -1 -1 
775 23 312 175 0.06396994739770889 9 -1 -1 
161 193 205 86 0.0637727901339531 4 -1 -1 
0 352 273 188 0.06305022537708282 1 -1 -1 
65 297 372 312 0.06272712349891663 9 -1 -1 
376 278 197 221 0.062490105628967285 4 -1 -1 
8 204 574 350 0.06176071986556053 4 -1 -1 
61 221 349 181 0.0612664632499218 6 -1 -1 
0 359 350 295 0.06095678359270096 4 -1 -1 
21 166 821 652 0.06088639423251152 6 -1 -1 
21 166 821 652 0.060245830565690994 5 -1 -1 
0 330 186 79 0.06019729748368263 6 -1 -1 
734 375 35 97 0.05947278067469597 1 -1 -1 
105 273 297 218 0.05826842039823532 6 -1 -1 
1 165 239 161 0.057746559381484985 3 -1 -1 
31 160 324 144 0.057573352009058 4 -1 -1 
706 366 41 99 0.057410817593336105 2 -1 -1 
160 270 312 367 0.05735922232270241 6 -1 -1 
173 370 211 299 0.05719824135303497 9 -1 -1 
706 366 41 99 0.056714002043008804 1 -1 -1 
158 381 215 294 0.056470684707164764 3 -1 -1 
721 371 44 92 0.05597434192895889 2 -1 -1 
410 430 162 264 0.0554465614259243 9 -1 -1 
82 391 285 306 0.055353857576847076 9 -1 -1 
80 221 335 183 0.055325351655483246 9 -1 -1 
149 238 228 87 0.05505546182394028 4 -1 -1 
159 244 199 91 0.05505071207880974 9 -1 -1 
180 227 206 94 0.05472422391176224 6 -1 -1 
401 317 58 65 0.05425623804330826 4 -1 -1 
205 346 276 332 0.05388091132044792 7 -1 -1 
0 207 336 208 0.053840331733226776 6 -1 -1 
179 212 196 81 0.053721100091934204 4 -1 -1 
219 447 153 220 0.05348082259297371 6 -1 -1 
21 166 821 652 0.0531965047121048 4 -1 -1 
0 309 376 148 0.053149331361055374 9 -1 -1 
5 167 242 170 0.05314452946186066 6 -1 -1 
699 361 71 202 0.05306592956185341 10 -1 -1 
656 363 71 180 0.052958663552999496 1 -1 -1 
177 118 501 424 0.05241968482732773 6 -1 -1 
8 330 363 245 0.0524175651371479 1 -1 -1 
658 364 69 201 0.052389394491910934 9 -1 -1 
338 459 28 54 0.05230959132313728 3 -1 -1 
476 469 46 34 0.052260514348745346 2 -1 -1 
412 344 157 289 0.05211170017719269 2 -1 -1 
3 323 183 86 0.051854971796274185 2 -1 -1 
0 229 412 297 0.05124442279338837 4 -1 -1 
0 165 242 169 0.05091162770986557 8 -1 -1 
0 175 246 95 0.050860386341810226 9 -1 -1 
69 186 360 142 0.050751693546772 6 -1 -1 
650 355 109 202 0.05019449070096016 1 -1 -1 
1 165 239 161 0.05008936673402786 10 -1 -1 
