1011 611 19 44 0.9337814450263977 1 -1 -1 
973 589 15 40 0.9174233675003052 1 -1 -1 
713 383 32 29 0.9074372053146362 4 -1 -1 
510 354 21 24 0.8967533111572266 9 -1 -1 
708 347 27 25 0.8840165138244629 4 -1 -1 
720 416 35 34 0.8798239827156067 4 -1 -1 
799 323 7 20 0.8374614715576172 1 -1 -1 
420 504 31 23 0.8266646862030029 10 -1 -1 
658 207 14 12 0.8242732882499695 4 -1 -1 
640 201 12 12 0.8000851273536682 4 -1 -1 
693 283 25 25 0.7972724437713623 5 -1 -1 
451 432 30 20 0.7551195621490479 10 -1 -1 
808 323 20 13 0.7435154914855957 10 -1 -1 
473 375 22 36 0.7326136231422424 8 -1 -1 
563 262 39 15 0.7004966139793396 4 -1 -1 
460 480 75 43 0.6778671145439148 5 -1 -1 
744 319 51 21 0.6624218225479126 4 -1 -1 
828 406 9 25 0.6445786952972412 1 -1 -1 
634 265 6 16 0.6422707438468933 1 -1 -1 
781 258 7 16 0.623087465763092 1 -1 -1 
478 453 65 30 0.6200769543647766 4 -1 -1 
775 469 81 34 0.6189924478530884 4 -1 -1 
450 509 15 31 0.6167401075363159 10 -1 -1 
489 393 11 25 0.6144509315490723 1 -1 -1 
674 185 14 11 0.5765670537948608 5 -1 -1 
625 231 12 11 0.5668787956237793 4 -1 -1 
659 142 10 9 0.554077684879303 4 -1 -1 
390 595 30 51 0.5466427206993103 8 -1 -1 
649 132 6 5 0.5443190336227417 4 -1 -1 
672 194 23 11 0.5398331880569458 4 -1 -1 
624 238 12 13 0.5376031398773193 4 -1 -1 
613 309 21 26 0.5321086049079895 5 -1 -1 
500 434 55 24 0.5267860889434814 4 -1 -1 
657 132 6 8 0.5253657698631287 8 -1 -1 
509 353 21 31 0.5209982991218567 6 -1 -1 
759 288 25 33 0.502880871295929 5 -1 -1 
643 130 5 6 0.5022395253181458 4 -1 -1 
829 402 10 27 0.49681299924850464 1 -1 -1 
447 381 23 16 0.49203675985336304 10 -1 -1 
670 180 10 10 0.48723727464675903 4 -1 -1 
622 296 7 17 0.4852813184261322 1 -1 -1 
453 439 28 15 0.4841923415660858 10 -1 -1 
666 175 5 10 0.4593318700790405 1 -1 -1 
759 288 25 33 0.45595356822013855 6 -1 -1 
657 132 7 8 0.45201751589775085 7 -1 -1 
764 346 44 17 0.44871851801872253 4 -1 -1 
519 315 22 13 0.448007732629776 10 -1 -1 
784 270 10 16 0.43516677618026733 10 -1 -1 
474 384 16 30 0.43358826637268066 8 -1 -1 
649 131 6 6 0.4193836748600006 9 -1 -1 
757 288 27 33 0.4187648296356201 4 -1 -1 
569 220 15 17 0.4187377095222473 4 -1 -1 
508 300 21 26 0.41845232248306274 8 -1 -1 
219 713 22 27 0.41703715920448303 10 -1 -1 
561 182 45 23 0.41274869441986084 7 -1 -1 
569 220 15 17 0.4115142524242401 5 -1 -1 
350 601 34 46 0.41121017932891846 7 -1 -1 
652 127 5 5 0.4103703200817108 9 -1 -1 
652 127 5 5 0.40783658623695374 4 -1 -1 
427 389 31 22 0.40285640954971313 10 -1 -1 
482 334 8 12 0.39877671003341675 2 -1 -1 
485 376 25 39 0.39842844009399414 8 -1 -1 
130 730 23 34 0.39154624938964844 1 -1 -1 
478 337 12 10 0.38680794835090637 10 -1 -1 
209 697 32 43 0.38421523571014404 10 -1 -1 
480 354 20 27 0.38312292098999023 8 -1 -1 
570 243 16 15 0.37685200572013855 4 -1 -1 
612 310 21 25 0.3745347559452057 4 -1 -1 
490 377 75 41 0.36644911766052246 6 -1 -1 
570 247 23 12 0.3631717562675476 4 -1 -1 
546 232 26 22 0.362364798784256 6 -1 -1 
492 375 23 37 0.3607187271118164 8 -1 -1 
659 152 8 7 0.35923853516578674 4 -1 -1 
787 348 23 28 0.3541446328163147 8 -1 -1 
559 184 45 20 0.3506005108356476 8 -1 -1 
821 593 15 29 0.3488112986087799 2 -1 -1 
131 729 22 35 0.34841153025627136 2 -1 -1 
473 359 26 53 0.3427722752094269 8 -1 -1 
508 301 32 27 0.3418155908584595 8 -1 -1 
167 731 15 27 0.34056001901626587 1 -1 -1 
666 175 4 9 0.3293406367301941 2 -1 -1 
433 383 28 21 0.32672709226608276 10 -1 -1 
481 354 19 24 0.3266260325908661 6 -1 -1 
655 157 4 9 0.32426273822784424 1 -1 -1 
651 128 5 5 0.32336264848709106 4 -1 -1 
667 161 6 8 0.31686848402023315 7 -1 -1 
186 697 53 43 0.3161281943321228 10 -1 -1 
674 185 21 13 0.31546860933303833 5 -1 -1 
463 477 67 30 0.31488218903541565 5 -1 -1 
434 509 17 19 0.31192776560783386 10 -1 -1 
490 375 36 42 0.30948564410209656 8 -1 -1 
480 384 18 28 0.30893799662590027 8 -1 -1 
668 174 5 10 0.30821481347084045 1 -1 -1 
226 717 16 22 0.29877108335494995 10 -1 -1 
651 128 5 5 0.29614657163619995 9 -1 -1 
650 130 6 6 0.2954140901565552 4 -1 -1 
649 131 6 6 0.29280611872673035 6 -1 -1 
693 283 25 25 0.291316419839859 4 -1 -1 
472 475 64 26 0.28911852836608887 4 -1 -1 
661 144 9 8 0.2880558371543884 4 -1 -1 
479 336 11 11 0.2867949903011322 2 -1 -1 
637 160 6 7 0.28597134351730347 7 -1 -1 
659 128 5 8 0.28517648577690125 2 -1 -1 
507 300 21 25 0.28392910957336426 7 -1 -1 
666 175 4 9 0.28385043144226074 10 -1 -1 
349 601 35 47 0.28352540731430054 8 -1 -1 
438 381 29 17 0.2820209860801697 10 -1 -1 
811 591 16 32 0.2809284031391144 2 -1 -1 
620 233 16 17 0.2798551321029663 4 -1 -1 
444 384 19 24 0.27932628989219666 10 -1 -1 
775 529 24 27 0.27888867259025574 2 -1 -1 
669 173 12 11 0.2787766456604004 4 -1 -1 
755 243 6 14 0.27861905097961426 1 -1 -1 
667 173 5 8 0.27787938714027405 2 -1 -1 
102 734 22 30 0.27430638670921326 1 -1 -1 
421 384 40 24 0.27301907539367676 10 -1 -1 
566 229 23 25 0.2723804712295532 6 -1 -1 
545 235 19 18 0.26835259795188904 6 -1 -1 
786 271 11 16 0.26667094230651855 10 -1 -1 
670 177 12 12 0.2650775909423828 4 -1 -1 
663 160 8 8 0.2648693919181824 7 -1 -1 
473 375 22 38 0.2642187476158142 7 -1 -1 
807 593 17 34 0.2639493942260742 1 -1 -1 
490 394 10 24 0.26358655095100403 2 -1 -1 
784 271 11 15 0.2631915807723999 7 -1 -1 
784 270 8 14 0.2629714906215668 2 -1 -1 
741 253 11 14 0.261801153421402 10 -1 -1 
776 348 34 25 0.2590930163860321 4 -1 -1 
830 401 9 23 0.2589088976383209 2 -1 -1 
667 174 4 8 0.2583827078342438 1 -1 -1 
670 173 4 10 0.2576534152030945 1 -1 -1 
474 466 69 28 0.2575843632221222 4 -1 -1 
649 131 6 6 0.25673118233680725 5 -1 -1 
674 185 14 11 0.25398969650268555 4 -1 -1 
805 586 21 37 0.2539460062980652 2 -1 -1 
491 385 13 27 0.2534083425998688 8 -1 -1 
789 348 22 28 0.2524496614933014 9 -1 -1 
389 596 31 50 0.2524373531341553 7 -1 -1 
203 731 14 18 0.24855506420135498 2 -1 -1 
757 348 52 22 0.24720637500286102 4 -1 -1 
482 334 7 12 0.2468462884426117 10 -1 -1 
568 220 23 21 0.24678055942058563 4 -1 -1 
821 593 16 29 0.24557818472385406 1 -1 -1 
643 130 5 6 0.2389015406370163 5 -1 -1 
729 345 7 27 0.23649029433727264 5 -1 -1 
496 439 68 29 0.23619568347930908 4 -1 -1 
155 720 22 38 0.23556748032569885 1 -1 -1 
651 128 5 5 0.23340070247650146 6 -1 -1 
657 132 6 8 0.23261332511901855 6 -1 -1 
652 127 5 5 0.23154231905937195 5 -1 -1 
802 589 19 38 0.2314222902059555 1 -1 -1 
662 160 6 8 0.2312733381986618 10 -1 -1 
658 130 6 8 0.22992157936096191 8 -1 -1 
578 184 33 20 0.22976230084896088 7 -1 -1 
802 568 56 62 0.22916743159294128 7 -1 -1 
474 384 16 30 0.22835086286067963 7 -1 -1 
774 463 64 35 0.22790533304214478 4 -1 -1 
932 430 11 17 0.2272997945547104 1 -1 -1 
827 402 10 21 0.2270723432302475 1 -1 -1 
735 251 17 16 0.22656650841236115 7 -1 -1 
779 529 16 17 0.22377999126911163 2 -1 -1 
460 480 75 43 0.22369204461574554 4 -1 -1 
637 160 6 7 0.22337883710861206 8 -1 -1 
739 251 13 16 0.22287939488887787 8 -1 -1 
658 130 6 8 0.22259701788425446 7 -1 -1 
932 430 11 17 0.2225390523672104 2 -1 -1 
785 348 25 28 0.22230277955532074 5 -1 -1 
573 181 35 21 0.22031129896640778 8 -1 -1 
729 345 7 27 0.21915565431118011 4 -1 -1 
827 403 9 23 0.2182370126247406 2 -1 -1 
505 347 6 10 0.2179616540670395 1 -1 -1 
509 312 32 17 0.21691977977752686 10 -1 -1 
641 129 7 6 0.21675191819667816 4 -1 -1 
182 699 44 40 0.2161286473274231 7 -1 -1 
651 127 5 5 0.21589568257331848 6 -1 -1 
666 176 4 9 0.21527715027332306 3 -1 -1 
558 231 27 23 0.21495313942432404 6 -1 -1 
580 187 27 16 0.21474069356918335 8 -1 -1 
474 391 14 22 0.21439792215824127 10 -1 -1 
482 376 68 41 0.20343996584415436 8 -1 -1 
1111 738 28 25 0.20113486051559448 10 -1 -1 
485 455 83 34 0.19924096763134003 4 -1 -1 
569 233 25 26 0.19863736629486084 4 -1 -1 
568 220 23 21 0.1976766735315323 5 -1 -1 
500 435 62 25 0.1966821253299713 5 -1 -1 
1011 611 19 44 0.19251295924186707 4 -1 -1 
770 347 40 27 0.19014456868171692 5 -1 -1 
558 184 46 21 0.1872287392616272 6 -1 -1 
790 348 21 27 0.1855006217956543 4 -1 -1 
402 500 15 37 0.18001441657543182 1 -1 -1 
800 546 105 88 0.17490626871585846 7 -1 -1 
775 469 82 34 0.17198537290096283 5 -1 -1 
728 246 25 22 0.1709446907043457 7 -1 -1 
973 589 15 39 0.17031927406787872 4 -1 -1 
785 348 25 28 0.16804197430610657 6 -1 -1 
766 346 43 17 0.1674041450023651 5 -1 -1 
475 468 70 31 0.16459083557128906 5 -1 -1 
572 236 35 22 0.16424834728240967 4 -1 -1 
502 355 69 40 0.1635894924402237 6 -1 -1 
570 179 40 21 0.1622237265110016 7 -1 -1 
510 354 21 24 0.16169925034046173 5 -1 -1 
420 504 31 23 0.16081875562667847 4 -1 -1 
468 474 88 34 0.16050180792808533 4 -1 -1 
879 630 66 28 0.1597878336906433 4 -1 -1 
482 376 64 38 0.15784358978271484 6 -1 -1 
618 227 20 25 0.15655770897865295 4 -1 -1 
546 232 26 22 0.15451599657535553 5 -1 -1 
757 288 27 33 0.15407569706439972 8 -1 -1 
491 301 35 24 0.15336154401302338 8 -1 -1 
490 358 72 46 0.1526695042848587 6 -1 -1 
800 571 35 62 0.1517752856016159 10 -1 -1 
751 343 55 21 0.15080393850803375 4 -1 -1 
567 228 24 25 0.1506967842578888 5 -1 -1 
572 230 28 24 0.14933787286281586 4 -1 -1 
566 251 37 17 0.14888474345207214 4 -1 -1 
508 311 33 18 0.14827562868595123 7 -1 -1 
808 558 68 72 0.14729435741901398 7 -1 -1 
331 544 19 27 0.14510437846183777 3 -1 -1 
500 434 77 29 0.14489205181598663 4 -1 -1 
180 697 51 42 0.14422930777072906 8 -1 -1 
802 544 120 88 0.14381816983222961 6 -1 -1 
483 464 86 33 0.14282797276973724 4 -1 -1 
570 231 24 27 0.1421879529953003 6 -1 -1 
498 371 81 36 0.1410108059644699 6 -1 -1 
776 477 92 39 0.13836491107940674 4 -1 -1 
420 504 31 23 0.1381886899471283 3 -1 -1 
727 247 26 21 0.13803136348724365 8 -1 -1 
744 319 51 21 0.137676402926445 5 -1 -1 
491 301 35 24 0.1373484581708908 7 -1 -1 
776 459 77 30 0.1370222121477127 4 -1 -1 
508 301 25 26 0.13601469993591309 10 -1 -1 
565 257 46 19 0.13454528152942657 4 -1 -1 
466 475 101 41 0.13451889157295227 6 -1 -1 
925 420 19 28 0.13377569615840912 3 -1 -1 
504 300 24 24 0.13375553488731384 6 -1 -1 
775 476 65 33 0.13297399878501892 4 -1 -1 
800 546 105 88 0.13138213753700256 8 -1 -1 
473 471 92 34 0.13108986616134644 5 -1 -1 
478 453 66 29 0.13037016987800598 5 -1 -1 
851 620 95 42 0.12895004451274872 4 -1 -1 
488 376 70 41 0.12598885595798492 5 -1 -1 
573 246 39 17 0.12514613568782806 4 -1 -1 
738 323 53 25 0.1247917041182518 4 -1 -1 
567 228 24 25 0.12431247532367706 4 -1 -1 
496 439 68 29 0.12416741997003555 5 -1 -1 
579 179 30 19 0.1217510998249054 8 -1 -1 
1109 738 30 25 0.12137219309806824 7 -1 -1 
802 557 72 68 0.12097030133008957 8 -1 -1 
508 352 61 29 0.12012448161840439 6 -1 -1 
462 480 89 43 0.119532510638237 9 -1 -1 
759 288 24 33 0.11916692554950714 9 -1 -1 
508 311 33 18 0.1184103786945343 8 -1 -1 
795 489 110 136 0.11815513670444489 6 -1 -1 
571 223 27 21 0.1181211918592453 4 -1 -1 
803 553 84 56 0.11708270758390427 7 -1 -1 
491 377 77 42 0.11637478321790695 9 -1 -1 
773 348 37 29 0.11563736200332642 9 -1 -1 
840 613 104 45 0.11488521844148636 6 -1 -1 
579 179 30 17 0.1145973652601242 4 -1 -1 
693 283 25 25 0.11417247354984283 6 -1 -1 
575 228 31 19 0.11409363895654678 4 -1 -1 
510 354 21 24 0.11408478766679764 4 -1 -1 
672 191 30 14 0.113959401845932 4 -1 -1 
563 261 39 16 0.11393018066883087 5 -1 -1 
473 371 39 45 0.11339499801397324 8 -1 -1 
672 188 28 16 0.11200396716594696 5 -1 -1 
461 480 77 43 0.11031203716993332 6 -1 -1 
770 347 40 27 0.1093994528055191 6 -1 -1 
787 348 24 28 0.10902681946754456 7 -1 -1 
607 303 25 30 0.10891662538051605 4 -1 -1 
800 571 35 62 0.10673607140779495 1 -1 -1 
794 499 105 134 0.10635100305080414 7 -1 -1 
559 229 27 24 0.10617473721504211 5 -1 -1 
809 553 92 66 0.10579215735197067 6 -1 -1 
726 251 27 18 0.10545513778924942 4 -1 -1 
569 189 38 17 0.10307006537914276 7 -1 -1 
450 509 15 31 0.1025380939245224 3 -1 -1 
737 309 57 32 0.09179959446191788 4 -1 -1 
796 551 106 84 0.08454085886478424 9 -1 -1 
746 344 62 31 0.08415660262107849 4 -1 -1 
812 576 131 77 0.08162029832601547 6 -1 -1 
793 485 108 121 0.07371598482131958 4 -1 -1 
750 347 60 29 0.06529341638088226 9 -1 -1 
800 519 118 114 0.0635179802775383 4 -1 -1 
740 320 57 32 0.06103656813502312 5 -1 -1 
794 499 105 134 0.05946459248661995 8 -1 -1 
746 347 63 30 0.05839548259973526 6 -1 -1 
552 182 59 28 0.05822509154677391 6 -1 -1 
784 527 112 104 0.057929880917072296 6 -1 -1 
557 179 56 27 0.05598299950361252 8 -1 -1 
738 311 57 29 0.054397258907556534 6 -1 -1 
732 297 61 40 0.05389634519815445 4 -1 -1 
743 336 62 30 0.0528293140232563 5 -1 -1 
798 571 125 81 0.05150151997804642 9 -1 -1 
813 579 132 75 0.050506602972745895 4 -1 -1 
816 534 138 109 0.050243210047483444 6 -1 -1 
800 551 112 82 0.05023225396871567 5 -1 -1 
