265 164 45 67 0.9963425993919373 6 -1 -1 
538 216 104 102 0.9938464760780334 9 -1 -1 
943 677 172 89 0.9889721274375916 5 -1 -1 
465 144 28 33 0.9405211806297302 5 -1 -1 
1203 288 98 45 0.9328630566596985 4 -1 -1 
1005 243 83 37 0.9096516966819763 4 -1 -1 
697 308 57 43 0.8758928775787354 4 -1 -1 
196 328 17 42 0.8650981187820435 1 -1 -1 
538 218 104 100 0.8574230074882507 6 -1 -1 
187 341 12 31 0.854799211025238 1 -1 -1 
154 336 19 42 0.8455763459205627 1 -1 -1 
60 446 51 34 0.8348770141601562 10 -1 -1 
498 199 38 36 0.7956265807151794 4 -1 -1 
674 564 55 38 0.7926418781280518 10 -1 -1 
431 235 40 41 0.7875657081604004 4 -1 -1 
1019 149 11 26 0.7824289798736572 1 -1 -1 
625 247 47 38 0.7643331289291382 4 -1 -1 
880 290 20 25 0.7639412879943848 10 -1 -1 
740 167 33 26 0.7600793242454529 4 -1 -1 
577 152 36 27 0.7564954161643982 4 -1 -1 
426 167 30 28 0.7544061541557312 4 -1 -1 
1305 363 18 33 0.7526171803474426 1 -1 -1 
1297 210 62 35 0.7504439353942871 5 -1 -1 
765 101 29 20 0.7419643402099609 4 -1 -1 
1254 190 10 23 0.739256739616394 1 -1 -1 
150 253 15 32 0.7377389073371887 1 -1 -1 
230 252 13 38 0.7356616258621216 1 -1 -1 
910 210 10 27 0.7348289489746094 1 -1 -1 
1112 153 9 24 0.7337583303451538 1 -1 -1 
431 95 23 20 0.7276507019996643 4 -1 -1 
793 173 59 29 0.7200696468353271 4 -1 -1 
441 109 24 22 0.7159680128097534 4 -1 -1 
979 235 14 31 0.7076677083969116 1 -1 -1 
1313 367 19 45 0.7073358297348022 1 -1 -1 
292 28 16 14 0.7072519063949585 4 -1 -1 
951 199 83 35 0.6908190846443176 4 -1 -1 
589 187 32 29 0.6873339414596558 4 -1 -1 
173 365 18 38 0.6855179667472839 1 -1 -1 
928 224 12 30 0.68458491563797 1 -1 -1 
1302 266 26 19 0.6828383803367615 10 -1 -1 
793 99 33 24 0.680590033531189 4 -1 -1 
452 123 25 24 0.6636519432067871 4 -1 -1 
66 438 26 34 0.6610850691795349 2 -1 -1 
286 107 22 25 0.6535571217536926 4 -1 -1 
1119 162 8 17 0.6427605748176575 1 -1 -1 
1311 258 14 22 0.6396896243095398 2 -1 -1 
417 83 23 19 0.631984293460846 4 -1 -1 
412 69 16 17 0.6221200227737427 4 -1 -1 
61 442 21 31 0.621665358543396 2 -1 -1 
690 553 27 46 0.6212613582611084 2 -1 -1 
1115 206 9 20 0.6183924674987793 3 -1 -1 
403 57 17 16 0.6172361969947815 4 -1 -1 
883 279 13 27 0.6100299954414368 2 -1 -1 
554 128 23 21 0.5984987020492554 4 -1 -1 
585 210 44 31 0.5898814797401428 4 -1 -1 
1098 324 30 20 0.5808876156806946 10 -1 -1 
1158 203 24 17 0.5764642357826233 10 -1 -1 
1117 201 24 17 0.573921263217926 3 -1 -1 
904 214 8 23 0.5717555284500122 1 -1 -1 
285 79 19 26 0.569526195526123 4 -1 -1 
711 561 18 41 0.5689848065376282 2 -1 -1 
505 97 24 19 0.5578221082687378 4 -1 -1 
1077 159 10 22 0.556442141532898 1 -1 -1 
715 155 25 23 0.535377025604248 4 -1 -1 
674 133 29 24 0.5242840051651001 4 -1 -1 
748 87 38 17 0.5239903330802917 4 -1 -1 
974 207 12 30 0.5217281579971313 1 -1 -1 
1077 189 12 25 0.5170332789421082 1 -1 -1 
1050 199 22 16 0.5139135122299194 10 -1 -1 
859 187 40 29 0.5017831325531006 5 -1 -1 
538 216 104 102 0.4913357198238373 5 -1 -1 
1168 194 12 20 0.4899096190929413 2 -1 -1 
906 212 10 25 0.4833870530128479 1 -1 -1 
414 78 23 15 0.482851505279541 4 -1 -1 
1033 177 8 23 0.4818316400051117 1 -1 -1 
1111 295 24 27 0.47944414615631104 10 -1 -1 
1076 295 17 29 0.47465670108795166 2 -1 -1 
1102 298 31 31 0.4731115400791168 10 -1 -1 
1070 303 23 27 0.46861040592193604 10 -1 -1 
1264 204 7 15 0.4653826951980591 1 -1 -1 
1116 200 25 18 0.46530264616012573 10 -1 -1 
1291 179 53 36 0.4645034968852997 8 -1 -1 
1145 215 24 18 0.4621991813182831 10 -1 -1 
698 557 27 42 0.4617660939693451 2 -1 -1 
892 184 26 19 0.45911893248558044 7 -1 -1 
859 187 40 29 0.4585780203342438 4 -1 -1 
744 156 11 16 0.4552896022796631 2 -1 -1 
927 199 29 22 0.4498109817504883 7 -1 -1 
1075 193 14 23 0.44794538617134094 10 -1 -1 
990 118 8 19 0.4474257528781891 1 -1 -1 
1155 219 24 16 0.44727757573127747 3 -1 -1 
1094 196 12 27 0.44467759132385254 3 -1 -1 
1182 216 12 25 0.44088467955589294 2 -1 -1 
713 561 16 41 0.43998435139656067 1 -1 -1 
1217 315 13 29 0.4354684054851532 1 -1 -1 
1048 182 8 15 0.4299708902835846 2 -1 -1 
959 206 57 29 0.42575106024742126 1 -1 -1 
1198 212 69 27 0.42536303400993347 6 -1 -1 
1047 207 19 17 0.4191450774669647 10 -1 -1 
1162 221 18 16 0.41825810074806213 3 -1 -1 
725 73 42 16 0.41552430391311646 4 -1 -1 
553 128 24 21 0.4104190468788147 5 -1 -1 
1065 180 14 21 0.4013998508453369 10 -1 -1 
1047 184 11 16 0.400691956281662 3 -1 -1 
1143 218 25 17 0.3978694975376129 3 -1 -1 
1075 184 8 18 0.39685818552970886 1 -1 -1 
1065 157 12 24 0.3956143856048584 3 -1 -1 
585 210 44 31 0.3918989598751068 5 -1 -1 
1163 196 18 20 0.3895115554332733 2 -1 -1 
1103 308 28 23 0.3889662027359009 10 -1 -1 
1120 131 10 20 0.38728633522987366 1 -1 -1 
1097 324 29 20 0.38697096705436707 3 -1 -1 
1318 156 12 20 0.38545161485671997 1 -1 -1 
1115 159 10 19 0.38448721170425415 1 -1 -1 
1098 162 12 19 0.38238054513931274 3 -1 -1 
1104 180 9 19 0.3801085650920868 1 -1 -1 
412 70 20 22 0.3790028393268585 4 -1 -1 
65 440 37 35 0.37633928656578064 10 -1 -1 
882 286 17 25 0.37631189823150635 2 -1 -1 
1067 177 11 21 0.37314674258232117 2 -1 -1 
1099 204 18 20 0.3721473515033722 3 -1 -1 
590 187 30 29 0.3716012239456177 5 -1 -1 
1065 185 18 17 0.370561420917511 10 -1 -1 
1180 219 17 23 0.36896318197250366 10 -1 -1 
1096 198 15 25 0.36802908778190613 3 -1 -1 
1262 198 10 21 0.3664969801902771 10 -1 -1 
1273 170 13 22 0.36130577325820923 10 -1 -1 
993 149 14 26 0.3612074553966522 10 -1 -1 
1095 161 13 19 0.3581216335296631 3 -1 -1 
675 558 50 43 0.3576838970184326 2 -1 -1 
1185 218 16 24 0.35761046409606934 10 -1 -1 
960 219 17 21 0.3564852178096771 3 -1 -1 
1160 196 21 20 0.3555682897567749 10 -1 -1 
1070 302 23 27 0.355487197637558 3 -1 -1 
1236 175 12 23 0.3544212281703949 10 -1 -1 
938 181 27 18 0.34969770908355713 10 -1 -1 
265 164 45 67 0.34909704327583313 5 -1 -1 
1050 203 17 18 0.3471786379814148 10 -1 -1 
938 181 27 18 0.3450106978416443 3 -1 -1 
948 182 21 20 0.34447672963142395 3 -1 -1 
946 183 24 19 0.3436547815799713 10 -1 -1 
956 184 15 20 0.34343886375427246 3 -1 -1 
927 197 52 30 0.3418174684047699 4 -1 -1 
1067 178 11 21 0.3416162431240082 1 -1 -1 
1208 187 20 27 0.3400239050388336 8 -1 -1 
1065 156 12 25 0.3398294746875763 10 -1 -1 
1101 314 31 27 0.3376593589782715 10 -1 -1 
744 157 11 16 0.3358268439769745 1 -1 -1 
1215 318 13 27 0.3312545418739319 2 -1 -1 
1077 295 17 29 0.32932716608047485 1 -1 -1 
953 185 19 19 0.32662227749824524 10 -1 -1 
489 58 16 17 0.32596439123153687 4 -1 -1 
700 147 39 24 0.3225330412387848 4 -1 -1 
1069 297 25 33 0.3214862048625946 1 -1 -1 
264 164 46 66 0.31290367245674133 10 -1 -1 
264 164 46 67 0.2826352119445801 7 -1 -1 
264 164 46 67 0.28110677003860474 4 -1 -1 
1198 213 69 26 0.26858681440353394 7 -1 -1 
674 132 30 25 0.2675093412399292 5 -1 -1 
943 677 171 88 0.26734641194343567 10 -1 -1 
1195 212 69 27 0.26414409279823303 4 -1 -1 
265 164 45 67 0.2520222067832947 8 -1 -1 
426 167 29 28 0.2513684928417206 5 -1 -1 
189 332 19 40 0.24951955676078796 1 -1 -1 
264 164 46 67 0.2492075115442276 2 -1 -1 
538 216 104 102 0.24789798259735107 8 -1 -1 
943 677 172 89 0.2394932061433792 4 -1 -1 
726 72 50 18 0.23732222616672516 5 -1 -1 
538 216 104 102 0.23136599361896515 10 -1 -1 
943 677 171 88 0.2263200283050537 8 -1 -1 
538 216 104 102 0.2257775068283081 2 -1 -1 
1070 297 25 32 0.2201557755470276 2 -1 -1 
265 164 45 67 0.21020068228244781 9 -1 -1 
943 678 171 87 0.20947760343551636 6 -1 -1 
465 143 28 34 0.20360983908176422 4 -1 -1 
264 164 46 66 0.1994340866804123 1 -1 -1 
538 216 104 102 0.1942015439271927 3 -1 -1 
538 216 104 102 0.19155234098434448 7 -1 -1 
1143 215 35 20 0.18990081548690796 3 -1 -1 
943 677 171 88 0.18948790431022644 7 -1 -1 
673 563 56 51 0.1876755803823471 7 -1 -1 
991 153 18 41 0.18074466288089752 10 -1 -1 
1199 211 65 28 0.18017366528511047 8 -1 -1 
284 106 25 26 0.17907413840293884 5 -1 -1 
708 153 33 25 0.1778811365365982 5 -1 -1 
740 167 33 26 0.17584548890590668 5 -1 -1 
699 144 42 24 0.17540161311626434 5 -1 -1 
1095 194 31 28 0.17360462248325348 3 -1 -1 
928 192 101 37 0.1710396707057953 4 -1 -1 
1205 187 24 29 0.17103809118270874 7 -1 -1 
1228 162 23 36 0.17021633684635162 10 -1 -1 
1160 196 39 22 0.16225454211235046 10 -1 -1 
1337 287 21 32 0.1600073277950287 4 -1 -1 
1118 295 20 33 0.15990062057971954 10 -1 -1 
264 164 46 66 0.15935857594013214 3 -1 -1 
538 216 104 102 0.1590275764465332 4 -1 -1 
1104 194 33 24 0.15501169860363007 3 -1 -1 
1102 298 31 31 0.15488116443157196 3 -1 -1 
674 132 29 25 0.15281058847904205 6 -1 -1 
950 200 84 34 0.15254254639148712 5 -1 -1 
697 144 34 24 0.15239393711090088 4 -1 -1 
1204 187 25 27 0.151957705616951 6 -1 -1 
1295 209 65 37 0.15070374310016632 4 -1 -1 
1157 197 31 25 0.1457866132259369 10 -1 -1 
1195 212 69 27 0.143536776304245 5 -1 -1 
451 123 27 25 0.14280454814434052 5 -1 -1 
712 147 33 29 0.14127501845359802 4 -1 -1 
1095 194 31 28 0.1404642015695572 10 -1 -1 
465 144 28 33 0.1333378255367279 6 -1 -1 
1305 262 30 25 0.1304960548877716 10 -1 -1 
1101 314 31 27 0.13040407001972198 3 -1 -1 
1176 216 28 27 0.12875370681285858 10 -1 -1 
412 75 29 27 0.12804178893566132 4 -1 -1 
1103 309 29 25 0.12616968154907227 3 -1 -1 
1108 294 27 30 0.1250077188014984 3 -1 -1 
1195 188 33 28 0.12414175271987915 8 -1 -1 
1109 306 28 28 0.12383563071489334 10 -1 -1 
760 118 66 41 0.1237528845667839 6 -1 -1 
538 216 104 102 0.12342675775289536 1 -1 -1 
943 677 171 88 0.12335175275802612 2 -1 -1 
1006 244 82 36 0.11879003047943115 5 -1 -1 
700 141 41 24 0.11817464232444763 4 -1 -1 
1092 193 23 31 0.1162683367729187 3 -1 -1 
1103 193 33 26 0.1162634938955307 10 -1 -1 
740 167 33 26 0.11522176116704941 6 -1 -1 
1204 289 97 44 0.11424588412046432 5 -1 -1 
1294 209 66 37 0.11202982813119888 6 -1 -1 
943 678 171 87 0.11031888425350189 9 -1 -1 
281 77 25 29 0.10781558603048325 5 -1 -1 
154 336 19 42 0.107787124812603 4 -1 -1 
1169 194 37 22 0.10774186253547668 10 -1 -1 
444 117 28 27 0.10771695524454117 4 -1 -1 
426 167 30 28 0.10432698577642441 6 -1 -1 
1175 197 33 26 0.09946519136428833 10 -1 -1 
196 328 17 41 0.09883913397789001 4 -1 -1 
1221 214 48 25 0.09612160921096802 8 -1 -1 
277 74 28 29 0.09581835567951202 4 -1 -1 
1196 212 71 30 0.06815773993730545 9 -1 -1 
1202 198 73 42 0.06647565215826035 6 -1 -1 
