786 376 213 141 0.9433131217956543 4 -1 -1 
531 439 108 167 0.9344649910926819 4 -1 -1 
389 119 62 64 0.9341862797737122 4 -1 -1 
1112 372 238 96 0.9341123104095459 4 -1 -1 
1168 311 188 80 0.9335881471633911 4 -1 -1 
574 81 58 51 0.9190420508384705 4 -1 -1 
360 40 44 45 0.9094497561454773 4 -1 -1 
170 149 23 56 0.86844402551651 1 -1 -1 
1085 286 74 41 0.8399994969367981 10 -1 -1 
943 135 17 47 0.8276383280754089 1 -1 -1 
120 146 21 50 0.7937180995941162 1 -1 -1 
742 156 42 36 0.78697270154953 10 -1 -1 
622 357 59 89 0.7778626084327698 8 -1 -1 
551 26 38 36 0.7756025791168213 4 -1 -1 
698 32 46 44 0.7421581745147705 4 -1 -1 
435 0 36 34 0.675309419631958 4 -1 -1 
591 673 143 92 0.6660664081573486 4 -1 -1 
750 145 24 46 0.6375992894172668 2 -1 -1 
1108 272 33 51 0.6197367310523987 2 -1 -1 
1005 138 20 40 0.5261585116386414 1 -1 -1 
1000 121 22 49 0.5111412405967712 1 -1 -1 
622 358 59 88 0.44560080766677856 5 -1 -1 
1091 283 63 43 0.40003693103790283 2 -1 -1 
622 357 59 90 0.3951984643936157 7 -1 -1 
1108 273 34 50 0.3836738169193268 10 -1 -1 
622 357 59 90 0.3408144414424896 4 -1 -1 
1011 133 15 44 0.3396643400192261 1 -1 -1 
831 110 8 26 0.31803756952285767 1 -1 -1 
747 149 31 40 0.316214919090271 10 -1 -1 
745 152 37 38 0.3080764710903168 2 -1 -1 
817 104 12 32 0.29919302463531494 1 -1 -1 
1007 119 19 48 0.28978899121284485 1 -1 -1 
436 0 36 34 0.27961423993110657 5 -1 -1 
752 145 23 46 0.2695384919643402 1 -1 -1 
623 357 58 90 0.25214990973472595 6 -1 -1 
826 106 14 31 0.23535236716270447 1 -1 -1 
831 102 14 37 0.22141504287719727 1 -1 -1 
696 28 82 50 0.2073705643415451 4 -1 -1 
1102 287 46 37 0.2055279016494751 10 -1 -1 
551 26 38 36 0.19950661063194275 5 -1 -1 
1108 272 33 49 0.19734801352024078 1 -1 -1 
1004 151 19 27 0.17437303066253662 1 -1 -1 
698 32 47 44 0.17278921604156494 6 -1 -1 
1105 279 24 44 0.16115640103816986 2 -1 -1 
1085 286 74 41 0.1560547649860382 4 -1 -1 
880 742 34 22 0.14635881781578064 8 -1 -1 
745 152 37 38 0.14436008036136627 1 -1 -1 
787 377 213 140 0.14425721764564514 9 -1 -1 
1009 125 22 51 0.1437058299779892 1 -1 -1 
1109 287 26 27 0.14164192974567413 2 -1 -1 
880 742 35 22 0.1405857503414154 7 -1 -1 
698 32 47 44 0.13944585621356964 5 -1 -1 
622 357 59 89 0.13737498223781586 9 -1 -1 
723 36 47 90 0.13470515608787537 4 -1 -1 
1113 287 28 33 0.13245736062526703 2 -1 -1 
1169 310 191 82 0.13175901770591736 1 -1 -1 
762 144 17 36 0.1308300644159317 2 -1 -1 
622 357 59 89 0.1294303834438324 1 -1 -1 
828 96 15 41 0.1286851018667221 1 -1 -1 
751 143 22 30 0.12731735408306122 2 -1 -1 
696 28 82 50 0.12591427564620972 6 -1 -1 
742 158 39 34 0.12564535439014435 3 -1 -1 
787 376 212 141 0.1239122599363327 5 -1 -1 
531 439 108 167 0.12119527906179428 1 -1 -1 
1091 281 63 45 0.12115848064422607 1 -1 -1 
170 149 23 56 0.11964304000139236 4 -1 -1 
621 357 61 89 0.1185675710439682 2 -1 -1 
819 108 19 34 0.11821585893630981 1 -1 -1 
17 87 50 59 0.11798495799303055 4 -1 -1 
389 119 62 64 0.11618603765964508 1 -1 -1 
389 118 62 65 0.11365578323602676 5 -1 -1 
22 81 53 48 0.11317594349384308 4 -1 -1 
1112 372 238 96 0.1120721697807312 1 -1 -1 
1098 287 35 32 0.11158251017332077 2 -1 -1 
787 376 212 141 0.11007711291313171 1 -1 -1 
1104 267 37 40 0.10965035110712051 2 -1 -1 
759 143 17 30 0.10781048238277435 2 -1 -1 
360 40 44 45 0.10713384300470352 5 -1 -1 
120 146 21 50 0.10641949623823166 4 -1 -1 
574 81 58 51 0.10627789795398712 5 -1 -1 
720 27 57 100 0.10577954351902008 6 -1 -1 
27 89 45 62 0.1056545227766037 1 -1 -1 
1085 288 73 40 0.1046186089515686 3 -1 -1 
1167 311 189 79 0.10274145752191544 5 -1 -1 
696 28 82 50 0.10236544162034988 5 -1 -1 
759 144 19 38 0.1021580845117569 1 -1 -1 
742 156 42 36 0.10154937207698822 4 -1 -1 
943 135 17 47 0.10154318809509277 4 -1 -1 
1087 290 69 37 0.09982319921255112 7 -1 -1 
725 69 51 58 0.09939455986022949 4 -1 -1 
746 147 22 40 0.09912970662117004 2 -1 -1 
1122 271 23 37 0.09880901873111725 2 -1 -1 
698 32 46 44 0.09763502329587936 1 -1 -1 
622 357 59 89 0.0972522497177124 3 -1 -1 
1109 375 241 95 0.09673572331666946 5 -1 -1 
389 119 62 64 0.09599758684635162 9 -1 -1 
29 133 64 47 0.0958937406539917 4 -1 -1 
998 123 17 45 0.0950712263584137 1 -1 -1 
622 357 59 89 0.09419430047273636 10 -1 -1 
1109 375 241 95 0.09303930401802063 9 -1 -1 
360 40 44 45 0.09173464775085449 1 -1 -1 
818 94 14 40 0.09039703756570816 1 -1 -1 
531 439 108 167 0.09024316817522049 10 -1 -1 
591 673 142 92 0.08918913453817368 1 -1 -1 
551 25 38 37 0.08866739273071289 1 -1 -1 
1000 123 22 47 0.08788233995437622 2 -1 -1 
787 376 212 141 0.08769509941339493 7 -1 -1 
389 118 62 64 0.08755214512348175 10 -1 -1 
574 81 58 51 0.08731450885534286 1 -1 -1 
530 439 109 167 0.08688925206661224 5 -1 -1 
787 376 212 141 0.0865025669336319 10 -1 -1 
835 104 14 34 0.08629126846790314 1 -1 -1 
1109 280 26 51 0.08583846688270569 1 -1 -1 
722 38 47 88 0.08581443130970001 9 -1 -1 
1115 278 26 56 0.0853608250617981 2 -1 -1 
1167 310 190 85 0.08455977588891983 9 -1 -1 
436 0 35 33 0.08445779979228973 6 -1 -1 
20 87 47 62 0.08442487567663193 10 -1 -1 
1118 290 34 30 0.08413562178611755 2 -1 -1 
1103 273 28 39 0.08399615436792374 2 -1 -1 
436 0 35 34 0.08318834006786346 1 -1 -1 
1005 146 18 32 0.08313177525997162 3 -1 -1 
821 108 9 25 0.0823012962937355 1 -1 -1 
531 439 108 167 0.08223903924226761 9 -1 -1 
749 143 24 36 0.08168099075555801 1 -1 -1 
1095 282 29 36 0.0814298614859581 2 -1 -1 
824 111 18 33 0.08126617223024368 1 -1 -1 
743 140 30 43 0.0808027982711792 2 -1 -1 
787 377 213 140 0.08059186488389969 6 -1 -1 
1092 287 45 30 0.08043850213289261 10 -1 -1 
1167 447 29 66 0.07945474237203598 1 -1 -1 
992 123 28 51 0.07894498109817505 1 -1 -1 
722 38 47 88 0.0785057544708252 5 -1 -1 
1112 372 238 96 0.07772011309862137 10 -1 -1 
1173 443 184 69 0.07726182788610458 3 -1 -1 
880 742 35 22 0.07692256569862366 3 -1 -1 
707 27 67 86 0.07650849223136902 4 -1 -1 
1002 108 26 61 0.0760711058974266 1 -1 -1 
720 27 57 100 0.07565321773290634 7 -1 -1 
1005 138 20 40 0.07563616335391998 2 -1 -1 
942 135 19 47 0.07464364916086197 2 -1 -1 
880 742 35 22 0.0743827149271965 10 -1 -1 
742 157 41 36 0.07365641742944717 7 -1 -1 
912 751 18 13 0.07293891906738281 1 -1 -1 
876 743 35 21 0.07279489934444427 9 -1 -1 
1001 144 19 34 0.0719170942902565 1 -1 -1 
1168 311 188 80 0.07179873436689377 6 -1 -1 
170 148 23 57 0.07137227803468704 2 -1 -1 
32 79 63 44 0.07049043476581573 4 -1 -1 
1005 114 20 52 0.0702662393450737 2 -1 -1 
592 673 141 92 0.07021702080965042 5 -1 -1 
724 49 13 29 0.06966856867074966 1 -1 -1 
4 75 75 77 0.069362111389637 4 -1 -1 
1097 274 41 49 0.06929170340299606 3 -1 -1 
120 146 21 50 0.06837526708841324 2 -1 -1 
835 110 9 25 0.06826072186231613 1 -1 -1 
1009 147 17 32 0.06764066219329834 1 -1 -1 
820 90 25 50 0.06759396195411682 1 -1 -1 
824 113 21 32 0.06724461168050766 3 -1 -1 
817 104 12 32 0.06708633154630661 2 -1 -1 
1119 270 22 29 0.06702408939599991 2 -1 -1 
707 27 67 86 0.0668763518333435 8 -1 -1 
1105 279 24 44 0.06659281998872757 1 -1 -1 
13 68 84 70 0.06571046262979507 4 -1 -1 
1111 372 240 96 0.06544859707355499 6 -1 -1 
1108 273 34 50 0.0652889758348465 4 -1 -1 
1112 372 238 96 0.06520339101552963 7 -1 -1 
1105 287 39 36 0.06489107012748718 1 -1 -1 
880 742 34 22 0.06480158865451813 4 -1 -1 
25 81 49 47 0.06458607316017151 10 -1 -1 
725 25 55 102 0.06369636207818985 8 -1 -1 
1110 282 45 42 0.0635591447353363 3 -1 -1 
1113 287 28 33 0.06347500532865524 10 -1 -1 
755 145 33 43 0.06339818984270096 2 -1 -1 
1307 449 49 56 0.06302648037672043 9 -1 -1 
360 40 44 45 0.06289638578891754 9 -1 -1 
574 81 58 51 0.06251823902130127 10 -1 -1 
697 31 59 45 0.062161583453416824 7 -1 -1 
1113 287 28 33 0.06204424425959587 9 -1 -1 
717 22 59 51 0.06199364364147186 4 -1 -1 
880 742 35 21 0.061872221529483795 2 -1 -1 
880 742 35 21 0.06144667789340019 1 -1 -1 
360 40 44 45 0.0613429918885231 6 -1 -1 
819 103 10 24 0.06108454614877701 1 -1 -1 
707 27 67 86 0.06107104942202568 5 -1 -1 
1010 111 19 49 0.061062343418598175 1 -1 -1 
574 81 58 51 0.06102748587727547 7 -1 -1 
436 0 35 34 0.06063924357295036 9 -1 -1 
742 157 41 36 0.060606565326452255 8 -1 -1 
1010 127 16 47 0.06055111438035965 2 -1 -1 
120 144 19 36 0.060169704258441925 2 -1 -1 
1110 272 31 48 0.05975095555186272 3 -1 -1 
1115 294 35 37 0.05962085723876953 10 -1 -1 
1170 445 40 64 0.05959527567028999 1 -1 -1 
787 376 212 141 0.05958088859915733 8 -1 -1 
750 145 26 47 0.05956379324197769 3 -1 -1 
829 103 13 35 0.059152424335479736 2 -1 -1 
828 112 21 33 0.05888678506016731 1 -1 -1 
28 88 62 44 0.057979706674814224 4 -1 -1 
824 104 15 33 0.057907868176698685 2 -1 -1 
1109 287 26 27 0.05769423022866249 1 -1 -1 
1087 291 44 34 0.057538967579603195 10 -1 -1 
1114 271 27 34 0.056081146001815796 1 -1 -1 
1084 280 53 43 0.05574287101626396 2 -1 -1 
169 148 20 42 0.055687908083200455 2 -1 -1 
27 89 45 62 0.05529153719544411 2 -1 -1 
831 110 8 25 0.05524533987045288 2 -1 -1 
723 85 42 45 0.05513627827167511 4 -1 -1 
786 376 213 141 0.05498876795172691 3 -1 -1 
697 31 59 45 0.05497022718191147 8 -1 -1 
827 114 11 24 0.054950300604104996 1 -1 -1 
704 33 61 56 0.0548003725707531 4 -1 -1 
1168 311 188 80 0.05472812429070473 10 -1 -1 
746 147 22 40 0.05464731529355049 1 -1 -1 
551 25 38 37 0.05447884276509285 10 -1 -1 
574 80 57 51 0.054460350424051285 6 -1 -1 
881 742 38 22 0.05413799732923508 6 -1 -1 
1168 446 33 65 0.05412440001964569 2 -1 -1 
33 88 50 49 0.05404823273420334 1 -1 -1 
945 132 17 35 0.05403902381658554 2 -1 -1 
169 148 20 42 0.05339343100786209 1 -1 -1 
831 108 9 20 0.053384870290756226 1 -1 -1 
1121 287 25 25 0.05285611376166344 2 -1 -1 
762 143 15 29 0.05277131125330925 1 -1 -1 
1307 449 49 56 0.05198504030704498 4 -1 -1 
1131 290 25 25 0.051832929253578186 2 -1 -1 
1095 287 51 37 0.05168895423412323 9 -1 -1 
998 121 12 37 0.051393743604421616 1 -1 -1 
946 134 20 43 0.05128728970885277 2 -1 -1 
1295 461 48 48 0.05116475746035576 3 -1 -1 
41 107 26 38 0.050886258482933044 1 -1 -1 
724 49 13 29 0.050780221819877625 2 -1 -1 
745 162 38 30 0.05072608217597008 9 -1 -1 
698 24 79 63 0.05028046667575836 7 -1 -1 
1175 445 34 42 0.050162844359874725 1 -1 -1 
