614 277 86 77 0.9870917797088623 6 -1 -1 
962 253 65 55 0.9644827246665955 8 -1 -1 
850 230 69 42 0.9626097679138184 5 -1 -1 
1214 615 71 79 0.9013404846191406 7 -1 -1 
594 233 61 34 0.8822652697563171 4 -1 -1 
679 371 103 69 0.8711995482444763 4 -1 -1 
439 232 58 40 0.8617782592773438 4 -1 -1 
263 437 20 52 0.8499962687492371 1 -1 -1 
920 201 10 28 0.8484892249107361 1 -1 -1 
320 362 62 71 0.8474122285842896 4 -1 -1 
138 548 31 72 0.8438875079154968 1 -1 -1 
1065 394 19 45 0.8344593048095703 1 -1 -1 
724 198 43 31 0.8193553686141968 4 -1 -1 
1037 391 22 41 0.8160709738731384 1 -1 -1 
730 440 22 49 0.8152015209197998 1 -1 -1 
165 509 29 69 0.8007999658584595 1 -1 -1 
930 196 12 32 0.779378354549408 1 -1 -1 
179 470 21 58 0.7755209803581238 1 -1 -1 
231 231 121 144 0.7748904824256897 9 -1 -1 
374 227 53 41 0.7731154561042786 4 -1 -1 
1204 355 18 45 0.7727792263031006 1 -1 -1 
264 54 17 12 0.7680819630622864 4 -1 -1 
222 458 24 54 0.7634084224700928 1 -1 -1 
922 333 16 39 0.7567145228385925 1 -1 -1 
760 454 24 48 0.7565866112709045 1 -1 -1 
1189 255 12 31 0.748005747795105 1 -1 -1 
1258 372 22 41 0.7395085692405701 1 -1 -1 
291 104 29 19 0.7311233878135681 4 -1 -1 
70 507 26 56 0.7306649088859558 1 -1 -1 
1193 318 14 36 0.7176376581192017 1 -1 -1 
205 494 23 63 0.7079072594642639 1 -1 -1 
1188 365 15 31 0.7056121826171875 1 -1 -1 
233 361 21 47 0.7032960057258606 1 -1 -1 
956 351 19 42 0.6986188292503357 1 -1 -1 
1033 237 10 32 0.6970180869102478 1 -1 -1 
251 286 102 90 0.6949926018714905 9 -1 -1 
1010 368 20 44 0.6791988015174866 1 -1 -1 
260 90 21 15 0.6757115125656128 4 -1 -1 
150 473 26 54 0.6742624044418335 1 -1 -1 
1102 322 65 32 0.6712687611579895 7 -1 -1 
758 457 18 46 0.6654486060142517 1 -1 -1 
1227 304 18 42 0.6648944616317749 1 -1 -1 
199 449 23 60 0.6615675687789917 1 -1 -1 
1331 288 14 35 0.6601081490516663 1 -1 -1 
1174 350 16 41 0.6582567691802979 1 -1 -1 
829 162 9 22 0.6581364870071411 1 -1 -1 
1244 293 13 34 0.655007004737854 1 -1 -1 
268 117 24 18 0.6515427231788635 4 -1 -1 
199 368 20 47 0.6456235647201538 1 -1 -1 
692 190 39 23 0.6429281830787659 4 -1 -1 
1207 311 13 34 0.6408729553222656 1 -1 -1 
974 196 12 28 0.6320776343345642 1 -1 -1 
18 503 23 59 0.6251031756401062 1 -1 -1 
960 226 12 31 0.6162165403366089 1 -1 -1 
1164 223 11 27 0.6132574677467346 1 -1 -1 
175 444 24 56 0.6116829514503479 1 -1 -1 
922 185 10 25 0.6056415438652039 1 -1 -1 
1161 212 12 26 0.6041675209999084 1 -1 -1 
944 336 18 45 0.5951557159423828 1 -1 -1 
1176 223 10 24 0.5879058837890625 1 -1 -1 
704 135 24 20 0.5826110243797302 4 -1 -1 
895 209 11 17 0.57942134141922 2 -1 -1 
823 197 10 25 0.5771738886833191 1 -1 -1 
108 553 25 56 0.5754146575927734 10 -1 -1 
18 461 21 52 0.5701119899749756 1 -1 -1 
683 438 24 38 0.5650378465652466 10 -1 -1 
1244 316 14 41 0.5637387633323669 1 -1 -1 
1126 297 16 26 0.5636324286460876 2 -1 -1 
894 216 14 18 0.5610435605049133 10 -1 -1 
1251 316 16 44 0.5606513023376465 1 -1 -1 
1005 243 9 24 0.5567454099655151 1 -1 -1 
1273 324 15 40 0.5520259737968445 1 -1 -1 
101 493 29 62 0.5518197417259216 1 -1 -1 
991 197 13 28 0.5497960448265076 1 -1 -1 
1185 240 10 28 0.547333836555481 1 -1 -1 
1027 232 11 25 0.5428171753883362 1 -1 -1 
1223 298 12 29 0.5338643193244934 1 -1 -1 
93 509 29 55 0.527619481086731 1 -1 -1 
1201 256 15 32 0.5264374613761902 1 -1 -1 
719 155 7 18 0.5256429314613342 1 -1 -1 
941 224 12 30 0.5252792239189148 1 -1 -1 
1181 210 10 25 0.5216754674911499 1 -1 -1 
684 421 20 37 0.5175783038139343 2 -1 -1 
1318 289 14 35 0.5137608647346497 1 -1 -1 
654 180 45 24 0.5136812329292297 5 -1 -1 
1255 298 13 31 0.50999915599823 1 -1 -1 
1240 607 27 46 0.5089688897132874 2 -1 -1 
1264 315 14 42 0.5049335956573486 1 -1 -1 
1166 322 15 29 0.4995000660419464 2 -1 -1 
1171 238 11 25 0.49939805269241333 1 -1 -1 
1283 327 17 42 0.4985428750514984 1 -1 -1 
1321 329 16 39 0.49742257595062256 1 -1 -1 
1085 286 16 36 0.49544164538383484 1 -1 -1 
610 164 34 19 0.49354082345962524 4 -1 -1 
46 484 20 46 0.4925748109817505 1 -1 -1 
247 128 26 23 0.4896793067455292 4 -1 -1 
775 193 9 24 0.4892112910747528 1 -1 -1 
1223 601 28 46 0.4889199137687683 2 -1 -1 
956 190 12 29 0.48888400197029114 1 -1 -1 
1046 268 17 27 0.4881764352321625 10 -1 -1 
76 477 21 33 0.48666903376579285 2 -1 -1 
943 277 17 30 0.48463234305381775 2 -1 -1 
267 720 30 44 0.47387397289276123 1 -1 -1 
755 179 9 25 0.470638245344162 1 -1 -1 
1170 252 12 27 0.4692234396934509 1 -1 -1 
1108 299 18 28 0.46890586614608765 2 -1 -1 
614 277 85 77 0.46683216094970703 5 -1 -1 
37 505 27 58 0.4665530025959015 1 -1 -1 
9 448 27 41 0.46609053015708923 1 -1 -1 
124 277 21 48 0.458604097366333 1 -1 -1 
197 350 20 44 0.45506924390792847 1 -1 -1 
479 123 29 16 0.45381730794906616 4 -1 -1 
983 240 30 17 0.4530388116836548 10 -1 -1 
1214 290 14 35 0.44583508372306824 1 -1 -1 
1015 204 11 27 0.4447520971298218 1 -1 -1 
1304 333 22 41 0.4440132975578308 1 -1 -1 
1087 297 13 26 0.44112175703048706 3 -1 -1 
862 190 12 29 0.44065943360328674 1 -1 -1 
662 229 20 21 0.4377285838127136 10 -1 -1 
684 190 38 22 0.43611422181129456 4 -1 -1 
906 211 12 23 0.4351930022239685 1 -1 -1 
1111 253 14 22 0.4343433976173401 2 -1 -1 
1188 200 12 24 0.4327845871448517 2 -1 -1 
1030 234 12 32 0.4298135042190552 1 -1 -1 
1002 202 12 27 0.42844250798225403 1 -1 -1 
181 447 24 58 0.4246576726436615 1 -1 -1 
959 261 12 20 0.42438483238220215 2 -1 -1 
1286 236 11 27 0.42368942499160767 1 -1 -1 
1109 300 16 29 0.4234134554862976 1 -1 -1 
997 198 12 28 0.4169768691062927 1 -1 -1 
844 200 15 31 0.4160040616989136 1 -1 -1 
1269 312 15 32 0.4140862822532654 1 -1 -1 
1158 324 20 29 0.41222140192985535 2 -1 -1 
1087 216 15 25 0.4100736677646637 2 -1 -1 
12 455 25 50 0.40319588780403137 1 -1 -1 
1296 318 16 37 0.4023025929927826 1 -1 -1 
485 129 14 33 0.4009125828742981 1 -1 -1 
1021 269 10 26 0.400758296251297 1 -1 -1 
917 177 8 23 0.3984334468841553 1 -1 -1 
1154 324 14 28 0.3969513475894928 2 -1 -1 
940 288 23 27 0.3967592120170593 10 -1 -1 
195 447 21 56 0.3925771713256836 1 -1 -1 
1170 252 13 29 0.3924877643585205 2 -1 -1 
1046 268 17 27 0.39218902587890625 8 -1 -1 
765 177 8 21 0.3905603587627411 1 -1 -1 
248 128 25 21 0.38974636793136597 5 -1 -1 
977 196 15 29 0.38946112990379333 1 -1 -1 
957 234 12 25 0.3876153230667114 1 -1 -1 
1311 330 22 41 0.3852480351924896 1 -1 -1 
1232 604 30 46 0.38092851638793945 2 -1 -1 
957 239 8 20 0.38027843832969666 1 -1 -1 
654 180 44 24 0.38013872504234314 4 -1 -1 
960 253 68 54 0.3785962164402008 5 -1 -1 
1276 325 21 43 0.3275434374809265 1 -1 -1 
946 340 20 49 0.32026800513267517 1 -1 -1 
962 253 65 56 0.3172265887260437 7 -1 -1 
941 274 21 38 0.3108070194721222 10 -1 -1 
1216 617 66 76 0.27723148465156555 10 -1 -1 
128 283 23 44 0.27421456575393677 1 -1 -1 
1299 328 22 44 0.27306240797042847 1 -1 -1 
614 163 44 21 0.27069759368896484 4 -1 -1 
940 266 22 41 0.2655871510505676 2 -1 -1 
1289 321 21 44 0.2582084536552429 1 -1 -1 
1319 286 20 40 0.25413376092910767 1 -1 -1 
1215 617 68 78 0.25334787368774414 8 -1 -1 
940 279 24 36 0.25022101402282715 3 -1 -1 
1219 626 74 94 0.24521400034427643 7 -1 -1 
1283 276 24 38 0.2418171465396881 1 -1 -1 
1271 327 22 44 0.2406320869922638 1 -1 -1 
1105 315 82 40 0.23813894391059875 7 -1 -1 
962 253 65 56 0.23772430419921875 3 -1 -1 
1303 332 22 42 0.23756727576255798 2 -1 -1 
139 398 71 79 0.22699449956417084 7 -1 -1 
1268 318 18 42 0.22044062614440918 1 -1 -1 
1233 307 18 45 0.21882697939872742 1 -1 -1 
1189 252 18 36 0.21741265058517456 1 -1 -1 
128 398 79 78 0.21632803976535797 8 -1 -1 
680 371 101 69 0.21585044264793396 5 -1 -1 
960 253 68 54 0.215049147605896 4 -1 -1 
1295 323 20 45 0.21378083527088165 1 -1 -1 
1215 603 66 82 0.21297423541545868 2 -1 -1 
614 277 85 77 0.20996518433094025 8 -1 -1 
1280 326 21 42 0.20971012115478516 2 -1 -1 
1319 328 19 42 0.205585315823555 2 -1 -1 
860 184 20 41 0.20495159924030304 1 -1 -1 
320 362 61 72 0.2040039449930191 5 -1 -1 
1223 297 20 43 0.20392657816410065 1 -1 -1 
1282 320 25 41 0.20017705857753754 1 -1 -1 
1273 325 21 40 0.19719605147838593 2 -1 -1 
1307 325 22 43 0.1951868087053299 1 -1 -1 
1256 306 21 42 0.19408944249153137 1 -1 -1 
612 163 43 22 0.19258186221122742 5 -1 -1 
1296 319 17 40 0.18987427651882172 2 -1 -1 
614 277 85 77 0.1854972094297409 2 -1 -1 
1203 304 19 41 0.18229100108146667 1 -1 -1 
1176 356 23 40 0.18189410865306854 1 -1 -1 
1220 295 18 38 0.17706629633903503 1 -1 -1 
614 277 85 77 0.17655597627162933 10 -1 -1 
1214 615 71 79 0.17402859032154083 3 -1 -1 
1311 330 22 41 0.17053504288196564 2 -1 -1 
1189 359 23 40 0.1691277176141739 1 -1 -1 
1253 299 18 40 0.16869328916072845 1 -1 -1 
1237 294 21 37 0.16755731403827667 1 -1 -1 
940 266 22 41 0.16616402566432953 1 -1 -1 
133 378 67 74 0.16547086834907532 7 -1 -1 
951 343 22 45 0.1641473025083542 1 -1 -1 
1289 321 21 44 0.16367733478546143 2 -1 -1 
1279 327 23 43 0.1633203625679016 10 -1 -1 
115 392 85 74 0.16288231313228607 7 -1 -1 
1084 285 18 38 0.16263426840305328 2 -1 -1 
1288 278 27 41 0.1619940996170044 1 -1 -1 
841 212 41 23 0.1608293205499649 10 -1 -1 
1243 294 23 36 0.1590615063905716 1 -1 -1 
962 253 65 55 0.1578129082918167 2 -1 -1 
840 198 21 36 0.15576717257499695 2 -1 -1 
1299 322 22 45 0.1529097706079483 2 -1 -1 
1027 231 18 39 0.15288680791854858 1 -1 -1 
614 277 85 77 0.15283437073230743 3 -1 -1 
1110 315 83 40 0.1522233486175537 8 -1 -1 
1208 304 21 42 0.1519707888364792 1 -1 -1 
614 277 86 77 0.15133677423000336 4 -1 -1 
1212 293 21 37 0.15055283904075623 1 -1 -1 
1307 325 22 43 0.15040233731269836 2 -1 -1 
1282 320 25 41 0.15036801993846893 2 -1 -1 
1230 348 37 24 0.14984004199504852 10 -1 -1 
1270 338 29 36 0.1492185890674591 10 -1 -1 
225 227 126 148 0.14785507321357727 6 -1 -1 
477 119 36 23 0.14615339040756226 4 -1 -1 
849 230 71 42 0.14599865674972534 4 -1 -1 
614 277 85 77 0.14598244428634644 7 -1 -1 
1226 296 27 38 0.14557529985904694 1 -1 -1 
221 226 128 148 0.1448771208524704 5 -1 -1 
1325 288 21 41 0.14410318434238434 1 -1 -1 
98 546 40 69 0.14097759127616882 10 -1 -1 
1010 368 20 44 0.1399582475423813 2 -1 -1 
1239 317 20 49 0.139412060379982 1 -1 -1 
1011 268 19 37 0.13767318427562714 1 -1 -1 
1204 294 23 42 0.13766615092754364 1 -1 -1 
940 264 22 43 0.13647328317165375 3 -1 -1 
1197 285 23 39 0.13454195857048035 1 -1 -1 
46 360 123 125 0.13374830782413483 6 -1 -1 
838 212 44 23 0.13365034759044647 7 -1 -1 
1313 287 18 44 0.1327429860830307 1 -1 -1 
1265 311 24 39 0.13085311651229858 1 -1 -1 
703 130 31 27 0.13047708570957184 4 -1 -1 
240 126 33 27 0.13016602396965027 5 -1 -1 
1299 262 25 37 0.12920105457305908 1 -1 -1 
937 260 24 39 0.12877725064754486 10 -1 -1 
949 189 22 35 0.1275012493133545 1 -1 -1 
137 283 19 43 0.12523207068443298 1 -1 -1 
1008 268 22 36 0.12513691186904907 2 -1 -1 
1216 608 65 77 0.12470612674951553 1 -1 -1 
628 161 36 25 0.1243605986237526 4 -1 -1 
944 336 18 44 0.12417074292898178 2 -1 -1 
1217 300 19 42 0.12400729209184647 1 -1 -1 
940 279 24 36 0.12254249304533005 1 -1 -1 
221 226 128 148 0.12179095298051834 4 -1 -1 
860 184 20 41 0.12161325663328171 2 -1 -1 
1292 333 22 43 0.12114731222391129 1 -1 -1 
982 239 33 21 0.12075602263212204 7 -1 -1 
1310 337 26 44 0.12029564380645752 1 -1 -1 
93 493 48 67 0.11920415610074997 1 -1 -1 
1279 332 25 42 0.11793126910924911 1 -1 -1 
1218 290 23 35 0.11757637560367584 1 -1 -1 
1269 315 33 38 0.11598307639360428 1 -1 -1 
1301 321 28 39 0.11598227173089981 1 -1 -1 
1217 598 51 68 0.11578983813524246 2 -1 -1 
614 277 85 77 0.11571528017520905 9 -1 -1 
1258 304 28 37 0.11545117199420929 1 -1 -1 
1237 303 18 45 0.1146843358874321 1 -1 -1 
857 177 24 37 0.11426185071468353 1 -1 -1 
1293 279 32 45 0.1139974445104599 1 -1 -1 
1285 277 21 38 0.11396542191505432 2 -1 -1 
1269 330 22 40 0.1129341572523117 10 -1 -1 
1315 322 23 43 0.11130590736865997 1 -1 -1 
1285 264 34 44 0.10977137088775635 1 -1 -1 
962 253 65 55 0.10558613389730453 1 -1 -1 
962 253 65 56 0.09813576936721802 10 -1 -1 
935 254 84 57 0.08150859922170639 9 -1 -1 
46 360 122 122 0.0788821130990982 5 -1 -1 
1212 611 90 123 0.0787968635559082 10 -1 -1 
1212 615 92 123 0.07348337024450302 3 -1 -1 
1212 615 92 123 0.0713062584400177 8 -1 -1 
961 253 67 54 0.07056207954883575 6 -1 -1 
46 360 122 122 0.07044010609388351 8 -1 -1 
962 253 65 56 0.06626202166080475 9 -1 -1 
46 360 123 125 0.06323132663965225 9 -1 -1 
1211 613 111 124 0.06124815344810486 9 -1 -1 
1202 600 92 108 0.060289278626441956 7 -1 -1 
62 377 150 149 0.05651039257645607 6 -1 -1 
935 255 82 53 0.05302966758608818 8 -1 -1 
100 400 155 139 0.05148433521389961 6 -1 -1 
