954 262 176 94 0.9516296982765198 4 -1 -1 
944 551 211 101 0.9415395259857178 4 -1 -1 
335 586 112 179 0.9401722550392151 4 -1 -1 
968 367 180 101 0.9337069392204285 4 -1 -1 
337 198 28 51 0.9281701445579529 1 -1 -1 
589 260 81 152 0.9133203625679016 4 -1 -1 
878 694 240 67 0.8850862979888916 4 -1 -1 
213 185 98 164 0.8832776546478271 4 -1 -1 
786 213 159 83 0.8820419311523438 4 -1 -1 
7 138 30 39 0.7939755320549011 1 -1 -1 
65 128 28 51 0.715817391872406 1 -1 -1 
76 146 26 48 0.6897026896476746 1 -1 -1 
306 346 31 33 0.6254322528839111 1 -1 -1 
91 179 96 128 0.5677562952041626 4 -1 -1 
306 346 32 54 0.5415850281715393 1 -1 -1 
6 174 101 133 0.4819967746734619 4 -1 -1 
68 132 32 55 0.4633237421512604 1 -1 -1 
307 346 32 55 0.32714539766311646 3 -1 -1 
46 176 128 139 0.32589852809906006 4 -1 -1 
64 129 23 36 0.2976858615875244 1 -1 -1 
828 0 131 46 0.21753884851932526 5 -1 -1 
24 178 137 180 0.2104402482509613 4 -1 -1 
306 346 31 33 0.20332837104797363 2 -1 -1 
337 198 28 51 0.20171917974948883 4 -1 -1 
69 181 117 178 0.19745619595050812 4 -1 -1 
882 691 237 73 0.1910220831632614 9 -1 -1 
79 147 27 64 0.19058358669281006 1 -1 -1 
337 605 81 160 0.18917040526866913 10 -1 -1 
79 181 108 159 0.18234120309352875 5 -1 -1 
830 -1 139 48 0.1809481382369995 4 -1 -1 
338 586 80 181 0.1722046583890915 5 -1 -1 
214 186 98 163 0.16304510831832886 5 -1 -1 
954 262 176 94 0.16133397817611694 9 -1 -1 
954 262 176 94 0.15744027495384216 10 -1 -1 
317 360 22 42 0.1511785387992859 3 -1 -1 
796 206 123 31 0.1509481519460678 4 -1 -1 
587 261 82 150 0.14853645861148834 10 -1 -1 
967 371 181 95 0.14799612760543823 9 -1 -1 
0 164 32 105 0.14778751134872437 4 -1 -1 
875 694 215 70 0.1472874879837036 10 -1 -1 
584 259 85 151 0.14651554822921753 9 -1 -1 
335 586 112 179 0.13834628462791443 9 -1 -1 
954 263 175 95 0.1319049745798111 1 -1 -1 
306 346 32 54 0.12948444485664368 2 -1 -1 
944 551 211 100 0.12691716849803925 9 -1 -1 
60 129 22 45 0.12667478621006012 1 -1 -1 
1148 556 36 39 0.12664024531841278 1 -1 -1 
785 213 160 82 0.1257409155368805 10 -1 -1 
78 145 32 41 0.12522296607494354 1 -1 -1 
827 -1 139 49 0.1240513026714325 6 -1 -1 
335 586 112 179 0.12350691109895706 1 -1 -1 
944 551 211 101 0.11998255550861359 1 -1 -1 
968 367 180 101 0.11991656571626663 10 -1 -1 
588 260 82 152 0.11869316548109055 1 -1 -1 
876 693 241 68 0.11849290877580643 1 -1 -1 
954 262 176 94 0.11804638057947159 7 -1 -1 
80 179 114 249 0.11504585295915604 6 -1 -1 
787 211 161 84 0.11433568596839905 9 -1 -1 
830 0 139 47 0.1137228012084961 9 -1 -1 
968 366 179 102 0.11320000141859055 5 -1 -1 
883 86 62 89 0.11021895706653595 4 -1 -1 
90 179 97 128 0.10893759876489639 1 -1 -1 
12 135 36 47 0.10848274827003479 1 -1 -1 
5 171 71 108 0.10750354081392288 4 -1 -1 
62 130 24 61 0.10720623284578323 1 -1 -1 
827 0 93 45 0.10546810179948807 4 -1 -1 
943 552 211 100 0.10460632294416428 5 -1 -1 
944 551 211 100 0.10396748036146164 10 -1 -1 
968 367 180 101 0.10295482724905014 1 -1 -1 
335 586 112 179 0.10044296085834503 7 -1 -1 
46 176 128 139 0.10015477240085602 5 -1 -1 
87 180 109 251 0.09910092502832413 4 -1 -1 
877 693 242 70 0.09847047924995422 6 -1 -1 
877 693 242 70 0.09793265163898468 5 -1 -1 
886 66 62 88 0.09714105725288391 4 -1 -1 
786 212 159 83 0.09693009406328201 1 -1 -1 
306 345 33 56 0.09563067555427551 10 -1 -1 
7 138 30 39 0.09401080757379532 4 -1 -1 
68 143 24 52 0.09354349225759506 1 -1 -1 
587 261 82 150 0.0931735709309578 5 -1 -1 
338 198 27 51 0.09276822954416275 3 -1 -1 
44 175 64 117 0.09229542315006256 4 -1 -1 
218 186 93 164 0.09170933812856674 1 -1 -1 
944 551 211 100 0.09136612713336945 7 -1 -1 
7 176 108 151 0.09111639112234116 5 -1 -1 
86 175 91 91 0.08946143835783005 4 -1 -1 
968 367 180 101 0.08926334977149963 7 -1 -1 
218 186 93 163 0.08876385539770126 9 -1 -1 
306 346 31 33 0.08722027391195297 3 -1 -1 
786 212 160 84 0.0844704806804657 5 -1 -1 
304 346 28 24 0.08446526527404785 1 -1 -1 
64 129 23 43 0.08338592201471329 2 -1 -1 
80 179 114 249 0.08218870311975479 5 -1 -1 
2 177 49 140 0.08170216530561447 4 -1 -1 
6 138 30 39 0.08121030777692795 2 -1 -1 
76 146 26 48 0.07902640849351883 2 -1 -1 
69 148 30 60 0.0788484662771225 1 -1 -1 
954 262 176 94 0.07754655927419662 5 -1 -1 
878 694 240 67 0.07747793942689896 7 -1 -1 
106 181 96 166 0.07685847580432892 4 -1 -1 
954 262 176 94 0.07578831166028976 6 -1 -1 
80 179 114 249 0.07567012310028076 9 -1 -1 
62 127 49 74 0.07557494938373566 1 -1 -1 
794 208 116 29 0.07542425394058228 5 -1 -1 
65 128 28 51 0.07528461515903473 4 -1 -1 
24 178 137 180 0.07421167939901352 5 -1 -1 
338 198 27 51 0.07390286028385162 2 -1 -1 
0 163 20 96 0.07324779778718948 4 -1 -1 
32 178 148 214 0.07314775884151459 9 -1 -1 
335 586 112 179 0.07116428017616272 6 -1 -1 
5 141 25 51 0.06910208612680435 1 -1 -1 
65 127 21 29 0.06804882735013962 2 -1 -1 
877 695 207 68 0.06720837205648422 3 -1 -1 
954 262 176 94 0.0665728747844696 8 -1 -1 
218 185 93 163 0.06655169278383255 10 -1 -1 
1179 359 10 27 0.06631136685609818 1 -1 -1 
1 173 104 161 0.06571401655673981 9 -1 -1 
76 145 41 88 0.0653168261051178 1 -1 -1 
0 163 27 102 0.0647689551115036 5 -1 -1 
4 136 24 37 0.06422603130340576 1 -1 -1 
1062 362 22 30 0.06371097266674042 1 -1 -1 
67 127 33 34 0.06190125271677971 1 -1 -1 
876 692 173 71 0.060215745121240616 2 -1 -1 
338 199 27 50 0.05980488285422325 10 -1 -1 
66 126 24 29 0.05872258171439171 1 -1 -1 
32 178 148 214 0.058713026344776154 6 -1 -1 
65 128 32 52 0.05851147696375847 2 -1 -1 
886 36 63 102 0.05839243531227112 4 -1 -1 
90 179 97 128 0.05810512974858284 10 -1 -1 
7 174 99 132 0.057965148240327835 1 -1 -1 
76 146 26 48 0.05759004130959511 4 -1 -1 
944 551 211 101 0.057326871901750565 8 -1 -1 
944 551 210 101 0.0571422204375267 6 -1 -1 
954 262 176 94 0.05687990412116051 3 -1 -1 
0 176 119 212 0.05678623542189598 4 -1 -1 
317 360 22 42 0.05670427903532982 10 -1 -1 
335 586 112 179 0.05666055530309677 8 -1 -1 
74 178 49 124 0.05662617087364197 4 -1 -1 
968 367 180 101 0.056433167308568954 3 -1 -1 
218 186 93 163 0.055875830352306366 6 -1 -1 
10 162 98 120 0.055582694709300995 9 -1 -1 
62 127 22 26 0.05537198856472969 1 -1 -1 
878 694 240 67 0.05536874011158943 8 -1 -1 
0 166 28 66 0.055310774594545364 10 -1 -1 
968 367 180 101 0.05507810786366463 8 -1 -1 
338 594 79 172 0.05502435564994812 2 -1 -1 
71 127 37 49 0.05486457422375679 1 -1 -1 
306 346 31 33 0.054564110934734344 4 -1 -1 
959 686 162 77 0.05404156818985939 4 -1 -1 
84 159 26 58 0.053408585488796234 1 -1 -1 
886 87 48 65 0.053231798112392426 4 -1 -1 
796 193 130 44 0.05312854051589966 5 -1 -1 
324 356 18 45 0.05312207341194153 9 -1 -1 
305 345 29 24 0.052536506205797195 2 -1 -1 
798 188 138 50 0.0525333471596241 4 -1 -1 
944 551 211 100 0.052481718361377716 3 -1 -1 
804 663 366 102 0.052197184413671494 4 -1 -1 
33 182 154 237 0.05180171877145767 4 -1 -1 
0 182 29 125 0.05173670873045921 4 -1 -1 
88 181 100 160 0.051547810435295105 9 -1 -1 
968 367 180 101 0.05152947083115578 6 -1 -1 
2 155 24 48 0.05124957859516144 1 -1 -1 
589 260 81 152 0.0512327216565609 7 -1 -1 
313 351 27 51 0.05114239826798439 9 -1 -1 
70 180 115 153 0.05111353099346161 6 -1 -1 
1162 567 22 28 0.050743382424116135 1 -1 -1 
6 167 46 89 0.050541289150714874 4 -1 -1 
587 260 83 152 0.05041113495826721 2 -1 -1 
61 128 22 36 0.050271566957235336 2 -1 -1 
0 125 66 157 0.050099197775125504 4 -1 -1 
321 371 18 31 0.050085730850696564 3 -1 -1 
