974 252 35 38 0.9987295269966125 9 -1 -1 
536 449 74 183 0.996475875377655 6 -1 -1 
1136 275 67 30 0.9595192670822144 6 -1 -1 
643 394 28 41 0.9178277850151062 5 -1 -1 
249 434 74 33 0.9148257374763489 4 -1 -1 
411 525 51 58 0.912293016910553 4 -1 -1 
324 385 40 30 0.9084687829017639 4 -1 -1 
195 452 68 35 0.9055300951004028 5 -1 -1 
1190 409 38 27 0.9040002822875977 4 -1 -1 
458 660 18 42 0.9014381170272827 1 -1 -1 
234 545 15 40 0.8662155270576477 1 -1 -1 
301 609 65 71 0.848964512348175 4 -1 -1 
-1 613 127 61 0.8412103652954102 4 -1 -1 
1022 282 55 59 0.8357925415039062 6 -1 -1 
487 423 42 34 0.8313372731208801 4 -1 -1 
134 473 91 35 0.8272411227226257 4 -1 -1 
1165 256 35 12 0.8243359923362732 4 -1 -1 
215 651 21 49 0.8218764662742615 1 -1 -1 
469 530 11 37 0.812047004699707 1 -1 -1 
212 414 79 40 0.8089034557342529 4 -1 -1 
264 676 81 89 0.7479224801063538 4 -1 -1 
966 282 18 17 0.7467869520187378 4 -1 -1 
782 322 22 19 0.7111802697181702 4 -1 -1 
1258 239 56 18 0.699390172958374 6 -1 -1 
237 483 16 33 0.6884559392929077 1 -1 -1 
689 253 17 16 0.686812698841095 4 -1 -1 
601 222 23 42 0.6680728197097778 6 -1 -1 
459 526 11 36 0.6632978916168213 1 -1 -1 
367 666 78 97 0.644463062286377 4 -1 -1 
248 478 16 37 0.6258401274681091 1 -1 -1 
924 321 8 17 0.5866870880126953 1 -1 -1 
385 471 13 30 0.5810350775718689 1 -1 -1 
280 667 17 40 0.5780439376831055 1 -1 -1 
46 506 32 17 0.5656986832618713 10 -1 -1 
247 485 13 29 0.5639253854751587 1 -1 -1 
646 252 18 16 0.5513955950737 4 -1 -1 
696 226 14 13 0.5306959748268127 4 -1 -1 
854 257 16 17 0.5253475308418274 5 -1 -1 
694 233 14 14 0.508102536201477 4 -1 -1 
1285 254 26 10 0.5040796995162964 4 -1 -1 
695 230 15 12 0.500577449798584 4 -1 -1 
1227 261 23 16 0.49867409467697144 4 -1 -1 
888 231 14 8 0.48741164803504944 4 -1 -1 
1022 284 12 31 0.48314905166625977 1 -1 -1 
314 652 14 34 0.482682466506958 1 -1 -1 
1295 255 24 13 0.472305566072464 4 -1 -1 
724 272 17 17 0.47143983840942383 5 -1 -1 
261 648 17 49 0.47084593772888184 1 -1 -1 
283 638 23 29 0.4699993133544922 2 -1 -1 
1158 267 35 15 0.4678952693939209 4 -1 -1 
974 252 35 38 0.45479103922843933 4 -1 -1 
226 456 39 32 0.4541432857513428 5 -1 -1 
772 170 8 8 0.43372103571891785 4 -1 -1 
693 240 14 13 0.43319839239120483 4 -1 -1 
1147 290 39 18 0.4278312623500824 4 -1 -1 
383 455 10 23 0.419628769159317 1 -1 -1 
555 224 34 41 0.4132559895515442 8 -1 -1 
912 283 9 10 0.41321811079978943 7 -1 -1 
315 722 21 43 0.4071342945098877 1 -1 -1 
652 241 13 13 0.4046902060508728 5 -1 -1 
652 238 14 14 0.39609333872795105 4 -1 -1 
1048 246 27 12 0.39181363582611084 4 -1 -1 
664 253 8 21 0.38984477519989014 1 -1 -1 
651 244 14 12 0.38400667905807495 4 -1 -1 
653 235 13 13 0.3823572099208832 4 -1 -1 
600 214 34 51 0.38005173206329346 6 -1 -1 
253 477 12 34 0.37608709931373596 1 -1 -1 
516 234 41 29 0.3742715120315552 4 -1 -1 
649 249 17 16 0.3602420687675476 4 -1 -1 
517 222 42 39 0.3517813980579376 6 -1 -1 
924 323 7 16 0.3494097888469696 10 -1 -1 
289 655 17 42 0.34499725699424744 1 -1 -1 
1112 266 47 25 0.3436371088027954 6 -1 -1 
243 483 12 33 0.34295085072517395 1 -1 -1 
555 220 47 47 0.34283027052879333 6 -1 -1 
813 179 26 16 0.34243297576904297 8 -1 -1 
974 252 35 38 0.34213873744010925 10 -1 -1 
974 252 35 38 0.337711900472641 3 -1 -1 
1291 254 25 12 0.3362951874732971 4 -1 -1 
974 252 34 38 0.33608290553092957 1 -1 -1 
924 321 8 17 0.3360653519630432 2 -1 -1 
536 449 74 183 0.33554980158805847 10 -1 -1 
912 283 9 9 0.33459869027137756 4 -1 -1 
680 184 32 13 0.33301490545272827 4 -1 -1 
584 215 23 48 0.3326447308063507 6 -1 -1 
653 235 13 14 0.332369863986969 5 -1 -1 
772 170 8 8 0.33222949504852295 5 -1 -1 
939 351 6 11 0.3298961818218231 10 -1 -1 
829 181 7 12 0.32933270931243896 2 -1 -1 
1262 238 56 20 0.3279772698879242 9 -1 -1 
912 283 9 10 0.3247053325176239 6 -1 -1 
855 257 15 17 0.324394166469574 4 -1 -1 
283 666 21 40 0.3235498368740082 1 -1 -1 
974 252 34 38 0.31855496764183044 5 -1 -1 
263 666 16 31 0.31277844309806824 1 -1 -1 
515 225 53 39 0.31223180890083313 4 -1 -1 
51 503 14 17 0.3114983141422272 2 -1 -1 
658 257 12 19 0.3089802861213684 1 -1 -1 
974 252 35 38 0.3088395893573761 2 -1 -1 
649 247 15 14 0.3082234859466553 4 -1 -1 
313 652 15 34 0.30528491735458374 2 -1 -1 
974 252 35 38 0.3035367727279663 7 -1 -1 
555 223 39 43 0.30218902230262756 5 -1 -1 
1224 242 8 10 0.30113375186920166 10 -1 -1 
283 643 23 38 0.2987973690032959 2 -1 -1 
692 243 14 13 0.29759475588798523 4 -1 -1 
1161 262 37 14 0.2941938638687134 4 -1 -1 
680 185 21 12 0.290775865316391 4 -1 -1 
658 251 14 20 0.2899651527404785 1 -1 -1 
536 449 74 183 0.2895851731300354 4 -1 -1 
1144 285 50 21 0.2892954349517822 6 -1 -1 
290 654 16 37 0.287331759929657 2 -1 -1 
1119 273 45 23 0.28652700781822205 6 -1 -1 
283 639 23 36 0.2864249348640442 1 -1 -1 
924 323 7 16 0.28636986017227173 3 -1 -1 
902 228 14 9 0.28448599576950073 4 -1 -1 
1124 270 69 30 0.2837904989719391 6 -1 -1 
694 233 14 14 0.2832016944885254 5 -1 -1 
1226 241 6 11 0.28083536028862 2 -1 -1 
263 665 16 33 0.2800047993659973 10 -1 -1 
912 283 9 10 0.2788841724395752 8 -1 -1 
537 449 73 184 0.27866503596305847 7 -1 -1 
515 237 23 26 0.27848491072654724 4 -1 -1 
724 272 17 17 0.2761373221874237 4 -1 -1 
812 180 27 15 0.27398398518562317 7 -1 -1 
688 184 34 13 0.27229052782058716 4 -1 -1 
974 252 35 38 0.27180996537208557 6 -1 -1 
693 240 14 13 0.2704774737358093 5 -1 -1 
299 652 26 40 0.27035003900527954 1 -1 -1 
535 449 76 183 0.26821717619895935 9 -1 -1 
488 187 110 64 0.2667875289916992 9 -1 -1 
370 666 74 96 0.26612669229507446 5 -1 -1 
974 252 34 38 0.2633092403411865 8 -1 -1 
854 257 16 17 0.26299163699150085 6 -1 -1 
820 169 7 12 0.26018884778022766 2 -1 -1 
1286 254 26 10 0.26001691818237305 5 -1 -1 
518 220 36 29 0.25979849696159363 6 -1 -1 
1144 285 50 21 0.25834840536117554 4 -1 -1 
1150 352 9 10 0.25733962655067444 2 -1 -1 
948 353 7 10 0.2569120526313782 10 -1 -1 
1022 282 19 31 0.2536281943321228 1 -1 -1 
828 184 10 10 0.250119149684906 2 -1 -1 
244 481 14 28 0.247573584318161 1 -1 -1 
306 651 20 35 0.24685035645961761 1 -1 -1 
384 455 8 15 0.24669039249420166 1 -1 -1 
280 639 20 32 0.24593313038349152 2 -1 -1 
314 722 22 42 0.2456294149160385 2 -1 -1 
289 639 19 37 0.24421899020671844 2 -1 -1 
826 178 8 12 0.24336998164653778 2 -1 -1 
536 449 74 183 0.2420647293329239 5 -1 -1 
657 230 13 13 0.24125219881534576 4 -1 -1 
195 453 68 34 0.2404448240995407 4 -1 -1 
1305 245 28 12 0.2400011122226715 4 -1 -1 
825 175 8 14 0.23847033083438873 2 -1 -1 
731 141 9 17 0.23796972632408142 1 -1 -1 
724 272 17 17 0.23749229311943054 8 -1 -1 
316 651 18 34 0.23578664660453796 1 -1 -1 
1296 255 35 14 0.23534563183784485 4 -1 -1 
663 194 11 11 0.2351691573858261 3 -1 -1 
458 535 11 32 0.23451675474643707 1 -1 -1 
661 225 17 15 0.23419003188610077 4 -1 -1 
1068 250 41 18 0.2332996428012848 4 -1 -1 
306 651 20 35 0.23315906524658203 2 -1 -1 
511 193 60 68 0.23283801972866058 9 -1 -1 
1159 268 43 18 0.23274485766887665 4 -1 -1 
695 230 15 14 0.23166708648204803 5 -1 -1 
827 185 12 9 0.23080353438854218 10 -1 -1 
511 193 60 68 0.2289263755083084 6 -1 -1 
285 657 19 41 0.2281254678964615 2 -1 -1 
1054 247 27 15 0.22619231045246124 4 -1 -1 
286 651 20 35 0.22552916407585144 1 -1 -1 
211 414 80 39 0.22496424615383148 5 -1 -1 
218 650 17 37 0.22383607923984528 1 -1 -1 
536 449 74 183 0.2237570732831955 2 -1 -1 
291 658 23 39 0.22359460592269897 1 -1 -1 
1139 275 64 28 0.22036615014076233 5 -1 -1 
1109 265 45 21 0.21945028007030487 5 -1 -1 
1118 268 43 22 0.21935153007507324 5 -1 -1 
655 234 15 12 0.21918097138404846 4 -1 -1 
56 501 11 18 0.2186441421508789 2 -1 -1 
642 394 29 41 0.21829557418823242 4 -1 -1 
1109 266 35 19 0.21767139434814453 4 -1 -1 
655 255 11 19 0.21686309576034546 1 -1 -1 
488 187 110 64 0.2168215662240982 6 -1 -1 
536 449 74 183 0.2152850478887558 8 -1 -1 
1115 267 63 29 0.21479730308055878 6 -1 -1 
516 224 35 36 0.21314625442028046 4 -1 -1 
382 461 16 38 0.2117641270160675 1 -1 -1 
280 668 18 39 0.21124927699565887 2 -1 -1 
590 207 35 58 0.20928619801998138 6 -1 -1 
939 350 5 11 0.20850344002246857 2 -1 -1 
689 235 16 13 0.20788365602493286 4 -1 -1 
536 449 74 183 0.19804073870182037 3 -1 -1 
1023 284 56 57 0.19514819979667664 5 -1 -1 
481 194 82 49 0.19501879811286926 9 -1 -1 
45 506 32 17 0.1906604766845703 3 -1 -1 
382 455 14 34 0.18814334273338318 1 -1 -1 
542 221 49 46 0.17793989181518555 6 -1 -1 
1304 252 34 17 0.1769542545080185 4 -1 -1 
1283 249 37 15 0.17619572579860687 4 -1 -1 
1282 281 45 18 0.17606572806835175 4 -1 -1 
1249 238 36 18 0.17455904185771942 6 -1 -1 
517 223 67 42 0.168644979596138 6 -1 -1 
515 225 53 39 0.1676756888628006 5 -1 -1 
1141 290 47 18 0.1601845622062683 5 -1 -1 
1304 245 31 14 0.15997643768787384 5 -1 -1 
1301 247 32 16 0.15871572494506836 4 -1 -1 
536 449 74 183 0.15799589455127716 1 -1 -1 
1277 242 41 21 0.1557621955871582 4 -1 -1 
561 206 46 57 0.15565577149391174 6 -1 -1 
1023 283 56 58 0.15429945290088654 9 -1 -1 
1268 231 42 16 0.1542915254831314 6 -1 -1 
1262 238 55 19 0.15379203855991364 5 -1 -1 
-1 613 127 61 0.15040890872478485 5 -1 -1 
134 473 91 35 0.1498749554157257 5 -1 -1 
1280 239 45 21 0.1468917578458786 9 -1 -1 
1259 222 64 33 0.14650435745716095 6 -1 -1 
226 456 40 32 0.14595749974250793 4 -1 -1 
810 180 30 16 0.1449793577194214 6 -1 -1 
578 207 35 56 0.14259123802185059 6 -1 -1 
481 194 82 49 0.1421482115983963 6 -1 -1 
555 221 46 46 0.14155098795890808 9 -1 -1 
123 448 70 34 0.14032140374183655 5 -1 -1 
1274 237 49 19 0.13875426352024078 6 -1 -1 
1221 263 29 17 0.13859418034553528 4 -1 -1 
458 660 18 42 0.13643141090869904 4 -1 -1 
263 675 83 88 0.13551324605941772 5 -1 -1 
258 645 31 55 0.13496679067611694 1 -1 -1 
515 218 47 47 0.1349664330482483 9 -1 -1 
572 219 47 51 0.13210800290107727 6 -1 -1 
554 222 42 45 0.1298540234565735 4 -1 -1 
238 477 18 33 0.1278751939535141 1 -1 -1 
1296 255 31 13 0.12785224616527557 5 -1 -1 
782 321 23 21 0.12624339759349823 5 -1 -1 
506 217 49 48 0.1259518563747406 4 -1 -1 
1301 247 32 16 0.12577033042907715 5 -1 -1 
302 609 64 69 0.12569572031497955 5 -1 -1 
1277 242 41 21 0.12452470511198044 5 -1 -1 
1136 275 67 30 0.12429177761077881 4 -1 -1 
482 189 93 42 0.12228339910507202 9 -1 -1 
503 210 53 50 0.12175958603620529 6 -1 -1 
598 188 27 71 0.11845577508211136 6 -1 -1 
1255 241 32 17 0.1179179847240448 6 -1 -1 
1282 249 34 15 0.11788217723369598 5 -1 -1 
1301 253 34 15 0.11644964665174484 5 -1 -1 
950 169 58 28 0.11410447955131531 6 -1 -1 
1023 284 56 57 0.11374051868915558 8 -1 -1 
411 526 52 57 0.11367811262607574 5 -1 -1 
602 197 38 63 0.11300333589315414 6 -1 -1 
122 467 90 35 0.1112150028347969 4 -1 -1 
237 482 16 34 0.11033803224563599 2 -1 -1 
525 201 64 62 0.10994310677051544 6 -1 -1 
246 472 17 35 0.10975734144449234 1 -1 -1 
1264 233 46 19 0.10960447043180466 5 -1 -1 
1277 242 41 21 0.10863836854696274 6 -1 -1 
721 228 44 56 0.10858407616615295 6 -1 -1 
1135 289 42 21 0.10852252691984177 4 -1 -1 
553 192 49 68 0.10830245167016983 6 -1 -1 
225 456 39 32 0.10766740888357162 8 -1 -1 
509 201 53 60 0.10740576684474945 4 -1 -1 
234 545 16 40 0.10720084607601166 4 -1 -1 
1226 260 25 18 0.10696259140968323 5 -1 -1 
127 447 67 34 0.1064949482679367 8 -1 -1 
589 186 31 74 0.10580243915319443 6 -1 -1 
1244 239 31 16 0.10417504608631134 4 -1 -1 
138 447 58 30 0.10403725504875183 4 -1 -1 
1290 252 33 14 0.10235393792390823 5 -1 -1 
208 444 65 27 0.10093097388744354 4 -1 -1 
1304 245 32 13 0.10040467977523804 9 -1 -1 
1242 230 73 28 0.09877052903175354 6 -1 -1 
368 665 77 99 0.0809391662478447 9 -1 -1 
1261 236 61 26 0.07956881076097488 6 -1 -1 
1247 234 69 28 0.07782728970050812 9 -1 -1 
274 608 95 81 0.0755789577960968 4 -1 -1 
1257 229 65 27 0.07510005682706833 9 -1 -1 
-1 613 127 61 0.07163938134908676 1 -1 -1 
263 676 82 88 0.06602361798286438 10 -1 -1 
279 666 107 99 0.06322558224201202 4 -1 -1 
368 665 77 99 0.06038970872759819 8 -1 -1 
1257 229 65 27 0.05950354412198067 5 -1 -1 
1265 236 65 28 0.05882062390446663 9 -1 -1 
230 464 38 55 0.0587720163166523 9 -1 -1 
-1 613 127 61 0.05717138946056366 10 -1 -1 
-2 613 129 60 0.05712033808231354 9 -1 -1 
227 458 42 45 0.057105109095573425 9 -1 -1 
227 457 39 49 0.057023633271455765 5 -1 -1 
482 188 132 62 0.055614881217479706 5 -1 -1 
478 205 131 65 0.05484897643327713 9 -1 -1 
494 206 129 66 0.054704803973436356 6 -1 -1 
-2 613 129 60 0.05414803326129913 6 -1 -1 
368 665 77 99 0.053011953830718994 6 -1 -1 
369 665 77 99 0.052844420075416565 1 -1 -1 
261 631 93 107 0.052839264273643494 4 -1 -1 
324 665 112 100 0.051775164902210236 4 -1 -1 
