1082 174 84 33 0.9968885779380798 6 -1 -1 
497 173 55 26 0.9953644275665283 6 -1 -1 
1166 436 48 36 0.9933143258094788 3 -1 -1 
1020 277 138 73 0.980434238910675 6 -1 -1 
1257 407 45 32 0.9650547504425049 3 -1 -1 
505 242 59 57 0.9410614967346191 5 -1 -1 
1070 244 72 40 0.938279926776886 5 -1 -1 
530 474 69 84 0.9338997602462769 4 -1 -1 
863 235 27 17 0.9227868914604187 3 -1 -1 
1157 605 160 130 0.9169893264770508 4 -1 -1 
868 184 57 21 0.9102721214294434 4 -1 -1 
77 142 60 21 0.9085007309913635 4 -1 -1 
563 305 42 41 0.9075760841369629 4 -1 -1 
397 186 66 25 0.9052600860595703 4 -1 -1 
212 190 72 26 0.8974303603172302 4 -1 -1 
844 396 131 48 0.8928764462471008 4 -1 -1 
236 233 63 35 0.8892483711242676 4 -1 -1 
526 136 22 19 0.8833050727844238 4 -1 -1 
722 199 65 25 0.8824498653411865 4 -1 -1 
618 223 59 32 0.880032479763031 4 -1 -1 
888 155 43 22 0.8735281825065613 4 -1 -1 
36 143 26 21 0.8701462149620056 4 -1 -1 
556 364 47 52 0.8584864735603333 4 -1 -1 
908 240 10 26 0.8514922857284546 1 -1 -1 
676 257 47 39 0.8425607085227966 4 -1 -1 
294 173 37 17 0.8404519557952881 7 -1 -1 
392 176 57 21 0.8346861004829407 4 -1 -1 
1254 477 56 36 0.8326416611671448 10 -1 -1 
1202 292 36 27 0.8321295380592346 10 -1 -1 
495 216 26 16 0.8302432894706726 10 -1 -1 
59 208 77 35 0.825781524181366 4 -1 -1 
993 260 62 32 0.8242725729942322 4 -1 -1 
427 128 26 18 0.8233778476715088 4 -1 -1 
1225 462 51 32 0.8232813477516174 10 -1 -1 
1247 332 65 32 0.8198729753494263 7 -1 -1 
1000 318 14 37 0.8184657692909241 1 -1 -1 
1126 384 38 31 0.8181319832801819 10 -1 -1 
974 532 102 94 0.8176082372665405 4 -1 -1 
530 117 20 16 0.8130093216896057 4 -1 -1 
942 192 61 22 0.8112335205078125 4 -1 -1 
1263 300 32 23 0.8079381585121155 10 -1 -1 
851 330 98 39 0.8016934990882874 4 -1 -1 
1170 307 42 28 0.8010267019271851 10 -1 -1 
187 253 10 30 0.7976176142692566 1 -1 -1 
1148 400 44 33 0.7951623201370239 10 -1 -1 
623 108 17 15 0.795105516910553 4 -1 -1 
858 356 116 49 0.7948506474494934 4 -1 -1 
61 184 73 29 0.7891526818275452 4 -1 -1 
435 84 32 13 0.7770498394966125 4 -1 -1 
735 327 61 44 0.7768408060073853 4 -1 -1 
431 100 18 16 0.7695333361625671 4 -1 -1 
441 97 19 14 0.7650826573371887 4 -1 -1 
709 188 64 22 0.7649692296981812 4 -1 -1 
723 108 19 17 0.7584072947502136 4 -1 -1 
625 45 9 7 0.7557790875434875 4 -1 -1 
502 209 12 21 0.7498350143432617 2 -1 -1 
38 313 22 44 0.7496987581253052 1 -1 -1 
623 66 11 11 0.7486356496810913 4 -1 -1 
559 75 13 11 0.7469322681427002 4 -1 -1 
5 438 21 43 0.7466683983802795 10 -1 -1 
518 147 9 20 0.7449009418487549 1 -1 -1 
1222 258 13 28 0.7419969439506531 1 -1 -1 
1257 407 44 32 0.741102933883667 10 -1 -1 
196 253 10 30 0.7340995669364929 1 -1 -1 
1196 358 40 28 0.732664942741394 10 -1 -1 
1189 398 52 35 0.7289372682571411 10 -1 -1 
572 219 27 17 0.7259994745254517 10 -1 -1 
59 323 15 39 0.7233598232269287 1 -1 -1 
464 99 21 17 0.7219424247741699 4 -1 -1 
160 243 12 30 0.7210144400596619 1 -1 -1 
36 345 22 41 0.7184685468673706 1 -1 -1 
429 79 32 11 0.7158030867576599 4 -1 -1 
1100 374 41 25 0.7126443386077881 10 -1 -1 
886 137 27 18 0.7081937789916992 4 -1 -1 
871 227 10 20 0.7067634463310242 2 -1 -1 
731 121 20 15 0.7056059837341309 4 -1 -1 
735 130 19 15 0.7043036222457886 4 -1 -1 
302 169 10 17 0.6940410733222961 2 -1 -1 
139 287 46 45 0.6836525201797485 4 -1 -1 
410 115 21 15 0.6835630536079407 4 -1 -1 
766 152 7 17 0.6834056377410889 1 -1 -1 
1156 240 77 34 0.6812260746955872 4 -1 -1 
352 125 7 17 0.6738160848617554 1 -1 -1 
794 143 36 20 0.6665694713592529 4 -1 -1 
265 138 7 18 0.6576859354972839 1 -1 -1 
133 321 52 52 0.6546196341514587 4 -1 -1 
1181 379 48 28 0.651800274848938 3 -1 -1 
1101 373 40 29 0.6461318135261536 3 -1 -1 
691 181 24 18 0.6386141180992126 10 -1 -1 
575 214 14 21 0.6370198130607605 2 -1 -1 
892 297 11 30 0.6369614005088806 1 -1 -1 
1168 381 42 26 0.632398784160614 3 -1 -1 
1265 246 65 30 0.6276514530181885 4 -1 -1 
844 132 20 12 0.6222586631774902 7 -1 -1 
372 156 9 17 0.6175790429115295 2 -1 -1 
1322 345 18 35 0.6088246703147888 1 -1 -1 
187 239 12 26 0.6059925556182861 1 -1 -1 
1240 446 23 39 0.6056258082389832 2 -1 -1 
564 71 12 10 0.6046615242958069 4 -1 -1 
317 133 14 11 0.5990356802940369 10 -1 -1 
77 359 40 36 0.5985292792320251 10 -1 -1 
419 107 19 17 0.57723468542099 4 -1 -1 
980 154 54 22 0.5738981366157532 4 -1 -1 
420 239 11 26 0.5727583765983582 2 -1 -1 
1209 255 12 30 0.5716400742530823 1 -1 -1 
1103 366 19 29 0.5695280432701111 2 -1 -1 
471 75 15 12 0.569391131401062 4 -1 -1 
411 248 27 19 0.568148136138916 3 -1 -1 
615 28 8 7 0.5674467086791992 4 -1 -1 
12 264 12 32 0.5595493912696838 1 -1 -1 
225 140 17 12 0.5554086565971375 10 -1 -1 
1256 323 16 33 0.5535607933998108 2 -1 -1 
272 138 8 15 0.5461907386779785 1 -1 -1 
373 162 8 16 0.5459818840026855 3 -1 -1 
1145 333 18 39 0.5294945240020752 1 -1 -1 
419 107 19 18 0.5254241228103638 5 -1 -1 
1069 705 135 59 0.520988941192627 4 -1 -1 
572 216 14 19 0.5200249552726746 2 -1 -1 
1183 354 20 40 0.5136346817016602 1 -1 -1 
1006 277 53 31 0.51307612657547 8 -1 -1 
406 132 7 16 0.510086715221405 1 -1 -1 
1342 364 17 34 0.5034530162811279 1 -1 -1 
333 122 15 12 0.49947863817214966 10 -1 -1 
411 128 7 17 0.4915010631084442 1 -1 -1 
99 352 18 40 0.4897077679634094 1 -1 -1 
421 86 14 11 0.485596626996994 10 -1 -1 
1266 327 44 35 0.4846360981464386 7 -1 -1 
979 154 55 22 0.48048803210258484 5 -1 -1 
0 166 10 17 0.4732113480567932 2 -1 -1 
1314 284 13 23 0.46721604466438293 2 -1 -1 
1164 190 47 27 0.463409960269928 4 -1 -1 
1257 325 47 30 0.46127963066101074 7 -1 -1 
420 239 11 26 0.4600507616996765 1 -1 -1 
304 169 11 16 0.45876747369766235 2 -1 -1 
566 62 16 13 0.457320898771286 4 -1 -1 
98 352 19 40 0.4570160508155823 2 -1 -1 
0 335 40 30 0.44964009523391724 10 -1 -1 
1255 324 16 34 0.44901394844055176 1 -1 -1 
1320 463 38 33 0.44811877608299255 10 -1 -1 
411 115 17 15 0.4425523579120636 5 -1 -1 
730 128 6 16 0.438297837972641 1 -1 -1 
249 136 6 13 0.43565165996551514 1 -1 -1 
1166 436 48 36 0.42822450399398804 4 -1 -1 
1164 190 45 26 0.4263620376586914 5 -1 -1 
1320 336 31 16 0.423768013715744 10 -1 -1 
661 102 15 13 0.4222610592842102 8 -1 -1 
1142 332 19 33 0.4210154414176941 2 -1 -1 
1128 343 34 24 0.4204728305339813 10 -1 -1 
564 67 13 11 0.41910091042518616 4 -1 -1 
1213 256 11 30 0.41746166348457336 1 -1 -1 
19 280 12 33 0.41646021604537964 1 -1 -1 
268 138 8 17 0.4152314066886902 1 -1 -1 
717 193 60 23 0.41256311535835266 4 -1 -1 
0 390 26 35 0.41142189502716064 2 -1 -1 
1082 174 84 33 0.36884602904319763 4 -1 -1 
30 358 19 45 0.36264485120773315 1 -1 -1 
33 348 21 48 0.3546947240829468 1 -1 -1 
1006 276 76 33 0.34753531217575073 6 -1 -1 
1082 174 84 33 0.347199022769928 10 -1 -1 
3 260 20 35 0.34495413303375244 1 -1 -1 
28 357 20 45 0.3435848653316498 2 -1 -1 
294 171 37 19 0.3284127116203308 8 -1 -1 
18 356 27 43 0.32222145795822144 2 -1 -1 
1265 237 87 38 0.30821871757507324 4 -1 -1 
1023 277 138 72 0.30791518092155457 5 -1 -1 
0 388 26 38 0.30678772926330566 1 -1 -1 
794 143 35 20 0.3022864758968353 5 -1 -1 
3 260 21 35 0.29575860500335693 2 -1 -1 
2 339 43 35 0.28849563002586365 10 -1 -1 
1082 174 84 33 0.28564202785491943 7 -1 -1 
61 184 74 29 0.28426146507263184 5 -1 -1 
858 356 116 48 0.27992573380470276 5 -1 -1 
1131 339 31 34 0.27924013137817383 1 -1 -1 
1082 174 84 33 0.2771587669849396 5 -1 -1 
1132 338 27 35 0.26245352625846863 2 -1 -1 
48 317 16 42 0.25931310653686523 1 -1 -1 
1068 706 136 58 0.2577472925186157 5 -1 -1 
1070 245 71 39 0.24793033301830292 4 -1 -1 
28 343 25 43 0.23962560296058655 1 -1 -1 
1156 240 77 34 0.23863385617733002 5 -1 -1 
794 142 36 21 0.23809920251369476 6 -1 -1 
7 358 32 39 0.23392313718795776 2 -1 -1 
3 352 38 37 0.2280196100473404 7 -1 -1 
59 208 77 35 0.21172600984573364 5 -1 -1 
15 275 18 38 0.2068275511264801 1 -1 -1 
1 367 37 33 0.2038242369890213 2 -1 -1 
1005 275 81 33 0.20296864211559296 5 -1 -1 
505 241 59 57 0.20214538276195526 4 -1 -1 
35 344 23 42 0.1999325156211853 2 -1 -1 
1263 300 32 23 0.1994469165802002 4 -1 -1 
1082 174 84 33 0.19886180758476257 8 -1 -1 
1128 341 34 32 0.19695039093494415 3 -1 -1 
0 382 33 23 0.19529980421066284 2 -1 -1 
1007 277 99 46 0.19486431777477264 6 -1 -1 
1135 331 25 36 0.1936284303665161 1 -1 -1 
1128 340 33 32 0.18919019401073456 7 -1 -1 
12 344 34 40 0.18491464853286743 7 -1 -1 
26 347 21 43 0.18475469946861267 2 -1 -1 
1157 604 160 133 0.1846044808626175 5 -1 -1 
0 330 36 27 0.18426667153835297 10 -1 -1 
1082 174 84 33 0.18137839436531067 2 -1 -1 
9 263 18 42 0.1796617954969406 1 -1 -1 
14 348 30 42 0.17756471037864685 2 -1 -1 
1248 331 63 35 0.17219294607639313 8 -1 -1 
1018 277 140 72 0.17067809402942657 8 -1 -1 
14 357 31 41 0.1696023941040039 10 -1 -1 
846 395 128 48 0.16682255268096924 5 -1 -1 
294 172 37 18 0.1654798537492752 3 -1 -1 
1005 275 81 33 0.16466736793518066 4 -1 -1 
1128 332 29 34 0.16380608081817627 2 -1 -1 
1082 174 84 33 0.16215932369232178 3 -1 -1 
1082 174 84 33 0.16083863377571106 9 -1 -1 
1082 174 84 33 0.16082696616649628 1 -1 -1 
1322 345 19 35 0.15971261262893677 2 -1 -1 
5 332 46 30 0.1590726673603058 10 -1 -1 
1331 348 27 31 0.15743160247802734 8 -1 -1 
0 347 40 33 0.15574410557746887 10 -1 -1 
32 334 21 45 0.15517067909240723 1 -1 -1 
1007 277 99 46 0.153416708111763 4 -1 -1 
1279 244 76 41 0.1508665829896927 4 -1 -1 
1128 340 33 32 0.1496550440788269 8 -1 -1 
1331 345 27 30 0.1489059180021286 7 -1 -1 
0 384 29 27 0.14751648902893066 1 -1 -1 
3 269 24 43 0.14679989218711853 1 -1 -1 
1342 362 17 37 0.14632272720336914 2 -1 -1 
16 340 31 39 0.14507803320884705 10 -1 -1 
4 365 36 35 0.139677032828331 10 -1 -1 
1020 277 138 73 0.13967427611351013 7 -1 -1 
1022 276 140 72 0.13944342732429504 9 -1 -1 
1020 277 138 73 0.139200821518898 4 -1 -1 
5 376 36 28 0.13824985921382904 2 -1 -1 
33 348 21 48 0.13760389387607574 2 -1 -1 
888 156 43 21 0.13665908575057983 5 -1 -1 
0 376 36 25 0.13525106012821198 10 -1 -1 
1263 300 32 23 0.13486434519290924 3 -1 -1 
993 259 68 36 0.13402442634105682 5 -1 -1 
17 278 16 35 0.13267189264297485 2 -1 -1 
1058 271 101 34 0.1321948766708374 5 -1 -1 
16 353 28 43 0.13217408955097198 1 -1 -1 
1019 276 128 49 0.13100643455982208 6 -1 -1 
2 383 34 22 0.13014335930347443 1 -1 -1 
505 241 59 57 0.12664082646369934 9 -1 -1 
1136 334 26 37 0.1255335658788681 10 -1 -1 
1 353 38 34 0.12485705316066742 2 -1 -1 
1323 337 33 27 0.1241692453622818 7 -1 -1 
993 259 68 36 0.12411189824342728 6 -1 -1 
505 242 59 57 0.12365979701280594 8 -1 -1 
16 353 28 43 0.12360505014657974 7 -1 -1 
5 352 36 37 0.12309729307889938 10 -1 -1 
50 321 20 41 0.12282601743936539 1 -1 -1 
1339 354 20 38 0.12188373506069183 1 -1 -1 
294 171 37 19 0.1218385249376297 10 -1 -1 
1176 384 63 43 0.121175616979599 10 -1 -1 
10 262 15 36 0.1206786036491394 2 -1 -1 
1264 242 75 34 0.120200015604496 5 -1 -1 
1028 276 96 35 0.11998016387224197 4 -1 -1 
134 320 52 54 0.11981649696826935 5 -1 -1 
505 241 58 58 0.11845802515745163 6 -1 -1 
0 277 22 38 0.11792527884244919 2 -1 -1 
0 332 56 63 0.07606571167707443 7 -1 -1 
0 343 53 59 0.052381888031959534 2 -1 -1 
841 393 134 60 0.051412392407655716 9 -1 -1 
