881 222 75 54 0.9949268102645874 6 -1 -1 
550 121 21 23 0.9934676289558411 6 -1 -1 
297 247 48 60 0.9792802929878235 5 -1 -1 
903 299 56 43 0.9294988512992859 7 -1 -1 
424 414 77 124 0.9177977442741394 4 -1 -1 
617 185 34 25 0.8716973066329956 4 -1 -1 
159 211 48 37 0.8711656928062439 4 -1 -1 
505 119 12 12 0.8691278100013733 8 -1 -1 
375 272 22 38 0.8308401107788086 7 -1 -1 
415 122 13 12 0.8092464208602905 4 -1 -1 
425 134 15 16 0.7981613278388977 4 -1 -1 
454 87 7 6 0.7876344919204712 4 -1 -1 
708 217 74 33 0.7833749055862427 4 -1 -1 
599 171 28 20 0.7804006934165955 4 -1 -1 
317 154 28 20 0.7789726257324219 4 -1 -1 
450 211 35 37 0.7731870412826538 4 -1 -1 
409 116 13 11 0.764293372631073 4 -1 -1 
485 114 12 11 0.763786792755127 4 -1 -1 
302 177 12 23 0.7385603785514832 1 -1 -1 
440 101 8 7 0.7381741404533386 4 -1 -1 
518 110 15 18 0.736987292766571 6 -1 -1 
459 111 18 11 0.7226997017860413 4 -1 -1 
408 138 6 11 0.704211950302124 10 -1 -1 
542 123 13 11 0.6915216445922852 4 -1 -1 
408 135 6 9 0.6835266351699829 2 -1 -1 
432 93 7 7 0.6827179193496704 4 -1 -1 
401 96 8 10 0.6739296317100525 5 -1 -1 
170 179 7 23 0.6665527820587158 1 -1 -1 
157 193 10 23 0.6495717167854309 1 -1 -1 
547 107 21 9 0.6390562057495117 4 -1 -1 
295 142 47 23 0.6247628331184387 5 -1 -1 
505 100 9 8 0.6154623031616211 4 -1 -1 
181 190 8 20 0.60944002866745 1 -1 -1 
366 141 20 16 0.6093651056289673 4 -1 -1 
447 90 7 7 0.5938073396682739 4 -1 -1 
175 184 7 20 0.5729575753211975 1 -1 -1 
406 86 7 7 0.5709831118583679 4 -1 -1 
505 94 9 7 0.5169601440429688 4 -1 -1 
399 82 6 5 0.4773916006088257 4 -1 -1 
504 119 13 12 0.4676608145236969 7 -1 -1 
498 88 7 6 0.4660342335700989 4 -1 -1 
467 90 4 6 0.456148624420166 2 -1 -1 
363 112 26 10 0.45001843571662903 4 -1 -1 
510 114 5 10 0.4443054497241974 1 -1 -1 
445 71 4 4 0.42750781774520874 4 -1 -1 
500 91 10 8 0.4176991581916809 5 -1 -1 
500 91 11 8 0.40768930315971375 4 -1 -1 
532 115 11 10 0.39263591170310974 7 -1 -1 
399 104 5 9 0.3868812620639801 2 -1 -1 
450 74 5 5 0.385459840297699 4 -1 -1 
467 91 4 6 0.38303104043006897 10 -1 -1 
176 192 7 19 0.38280385732650757 1 -1 -1 
375 273 18 28 0.38197967410087585 2 -1 -1 
303 177 9 17 0.37714263796806335 1 -1 -1 
413 85 9 6 0.37610822916030884 4 -1 -1 
661 198 16 15 0.37168264389038086 6 -1 -1 
432 88 3 7 0.35007965564727783 1 -1 -1 
378 275 13 22 0.3484383225440979 2 -1 -1 
178 186 8 23 0.3481643497943878 1 -1 -1 
436 77 9 5 0.34802454710006714 4 -1 -1 
531 115 11 9 0.34685859084129333 4 -1 -1 
447 90 8 8 0.3450039029121399 5 -1 -1 
465 81 6 6 0.3365987539291382 4 -1 -1 
295 142 46 23 0.3365626335144043 6 -1 -1 
517 104 10 10 0.333813339471817 6 -1 -1 
401 96 9 10 0.3311060965061188 4 -1 -1 
432 88 3 6 0.32892489433288574 2 -1 -1 
517 104 10 10 0.32889610528945923 4 -1 -1 
176 184 8 25 0.32797032594680786 1 -1 -1 
173 182 7 19 0.32313305139541626 1 -1 -1 
399 80 6 7 0.3134843707084656 5 -1 -1 
499 89 11 7 0.3134186267852783 4 -1 -1 
881 222 75 54 0.3123430013656616 7 -1 -1 
505 99 8 7 0.30935779213905334 4 -1 -1 
506 100 13 8 0.30858224630355835 4 -1 -1 
296 142 47 23 0.3076898157596588 4 -1 -1 
399 107 5 7 0.3071945905685425 2 -1 -1 
612 134 9 16 0.3061814606189728 2 -1 -1 
662 198 15 15 0.3026563823223114 8 -1 -1 
362 111 27 11 0.2983214557170868 5 -1 -1 
505 94 8 7 0.292120099067688 5 -1 -1 
398 107 6 7 0.29121989011764526 7 -1 -1 
903 299 56 43 0.291159987449646 8 -1 -1 
375 273 22 38 0.2852782607078552 8 -1 -1 
398 107 6 7 0.2849200963973999 10 -1 -1 
511 114 4 9 0.28453758358955383 2 -1 -1 
374 273 23 38 0.28387224674224854 10 -1 -1 
583 127 17 14 0.2752031683921814 3 -1 -1 
391 120 8 7 0.27458423376083374 3 -1 -1 
375 272 8 16 0.2713356912136078 2 -1 -1 
7 289 9 16 0.26718151569366455 1 -1 -1 
496 86 7 6 0.26528477668762207 4 -1 -1 
708 218 74 33 0.2647620141506195 5 -1 -1 
584 126 16 15 0.26396816968917847 10 -1 -1 
500 92 7 7 0.26222798228263855 4 -1 -1 
662 198 15 15 0.25738635659217834 7 -1 -1 
408 85 13 7 0.25702953338623047 4 -1 -1 
399 78 6 6 0.25643640756607056 4 -1 -1 
475 80 4 5 0.248937726020813 4 -1 -1 
405 82 9 8 0.24733033776283264 4 -1 -1 
398 107 6 7 0.2466661036014557 8 -1 -1 
505 100 8 8 0.24616532027721405 5 -1 -1 
374 279 12 23 0.24613691866397858 2 -1 -1 
380 278 12 24 0.2433645874261856 2 -1 -1 
451 72 4 5 0.2430376261472702 4 -1 -1 
499 90 8 7 0.2407878041267395 4 -1 -1 
510 121 8 10 0.24070893228054047 8 -1 -1 
550 121 22 23 0.24029535055160522 5 -1 -1 
612 134 10 17 0.2392997294664383 1 -1 -1 
465 81 6 6 0.23709841072559357 6 -1 -1 
881 222 75 54 0.23698405921459198 4 -1 -1 
430 75 13 6 0.23652364313602448 4 -1 -1 
592 159 11 15 0.23628635704517365 10 -1 -1 
502 93 10 7 0.23532849550247192 4 -1 -1 
400 77 7 6 0.2348090559244156 4 -1 -1 
271 172 12 11 0.23319992423057556 2 -1 -1 
505 97 7 7 0.23284752666950226 4 -1 -1 
450 74 5 5 0.2326699197292328 5 -1 -1 
445 71 5 5 0.23262086510658264 5 -1 -1 
467 91 4 6 0.23228266835212708 7 -1 -1 
612 133 29 15 0.2314264178276062 4 -1 -1 
376 273 11 16 0.22808945178985596 2 -1 -1 
290 159 18 17 0.22776676714420319 8 -1 -1 
517 104 10 10 0.22661834955215454 9 -1 -1 
599 171 28 20 0.22493323683738708 6 -1 -1 
550 121 22 23 0.22481156885623932 4 -1 -1 
409 79 8 7 0.2234938144683838 5 -1 -1 
183 189 8 21 0.22262535989284515 1 -1 -1 
451 75 5 5 0.22238774597644806 4 -1 -1 
532 115 11 10 0.22177588939666748 8 -1 -1 
593 159 7 12 0.21954184770584106 2 -1 -1 
175 195 8 20 0.21740958094596863 3 -1 -1 
881 222 75 53 0.21660618484020233 10 -1 -1 
502 92 10 8 0.21644209325313568 6 -1 -1 
390 120 8 7 0.2164359986782074 10 -1 -1 
505 93 8 8 0.21610550582408905 6 -1 -1 
903 299 56 43 0.21301259100437164 3 -1 -1 
905 299 53 45 0.21288661658763885 6 -1 -1 
359 140 23 15 0.21196632087230682 4 -1 -1 
297 247 48 60 0.21193458139896393 8 -1 -1 
881 222 75 54 0.21108828485012054 5 -1 -1 
529 99 3 6 0.21061702072620392 1 -1 -1 
532 115 11 10 0.209835022687912 6 -1 -1 
439 76 7 6 0.20874623954296112 4 -1 -1 
271 172 12 11 0.2087394744157791 10 -1 -1 
7 288 9 16 0.2075001299381256 2 -1 -1 
505 94 8 7 0.2053506225347519 8 -1 -1 
376 272 9 13 0.20515519380569458 2 -1 -1 
500 91 11 8 0.20328859984874725 8 -1 -1 
591 159 25 18 0.20186087489128113 7 -1 -1 
409 79 8 6 0.20180822908878326 4 -1 -1 
475 80 4 5 0.20161788165569305 7 -1 -1 
358 107 30 14 0.19989493489265442 5 -1 -1 
174 194 8 20 0.1998778134584427 1 -1 -1 
465 81 6 6 0.19978921115398407 5 -1 -1 
517 104 13 19 0.19748099148273468 6 -1 -1 
499 89 11 7 0.19724644720554352 5 -1 -1 
235 185 36 21 0.19692637026309967 4 -1 -1 
505 118 9 11 0.1964535117149353 8 -1 -1 
475 80 4 5 0.19613017141819 8 -1 -1 
436 74 9 7 0.1949937492609024 4 -1 -1 
585 126 11 13 0.19447803497314453 2 -1 -1 
297 247 48 60 0.19410239160060883 4 -1 -1 
515 107 18 21 0.19306157529354095 9 -1 -1 
473 79 4 5 0.19284962117671967 4 -1 -1 
550 121 21 23 0.188374325633049 10 -1 -1 
612 133 28 16 0.18816478550434113 7 -1 -1 
308 144 36 25 0.18635115027427673 4 -1 -1 
903 299 56 43 0.18359243869781494 9 -1 -1 
374 273 19 30 0.1781604140996933 1 -1 -1 
375 273 22 38 0.17249061167240143 2 -1 -1 
905 299 53 45 0.17199568450450897 4 -1 -1 
881 222 75 53 0.17107945680618286 8 -1 -1 
550 121 21 23 0.16665957868099213 7 -1 -1 
903 299 56 43 0.1623060256242752 2 -1 -1 
881 222 75 53 0.16079096496105194 3 -1 -1 
287 158 23 18 0.14836300909519196 7 -1 -1 
293 142 50 29 0.14825953543186188 9 -1 -1 
550 121 21 23 0.14660634100437164 9 -1 -1 
375 273 22 38 0.1456809937953949 3 -1 -1 
595 163 31 25 0.14552639424800873 6 -1 -1 
363 110 26 12 0.138838529586792 6 -1 -1 
612 133 28 16 0.13746432960033417 8 -1 -1 
599 171 28 20 0.13733546435832977 5 -1 -1 
308 144 36 25 0.13636575639247894 5 -1 -1 
881 222 75 54 0.13488292694091797 9 -1 -1 
515 108 18 20 0.13436369597911835 5 -1 -1 
612 133 29 15 0.13067971169948578 5 -1 -1 
550 121 21 23 0.13026867806911469 8 -1 -1 
550 121 21 23 0.1295875608921051 2 -1 -1 
611 133 25 16 0.1294737309217453 10 -1 -1 
881 222 75 53 0.12863227725028992 2 -1 -1 
317 153 28 21 0.12844617664813995 5 -1 -1 
290 146 42 20 0.12592411041259766 6 -1 -1 
297 247 48 60 0.12449584901332855 6 -1 -1 
903 299 56 43 0.12419912964105606 1 -1 -1 
354 105 29 14 0.121466264128685 4 -1 -1 
593 159 29 21 0.11982578039169312 6 -1 -1 
373 276 16 34 0.11906930804252625 10 -1 -1 
282 144 58 29 0.11794652789831161 6 -1 -1 
373 276 16 34 0.11502588540315628 2 -1 -1 
617 185 34 25 0.11333273351192474 5 -1 -1 
297 247 48 60 0.10984183847904205 2 -1 -1 
611 129 23 17 0.10913638770580292 4 -1 -1 
159 211 48 37 0.10876423865556717 5 -1 -1 
592 159 23 17 0.10773934423923492 8 -1 -1 
544 121 23 20 0.1054387018084526 6 -1 -1 
373 283 20 30 0.10481508821249008 10 -1 -1 
4 288 15 24 0.10423002392053604 1 -1 -1 
297 247 48 60 0.10397919267416 10 -1 -1 
375 273 22 38 0.10337847471237183 1 -1 -1 
282 157 27 19 0.10324010998010635 4 -1 -1 
171 181 13 25 0.10244593769311905 1 -1 -1 
372 270 27 44 0.10199496895074844 9 -1 -1 
424 414 77 124 0.10168520361185074 5 -1 -1 
317 153 28 21 0.10072515159845352 6 -1 -1 
550 121 21 23 0.09982005506753922 1 -1 -1 
297 247 48 60 0.09918201714754105 7 -1 -1 
595 163 31 25 0.0987519845366478 4 -1 -1 
375 271 20 21 0.09782928228378296 2 -1 -1 
612 133 33 16 0.0973222553730011 6 -1 -1 
424 415 77 123 0.09731241315603256 10 -1 -1 
424 414 77 124 0.09613057225942612 1 -1 -1 
709 217 73 33 0.09594075381755829 1 -1 -1 
354 105 29 14 0.09590397030115128 5 -1 -1 
550 121 21 23 0.09569694846868515 3 -1 -1 
217 173 54 32 0.09492287039756775 4 -1 -1 
593 160 28 22 0.09385290741920471 8 -1 -1 
521 109 23 18 0.09311341494321823 6 -1 -1 
582 124 19 18 0.09207224100828171 7 -1 -1 
517 103 21 22 0.09098543226718903 6 -1 -1 
377 283 20 30 0.09080943465232849 7 -1 -1 
450 211 35 38 0.08942008018493652 5 -1 -1 
882 222 76 53 0.08936408162117004 1 -1 -1 
316 142 28 22 0.08791013807058334 4 -1 -1 
197 188 71 29 0.0867200568318367 4 -1 -1 
158 211 52 37 0.08622290939092636 1 -1 -1 
205 182 65 27 0.08599276095628738 4 -1 -1 
551 119 27 20 0.08566626161336899 6 -1 -1 
613 136 35 16 0.08374311029911041 4 -1 -1 
282 157 27 19 0.08283635228872299 5 -1 -1 
297 247 48 60 0.08270743489265442 9 -1 -1 
424 414 77 124 0.08149926364421844 9 -1 -1 
653 197 24 18 0.08115749806165695 6 -1 -1 
380 284 18 29 0.08114250004291534 9 -1 -1 
165 171 15 29 0.08098623156547546 1 -1 -1 
607 131 23 19 0.08087558299303055 10 -1 -1 
274 151 35 21 0.08079275488853455 6 -1 -1 
282 157 27 19 0.07876606285572052 6 -1 -1 
282 144 58 29 0.07531683892011642 4 -1 -1 
353 141 26 19 0.07478317618370056 4 -1 -1 
617 185 34 25 0.07378064841032028 1 -1 -1 
173 209 47 37 0.06869839876890182 4 -1 -1 
282 144 58 29 0.0663287341594696 5 -1 -1 
306 144 43 33 0.06370549649000168 6 -1 -1 
372 270 27 43 0.05896291136741638 6 -1 -1 
159 211 48 37 0.055929116904735565 9 -1 -1 
173 209 47 37 0.05493329092860222 9 -1 -1 
