669 124 12 16 0.9950195550918579 9 -1 -1 
94 444 91 59 0.9560057520866394 4 -1 -1 
1098 611 140 117 0.9471138119697571 4 -1 -1 
33 498 99 71 0.9297543168067932 4 -1 -1 
680 160 13 17 0.928652822971344 6 -1 -1 
584 498 63 74 0.9209689497947693 4 -1 -1 
909 360 73 77 0.9133312702178955 5 -1 -1 
493 263 33 28 0.911910891532898 4 -1 -1 
355 421 69 55 0.911366879940033 4 -1 -1 
289 475 96 76 0.9094828963279724 4 -1 -1 
93 548 79 85 0.8988679647445679 4 -1 -1 
201 379 67 42 0.8985110521316528 4 -1 -1 
1165 272 54 26 0.8947431445121765 4 -1 -1 
420 348 49 42 0.8796766400337219 4 -1 -1 
602 167 14 12 0.8787190318107605 4 -1 -1 
460 204 21 23 0.8699519038200378 5 -1 -1 
700 634 86 126 0.8631075024604797 4 -1 -1 
646 279 30 27 0.8496933579444885 4 -1 -1 
191 415 16 45 0.8492265343666077 1 -1 -1 
655 159 11 10 0.8449679017066956 4 -1 -1 
542 216 22 19 0.843595564365387 4 -1 -1 
942 427 64 63 0.8425171375274658 4 -1 -1 
1105 245 51 24 0.841029167175293 4 -1 -1 
483 280 33 28 0.8390589952468872 4 -1 -1 
633 148 12 11 0.8360371589660645 4 -1 -1 
544 202 23 23 0.8249551653862 5 -1 -1 
1303 225 9 21 0.8239144682884216 1 -1 -1 
629 161 13 11 0.8213746547698975 4 -1 -1 
856 307 39 32 0.82030189037323 4 -1 -1 
605 218 21 20 0.8199973106384277 4 -1 -1 
620 144 10 10 0.813538670539856 4 -1 -1 
1048 457 131 58 0.8076358437538147 4 -1 -1 
1145 245 46 25 0.8066575527191162 4 -1 -1 
813 266 31 27 0.8042024970054626 4 -1 -1 
638 124 9 7 0.7893697619438171 4 -1 -1 
394 385 63 49 0.7811817526817322 4 -1 -1 
1288 252 10 23 0.7745742201805115 1 -1 -1 
558 200 18 18 0.7649586200714111 4 -1 -1 
449 218 23 19 0.7560715079307556 4 -1 -1 
668 172 14 13 0.7536888122558594 4 -1 -1 
1306 253 11 24 0.751075029373169 1 -1 -1 
470 298 39 32 0.7503690123558044 4 -1 -1 
524 241 24 23 0.7378534078598022 4 -1 -1 
136 408 15 35 0.719350278377533 1 -1 -1 
519 320 15 27 0.715390682220459 2 -1 -1 
636 135 10 9 0.7109220027923584 4 -1 -1 
196 574 62 39 0.7090914845466614 10 -1 -1 
831 288 32 30 0.7064161896705627 4 -1 -1 
169 542 26 57 0.7049687504768372 1 -1 -1 
520 329 14 23 0.7012549638748169 10 -1 -1 
659 149 11 11 0.6985936164855957 4 -1 -1 
119 394 15 39 0.6963974833488464 1 -1 -1 
691 227 9 14 0.6943265795707703 2 -1 -1 
441 313 47 47 0.6930975317955017 4 -1 -1 
360 244 39 22 0.6837408542633057 4 -1 -1 
672 141 9 10 0.6834394931793213 4 -1 -1 
636 133 11 8 0.6765987873077393 4 -1 -1 
474 199 21 19 0.6759034991264343 4 -1 -1 
691 232 8 14 0.6739969253540039 10 -1 -1 
1172 431 97 69 0.6633993983268738 4 -1 -1 
586 164 13 12 0.6614655256271362 4 -1 -1 
1294 225 9 21 0.6580120325088501 1 -1 -1 
659 134 8 9 0.6547483801841736 4 -1 -1 
611 190 5 11 0.6537107229232788 2 -1 -1 
597 154 10 10 0.6529292464256287 4 -1 -1 
787 229 25 19 0.6446661949157715 4 -1 -1 
1022 244 37 25 0.6358163952827454 4 -1 -1 
809 249 24 22 0.6316409111022949 4 -1 -1 
571 180 19 15 0.6260308027267456 4 -1 -1 
600 149 10 10 0.618496835231781 4 -1 -1 
282 306 28 17 0.6139368414878845 10 -1 -1 
606 139 11 11 0.6008723378181458 4 -1 -1 
782 214 22 20 0.5945780277252197 4 -1 -1 
214 558 27 59 0.5915980935096741 2 -1 -1 
1006 414 101 54 0.5874781012535095 4 -1 -1 
639 144 9 9 0.584052324295044 4 -1 -1 
1329 211 30 17 0.580146312713623 5 -1 -1 
602 146 12 10 0.5648323893547058 4 -1 -1 
578 174 17 14 0.562533438205719 4 -1 -1 
657 117 7 6 0.5587985515594482 4 -1 -1 
569 186 16 14 0.5587299466133118 4 -1 -1 
437 230 22 19 0.558178722858429 4 -1 -1 
1321 289 38 26 0.5567697882652283 4 -1 -1 
406 244 30 27 0.5493984818458557 5 -1 -1 
586 167 13 13 0.5493844151496887 4 -1 -1 
1036 247 24 21 0.5351142883300781 4 -1 -1 
1303 204 48 19 0.5349588990211487 6 -1 -1 
1279 619 78 99 0.5339500904083252 4 -1 -1 
611 195 6 11 0.5288453698158264 10 -1 -1 
655 130 7 7 0.5277829170227051 4 -1 -1 
1312 204 39 19 0.5222932696342468 5 -1 -1 
563 188 18 17 0.5182495713233948 4 -1 -1 
658 136 8 8 0.5179064273834229 4 -1 -1 
623 114 10 9 0.5172543525695801 4 -1 -1 
1241 206 52 23 0.515788733959198 4 -1 -1 
801 239 23 18 0.5062586069107056 4 -1 -1 
133 399 16 36 0.5055150985717773 1 -1 -1 
646 111 7 7 0.5043749809265137 4 -1 -1 
656 140 9 10 0.5000420808792114 4 -1 -1 
590 162 11 11 0.5000364184379578 4 -1 -1 
199 561 48 54 0.4962865114212036 10 -1 -1 
598 152 11 10 0.4951725900173187 4 -1 -1 
655 125 7 6 0.49338299036026 4 -1 -1 
605 142 10 11 0.48244383931159973 4 -1 -1 
485 191 21 17 0.47179630398750305 4 -1 -1 
582 171 15 13 0.470136821269989 4 -1 -1 
728 281 7 13 0.4672226011753082 2 -1 -1 
594 155 11 11 0.4634372889995575 4 -1 -1 
561 187 19 19 0.45451050996780396 5 -1 -1 
405 243 30 31 0.4523237347602844 4 -1 -1 
726 277 9 15 0.4491364657878876 2 -1 -1 
737 163 16 11 0.44909125566482544 4 -1 -1 
634 112 7 8 0.44210085272789 4 -1 -1 
592 160 10 11 0.439533531665802 4 -1 -1 
993 248 34 19 0.43655824661254883 4 -1 -1 
643 117 6 7 0.4350008964538574 4 -1 -1 
578 174 18 16 0.42146316170692444 5 -1 -1 
406 244 29 27 0.4186358153820038 6 -1 -1 
574 177 19 15 0.41668370366096497 4 -1 -1 
625 112 9 9 0.4153205156326294 4 -1 -1 
611 195 6 11 0.4115263819694519 3 -1 -1 
634 112 7 8 0.41132137179374695 5 -1 -1 
611 189 5 8 0.40680113434791565 2 -1 -1 
121 396 20 38 0.4058499336242676 1 -1 -1 
308 311 17 28 0.40262600779533386 1 -1 -1 
746 172 17 15 0.402464896440506 4 -1 -1 
657 133 9 8 0.40099743008613586 4 -1 -1 
656 132 7 6 0.39873433113098145 4 -1 -1 
674 117 9 8 0.3981918394565582 4 -1 -1 
731 151 15 12 0.39450857043266296 4 -1 -1 
728 286 7 11 0.39440831542015076 10 -1 -1 
992 248 35 19 0.39299076795578003 5 -1 -1 
201 562 49 53 0.3917257487773895 2 -1 -1 
654 125 8 7 0.387591689825058 5 -1 -1 
670 133 10 8 0.37805065512657166 4 -1 -1 
512 158 12 12 0.3771076202392578 4 -1 -1 
329 309 14 27 0.37578579783439636 1 -1 -1 
654 128 8 8 0.3736993074417114 5 -1 -1 
292 310 18 13 0.36950626969337463 10 -1 -1 
572 180 19 15 0.3670409023761749 5 -1 -1 
1329 212 29 16 0.35692039132118225 4 -1 -1 
799 247 32 23 0.3566877543926239 4 -1 -1 
1327 200 26 15 0.3523545563220978 4 -1 -1 
520 320 12 19 0.3510061800479889 2 -1 -1 
564 187 19 15 0.3476089835166931 5 -1 -1 
914 343 37 22 0.3432672917842865 10 -1 -1 
410 239 31 29 0.33303096890449524 5 -1 -1 
797 242 29 24 0.33165696263313293 4 -1 -1 
303 311 23 32 0.30816131830215454 10 -1 -1 
1312 204 39 19 0.27663835883140564 4 -1 -1 
1000 245 55 26 0.2744085192680359 4 -1 -1 
1319 202 39 20 0.25679898262023926 6 -1 -1 
405 243 30 29 0.2561204731464386 9 -1 -1 
416 236 33 24 0.24812817573547363 4 -1 -1 
790 234 30 23 0.247493177652359 4 -1 -1 
1311 198 43 19 0.24607135355472565 6 -1 -1 
410 239 31 29 0.2453092783689499 6 -1 -1 
1320 201 37 20 0.22854731976985931 5 -1 -1 
434 230 29 23 0.22833237051963806 4 -1 -1 
997 247 48 23 0.21694475412368774 5 -1 -1 
992 248 36 19 0.21603338420391083 9 -1 -1 
426 231 33 25 0.20680393278598785 4 -1 -1 
1170 430 123 96 0.2062046080827713 4 -1 -1 
394 385 63 49 0.20271845161914825 5 -1 -1 
700 634 84 126 0.2008334994316101 5 -1 -1 
1301 204 38 18 0.19838443398475647 4 -1 -1 
303 311 24 31 0.1978718638420105 2 -1 -1 
408 238 33 27 0.19484588503837585 4 -1 -1 
439 221 30 25 0.19345104694366455 4 -1 -1 
1022 244 37 25 0.18874159455299377 5 -1 -1 
1271 557 85 156 0.18711695075035095 4 -1 -1 
1320 201 37 20 0.17617979645729065 4 -1 -1 
983 245 41 20 0.1754913181066513 4 -1 -1 
1301 199 44 20 0.17465971410274506 6 -1 -1 
1241 206 52 23 0.17350895702838898 5 -1 -1 
983 245 41 20 0.17312180995941162 5 -1 -1 
779 216 27 25 0.17041917145252228 4 -1 -1 
831 288 30 29 0.1696697473526001 5 -1 -1 
414 237 32 24 0.15917181968688965 5 -1 -1 
355 422 69 54 0.15721045434474945 5 -1 -1 
289 474 96 77 0.15585480630397797 5 -1 -1 
196 575 62 39 0.1556040644645691 3 -1 -1 
416 237 33 25 0.1552964448928833 6 -1 -1 
790 239 32 24 0.15510646998882294 4 -1 -1 
1299 203 37 19 0.15200918912887573 6 -1 -1 
197 311 70 37 0.14631271362304688 4 -1 -1 
1276 603 81 120 0.14466255903244019 5 -1 -1 
541 203 25 29 0.1433815062046051 4 -1 -1 
999 253 46 22 0.14295130968093872 4 -1 -1 
801 248 31 23 0.14284366369247437 5 -1 -1 
1301 204 38 18 0.14262737333774567 5 -1 -1 
813 266 31 27 0.14195314049720764 5 -1 -1 
797 239 28 25 0.1402481496334076 5 -1 -1 
94 444 91 59 0.1376606523990631 1 -1 -1 
518 321 18 32 0.13743329048156738 10 -1 -1 
304 310 40 32 0.13638480007648468 1 -1 -1 
304 310 40 33 0.13476170599460602 10 -1 -1 
417 237 44 28 0.13379183411598206 4 -1 -1 
584 498 63 74 0.132853165268898 5 -1 -1 
94 444 90 58 0.13269983232021332 9 -1 -1 
1300 204 42 19 0.13178063929080963 7 -1 -1 
1325 208 33 18 0.13078346848487854 6 -1 -1 
317 309 34 32 0.12491491436958313 1 -1 -1 
302 312 25 33 0.12455946952104568 7 -1 -1 
420 234 37 25 0.12378782778978348 6 -1 -1 
996 249 44 22 0.12181810289621353 9 -1 -1 
1098 611 140 117 0.12072426825761795 1 -1 -1 
409 233 33 22 0.12007304280996323 4 -1 -1 
474 195 31 22 0.1185503825545311 4 -1 -1 
302 313 24 33 0.11754290014505386 3 -1 -1 
984 257 45 21 0.11734563857316971 9 -1 -1 
993 257 41 19 0.11707442253828049 4 -1 -1 
1181 418 125 82 0.1162915751338005 4 -1 -1 
197 566 58 46 0.11560846865177155 1 -1 -1 
197 311 70 37 0.11445549130439758 5 -1 -1 
1041 447 129 47 0.11397837847471237 4 -1 -1 
303 312 25 33 0.11305078864097595 4 -1 -1 
406 244 30 27 0.11280526220798492 8 -1 -1 
301 318 24 32 0.11171066761016846 10 -1 -1 
1308 200 41 18 0.1103152334690094 5 -1 -1 
202 379 65 42 0.11020345985889435 5 -1 -1 
479 190 31 22 0.10903925448656082 4 -1 -1 
303 308 37 31 0.10852113366127014 2 -1 -1 
278 295 31 25 0.10605029761791229 10 -1 -1 
191 415 16 45 0.10564185678958893 4 -1 -1 
34 498 99 70 0.10469451546669006 1 -1 -1 
1005 243 47 22 0.10357742756605148 5 -1 -1 
810 251 29 27 0.10346847027540207 4 -1 -1 
419 227 37 24 0.10306684672832489 4 -1 -1 
992 248 36 19 0.10283967852592468 6 -1 -1 
393 384 63 49 0.10257122665643692 6 -1 -1 
1008 242 38 19 0.10177100449800491 4 -1 -1 
778 213 26 23 0.10144650936126709 5 -1 -1 
418 234 36 24 0.10114806890487671 5 -1 -1 
1099 610 140 119 0.10109740495681763 5 -1 -1 
1000 247 53 26 0.1003715917468071 6 -1 -1 
1308 200 41 18 0.09994441270828247 4 -1 -1 
157 540 43 61 0.09852354228496552 1 -1 -1 
1099 611 139 117 0.09849813580513 9 -1 -1 
282 303 29 21 0.09753470122814178 3 -1 -1 
410 239 31 29 0.09704490005970001 9 -1 -1 
981 250 39 24 0.09540753811597824 4 -1 -1 
1240 205 69 29 0.05294221267104149 4 -1 -1 
