953 425 73 74 0.9806069731712341 5 -1 -1 
917 135 46 35 0.9620020389556885 5 -1 -1 
517 589 114 115 0.941421389579773 4 -1 -1 
546 305 84 57 0.9376826286315918 4 -1 -1 
1112 407 79 70 0.9360557794570923 4 -1 -1 
546 355 91 63 0.9346356391906738 4 -1 -1 
529 487 102 107 0.9243518710136414 4 -1 -1 
640 303 52 63 0.9070395231246948 4 -1 -1 
550 261 88 48 0.9059492349624634 4 -1 -1 
550 397 85 81 0.9034814238548279 4 -1 -1 
1185 498 101 86 0.8856393694877625 4 -1 -1 
726 564 65 127 0.8810815215110779 4 -1 -1 
586 231 71 43 0.8507121801376343 4 -1 -1 
990 228 40 40 0.8333886861801147 4 -1 -1 
955 200 48 37 0.8253804445266724 4 -1 -1 
1017 267 43 44 0.7930306792259216 4 -1 -1 
1273 617 85 112 0.7843446135520935 4 -1 -1 
889 56 44 25 0.7763241529464722 5 -1 -1 
899 72 27 27 0.7730077505111694 4 -1 -1 
650 95 9 25 0.7605369687080383 1 -1 -1 
1262 132 64 26 0.7514839768409729 4 -1 -1 
941 176 46 33 0.7377262711524963 4 -1 -1 
639 98 7 19 0.7319591045379639 1 -1 -1 
865 32 42 19 0.731837272644043 4 -1 -1 
880 48 45 20 0.7228500843048096 4 -1 -1 
605 114 35 35 0.7192193865776062 4 -1 -1 
891 127 51 27 0.7126156091690063 4 -1 -1 
799 113 32 37 0.7060024738311768 4 -1 -1 
812 15 20 20 0.7048702836036682 4 -1 -1 
902 261 52 46 0.6971383094787598 4 -1 -1 
878 80 10 26 0.6801215410232544 1 -1 -1 
131 261 14 36 0.6751497983932495 1 -1 -1 
612 98 8 21 0.6750778555870056 1 -1 -1 
1050 316 47 54 0.6716938018798828 4 -1 -1 
835 37 22 22 0.653236985206604 4 -1 -1 
585 61 24 28 0.6395302414894104 4 -1 -1 
649 14 7 12 0.6283087730407715 2 -1 -1 
234 174 42 22 0.6280956268310547 3 -1 -1 
811 0 21 15 0.6264806389808655 4 -1 -1 
110 271 15 25 0.6246359348297119 2 -1 -1 
630 99 8 20 0.6238555908203125 1 -1 -1 
76 112 12 22 0.6082155108451843 1 -1 -1 
186 126 8 13 0.6074478626251221 2 -1 -1 
609 34 23 23 0.6049835681915283 4 -1 -1 
595 137 8 20 0.6032955646514893 1 -1 -1 
547 299 37 21 0.6016924977302551 10 -1 -1 
676 133 12 26 0.59442538022995 1 -1 -1 
844 10 39 19 0.5778824687004089 5 -1 -1 
657 129 13 28 0.5729909539222717 1 -1 -1 
590 11 30 19 0.563636839389801 4 -1 -1 
48 164 16 23 0.5620912313461304 2 -1 -1 
598 22 15 18 0.5575844645500183 7 -1 -1 
235 198 28 17 0.5550013780593872 3 -1 -1 
449 157 36 22 0.550644040107727 3 -1 -1 
601 82 27 27 0.5499860048294067 5 -1 -1 
521 695 117 70 0.5498864054679871 4 -1 -1 
304 221 39 20 0.5432881712913513 10 -1 -1 
892 106 55 27 0.5432798266410828 5 -1 -1 
571 104 41 42 0.5420870184898376 6 -1 -1 
110 271 16 32 0.5389448404312134 1 -1 -1 
183 131 19 12 0.5360893607139587 10 -1 -1 
557 248 32 21 0.5320860147476196 10 -1 -1 
111 278 15 25 0.5190410017967224 10 -1 -1 
626 171 35 47 0.5159316658973694 5 -1 -1 
626 170 35 48 0.5124779939651489 4 -1 -1 
542 364 30 23 0.5060524344444275 10 -1 -1 
649 19 7 14 0.5057761669158936 10 -1 -1 
837 4 33 17 0.5053145289421082 4 -1 -1 
302 95 12 16 0.501646101474762 10 -1 -1 
182 203 12 18 0.4949105978012085 2 -1 -1 
849 24 35 19 0.49161219596862793 4 -1 -1 
879 40 44 17 0.48301997780799866 4 -1 -1 
892 106 54 27 0.47405296564102173 4 -1 -1 
290 187 12 21 0.46255648136138916 1 -1 -1 
601 82 27 27 0.46119046211242676 4 -1 -1 
568 147 30 18 0.45575442910194397 4 -1 -1 
556 398 79 38 0.4539150893688202 4 -1 -1 
298 188 12 19 0.4515366554260254 2 -1 -1 
614 132 9 21 0.4461897015571594 1 -1 -1 
291 193 21 17 0.437846839427948 10 -1 -1 
291 187 10 21 0.437548965215683 2 -1 -1 
304 221 40 22 0.4361763298511505 3 -1 -1 
172 2 7 11 0.433313250541687 2 -1 -1 
185 127 13 15 0.4323105216026306 2 -1 -1 
301 123 15 20 0.4292885959148407 2 -1 -1 
126 162 15 22 0.42836472392082214 1 -1 -1 
808 9 21 17 0.41743120551109314 4 -1 -1 
619 101 8 20 0.4155615270137787 1 -1 -1 
111 275 14 29 0.41299742460250854 3 -1 -1 
452 37 10 21 0.4076650142669678 1 -1 -1 
302 93 10 15 0.40461575984954834 2 -1 -1 
844 10 39 20 0.4020983874797821 4 -1 -1 
172 5 8 13 0.39694955945014954 10 -1 -1 
648 20 7 13 0.3957504630088806 3 -1 -1 
298 129 25 16 0.3957076370716095 10 -1 -1 
1268 127 56 22 0.3945787250995636 4 -1 -1 
138 69 9 18 0.3940676152706146 1 -1 -1 
358 32 16 21 0.39039668440818787 8 -1 -1 
634 138 8 23 0.3867028057575226 1 -1 -1 
597 0 22 18 0.38025128841400146 4 -1 -1 
144 159 12 26 0.37822437286376953 1 -1 -1 
839 7 41 18 0.3710884153842926 4 -1 -1 
579 214 58 29 0.37063825130462646 7 -1 -1 
358 32 16 21 0.3638477325439453 7 -1 -1 
181 204 15 21 0.3624856472015381 10 -1 -1 
609 34 23 23 0.35845881700515747 6 -1 -1 
61 194 25 17 0.35456886887550354 10 -1 -1 
847 17 37 19 0.3528047800064087 4 -1 -1 
871 36 45 18 0.3512011170387268 4 -1 -1 
648 17 8 14 0.3478871285915375 2 -1 -1 
597 0 22 18 0.34611189365386963 6 -1 -1 
235 194 28 21 0.34384021162986755 10 -1 -1 
293 187 14 21 0.34270617365837097 2 -1 -1 
889 123 10 25 0.33942708373069763 1 -1 -1 
449 158 36 22 0.33933091163635254 10 -1 -1 
798 113 32 37 0.3375996947288513 5 -1 -1 
1060 724 95 40 0.33446985483169556 4 -1 -1 
547 264 28 24 0.3314625024795532 10 -1 -1 
548 374 88 55 0.3264293670654297 4 -1 -1 
571 117 28 30 0.32564955949783325 6 -1 -1 
172 3 8 14 0.32425397634506226 2 -1 -1 
609 34 23 23 0.32404929399490356 5 -1 -1 
843 1 44 17 0.3204135596752167 4 -1 -1 
594 1 7 13 0.3200852870941162 1 -1 -1 
183 130 20 13 0.3185262382030487 7 -1 -1 
46 168 19 25 0.31583520770072937 2 -1 -1 
605 114 36 36 0.3155432641506195 5 -1 -1 
172 4 8 14 0.31548914313316345 1 -1 -1 
608 145 27 16 0.3154478073120117 10 -1 -1 
614 132 9 21 0.31514298915863037 2 -1 -1 
598 22 15 18 0.3141932189464569 8 -1 -1 
596 0 23 18 0.3125431537628174 5 -1 -1 
560 204 29 19 0.31069520115852356 10 -1 -1 
878 80 10 22 0.31047362089157104 2 -1 -1 
1172 734 95 29 0.30744504928588867 4 -1 -1 
810 6 22 17 0.3058094084262848 4 -1 -1 
624 137 9 20 0.305794894695282 2 -1 -1 
889 56 43 24 0.30512359738349915 4 -1 -1 
359 32 16 21 0.3033551573753357 4 -1 -1 
183 130 18 13 0.30201253294944763 2 -1 -1 
578 84 13 18 0.2973368763923645 10 -1 -1 
233 174 43 23 0.2965281307697296 8 -1 -1 
568 147 29 19 0.29588058590888977 5 -1 -1 
296 191 16 18 0.2926709055900574 2 -1 -1 
126 162 15 21 0.2923332452774048 2 -1 -1 
576 215 60 31 0.292217493057251 4 -1 -1 
879 44 39 21 0.292003870010376 4 -1 -1 
631 140 10 22 0.28839051723480225 1 -1 -1 
578 85 13 18 0.2875395715236664 3 -1 -1 
878 81 10 26 0.2875082790851593 10 -1 -1 
615 99 10 21 0.2835076153278351 1 -1 -1 
847 17 37 19 0.2830018699169159 5 -1 -1 
233 174 43 23 0.27151501178741455 10 -1 -1 
572 104 40 40 0.27078166604042053 4 -1 -1 
566 216 70 36 0.2699151635169983 7 -1 -1 
1173 733 94 31 0.26762840151786804 5 -1 -1 
855 -1 42 16 0.26494142413139343 4 -1 -1 
882 50 45 19 0.2601333260536194 5 -1 -1 
582 51 33 20 0.2527582347393036 4 -1 -1 
572 104 40 25 0.2511287331581116 6 -1 -1 
571 104 41 44 0.2510630488395691 5 -1 -1 
851 26 45 19 0.2496841698884964 4 -1 -1 
585 61 24 28 0.24615171551704407 5 -1 -1 
233 190 31 23 0.24478238821029663 3 -1 -1 
571 117 28 30 0.24088017642498016 5 -1 -1 
573 103 39 24 0.23169396817684174 4 -1 -1 
953 425 73 74 0.23158685863018036 8 -1 -1 
609 142 32 22 0.23053312301635742 7 -1 -1 
571 104 41 43 0.2298588901758194 8 -1 -1 
125 161 16 35 0.22920142114162445 1 -1 -1 
572 225 70 41 0.22634592652320862 4 -1 -1 
839 3 44 18 0.22504697740077972 5 -1 -1 
570 104 27 36 0.22161926329135895 6 -1 -1 
953 425 73 74 0.220787912607193 4 -1 -1 
1050 316 47 54 0.22003173828125 5 -1 -1 
886 54 40 22 0.219407320022583 5 -1 -1 
233 173 43 23 0.21646526455879211 7 -1 -1 
234 182 35 26 0.2141004204750061 3 -1 -1 
133 182 34 38 0.21315692365169525 7 -1 -1 
885 45 47 20 0.20422063767910004 4 -1 -1 
232 179 38 24 0.20046456158161163 8 -1 -1 
0 230 46 68 0.19725698232650757 6 -1 -1 
581 44 34 22 0.1967839002609253 4 -1 -1 
142 158 17 31 0.1964654177427292 1 -1 -1 
836 5 35 16 0.19062882661819458 5 -1 -1 
568 146 31 20 0.18049217760562897 8 -1 -1 
891 10 36 18 0.1774694323539734 4 -1 -1 
231 182 34 26 0.17442983388900757 10 -1 -1 
567 214 70 35 0.17044875025749207 8 -1 -1 
571 115 29 32 0.1701519787311554 8 -1 -1 
605 147 36 20 0.16980452835559845 7 -1 -1 
1058 723 99 41 0.16797159612178802 5 -1 -1 
0 231 47 68 0.16790638864040375 8 -1 -1 
849 24 35 19 0.1667921096086502 5 -1 -1 
576 103 36 22 0.16533403098583221 7 -1 -1 
879 45 44 19 0.16471393406391144 5 -1 -1 
673 129 17 31 0.16442501544952393 1 -1 -1 
879 40 40 17 0.1602373570203781 5 -1 -1 
892 65 43 20 0.15573115646839142 5 -1 -1 
595 2 26 26 0.15399008989334106 4 -1 -1 
547 354 91 29 0.15237027406692505 4 -1 -1 
133 179 32 36 0.15144704282283783 10 -1 -1 
232 184 31 28 0.150422602891922 8 -1 -1 
834 35 24 25 0.1489330530166626 7 -1 -1 
135 161 23 34 0.145988330245018 1 -1 -1 
581 38 27 25 0.1404992789030075 4 -1 -1 
546 338 82 26 0.1400221586227417 4 -1 -1 
133 182 34 38 0.13954250514507294 8 -1 -1 
898 71 30 27 0.1394234001636505 5 -1 -1 
592 8 28 21 0.1380237489938736 5 -1 -1 
568 146 31 20 0.13629229366779327 7 -1 -1 
845 11 37 20 0.1348557025194168 6 -1 -1 
571 104 41 42 0.13436764478683472 7 -1 -1 
725 564 66 128 0.08333775401115417 1 -1 -1 
571 107 56 52 0.08244863897562027 6 -1 -1 
724 563 70 129 0.06073610857129097 5 -1 -1 
