387 37 21 12 0.9897552132606506 6 -1 -1 
467 213 31 29 0.9796395897865295 5 -1 -1 
548 351 28 47 0.9740061163902283 5 -1 -1 
244 561 111 54 0.9449774026870728 4 -1 -1 
344 381 40 24 0.9325353503227234 7 -1 -1 
671 368 33 32 0.9298155307769775 4 -1 -1 
311 380 31 27 0.9243282675743103 7 -1 -1 
460 260 63 23 0.9241877198219299 4 -1 -1 
1201 257 58 24 0.9164122939109802 4 -1 -1 
204 700 20 43 0.9156365394592285 1 -1 -1 
613 384 34 43 0.914354681968689 4 -1 -1 
701 283 35 30 0.8845495581626892 4 -1 -1 
534 409 36 51 0.8659276366233826 4 -1 -1 
852 435 11 31 0.8650600910186768 1 -1 -1 
536 120 16 13 0.8621014952659607 4 -1 -1 
670 248 31 24 0.8593398332595825 4 -1 -1 
641 281 30 28 0.8487335443496704 4 -1 -1 
556 141 18 17 0.8452555537223816 4 -1 -1 
503 632 58 104 0.8449865579605103 4 -1 -1 
584 132 18 15 0.8287657499313354 4 -1 -1 
528 319 35 27 0.827320396900177 7 -1 -1 
803 460 12 28 0.8271658420562744 1 -1 -1 
505 73 12 10 0.8269408345222473 4 -1 -1 
183 710 20 34 0.8258568048477173 1 -1 -1 
525 220 28 23 0.8225005865097046 4 -1 -1 
480 308 10 24 0.8220107555389404 1 -1 -1 
493 151 19 17 0.8182975649833679 4 -1 -1 
504 95 13 12 0.8128289580345154 4 -1 -1 
518 61 19 11 0.8116026520729065 5 -1 -1 
525 243 25 27 0.8073298335075378 4 -1 -1 
390 390 28 17 0.7994164824485779 10 -1 -1 
886 348 57 28 0.7950118184089661 4 -1 -1 
518 87 16 15 0.7918822169303894 6 -1 -1 
483 67 12 11 0.7834465503692627 4 -1 -1 
864 291 8 22 0.7817625999450684 1 -1 -1 
296 500 13 32 0.7670468091964722 1 -1 -1 
564 114 17 14 0.7639685273170471 4 -1 -1 
510 82 14 11 0.7614656686782837 4 -1 -1 
264 513 34 24 0.7600653171539307 10 -1 -1 
527 71 12 10 0.7548094391822815 4 -1 -1 
896 298 8 21 0.7443646192550659 1 -1 -1 
444 33 10 8 0.7423654794692993 4 -1 -1 
558 96 13 17 0.7389189004898071 5 -1 -1 
535 81 13 12 0.7322850823402405 4 -1 -1 
462 60 14 11 0.7270625233650208 4 -1 -1 
574 123 15 13 0.7260038256645203 4 -1 -1 
654 211 23 25 0.7221106886863708 4 -1 -1 
909 294 8 20 0.7139098644256592 1 -1 -1 
177 91 31 13 0.7090561389923096 4 -1 -1 
464 87 17 13 0.6930302977561951 4 -1 -1 
413 68 24 10 0.6904364824295044 4 -1 -1 
528 319 35 27 0.688798189163208 8 -1 -1 
523 178 7 18 0.6871905326843262 1 -1 -1 
625 638 56 103 0.6870080232620239 4 -1 -1 
505 297 50 32 0.680025577545166 7 -1 -1 
449 316 23 17 0.6776313185691833 10 -1 -1 
484 36 10 8 0.676966667175293 4 -1 -1 
448 56 12 10 0.670223593711853 4 -1 -1 
506 297 49 32 0.6693586111068726 8 -1 -1 
674 225 17 25 0.6683914661407471 7 -1 -1 
657 233 11 14 0.6506820917129517 10 -1 -1 
665 235 7 14 0.6481004357337952 10 -1 -1 
608 138 31 14 0.6423763632774353 4 -1 -1 
563 242 8 15 0.6338410973548889 2 -1 -1 
523 142 5 9 0.6295433044433594 2 -1 -1 
696 266 10 16 0.6289968490600586 10 -1 -1 
451 302 20 14 0.6238680481910706 10 -1 -1 
904 300 7 20 0.6196185350418091 1 -1 -1 
918 300 8 21 0.619583249092102 1 -1 -1 
501 47 15 9 0.619390606880188 4 -1 -1 
277 489 16 30 0.6120468974113464 1 -1 -1 
673 225 18 25 0.6050814390182495 8 -1 -1 
454 70 13 12 0.6046589612960815 4 -1 -1 
522 146 7 9 0.6007605195045471 10 -1 -1 
400 60 23 9 0.5996151566505432 4 -1 -1 
870 305 9 25 0.5983747839927673 1 -1 -1 
502 65 13 12 0.597086489200592 5 -1 -1 
842 267 8 20 0.5966492295265198 1 -1 -1 
246 499 13 39 0.590069055557251 1 -1 -1 
274 504 16 30 0.5802350044250488 2 -1 -1 
851 260 7 19 0.5775595903396606 1 -1 -1 
450 78 21 13 0.5746471285820007 5 -1 -1 
386 29 12 10 0.5705435872077942 4 -1 -1 
519 156 5 11 0.5679962038993835 2 -1 -1 
506 52 19 9 0.564738929271698 4 -1 -1 
869 266 6 17 0.562783420085907 1 -1 -1 
849 278 8 17 0.5583499073982239 1 -1 -1 
873 289 8 19 0.5563464760780334 1 -1 -1 
660 234 12 14 0.5501657128334045 10 -1 -1 
413 64 22 9 0.5493742823600769 4 -1 -1 
407 47 23 11 0.5441362261772156 5 -1 -1 
554 110 5 10 0.5436893105506897 2 -1 -1 
510 58 15 9 0.5406970977783203 4 -1 -1 
685 267 9 15 0.530915379524231 2 -1 -1 
859 285 8 21 0.5303268432617188 1 -1 -1 
389 435 10 26 0.5293518304824829 1 -1 -1 
516 124 9 14 0.5224854946136475 7 -1 -1 
564 247 7 14 0.519705593585968 10 -1 -1 
443 135 39 16 0.51839679479599 4 -1 -1 
538 69 14 12 0.5164629817008972 4 -1 -1 
467 93 19 14 0.5064960718154907 4 -1 -1 
443 50 12 12 0.4991341829299927 4 -1 -1 
929 295 9 22 0.4943171739578247 1 -1 -1 
326 369 19 22 0.49282658100128174 10 -1 -1 
472 105 14 15 0.48885050415992737 4 -1 -1 
410 35 27 15 0.48603543639183044 6 -1 -1 
439 3 9 7 0.4844401478767395 4 -1 -1 
823 263 7 14 0.4778358042240143 1 -1 -1 
868 274 6 16 0.47537294030189514 1 -1 -1 
518 160 6 10 0.47418212890625 10 -1 -1 
451 302 20 14 0.4705929458141327 3 -1 -1 
901 299 8 21 0.466098815202713 1 -1 -1 
916 293 7 18 0.4644494950771332 1 -1 -1 
641 161 32 24 0.4639694094657898 4 -1 -1 
1330 410 28 33 0.4628746211528778 4 -1 -1 
191 80 23 13 0.46237438917160034 4 -1 -1 
480 122 15 18 0.4585285782814026 5 -1 -1 
459 53 4 10 0.45443597435951233 1 -1 -1 
387 64 5 12 0.45249366760253906 1 -1 -1 
448 3 8 7 0.45205405354499817 4 -1 -1 
697 266 8 13 0.44893571734428406 2 -1 -1 
851 271 8 18 0.44867831468582153 1 -1 -1 
448 61 12 12 0.4476061463356018 4 -1 -1 
347 363 39 21 0.44280892610549927 7 -1 -1 
393 64 23 11 0.44031018018722534 4 -1 -1 
563 247 8 14 0.4387153685092926 3 -1 -1 
659 186 33 22 0.4383881390094757 4 -1 -1 
874 270 7 18 0.43817436695098877 1 -1 -1 
415 55 25 10 0.434600293636322 5 -1 -1 
468 97 17 14 0.43213722109794617 4 -1 -1 
891 293 7 21 0.431490033864975 1 -1 -1 
713 241 7 16 0.42925184965133667 1 -1 -1 
513 59 14 10 0.4266709089279175 4 -1 -1 
416 55 24 10 0.4238817095756531 4 -1 -1 
800 215 7 15 0.4198533594608307 1 -1 -1 
509 54 17 10 0.41967642307281494 4 -1 -1 
334 434 21 17 0.4147251844406128 10 -1 -1 
864 261 6 16 0.4133109152317047 1 -1 -1 
448 79 23 12 0.41278091073036194 4 -1 -1 
516 124 9 14 0.41157829761505127 8 -1 -1 
861 272 7 17 0.40889251232147217 1 -1 -1 
502 65 13 11 0.40798431634902954 4 -1 -1 
920 300 9 19 0.40761804580688477 1 -1 -1 
503 49 16 8 0.4056122601032257 4 -1 -1 
448 44 11 10 0.39934730529785156 4 -1 -1 
857 279 8 16 0.3936116099357605 1 -1 -1 
867 267 7 19 0.3907923102378845 1 -1 -1 
625 638 56 102 0.3896218240261078 5 -1 -1 
880 277 6 15 0.38840484619140625 1 -1 -1 
482 54 4 8 0.3881087899208069 2 -1 -1 
516 61 12 10 0.38676735758781433 5 -1 -1 
905 298 8 19 0.3866049349308014 1 -1 -1 
912 287 7 16 0.38583874702453613 1 -1 -1 
671 196 33 20 0.38466352224349976 4 -1 -1 
543 93 4 10 0.38315412402153015 1 -1 -1 
378 435 9 22 0.3827093541622162 1 -1 -1 
452 31 6 6 0.3821520507335663 4 -1 -1 
872 296 8 17 0.37727323174476624 1 -1 -1 
858 281 8 19 0.37685534358024597 1 -1 -1 
468 99 16 13 0.3767757713794708 5 -1 -1 
445 54 13 10 0.37462595105171204 4 -1 -1 
311 380 30 26 0.34483036398887634 8 -1 -1 
666 191 34 20 0.3428480923175812 4 -1 -1 
356 375 35 22 0.3137812912464142 7 -1 -1 
636 156 29 27 0.26709797978401184 4 -1 -1 
271 506 25 27 0.26143866777420044 2 -1 -1 
264 512 34 24 0.2586727440357208 2 -1 -1 
270 504 24 28 0.25440844893455505 10 -1 -1 
643 170 37 17 0.227217435836792 4 -1 -1 
344 382 40 22 0.22453778982162476 3 -1 -1 
351 362 38 22 0.21409156918525696 10 -1 -1 
362 365 29 24 0.2124379277229309 10 -1 -1 
344 381 40 24 0.21059241890907288 8 -1 -1 
311 380 31 27 0.20496399700641632 3 -1 -1 
503 632 58 103 0.20196829736232758 5 -1 -1 
362 367 30 24 0.19508476555347443 7 -1 -1 
405 38 34 15 0.1898849457502365 6 -1 -1 
633 152 31 20 0.1823233813047409 4 -1 -1 
188 706 22 37 0.18211127817630768 1 -1 -1 
273 504 21 28 0.17574389278888702 1 -1 -1 
671 190 46 25 0.1675490140914917 4 -1 -1 
347 363 39 21 0.16685841977596283 8 -1 -1 
355 360 34 21 0.16657443344593048 7 -1 -1 
188 78 32 17 0.1659533977508545 4 -1 -1 
264 514 35 22 0.16415977478027344 3 -1 -1 
662 224 28 26 0.16286978125572205 8 -1 -1 
671 195 33 21 0.16156546771526337 5 -1 -1 
441 313 31 21 0.16090591251850128 10 -1 -1 
653 173 33 20 0.16060736775398254 4 -1 -1 
666 184 46 25 0.16011136770248413 4 -1 -1 
264 512 34 24 0.15698589384555817 1 -1 -1 
443 135 39 16 0.1556166410446167 5 -1 -1 
204 700 20 44 0.15541678667068481 4 -1 -1 
1179 310 66 35 0.1518828570842743 8 -1 -1 
654 176 29 24 0.1509191244840622 4 -1 -1 
241 498 17 36 0.15040023624897003 1 -1 -1 
610 133 41 18 0.1500486582517624 4 -1 -1 
641 281 30 28 0.14806436002254486 5 -1 -1 
342 366 36 23 0.14805854856967926 7 -1 -1 
473 96 24 26 0.14713488519191742 6 -1 -1 
311 380 30 26 0.14609935879707336 2 -1 -1 
344 382 40 23 0.14609186351299286 2 -1 -1 
313 371 33 34 0.1405874639749527 7 -1 -1 
344 361 31 22 0.14054682850837708 7 -1 -1 
990 652 115 111 0.13930512964725494 4 -1 -1 
326 365 29 25 0.13876232504844666 10 -1 -1 
250 499 20 39 0.13844338059425354 1 -1 -1 
344 381 40 24 0.1352916657924652 4 -1 -1 
263 507 26 28 0.1349838674068451 10 -1 -1 
359 373 34 20 0.13482515513896942 10 -1 -1 
666 191 34 20 0.1345331072807312 5 -1 -1 
344 381 40 24 0.13407129049301147 9 -1 -1 
989 655 116 109 0.13406594097614288 6 -1 -1 
344 382 40 22 0.1331586241722107 10 -1 -1 
348 362 40 22 0.13095812499523163 3 -1 -1 
1180 312 66 34 0.12626443803310394 7 -1 -1 
660 179 45 26 0.1253863126039505 4 -1 -1 
629 147 28 25 0.12145045399665833 4 -1 -1 
662 224 28 26 0.1200607493519783 7 -1 -1 
196 704 22 39 0.11813715845346451 1 -1 -1 
311 380 30 26 0.11718261241912842 10 -1 -1 
311 380 31 27 0.11505474150180817 4 -1 -1 
990 652 115 111 0.11486376076936722 9 -1 -1 
264 513 34 24 0.11448303610086441 4 -1 -1 
659 187 38 21 0.11301416903734207 5 -1 -1 
607 137 36 15 0.1122252345085144 5 -1 -1 
405 46 34 14 0.11194391548633575 6 -1 -1 
311 380 31 27 0.11085585504770279 9 -1 -1 
387 433 16 32 0.11053822934627533 1 -1 -1 
641 161 32 24 0.10830991715192795 5 -1 -1 
246 499 13 39 0.10767250508069992 2 -1 -1 
398 418 24 34 0.10767219215631485 7 -1 -1 
633 152 31 20 0.10751509666442871 5 -1 -1 
244 561 111 54 0.10691972076892853 9 -1 -1 
183 710 20 34 0.10514254868030548 4 -1 -1 
1180 310 64 35 0.10338222980499268 3 -1 -1 
276 483 23 34 0.10290075838565826 1 -1 -1 
390 63 35 14 0.1018468514084816 4 -1 -1 
991 651 116 113 0.10131876915693283 5 -1 -1 
344 381 40 24 0.10109329968690872 6 -1 -1 
243 561 112 53 0.1010914221405983 1 -1 -1 
359 363 33 25 0.1010688841342926 3 -1 -1 
244 561 111 54 0.10092408210039139 5 -1 -1 
439 132 38 16 0.1006402000784874 4 -1 -1 
472 96 24 25 0.09975307434797287 9 -1 -1 
311 380 30 27 0.09903981536626816 1 -1 -1 
642 166 45 20 0.09807860106229782 5 -1 -1 
264 514 35 23 0.09798116236925125 7 -1 -1 
672 224 21 28 0.09705352038145065 5 -1 -1 
629 147 28 25 0.09650575369596481 5 -1 -1 
278 474 25 27 0.0965033620595932 10 -1 -1 
179 88 35 15 0.09632652252912521 4 -1 -1 
246 495 18 39 0.09546671062707901 1 -1 -1 
637 155 35 21 0.094780832529068 5 -1 -1 
345 366 35 21 0.09391237795352936 10 -1 -1 
271 493 20 32 0.09277869015932083 1 -1 -1 
311 380 31 27 0.09274222701787949 6 -1 -1 
326 365 26 25 0.09247400611639023 7 -1 -1 
409 32 38 17 0.09215257316827774 6 -1 -1 
525 243 25 27 0.09158938378095627 5 -1 -1 
631 146 34 22 0.09129922091960907 4 -1 -1 
674 227 27 29 0.09115294367074966 8 -1 -1 
401 63 38 14 0.09109780937433243 4 -1 -1 
408 32 35 17 0.09075330942869186 9 -1 -1 
383 64 34 14 0.0906962975859642 6 -1 -1 
525 220 28 23 0.09041188657283783 5 -1 -1 
273 504 21 28 0.09039222449064255 3 -1 -1 
671 190 46 25 0.090208038687706 5 -1 -1 
276 489 17 32 0.08951960504055023 2 -1 -1 
611 129 36 19 0.08925344049930573 4 -1 -1 
278 474 25 26 0.08920202404260635 7 -1 -1 
277 492 23 34 0.08896894007921219 1 -1 -1 
670 248 31 24 0.0884319618344307 5 -1 -1 
324 365 24 25 0.08767163753509521 3 -1 -1 
503 632 58 103 0.08766322582960129 1 -1 -1 
645 166 50 23 0.08745341747999191 4 -1 -1 
247 506 17 36 0.0873858779668808 1 -1 -1 
282 500 22 32 0.0872081071138382 1 -1 -1 
666 184 46 25 0.08703192323446274 5 -1 -1 
477 99 22 31 0.08654136210680008 6 -1 -1 
387 433 16 32 0.08640147000551224 2 -1 -1 
867 300 15 32 0.08634829521179199 1 -1 -1 
367 371 28 25 0.08599861711263657 10 -1 -1 
670 224 21 27 0.08577336370944977 6 -1 -1 
407 49 35 14 0.0849975198507309 6 -1 -1 
389 389 29 18 0.08390147238969803 3 -1 -1 
344 381 40 24 0.08383200317621231 1 -1 -1 
204 700 20 43 0.08374062180519104 2 -1 -1 
992 648 112 117 0.08200305700302124 8 -1 -1 
388 417 23 36 0.08114565908908844 7 -1 -1 
382 34 35 16 0.08103283494710922 6 -1 -1 
320 367 26 26 0.07993493229150772 7 -1 -1 
