315 656 99 78 0.9503511786460876 4 -1 -1 
472 447 81 61 0.9487127065658569 4 -1 -1 
326 488 56 72 0.943151593208313 4 -1 -1 
888 588 87 70 0.939483106136322 4 -1 -1 
466 386 82 44 0.9383000731468201 4 -1 -1 
484 579 49 74 0.9344994425773621 4 -1 -1 
793 599 55 77 0.9280497431755066 4 -1 -1 
451 363 88 39 0.9262838363647461 4 -1 -1 
672 260 16 26 0.9200670123100281 7 -1 -1 
525 320 33 47 0.9075202345848083 4 -1 -1 
722 330 35 38 0.9069281220436096 4 -1 -1 
755 481 51 58 0.9053853750228882 4 -1 -1 
799 534 71 64 0.8977235555648804 4 -1 -1 
600 347 35 47 0.8901359438896179 4 -1 -1 
497 497 45 73 0.8852903842926025 4 -1 -1 
855 542 90 61 0.857097327709198 4 -1 -1 
702 228 58 23 0.846389889717102 4 -1 -1 
762 382 57 43 0.8460630178451538 4 -1 -1 
581 85 19 19 0.8386083841323853 4 -1 -1 
562 223 31 32 0.8245804905891418 4 -1 -1 
408 405 14 32 0.8223267793655396 1 -1 -1 
820 662 85 81 0.8200648427009583 4 -1 -1 
705 247 28 27 0.8166959285736084 4 -1 -1 
602 94 19 20 0.8152958154678345 4 -1 -1 
414 258 27 17 0.7932325005531311 10 -1 -1 
621 29 14 13 0.7699790000915527 4 -1 -1 
622 68 15 17 0.7546535134315491 4 -1 -1 
599 67 17 19 0.7495232224464417 4 -1 -1 
272 675 18 34 0.745956301689148 1 -1 -1 
850 254 11 21 0.7405291795730591 1 -1 -1 
688 173 7 19 0.7339579463005066 1 -1 -1 
470 89 29 18 0.7292805910110474 4 -1 -1 
581 430 13 22 0.6985097527503967 2 -1 -1 
697 655 20 42 0.6984814405441284 10 -1 -1 
630 266 28 28 0.6972652077674866 4 -1 -1 
273 597 35 27 0.6907290816307068 10 -1 -1 
680 148 19 20 0.6841304302215576 4 -1 -1 
651 83 6 16 0.6771885752677917 1 -1 -1 
540 186 24 35 0.657375693321228 5 -1 -1 
596 33 15 15 0.6541771292686462 4 -1 -1 
646 28 13 12 0.6493532061576843 4 -1 -1 
714 419 16 37 0.6390194892883301 1 -1 -1 
689 304 10 17 0.6324323415756226 2 -1 -1 
669 156 7 19 0.6317880153656006 1 -1 -1 
675 368 12 18 0.6251868009567261 2 -1 -1 
755 536 13 24 0.6244068741798401 2 -1 -1 
795 120 23 24 0.619186520576477 5 -1 -1 
541 187 23 34 0.6079281568527222 4 -1 -1 
1051 560 21 33 0.6057407259941101 3 -1 -1 
627 108 18 22 0.6056388020515442 4 -1 -1 
582 439 12 25 0.6051275730133057 10 -1 -1 
399 282 12 24 0.6048719882965088 10 -1 -1 
297 564 33 29 0.6000763773918152 3 -1 -1 
572 545 15 29 0.5918622612953186 2 -1 -1 
854 513 32 22 0.5881332159042358 10 -1 -1 
472 132 6 15 0.5643994212150574 1 -1 -1 
509 215 45 24 0.5626813769340515 4 -1 -1 
662 111 6 14 0.5626086592674255 1 -1 -1 
509 215 46 24 0.5587748885154724 5 -1 -1 
759 262 9 19 0.5509365200996399 10 -1 -1 
573 562 14 30 0.5505149960517883 3 -1 -1 
674 371 13 23 0.5418142676353455 10 -1 -1 
653 110 7 13 0.5386437773704529 2 -1 -1 
563 55 14 14 0.535160481929779 4 -1 -1 
698 656 19 33 0.5335593223571777 2 -1 -1 
826 350 15 19 0.5333886742591858 3 -1 -1 
789 151 18 18 0.5254866480827332 7 -1 -1 
673 260 13 16 0.5232904553413391 2 -1 -1 
560 75 17 20 0.5174773335456848 5 -1 -1 
427 297 46 22 0.5153260231018066 4 -1 -1 
640 88 6 14 0.5095486640930176 2 -1 -1 
783 149 5 14 0.5095294117927551 1 -1 -1 
795 120 22 24 0.5040165781974792 4 -1 -1 
418 592 36 24 0.4986012578010559 10 -1 -1 
755 541 14 34 0.4977257549762726 3 -1 -1 
415 613 37 24 0.49149566888809204 10 -1 -1 
650 18 12 12 0.48241132497787476 4 -1 -1 
733 468 11 24 0.4737081527709961 1 -1 -1 
640 89 6 16 0.46614089608192444 1 -1 -1 
688 309 11 21 0.4629863500595093 10 -1 -1 
729 464 8 20 0.45706504583358765 1 -1 -1 
566 39 14 14 0.4548851549625397 4 -1 -1 
548 169 22 28 0.4517749547958374 5 -1 -1 
714 425 15 30 0.4509657025337219 3 -1 -1 
658 83 7 17 0.4478462338447571 1 -1 -1 
1051 559 21 33 0.4460490047931671 10 -1 -1 
646 0 11 9 0.4445790946483612 4 -1 -1 
729 464 9 19 0.43737009167671204 2 -1 -1 
653 117 7 11 0.43731966614723206 10 -1 -1 
640 93 6 13 0.4351673126220703 3 -1 -1 
822 391 38 52 0.4318985342979431 4 -1 -1 
670 112 7 15 0.42837485671043396 2 -1 -1 
1143 723 13 21 0.4192529618740082 10 -1 -1 
916 629 17 40 0.41842877864837646 1 -1 -1 
709 215 9 17 0.41753873229026794 10 -1 -1 
777 145 6 16 0.4125802516937256 1 -1 -1 
571 0 12 12 0.41053879261016846 4 -1 -1 
561 75 16 20 0.4059264361858368 4 -1 -1 
758 244 20 15 0.400649756193161 10 -1 -1 
670 113 7 16 0.40032243728637695 1 -1 -1 
447 158 12 22 0.39933517575263977 10 -1 -1 
573 564 13 29 0.39885005354881287 10 -1 -1 
756 546 13 29 0.3933948874473572 10 -1 -1 
560 63 15 17 0.3878520727157593 5 -1 -1 
572 554 15 29 0.38551679253578186 2 -1 -1 
549 170 21 28 0.38056230545043945 4 -1 -1 
796 100 8 14 0.37686440348625183 1 -1 -1 
714 418 15 32 0.37644463777542114 2 -1 -1 
599 67 17 19 0.37330684065818787 6 -1 -1 
560 63 15 16 0.36833325028419495 4 -1 -1 
827 351 14 18 0.3667220175266266 10 -1 -1 
789 159 16 14 0.3653218448162079 7 -1 -1 
669 161 6 15 0.3595143258571625 3 -1 -1 
652 112 8 15 0.3592411279678345 10 -1 -1 
305 570 25 23 0.35640090703964233 3 -1 -1 
415 613 37 24 0.35580843687057495 7 -1 -1 
627 108 18 22 0.3556511402130127 5 -1 -1 
567 32 12 13 0.35509660840034485 4 -1 -1 
551 155 21 19 0.3511398434638977 4 -1 -1 
172 740 16 19 0.3482770323753357 1 -1 -1 
569 21 13 13 0.3465963900089264 4 -1 -1 
781 148 7 15 0.3398183286190033 1 -1 -1 
730 465 12 20 0.33706527948379517 2 -1 -1 
640 93 6 13 0.3364919126033783 10 -1 -1 
653 116 7 12 0.3337993323802948 3 -1 -1 
731 466 10 24 0.3314477205276489 1 -1 -1 
582 435 13 25 0.32495173811912537 2 -1 -1 
923 646 16 32 0.3228306472301483 1 -1 -1 
427 292 62 27 0.32120832800865173 4 -1 -1 
919 637 17 37 0.3210904598236084 1 -1 -1 
570 12 16 14 0.3169248700141907 4 -1 -1 
419 592 34 24 0.31502142548561096 8 -1 -1 
734 468 10 21 0.31380540132522583 2 -1 -1 
755 536 13 26 0.31360751390457153 1 -1 -1 
778 146 7 16 0.31089961528778076 1 -1 -1 
596 33 15 15 0.31046825647354126 5 -1 -1 
556 53 20 16 0.3098413348197937 4 -1 -1 
760 250 8 21 0.308366596698761 1 -1 -1 
662 111 6 13 0.30787354707717896 2 -1 -1 
704 157 36 20 0.3074798583984375 4 -1 -1 
571 545 16 44 0.30327993631362915 3 -1 -1 
630 266 28 29 0.3017041087150574 5 -1 -1 
820 662 85 81 0.27439644932746887 5 -1 -1 
698 149 28 29 0.2690942585468292 4 -1 -1 
571 543 16 38 0.2613954544067383 1 -1 -1 
571 545 16 44 0.23528042435646057 10 -1 -1 
719 182 38 17 0.22825473546981812 4 -1 -1 
754 536 15 38 0.22105775773525238 1 -1 -1 
855 542 90 61 0.19717538356781006 5 -1 -1 
716 518 17 39 0.19612236320972443 1 -1 -1 
297 574 33 22 0.1943163126707077 3 -1 -1 
546 156 25 36 0.1925898939371109 4 -1 -1 
497 498 45 72 0.1896357238292694 5 -1 -1 
698 148 28 29 0.17934583127498627 5 -1 -1 
397 278 19 33 0.17835700511932373 10 -1 -1 
703 145 34 30 0.17324768006801605 4 -1 -1 
547 151 26 31 0.17310644686222076 4 -1 -1 
702 228 57 22 0.1632695198059082 5 -1 -1 
554 62 23 33 0.16141466796398163 5 -1 -1 
357 381 24 28 0.15800020098686218 10 -1 -1 
315 657 99 77 0.15307968854904175 9 -1 -1 
1051 559 21 33 0.15169797837734222 7 -1 -1 
571 545 16 44 0.1482635736465454 2 -1 -1 
294 559 28 28 0.14260360598564148 3 -1 -1 
351 386 30 29 0.1408282071352005 10 -1 -1 
754 537 16 40 0.13976873457431793 10 -1 -1 
297 567 33 26 0.1396891176700592 10 -1 -1 
351 386 30 29 0.13537342846393585 3 -1 -1 
553 30 28 26 0.1307447850704193 4 -1 -1 
854 514 32 21 0.13049858808517456 3 -1 -1 
357 381 24 28 0.12512072920799255 3 -1 -1 
451 361 88 42 0.1210683211684227 5 -1 -1 
472 446 81 62 0.12073314189910889 9 -1 -1 
315 656 99 78 0.11538805067539215 1 -1 -1 
854 514 32 21 0.11454334110021591 7 -1 -1 
1141 720 26 27 0.1144377812743187 10 -1 -1 
546 156 25 36 0.11383014917373657 5 -1 -1 
472 447 81 61 0.11289603263139725 1 -1 -1 
714 419 16 36 0.11283160001039505 10 -1 -1 
451 363 88 39 0.11193349957466125 1 -1 -1 
888 588 87 70 0.10790590941905975 1 -1 -1 
554 63 24 32 0.10692580044269562 4 -1 -1 
630 266 28 28 0.10623521357774734 6 -1 -1 
706 225 56 19 0.10522700846195221 4 -1 -1 
484 579 49 74 0.10390511155128479 5 -1 -1 
757 238 29 24 0.10380595177412033 10 -1 -1 
726 464 19 35 0.10164257138967514 10 -1 -1 
466 386 82 44 0.09987282007932663 1 -1 -1 
553 30 28 26 0.0992780476808548 5 -1 -1 
326 488 56 72 0.09842532873153687 9 -1 -1 
762 381 57 45 0.09810248017311096 5 -1 -1 
580 432 16 34 0.09683013707399368 10 -1 -1 
472 447 81 61 0.09606941789388657 5 -1 -1 
799 534 69 64 0.09451080858707428 5 -1 -1 
326 488 56 72 0.09446632117033005 1 -1 -1 
349 394 30 26 0.09438896924257278 3 -1 -1 
309 705 105 45 0.09412798285484314 5 -1 -1 
315 657 99 77 0.09401717036962509 5 -1 -1 
371 341 20 41 0.09332913160324097 10 -1 -1 
326 488 55 72 0.0925932452082634 5 -1 -1 
887 588 88 70 0.09150122106075287 5 -1 -1 
315 656 99 78 0.09111151099205017 10 -1 -1 
547 168 24 30 0.09071314334869385 6 -1 -1 
460 384 86 46 0.09022416919469833 5 -1 -1 
704 156 36 21 0.08990084379911423 5 -1 -1 
484 579 49 74 0.08919897675514221 9 -1 -1 
721 177 45 20 0.0888596847653389 4 -1 -1 
553 31 27 25 0.08861619979143143 9 -1 -1 
887 588 88 70 0.0883922278881073 9 -1 -1 
755 535 15 37 0.08744245767593384 2 -1 -1 
291 556 26 26 0.087259441614151 3 -1 -1 
484 579 49 74 0.08698025345802307 10 -1 -1 
484 579 49 74 0.08654721081256866 1 -1 -1 
755 481 51 58 0.08579722046852112 1 -1 -1 
543 175 25 38 0.08544258773326874 4 -1 -1 
727 464 19 35 0.08502335101366043 1 -1 -1 
702 228 58 23 0.08476235717535019 1 -1 -1 
309 705 105 45 0.08389763534069061 4 -1 -1 
705 246 28 28 0.08352222293615341 5 -1 -1 
827 390 44 63 0.0834374949336052 4 -1 -1 
762 381 58 45 0.08328637480735779 6 -1 -1 
719 182 40 17 0.0813690572977066 5 -1 -1 
794 599 54 77 0.08089963346719742 10 -1 -1 
755 480 51 59 0.08025159686803818 5 -1 -1 
