1126 312 32 24 0.9802474975585938 3 -1 -1 
356 339 74 77 0.9706032276153564 5 -1 -1 
660 509 79 91 0.9448119401931763 4 -1 -1 
1040 429 83 75 0.9362766146659851 4 -1 -1 
964 366 71 51 0.9267242550849915 4 -1 -1 
1022 317 91 42 0.9119974374771118 4 -1 -1 
469 246 40 36 0.901195228099823 4 -1 -1 
211 422 27 40 0.8902269601821899 3 -1 -1 
433 288 48 44 0.8862654566764832 4 -1 -1 
1140 350 19 43 0.8713617920875549 1 -1 -1 
862 645 135 119 0.8639675378799438 4 -1 -1 
895 284 53 41 0.8493308424949646 4 -1 -1 
635 97 12 10 0.8452594876289368 4 -1 -1 
617 95 12 10 0.829415500164032 4 -1 -1 
640 177 24 21 0.8265138268470764 4 -1 -1 
624 113 16 16 0.8237751722335815 4 -1 -1 
400 323 51 49 0.8215839862823486 4 -1 -1 
1070 279 65 43 0.8113237619400024 4 -1 -1 
683 112 14 11 0.8086235523223877 4 -1 -1 
1156 632 209 132 0.8001118898391724 4 -1 -1 
511 196 35 28 0.7941588759422302 4 -1 -1 
652 221 32 29 0.793699324131012 4 -1 -1 
646 143 19 20 0.7923986911773682 4 -1 -1 
562 140 19 16 0.7905131578445435 4 -1 -1 
1070 376 39 33 0.7896692752838135 3 -1 -1 
1124 412 47 32 0.7598294019699097 10 -1 -1 
575 132 17 14 0.7586135864257812 4 -1 -1 
763 431 20 44 0.7537042498588562 3 -1 -1 
463 155 23 20 0.7510803937911987 4 -1 -1 
802 371 14 43 0.750487208366394 1 -1 -1 
1138 543 56 34 0.7403305768966675 10 -1 -1 
1124 412 47 32 0.7356869578361511 3 -1 -1 
555 152 21 19 0.7328483462333679 4 -1 -1 
1105 340 14 38 0.7317952513694763 1 -1 -1 
846 227 38 28 0.7259619832038879 4 -1 -1 
478 145 20 18 0.7239295840263367 4 -1 -1 
726 191 11 15 0.7178670763969421 7 -1 -1 
684 151 8 12 0.7011784911155701 10 -1 -1 
476 220 23 15 0.6971843838691711 10 -1 -1 
535 178 27 22 0.6842162609100342 4 -1 -1 
685 147 7 12 0.6822376847267151 2 -1 -1 
540 168 23 20 0.6813372373580933 4 -1 -1 
481 212 11 21 0.681115448474884 2 -1 -1 
880 245 82 31 0.6780933737754822 4 -1 -1 
211 406 21 45 0.6768527030944824 2 -1 -1 
1156 344 20 32 0.671114981174469 2 -1 -1 
526 186 27 24 0.6606189608573914 4 -1 -1 
582 114 16 20 0.6528172492980957 5 -1 -1 
813 192 23 24 0.6446434855461121 4 -1 -1 
1200 356 20 33 0.6237590312957764 2 -1 -1 
546 157 23 23 0.6216171383857727 4 -1 -1 
591 112 13 13 0.6191584467887878 4 -1 -1 
929 315 59 59 0.6176744103431702 4 -1 -1 
801 168 35 36 0.6100792288780212 5 -1 -1 
330 205 55 25 0.6099173426628113 4 -1 -1 
454 267 37 38 0.6076940894126892 4 -1 -1 
598 102 14 12 0.6066733002662659 4 -1 -1 
594 106 14 12 0.5980725288391113 4 -1 -1 
615 78 12 10 0.5954199433326721 4 -1 -1 
389 204 7 19 0.5909780263900757 1 -1 -1 
1065 373 34 33 0.5832206010818481 3 -1 -1 
316 175 8 23 0.5818100571632385 1 -1 -1 
854 199 47 21 0.5793763995170593 4 -1 -1 
596 104 13 12 0.5782052278518677 4 -1 -1 
763 421 18 36 0.5743796229362488 2 -1 -1 
1209 442 16 42 0.5710326433181763 1 -1 -1 
651 304 41 47 0.5676255226135254 5 -1 -1 
650 304 41 46 0.5669715404510498 4 -1 -1 
605 93 12 11 0.5665257573127747 4 -1 -1 
1071 487 81 49 0.5634713768959045 10 -1 -1 
559 147 18 15 0.5599148869514465 4 -1 -1 
965 135 33 15 0.5553466081619263 4 -1 -1 
612 85 10 10 0.555173933506012 4 -1 -1 
601 99 13 12 0.5544559955596924 4 -1 -1 
806 416 18 34 0.55208820104599 10 -1 -1 
1169 406 24 24 0.5489322543144226 3 -1 -1 
1025 150 6 16 0.5398584008216858 1 -1 -1 
643 70 11 9 0.5323156118392944 4 -1 -1 
749 113 12 10 0.5114582777023315 4 -1 -1 
1042 367 38 31 0.509074866771698 10 -1 -1 
614 80 11 11 0.5051319599151611 4 -1 -1 
657 78 11 10 0.5027124881744385 4 -1 -1 
1021 149 6 17 0.5026847720146179 1 -1 -1 
833 286 38 47 0.49288302659988403 7 -1 -1 
475 183 7 17 0.48290714621543884 2 -1 -1 
1043 368 38 29 0.4664442539215088 3 -1 -1 
210 421 28 40 0.46435898542404175 10 -1 -1 
727 189 8 13 0.46434053778648376 2 -1 -1 
1184 341 18 30 0.46432679891586304 2 -1 -1 
603 95 13 13 0.46203869581222534 4 -1 -1 
841 189 42 21 0.46175745129585266 4 -1 -1 
330 227 10 22 0.4546365439891815 1 -1 -1 
992 145 25 14 0.45443984866142273 4 -1 -1 
325 175 9 22 0.452511727809906 1 -1 -1 
993 136 23 14 0.4458563029766083 4 -1 -1 
586 113 15 14 0.44107332825660706 4 -1 -1 
592 108 13 14 0.4406659007072449 4 -1 -1 
929 314 59 60 0.4386938512325287 5 -1 -1 
1151 412 20 32 0.43868935108184814 3 -1 -1 
699 139 5 11 0.4342615604400635 2 -1 -1 
1193 352 20 30 0.43204066157341003 2 -1 -1 
1073 383 28 31 0.4302191734313965 3 -1 -1 
1158 407 34 28 0.4284980297088623 3 -1 -1 
1042 375 38 32 0.42360904812812805 10 -1 -1 
363 184 9 22 0.4234681725502014 2 -1 -1 
1189 348 18 29 0.4229106903076172 2 -1 -1 
846 227 38 29 0.41779807209968567 5 -1 -1 
808 398 15 37 0.4177733063697815 1 -1 -1 
545 157 23 23 0.41178762912750244 5 -1 -1 
699 140 5 12 0.411658376455307 10 -1 -1 
752 122 15 12 0.4046527147293091 4 -1 -1 
711 143 6 15 0.4030168056488037 1 -1 -1 
582 117 16 17 0.39673516154289246 4 -1 -1 
671 79 11 9 0.39069893956184387 4 -1 -1 
1206 359 18 34 0.38523557782173157 2 -1 -1 
474 189 8 16 0.37848663330078125 10 -1 -1 
383 203 6 17 0.37831535935401917 1 -1 -1 
657 76 11 11 0.37789082527160645 5 -1 -1 
1204 356 19 37 0.3773805499076843 1 -1 -1 
1092 491 60 46 0.37250080704689026 3 -1 -1 
808 398 15 37 0.36762601137161255 2 -1 -1 
453 267 38 38 0.36359894275665283 5 -1 -1 
833 286 37 47 0.3626278042793274 8 -1 -1 
671 75 11 13 0.3620319068431854 5 -1 -1 
1159 344 17 31 0.36143824458122253 1 -1 -1 
388 188 7 18 0.3612852990627289 1 -1 -1 
849 194 46 21 0.36111363768577576 4 -1 -1 
1214 347 31 27 0.3609088361263275 3 -1 -1 
657 75 11 11 0.3601290285587311 4 -1 -1 
1315 466 37 25 0.3583957254886627 10 -1 -1 
122 335 17 30 0.3506234884262085 2 -1 -1 
384 204 12 21 0.34524214267730713 1 -1 -1 
671 74 11 13 0.3435322940349579 9 -1 -1 
671 76 12 12 0.3434532582759857 6 -1 -1 
992 145 27 16 0.34273242950439453 5 -1 -1 
973 257 81 52 0.3419532775878906 4 -1 -1 
1064 478 62 40 0.33928343653678894 10 -1 -1 
331 227 9 18 0.3392178416252136 2 -1 -1 
237 275 36 22 0.3362986445426941 10 -1 -1 
1153 410 32 34 0.3357122838497162 3 -1 -1 
980 478 21 39 0.3354095220565796 2 -1 -1 
840 196 24 15 0.33425256609916687 10 -1 -1 
961 136 26 13 0.33255866169929504 4 -1 -1 
974 135 35 15 0.332133412361145 4 -1 -1 
1052 377 34 33 0.3298968970775604 3 -1 -1 
481 128 18 17 0.32981717586517334 4 -1 -1 
1210 349 31 32 0.32859551906585693 10 -1 -1 
1151 557 66 50 0.31284233927726746 7 -1 -1 
593 716 107 47 0.2989792823791504 5 -1 -1 
962 225 93 84 0.2897953987121582 4 -1 -1 
764 422 18 38 0.2823036015033722 1 -1 -1 
1065 481 87 54 0.27199405431747437 7 -1 -1 
801 168 34 36 0.2556256949901581 6 -1 -1 
1143 347 25 44 0.2531591057777405 1 -1 -1 
763 431 20 44 0.2500169277191162 10 -1 -1 
1138 543 65 49 0.2490544468164444 10 -1 -1 
801 168 34 36 0.24010510742664337 9 -1 -1 
884 236 94 37 0.22951771318912506 4 -1 -1 
763 430 20 45 0.2275223284959793 2 -1 -1 
854 193 51 24 0.2261742651462555 5 -1 -1 
512 196 33 29 0.22390681505203247 5 -1 -1 
801 168 35 36 0.22338402271270752 4 -1 -1 
969 234 86 75 0.2160578966140747 5 -1 -1 
852 187 54 23 0.2138710618019104 4 -1 -1 
1066 475 80 53 0.2126815766096115 10 -1 -1 
356 338 74 78 0.20732559263706207 6 -1 -1 
801 168 34 36 0.19852858781814575 8 -1 -1 
806 408 18 39 0.19572165608406067 2 -1 -1 
1040 161 58 61 0.19310438632965088 6 -1 -1 
908 217 82 49 0.19249558448791504 4 -1 -1 
1144 551 68 51 0.18566377460956573 10 -1 -1 
809 168 37 30 0.18188925087451935 5 -1 -1 
949 479 93 131 0.17998617887496948 4 -1 -1 
593 716 107 47 0.17739444971084595 4 -1 -1 
852 187 54 23 0.17665575444698334 5 -1 -1 
90 316 86 44 0.1745329201221466 4 -1 -1 
356 338 74 78 0.17016232013702393 8 -1 -1 
763 422 19 39 0.1685340404510498 3 -1 -1 
66 319 59 60 0.1667226105928421 4 -1 -1 
879 245 83 31 0.16481880843639374 5 -1 -1 
915 218 77 49 0.16010268032550812 5 -1 -1 
1067 484 85 52 0.15891847014427185 8 -1 -1 
1138 543 65 49 0.1581251323223114 7 -1 -1 
971 165 74 42 0.15588131546974182 6 -1 -1 
356 339 75 77 0.1547364443540573 4 -1 -1 
1148 567 67 39 0.1540796160697937 10 -1 -1 
21 308 64 66 0.15399469435214996 4 -1 -1 
763 422 19 39 0.151285782456398 10 -1 -1 
841 188 47 22 0.15103408694267273 5 -1 -1 
840 175 41 28 0.15063007175922394 4 -1 -1 
653 222 30 27 0.1468171924352646 5 -1 -1 
846 181 55 23 0.14050278067588806 4 -1 -1 
75 310 102 46 0.13731205463409424 6 -1 -1 
474 123 28 24 0.13587252795696259 4 -1 -1 
860 644 136 119 0.13459016382694244 5 -1 -1 
525 186 28 25 0.13072460889816284 5 -1 -1 
537 157 31 27 0.13043949007987976 4 -1 -1 
838 180 32 27 0.12849649786949158 4 -1 -1 
1045 438 84 84 0.12848040461540222 10 -1 -1 
66 310 81 58 0.127701535820961 4 -1 -1 
10 488 105 133 0.12655864655971527 4 -1 -1 
975 262 79 47 0.12630468606948853 5 -1 -1 
862 645 135 119 0.1251918226480484 10 -1 -1 
930 216 125 92 0.12318166345357895 9 -1 -1 
83 293 114 48 0.12308167666196823 6 -1 -1 
833 172 36 25 0.12146426737308502 4 -1 -1 
1062 474 79 52 0.11896542459726334 8 -1 -1 
1140 349 19 44 0.11780469119548798 4 -1 -1 
764 430 18 44 0.11771388351917267 1 -1 -1 
884 236 94 37 0.11668921262025833 5 -1 -1 
356 338 74 78 0.11638309061527252 9 -1 -1 
101 307 84 45 0.11636897176504135 4 -1 -1 
806 172 32 41 0.11628730595111847 4 -1 -1 
802 374 20 46 0.1156572550535202 1 -1 -1 
809 168 37 30 0.11495637893676758 6 -1 -1 
806 405 18 42 0.11364062130451202 1 -1 -1 
464 150 31 26 0.11363273113965988 4 -1 -1 
467 126 32 22 0.11295042186975479 4 -1 -1 
1151 565 66 46 0.1126924529671669 8 -1 -1 
1153 632 213 133 0.11186481267213821 5 -1 -1 
861 645 136 119 0.1110863909125328 1 -1 -1 
862 189 62 28 0.11040014028549194 4 -1 -1 
1150 346 24 44 0.10935337096452713 1 -1 -1 
757 131 30 30 0.1093127653002739 4 -1 -1 
1040 430 83 76 0.1086941808462143 1 -1 -1 
758 133 34 29 0.10789959132671356 9 -1 -1 
806 414 18 36 0.10770191997289658 7 -1 -1 
809 168 37 30 0.10642044991254807 4 -1 -1 
1070 278 65 44 0.10599666833877563 5 -1 -1 
24 486 120 113 0.10423700511455536 4 -1 -1 
846 181 55 23 0.10368581861257553 5 -1 -1 
74 312 99 51 0.1030329093337059 5 -1 -1 
77 316 90 57 0.10288245230913162 6 -1 -1 
1040 162 91 54 0.10282915830612183 6 -1 -1 
356 338 74 78 0.10266435891389847 2 -1 -1 
660 509 79 91 0.10148259252309799 1 -1 -1 
660 510 79 90 0.10132770985364914 5 -1 -1 
660 510 79 90 0.10106774419546127 9 -1 -1 
356 338 74 78 0.10048159956932068 10 -1 -1 
217 245 65 52 0.09914916008710861 4 -1 -1 
820 169 39 28 0.09857255220413208 5 -1 -1 
757 131 30 30 0.09818265587091446 5 -1 -1 
1040 162 65 56 0.0980309471487999 8 -1 -1 
1156 632 209 132 0.09802070260047913 1 -1 -1 
1201 454 68 58 0.09784567356109619 8 -1 -1 
929 314 59 60 0.0973278358578682 6 -1 -1 
1066 483 86 52 0.09722982347011566 3 -1 -1 
1064 475 84 54 0.09714287519454956 2 -1 -1 
820 169 39 28 0.09712262451648712 4 -1 -1 
806 414 18 36 0.0965946763753891 3 -1 -1 
808 406 18 41 0.09617994725704193 10 -1 -1 
1022 317 91 42 0.0954778715968132 1 -1 -1 
216 251 67 48 0.09541918337345123 7 -1 -1 
1137 541 64 38 0.0948033332824707 9 -1 -1 
809 190 28 28 0.09479830414056778 5 -1 -1 
39 306 81 68 0.09464666247367859 4 -1 -1 
763 431 20 44 0.09451174736022949 7 -1 -1 
1040 430 83 74 0.09378951787948608 5 -1 -1 
70 317 57 61 0.09334150701761246 6 -1 -1 
930 216 125 92 0.0716414824128151 5 -1 -1 
850 185 73 37 0.06201532855629921 9 -1 -1 
930 216 125 92 0.05181929096579552 6 -1 -1 
