789 215 42 64 0.9967089891433716 6 -1 -1 
377 304 96 53 0.9637619256973267 5 -1 -1 
623 65 26 32 0.9610826373100281 5 -1 -1 
677 225 56 45 0.9231127500534058 4 -1 -1 
529 282 71 63 0.9222919940948486 4 -1 -1 
389 259 87 40 0.922069251537323 4 -1 -1 
553 216 50 53 0.9160212278366089 4 -1 -1 
847 462 64 85 0.9071747064590454 5 -1 -1 
439 430 69 89 0.8898018002510071 4 -1 -1 
679 76 16 25 0.8779269456863403 8 -1 -1 
448 236 69 36 0.8593835830688477 4 -1 -1 
821 492 17 46 0.8589927554130554 1 -1 -1 
621 322 54 73 0.8553341031074524 4 -1 -1 
655 163 34 43 0.8458319902420044 4 -1 -1 
780 103 27 27 0.8366134762763977 4 -1 -1 
513 322 14 35 0.828192949295044 1 -1 -1 
676 37 22 24 0.8259051442146301 4 -1 -1 
765 89 46 23 0.822970449924469 4 -1 -1 
786 411 17 45 0.8041843771934509 1 -1 -1 
763 72 7 21 0.8003314137458801 1 -1 -1 
720 20 18 22 0.7829757332801819 5 -1 -1 
616 87 7 24 0.7768808603286743 1 -1 -1 
256 492 140 65 0.7746042609214783 4 -1 -1 
639 48 20 28 0.7743818759918213 5 -1 -1 
401 291 93 41 0.7729936242103577 4 -1 -1 
833 463 18 40 0.7689681053161621 1 -1 -1 
628 18 26 26 0.7685514688491821 6 -1 -1 
793 190 26 27 0.7547632455825806 8 -1 -1 
806 421 14 38 0.7542910575866699 1 -1 -1 
780 66 8 20 0.7532921433448792 1 -1 -1 
772 66 7 19 0.744211733341217 1 -1 -1 
654 71 8 22 0.7250072360038757 1 -1 -1 
743 617 20 50 0.7170363068580627 10 -1 -1 
507 334 10 23 0.7104827165603638 1 -1 -1 
764 36 21 19 0.6940745115280151 4 -1 -1 
655 19 6 18 0.6925265789031982 1 -1 -1 
612 85 7 19 0.6903223991394043 1 -1 -1 
894 427 15 38 0.6836429834365845 10 -1 -1 
891 362 21 24 0.6527916789054871 2 -1 -1 
744 614 20 33 0.6515255570411682 2 -1 -1 
518 146 63 48 0.649034857749939 7 -1 -1 
583 324 18 23 0.6081638932228088 3 -1 -1 
529 95 69 26 0.5953723788261414 4 -1 -1 
681 10 6 13 0.5749801397323608 2 -1 -1 
680 15 7 12 0.5697192549705505 10 -1 -1 
935 550 21 43 0.5607466101646423 3 -1 -1 
515 148 66 47 0.5457161068916321 6 -1 -1 
782 1 5 15 0.5157321095466614 1 -1 -1 
384 296 93 48 0.48625925183296204 5 -1 -1 
722 0 16 10 0.47950291633605957 4 -1 -1 
753 22 5 11 0.4746913015842438 1 -1 -1 
806 424 14 35 0.4720357656478882 3 -1 -1 
589 310 14 33 0.4715728759765625 2 -1 -1 
589 310 14 33 0.4697953760623932 1 -1 -1 
614 86 7 21 0.4307088553905487 1 -1 -1 
449 89 25 21 0.42744743824005127 10 -1 -1 
870 387 17 25 0.40011832118034363 2 -1 -1 
460 87 15 21 0.3997182846069336 2 -1 -1 
587 315 16 31 0.3970399796962738 3 -1 -1 
807 420 13 36 0.39369383454322815 2 -1 -1 
759 8 6 16 0.3934593200683594 1 -1 -1 
628 18 25 26 0.38917502760887146 5 -1 -1 
460 195 80 34 0.3758433163166046 4 -1 -1 
895 286 17 31 0.3691340386867523 2 -1 -1 
462 207 75 38 0.36901476979255676 4 -1 -1 
679 76 15 25 0.36880192160606384 7 -1 -1 
453 88 21 22 0.3605784475803375 2 -1 -1 
766 13 25 12 0.359695702791214 7 -1 -1 
895 427 13 28 0.35818609595298767 2 -1 -1 
785 410 18 46 0.3541416823863983 3 -1 -1 
896 286 14 20 0.3521305024623871 2 -1 -1 
789 215 42 64 0.33829718828201294 4 -1 -1 
777 27 32 16 0.33243390917778015 4 -1 -1 
654 79 7 15 0.3314901292324066 3 -1 -1 
574 147 23 20 0.3299715220928192 3 -1 -1 
789 215 42 64 0.32428815960884094 7 -1 -1 
818 115 6 14 0.3191927969455719 2 -1 -1 
880 327 14 21 0.31219539046287537 2 -1 -1 
544 2 13 9 0.3115285038948059 4 -1 -1 
818 120 8 13 0.31107473373413086 10 -1 -1 
333 414 114 78 0.30965593457221985 8 -1 -1 
281 414 162 77 0.30572012066841125 6 -1 -1 
818 112 8 14 0.3039688766002655 2 -1 -1 
935 549 21 44 0.3010881841182709 10 -1 -1 
876 326 19 29 0.2984561324119568 2 -1 -1 
574 146 23 22 0.29649195075035095 10 -1 -1 
396 415 50 55 0.29560068249702454 8 -1 -1 
449 92 21 18 0.29542991518974304 2 -1 -1 
869 386 21 30 0.29253166913986206 1 -1 -1 
793 190 26 27 0.2912575900554657 7 -1 -1 
613 85 10 24 0.28735482692718506 2 -1 -1 
818 123 6 9 0.2863568365573883 10 -1 -1 
745 616 17 23 0.2832563817501068 2 -1 -1 
746 610 18 23 0.2799636423587799 2 -1 -1 
639 47 20 28 0.27890318632125854 6 -1 -1 
847 462 64 85 0.2753652036190033 4 -1 -1 
769 13 15 12 0.2744239270687103 7 -1 -1 
759 4 7 14 0.2724127769470215 1 -1 -1 
895 286 14 31 0.2717931866645813 1 -1 -1 
583 319 19 27 0.27159032225608826 1 -1 -1 
456 86 18 22 0.26760348677635193 10 -1 -1 
464 202 74 49 0.2651025354862213 5 -1 -1 
764 15 6 14 0.2638450562953949 1 -1 -1 
789 215 42 64 0.2631218433380127 5 -1 -1 
789 215 42 64 0.2626863121986389 10 -1 -1 
462 86 14 22 0.26105964183807373 1 -1 -1 
761 13 22 12 0.2588992714881897 7 -1 -1 
559 0 23 6 0.25861892104148865 4 -1 -1 
784 31 27 12 0.256950706243515 4 -1 -1 
630 35 20 9 0.25552985072135925 4 -1 -1 
615 94 8 17 0.24992242455482483 3 -1 -1 
891 362 21 25 0.24690793454647064 1 -1 -1 
775 10 6 12 0.2458890676498413 2 -1 -1 
720 20 18 22 0.24371619522571564 4 -1 -1 
819 122 5 10 0.24327842891216278 2 -1 -1 
526 161 55 33 0.24187476933002472 6 -1 -1 
481 199 61 34 0.24086734652519226 4 -1 -1 
760 0 27 18 0.2406899780035019 6 -1 -1 
375 303 98 54 0.2406546175479889 4 -1 -1 
759 14 5 11 0.23884376883506775 1 -1 -1 
681 10 6 13 0.2304832935333252 1 -1 -1 
901 287 14 28 0.2295055240392685 2 -1 -1 
370 415 76 70 0.22807714343070984 8 -1 -1 
477 215 56 34 0.22662030160427094 4 -1 -1 
743 617 21 49 0.22608229517936707 2 -1 -1 
418 458 14 32 0.2247866988182068 1 -1 -1 
622 52 6 19 0.223460853099823 1 -1 -1 
503 333 15 29 0.22057320177555084 1 -1 -1 
795 23 6 13 0.219517782330513 1 -1 -1 
583 320 19 26 0.2195170819759369 10 -1 -1 
623 65 26 32 0.2191115766763687 4 -1 -1 
613 85 8 17 0.21595504879951477 2 -1 -1 
786 410 17 44 0.21570950746536255 2 -1 -1 
613 50 15 24 0.21545487642288208 8 -1 -1 
463 195 77 33 0.21425653994083405 5 -1 -1 
382 414 65 67 0.21351180970668793 7 -1 -1 
743 614 21 35 0.2129066288471222 1 -1 -1 
630 35 22 9 0.21249747276306152 5 -1 -1 
465 87 12 21 0.21119104325771332 2 -1 -1 
789 215 42 64 0.21063491702079773 8 -1 -1 
760 12 6 13 0.2076864391565323 1 -1 -1 
555 96 44 24 0.20702849328517914 4 -1 -1 
654 71 8 22 0.20598724484443665 2 -1 -1 
893 427 15 39 0.20584742724895477 3 -1 -1 
789 215 42 64 0.20554977655410767 9 -1 -1 
680 15 7 12 0.20465978980064392 3 -1 -1 
453 87 22 23 0.20378437638282776 1 -1 -1 
761 2 24 15 0.20241087675094604 7 -1 -1 
763 13 25 12 0.20084916055202484 4 -1 -1 
450 225 77 34 0.20046237111091614 4 -1 -1 
753 18 5 11 0.199606254696846 2 -1 -1 
507 334 9 23 0.19858555495738983 2 -1 -1 
655 4 14 16 0.19621361792087555 7 -1 -1 
333 414 114 78 0.1939108818769455 7 -1 -1 
628 18 26 26 0.19359995424747467 4 -1 -1 
399 291 94 42 0.19356149435043335 5 -1 -1 
800 39 8 21 0.19335094094276428 1 -1 -1 
779 28 22 13 0.19326269626617432 4 -1 -1 
933 532 24 63 0.19282400608062744 3 -1 -1 
416 452 19 39 0.19236844778060913 1 -1 -1 
459 86 12 16 0.19179537892341614 2 -1 -1 
763 13 6 12 0.19167517125606537 1 -1 -1 
479 198 62 43 0.19070649147033691 5 -1 -1 
818 119 9 13 0.1905973106622696 2 -1 -1 
459 89 19 22 0.19051675498485565 1 -1 -1 
760 0 27 18 0.18973350524902344 4 -1 -1 
762 1 5 14 0.18862421810626984 1 -1 -1 
614 94 8 17 0.1883566677570343 1 -1 -1 
679 76 15 24 0.18811140954494476 2 -1 -1 
622 61 6 15 0.1866106241941452 1 -1 -1 
582 325 17 23 0.18638235330581665 1 -1 -1 
319 414 126 79 0.18372544646263123 4 -1 -1 
785 421 14 35 0.1835724264383316 3 -1 -1 
461 95 99 43 0.18343257904052734 6 -1 -1 
574 147 17 18 0.18342174589633942 2 -1 -1 
773 12 9 12 0.18326908349990845 7 -1 -1 
638 48 21 28 0.18260245025157928 4 -1 -1 
795 23 6 13 0.18255175650119781 2 -1 -1 
867 328 25 34 0.18074017763137817 10 -1 -1 
639 48 20 28 0.17580655217170715 8 -1 -1 
493 33 29 18 0.17499132454395294 7 -1 -1 
789 215 42 64 0.1746039092540741 2 -1 -1 
440 196 100 45 0.17375873029232025 4 -1 -1 
464 202 74 49 0.17300720512866974 6 -1 -1 
744 614 20 35 0.17109642922878265 10 -1 -1 
607 45 21 28 0.16818693280220032 8 -1 -1 
208 459 187 96 0.16703906655311584 4 -1 -1 
305 415 139 78 0.16175636649131775 5 -1 -1 
454 97 121 81 0.16126692295074463 6 -1 -1 
759 3 25 21 0.1577688306570053 6 -1 -1 
875 326 20 32 0.15737666189670563 1 -1 -1 
789 215 42 64 0.1554827243089676 3 -1 -1 
433 115 42 46 0.155435249209404 5 -1 -1 
866 330 24 33 0.1542413830757141 3 -1 -1 
337 410 111 74 0.1541076898574829 6 -1 -1 
742 634 20 34 0.15318472683429718 10 -1 -1 
608 47 20 28 0.1516837179660797 4 -1 -1 
251 413 188 79 0.1477254033088684 4 -1 -1 
743 614 21 53 0.14639706909656525 3 -1 -1 
621 321 54 74 0.14623771607875824 5 -1 -1 
470 197 70 38 0.14601436257362366 6 -1 -1 
607 45 21 28 0.1458197385072708 7 -1 -1 
760 0 27 18 0.1433681696653366 8 -1 -1 
639 47 20 28 0.14021803438663483 9 -1 -1 
448 236 68 36 0.1397269070148468 5 -1 -1 
486 113 98 82 0.13569602370262146 6 -1 -1 
628 18 26 26 0.13478772342205048 9 -1 -1 
874 326 21 30 0.1338408887386322 10 -1 -1 
426 193 100 34 0.1335805058479309 4 -1 -1 
772 93 43 26 0.13301214575767517 4 -1 -1 
745 611 20 29 0.13158492743968964 1 -1 -1 
897 286 19 31 0.1313520222902298 1 -1 -1 
466 47 13 31 0.13044588267803192 1 -1 -1 
763 10 30 15 0.12944650650024414 6 -1 -1 
405 259 69 23 0.12601083517074585 4 -1 -1 
789 215 42 64 0.12555792927742004 1 -1 -1 
866 384 20 27 0.12428790330886841 1 -1 -1 
866 383 22 26 0.12281105667352676 2 -1 -1 
462 95 98 43 0.121413454413414 4 -1 -1 
441 96 122 69 0.08734031021595001 9 -1 -1 
442 94 120 63 0.07443317770957947 6 -1 -1 
443 94 119 65 0.07273375242948532 5 -1 -1 
121 412 290 145 0.0700509175658226 6 -1 -1 
741 611 27 56 0.06352793425321579 9 -1 -1 
425 191 116 58 0.06317507475614548 6 -1 -1 
439 106 131 85 0.058399006724357605 9 -1 -1 
421 191 120 58 0.05351845175027847 5 -1 -1 
441 96 122 69 0.05331917107105255 8 -1 -1 
425 191 116 58 0.05286251753568649 9 -1 -1 
165 405 280 110 0.05068445950746536 6 -1 -1 
371 300 104 58 0.05025907978415489 6 -1 -1 
