805 315 201 92 0.9969151020050049 6 -1 -1 
1090 589 65 85 0.9642167091369629 5 -1 -1 
931 510 99 75 0.9633767604827881 5 -1 -1 
861 425 96 51 0.9490086436271667 4 -1 -1 
799 254 85 39 0.9373396635055542 4 -1 -1 
911 463 88 68 0.9332152009010315 4 -1 -1 
897 179 67 48 0.9217979311943054 4 -1 -1 
563 65 63 51 0.9186440110206604 4 -1 -1 
15 143 53 64 0.9125742316246033 4 -1 -1 
932 108 78 50 0.9106202125549316 4 -1 -1 
869 16 51 46 0.9045289754867554 4 -1 -1 
515 88 74 51 0.9008040428161621 4 -1 -1 
492 51 21 21 0.8752003312110901 3 -1 -1 
943 64 86 63 0.8684454560279846 5 -1 -1 
594 39 68 52 0.83515465259552 5 -1 -1 
956 18 11 24 0.7886137962341309 1 -1 -1 
107 139 42 64 0.7774537205696106 4 -1 -1 
659 6 63 38 0.762997567653656 4 -1 -1 
970 715 108 48 0.7365937829017639 4 -1 -1 
487 87 15 24 0.7346306443214417 10 -1 -1 
326 332 16 28 0.724606990814209 1 -1 -1 
172 317 71 70 0.7165814638137817 5 -1 -1 
153 141 48 73 0.7085962295532227 4 -1 -1 
801 45 19 21 0.7084663510322571 10 -1 -1 
943 32 11 22 0.7078702449798584 1 -1 -1 
331 318 20 25 0.6935405135154724 1 -1 -1 
806 40 11 19 0.6852519512176514 2 -1 -1 
459 86 13 28 0.6804739236831665 10 -1 -1 
417 92 12 27 0.6729890704154968 10 -1 -1 
800 15 12 20 0.6686505675315857 2 -1 -1 
796 23 17 19 0.6577705144882202 10 -1 -1 
475 64 27 17 0.6415531635284424 10 -1 -1 
914 143 78 50 0.61811363697052 4 -1 -1 
443 90 11 25 0.6125921607017517 10 -1 -1 
356 97 13 25 0.6014050841331482 10 -1 -1 
819 310 84 48 0.5959465503692627 4 -1 -1 
967 3 9 19 0.5832325220108032 1 -1 -1 
637 161 27 21 0.5738507509231567 10 -1 -1 
341 100 14 26 0.5669573545455933 10 -1 -1 
198 73 21 47 0.5653513669967651 1 -1 -1 
646 153 13 22 0.5624018311500549 2 -1 -1 
648 151 12 19 0.5618391633033752 2 -1 -1 
445 174 81 37 0.5597026348114014 4 -1 -1 
435 121 36 38 0.5521723031997681 7 -1 -1 
250 105 19 25 0.5458666682243347 10 -1 -1 
12 52 74 50 0.5185602903366089 4 -1 -1 
428 91 9 25 0.5041331648826599 10 -1 -1 
380 102 12 17 0.47450023889541626 10 -1 -1 
1279 584 20 33 0.4686260223388672 3 -1 -1 
20 70 79 63 0.4565645158290863 5 -1 -1 
248 104 12 27 0.44115307927131653 10 -1 -1 
20 74 80 59 0.43685171008110046 4 -1 -1 
369 100 11 22 0.4293496608734131 10 -1 -1 
381 128 42 53 0.42701834440231323 4 -1 -1 
1220 719 28 29 0.4223223030567169 3 -1 -1 
11 55 75 48 0.4184078872203827 5 -1 -1 
1149 549 27 30 0.41555115580558777 10 -1 -1 
643 157 16 21 0.413913756608963 10 -1 -1 
913 143 79 49 0.40337619185447693 5 -1 -1 
443 91 10 24 0.40166497230529785 1 -1 -1 
977 54 55 34 0.3981874883174896 4 -1 -1 
390 96 14 14 0.39016926288604736 10 -1 -1 
594 38 69 53 0.3738141357898712 4 -1 -1 
26 51 57 35 0.3719851076602936 4 -1 -1 
969 53 74 44 0.36785614490509033 4 -1 -1 
371 101 14 24 0.36668747663497925 10 -1 -1 
639 159 22 21 0.3651665449142456 2 -1 -1 
950 55 80 52 0.36320066452026367 4 -1 -1 
435 121 36 38 0.3532527983188629 8 -1 -1 
946 31 9 17 0.3416194021701813 1 -1 -1 
959 58 58 34 0.33571282029151917 4 -1 -1 
805 315 201 92 0.3356344699859619 4 -1 -1 
428 91 10 25 0.3342737555503845 3 -1 -1 
342 101 12 25 0.33414381742477417 8 -1 -1 
369 100 11 22 0.32827287912368774 3 -1 -1 
285 104 13 18 0.3259590268135071 10 -1 -1 
375 102 16 19 0.32089123129844666 10 -1 -1 
943 60 92 67 0.3178490400314331 4 -1 -1 
172 329 65 59 0.31601667404174805 4 -1 -1 
804 313 201 95 0.31572213768959045 7 -1 -1 
260 80 28 17 0.3149523437023163 10 -1 -1 
1278 584 20 34 0.3112683892250061 10 -1 -1 
1204 739 23 22 0.31006109714508057 1 -1 -1 
233 80 21 19 0.3081210255622864 10 -1 -1 
804 314 202 94 0.3073181211948395 10 -1 -1 
797 18 15 22 0.29590657353401184 2 -1 -1 
459 86 12 24 0.29473432898521423 2 -1 -1 
798 16 14 23 0.2932070195674896 10 -1 -1 
1149 549 27 30 0.29309168457984924 3 -1 -1 
390 97 16 22 0.2815363109111786 10 -1 -1 
804 315 203 92 0.27693191170692444 5 -1 -1 
801 45 19 21 0.27308356761932373 3 -1 -1 
960 16 10 15 0.26955434679985046 1 -1 -1 
931 509 100 75 0.2689644396305084 4 -1 -1 
949 31 10 17 0.26802465319633484 1 -1 -1 
804 315 203 92 0.2677241265773773 9 -1 -1 
384 98 11 21 0.2643294334411621 10 -1 -1 
443 90 11 25 0.26429906487464905 3 -1 -1 
804 40 14 20 0.2638090252876282 10 -1 -1 
458 87 14 28 0.26244989037513733 3 -1 -1 
821 310 83 47 0.2615087330341339 5 -1 -1 
1090 589 65 85 0.2610037326812744 8 -1 -1 
239 79 20 20 0.25913023948669434 10 -1 -1 
342 101 12 25 0.25503861904144287 7 -1 -1 
363 68 17 19 0.2532650828361511 2 -1 -1 
231 79 22 20 0.251141756772995 3 -1 -1 
10 62 52 40 0.2500753104686737 5 -1 -1 
967 13 7 9 0.24984613060951233 1 -1 -1 
261 78 10 19 0.2493693083524704 1 -1 -1 
800 15 12 20 0.24845853447914124 1 -1 -1 
435 121 36 38 0.2444676160812378 6 -1 -1 
806 40 11 19 0.24316029250621796 1 -1 -1 
280 102 17 19 0.23870186507701874 10 -1 -1 
952 54 85 58 0.23790226876735687 5 -1 -1 
390 97 16 22 0.23754343390464783 3 -1 -1 
261 79 17 18 0.23628835380077362 10 -1 -1 
1088 589 67 85 0.23453225195407867 4 -1 -1 
261 79 12 17 0.2339576631784439 2 -1 -1 
172 317 71 70 0.22929973900318146 6 -1 -1 
434 115 17 20 0.22875989973545074 10 -1 -1 
796 23 17 19 0.22801591455936432 7 -1 -1 
801 45 19 21 0.22638767957687378 2 -1 -1 
265 80 12 16 0.22608689963817596 2 -1 -1 
281 104 17 24 0.2259240597486496 10 -1 -1 
370 101 14 25 0.22548238933086395 3 -1 -1 
388 128 47 65 0.2251330316066742 4 -1 -1 
648 150 11 21 0.22320090234279633 1 -1 -1 
389 128 33 39 0.22310936450958252 4 -1 -1 
250 110 14 22 0.2221098691225052 10 -1 -1 
805 315 201 92 0.22189365327358246 8 -1 -1 
241 79 18 20 0.22165293991565704 3 -1 -1 
1228 719 21 25 0.21919061243534088 3 -1 -1 
438 176 88 62 0.21856684982776642 4 -1 -1 
360 106 11 16 0.21769118309020996 10 -1 -1 
328 320 11 25 0.2172682285308838 1 -1 -1 
269 82 19 15 0.2147667109966278 10 -1 -1 
21 89 49 41 0.21434544026851654 4 -1 -1 
493 200 66 65 0.21270157396793365 4 -1 -1 
1280 583 29 33 0.21263383328914642 3 -1 -1 
390 96 14 14 0.21261577308177948 3 -1 -1 
251 104 16 23 0.21246543526649475 2 -1 -1 
416 91 11 19 0.21132098138332367 10 -1 -1 
236 76 20 22 0.21058282256126404 3 -1 -1 
78 73 16 30 0.21017388999462128 1 -1 -1 
802 45 18 21 0.20958924293518066 7 -1 -1 
361 99 13 23 0.2092587649822235 10 -1 -1 
802 46 9 17 0.2084854692220688 2 -1 -1 
258 104 11 21 0.20632238686084747 10 -1 -1 
1149 550 26 30 0.20569410920143127 1 -1 -1 
957 54 16 19 0.20438629388809204 10 -1 -1 
1207 739 20 17 0.20422232151031494 2 -1 -1 
258 105 10 21 0.20388974249362946 2 -1 -1 
962 13 9 12 0.20346780121326447 1 -1 -1 
911 463 88 68 0.202607199549675 5 -1 -1 
245 77 16 21 0.20246192812919617 10 -1 -1 
958 59 58 36 0.2022772580385208 5 -1 -1 
804 315 203 92 0.20188172161579132 2 -1 -1 
364 97 13 24 0.19973203539848328 10 -1 -1 
1210 733 23 19 0.19789768755435944 1 -1 -1 
423 90 13 24 0.19765160977840424 10 -1 -1 
960 16 12 20 0.19421032071113586 1 -1 -1 
230 76 16 22 0.19326673448085785 3 -1 -1 
10 62 52 40 0.19323058426380157 4 -1 -1 
796 20 11 18 0.19272971153259277 2 -1 -1 
246 74 16 24 0.19205325841903687 3 -1 -1 
482 52 17 24 0.1920100897550583 2 -1 -1 
274 83 13 16 0.1916905790567398 2 -1 -1 
942 33 12 23 0.19162560999393463 3 -1 -1 
514 89 76 50 0.19145169854164124 5 -1 -1 
970 62 55 35 0.19043056666851044 4 -1 -1 
255 76 14 21 0.19014784693717957 10 -1 -1 
435 120 36 39 0.18943579494953156 10 -1 -1 
1213 731 23 22 0.18777762353420258 3 -1 -1 
386 98 14 17 0.1867251694202423 10 -1 -1 
76 55 35 25 0.18572640419006348 10 -1 -1 
482 191 72 62 0.18418170511722565 4 -1 -1 
20 68 81 65 0.1793801188468933 6 -1 -1 
970 715 108 48 0.17886781692504883 5 -1 -1 
266 102 32 28 0.17862123250961304 10 -1 -1 
969 53 74 44 0.17823410034179688 5 -1 -1 
920 123 81 53 0.17169798910617828 4 -1 -1 
804 313 201 95 0.16634666919708252 3 -1 -1 
1088 589 67 85 0.16333428025245667 9 -1 -1 
480 53 31 24 0.1619306206703186 3 -1 -1 
464 184 66 62 0.1547500193119049 4 -1 -1 
637 157 28 27 0.1544872522354126 3 -1 -1 
21 54 79 62 0.14617837965488434 4 -1 -1 
276 99 25 29 0.1434570997953415 10 -1 -1 
327 325 22 35 0.1422758251428604 1 -1 -1 
983 53 82 48 0.13948474824428558 4 -1 -1 
89 -1 153 110 0.13866493105888367 6 -1 -1 
445 174 81 37 0.1383456289768219 5 -1 -1 
107 139 42 65 0.13832224905490875 10 -1 -1 
658 4 65 40 0.13528019189834595 5 -1 -1 
804 315 202 92 0.13318617641925812 1 -1 -1 
1088 589 67 85 0.1321391463279724 6 -1 -1 
637 159 27 25 0.1317279040813446 7 -1 -1 
157 140 44 73 0.130848228931427 5 -1 -1 
1149 549 27 30 0.13028965890407562 7 -1 -1 
931 510 99 75 0.12963366508483887 8 -1 -1 
124 0 84 112 0.12860222160816193 6 -1 -1 
12 44 72 45 0.1246146559715271 5 -1 -1 
943 60 92 67 0.12437062710523605 6 -1 -1 
910 152 67 50 0.12431132793426514 4 -1 -1 
639 152 28 30 0.12347396463155746 10 -1 -1 
861 424 95 52 0.12205355614423752 9 -1 -1 
476 58 31 24 0.12195930629968643 10 -1 -1 
106 138 43 64 0.12131356447935104 5 -1 -1 
480 53 31 24 0.12103546410799026 10 -1 -1 
16 143 52 64 0.12031048536300659 5 -1 -1 
897 178 67 48 0.1197047084569931 10 -1 -1 
563 65 63 51 0.11806243658065796 10 -1 -1 
950 55 80 52 0.11748366057872772 6 -1 -1 
197 155 51 67 0.11592383682727814 4 -1 -1 
14 58 78 58 0.11590045690536499 6 -1 -1 
1090 589 65 85 0.11553918570280075 2 -1 -1 
484 86 22 29 0.11474913358688354 10 -1 -1 
475 59 29 22 0.11423660814762115 3 -1 -1 
8 35 68 54 0.11362669616937637 4 -1 -1 
861 424 96 52 0.11244779080152512 1 -1 -1 
259 67 30 31 0.11169330775737762 8 -1 -1 
931 510 99 75 0.1115933284163475 10 -1 -1 
594 38 69 53 0.10993076115846634 6 -1 -1 
897 178 67 49 0.10986702889204025 9 -1 -1 
594 39 68 52 0.10982304066419601 9 -1 -1 
1149 550 26 30 0.10863453894853592 2 -1 -1 
1150 538 28 38 0.10782589763402939 3 -1 -1 
172 317 71 70 0.10779894888401031 8 -1 -1 
1150 538 28 38 0.10669352859258652 10 -1 -1 
966 59 87 59 0.1063443124294281 4 -1 -1 
257 103 36 32 0.10468840599060059 10 -1 -1 
914 143 78 50 0.1044914722442627 8 -1 -1 
914 143 78 50 0.10311490297317505 6 -1 -1 
861 425 96 51 0.10258172452449799 7 -1 -1 
956 52 73 37 0.1023947224020958 5 -1 -1 
259 95 36 30 0.1019672155380249 10 -1 -1 
467 198 73 65 0.10148392617702484 4 -1 -1 
969 53 74 44 0.10111375153064728 6 -1 -1 
266 103 32 28 0.10092945396900177 7 -1 -1 
428 176 97 51 0.10085468739271164 5 -1 -1 
176 302 79 65 0.10052789747714996 5 -1 -1 
799 254 85 39 0.09906753897666931 1 -1 -1 
911 463 88 68 0.09872289001941681 9 -1 -1 
897 178 67 49 0.0982150137424469 5 -1 -1 
911 463 88 68 0.09798102080821991 1 -1 -1 
799 254 85 39 0.09785515069961548 9 -1 -1 
259 67 30 31 0.0977029949426651 7 -1 -1 
20 40 72 45 0.09731130301952362 4 -1 -1 
943 64 86 64 0.09720829129219055 9 -1 -1 
931 510 100 75 0.09635227918624878 6 -1 -1 
379 92 27 28 0.09591002762317657 10 -1 -1 
861 425 96 51 0.09568508714437485 6 -1 -1 
563 65 63 51 0.09506882727146149 1 -1 -1 
932 108 78 50 0.09392450004816055 1 -1 -1 
98 27 106 85 0.09302211552858353 6 -1 -1 
970 715 110 48 0.09281325340270996 6 -1 -1 
799 254 85 39 0.092275470495224 10 -1 -1 
897 178 67 48 0.09223487973213196 7 -1 -1 
338 98 20 31 0.09218362718820572 10 -1 -1 
931 510 100 75 0.09207749366760254 9 -1 -1 
106 138 43 64 0.09084449708461761 1 -1 -1 
138 148 60 89 0.0906866192817688 4 -1 -1 
943 64 86 63 0.09013687819242477 8 -1 -1 
563 65 63 51 0.08946803957223892 9 -1 -1 
380 127 44 63 0.08877196907997131 5 -1 -1 
940 57 134 88 0.08485859632492065 6 -1 -1 
939 57 124 82 0.08434507250785828 9 -1 -1 
389 149 137 100 0.08348316699266434 4 -1 -1 
387 158 141 96 0.0748061090707779 6 -1 -1 
89 -2 192 112 0.07257473468780518 5 -1 -1 
210 154 153 143 0.065494105219841 6 -1 -1 
51 21 160 97 0.06174255162477493 6 -1 -1 
390 162 137 90 0.0612066388130188 9 -1 -1 
390 162 137 90 0.06115970388054848 5 -1 -1 
940 55 123 83 0.05869964137673378 5 -1 -1 
940 57 134 88 0.05720270425081253 4 -1 -1 
