9 0 268 231 0.9330877065658569 6 -1 -1 
9 0 268 231 0.21939164400100708 7 -1 -1 
162 52 240 176 0.1507018506526947 9 -1 -1 
143 711 23 36 0.13410130143165588 1 -1 -1 
120 710 48 46 0.12391802668571472 1 -1 -1 
0 -20 259 242 0.12276765704154968 2 -1 -1 
157 60 241 172 0.11155153065919876 6 -1 -1 
0 1 180 297 0.1067081093788147 6 -1 -1 
1 -10 279 239 0.10594749450683594 8 -1 -1 
1 -10 279 239 0.10256608575582504 5 -1 -1 
42 88 21 23 0.09963148832321167 3 -1 -1 
147 87 160 147 0.09710927307605743 9 -1 -1 
1148 414 8 10 0.0967322438955307 4 -1 -1 
1239 590 73 50 0.0912647619843483 4 -1 -1 
1209 591 104 57 0.09031064808368683 4 -1 -1 
154 174 20 30 0.09025298058986664 1 -1 -1 
9 0 268 231 0.08504977077245712 10 -1 -1 
1147 414 9 11 0.08472219854593277 6 -1 -1 
14 18 283 210 0.08179967850446701 9 -1 -1 
4 -11 276 244 0.07802381366491318 4 -1 -1 
9 0 268 231 0.07774326950311661 3 -1 -1 
489 417 11 23 0.07605031132698059 1 -1 -1 
897 428 56 43 0.07462331652641296 4 -1 -1 
367 247 34 49 0.07012928277254105 3 -1 -1 
158 181 18 24 0.07004665583372116 1 -1 -1 
9 0 268 231 0.06625007838010788 1 -1 -1 
899 177 13 20 0.06370584666728973 1 -1 -1 
162 52 240 176 0.06308368593454361 5 -1 -1 
131 28 194 197 0.0613960362970829 9 -1 -1 
131 28 194 197 0.06078413873910904 6 -1 -1 
899 172 14 19 0.06035509705543518 1 -1 -1 
673 85 22 18 0.06025475263595581 3 -1 -1 
42 87 21 23 0.05857573077082634 1 -1 -1 
531 384 22 13 0.05785907059907913 3 -1 -1 
120 710 48 46 0.05751363933086395 2 -1 -1 
156 73 184 159 0.05696016922593117 4 -1 -1 
1147 414 9 11 0.05668747425079346 5 -1 -1 
1148 413 8 8 0.0541631244122982 6 -1 -1 
158 168 20 37 0.05416085198521614 1 -1 -1 
1345 609 13 31 0.054019227623939514 1 -1 -1 
900 177 12 20 0.053854893893003464 2 -1 -1 
900 172 15 19 0.052815210074186325 2 -1 -1 
712 88 30 24 0.05165092647075653 1 -1 -1 
716 89 24 23 0.05031760036945343 2 -1 -1 
24 51 260 182 0.05029372125864029 2 -1 -1 
