151 318 140 76 0.9958156943321228 6 -1 -1 
537 208 27 30 0.9875126481056213 6 -1 -1 
327 240 67 37 0.9874206185340881 5 -1 -1 
409 284 27 31 0.9498933553695679 7 -1 -1 
629 443 19 54 0.9104689955711365 1 -1 -1 
136 378 134 54 0.9101685881614685 4 -1 -1 
466 192 12 20 0.8989431262016296 7 -1 -1 
463 254 33 37 0.885093092918396 4 -1 -1 
255 432 18 46 0.8746171593666077 1 -1 -1 
518 179 54 23 0.8481901288032532 6 -1 -1 
232 447 22 48 0.8172448873519897 1 -1 -1 
72 445 14 36 0.8058132529258728 1 -1 -1 
646 356 37 30 0.7949211597442627 10 -1 -1 
473 133 12 12 0.7741937637329102 4 -1 -1 
320 216 40 15 0.7353248000144958 7 -1 -1 
673 369 39 30 0.7329757213592529 10 -1 -1 
446 198 7 15 0.7007964849472046 10 -1 -1 
446 193 7 15 0.6978069543838501 2 -1 -1 
670 313 45 30 0.697478175163269 10 -1 -1 
493 216 12 16 0.6867388486862183 10 -1 -1 
417 425 26 45 0.6733038425445557 2 -1 -1 
438 225 10 18 0.6701939702033997 10 -1 -1 
277 363 78 41 0.6701571941375732 7 -1 -1 
214 470 59 68 0.6676039099693298 8 -1 -1 
626 246 12 25 0.6623409986495972 1 -1 -1 
388 227 9 13 0.6615570187568665 2 -1 -1 
495 211 8 14 0.6503773927688599 2 -1 -1 
438 219 10 17 0.6473016142845154 2 -1 -1 
378 281 10 27 0.6452082991600037 1 -1 -1 
396 240 18 25 0.6424554586410522 7 -1 -1 
523 202 8 16 0.616125762462616 2 -1 -1 
524 207 8 14 0.6087420582771301 10 -1 -1 
469 142 10 14 0.6031312942504883 8 -1 -1 
304 262 43 42 0.598175048828125 5 -1 -1 
423 183 8 18 0.5981305241584778 1 -1 -1 
431 247 12 18 0.5975392460823059 10 -1 -1 
178 446 17 53 0.5887762308120728 1 -1 -1 
400 187 11 16 0.57016921043396 2 -1 -1 
416 432 28 56 0.560053825378418 10 -1 -1 
432 125 9 8 0.5566269159317017 4 -1 -1 
343 306 15 24 0.5545005202293396 2 -1 -1 
389 169 5 15 0.5530701279640198 1 -1 -1 
362 274 10 17 0.550690233707428 2 -1 -1 
617 212 71 33 0.5363734364509583 4 -1 -1 
150 486 24 54 0.5336291193962097 1 -1 -1 
420 237 10 20 0.5328027606010437 10 -1 -1 
503 204 11 17 0.5268493294715881 10 -1 -1 
432 240 10 19 0.5245621800422668 2 -1 -1 
370 219 9 18 0.5180103182792664 2 -1 -1 
314 353 16 27 0.5156421065330505 2 -1 -1 
465 191 10 19 0.5110271573066711 7 -1 -1 
295 236 10 25 0.5066701769828796 1 -1 -1 
261 264 86 39 0.5027332305908203 4 -1 -1 
399 170 6 13 0.5021500587463379 1 -1 -1 
399 227 10 18 0.497640997171402 2 -1 -1 
469 192 9 16 0.4968780279159546 2 -1 -1 
384 272 9 23 0.49217668175697327 1 -1 -1 
262 264 84 39 0.49079492688179016 5 -1 -1 
418 224 8 17 0.480796754360199 2 -1 -1 
232 258 12 27 0.4792914092540741 1 -1 -1 
408 277 10 21 0.4770522117614746 2 -1 -1 
507 119 10 10 0.47686997056007385 4 -1 -1 
490 181 8 12 0.47357863187789917 10 -1 -1 
465 190 7 19 0.4728367328643799 2 -1 -1 
407 221 8 22 0.4708593487739563 1 -1 -1 
503 202 8 13 0.4643515348434448 2 -1 -1 
501 203 7 14 0.46223685145378113 2 -1 -1 
459 176 5 15 0.46130701899528503 1 -1 -1 
214 266 14 31 0.45655399560928345 1 -1 -1 
458 176 7 15 0.45237934589385986 2 -1 -1 
464 167 5 12 0.4518277049064636 10 -1 -1 
378 233 9 13 0.4489581882953644 2 -1 -1 
398 239 8 17 0.4400567412376404 2 -1 -1 
506 202 7 13 0.4386468231678009 2 -1 -1 
361 277 26 21 0.43190041184425354 7 -1 -1 
431 119 8 7 0.4277518093585968 4 -1 -1 
186 495 21 44 0.421708881855011 1 -1 -1 
461 147 6 12 0.4131949543952942 2 -1 -1 
370 223 10 19 0.4112553000450134 10 -1 -1 
376 234 10 19 0.4076584577560425 1 -1 -1 
845 448 53 44 0.4074922204017639 10 -1 -1 
459 181 5 11 0.40643206238746643 10 -1 -1 
464 190 8 20 0.40528199076652527 1 -1 -1 
489 179 8 13 0.4005284905433655 2 -1 -1 
331 311 28 24 0.3985007405281067 2 -1 -1 
407 221 8 22 0.3977634608745575 2 -1 -1 
507 205 7 15 0.39717990159988403 10 -1 -1 
463 163 6 11 0.3969022333621979 2 -1 -1 
537 208 27 30 0.3952978551387787 7 -1 -1 
417 232 17 15 0.3952386975288391 10 -1 -1 
508 203 6 14 0.39451295137405396 2 -1 -1 
328 313 30 22 0.39072945713996887 10 -1 -1 
488 158 8 16 0.38901567459106445 1 -1 -1 
500 205 8 15 0.3872559070587158 10 -1 -1 
604 193 66 39 0.38482508063316345 5 -1 -1 
399 227 9 19 0.38455283641815186 1 -1 -1 
304 263 43 40 0.38374319672584534 8 -1 -1 
426 180 7 9 0.3802695870399475 4 -1 -1 
650 278 71 33 0.37923526763916016 7 -1 -1 
637 245 96 55 0.37664803862571716 6 -1 -1 
255 275 12 26 0.37578898668289185 1 -1 -1 
448 162 8 12 0.375577449798584 7 -1 -1 
415 230 15 15 0.37280064821243286 10 -1 -1 
470 142 9 8 0.3668346703052521 8 -1 -1 
490 144 6 11 0.3625241219997406 1 -1 -1 
151 318 140 76 0.36229732632637024 10 -1 -1 
393 277 20 21 0.35869112610816956 7 -1 -1 
214 266 14 31 0.3583083748817444 2 -1 -1 
496 141 35 22 0.35570064187049866 8 -1 -1 
457 121 4 7 0.3555428385734558 2 -1 -1 
470 142 9 8 0.354674756526947 7 -1 -1 
419 224 7 17 0.3507729172706604 1 -1 -1 
457 121 4 8 0.34763747453689575 1 -1 -1 
493 214 11 17 0.34651196002960205 2 -1 -1 
418 422 22 34 0.34531864523887634 2 -1 -1 
507 119 10 9 0.34427785873413086 6 -1 -1 
351 200 24 19 0.3438914716243744 8 -1 -1 
359 204 16 16 0.3426891267299652 10 -1 -1 
184 494 23 41 0.34189826250076294 2 -1 -1 
501 138 34 17 0.341721773147583 8 -1 -1 
395 165 14 12 0.34169793128967285 8 -1 -1 
489 158 7 16 0.3399428129196167 2 -1 -1 
423 184 7 15 0.3394184112548828 2 -1 -1 
229 479 59 60 0.3390468657016754 8 -1 -1 
604 202 60 31 0.33707743883132935 4 -1 -1 
314 354 17 26 0.3366853892803192 1 -1 -1 
328 315 29 21 0.3364306688308716 3 -1 -1 
457 121 4 8 0.33522656559944153 10 -1 -1 
638 248 85 54 0.3304862082004547 8 -1 -1 
397 239 9 20 0.3262749910354614 1 -1 -1 
459 181 5 11 0.32577332854270935 3 -1 -1 
499 148 31 20 0.3244967758655548 8 -1 -1 
361 274 17 23 0.32331663370132446 10 -1 -1 
489 146 7 19 0.3215024173259735 1 -1 -1 
284 254 30 20 0.32014140486717224 10 -1 -1 
328 315 29 20 0.3167547583580017 7 -1 -1 
503 204 11 17 0.3163004517555237 7 -1 -1 
446 193 7 16 0.31609803438186646 10 -1 -1 
489 181 9 12 0.31450989842414856 3 -1 -1 
501 204 12 16 0.3140961527824402 2 -1 -1 
500 205 7 14 0.3118695318698883 2 -1 -1 
409 231 13 16 0.311347633600235 10 -1 -1 
507 119 10 9 0.31119248270988464 5 -1 -1 
151 319 139 74 0.3101644814014435 7 -1 -1 
470 142 9 15 0.30908265709877014 7 -1 -1 
383 194 40 18 0.30881378054618835 4 -1 -1 
647 255 97 55 0.308732807636261 6 -1 -1 
392 165 14 11 0.3086923360824585 8 -1 -1 
384 278 8 23 0.30861297249794006 1 -1 -1 
644 264 81 46 0.30603262782096863 8 -1 -1 
430 119 9 8 0.30528318881988525 9 -1 -1 
389 241 8 20 0.3030901849269867 1 -1 -1 
299 255 15 19 0.3023010790348053 10 -1 -1 
472 153 6 12 0.3020923435688019 1 -1 -1 
431 244 11 19 0.30108270049095154 2 -1 -1 
389 169 5 15 0.3008407652378082 2 -1 -1 
295 362 12 30 0.3005376160144806 1 -1 -1 
389 240 8 17 0.30022600293159485 2 -1 -1 
151 318 140 76 0.29953527450561523 4 -1 -1 
327 240 67 37 0.2992804944515228 4 -1 -1 
611 210 53 28 0.2987234890460968 4 -1 -1 
387 169 5 14 0.29838430881500244 1 -1 -1 
497 144 8 20 0.29835769534111023 1 -1 -1 
601 190 47 41 0.2981204390525818 5 -1 -1 
537 208 27 30 0.2977687418460846 4 -1 -1 
461 148 7 12 0.2977183163166046 10 -1 -1 
417 433 27 55 0.29764723777770996 2 -1 -1 
461 148 7 12 0.2972080409526825 1 -1 -1 
15 467 53 44 0.29678109288215637 7 -1 -1 
320 207 40 20 0.29617661237716675 7 -1 -1 
272 365 84 39 0.2959771156311035 8 -1 -1 
343 228 21 16 0.29372546076774597 10 -1 -1 
627 246 12 25 0.29238361120224 2 -1 -1 
304 262 43 42 0.2891315221786499 4 -1 -1 
599 180 69 35 0.28886541724205017 5 -1 -1 
649 263 89 48 0.28191444277763367 7 -1 -1 
738 336 63 51 0.2757662832736969 4 -1 -1 
409 284 27 31 0.2637481689453125 3 -1 -1 
409 284 26 31 0.26283061504364014 8 -1 -1 
385 274 31 24 0.26210469007492065 7 -1 -1 
151 320 139 74 0.258788138628006 5 -1 -1 
828 449 57 54 0.25391462445259094 10 -1 -1 
214 471 59 67 0.24654744565486908 7 -1 -1 
612 207 69 33 0.24363408982753754 5 -1 -1 
0 372 77 53 0.23074187338352203 4 -1 -1 
605 192 79 39 0.22771206498146057 4 -1 -1 
409 284 26 31 0.22289863228797913 2 -1 -1 
325 204 39 19 0.2192222774028778 7 -1 -1 
247 352 107 48 0.21912549436092377 7 -1 -1 
599 180 69 35 0.21666839718818665 4 -1 -1 
589 175 64 35 0.2155536413192749 4 -1 -1 
320 215 39 16 0.21514128148555756 8 -1 -1 
345 199 31 20 0.21440908312797546 7 -1 -1 
308 198 37 18 0.21194681525230408 4 -1 -1 
728 335 63 52 0.21114149689674377 10 -1 -1 
645 255 114 55 0.21025283634662628 4 -1 -1 
151 320 139 74 0.20755702257156372 2 -1 -1 
636 238 126 72 0.2051512748003006 6 -1 -1 
642 251 99 59 0.20382604002952576 5 -1 -1 
639 248 86 56 0.20280270278453827 7 -1 -1 
151 318 140 76 0.20145317912101746 8 -1 -1 
724 323 70 63 0.19972386956214905 4 -1 -1 
409 284 26 31 0.19501300156116486 9 -1 -1 
327 240 67 37 0.19279687106609344 6 -1 -1 
589 175 64 35 0.19071030616760254 5 -1 -1 
59 474 90 65 0.19029027223587036 7 -1 -1 
639 247 83 51 0.18852068483829498 5 -1 -1 
617 212 80 33 0.1863776445388794 5 -1 -1 
409 284 27 31 0.18564505875110626 4 -1 -1 
362 273 34 24 0.18477913737297058 7 -1 -1 
151 319 139 74 0.18472617864608765 3 -1 -1 
513 147 70 29 0.18271145224571228 6 -1 -1 
602 182 86 41 0.1803843230009079 4 -1 -1 
4 457 60 50 0.17819933593273163 10 -1 -1 
602 182 86 41 0.1770498901605606 5 -1 -1 
612 202 83 36 0.1747100055217743 4 -1 -1 
319 201 42 18 0.17352044582366943 4 -1 -1 
330 200 46 20 0.1713486909866333 8 -1 -1 
843 459 55 45 0.17133460938930511 10 -1 -1 
513 163 60 30 0.167525053024292 6 -1 -1 
40 255 63 53 0.1667974293231964 4 -1 -1 
374 280 17 26 0.16668424010276794 1 -1 -1 
645 255 114 55 0.16575928032398224 8 -1 -1 
151 318 140 76 0.16513194143772125 1 -1 -1 
603 194 62 39 0.16448235511779785 9 -1 -1 
750 322 65 63 0.16267083585262299 4 -1 -1 
737 345 64 46 0.16121867299079895 10 -1 -1 
380 238 35 27 0.1607445627450943 7 -1 -1 
600 188 53 45 0.1602405309677124 4 -1 -1 
322 199 35 16 0.15892967581748962 4 -1 -1 
15 467 53 44 0.15868841111660004 8 -1 -1 
167 477 53 61 0.15837498009204865 8 -1 -1 
330 218 31 16 0.1577741801738739 7 -1 -1 
332 213 32 18 0.15665219724178314 7 -1 -1 
409 284 27 31 0.15617887675762177 6 -1 -1 
592 174 60 40 0.15429769456386566 6 -1 -1 
136 378 134 54 0.1525048017501831 9 -1 -1 
500 138 65 31 0.1519443690776825 6 -1 -1 
327 240 67 37 0.15121017396450043 8 -1 -1 
139 488 41 53 0.15094773471355438 1 -1 -1 
845 431 62 56 0.15016984939575195 10 -1 -1 
592 171 68 40 0.14827698469161987 9 -1 -1 
815 414 57 44 0.1469656080007553 10 -1 -1 
349 199 27 21 0.1469103991985321 10 -1 -1 
136 378 134 54 0.14621663093566895 6 -1 -1 
62 274 96 46 0.14588917791843414 4 -1 -1 
601 188 59 44 0.14556992053985596 6 -1 -1 
848 453 68 46 0.14548635482788086 10 -1 -1 
374 273 31 25 0.14525364339351654 7 -1 -1 
588 181 58 38 0.1439523696899414 4 -1 -1 
327 240 67 37 0.1437409669160843 10 -1 -1 
53 255 76 55 0.1435161978006363 4 -1 -1 
649 275 84 36 0.1430089920759201 6 -1 -1 
600 179 69 46 0.1429140716791153 9 -1 -1 
149 482 45 57 0.1424711048603058 1 -1 -1 
822 422 61 53 0.1419057548046112 10 -1 -1 
363 272 51 26 0.14148105680942535 7 -1 -1 
324 198 50 18 0.1381365954875946 4 -1 -1 
226 357 127 45 0.13645245134830475 6 -1 -1 
717 348 70 42 0.13532038033008575 10 -1 -1 
600 179 69 46 0.12919768691062927 6 -1 -1 
168 487 50 52 0.12903398275375366 2 -1 -1 
365 278 38 22 0.12777118384838104 1 -1 -1 
222 334 129 64 0.12706905603408813 6 -1 -1 
170 490 48 50 0.1268107295036316 1 -1 -1 
147 486 29 54 0.1258896440267563 2 -1 -1 
321 199 37 16 0.12553738057613373 10 -1 -1 
319 215 40 16 0.12524697184562683 6 -1 -1 
508 152 62 29 0.12419664114713669 6 -1 -1 
82 285 83 35 0.12345150858163834 4 -1 -1 
329 198 46 20 0.12177225202322006 7 -1 -1 
622 216 91 34 0.12170495092868805 4 -1 -1 
717 331 57 55 0.12107964605093002 10 -1 -1 
588 181 58 38 0.12055862694978714 5 -1 -1 
727 334 68 53 0.12013576924800873 8 -1 -1 
258 346 98 52 0.11963631957769394 8 -1 -1 
324 201 46 20 0.1186346709728241 6 -1 -1 
409 284 26 31 0.11826013773679733 1 -1 -1 
384 194 39 18 0.11805862933397293 5 -1 -1 
51 248 128 79 0.11802726984024048 4 -1 -1 
376 275 20 25 0.11726068705320358 7 -1 -1 
151 319 139 74 0.11712411046028137 9 -1 -1 
158 477 61 61 0.11663205176591873 7 -1 -1 
214 470 59 68 0.11631559580564499 3 -1 -1 
707 304 73 58 0.11627515405416489 4 -1 -1 
643 235 143 75 0.11619308590888977 5 -1 -1 
537 208 27 30 0.11578964442014694 5 -1 -1 
747 338 83 50 0.11548389494419098 4 -1 -1 
59 474 90 65 0.11527609080076218 8 -1 -1 
367 269 34 27 0.11435830593109131 8 -1 -1 
645 266 84 44 0.114165760576725 4 -1 -1 
395 239 19 26 0.11323022842407227 8 -1 -1 
637 245 109 52 0.11318698525428772 9 -1 -1 
136 378 134 54 0.11309010535478592 5 -1 -1 
643 239 159 72 0.11293531954288483 4 -1 -1 
320 216 39 16 0.11240334808826447 10 -1 -1 
317 207 42 21 0.11213230341672897 8 -1 -1 
388 275 29 23 0.11185579001903534 8 -1 -1 
730 325 67 62 0.11158652603626251 5 -1 -1 
837 413 54 56 0.11022511124610901 10 -1 -1 
637 245 109 52 0.10947225242853165 4 -1 -1 
56 284 88 44 0.10937651246786118 4 -1 -1 
229 479 59 60 0.10919080674648285 7 -1 -1 
593 179 53 50 0.10844999551773071 6 -1 -1 
340 228 29 23 0.10739327222108841 7 -1 -1 
819 430 60 62 0.10679497569799423 10 -1 -1 
415 423 29 63 0.10657623410224915 1 -1 -1 
14 368 72 49 0.10646697878837585 4 -1 -1 
324 200 49 19 0.1063828095793724 5 -1 -1 
830 408 52 53 0.10627157241106033 10 -1 -1 
640 241 99 45 0.10593090206384659 5 -1 -1 
136 378 134 54 0.10583238303661346 1 -1 -1 
537 208 28 30 0.10554478317499161 10 -1 -1 
323 200 37 17 0.10392428934574127 7 -1 -1 
327 240 67 37 0.10367996245622635 7 -1 -1 
513 175 60 27 0.10309688746929169 5 -1 -1 
623 255 89 53 0.10296546667814255 8 -1 -1 
166 326 185 75 0.10152018815279007 6 -1 -1 
327 240 67 37 0.09779182076454163 9 -1 -1 
344 234 73 34 0.0939493253827095 6 -1 -1 
811 416 106 94 0.09000030905008316 10 -1 -1 
650 250 144 75 0.08833322674036026 6 -1 -1 
136 378 134 54 0.08332240581512451 10 -1 -1 
32 252 107 99 0.08264655619859695 4 -1 -1 
637 236 158 75 0.0775144174695015 9 -1 -1 
326 241 66 35 0.07683094590902328 2 -1 -1 
361 267 60 33 0.07284576445817947 6 -1 -1 
716 301 114 90 0.0726882740855217 4 -1 -1 
188 466 102 74 0.07087717205286026 7 -1 -1 
599 171 124 68 0.06950042396783829 4 -1 -1 
304 261 43 43 0.06948260217905045 6 -1 -1 
235 333 122 71 0.06930451095104218 7 -1 -1 
599 171 124 68 0.06870460510253906 5 -1 -1 
642 227 170 81 0.06809873878955841 6 -1 -1 
327 240 67 37 0.06704258173704147 1 -1 -1 
0 334 87 99 0.06662303954362869 4 -1 -1 
304 262 44 44 0.0657145231962204 9 -1 -1 
711 295 106 93 0.0641307383775711 5 -1 -1 
651 253 155 66 0.06316636502742767 5 -1 -1 
387 274 49 40 0.06310730427503586 7 -1 -1 
252 344 108 69 0.06300404667854309 6 -1 -1 
368 270 62 36 0.06155741959810257 7 -1 -1 
638 205 138 83 0.06090260669589043 6 -1 -1 
643 248 124 62 0.05943519249558449 7 -1 -1 
188 466 102 74 0.05931210145354271 8 -1 -1 
139 344 137 77 0.05896749347448349 6 -1 -1 
145 341 139 73 0.05790790170431137 4 -1 -1 
90 476 191 66 0.05759816616773605 7 -1 -1 
75 475 195 67 0.05752139911055565 6 -1 -1 
689 261 132 85 0.057406507432460785 4 -1 -1 
353 254 62 36 0.05699143931269646 6 -1 -1 
305 255 62 43 0.056069158017635345 5 -1 -1 
327 240 67 37 0.055556781589984894 3 -1 -1 
601 173 124 67 0.05430285632610321 6 -1 -1 
638 205 138 83 0.05415523797273636 4 -1 -1 
601 173 124 67 0.05402088910341263 9 -1 -1 
55 246 130 78 0.053978949785232544 5 -1 -1 
344 234 73 34 0.05380589887499809 5 -1 -1 
136 378 134 54 0.05292227864265442 7 -1 -1 
614 188 128 66 0.05278848111629486 6 -1 -1 
344 234 73 34 0.052021440118551254 9 -1 -1 
305 255 62 43 0.05199166014790535 4 -1 -1 
689 261 132 85 0.051230289041996 6 -1 -1 
610 184 150 66 0.05007210001349449 4 -1 -1 
