641 300 50 73 0.9986960291862488 9 -1 -1 
360 310 66 100 0.9644291996955872 6 -1 -1 
423 488 50 67 0.9295182228088379 4 -1 -1 
532 109 14 14 0.9062188863754272 9 -1 -1 
480 195 16 15 0.8110333681106567 4 -1 -1 
617 213 15 13 0.7912596464157104 4 -1 -1 
1032 292 30 19 0.7909914255142212 4 -1 -1 
518 199 15 14 0.7744998335838318 4 -1 -1 
554 174 14 13 0.7714803218841553 4 -1 -1 
665 220 16 15 0.7614067792892456 4 -1 -1 
508 316 25 26 0.7604912519454956 4 -1 -1 
507 132 10 9 0.7537620663642883 4 -1 -1 
584 184 14 13 0.7239863276481628 4 -1 -1 
640 160 21 29 0.7050610184669495 6 -1 -1 
618 125 9 8 0.6763222813606262 4 -1 -1 
555 117 9 7 0.6515520215034485 4 -1 -1 
516 114 9 8 0.643681526184082 4 -1 -1 
534 119 12 16 0.6326844096183777 6 -1 -1 
608 113 12 19 0.62248694896698 6 -1 -1 
504 123 9 6 0.6029099225997925 4 -1 -1 
485 182 13 13 0.594294011592865 4 -1 -1 
576 118 6 6 0.58332359790802 4 -1 -1 
507 83 15 18 0.563596785068512 6 -1 -1 
558 125 8 8 0.5355638861656189 4 -1 -1 
656 235 20 19 0.5329660177230835 4 -1 -1 
416 239 44 57 0.5295680165290833 6 -1 -1 
504 115 7 7 0.5250692963600159 4 -1 -1 
578 145 10 11 0.514203667640686 5 -1 -1 
484 177 12 11 0.4881676733493805 4 -1 -1 
499 138 12 9 0.48340898752212524 4 -1 -1 
498 142 10 8 0.48055386543273926 4 -1 -1 
608 111 13 21 0.4759940505027771 9 -1 -1 
578 145 10 11 0.465688019990921 4 -1 -1 
494 157 11 11 0.4357251226902008 5 -1 -1 
641 300 50 72 0.4268976151943207 4 -1 -1 
656 235 20 19 0.4190714955329895 5 -1 -1 
485 182 13 12 0.4168868064880371 5 -1 -1 
430 128 14 21 0.41538867354393005 6 -1 -1 
525 93 11 9 0.41188371181488037 4 -1 -1 
494 157 11 11 0.39557963609695435 4 -1 -1 
558 125 8 8 0.38729333877563477 5 -1 -1 
641 300 50 72 0.380908727645874 10 -1 -1 
509 94 8 8 0.3794763684272766 4 -1 -1 
553 125 4 6 0.3780081868171692 10 -1 -1 
657 108 7 8 0.3680226802825928 4 -1 -1 
477 177 19 12 0.3658160865306854 4 -1 -1 
553 125 5 6 0.3615706264972687 2 -1 -1 
532 109 14 14 0.3593641221523285 6 -1 -1 
493 151 15 12 0.3573256731033325 4 -1 -1 
641 300 50 72 0.3513689637184143 3 -1 -1 
496 152 10 8 0.34703943133354187 4 -1 -1 
504 115 7 7 0.33873745799064636 5 -1 -1 
534 113 13 20 0.3386571407318115 6 -1 -1 
534 117 12 17 0.3296455442905426 9 -1 -1 
401 122 42 27 0.32241004705429077 6 -1 -1 
641 300 50 72 0.3223068118095398 5 -1 -1 
721 166 12 11 0.3199126124382019 4 -1 -1 
474 178 11 11 0.31795674562454224 4 -1 -1 
505 107 8 6 0.31560197472572327 4 -1 -1 
429 128 14 21 0.3151695430278778 8 -1 -1 
492 154 14 12 0.3113864064216614 4 -1 -1 
641 299 50 74 0.30709925293922424 1 -1 -1 
431 127 39 24 0.30529502034187317 6 -1 -1 
641 300 50 73 0.30487173795700073 2 -1 -1 
514 121 4 7 0.30165380239486694 1 -1 -1 
503 119 8 7 0.3004153072834015 4 -1 -1 
641 300 50 72 0.29606664180755615 7 -1 -1 
516 114 9 8 0.2942107319831848 5 -1 -1 
502 121 9 7 0.2911534607410431 4 -1 -1 
455 187 17 21 0.29079729318618774 6 -1 -1 
558 125 8 8 0.28362831473350525 8 -1 -1 
535 125 11 11 0.2760053873062134 6 -1 -1 
641 300 50 72 0.2731325626373291 6 -1 -1 
496 152 15 12 0.2700574994087219 4 -1 -1 
444 182 28 22 0.2663923501968384 6 -1 -1 
513 121 4 7 0.26360246539115906 1 -1 -1 
552 82 11 18 0.2617552578449249 6 -1 -1 
477 90 12 12 0.26134151220321655 4 -1 -1 
508 316 25 26 0.2578382194042206 5 -1 -1 
584 184 14 13 0.25224488973617554 5 -1 -1 
476 177 20 12 0.2502412497997284 5 -1 -1 
514 121 4 7 0.24755534529685974 2 -1 -1 
640 160 21 29 0.24299930036067963 5 -1 -1 
491 150 15 10 0.2414494901895523 4 -1 -1 
641 300 50 73 0.24140462279319763 8 -1 -1 
652 144 10 19 0.23990501463413239 6 -1 -1 
504 113 7 7 0.23561511933803558 4 -1 -1 
535 126 11 10 0.234872505068779 4 -1 -1 
494 148 12 9 0.23342470824718475 4 -1 -1 
405 214 33 14 0.23315496742725372 5 -1 -1 
484 177 13 11 0.2321901172399521 5 -1 -1 
450 178 26 21 0.23075325787067413 6 -1 -1 
553 125 4 7 0.22993415594100952 1 -1 -1 
526 113 6 7 0.22863152623176575 4 -1 -1 
473 93 15 9 0.2230749875307083 4 -1 -1 
555 119 8 8 0.2213912010192871 4 -1 -1 
462 176 15 15 0.2177494764328003 4 -1 -1 
513 120 4 7 0.21456025540828705 2 -1 -1 
399 248 58 94 0.2131822258234024 6 -1 -1 
536 115 11 15 0.2098349779844284 9 -1 -1 
657 109 7 6 0.20437213778495789 5 -1 -1 
515 121 3 7 0.2041659653186798 3 -1 -1 
486 159 14 9 0.20377478003501892 10 -1 -1 
501 138 10 8 0.20174245536327362 5 -1 -1 
531 110 9 11 0.2001165747642517 9 -1 -1 
721 166 12 10 0.19809308648109436 5 -1 -1 
1137 259 95 40 0.19798387587070465 6 -1 -1 
492 154 14 12 0.19796167314052582 5 -1 -1 
1136 260 43 38 0.19685322046279907 6 -1 -1 
558 125 8 8 0.1962306648492813 6 -1 -1 
430 129 13 21 0.19609098136425018 7 -1 -1 
503 85 15 16 0.19577273726463318 6 -1 -1 
426 121 59 31 0.19481584429740906 6 -1 -1 
402 239 58 76 0.19459833204746246 6 -1 -1 
518 199 15 14 0.1945633441209793 5 -1 -1 
527 115 5 7 0.19302856922149658 8 -1 -1 
515 121 3 7 0.19225402176380157 10 -1 -1 
511 122 5 6 0.19196999073028564 1 -1 -1 
497 139 11 10 0.19174757599830627 4 -1 -1 
393 273 59 74 0.1902948021888733 6 -1 -1 
558 125 8 8 0.18838688731193542 7 -1 -1 
421 129 22 20 0.18820002675056458 8 -1 -1 
439 133 29 20 0.18778228759765625 6 -1 -1 
495 152 13 12 0.18647564947605133 5 -1 -1 
508 93 10 9 0.18626843392848969 6 -1 -1 
535 128 11 8 0.1848440170288086 9 -1 -1 
492 158 13 10 0.18472371995449066 8 -1 -1 
502 140 10 8 0.18394996225833893 4 -1 -1 
640 160 21 29 0.18327687680721283 9 -1 -1 
657 109 8 11 0.18302713334560394 9 -1 -1 
523 92 11 9 0.18273356556892395 4 -1 -1 
516 154 5 8 0.1814919412136078 2 -1 -1 
553 125 4 7 0.1810554713010788 3 -1 -1 
502 137 10 8 0.18085813522338867 4 -1 -1 
484 92 20 11 0.18019656836986542 6 -1 -1 
421 125 24 25 0.1801060438156128 6 -1 -1 
479 88 11 14 0.1785060465335846 6 -1 -1 
460 164 26 24 0.1782897561788559 9 -1 -1 
509 94 9 8 0.17789344489574432 5 -1 -1 
553 125 5 7 0.17709022760391235 7 -1 -1 
457 176 24 14 0.17683251202106476 4 -1 -1 
434 180 37 23 0.17622511088848114 4 -1 -1 
527 115 5 7 0.17618845403194427 1 -1 -1 
443 326 7 18 0.17601583898067474 1 -1 -1 
383 237 76 119 0.1749122440814972 6 -1 -1 
514 121 3 7 0.17435532808303833 10 -1 -1 
1217 224 82 39 0.1741466075181961 4 -1 -1 
608 114 12 18 0.1728416532278061 5 -1 -1 
460 163 26 25 0.17242863774299622 6 -1 -1 
531 110 9 11 0.1721029430627823 6 -1 -1 
792 340 18 19 0.1718851625919342 4 -1 -1 
441 178 33 24 0.17161184549331665 9 -1 -1 
462 176 15 14 0.17133280634880066 5 -1 -1 
420 239 41 55 0.17108601331710815 5 -1 -1 
496 145 11 11 0.17058004438877106 4 -1 -1 
495 137 12 9 0.17055435478687286 4 -1 -1 
552 93 10 9 0.17019765079021454 4 -1 -1 
554 173 14 14 0.16987793147563934 5 -1 -1 
502 116 8 8 0.1696263551712036 4 -1 -1 
429 124 31 24 0.16886354982852936 6 -1 -1 
510 120 6 7 0.1687309443950653 1 -1 -1 
350 259 99 135 0.16770517826080322 6 -1 -1 
656 109 9 11 0.16768775880336761 5 -1 -1 
536 110 11 15 0.16760924458503723 9 -1 -1 
470 176 14 12 0.1672588437795639 4 -1 -1 
618 125 9 8 0.16725748777389526 5 -1 -1 
507 84 14 17 0.16703404486179352 5 -1 -1 
500 155 12 10 0.1667623370885849 4 -1 -1 
426 133 36 24 0.16663457453250885 6 -1 -1 
512 122 5 6 0.16550007462501526 3 -1 -1 
507 132 8 9 0.16501584649085999 5 -1 -1 
478 90 23 12 0.1634029597043991 6 -1 -1 
430 120 44 26 0.16324731707572937 6 -1 -1 
488 155 7 11 0.16241905093193054 2 -1 -1 
527 115 5 7 0.16119176149368286 4 -1 -1 
456 167 25 24 0.15907694399356842 6 -1 -1 
476 86 33 17 0.15845397114753723 6 -1 -1 
531 108 17 27 0.1519528031349182 6 -1 -1 
424 140 34 20 0.1477527767419815 6 -1 -1 
451 177 26 20 0.14707456529140472 9 -1 -1 
411 114 32 31 0.14499309659004211 6 -1 -1 
329 271 104 109 0.14403082430362701 6 -1 -1 
438 181 34 22 0.14171788096427917 5 -1 -1 
472 80 35 22 0.14136244356632233 6 -1 -1 
618 108 19 25 0.14051453769207 6 -1 -1 
364 272 87 59 0.13924793899059296 6 -1 -1 
397 298 54 52 0.13680599629878998 6 -1 -1 
342 238 115 102 0.1352793127298355 6 -1 -1 
360 310 66 100 0.13444629311561584 5 -1 -1 
598 82 54 21 0.13341592252254486 9 -1 -1 
478 82 32 20 0.13192610442638397 9 -1 -1 
461 157 26 26 0.13145656883716583 9 -1 -1 
552 83 32 20 0.13075321912765503 6 -1 -1 
640 160 21 29 0.13006584346294403 8 -1 -1 
1032 291 30 20 0.12972180545330048 5 -1 -1 
441 172 35 27 0.1290845423936844 6 -1 -1 
608 106 16 26 0.1290823072195053 6 -1 -1 
440 138 35 20 0.12494359165430069 6 -1 -1 
1137 259 95 40 0.12340342998504639 9 -1 -1 
448 185 24 22 0.11954682320356369 5 -1 -1 
420 239 41 55 0.11848115921020508 9 -1 -1 
391 237 67 49 0.11845366656780243 6 -1 -1 
531 108 17 27 0.11640305817127228 9 -1 -1 
360 310 66 100 0.11600897461175919 4 -1 -1 
454 172 24 22 0.11568451672792435 9 -1 -1 
1134 260 60 39 0.11420074850320816 9 -1 -1 
420 239 41 55 0.11394263058900833 4 -1 -1 
1134 240 127 63 0.11247783899307251 6 -1 -1 
618 108 19 25 0.11154786497354507 9 -1 -1 
323 227 128 50 0.11058682948350906 6 -1 -1 
394 115 54 37 0.10968156158924103 6 -1 -1 
1135 259 59 39 0.10882461816072464 5 -1 -1 
480 83 40 19 0.10791446268558502 6 -1 -1 
448 185 24 22 0.10783977806568146 9 -1 -1 
443 108 38 18 0.10728742182254791 4 -1 -1 
430 184 33 21 0.10678436607122421 4 -1 -1 
446 178 29 22 0.1063857153058052 5 -1 -1 
449 163 34 26 0.10630033910274506 6 -1 -1 
1219 221 79 37 0.10612054169178009 6 -1 -1 
563 83 36 21 0.10608133673667908 6 -1 -1 
360 310 67 100 0.10601411014795303 2 -1 -1 
434 176 36 26 0.10249148309230804 6 -1 -1 
423 488 49 66 0.1014195904135704 5 -1 -1 
421 130 27 26 0.09994813054800034 6 -1 -1 
384 260 69 60 0.09910131245851517 6 -1 -1 
398 123 45 27 0.09789584577083588 9 -1 -1 
1137 257 99 41 0.09658952057361603 5 -1 -1 
448 185 24 22 0.0962102934718132 4 -1 -1 
320 286 97 113 0.09610405564308167 6 -1 -1 
508 316 25 26 0.0957559123635292 6 -1 -1 
399 120 44 28 0.09575541317462921 5 -1 -1 
325 210 116 59 0.09479805827140808 6 -1 -1 
460 154 28 19 0.09306719154119492 9 -1 -1 
420 135 61 33 0.09273301810026169 6 -1 -1 
418 124 59 37 0.0926068127155304 6 -1 -1 
598 82 54 21 0.09174487739801407 6 -1 -1 
410 130 34 22 0.09057588875293732 6 -1 -1 
360 310 66 100 0.09037148207426071 7 -1 -1 
445 168 32 26 0.08976390212774277 9 -1 -1 
640 160 21 29 0.08927351981401443 7 -1 -1 
495 83 29 19 0.08854026347398758 6 -1 -1 
446 178 29 22 0.08843298256397247 4 -1 -1 
423 488 49 67 0.08747237175703049 1 -1 -1 
640 160 21 28 0.0860329195857048 4 -1 -1 
655 234 21 21 0.08597935736179352 6 -1 -1 
362 292 85 52 0.0849292129278183 6 -1 -1 
372 305 59 80 0.08483374863862991 6 -1 -1 
464 152 27 17 0.08467627316713333 9 -1 -1 
394 123 50 26 0.08361365646123886 4 -1 -1 
419 144 32 22 0.08261734992265701 6 -1 -1 
1032 291 30 20 0.08108428120613098 1 -1 -1 
360 310 66 100 0.08078409731388092 1 -1 -1 
440 135 37 20 0.08013616502285004 9 -1 -1 
451 174 26 21 0.07940147072076797 5 -1 -1 
385 304 56 47 0.07864654809236526 6 -1 -1 
392 302 57 47 0.0785769522190094 4 -1 -1 
431 127 44 24 0.07848050445318222 4 -1 -1 
437 170 36 30 0.07809683680534363 4 -1 -1 
453 181 22 25 0.07805781066417694 9 -1 -1 
360 356 48 55 0.07795526832342148 6 -1 -1 
563 88 29 24 0.07742385566234589 6 -1 -1 
1217 224 83 41 0.0766667053103447 5 -1 -1 
446 111 39 19 0.0764143094420433 4 -1 -1 
429 175 35 27 0.076395682990551 4 -1 -1 
382 246 75 61 0.07590196281671524 6 -1 -1 
451 174 26 21 0.07541783899068832 4 -1 -1 
1134 260 60 39 0.07527147233486176 8 -1 -1 
1138 253 117 45 0.07515963166952133 4 -1 -1 
418 154 30 21 0.0751381516456604 4 -1 -1 
464 152 27 17 0.07285910099744797 6 -1 -1 
360 310 66 100 0.07274892926216125 10 -1 -1 
420 239 41 55 0.07248198986053467 8 -1 -1 
430 142 37 23 0.07191247493028641 6 -1 -1 
360 310 66 100 0.07191042602062225 8 -1 -1 
438 183 34 22 0.0716671273112297 7 -1 -1 
508 316 25 26 0.07129024714231491 1 -1 -1 
453 181 22 25 0.07102862745523453 5 -1 -1 
432 119 44 25 0.07084912061691284 4 -1 -1 
448 185 24 22 0.07031641155481339 8 -1 -1 
423 488 49 67 0.06976880133152008 10 -1 -1 
435 114 41 19 0.06964508444070816 4 -1 -1 
433 169 36 31 0.06959337741136551 9 -1 -1 
460 154 28 19 0.0692497193813324 6 -1 -1 
432 115 42 20 0.06903862953186035 6 -1 -1 
1137 241 131 63 0.0687912255525589 5 -1 -1 
423 127 25 26 0.06847293674945831 8 -1 -1 
423 127 25 26 0.06827034056186676 7 -1 -1 
466 162 26 27 0.06800979375839233 6 -1 -1 
789 340 27 22 0.06759223341941833 7 -1 -1 
265 256 56 66 0.06728547811508179 4 -1 -1 
423 488 49 66 0.0671032965183258 9 -1 -1 
442 139 42 21 0.06687337160110474 9 -1 -1 
1214 221 64 35 0.06687144190073013 4 -1 -1 
661 217 23 21 0.06615928560495377 4 -1 -1 
437 170 36 30 0.06604281812906265 5 -1 -1 
466 146 32 18 0.06601426005363464 6 -1 -1 
430 181 34 22 0.06598538905382156 9 -1 -1 
405 115 38 31 0.06540248543024063 9 -1 -1 
420 125 24 25 0.06539544463157654 5 -1 -1 
411 291 43 56 0.06515031307935715 6 -1 -1 
466 162 26 27 0.06495290249586105 9 -1 -1 
509 82 33 19 0.06432870775461197 6 -1 -1 
426 120 23 27 0.06431695818901062 6 -1 -1 
355 307 57 99 0.06431372463703156 9 -1 -1 
426 147 40 22 0.06404376029968262 6 -1 -1 
558 87 28 19 0.06340205669403076 6 -1 -1 
398 275 53 74 0.0632370263338089 4 -1 -1 
640 160 21 29 0.0629352256655693 1 -1 -1 
354 233 106 71 0.0628509446978569 6 -1 -1 
338 220 122 197 0.06244095787405968 6 -1 -1 
1134 240 127 63 0.06202075630426407 9 -1 -1 
655 234 21 20 0.06197703257203102 9 -1 -1 
460 165 25 24 0.06182381883263588 5 -1 -1 
1134 260 84 39 0.061657119542360306 4 -1 -1 
405 112 55 41 0.06157246604561806 6 -1 -1 
440 135 37 20 0.061370350420475006 5 -1 -1 
1032 292 30 19 0.06136216223239899 6 -1 -1 
439 142 37 24 0.061125803738832474 6 -1 -1 
438 187 32 22 0.06097697839140892 4 -1 -1 
508 316 25 26 0.060806114226579666 9 -1 -1 
397 270 55 77 0.06035470589995384 7 -1 -1 
610 85 40 20 0.05943021923303604 9 -1 -1 
397 270 55 77 0.05940680578351021 5 -1 -1 
440 138 35 20 0.05911897495388985 4 -1 -1 
370 287 85 121 0.05688133463263512 6 -1 -1 
1136 234 155 68 0.054072290658950806 4 -1 -1 
304 235 154 78 0.05287807434797287 6 -1 -1 
426 121 59 31 0.0526905357837677 4 -1 -1 
361 327 89 92 0.05037418380379677 6 -1 -1 
