538 312 127 106 0.9932445883750916 6 -1 -1 
1003 146 48 60 0.9925320744514465 6 -1 -1 
962 111 109 51 0.9865656495094299 6 -1 -1 
844 174 130 63 0.9778868556022644 6 -1 -1 
373 193 13 33 0.8936123251914978 1 -1 -1 
388 164 269 127 0.875689685344696 6 -1 -1 
550 127 11 31 0.8704370260238647 1 -1 -1 
693 196 16 34 0.856498658657074 1 -1 -1 
559 313 106 57 0.8463587164878845 6 -1 -1 
248 75 62 37 0.5954038500785828 4 -1 -1 
248 75 63 37 0.5426661372184753 5 -1 -1 
538 312 127 106 0.37292176485061646 7 -1 -1 
357 65 10 15 0.35559988021850586 1 -1 -1 
464 57 175 78 0.318180114030838 6 -1 -1 
538 312 127 106 0.2676796019077301 4 -1 -1 
1182 163 23 22 0.24699409306049347 2 -1 -1 
962 111 109 51 0.24543149769306183 4 -1 -1 
994 142 58 25 0.23995032906532288 6 -1 -1 
1003 146 48 60 0.2130945324897766 7 -1 -1 
844 171 130 66 0.21275542676448822 4 -1 -1 
1003 146 48 60 0.20356453955173492 4 -1 -1 
1179 171 24 16 0.1859949827194214 2 -1 -1 
844 171 130 66 0.17783169448375702 5 -1 -1 
962 111 108 50 0.17605973780155182 7 -1 -1 
467 57 172 81 0.17605528235435486 9 -1 -1 
1003 146 48 60 0.174588143825531 10 -1 -1 
1003 146 48 60 0.17447203397750854 5 -1 -1 
538 312 127 106 0.17285503447055817 10 -1 -1 
377 162 273 126 0.16804121434688568 9 -1 -1 
373 193 13 33 0.15915486216545105 4 -1 -1 
962 111 108 50 0.1530434936285019 5 -1 -1 
386 169 264 118 0.14493800699710846 4 -1 -1 
538 312 127 106 0.14423303306102753 5 -1 -1 
1009 235 138 216 0.14262697100639343 6 -1 -1 
388 164 269 127 0.14184564352035522 5 -1 -1 
693 196 16 34 0.1367630958557129 4 -1 -1 
538 312 127 106 0.13659612834453583 3 -1 -1 
564 185 85 95 0.1348581314086914 6 -1 -1 
538 314 127 105 0.13250412046909332 8 -1 -1 
1031 236 114 143 0.13209213316440582 6 -1 -1 
605 263 26 17 0.12906421720981598 3 -1 -1 
358 65 9 15 0.12824293971061707 2 -1 -1 
551 128 10 30 0.12805627286434174 4 -1 -1 
1187 159 17 20 0.12293495237827301 2 -1 -1 
1003 146 48 60 0.12197024375200272 8 -1 -1 
1003 146 48 60 0.11639029532670975 2 -1 -1 
1168 199 21 20 0.11268935352563858 10 -1 -1 
393 195 266 150 0.11178635060787201 6 -1 -1 
538 312 127 106 0.1112087294459343 2 -1 -1 
489 220 158 66 0.10712765902280807 6 -1 -1 
559 313 106 57 0.10437829792499542 4 -1 -1 
568 314 98 56 0.10219746828079224 5 -1 -1 
569 339 32 45 0.1017901599407196 2 -1 -1 
1185 160 27 24 0.10145985335111618 2 -1 -1 
467 57 171 80 0.10113844275474548 5 -1 -1 
962 111 109 51 0.10067566484212875 10 -1 -1 
1010 144 47 37 0.09846993535757065 6 -1 -1 
561 13 11 15 0.09823393821716309 1 -1 -1 
844 174 129 62 0.09696468710899353 7 -1 -1 
367 193 18 38 0.09668109565973282 1 -1 -1 
1182 161 23 23 0.09640032052993774 1 -1 -1 
994 144 49 20 0.09537538141012192 9 -1 -1 
381 195 15 36 0.09188330918550491 1 -1 -1 
578 338 24 41 0.09181898832321167 2 -1 -1 
1004 146 48 60 0.08953507989645004 9 -1 -1 
389 198 14 38 0.0889570564031601 1 -1 -1 
1003 146 48 60 0.08796510845422745 3 -1 -1 
1171 190 25 27 0.08646261692047119 10 -1 -1 
962 111 108 51 0.08517027646303177 8 -1 -1 
962 111 108 50 0.08485695719718933 9 -1 -1 
962 111 109 51 0.08436824381351471 2 -1 -1 
983 287 154 175 0.08389346301555634 6 -1 -1 
435 193 216 104 0.08316661417484283 6 -1 -1 
538 312 127 106 0.08224937319755554 1 -1 -1 
694 196 15 35 0.0819188728928566 2 -1 -1 
425 219 187 64 0.08184833824634552 6 -1 -1 
550 127 11 31 0.08178223669528961 2 -1 -1 
393 178 48 39 0.0817299336194992 4 -1 -1 
844 174 129 62 0.08166913688182831 2 -1 -1 
538 312 127 106 0.08152982592582703 9 -1 -1 
1002 159 39 50 0.08131912350654602 6 -1 -1 
1003 146 48 60 0.08078159391880035 1 -1 -1 
460 238 192 74 0.08036363124847412 6 -1 -1 
926 182 52 40 0.0791926234960556 6 -1 -1 
248 75 62 36 0.07848169654607773 6 -1 -1 
1180 168 24 17 0.07830183207988739 1 -1 -1 
569 339 32 45 0.07810868322849274 1 -1 -1 
352 64 14 15 0.07784585654735565 1 -1 -1 
616 263 23 18 0.07711727172136307 3 -1 -1 
962 111 109 51 0.07478330284357071 3 -1 -1 
1174 184 31 29 0.07463497668504715 10 -1 -1 
1180 169 26 23 0.07377828657627106 10 -1 -1 
578 338 24 41 0.07376592606306076 1 -1 -1 
1106 4 10 22 0.07348530739545822 1 -1 -1 
844 174 130 63 0.07316167652606964 8 -1 -1 
386 159 219 88 0.07315602153539658 6 -1 -1 
994 142 58 25 0.0726904571056366 5 -1 -1 
977 142 86 19 0.07179471850395203 4 -1 -1 
687 196 21 34 0.07101868838071823 9 -1 -1 
375 200 13 32 0.070698581635952 1 -1 -1 
571 334 46 53 0.07042749971151352 2 -1 -1 
548 309 116 60 0.0697261244058609 9 -1 -1 
433 152 219 107 0.069684237241745 6 -1 -1 
1149 347 25 31 0.06880688667297363 3 -1 -1 
1144 342 29 31 0.06880204379558563 3 -1 -1 
551 128 16 31 0.06853662431240082 1 -1 -1 
1191 157 23 24 0.06815692037343979 2 -1 -1 
833 300 279 406 0.06814784556627274 5 -1 -1 
373 193 13 33 0.06810957193374634 10 -1 -1 
962 127 93 43 0.0676552951335907 6 -1 -1 
696 196 23 34 0.06730148941278458 1 -1 -1 
475 264 186 88 0.06703249365091324 6 -1 -1 
969 147 67 35 0.06694307923316956 9 -1 -1 
1176 171 25 27 0.06659334152936935 10 -1 -1 
460 238 192 74 0.06617312878370285 9 -1 -1 
389 195 12 31 0.06532955169677734 1 -1 -1 
1170 193 30 26 0.06529319286346436 4 -1 -1 
390 207 14 45 0.06488779932260513 1 -1 -1 
373 193 13 35 0.06461478769779205 2 -1 -1 
844 174 129 62 0.0642203539609909 10 -1 -1 
962 111 109 51 0.0641983225941658 1 -1 -1 
464 58 176 78 0.06406372785568237 4 -1 -1 
977 142 86 19 0.06394132971763611 5 -1 -1 
1171 198 16 24 0.06357569247484207 2 -1 -1 
462 63 133 61 0.06346769630908966 6 -1 -1 
1029 144 28 16 0.0633760616183281 6 -1 -1 
1115 119 15 40 0.06314242631196976 1 -1 -1 
592 314 83 56 0.06287235021591187 9 -1 -1 
914 235 228 300 0.0626678541302681 6 -1 -1 
1112 144 59 25 0.06262099742889404 10 -1 -1 
1177 178 34 28 0.06251712143421173 10 -1 -1 
846 173 129 64 0.06247594207525253 9 -1 -1 
596 313 75 56 0.062460530549287796 4 -1 -1 
1032 145 25 16 0.062448900192976 1 -1 -1 
994 144 49 20 0.06205575913190842 7 -1 -1 
353 65 13 15 0.06188275292515755 2 -1 -1 
858 287 262 336 0.0616656132042408 6 -1 -1 
1170 196 23 23 0.06160327047109604 7 -1 -1 
1097 114 32 29 0.06151704490184784 4 -1 -1 
1004 165 45 45 0.0613287128508091 9 -1 -1 
1109 142 25 25 0.06120733916759491 1 -1 -1 
1144 342 29 31 0.0610848106443882 1 -1 -1 
997 137 65 61 0.06106727942824364 6 -1 -1 
248 75 63 37 0.06093484163284302 9 -1 -1 
1159 5 8 18 0.060715802013874054 1 -1 -1 
1112 117 46 28 0.06061439961194992 4 -1 -1 
248 75 62 37 0.060597240924835205 1 -1 -1 
1144 342 29 31 0.06057186424732208 10 -1 -1 
1082 166 21 21 0.06055016443133354 2 -1 -1 
1171 198 16 24 0.0604986771941185 1 -1 -1 
393 178 48 39 0.060404278337955475 5 -1 -1 
1109 142 25 25 0.06034496799111366 2 -1 -1 
994 142 58 25 0.05966147035360336 4 -1 -1 
1149 347 25 31 0.05883745849132538 1 -1 -1 
994 142 58 25 0.05876478925347328 8 -1 -1 
698 198 21 33 0.05836121737957001 9 -1 -1 
1175 199 18 27 0.058319125324487686 1 -1 -1 
1149 347 25 31 0.05829951912164688 10 -1 -1 
551 128 10 30 0.05825333669781685 10 -1 -1 
1179 172 16 15 0.05797332152724266 2 -1 -1 
1010 144 47 37 0.057933509349823 9 -1 -1 
1189 155 20 20 0.057876940816640854 2 -1 -1 
1044 144 17 15 0.05732979252934456 1 -1 -1 
990 240 153 225 0.05618507042527199 9 -1 -1 
571 334 46 53 0.056174349039793015 1 -1 -1 
844 174 129 62 0.05594271793961525 1 -1 -1 
1179 172 20 16 0.05578622221946716 1 -1 -1 
1179 173 18 15 0.05572685971856117 9 -1 -1 
470 270 186 71 0.055325329303741455 9 -1 -1 
395 244 250 52 0.055158667266368866 6 -1 -1 
1110 116 21 29 0.054924048483371735 4 -1 -1 
1109 145 17 18 0.0548022985458374 1 -1 -1 
1175 199 18 27 0.054796185344457626 2 -1 -1 
388 164 269 127 0.054750967770814896 7 -1 -1 
1175 199 18 27 0.05464136600494385 10 -1 -1 
550 127 11 31 0.05451779067516327 3 -1 -1 
596 313 75 56 0.05448360741138458 6 -1 -1 
1067 200 20 21 0.05442512407898903 9 -1 -1 
501 312 168 61 0.054357413202524185 4 -1 -1 
604 263 26 17 0.054149217903614044 10 -1 -1 
460 238 192 74 0.05399157106876373 4 -1 -1 
1191 157 23 24 0.053913697600364685 1 -1 -1 
1170 193 30 26 0.05352216213941574 6 -1 -1 
1170 193 30 26 0.05326644703745842 8 -1 -1 
694 196 15 34 0.053263504058122635 3 -1 -1 
1109 143 23 25 0.053221020847558975 3 -1 -1 
1108 93 75 72 0.05321737006306648 6 -1 -1 
565 330 87 74 0.05314159393310547 2 -1 -1 
824 259 356 455 0.052941009402275085 6 -1 -1 
1110 130 20 33 0.052874404937028885 1 -1 -1 
1144 331 26 38 0.052873142063617706 1 -1 -1 
511 7 10 12 0.05263661593198776 9 -1 -1 
1168 200 19 22 0.05256720259785652 9 -1 -1 
1189 155 20 20 0.052532605826854706 1 -1 -1 
1120 138 59 30 0.05239137262105942 9 -1 -1 
1144 331 26 38 0.05233228951692581 3 -1 -1 
519 194 132 83 0.052179496735334396 6 -1 -1 
465 307 201 65 0.052161019295454025 6 -1 -1 
361 193 21 36 0.051338981837034225 9 -1 -1 
541 181 109 61 0.05063460394740105 6 -1 -1 
1173 204 15 31 0.05057036876678467 9 -1 -1 
1106 9 8 19 0.050337620079517365 1 -1 -1 
1171 198 16 24 0.050093673169612885 8 -1 -1 
