850 304 169 89 0.9961833357810974 6 -1 -1 
1180 244 163 100 0.9875574111938477 6 -1 -1 
729 325 71 69 0.977493166923523 5 -1 -1 
800 293 60 67 0.9756727814674377 5 -1 -1 
21 583 137 171 0.9471402168273926 4 -1 -1 
147 254 66 58 0.9332336783409119 4 -1 -1 
195 187 36 33 0.925836443901062 7 -1 -1 
573 143 38 31 0.9211241006851196 4 -1 -1 
578 315 69 65 0.9202316403388977 4 -1 -1 
323 142 36 35 0.9082366228103638 4 -1 -1 
253 185 13 25 0.8685287237167358 3 -1 -1 
346 31 11 15 0.8664016127586365 7 -1 -1 
298 19 21 16 0.8326859474182129 4 -1 -1 
356 8 18 16 0.8295754194259644 4 -1 -1 
623 207 58 44 0.8218488693237305 4 -1 -1 
562 123 35 29 0.8170539736747742 4 -1 -1 
553 108 31 25 0.8118330836296082 4 -1 -1 
963 294 99 57 0.8093579411506653 4 -1 -1 
495 47 29 28 0.7984183430671692 6 -1 -1 
226 121 38 37 0.7968653440475464 4 -1 -1 
242 112 30 28 0.7951422929763794 4 -1 -1 
546 91 28 24 0.7948847413063049 4 -1 -1 
0 416 96 65 0.7879651188850403 7 -1 -1 
485 11 18 15 0.7808635830879211 4 -1 -1 
287 34 21 19 0.7694822549819946 4 -1 -1 
928 631 174 133 0.7537223696708679 4 -1 -1 
537 73 22 26 0.751150369644165 8 -1 -1 
1252 219 86 43 0.738420844078064 4 -1 -1 
1116 235 74 43 0.7323585152626038 4 -1 -1 
277 195 15 28 0.719386875629425 2 -1 -1 
321 180 13 26 0.7156857252120972 2 -1 -1 
304 12 19 15 0.7008503079414368 4 -1 -1 
506 37 21 17 0.6985467076301575 4 -1 -1 
528 65 24 23 0.6747762560844421 4 -1 -1 
288 160 14 29 0.6563236713409424 2 -1 -1 
949 205 17 25 0.6502222418785095 10 -1 -1 
597 168 38 40 0.6473440527915955 5 -1 -1 
278 206 15 25 0.6434116959571838 10 -1 -1 
283 42 20 17 0.6408989429473877 4 -1 -1 
289 169 14 25 0.6324597001075745 10 -1 -1 
253 174 12 29 0.631852924823761 2 -1 -1 
252 99 23 19 0.6314195394515991 4 -1 -1 
491 55 8 21 0.6313331127166748 1 -1 -1 
322 187 13 26 0.6234675049781799 10 -1 -1 
282 59 9 19 0.6208298206329346 1 -1 -1 
1194 230 80 31 0.5973424315452576 4 -1 -1 
306 5 17 15 0.5904186367988586 4 -1 -1 
275 50 31 23 0.5877475142478943 5 -1 -1 
313 0 20 14 0.5797805190086365 4 -1 -1 
1 412 40 50 0.5755706429481506 2 -1 -1 
720 666 147 97 0.5601214170455933 5 -1 -1 
1189 236 82 36 0.5451900959014893 4 -1 -1 
347 29 9 12 0.5389242172241211 2 -1 -1 
206 156 38 35 0.5253847241401672 5 -1 -1 
64 88 9 22 0.5169256925582886 1 -1 -1 
24 414 31 35 0.49970418214797974 2 -1 -1 
949 206 17 24 0.4914133548736572 3 -1 -1 
491 62 7 14 0.4620077311992645 3 -1 -1 
523 54 21 21 0.452593594789505 4 -1 -1 
513 50 24 19 0.4468192458152771 4 -1 -1 
858 305 63 33 0.42590761184692383 4 -1 -1 
598 168 36 40 0.4152112603187561 4 -1 -1 
1 369 20 43 0.4106476306915283 3 -1 -1 
205 157 39 34 0.40964823961257935 4 -1 -1 
850 304 169 89 0.39804607629776 10 -1 -1 
491 55 8 19 0.3962835967540741 2 -1 -1 
0 421 31 43 0.393402099609375 2 -1 -1 
58 432 19 30 0.38945817947387695 2 -1 -1 
199 191 15 23 0.3865629732608795 2 -1 -1 
537 74 21 26 0.3839174211025238 4 -1 -1 
275 50 31 22 0.3829457461833954 4 -1 -1 
1179 242 81 34 0.38013163208961487 4 -1 -1 
211 77 32 15 0.37974390387535095 7 -1 -1 
204 128 15 27 0.371023029088974 2 -1 -1 
537 73 22 26 0.36990800499916077 5 -1 -1 
548 97 27 23 0.3663555979728699 4 -1 -1 
196 86 30 35 0.366142600774765 4 -1 -1 
523 53 23 23 0.36188140511512756 5 -1 -1 
850 304 169 89 0.35767069458961487 7 -1 -1 
301 15 19 16 0.35528725385665894 4 -1 -1 
322 187 12 26 0.3488590717315674 3 -1 -1 
537 74 21 25 0.3487150967121124 7 -1 -1 
1276 406 65 44 0.3468353748321533 4 -1 -1 
307 3 18 14 0.33212846517562866 4 -1 -1 
346 29 10 12 0.33106815814971924 7 -1 -1 
253 174 12 29 0.3298358917236328 1 -1 -1 
201 190 21 21 0.3246014416217804 2 -1 -1 
278 206 15 25 0.32179567217826843 3 -1 -1 
11 413 40 42 0.31769439578056335 2 -1 -1 
516 20 6 13 0.3094010055065155 1 -1 -1 
1161 244 72 40 0.3075612485408783 4 -1 -1 
57 432 19 32 0.30504411458969116 1 -1 -1 
205 157 39 34 0.30475348234176636 6 -1 -1 
203 92 24 25 0.3024423122406006 4 -1 -1 
519 50 24 21 0.29857954382896423 4 -1 -1 
253 176 12 30 0.2975279986858368 3 -1 -1 
281 45 24 21 0.29203495383262634 4 -1 -1 
719 666 150 96 0.2882629334926605 4 -1 -1 
1243 251 97 48 0.28754982352256775 6 -1 -1 
252 98 24 20 0.28493502736091614 6 -1 -1 
288 160 14 29 0.28456223011016846 1 -1 -1 
226 121 38 38 0.2832401990890503 5 -1 -1 
1311 214 47 41 0.28294265270233154 4 -1 -1 
278 196 14 28 0.2795247435569763 1 -1 -1 
195 186 38 35 0.27917754650115967 10 -1 -1 
1192 242 101 40 0.27865108847618103 4 -1 -1 
528 65 23 23 0.2775214910507202 5 -1 -1 
496 48 22 26 0.2763065695762634 7 -1 -1 
837 694 215 67 0.2724625766277313 4 -1 -1 
204 130 13 25 0.27235010266304016 1 -1 -1 
231 116 36 34 0.2723354995250702 4 -1 -1 
496 47 20 24 0.27228742837905884 6 -1 -1 
747 298 11 29 0.2701673209667206 1 -1 -1 
528 31 19 17 0.2685161530971527 4 -1 -1 
517 20 8 15 0.2671789824962616 1 -1 -1 
537 73 22 27 0.2666955292224884 6 -1 -1 
849 304 169 90 0.2633626163005829 4 -1 -1 
306 5 17 15 0.26331400871276855 5 -1 -1 
521 21 7 15 0.260943740606308 1 -1 -1 
314 0 19 14 0.25883325934410095 5 -1 -1 
321 180 13 26 0.2561180591583252 1 -1 -1 
207 94 30 19 0.25520896911621094 4 -1 -1 
196 85 30 35 0.254162073135376 5 -1 -1 
858 305 41 30 0.2524845004081726 4 -1 -1 
729 325 71 69 0.24992729723453522 4 -1 -1 
288 169 15 25 0.24654848873615265 3 -1 -1 
133 70 23 13 0.24586519598960876 4 -1 -1 
849 304 169 90 0.2453368604183197 5 -1 -1 
211 77 32 15 0.24432802200317383 4 -1 -1 
30 419 28 36 0.23862342536449432 2 -1 -1 
517 51 25 22 0.2367740124464035 5 -1 -1 
1262 253 95 55 0.23611684143543243 6 -1 -1 
1 412 40 50 0.23548553884029388 1 -1 -1 
1208 231 95 40 0.2336355596780777 4 -1 -1 
1161 253 84 50 0.22847042977809906 4 -1 -1 
281 62 8 17 0.22732053697109222 1 -1 -1 
850 304 169 89 0.22710543870925903 3 -1 -1 
850 304 169 89 0.22631597518920898 8 -1 -1 
1245 252 66 36 0.22576414048671722 4 -1 -1 
516 21 6 12 0.22329935431480408 3 -1 -1 
182 125 35 30 0.22255845367908478 4 -1 -1 
517 20 8 14 0.22170548141002655 3 -1 -1 
525 51 27 22 0.220660999417305 4 -1 -1 
927 632 176 132 0.2198028266429901 5 -1 -1 
252 98 24 20 0.21937833726406097 7 -1 -1 
24 414 30 37 0.21761679649353027 1 -1 -1 
720 666 149 97 0.21534888446331024 6 -1 -1 
799 293 61 68 0.2150554358959198 4 -1 -1 
280 56 12 22 0.2150060534477234 4 -1 -1 
729 325 71 69 0.21437332034111023 8 -1 -1 
242 112 30 28 0.20960788428783417 5 -1 -1 
200 90 37 29 0.2094736397266388 4 -1 -1 
195 186 38 35 0.20750653743743896 3 -1 -1 
849 304 169 90 0.20537647604942322 2 -1 -1 
195 186 38 35 0.2020556777715683 8 -1 -1 
188 81 39 35 0.20073972642421722 4 -1 -1 
204 73 38 20 0.19974710047245026 4 -1 -1 
10 437 87 45 0.1914280205965042 7 -1 -1 
963 293 99 57 0.1894470602273941 5 -1 -1 
1180 244 163 100 0.18875178694725037 4 -1 -1 
1268 213 90 45 0.18815210461616516 4 -1 -1 
1246 250 97 47 0.18700642883777618 4 -1 -1 
516 50 29 25 0.18206238746643066 6 -1 -1 
1220 246 93 39 0.1818593591451645 4 -1 -1 
0 417 96 64 0.18025444447994232 8 -1 -1 
1276 405 83 60 0.17555320262908936 4 -1 -1 
1253 250 92 40 0.1712941974401474 5 -1 -1 
530 67 27 26 0.16987775266170502 4 -1 -1 
906 485 148 77 0.1660258024930954 4 -1 -1 
877 647 182 114 0.16322629153728485 4 -1 -1 
1286 254 72 76 0.16117002069950104 6 -1 -1 
1230 227 86 41 0.1588856428861618 4 -1 -1 
206 147 30 37 0.15785276889801025 4 -1 -1 
142 59 35 24 0.157278910279274 4 -1 -1 
721 666 144 97 0.15720951557159424 9 -1 -1 
849 304 169 90 0.15610863268375397 1 -1 -1 
1180 244 163 98 0.15474645793437958 7 -1 -1 
1229 249 96 41 0.15419355034828186 6 -1 -1 
1186 241 83 36 0.1507098376750946 5 -1 -1 
1295 429 64 57 0.14998497068881989 4 -1 -1 
195 186 38 35 0.14894133806228638 4 -1 -1 
206 156 39 35 0.14766888320446014 8 -1 -1 
147 65 41 20 0.1473771631717682 4 -1 -1 
1180 244 163 100 0.14630040526390076 10 -1 -1 
726 687 297 74 0.1425952911376953 4 -1 -1 
189 67 52 25 0.1383213847875595 4 -1 -1 
729 325 71 69 0.13778474926948547 10 -1 -1 
849 305 170 90 0.13599981367588043 9 -1 -1 
186 57 46 21 0.13591507077217102 4 -1 -1 
180 81 46 40 0.13441646099090576 5 -1 -1 
1300 204 58 50 0.1339917927980423 5 -1 -1 
1192 232 83 37 0.1327923834323883 5 -1 -1 
195 187 36 33 0.13189539313316345 2 -1 -1 
178 86 48 38 0.13005630671977997 4 -1 -1 
19 583 139 171 0.1299760341644287 1 -1 -1 
1252 219 87 42 0.12698110938072205 5 -1 -1 
1294 204 64 49 0.12659907341003418 4 -1 -1 
524 54 27 27 0.12566277384757996 6 -1 -1 
1180 244 163 100 0.1249452456831932 5 -1 -1 
187 75 46 26 0.1248040422797203 4 -1 -1 
189 59 51 28 0.1210382878780365 4 -1 -1 
800 293 60 67 0.12080349028110504 8 -1 -1 
199 80 39 26 0.11984290182590485 4 -1 -1 
527 58 28 28 0.1183682233095169 4 -1 -1 
729 325 71 70 0.1182987242937088 6 -1 -1 
963 294 98 56 0.11786691099405289 6 -1 -1 
729 325 71 69 0.11720221489667892 2 -1 -1 
1253 250 92 40 0.1170634850859642 8 -1 -1 
1149 260 87 55 0.1162082627415657 4 -1 -1 
799 293 61 68 0.11544710397720337 6 -1 -1 
1206 244 101 43 0.11467302590608597 6 -1 -1 
0 417 95 64 0.11458474397659302 6 -1 -1 
286 160 18 35 0.11377742886543274 10 -1 -1 
132 62 40 24 0.11258713155984879 4 -1 -1 
928 307 94 46 0.11254408955574036 4 -1 -1 
622 207 59 45 0.11186303198337555 5 -1 -1 
245 104 29 29 0.11186137795448303 4 -1 -1 
247 98 28 27 0.11067374050617218 4 -1 -1 
729 325 71 69 0.10947517305612564 7 -1 -1 
226 121 38 38 0.10944637656211853 6 -1 -1 
578 314 68 66 0.10724308341741562 5 -1 -1 
147 254 66 58 0.1066804826259613 1 -1 -1 
172 114 44 40 0.10646870732307434 4 -1 -1 
21 583 137 171 0.10477244853973389 9 -1 -1 
231 116 36 34 0.10471468418836594 5 -1 -1 
1272 249 85 42 0.10444962233304977 6 -1 -1 
193 188 25 33 0.10440335422754288 7 -1 -1 
163 128 53 28 0.10420811176300049 4 -1 -1 
1138 240 76 42 0.10409773886203766 4 -1 -1 
1206 250 131 62 0.10385730862617493 6 -1 -1 
1251 219 87 43 0.10304860025644302 1 -1 -1 
724 681 295 80 0.10277123749256134 6 -1 -1 
195 187 36 33 0.10236230492591858 6 -1 -1 
194 83 32 36 0.1022903248667717 6 -1 -1 
149 67 51 23 0.10163222998380661 4 -1 -1 
189 96 36 32 0.10109709203243256 4 -1 -1 
1191 214 84 37 0.1002410277724266 4 -1 -1 
1211 240 96 39 0.10016705840826035 5 -1 -1 
170 76 57 40 0.10007224231958389 4 -1 -1 
530 67 27 26 0.09998541325330734 5 -1 -1 
210 144 31 34 0.09892439097166061 4 -1 -1 
497 38 32 26 0.09800202399492264 6 -1 -1 
1247 250 92 41 0.0979871079325676 7 -1 -1 
244 98 30 27 0.09750396758317947 6 -1 -1 
1116 235 74 43 0.0973125472664833 5 -1 -1 
195 186 38 35 0.0970856174826622 9 -1 -1 
1175 244 91 47 0.09616266936063766 4 -1 -1 
0 409 61 67 0.09412045776844025 7 -1 -1 
493 47 25 28 0.09407594799995422 8 -1 -1 
1252 218 87 42 0.09390196204185486 6 -1 -1 
1180 244 163 98 0.09036911278963089 8 -1 -1 
1180 244 163 100 0.08087802678346634 3 -1 -1 
1180 244 163 100 0.07252590358257294 2 -1 -1 
1144 233 189 93 0.06671667098999023 6 -1 -1 
201 147 57 49 0.0660945326089859 6 -1 -1 
1180 244 163 100 0.06493237614631653 1 -1 -1 
1188 260 156 90 0.061496611684560776 9 -1 -1 
1211 231 147 97 0.059089697897434235 6 -1 -1 
-9 391 110 96 0.058068081736564636 7 -1 -1 
146 81 81 41 0.05681789293885231 4 -1 -1 
