703 190 33 48 0.9987830519676208 9 -1 -1 
937 263 29 29 0.9776424169540405 5 -1 -1 
713 428 93 50 0.9470475316047668 4 -1 -1 
348 481 134 56 0.9349265694618225 4 -1 -1 
925 308 37 29 0.9206520915031433 4 -1 -1 
997 383 101 43 0.9189184308052063 4 -1 -1 
291 334 49 40 0.9163864254951477 5 -1 -1 
535 521 151 64 0.9094606041908264 4 -1 -1 
1 530 162 71 0.9006363749504089 4 -1 -1 
485 359 47 45 0.8987764716148376 4 -1 -1 
77 450 108 42 0.8895328640937805 7 -1 -1 
934 590 25 55 0.8848680853843689 1 -1 -1 
856 483 148 65 0.8802083134651184 4 -1 -1 
79 394 107 50 0.8677705526351929 4 -1 -1 
968 348 93 36 0.865709125995636 4 -1 -1 
0 386 89 55 0.8647017478942871 4 -1 -1 
623 218 21 19 0.8592326641082764 4 -1 -1 
581 190 17 14 0.8588969707489014 4 -1 -1 
682 472 49 32 0.8586011528968811 10 -1 -1 
680 563 25 47 0.8486343622207642 1 -1 -1 
971 372 87 34 0.8378254175186157 4 -1 -1 
580 299 34 32 0.8306787014007568 4 -1 -1 
819 447 37 33 0.8224879503250122 10 -1 -1 
906 243 20 16 0.8104449510574341 10 -1 -1 
591 184 15 12 0.8096667528152466 4 -1 -1 
570 209 20 18 0.8031219244003296 4 -1 -1 
953 322 83 35 0.8001463413238525 4 -1 -1 
568 320 41 44 0.7950608730316162 4 -1 -1 
889 281 51 26 0.793418824672699 4 -1 -1 
873 269 51 22 0.7898044586181641 4 -1 -1 
697 461 23 39 0.7806065678596497 2 -1 -1 
605 255 27 27 0.7802349328994751 4 -1 -1 
626 180 24 14 0.7794305682182312 4 -1 -1 
1063 402 114 42 0.7612082958221436 4 -1 -1 
396 233 25 19 0.7553814053535461 4 -1 -1 
525 289 12 21 0.7542262673377991 2 -1 -1 
667 143 9 8 0.7471344470977783 4 -1 -1 
581 242 27 24 0.746690034866333 4 -1 -1 
703 176 13 12 0.7310287952423096 4 -1 -1 
1056 517 152 70 0.7289652824401855 4 -1 -1 
548 357 46 56 0.7220278978347778 4 -1 -1 
470 349 16 25 0.7183465957641602 10 -1 -1 
637 150 23 10 0.7128025889396667 4 -1 -1 
595 178 14 12 0.7116659879684448 4 -1 -1 
470 340 15 28 0.702833354473114 2 -1 -1 
605 166 12 11 0.6974029541015625 4 -1 -1 
723 492 23 39 0.6883130669593811 7 -1 -1 
723 493 24 38 0.6819047927856445 10 -1 -1 
863 258 47 21 0.6815445423126221 4 -1 -1 
1073 425 112 46 0.6784741878509521 4 -1 -1 
524 296 13 19 0.6783117651939392 10 -1 -1 
601 173 13 12 0.6716378927230835 4 -1 -1 
563 217 17 18 0.6376703977584839 4 -1 -1 
326 371 17 34 0.6278433799743652 1 -1 -1 
684 549 19 44 0.6234644651412964 1 -1 -1 
613 197 7 11 0.6225953102111816 10 -1 -1 
614 193 6 11 0.604945957660675 2 -1 -1 
829 249 26 23 0.5930003523826599 4 -1 -1 
230 339 64 28 0.5879802107810974 4 -1 -1 
708 185 13 12 0.5812363028526306 4 -1 -1 
646 135 8 6 0.5798308849334717 4 -1 -1 
884 227 19 15 0.5478747487068176 3 -1 -1 
449 232 37 23 0.5477202534675598 4 -1 -1 
1062 376 36 23 0.5245847702026367 10 -1 -1 
352 366 13 34 0.5088421106338501 1 -1 -1 
829 437 14 32 0.5083286762237549 2 -1 -1 
879 302 10 17 0.5077427625656128 10 -1 -1 
998 296 12 21 0.49822983145713806 10 -1 -1 
116 444 19 30 0.4955253601074219 2 -1 -1 
384 210 9 18 0.4925439655780792 1 -1 -1 
595 209 18 21 0.48907461762428284 5 -1 -1 
803 226 22 21 0.4881817698478699 4 -1 -1 
673 127 7 8 0.48785123229026794 7 -1 -1 
825 439 26 35 0.4855779707431793 2 -1 -1 
602 168 13 11 0.4783700406551361 4 -1 -1 
673 127 7 8 0.4612174928188324 4 -1 -1 
352 365 13 31 0.46040841937065125 2 -1 -1 
625 165 5 11 0.438292533159256 2 -1 -1 
597 176 13 12 0.4367745816707611 4 -1 -1 
694 155 5 10 0.43268537521362305 2 -1 -1 
595 209 18 21 0.4316204786300659 4 -1 -1 
724 487 21 40 0.43119296431541443 2 -1 -1 
703 190 33 48 0.4301290810108185 4 -1 -1 
1056 517 151 71 0.4205310046672821 5 -1 -1 
821 442 29 32 0.4106501340866089 10 -1 -1 
595 209 18 21 0.4071323275566101 6 -1 -1 
810 205 33 17 0.39847299456596375 4 -1 -1 
892 229 15 16 0.3928512632846832 10 -1 -1 
650 140 10 8 0.3880579471588135 4 -1 -1 
694 157 5 10 0.3878985643386841 10 -1 -1 
1207 613 51 31 0.38766205310821533 10 -1 -1 
894 230 13 15 0.3852006494998932 3 -1 -1 
703 190 33 48 0.3849177360534668 3 -1 -1 
829 437 14 33 0.37484174966812134 1 -1 -1 
454 229 39 24 0.37354394793510437 4 -1 -1 
655 159 5 9 0.37178075313568115 2 -1 -1 
802 226 23 21 0.37156999111175537 5 -1 -1 
703 190 33 48 0.36579811573028564 10 -1 -1 
456 224 43 22 0.3543589413166046 4 -1 -1 
673 127 7 8 0.3540847897529602 8 -1 -1 
639 126 7 7 0.35397306084632874 4 -1 -1 
352 371 13 30 0.35047605633735657 10 -1 -1 
878 274 49 24 0.348995566368103 4 -1 -1 
656 160 5 10 0.348662793636322 1 -1 -1 
703 190 33 48 0.34761515259742737 7 -1 -1 
1208 598 40 45 0.3454306721687317 10 -1 -1 
633 146 4 8 0.34443584084510803 10 -1 -1 
685 468 40 35 0.34054726362228394 2 -1 -1 
703 461 17 29 0.3404753804206848 2 -1 -1 
625 166 5 11 0.3360588848590851 1 -1 -1 
1208 598 33 45 0.33542680740356445 3 -1 -1 
703 190 33 48 0.33305346965789795 1 -1 -1 
640 142 3 9 0.33225592970848083 1 -1 -1 
682 472 49 32 0.3320935368537903 3 -1 -1 
613 197 6 11 0.33047792315483093 2 -1 -1 
703 190 33 48 0.3285018801689148 5 -1 -1 
887 229 18 16 0.3280703127384186 3 -1 -1 
625 167 5 11 0.32710713148117065 10 -1 -1 
202 354 65 26 0.3248703181743622 4 -1 -1 
998 295 11 19 0.3214647173881531 2 -1 -1 
703 190 33 48 0.3175419867038727 2 -1 -1 
694 157 5 10 0.3169362545013428 3 -1 -1 
837 239 17 17 0.31671011447906494 4 -1 -1 
524 296 13 19 0.31343549489974976 3 -1 -1 
352 371 13 30 0.310682475566864 3 -1 -1 
625 167 5 11 0.3095210790634155 3 -1 -1 
816 215 27 13 0.30269789695739746 4 -1 -1 
655 160 6 10 0.29768994450569153 10 -1 -1 
473 347 13 22 0.2959756553173065 2 -1 -1 
632 146 5 7 0.29442256689071655 2 -1 -1 
703 190 33 48 0.293806254863739 8 -1 -1 
696 460 24 40 0.2926577925682068 1 -1 -1 
549 357 45 56 0.2922620475292206 5 -1 -1 
1208 612 44 31 0.2892562747001648 3 -1 -1 
525 295 13 20 0.2883320450782776 2 -1 -1 
474 354 13 18 0.2877405881881714 10 -1 -1 
563 217 17 19 0.2877081036567688 5 -1 -1 
614 199 6 9 0.28673839569091797 3 -1 -1 
1017 319 20 17 0.28626060485839844 10 -1 -1 
1062 375 37 24 0.28596755862236023 3 -1 -1 
632 146 5 8 0.28321078419685364 1 -1 -1 
953 322 85 35 0.2814778983592987 5 -1 -1 
1070 406 134 58 0.2811746299266815 4 -1 -1 
1208 598 67 47 0.2799355387687683 10 -1 -1 
472 355 14 17 0.27861714363098145 3 -1 -1 
1091 430 115 51 0.27799880504608154 4 -1 -1 
655 160 6 10 0.27734097838401794 3 -1 -1 
613 201 6 9 0.27709922194480896 10 -1 -1 
885 224 15 15 0.2757991552352905 3 -1 -1 
897 230 11 15 0.2754068076610565 10 -1 -1 
291 334 49 40 0.2747081220149994 4 -1 -1 
703 190 33 48 0.27343666553497314 6 -1 -1 
600 169 13 12 0.27287957072257996 4 -1 -1 
885 228 19 15 0.2726375162601471 10 -1 -1 
78 451 107 41 0.2712530195713043 6 -1 -1 
825 439 26 35 0.26807117462158203 1 -1 -1 
792 240 27 20 0.26679927110671997 4 -1 -1 
900 229 7 16 0.26603442430496216 3 -1 -1 
639 126 7 7 0.2653604745864868 7 -1 -1 
78 451 107 41 0.25383639335632324 8 -1 -1 
218 335 76 32 0.2416740357875824 5 -1 -1 
1207 601 107 50 0.235896497964859 4 -1 -1 
937 264 29 28 0.21485470235347748 4 -1 -1 
795 226 30 27 0.2145835906267166 4 -1 -1 
212 330 80 37 0.20624208450317383 4 -1 -1 
440 236 41 24 0.20413212478160858 4 -1 -1 
862 257 48 23 0.20412379503250122 5 -1 -1 
856 481 147 67 0.1919763833284378 5 -1 -1 
822 242 33 28 0.1918659210205078 4 -1 -1 
423 251 35 26 0.18579129874706268 4 -1 -1 
1208 604 95 45 0.18561701476573944 10 -1 -1 
458 214 41 25 0.18545657396316528 4 -1 -1 
193 344 82 33 0.17957381904125214 4 -1 -1 
1073 423 113 49 0.17656058073043823 5 -1 -1 
828 250 30 24 0.173393115401268 5 -1 -1 
463 200 40 23 0.17290093004703522 4 -1 -1 
889 280 51 26 0.17287254333496094 5 -1 -1 
789 231 32 28 0.170995831489563 4 -1 -1 
801 225 34 25 0.16628073155879974 4 -1 -1 
1208 603 106 49 0.164225235581398 7 -1 -1 
580 242 28 25 0.1608191430568695 5 -1 -1 
458 224 43 21 0.15767818689346313 5 -1 -1 
857 263 50 19 0.15746982395648956 4 -1 -1 
968 348 93 36 0.1567721664905548 5 -1 -1 
0 386 89 55 0.15445971488952637 5 -1 -1 
1173 513 61 72 0.15415841341018677 4 -1 -1 
874 268 51 23 0.1516329050064087 5 -1 -1 
459 207 39 21 0.15155667066574097 9 -1 -1 
1208 598 67 47 0.15041236579418182 3 -1 -1 
1065 402 114 47 0.14636075496673584 5 -1 -1 
446 225 43 25 0.14631469547748566 4 -1 -1 
1091 430 115 51 0.14528270065784454 5 -1 -1 
810 204 35 17 0.1448669284582138 5 -1 -1 
828 249 30 25 0.1446494609117508 6 -1 -1 
931 482 72 52 0.1435757577419281 4 -1 -1 
462 226 42 26 0.14315806329250336 4 -1 -1 
535 522 151 63 0.14089152216911316 9 -1 -1 
1208 597 72 48 0.1391986906528473 4 -1 -1 
795 233 30 31 0.13836027681827545 4 -1 -1 
78 451 107 41 0.13809046149253845 3 -1 -1 
967 355 87 39 0.13802962005138397 4 -1 -1 
807 229 34 27 0.13746899366378784 4 -1 -1 
792 224 32 24 0.13713985681533813 5 -1 -1 
806 223 36 22 0.13617438077926636 4 -1 -1 
977 376 94 39 0.13546471297740936 4 -1 -1 
712 428 94 50 0.13296177983283997 1 -1 -1 
1088 417 152 68 0.13138948380947113 4 -1 -1 
816 237 32 28 0.13116969168186188 4 -1 -1 
998 384 100 42 0.13069048523902893 5 -1 -1 
193 344 82 33 0.12958355247974396 5 -1 -1 
805 237 34 28 0.1279476284980774 4 -1 -1 
1104 444 87 56 0.12765918672084808 4 -1 -1 
604 255 28 27 0.12728461623191833 5 -1 -1 
937 263 29 29 0.12513254582881927 8 -1 -1 
1172 520 103 65 0.12413470447063446 4 -1 -1 
855 256 45 22 0.1238422766327858 4 -1 -1 
457 194 46 23 0.12121764570474625 4 -1 -1 
1206 594 111 55 0.12113236635923386 5 -1 -1 
1207 587 46 58 0.12044867128133774 3 -1 -1 
1208 604 95 45 0.1195589229464531 3 -1 -1 
968 348 93 36 0.11815598607063293 1 -1 -1 
78 451 107 41 0.11521299183368683 4 -1 -1 
312 281 74 44 0.11304918676614761 4 -1 -1 
454 229 39 24 0.1121668890118599 5 -1 -1 
1 530 162 70 0.11086389422416687 5 -1 -1 
878 274 49 24 0.11080427467823029 5 -1 -1 
1063 402 109 41 0.1107865422964096 1 -1 -1 
425 251 37 26 0.11022290587425232 5 -1 -1 
1070 406 134 58 0.11014523357152939 5 -1 -1 
1210 580 89 63 0.10994777828454971 4 -1 -1 
1208 597 72 48 0.10993984341621399 7 -1 -1 
857 236 41 22 0.10953274369239807 8 -1 -1 
1078 397 135 54 0.10891822725534439 4 -1 -1 
320 363 24 41 0.10832604020833969 1 -1 -1 
430 240 38 24 0.1082461029291153 4 -1 -1 
1086 415 176 74 0.10814065486192703 6 -1 -1 
1056 516 151 72 0.10772048681974411 6 -1 -1 
998 384 100 42 0.10744630545377731 1 -1 -1 
78 394 111 51 0.10733692348003387 5 -1 -1 
937 263 29 29 0.1069713681936264 6 -1 -1 
1220 582 109 70 0.10659553110599518 4 -1 -1 
856 483 148 65 0.10647403448820114 9 -1 -1 
889 281 51 26 0.10622690618038177 6 -1 -1 
348 481 134 56 0.10504043102264404 5 -1 -1 
874 268 51 23 0.10469935834407806 1 -1 -1 
826 251 31 29 0.10297262668609619 4 -1 -1 
813 218 33 24 0.10250727087259293 4 -1 -1 
1206 594 111 55 0.10194502770900726 6 -1 -1 
968 348 93 36 0.10127509385347366 6 -1 -1 
78 449 105 43 0.1000095009803772 2 -1 -1 
789 231 32 28 0.09999478608369827 5 -1 -1 
828 249 30 25 0.09909020364284515 8 -1 -1 
453 213 43 26 0.0987747386097908 9 -1 -1 
348 481 134 56 0.09677174687385559 1 -1 -1 
1086 415 176 74 0.0955546572804451 9 -1 -1 
1086 415 176 74 0.08905253559350967 5 -1 -1 
1182 517 148 99 0.07293765246868134 4 -1 -1 
1209 570 132 82 0.07121410220861435 6 -1 -1 
1100 426 169 77 0.06761760264635086 4 -1 -1 
1073 383 170 84 0.06343039125204086 4 -1 -1 
1208 524 137 116 0.06285107880830765 4 -1 -1 
1205 579 127 78 0.062449272722005844 9 -1 -1 
856 483 148 65 0.06215839087963104 6 -1 -1 
1073 383 170 84 0.06026580184698105 6 -1 -1 
1170 507 146 82 0.05883455276489258 4 -1 -1 
347 478 136 62 0.05725673958659172 9 -1 -1 
1205 574 129 80 0.056371476501226425 5 -1 -1 
856 483 148 65 0.053699981421232224 1 -1 -1 
1208 524 137 116 0.05166381224989891 6 -1 -1 
856 483 148 65 0.051282621920108795 10 -1 -1 
