492 582 94 169 0.9492616653442383 4 -1 -1 
274 115 45 47 0.9334020018577576 4 -1 -1 
751 597 151 148 0.9287019371986389 4 -1 -1 
1028 154 84 41 0.9164783358573914 4 -1 -1 
62 61 43 41 0.9086157083511353 4 -1 -1 
850 65 47 36 0.9066715836524963 4 -1 -1 
681 313 118 104 0.8760381937026978 4 -1 -1 
1102 514 25 52 0.8587310910224915 1 -1 -1 
1306 151 52 38 0.8422670960426331 4 -1 -1 
1258 310 46 34 0.8383839130401611 10 -1 -1 
280 0 29 22 0.8284437656402588 4 -1 -1 
665 0 9 23 0.8275941610336304 1 -1 -1 
1269 395 28 48 0.8272354006767273 1 -1 -1 
667 574 27 52 0.8073253631591797 1 -1 -1 
5 4 39 30 0.7969549894332886 4 -1 -1 
792 17 31 31 0.7799292206764221 4 -1 -1 
674 -1 9 22 0.7697651982307434 1 -1 -1 
0 219 55 54 0.764970600605011 4 -1 -1 
153 48 13 27 0.7426180243492126 1 -1 -1 
1276 303 26 36 0.7281507849693298 2 -1 -1 
1333 209 23 29 0.7259612679481506 10 -1 -1 
711 8 26 18 0.722347617149353 8 -1 -1 
807 116 10 28 0.7047395706176758 1 -1 -1 
254 345 21 41 0.6914496421813965 10 -1 -1 
629 19 25 18 0.682090163230896 10 -1 -1 
950 46 68 36 0.6793609857559204 4 -1 -1 
798 117 11 32 0.6648213267326355 1 -1 -1 
253 332 20 32 0.6617307066917419 2 -1 -1 
538 0 29 21 0.6416704654693604 4 -1 -1 
1283 102 28 20 0.6301547884941101 10 -1 -1 
1338 202 19 29 0.6179583668708801 2 -1 -1 
688 53 12 30 0.6174889206886292 1 -1 -1 
694 43 33 29 0.616637110710144 5 -1 -1 
548 14 41 27 0.6154527068138123 4 -1 -1 
5 26 34 29 0.6080322265625 4 -1 -1 
713 57 8 27 0.6018049716949463 1 -1 -1 
230 66 11 21 0.5931209325790405 2 -1 -1 
370 157 52 66 0.5847160220146179 4 -1 -1 
228 71 16 25 0.5775047540664673 10 -1 -1 
8 100 25 38 0.5713983774185181 8 -1 -1 
548 14 42 27 0.5273777842521667 7 -1 -1 
5 26 34 30 0.5168618559837341 5 -1 -1 
951 46 67 36 0.4578773081302643 5 -1 -1 
693 43 34 30 0.4502948820590973 4 -1 -1 
1289 97 23 23 0.4406280517578125 10 -1 -1 
1088 11 52 33 0.4305441975593567 9 -1 -1 
370 156 52 67 0.42871153354644775 5 -1 -1 
1294 91 18 27 0.4219016432762146 2 -1 -1 
549 14 40 28 0.41820892691612244 6 -1 -1 
229 62 11 20 0.4171994626522064 2 -1 -1 
699 62 10 22 0.41166552901268005 2 -1 -1 
1288 101 13 18 0.39227646589279175 2 -1 -1 
255 340 19 32 0.37536314129829407 2 -1 -1 
1291 99 13 19 0.32849252223968506 2 -1 -1 
549 16 9 23 0.32713189721107483 1 -1 -1 
228 67 15 27 0.3268783688545227 2 -1 -1 
711 9 26 17 0.32114338874816895 7 -1 -1 
699 60 10 23 0.30580276250839233 1 -1 -1 
1090 18 33 25 0.3017555773258209 7 -1 -1 
1289 97 23 23 0.2929803133010864 2 -1 -1 
695 56 13 28 0.28717052936553955 1 -1 -1 
230 75 13 22 0.2863695025444031 3 -1 -1 
1293 91 19 26 0.27033311128616333 10 -1 -1 
695 56 15 27 0.2636200189590454 2 -1 -1 
630 20 23 17 0.2625194787979126 3 -1 -1 
1090 18 33 25 0.2625123858451843 4 -1 -1 
714 55 7 21 0.2564530372619629 1 -1 -1 
253 332 21 36 0.2500740885734558 1 -1 -1 
1275 303 27 35 0.245519757270813 1 -1 -1 
261 359 11 27 0.24517804384231567 2 -1 -1 
689 55 13 28 0.2430279701948166 2 -1 -1 
549 16 9 21 0.24206607043743134 2 -1 -1 
681 314 119 103 0.23780910670757294 5 -1 -1 
254 346 20 39 0.23634643852710724 2 -1 -1 
19 64 13 31 0.23613151907920837 10 -1 -1 
1089 23 26 21 0.23563557863235474 7 -1 -1 
1089 9 27 34 0.23478692770004272 9 -1 -1 
712 49 14 34 0.23416461050510406 1 -1 -1 
712 8 10 18 0.2315492480993271 2 -1 -1 
229 64 14 26 0.23097775876522064 1 -1 -1 
229 65 9 20 0.22667595744132996 2 -1 -1 
19 0 32 12 0.2202731817960739 5 -1 -1 
700 64 9 20 0.22013475000858307 10 -1 -1 
1339 202 18 28 0.2169666588306427 1 -1 -1 
1303 90 10 19 0.2167378067970276 2 -1 -1 
1284 101 24 20 0.21407465636730194 2 -1 -1 
1270 305 31 35 0.21148759126663208 10 -1 -1 
261 359 11 27 0.20759634673595428 1 -1 -1 
260 357 13 19 0.2074437290430069 2 -1 -1 
668 -1 12 23 0.20559446513652802 1 -1 -1 
153 48 13 27 0.20500290393829346 2 -1 -1 
1337 211 14 21 0.2035781890153885 2 -1 -1 
229 63 13 26 0.20266610383987427 10 -1 -1 
1089 9 27 34 0.20245566964149475 6 -1 -1 
19 65 13 30 0.2015422135591507 3 -1 -1 
689 52 17 29 0.20095527172088623 1 -1 -1 
254 333 14 24 0.2003956437110901 2 -1 -1 
1090 18 33 25 0.19707785546779633 8 -1 -1 
260 347 14 23 0.19224902987480164 2 -1 -1 
1288 104 19 16 0.19069413840770721 10 -1 -1 
1293 91 19 26 0.19066154956817627 1 -1 -1 
551 15 9 19 0.18906812369823456 2 -1 -1 
1284 303 20 32 0.18899847567081451 2 -1 -1 
792 16 31 32 0.18844377994537354 5 -1 -1 
229 62 11 20 0.18779046833515167 1 -1 -1 
254 336 20 37 0.18534936010837555 10 -1 -1 
803 117 12 30 0.18407593667507172 1 -1 -1 
1261 311 41 32 0.18306320905685425 2 -1 -1 
1089 13 24 30 0.18273666501045227 4 -1 -1 
1090 16 39 28 0.1807326376438141 6 -1 -1 
553 15 10 18 0.179120734333992 2 -1 -1 
1082 6 43 38 0.17818757891654968 9 -1 -1 
233 65 9 18 0.177118718624115 2 -1 -1 
520 0 45 21 0.1763523817062378 4 -1 -1 
712 9 10 18 0.17609955370426178 1 -1 -1 
1089 13 24 30 0.1753130853176117 7 -1 -1 
712 59 9 25 0.17334169149398804 2 -1 -1 
20 0 31 11 0.17165589332580566 4 -1 -1 
254 346 21 40 0.1703057587146759 7 -1 -1 
537 0 30 21 0.170186847448349 5 -1 -1 
22 64 10 18 0.1673952043056488 2 -1 -1 
1258 310 46 34 0.16619570553302765 4 -1 -1 
1337 214 15 21 0.16475868225097656 10 -1 -1 
1282 396 16 48 0.1639499068260193 1 -1 -1 
549 14 40 28 0.1630547046661377 8 -1 -1 
1087 25 27 19 0.16140338778495789 4 -1 -1 
700 69 9 17 0.16132882237434387 2 -1 -1 
258 351 14 22 0.16031868755817413 2 -1 -1 
1300 90 12 23 0.15992359817028046 1 -1 -1 
632 17 18 16 0.15972886979579926 2 -1 -1 
1282 104 29 18 0.15924668312072754 3 -1 -1 
630 19 23 18 0.15859630703926086 8 -1 -1 
553 15 10 20 0.15793518722057343 1 -1 -1 
16 58 17 37 0.15659712255001068 1 -1 -1 
1085 13 53 32 0.15614400804042816 4 -1 -1 
1089 13 24 30 0.15434236824512482 8 -1 -1 
1088 9 52 35 0.15230445563793182 6 -1 -1 
1259 312 43 32 0.15060602128505707 3 -1 -1 
1292 100 17 18 0.15060408413410187 10 -1 -1 
261 345 16 38 0.14657212793827057 2 -1 -1 
797 122 9 26 0.14550697803497314 1 -1 -1 
714 65 8 19 0.14517128467559814 1 -1 -1 
696 54 21 28 0.145086869597435 2 -1 -1 
630 19 23 18 0.14493165910243988 7 -1 -1 
697 55 10 21 0.14278574287891388 2 -1 -1 
548 14 14 25 0.14269429445266724 2 -1 -1 
1343 206 12 24 0.1405397355556488 2 -1 -1 
254 346 21 40 0.14000825583934784 3 -1 -1 
1289 97 23 23 0.13987325131893158 3 -1 -1 
1088 11 52 33 0.13896337151527405 5 -1 -1 
10 60 22 35 0.13877390325069427 10 -1 -1 
16 57 16 29 0.13654972612857819 2 -1 -1 
233 75 11 21 0.13603080809116364 10 -1 -1 
229 69 12 24 0.1353677213191986 3 -1 -1 
547 14 28 27 0.13528308272361755 1 -1 -1 
800 117 9 25 0.134962260723114 2 -1 -1 
1102 514 26 52 0.1347130984067917 4 -1 -1 
668 575 26 51 0.13410575687885284 4 -1 -1 
5 26 34 30 0.13223940134048462 6 -1 -1 
1304 90 9 21 0.13143327832221985 1 -1 -1 
228 71 16 25 0.13134805858135223 7 -1 -1 
714 55 7 21 0.13051587343215942 2 -1 -1 
1335 215 14 20 0.12956377863883972 2 -1 -1 
702 51 22 32 0.12911474704742432 1 -1 -1 
807 116 10 27 0.12894777953624725 2 -1 -1 
1089 23 26 21 0.12867580354213715 8 -1 -1 
548 15 17 25 0.1280817985534668 1 -1 -1 
1089 20 23 24 0.12804631888866425 6 -1 -1 
16 57 16 29 0.12795118987560272 10 -1 -1 
696 54 21 28 0.1267571598291397 1 -1 -1 
751 597 151 149 0.12605905532836914 9 -1 -1 
255 347 15 23 0.12585331499576569 2 -1 -1 
701 59 9 22 0.12579970061779022 2 -1 -1 
1311 50 18 28 0.12419681996107101 10 -1 -1 
547 12 31 25 0.12255463749170303 2 -1 -1 
808 115 8 17 0.12229803204536438 2 -1 -1 
265 347 11 24 0.12053856998682022 2 -1 -1 
488 581 101 176 0.1010909229516983 9 -1 -1 
751 597 151 148 0.10035709291696548 10 -1 -1 
547 13 43 29 0.09963551163673401 5 -1 -1 
0 52 32 50 0.0981857031583786 7 -1 -1 
547 13 43 29 0.09487606585025787 9 -1 -1 
5 13 39 40 0.09377659112215042 4 -1 -1 
751 597 151 148 0.0908888578414917 7 -1 -1 
750 596 152 149 0.08900868147611618 5 -1 -1 
4 4 40 32 0.08785594999790192 5 -1 -1 
253 343 25 45 0.08557343482971191 9 -1 -1 
751 597 151 149 0.08161991834640503 1 -1 -1 
2 55 31 45 0.0764576867222786 10 -1 -1 
751 597 151 148 0.07301468402147293 6 -1 -1 
0 52 30 52 0.07094883918762207 4 -1 -1 
0 52 30 52 0.06474070996046066 6 -1 -1 
529 5 52 30 0.06026922166347504 6 -1 -1 
0 52 32 50 0.059582170099020004 8 -1 -1 
529 5 52 30 0.05720863118767738 4 -1 -1 
520 0 49 26 0.056135062128305435 6 -1 -1 
252 332 24 48 0.05361261963844299 2 -1 -1 
682 42 44 36 0.05349314212799072 5 -1 -1 
525 -2 44 26 0.05305615812540054 5 -1 -1 
488 581 101 176 0.052850838750600815 5 -1 -1 
7 99 27 40 0.05242686718702316 6 -1 -1 
690 43 37 33 0.05157813802361488 6 -1 -1 
5 52 27 47 0.05030815675854683 3 -1 -1 
