940 202 42 21 0.9707273244857788 5 -1 -1 
725 228 44 23 0.9515317678451538 5 -1 -1 
718 191 42 24 0.9365772008895874 6 -1 -1 
1026 203 44 25 0.9300261735916138 6 -1 -1 
346 674 49 48 0.922504186630249 4 -1 -1 
618 58 21 50 0.9200177788734436 4 -1 -1 
440 242 51 24 0.9189183712005615 4 -1 -1 
248 185 44 21 0.9159426689147949 7 -1 -1 
367 194 50 24 0.9095814824104309 4 -1 -1 
799 24 23 47 0.9049580097198486 4 -1 -1 
661 445 23 53 0.9011934399604797 4 -1 -1 
1052 384 46 44 0.9009040594100952 4 -1 -1 
767 66 30 56 0.8983950018882751 6 -1 -1 
678 567 24 52 0.896269679069519 4 -1 -1 
1166 378 50 24 0.8938122987747192 4 -1 -1 
860 302 47 23 0.8934985995292664 4 -1 -1 
559 261 46 23 0.8934860229492188 4 -1 -1 
1245 335 48 23 0.8911699652671814 4 -1 -1 
48 179 51 24 0.8868445754051208 4 -1 -1 
630 445 26 53 0.8830958008766174 4 -1 -1 
258 736 54 24 0.8830949664115906 4 -1 -1 
643 709 24 54 0.883040189743042 4 -1 -1 
619 522 22 55 0.8824042677879333 4 -1 -1 
656 522 24 53 0.8785196542739868 4 -1 -1 
452 275 48 24 0.8675683736801147 5 -1 -1 
195 623 52 26 0.8661177754402161 4 -1 -1 
1045 679 26 56 0.8554182052612305 4 -1 -1 
343 266 52 25 0.8537334203720093 4 -1 -1 
168 719 60 26 0.8533074855804443 4 -1 -1 
813 668 23 55 0.8466508388519287 4 -1 -1 
602 308 37 45 0.8395677804946899 4 -1 -1 
96 549 53 29 0.8334029316902161 4 -1 -1 
208 95 47 35 0.829313337802887 4 -1 -1 
633 182 38 19 0.8192172646522522 7 -1 -1 
337 233 51 24 0.8091761469841003 4 -1 -1 
615 621 24 52 0.8064462542533875 4 -1 -1 
625 217 47 34 0.8021238446235657 4 -1 -1 
590 0 20 32 0.8017619252204895 4 -1 -1 
421 15 25 51 0.7924031615257263 4 -1 -1 
619 0 24 38 0.7908831238746643 4 -1 -1 
606 694 26 58 0.7808720469474792 4 -1 -1 
524 177 42 22 0.7665688991546631 6 -1 -1 
7 221 56 25 0.7471113204956055 4 -1 -1 
632 182 39 19 0.7251900434494019 8 -1 -1 
365 156 47 23 0.7140642404556274 4 -1 -1 
579 54 20 44 0.7122601270675659 4 -1 -1 
166 553 47 26 0.708529531955719 4 -1 -1 
650 604 24 52 0.7040761113166809 4 -1 -1 
682 403 11 20 0.6791989207267761 10 -1 -1 
866 136 10 10 0.6667081713676453 1 -1 -1 
757 506 11 25 0.665900707244873 10 -1 -1 
684 648 9 19 0.6613479852676392 10 -1 -1 
565 75 8 17 0.6471548080444336 10 -1 -1 
304 155 18 11 0.627299427986145 10 -1 -1 
863 150 11 10 0.6197376251220703 1 -1 -1 
180 235 30 20 0.6158864498138428 8 -1 -1 
794 198 46 22 0.5862725377082825 4 -1 -1 
1201 420 13 8 0.5767554044723511 1 -1 -1 
698 496 9 17 0.57496577501297 10 -1 -1 
1203 428 11 7 0.5573657155036926 1 -1 -1 
0 542 23 22 0.5571606159210205 4 -1 -1 
805 660 9 10 0.5548627376556396 1 -1 -1 
72 143 18 12 0.540434718132019 10 -1 -1 
565 75 7 11 0.5211431384086609 2 -1 -1 
77 608 115 46 0.5207921266555786 6 -1 -1 
930 85 15 10 0.5045269131660461 10 -1 -1 
159 537 39 21 0.49344706535339355 5 -1 -1 
703 371 8 16 0.49230653047561646 10 -1 -1 
703 371 8 16 0.49178650975227356 3 -1 -1 
525 177 41 22 0.4909936487674713 7 -1 -1 
760 729 9 10 0.485439270734787 1 -1 -1 
718 191 42 24 0.48002347350120544 8 -1 -1 
213 239 32 17 0.4775354862213135 8 -1 -1 
541 227 16 10 0.4762524664402008 3 -1 -1 
713 377 8 10 0.47520706057548523 1 -1 -1 
382 392 21 34 0.46362078189849854 4 -1 -1 
978 345 16 9 0.45558395981788635 1 -1 -1 
243 147 18 9 0.4555644989013672 10 -1 -1 
841 141 7 8 0.4518801271915436 1 -1 -1 
916 118 18 16 0.43696922063827515 10 -1 -1 
712 375 9 12 0.43072620034217834 10 -1 -1 
718 191 42 24 0.4257119596004486 7 -1 -1 
794 197 46 23 0.415775865316391 5 -1 -1 
685 649 8 12 0.40379396080970764 2 -1 -1 
248 185 45 21 0.39877283573150635 6 -1 -1 
180 235 31 20 0.3950915038585663 7 -1 -1 
1010 358 16 9 0.3912656903266907 10 -1 -1 
672 355 10 18 0.39093732833862305 10 -1 -1 
1010 358 16 9 0.38164982199668884 1 -1 -1 
842 139 6 8 0.38037094473838806 1 -1 -1 
72 143 14 12 0.3777763545513153 2 -1 -1 
651 605 23 52 0.377169132232666 5 -1 -1 
525 177 41 22 0.37635958194732666 8 -1 -1 
758 509 9 15 0.3758297860622406 2 -1 -1 
169 718 59 15 0.35963934659957886 4 -1 -1 
978 345 16 9 0.35266411304473877 3 -1 -1 
311 552 21 42 0.3506787121295929 6 -1 -1 
8 221 55 25 0.3503815531730652 5 -1 -1 
683 405 10 17 0.3464389145374298 2 -1 -1 
541 229 12 8 0.3412400186061859 1 -1 -1 
46 544 24 20 0.3392123281955719 8 -1 -1 
0 542 23 21 0.3370673358440399 5 -1 -1 
1224 433 11 7 0.3342078626155853 1 -1 -1 
540 228 15 9 0.33159053325653076 2 -1 -1 
304 154 14 11 0.3271808326244354 2 -1 -1 
541 227 16 10 0.32614392042160034 10 -1 -1 
924 127 10 14 0.3177748918533325 1 -1 -1 
48 660 222 52 0.31396323442459106 6 -1 -1 
72 143 18 12 0.3132357597351074 3 -1 -1 
336 233 52 24 0.3109230697154999 5 -1 -1 
767 67 30 55 0.31015777587890625 4 -1 -1 
978 345 16 9 0.30548566579818726 10 -1 -1 
248 185 45 21 0.3050658404827118 8 -1 -1 
543 227 14 9 0.3048553168773651 2 -1 -1 
703 371 8 16 0.30458444356918335 1 -1 -1 
1203 424 11 7 0.30348581075668335 1 -1 -1 
138 663 128 48 0.3028765916824341 6 -1 -1 
951 172 4 9 0.30272507667541504 1 -1 -1 
758 509 9 16 0.3021770417690277 10 -1 -1 
309 155 14 11 0.3001590371131897 2 -1 -1 
46 544 24 20 0.29730308055877686 7 -1 -1 
607 694 25 57 0.2904370427131653 5 -1 -1 
248 185 44 21 0.2888977527618408 4 -1 -1 
549 227 8 8 0.27604323625564575 1 -1 -1 
578 54 21 44 0.27471575140953064 5 -1 -1 
549 227 8 7 0.27448272705078125 2 -1 -1 
1010 358 16 9 0.2730274498462677 3 -1 -1 
160 546 54 33 0.27164071798324585 5 -1 -1 
757 506 10 25 0.2699868083000183 2 -1 -1 
934 80 8 11 0.26850399374961853 2 -1 -1 
978 345 16 8 0.26570695638656616 2 -1 -1 
452 276 47 23 0.265639066696167 4 -1 -1 
311 552 22 43 0.2615276873111725 8 -1 -1 
365 156 47 23 0.2575532793998718 5 -1 -1 
180 235 31 20 0.22996529936790466 6 -1 -1 
420 15 26 52 0.2298065423965454 5 -1 -1 
311 552 22 43 0.22575883567333221 7 -1 -1 
767 67 30 55 0.21480274200439453 5 -1 -1 
619 0 24 38 0.20972654223442078 5 -1 -1 
155 540 58 38 0.19371065497398376 4 -1 -1 
632 182 39 19 0.18851982057094574 3 -1 -1 
381 378 38 50 0.18642589449882507 4 -1 -1 
312 551 21 43 0.18089070916175842 4 -1 -1 
-1 602 74 42 0.1797802448272705 6 -1 -1 
17 628 174 46 0.17568162083625793 6 -1 -1 
383 386 50 44 0.16799801588058472 4 -1 -1 
179 234 65 23 0.16091956198215485 6 -1 -1 
33 612 160 51 0.16000117361545563 6 -1 -1 
311 552 21 42 0.14357344806194305 5 -1 -1 
77 608 115 46 0.13663657009601593 4 -1 -1 
213 239 32 17 0.1362701952457428 7 -1 -1 
48 660 222 52 0.13488979637622833 9 -1 -1 
57 649 200 47 0.13461723923683167 6 -1 -1 
8 652 202 45 0.13440708816051483 6 -1 -1 
812 668 24 56 0.1325213611125946 5 -1 -1 
152 533 55 27 0.1310591697692871 5 -1 -1 
376 370 32 56 0.13095463812351227 4 -1 -1 
46 635 167 45 0.1290447860956192 6 -1 -1 
915 115 20 22 0.12885460257530212 7 -1 -1 
615 621 24 53 0.12711764872074127 5 -1 -1 
391 377 49 50 0.1269751638174057 4 -1 -1 
130 532 70 24 0.12602832913398743 5 -1 -1 
591 0 19 32 0.11944601684808731 6 -1 -1 
632 182 39 19 0.11914883553981781 4 -1 -1 
591 0 19 32 0.1186409518122673 5 -1 -1 
179 234 65 23 0.11862189322710037 9 -1 -1 
633 182 38 19 0.11836200952529907 10 -1 -1 
342 266 53 25 0.11819322407245636 5 -1 -1 
179 235 31 20 0.1172793060541153 5 -1 -1 
378 373 30 55 0.11682204902172089 5 -1 -1 
383 368 49 54 0.11621426790952682 4 -1 -1 
915 114 21 21 0.11557789146900177 8 -1 -1 
602 308 37 45 0.11313066631555557 5 -1 -1 
96 548 53 30 0.11254546791315079 5 -1 -1 
768 67 28 55 0.10961415618658066 7 -1 -1 
180 235 30 20 0.10900016129016876 3 -1 -1 
617 57 24 52 0.10851329565048218 6 -1 -1 
632 182 39 19 0.10699949413537979 2 -1 -1 
130 532 70 24 0.10610336065292358 6 -1 -1 
911 116 22 21 0.10607179254293442 10 -1 -1 
46 544 24 20 0.10540632158517838 10 -1 -1 
625 218 47 33 0.1052638366818428 5 -1 -1 
213 239 32 17 0.10518357157707214 4 -1 -1 
347 674 49 48 0.10496710240840912 5 -1 -1 
70 608 123 49 0.1036088615655899 9 -1 -1 
1044 679 26 56 0.1031964048743248 5 -1 -1 
77 608 115 46 0.10284856706857681 5 -1 -1 
1184 445 49 39 0.10195108503103256 4 -1 -1 
629 445 27 53 0.10156852006912231 5 -1 -1 
839 374 25 55 0.10115662217140198 6 -1 -1 
213 239 32 17 0.10088551789522171 10 -1 -1 
159 536 53 30 0.10027217119932175 4 -1 -1 
347 674 49 48 0.09960773587226868 10 -1 -1 
400 365 40 52 0.09867771714925766 4 -1 -1 
678 566 24 54 0.09856732189655304 5 -1 -1 
838 375 25 53 0.09845955669879913 5 -1 -1 
207 95 48 35 0.09564432501792908 5 -1 -1 
347 674 48 48 0.09358711540699005 9 -1 -1 
208 95 47 35 0.09347706288099289 10 -1 -1 
75 616 160 57 0.09295796602964401 6 -1 -1 
257 736 56 25 0.09169121831655502 9 -1 -1 
1194 445 58 42 0.0912204384803772 6 -1 -1 
650 604 25 53 0.0908573567867279 9 -1 -1 
914 119 20 21 0.0903942659497261 8 -1 -1 
179 235 32 20 0.0903780534863472 4 -1 -1 
767 67 30 55 0.09011752903461456 8 -1 -1 
1052 384 46 44 0.08989149332046509 5 -1 -1 
168 711 67 23 0.08936098217964172 4 -1 -1 
1194 445 58 42 0.0890832170844078 4 -1 -1 
625 217 47 34 0.08762731403112411 9 -1 -1 
767 67 30 55 0.08738777786493301 9 -1 -1 
1052 384 46 44 0.08645165711641312 10 -1 -1 
138 664 130 52 0.08105151355266571 9 -1 -1 
179 234 65 23 0.07954777032136917 7 -1 -1 
48 660 222 52 0.07346675544977188 5 -1 -1 
179 233 66 25 0.06780478358268738 8 -1 -1 
2 654 239 50 0.0671798586845398 9 -1 -1 
48 660 222 52 0.06467507779598236 4 -1 -1 
17 628 174 46 0.06357759237289429 9 -1 -1 
812 667 25 57 0.0616244338452816 9 -1 -1 
180 233 66 25 0.05867325887084007 4 -1 -1 
0 606 188 45 0.055703528225421906 6 -1 -1 
812 667 25 57 0.055280640721321106 6 -1 -1 
17 628 174 46 0.054086022078990936 5 -1 -1 
17 628 174 46 0.05041470751166344 4 -1 -1 
33 612 160 51 0.050216276198625565 5 -1 -1 
