1040 188 174 81 0.9823821187019348 5 -1 -1 
615 226 136 63 0.9510097503662109 4 -1 -1 
282 414 183 80 0.950959324836731 4 -1 -1 
778 265 150 66 0.9389622807502747 4 -1 -1 
656 274 92 101 0.9316102266311646 4 -1 -1 
633 45 46 44 0.9168197512626648 4 -1 -1 
775 90 113 50 0.9134306311607361 4 -1 -1 
526 57 58 61 0.8714617490768433 4 -1 -1 
749 331 160 71 0.8464049100875854 4 -1 -1 
797 390 178 88 0.7727733254432678 4 -1 -1 
763 135 16 46 0.7721919417381287 1 -1 -1 
739 123 101 53 0.7158668041229248 4 -1 -1 
36 411 19 25 0.7133551239967346 2 -1 -1 
926 119 18 32 0.7109465599060059 2 -1 -1 
876 307 16 39 0.6993892788887024 1 -1 -1 
-1 386 62 69 0.6175186634063721 7 -1 -1 
909 128 32 31 0.6031177639961243 10 -1 -1 
634 246 117 45 0.5086656212806702 4 -1 -1 
842 307 18 38 0.5052697062492371 1 -1 -1 
832 307 28 34 0.4829389452934265 2 -1 -1 
758 136 27 44 0.4494398534297943 1 -1 -1 
-1 387 57 66 0.43303024768829346 8 -1 -1 
809 292 18 43 0.4222109913825989 1 -1 -1 
842 307 18 37 0.35404038429260254 2 -1 -1 
832 307 28 34 0.33670341968536377 1 -1 -1 
808 292 19 42 0.33534136414527893 2 -1 -1 
741 124 98 52 0.3309672772884369 5 -1 -1 
797 390 177 88 0.3259371519088745 5 -1 -1 
746 132 53 48 0.2926120162010193 1 -1 -1 
909 127 20 31 0.2844008207321167 10 -1 -1 
634 246 120 41 0.26477155089378357 6 -1 -1 
803 309 23 31 0.2570289969444275 3 -1 -1 
808 108 11 27 0.2523144483566284 1 -1 -1 
739 124 97 53 0.24609006941318512 1 -1 -1 
1040 188 174 81 0.2435680329799652 6 -1 -1 
925 124 19 29 0.2395976036787033 10 -1 -1 
699 0 16 16 0.22766833007335663 4 -1 -1 
926 119 18 32 0.22704821825027466 1 -1 -1 
634 246 118 44 0.2252194881439209 5 -1 -1 
807 295 19 44 0.22216376662254333 3 -1 -1 
14 407 36 28 0.2201579064130783 2 -1 -1 
908 130 30 29 0.21899905800819397 3 -1 -1 
36 411 19 26 0.21793170273303986 1 -1 -1 
1040 188 174 81 0.21309934556484222 4 -1 -1 
855 388 108 30 0.20734824240207672 5 -1 -1 
804 110 10 24 0.20649263262748718 1 -1 -1 
815 106 13 27 0.1990530639886856 1 -1 -1 
804 292 30 40 0.1982744038105011 1 -1 -1 
819 106 13 27 0.19039754569530487 1 -1 -1 
855 388 108 30 0.1856929361820221 4 -1 -1 
909 128 18 30 0.18529051542282104 3 -1 -1 
831 307 29 31 0.18361644446849823 3 -1 -1 
876 307 17 39 0.17951804399490356 2 -1 -1 
634 250 110 73 0.17027805745601654 4 -1 -1 
815 106 13 27 0.16909219324588776 2 -1 -1 
819 106 13 27 0.16632477939128876 2 -1 -1 
810 107 12 28 0.16437460482120514 2 -1 -1 
788 290 54 41 0.1631479561328888 1 -1 -1 
760 95 107 56 0.1619141697883606 4 -1 -1 
909 127 33 31 0.16170701384544373 2 -1 -1 
910 126 16 28 0.1602642983198166 2 -1 -1 
910 137 12 22 0.15410184860229492 10 -1 -1 
-1 387 57 66 0.15147113800048828 6 -1 -1 
1039 188 175 80 0.14698052406311035 2 -1 -1 
1039 188 175 80 0.1451985090970993 10 -1 -1 
1039 188 175 80 0.1422574669122696 8 -1 -1 
282 414 183 80 0.14180395007133484 1 -1 -1 
800 111 11 23 0.14117637276649475 1 -1 -1 
774 91 113 48 0.1395128071308136 6 -1 -1 
615 226 136 63 0.13666865229606628 1 -1 -1 
835 309 27 50 0.1359819620847702 1 -1 -1 
816 111 14 31 0.13557015359401703 1 -1 -1 
779 272 101 53 0.1346590220928192 4 -1 -1 
281 413 186 83 0.13364721834659576 9 -1 -1 
751 369 151 33 0.13065040111541748 4 -1 -1 
806 111 10 27 0.12844409048557281 1 -1 -1 
807 109 12 25 0.12625978887081146 2 -1 -1 
766 135 14 31 0.1261174976825714 2 -1 -1 
925 128 18 28 0.1252426654100418 2 -1 -1 
909 137 13 22 0.1251121163368225 3 -1 -1 
764 135 15 32 0.12461281567811966 1 -1 -1 
837 303 23 29 0.12406408786773682 2 -1 -1 
0 392 61 62 0.12394348531961441 10 -1 -1 
1 408 67 46 0.12381554394960403 7 -1 -1 
740 125 100 51 0.1200251653790474 6 -1 -1 
527 57 56 61 0.1190493032336235 5 -1 -1 
754 368 127 35 0.11772197484970093 9 -1 -1 
282 414 182 79 0.11708566546440125 6 -1 -1 
810 308 20 30 0.116680808365345 3 -1 -1 
920 129 24 27 0.11468249559402466 3 -1 -1 
909 120 37 38 0.11444734781980515 3 -1 -1 
809 114 11 28 0.11440903693437576 1 -1 -1 
802 302 25 36 0.11406045407056808 1 -1 -1 
908 137 28 22 0.11372341215610504 10 -1 -1 
749 331 163 70 0.11360878497362137 5 -1 -1 
831 307 17 31 0.11203750222921371 1 -1 -1 
868 307 24 49 0.1117771565914154 1 -1 -1 
778 265 150 66 0.11140412837266922 1 -1 -1 
816 111 14 31 0.11088241636753082 2 -1 -1 
634 246 120 41 0.10968682914972305 9 -1 -1 
1039 188 175 80 0.10946528613567352 7 -1 -1 
616 226 134 63 0.10853080451488495 5 -1 -1 
817 102 13 26 0.10841824114322662 1 -1 -1 
806 106 11 25 0.10755576193332672 1 -1 -1 
813 102 12 26 0.10669183731079102 1 -1 -1 
804 394 98 25 0.10552452504634857 4 -1 -1 
1041 188 172 80 0.10539939254522324 9 -1 -1 
868 305 31 35 0.1053348109126091 1 -1 -1 
751 369 124 34 0.10408911108970642 5 -1 -1 
615 226 135 63 0.1038554459810257 9 -1 -1 
258 577 28 21 0.10317735373973846 3 -1 -1 
763 135 16 42 0.10254345089197159 2 -1 -1 
803 306 37 37 0.10186899453401566 3 -1 -1 
811 291 20 31 0.10157371312379837 2 -1 -1 
803 110 11 25 0.10154736787080765 2 -1 -1 
909 128 30 31 0.09949730336666107 4 -1 -1 
749 331 163 70 0.09838031977415085 1 -1 -1 
633 45 46 44 0.09804616868495941 1 -1 -1 
634 246 114 25 0.09747262299060822 4 -1 -1 
914 119 34 38 0.09745258092880249 10 -1 -1 
804 113 11 30 0.09651149064302444 1 -1 -1 
749 331 163 70 0.09646783769130707 6 -1 -1 
699 0 16 16 0.09555403888225555 5 -1 -1 
526 57 58 61 0.09527973085641861 1 -1 -1 
656 273 92 102 0.09471487998962402 5 -1 -1 
616 226 134 63 0.09376870840787888 6 -1 -1 
795 312 28 32 0.09204763919115067 1 -1 -1 
909 128 32 31 0.09138475358486176 7 -1 -1 
775 90 112 50 0.0910584032535553 5 -1 -1 
924 117 18 23 0.09104723483324051 2 -1 -1 
656 274 92 101 0.09089506417512894 1 -1 -1 
817 102 13 26 0.09070849418640137 2 -1 -1 
-1 387 57 66 0.09057004004716873 3 -1 -1 
923 119 27 40 0.09047011286020279 1 -1 -1 
700 0 16 16 0.09032569825649261 9 -1 -1 
769 135 19 40 0.08890289068222046 1 -1 -1 
809 114 14 30 0.08859618008136749 2 -1 -1 
634 246 117 42 0.08849681168794632 8 -1 -1 
799 302 46 34 0.08750919997692108 1 -1 -1 
768 135 12 25 0.08707250654697418 1 -1 -1 
795 292 34 44 0.08697984367609024 1 -1 -1 
912 123 21 29 0.08688624203205109 2 -1 -1 
775 90 113 50 0.0865873247385025 1 -1 -1 
797 112 12 25 0.08560047298669815 1 -1 -1 
778 265 151 66 0.08536728471517563 6 -1 -1 
0 409 62 47 0.08517604321241379 8 -1 -1 
912 120 27 32 0.08516383171081543 10 -1 -1 
262 576 26 21 0.08401153981685638 1 -1 -1 
876 307 16 38 0.08346444368362427 3 -1 -1 
656 274 91 100 0.08311881124973297 9 -1 -1 
258 577 28 21 0.08224547654390335 10 -1 -1 
834 309 28 48 0.08122336119413376 2 -1 -1 
778 265 150 66 0.08110450208187103 9 -1 -1 
911 127 23 27 0.08109474927186966 3 -1 -1 
846 306 16 32 0.08069320768117905 2 -1 -1 
931 119 13 24 0.08042450994253159 2 -1 -1 
-1 388 60 64 0.08023478090763092 2 -1 -1 
832 306 28 33 0.08000797778367996 10 -1 -1 
616 226 135 63 0.0792655497789383 7 -1 -1 
811 267 119 45 0.07913901656866074 4 -1 -1 
777 265 151 66 0.07913568615913391 5 -1 -1 
783 137 13 21 0.07886950671672821 2 -1 -1 
784 138 12 23 0.07876436412334442 1 -1 -1 
758 133 18 38 0.0787452980875969 1 -1 -1 
788 290 54 41 0.07839742302894592 2 -1 -1 
804 292 30 40 0.07830097526311874 2 -1 -1 
876 307 27 48 0.07821622490882874 1 -1 -1 
281 414 182 79 0.07815594226121902 5 -1 -1 
0 394 71 93 0.07735832780599594 7 -1 -1 
282 414 182 79 0.07697680592536926 10 -1 -1 
753 112 100 58 0.07607655227184296 4 -1 -1 
281 414 182 79 0.07579199969768524 7 -1 -1 
779 137 15 26 0.07546906173229218 1 -1 -1 
863 302 51 32 0.07533851265907288 1 -1 -1 
816 111 14 31 0.07508430629968643 10 -1 -1 
927 131 13 22 0.0750080794095993 10 -1 -1 
801 106 13 24 0.07490954548120499 1 -1 -1 
800 111 11 25 0.07483861595392227 2 -1 -1 
633 45 46 44 0.07467667013406754 5 -1 -1 
829 307 17 30 0.0743994489312172 9 -1 -1 
839 305 28 39 0.07377048581838608 1 -1 -1 
763 135 16 46 0.0735430046916008 4 -1 -1 
793 313 21 34 0.07325799763202667 1 -1 -1 
775 90 113 50 0.07309238612651825 7 -1 -1 
13 407 36 28 0.07283958047628403 1 -1 -1 
747 322 171 84 0.07268145680427551 9 -1 -1 
820 107 12 31 0.0724935457110405 10 -1 -1 
806 311 20 29 0.07245011627674103 1 -1 -1 
807 114 11 28 0.07200373709201813 2 -1 -1 
778 265 150 66 0.07174960523843765 7 -1 -1 
758 136 27 44 0.07142960280179977 2 -1 -1 
681 272 66 34 0.07131033390760422 4 -1 -1 
740 125 100 51 0.07114754617214203 9 -1 -1 
634 246 116 43 0.07114685326814651 1 -1 -1 
748 129 29 47 0.07087264209985733 1 -1 -1 
835 309 45 55 0.07084404677152634 1 -1 -1 
768 134 13 22 0.07039251178503036 2 -1 -1 
824 386 119 34 0.0702226385474205 8 -1 -1 
824 386 119 34 0.07018855959177017 5 -1 -1 
779 137 15 26 0.06987741589546204 2 -1 -1 
740 123 100 53 0.06959477066993713 8 -1 -1 
754 368 127 35 0.0694800317287445 6 -1 -1 
0 385 92 73 0.06919190287590027 9 -1 -1 
770 135 13 28 0.06909111887216568 2 -1 -1 
797 389 177 89 0.06882680952548981 9 -1 -1 
778 135 16 19 0.06875977665185928 2 -1 -1 
813 102 12 26 0.06841567903757095 2 -1 -1 
831 307 17 31 0.06834110617637634 2 -1 -1 
526 57 58 61 0.06793392449617386 10 -1 -1 
1 388 78 78 0.06763305515050888 8 -1 -1 
758 136 27 44 0.06758169084787369 4 -1 -1 
615 226 135 63 0.067436084151268 10 -1 -1 
1321 143 24 13 0.06737929582595825 4 -1 -1 
0 386 59 69 0.06714889407157898 4 -1 -1 
634 246 117 42 0.06694558262825012 7 -1 -1 
772 135 15 25 0.0664091557264328 1 -1 -1 
782 136 14 18 0.0660647377371788 1 -1 -1 
876 307 16 39 0.06520058214664459 10 -1 -1 
820 371 114 43 0.06519445776939392 4 -1 -1 
1039 188 175 80 0.06518297642469406 1 -1 -1 
793 313 21 34 0.06509117782115936 3 -1 -1 
739 124 97 53 0.06453819572925568 2 -1 -1 
810 308 20 30 0.06451819092035294 1 -1 -1 
746 132 53 48 0.06426336616277695 4 -1 -1 
815 107 13 28 0.0640573501586914 10 -1 -1 
857 389 105 29 0.06388575583696365 6 -1 -1 
876 307 16 39 0.06364437192678452 4 -1 -1 
923 119 27 40 0.06333143264055252 9 -1 -1 
656 274 91 100 0.06320659071207047 6 -1 -1 
762 133 15 29 0.06319604068994522 2 -1 -1 
656 274 92 101 0.06283345073461533 10 -1 -1 
855 307 40 43 0.06256840378046036 1 -1 -1 
837 303 23 29 0.06248680129647255 1 -1 -1 
841 379 133 37 0.06240498647093773 4 -1 -1 
917 118 22 26 0.06216120719909668 2 -1 -1 
40 408 19 26 0.062153615057468414 2 -1 -1 
773 134 14 20 0.06213979423046112 2 -1 -1 
796 311 21 34 0.06209884583950043 2 -1 -1 
846 307 38 50 0.06200483813881874 1 -1 -1 
795 308 59 38 0.06197832152247429 3 -1 -1 
810 111 12 29 0.061610545963048935 10 -1 -1 
-1 386 63 69 0.06150449439883232 1 -1 -1 
797 390 178 88 0.0612519197165966 10 -1 -1 
776 135 14 32 0.06125042960047722 1 -1 -1 
-1 387 57 66 0.060739465057849884 5 -1 -1 
791 313 22 36 0.0605086125433445 9 -1 -1 
775 90 112 50 0.06041114032268524 9 -1 -1 
1 408 67 46 0.05990487337112427 3 -1 -1 
806 309 21 31 0.05988069623708725 2 -1 -1 
924 118 26 39 0.05873991176486015 2 -1 -1 
1326 143 29 15 0.058737870305776596 10 -1 -1 
1 388 78 78 0.05858295038342476 6 -1 -1 
831 308 27 36 0.05848747119307518 9 -1 -1 
15 391 44 49 0.058467257767915726 7 -1 -1 
795 113 14 26 0.058190103620290756 2 -1 -1 
797 389 177 89 0.058162055909633636 6 -1 -1 
873 314 15 37 0.05812836065888405 1 -1 -1 
823 302 33 33 0.05804971233010292 1 -1 -1 
778 283 91 46 0.057998236268758774 1 -1 -1 
-3 387 61 77 0.057917315512895584 9 -1 -1 
633 45 46 44 0.05758901685476303 9 -1 -1 
806 388 117 31 0.057525716722011566 6 -1 -1 
909 128 18 30 0.056972865015268326 7 -1 -1 
526 57 58 61 0.056819770485162735 9 -1 -1 
31 406 24 27 0.05648905783891678 2 -1 -1 
747 368 10 37 0.05645184591412544 1 -1 -1 
793 317 34 34 0.05644629895687103 3 -1 -1 
656 274 91 101 0.056285373866558075 7 -1 -1 
739 122 101 54 0.05622533708810806 10 -1 -1 
779 272 101 53 0.05616256594657898 6 -1 -1 
746 132 53 48 0.05585714429616928 2 -1 -1 
1039 188 175 80 0.05530424043536186 3 -1 -1 
698 0 16 16 0.05523715168237686 6 -1 -1 
791 114 19 29 0.055213138461112976 1 -1 -1 
805 389 113 30 0.05515225604176521 7 -1 -1 
812 117 20 32 0.05508952587842941 1 -1 -1 
912 132 11 22 0.055085524916648865 10 -1 -1 
634 250 110 73 0.05477935075759888 5 -1 -1 
909 126 16 28 0.05476225167512894 1 -1 -1 
926 130 12 23 0.054761629551649094 2 -1 -1 
757 372 148 47 0.05458923429250717 4 -1 -1 
817 293 46 40 0.05442129820585251 1 -1 -1 
773 134 14 18 0.05432816594839096 1 -1 -1 
831 300 25 34 0.05432011932134628 2 -1 -1 
926 123 12 23 0.05419766530394554 2 -1 -1 
810 308 30 29 0.05386386439204216 9 -1 -1 
908 138 10 21 0.05371791124343872 3 -1 -1 
778 266 151 65 0.05359167978167534 10 -1 -1 
850 314 44 63 0.05353061109781265 1 -1 -1 
841 379 133 37 0.05352168530225754 5 -1 -1 
632 45 47 44 0.05328628793358803 10 -1 -1 
916 130 13 22 0.05296161025762558 10 -1 -1 
810 291 19 28 0.05278395116329193 1 -1 -1 
797 310 41 36 0.052721794694662094 1 -1 -1 
777 134 16 18 0.05250701308250427 1 -1 -1 
825 389 116 31 0.052503760904073715 9 -1 -1 
774 90 113 50 0.05232814699411392 10 -1 -1 
615 226 135 63 0.05218871682882309 8 -1 -1 
820 371 114 43 0.051739923655986786 5 -1 -1 
761 140 16 43 0.05168228596448898 3 -1 -1 
756 293 178 104 0.05165332183241844 4 -1 -1 
271 578 15 16 0.05145757272839546 1 -1 -1 
812 311 15 28 0.05139051750302315 9 -1 -1 
908 135 40 32 0.0513761043548584 9 -1 -1 
820 309 27 27 0.05129837989807129 3 -1 -1 
831 311 24 37 0.050622470676898956 1 -1 -1 
748 274 176 84 0.05034792423248291 4 -1 -1 
911 134 11 22 0.050044380128383636 2 -1 -1 
