632 59 94 132 0.9982970356941223 9 -1 -1 
635 21 39 38 0.9725106954574585 5 -1 -1 
1144 526 184 117 0.9526748657226562 4 -1 -1 
578 220 69 93 0.9490804672241211 5 -1 -1 
708 26 33 45 0.9477441906929016 5 -1 -1 
1204 464 62 57 0.9433164000511169 7 -1 -1 
704 160 42 65 0.9282683730125427 5 -1 -1 
1148 45 71 29 0.9224417805671692 4 -1 -1 
737 91 39 51 0.9152156710624695 5 -1 -1 
666 228 56 79 0.9143478274345398 4 -1 -1 
764 34 32 45 0.9023129940032959 5 -1 -1 
555 24 61 32 0.8976464867591858 5 -1 -1 
249 418 23 45 0.8904890418052673 1 -1 -1 
902 393 26 45 0.8616001605987549 1 -1 -1 
765 228 59 80 0.8565422296524048 4 -1 -1 
1035 114 80 30 0.8548230528831482 4 -1 -1 
1072 177 47 44 0.8506594300270081 4 -1 -1 
0 406 112 79 0.8458747863769531 5 -1 -1 
1134 215 50 53 0.8355902433395386 4 -1 -1 
220 294 29 35 0.8319036960601807 10 -1 -1 
1301 470 29 47 0.8281221389770508 1 -1 -1 
508 214 15 39 0.8196501135826111 1 -1 -1 
746 65 36 37 0.8176794648170471 4 -1 -1 
1010 94 43 33 0.8163859248161316 4 -1 -1 
1055 152 85 34 0.8133974075317383 4 -1 -1 
1037 40 70 28 0.8108736872673035 4 -1 -1 
1049 220 49 51 0.8003849387168884 4 -1 -1 
1028 69 72 31 0.7990404367446899 4 -1 -1 
781 169 49 67 0.7819169759750366 5 -1 -1 
728 139 37 46 0.7720436453819275 4 -1 -1 
1110 311 21 36 0.7691854238510132 1 -1 -1 
467 85 82 33 0.7680684924125671 4 -1 -1 
796 140 37 39 0.7674720883369446 4 -1 -1 
1046 131 80 30 0.7646227478981018 4 -1 -1 
1046 267 40 49 0.7530719041824341 7 -1 -1 
1191 284 19 41 0.7470622658729553 1 -1 -1 
281 280 42 24 0.7464463114738464 3 -1 -1 
812 106 34 40 0.7408052682876587 4 -1 -1 
1132 307 16 39 0.7402851581573486 1 -1 -1 
773 23 27 28 0.7387921214103699 4 -1 -1 
495 202 14 38 0.7350218892097473 1 -1 -1 
1066 58 67 31 0.7284438014030457 5 -1 -1 
1242 360 20 37 0.7128749489784241 1 -1 -1 
826 55 29 34 0.7097039222717285 4 -1 -1 
324 251 31 40 0.7087405920028687 10 -1 -1 
584 13 61 26 0.7075185179710388 4 -1 -1 
535 43 64 29 0.7069535851478577 4 -1 -1 
1288 375 26 46 0.7025291919708252 1 -1 -1 
1279 438 31 46 0.6995448470115662 1 -1 -1 
134 425 31 45 0.6966009736061096 3 -1 -1 
806 74 29 36 0.6940337419509888 4 -1 -1 
451 308 43 34 0.6909972429275513 10 -1 -1 
620 169 51 71 0.6909339427947998 5 -1 -1 
1147 324 138 57 0.6904627084732056 4 -1 -1 
1102 95 81 38 0.6904088258743286 4 -1 -1 
263 250 31 32 0.6896438598632812 10 -1 -1 
416 294 39 31 0.6895563006401062 10 -1 -1 
1080 80 79 33 0.6841779947280884 4 -1 -1 
451 310 44 32 0.6758009791374207 3 -1 -1 
4 378 50 32 0.6666072010993958 3 -1 -1 
726 11 27 28 0.6630869507789612 4 -1 -1 
1287 296 17 39 0.6617687940597534 1 -1 -1 
347 254 23 47 0.6585404276847839 10 -1 -1 
1159 333 18 46 0.6500030755996704 1 -1 -1 
77 361 89 94 0.6436852812767029 8 -1 -1 
131 628 30 46 0.6375669240951538 2 -1 -1 
112 636 77 40 0.6353216767311096 10 -1 -1 
1030 11 58 29 0.623060941696167 5 -1 -1 
323 366 27 34 0.6170133948326111 1 -1 -1 
399 229 35 22 0.6146202087402344 10 -1 -1 
282 292 15 36 0.5989725589752197 1 -1 -1 
1219 464 24 30 0.5966677665710449 2 -1 -1 
1327 353 24 48 0.5943511724472046 1 -1 -1 
1240 51 12 26 0.5803295373916626 1 -1 -1 
1329 397 22 46 0.5796558856964111 1 -1 -1 
1052 145 81 33 0.5777600407600403 4 -1 -1 
368 271 25 35 0.573466956615448 3 -1 -1 
163 414 34 37 0.5670614838600159 3 -1 -1 
1174 288 18 39 0.556073009967804 1 -1 -1 
495 184 16 35 0.554070234298706 1 -1 -1 
1145 328 19 45 0.5529212355613708 1 -1 -1 
348 307 32 22 0.5508133769035339 10 -1 -1 
212 379 19 28 0.5407349467277527 2 -1 -1 
775 0 27 26 0.537453293800354 4 -1 -1 
115 461 37 34 0.5297297835350037 3 -1 -1 
1061 55 62 24 0.5296401381492615 4 -1 -1 
1031 11 57 29 0.5265118479728699 4 -1 -1 
1286 344 32 46 0.5198840498924255 1 -1 -1 
264 380 14 21 0.5184187889099121 2 -1 -1 
181 443 31 47 0.5144907832145691 10 -1 -1 
620 170 52 69 0.510093092918396 4 -1 -1 
209 419 29 48 0.5037306547164917 10 -1 -1 
1313 352 20 46 0.5030956864356995 1 -1 -1 
574 -1 52 24 0.5023242831230164 5 -1 -1 
484 176 15 32 0.5020365118980408 2 -1 -1 
4 485 64 38 0.4969368577003479 10 -1 -1 
190 376 17 29 0.4905150532722473 2 -1 -1 
651 53 25 28 0.4854671359062195 10 -1 -1 
245 381 17 25 0.48475176095962524 2 -1 -1 
446 188 37 24 0.48038721084594727 3 -1 -1 
798 -1 17 11 0.4801119267940521 4 -1 -1 
1214 135 65 33 0.4795061945915222 4 -1 -1 
990 -1 44 26 0.46805182099342346 4 -1 -1 
301 352 16 27 0.467787504196167 2 -1 -1 
632 59 93 132 0.46565598249435425 4 -1 -1 
245 384 11 23 0.4640258252620697 2 -1 -1 
446 188 37 24 0.4635618031024933 10 -1 -1 
1302 300 20 43 0.45064717531204224 1 -1 -1 
1301 423 33 35 0.44939160346984863 1 -1 -1 
435 306 27 32 0.4470924437046051 10 -1 -1 
77 361 89 97 0.4414624273777008 7 -1 -1 
1150 333 18 45 0.4389030933380127 1 -1 -1 
494 47 62 31 0.43677958846092224 4 -1 -1 
482 188 20 27 0.43281441926956177 3 -1 -1 
1306 354 22 41 0.4311368465423584 1 -1 -1 
1135 274 24 32 0.4309301972389221 10 -1 -1 
1218 463 34 39 0.43006452918052673 2 -1 -1 
989 0 41 25 0.4291137456893921 5 -1 -1 
645 55 15 26 0.42751580476760864 10 -1 -1 
1138 323 23 48 0.42664670944213867 1 -1 -1 
1332 381 23 47 0.42505279183387756 1 -1 -1 
1328 450 27 41 0.42291492223739624 2 -1 -1 
461 299 27 40 0.42129436135292053 10 -1 -1 
1273 311 14 32 0.4205584228038788 2 -1 -1 
302 248 23 33 0.4176381826400757 10 -1 -1 
775 20 24 21 0.4168947637081146 4 -1 -1 
300 285 18 19 0.4165312945842743 3 -1 -1 
1273 311 14 32 0.41618937253952026 1 -1 -1 
1122 273 19 33 0.41591575741767883 1 -1 -1 
180 434 31 56 0.4156661331653595 1 -1 -1 
555 11 48 23 0.4143886864185333 4 -1 -1 
366 282 24 25 0.4101543128490448 3 -1 -1 
121 636 48 39 0.40833187103271484 10 -1 -1 
182 447 31 44 0.4069076478481293 3 -1 -1 
645 51 28 30 0.40650397539138794 7 -1 -1 
1247 357 22 39 0.40507838129997253 1 -1 -1 
116 635 60 40 0.4030033349990845 2 -1 -1 
354 271 36 36 0.40140053629875183 3 -1 -1 
245 384 11 24 0.40131497383117676 1 -1 -1 
1102 95 80 37 0.39808380603790283 5 -1 -1 
127 456 28 36 0.39702028036117554 2 -1 -1 
707 27 35 43 0.3968697190284729 4 -1 -1 
484 176 15 33 0.39485108852386475 1 -1 -1 
659 53 15 27 0.39483487606048584 1 -1 -1 
1079 81 80 32 0.3929034173488617 5 -1 -1 
1305 417 30 37 0.39281773567199707 2 -1 -1 
1018 2 39 25 0.390068382024765 4 -1 -1 
182 435 28 46 0.3893902003765106 2 -1 -1 
463 298 19 37 0.3892991244792938 2 -1 -1 
347 254 23 48 0.3882422149181366 3 -1 -1 
285 378 12 23 0.38808780908584595 1 -1 -1 
643 53 27 28 0.38796088099479675 10 -1 -1 
1175 289 17 36 0.38324591517448425 2 -1 -1 
91 340 22 30 0.3811134099960327 10 -1 -1 
1024 1 59 23 0.3809744715690613 4 -1 -1 
418 298 39 38 0.37956079840660095 10 -1 -1 
660 49 12 22 0.379484087228775 2 -1 -1 
1318 354 23 45 0.379218727350235 1 -1 -1 
644 5 13 19 0.37884843349456787 3 -1 -1 
281 293 17 32 0.3773776888847351 10 -1 -1 
4 378 50 32 0.3767507076263428 10 -1 -1 
1061 55 65 25 0.372847318649292 5 -1 -1 
1237 291 22 37 0.3722487688064575 10 -1 -1 
303 251 23 29 0.37118083238601685 3 -1 -1 
322 366 26 33 0.3702716529369354 2 -1 -1 
414 295 25 31 0.3660098612308502 10 -1 -1 
0 477 68 47 0.3503606617450714 7 -1 -1 
1204 465 61 55 0.34671926498413086 10 -1 -1 
0 470 68 54 0.3358815312385559 8 -1 -1 
632 59 94 132 0.3341805040836334 10 -1 -1 
335 253 31 47 0.33115339279174805 10 -1 -1 
632 59 94 132 0.3135281205177307 3 -1 -1 
780 169 49 68 0.3133242726325989 4 -1 -1 
299 353 17 45 0.30824339389801025 1 -1 -1 
308 305 36 28 0.29792842268943787 10 -1 -1 
1302 300 21 44 0.29785019159317017 2 -1 -1 
299 352 18 44 0.2946119010448456 2 -1 -1 
632 59 94 132 0.2872543931007385 5 -1 -1 
632 59 93 132 0.2844873368740082 1 -1 -1 
631 58 94 132 0.28091612458229065 2 -1 -1 
281 280 40 25 0.2712995707988739 10 -1 -1 
1155 324 131 57 0.2689957320690155 5 -1 -1 
352 262 25 42 0.26839351654052734 3 -1 -1 
0 407 112 77 0.2555004060268402 4 -1 -1 
632 59 94 132 0.24799448251724243 6 -1 -1 
1204 464 62 57 0.24629171192646027 8 -1 -1 
433 109 28 37 0.24528412520885468 3 -1 -1 
282 281 38 23 0.24511148035526276 7 -1 -1 
324 252 31 40 0.2441428005695343 3 -1 -1 
285 366 24 35 0.24230629205703735 10 -1 -1 
1155 324 129 58 0.24095310270786285 6 -1 -1 
326 258 33 43 0.23948675394058228 3 -1 -1 
1155 324 129 58 0.23722413182258606 7 -1 -1 
1204 464 62 57 0.22606854140758514 3 -1 -1 
1060 56 74 34 0.22247248888015747 4 -1 -1 
374 239 22 37 0.22227239608764648 10 -1 -1 
368 271 25 35 0.21923325955867767 10 -1 -1 
632 59 94 132 0.21902920305728912 7 -1 -1 
303 248 34 35 0.21840102970600128 10 -1 -1 
1073 72 82 31 0.2155778408050537 4 -1 -1 
764 228 61 80 0.21369020640850067 5 -1 -1 
1295 297 23 38 0.20894111692905426 1 -1 -1 
578 220 69 93 0.20764485001564026 8 -1 -1 
0 443 58 73 0.20631711184978485 8 -1 -1 
0 446 68 78 0.20521235466003418 7 -1 -1 
1267 310 21 35 0.20377600193023682 2 -1 -1 
341 259 26 43 0.2012081742286682 3 -1 -1 
1044 131 82 32 0.1978149116039276 5 -1 -1 
1030 57 75 30 0.1962825059890747 4 -1 -1 
579 221 66 92 0.18931950628757477 9 -1 -1 
1213 133 71 38 0.18793337047100067 5 -1 -1 
632 59 94 132 0.1870596706867218 8 -1 -1 
314 252 27 38 0.1825370192527771 10 -1 -1 
307 293 42 38 0.18200068175792694 10 -1 -1 
294 361 20 39 0.18170276284217834 2 -1 -1 
346 306 34 23 0.18089140951633453 3 -1 -1 
294 361 20 39 0.1799861490726471 1 -1 -1 
1155 324 129 58 0.17888271808624268 8 -1 -1 
352 262 25 42 0.17823883891105652 10 -1 -1 
376 269 20 35 0.17802220582962036 3 -1 -1 
294 361 20 39 0.1776863932609558 10 -1 -1 
1073 72 82 31 0.17754904925823212 5 -1 -1 
1267 310 21 35 0.1768130362033844 1 -1 -1 
306 251 33 39 0.17640496790409088 3 -1 -1 
468 85 80 33 0.17382720112800598 5 -1 -1 
309 307 47 24 0.17247645556926727 4 -1 -1 
326 258 33 43 0.1720399111509323 10 -1 -1 
341 250 29 37 0.1716998666524887 10 -1 -1 
0 483 68 42 0.1673250049352646 3 -1 -1 
1261 192 22 39 0.16553136706352234 10 -1 -1 
371 248 25 43 0.16480961441993713 10 -1 -1 
1272 303 24 39 0.16329170763492584 1 -1 -1 
483 59 74 35 0.16163517534732819 4 -1 -1 
480 176 21 39 0.16135847568511963 10 -1 -1 
309 306 45 25 0.15938135981559753 7 -1 -1 
0 449 67 74 0.15809331834316254 10 -1 -1 
1052 145 81 33 0.15688084065914154 5 -1 -1 
121 404 46 67 0.15566374361515045 3 -1 -1 
1326 286 25 33 0.15489700436592102 1 -1 -1 
1204 464 62 57 0.15413382649421692 4 -1 -1 
1144 526 184 117 0.15319429337978363 5 -1 -1 
446 109 16 38 0.15288417041301727 1 -1 -1 
1302 304 23 48 0.1527671217918396 10 -1 -1 
373 248 23 44 0.152560293674469 3 -1 -1 
1204 464 62 57 0.15213295817375183 6 -1 -1 
578 220 69 93 0.15086963772773743 4 -1 -1 
1204 464 62 57 0.1505230814218521 2 -1 -1 
110 374 63 87 0.1503305435180664 7 -1 -1 
1144 526 184 117 0.1497708559036255 9 -1 -1 
497 205 19 40 0.14917372167110443 1 -1 -1 
665 228 57 79 0.14775285124778748 5 -1 -1 
376 257 22 41 0.14756372570991516 3 -1 -1 
1326 287 25 32 0.1468472182750702 2 -1 -1 
111 635 78 42 0.14636294543743134 8 -1 -1 
295 350 25 32 0.14591553807258606 2 -1 -1 
499 46 87 30 0.14579103887081146 4 -1 -1 
246 376 40 31 0.14536644518375397 7 -1 -1 
263 250 31 32 0.14255169034004211 3 -1 -1 
80 354 110 106 0.08329381793737411 6 -1 -1 
648 68 108 145 0.051974207162857056 9 -1 -1 
75 354 104 108 0.050318293273448944 5 -1 -1 
