935 100 29 27 0.9747090339660645 5 -1 -1 
109 443 148 88 0.9582828879356384 4 -1 -1 
809 143 154 71 0.9452966451644897 6 -1 -1 
537 136 31 22 0.9369707107543945 7 -1 -1 
607 180 63 31 0.9260823130607605 4 -1 -1 
1063 226 48 23 0.876632809638977 7 -1 -1 
963 81 53 39 0.875710129737854 5 -1 -1 
785 131 8 21 0.8559741377830505 1 -1 -1 
1146 216 76 63 0.8519160747528076 7 -1 -1 
656 94 74 39 0.8298375606536865 6 -1 -1 
682 139 38 18 0.8076728582382202 7 -1 -1 
697 82 41 24 0.7979614734649658 5 -1 -1 
1095 71 41 22 0.7752667665481567 4 -1 -1 
683 148 10 25 0.7670978903770447 1 -1 -1 
104 0 34 13 0.7599582076072693 4 -1 -1 
1136 159 54 41 0.7409065961837769 6 -1 -1 
1336 24 21 14 0.7076663970947266 4 -1 -1 
1038 159 106 65 0.7019301652908325 6 -1 -1 
834 117 8 19 0.6834073066711426 1 -1 -1 
907 174 12 30 0.6794142127037048 1 -1 -1 
65 2 18 12 0.6533274054527283 4 -1 -1 
0 90 20 25 0.6470175385475159 4 -1 -1 
0 29 19 16 0.6255615949630737 4 -1 -1 
669 128 51 25 0.6254180073738098 4 -1 -1 
73 10 19 13 0.6168708205223083 4 -1 -1 
526 88 41 22 0.6015727519989014 4 -1 -1 
550 47 42 26 0.6007547974586487 5 -1 -1 
819 115 8 19 0.5782827734947205 1 -1 -1 
1054 125 51 23 0.566088855266571 4 -1 -1 
1324 221 34 39 0.543626606464386 4 -1 -1 
618 113 56 27 0.5405381917953491 5 -1 -1 
550 47 43 26 0.5393655300140381 6 -1 -1 
1222 50 22 13 0.5276331305503845 7 -1 -1 
1146 217 77 62 0.5215796828269958 8 -1 -1 
1157 244 17 25 0.5100196003913879 2 -1 -1 
1109 172 37 51 0.5088258981704712 6 -1 -1 
103 6 7 11 0.5059682726860046 2 -1 -1 
1076 113 50 29 0.49756503105163574 5 -1 -1 
506 82 48 20 0.4962192475795746 4 -1 -1 
560 102 44 23 0.4822191894054413 4 -1 -1 
1250 63 100 34 0.4668041467666626 6 -1 -1 
604 133 53 24 0.46572020649909973 4 -1 -1 
136 3 20 15 0.4621310234069824 5 -1 -1 
136 3 19 15 0.4578494727611542 4 -1 -1 
538 127 13 26 0.4407115578651428 2 -1 -1 
1128 106 32 20 0.4381554126739502 4 -1 -1 
1236 72 62 23 0.4311959147453308 4 -1 -1 
111 0 26 13 0.4280737638473511 1 -1 -1 
103 9 7 10 0.4058113694190979 10 -1 -1 
853 146 110 56 0.40015363693237305 6 -1 -1 
1063 227 48 21 0.3997979164123535 8 -1 -1 
1319 60 32 15 0.39711079001426697 4 -1 -1 
1134 159 55 42 0.39681556820869446 4 -1 -1 
1084 179 54 44 0.39518818259239197 6 -1 -1 
1154 63 20 17 0.3825373947620392 4 -1 -1 
667 129 54 25 0.37375161051750183 6 -1 -1 
1078 78 13 18 0.3698684871196747 2 -1 -1 
1095 105 50 25 0.36314529180526733 4 -1 -1 
1097 105 56 27 0.35884401202201843 5 -1 -1 
1122 85 17 11 0.35515573620796204 10 -1 -1 
1109 72 27 19 0.3519362211227417 4 -1 -1 
1310 62 36 30 0.35193338990211487 8 -1 -1 
538 130 17 25 0.3517844080924988 7 -1 -1 
964 89 53 28 0.35090628266334534 6 -1 -1 
1182 89 73 30 0.3439542055130005 4 -1 -1 
1079 80 12 18 0.3397067189216614 3 -1 -1 
820 156 112 57 0.33858731389045715 6 -1 -1 
538 126 12 27 0.3358939290046692 1 -1 -1 
517 85 42 23 0.3288813531398773 4 -1 -1 
796 111 9 16 0.3277009427547455 1 -1 -1 
1076 114 50 28 0.3264859914779663 6 -1 -1 
1079 78 12 19 0.32205864787101746 1 -1 -1 
618 113 50 26 0.3157394230365753 4 -1 -1 
1232 78 51 20 0.3023531436920166 4 -1 -1 
404 33 17 24 0.301968514919281 2 -1 -1 
120 1 5 13 0.29976290464401245 1 -1 -1 
685 143 9 25 0.29870137572288513 1 -1 -1 
1126 79 11 14 0.2974536418914795 2 -1 -1 
655 99 31 21 0.29617562890052795 4 -1 -1 
1131 79 6 14 0.29420265555381775 2 -1 -1 
629 113 63 31 0.2926846444606781 5 -1 -1 
103 9 7 10 0.2923849821090698 3 -1 -1 
537 132 24 25 0.2914077341556549 2 -1 -1 
591 108 52 23 0.2871633768081665 4 -1 -1 
801 109 13 18 0.2866964638233185 10 -1 -1 
948 191 15 26 0.2859225571155548 3 -1 -1 
585 103 28 24 0.2801957428455353 4 -1 -1 
799 133 134 67 0.2767868638038635 6 -1 -1 
963 82 53 39 0.2763747572898865 9 -1 -1 
1320 60 31 16 0.2761688828468323 5 -1 -1 
593 58 25 17 0.2752286195755005 4 -1 -1 
1110 106 48 21 0.2745150625705719 5 -1 -1 
1195 91 57 22 0.27365899085998535 4 -1 -1 
1303 85 34 16 0.2720828354358673 4 -1 -1 
1115 106 41 21 0.27059206366539 4 -1 -1 
608 117 56 33 0.267416387796402 4 -1 -1 
550 47 42 26 0.26722267270088196 4 -1 -1 
1286 63 59 26 0.2645811140537262 6 -1 -1 
832 129 85 39 0.26457691192626953 6 -1 -1 
117 1 11 13 0.2642713487148285 1 -1 -1 
1138 72 9 12 0.2637135088443756 10 -1 -1 
819 115 8 19 0.2610985338687897 2 -1 -1 
1239 71 60 23 0.261048823595047 5 -1 -1 
1078 82 9 16 0.2604065239429474 3 -1 -1 
1138 72 9 12 0.26001468300819397 3 -1 -1 
1136 108 32 18 0.2586023509502411 4 -1 -1 
1156 217 70 52 0.2575278580188751 6 -1 -1 
470 70 6 13 0.2571203410625458 1 -1 -1 
556 101 33 21 0.25488588213920593 4 -1 -1 
1071 152 128 49 0.2527443468570709 6 -1 -1 
538 131 16 25 0.2524581849575043 1 -1 -1 
798 108 11 19 0.2523833215236664 1 -1 -1 
859 107 10 14 0.2523152828216553 4 -1 -1 
1224 51 20 13 0.2522684931755066 10 -1 -1 
949 189 22 30 0.2521352469921112 3 -1 -1 
1076 113 50 29 0.25196215510368347 4 -1 -1 
655 98 33 21 0.2510828673839569 5 -1 -1 
835 135 90 45 0.25101059675216675 6 -1 -1 
658 87 64 32 0.2503120005130768 6 -1 -1 
105 5 7 12 0.24791638553142548 2 -1 -1 
471 72 6 13 0.24702931940555573 1 -1 -1 
1273 172 67 50 0.24695834517478943 6 -1 -1 
1220 48 26 16 0.2469143271446228 4 -1 -1 
535 89 47 24 0.24690252542495728 4 -1 -1 
1316 60 36 16 0.24676591157913208 6 -1 -1 
1123 84 15 12 0.24532552063465118 2 -1 -1 
1276 157 84 65 0.24531042575836182 6 -1 -1 
478 72 5 12 0.24251922965049744 1 -1 -1 
1224 80 48 24 0.2400200366973877 4 -1 -1 
935 100 29 27 0.2366321086883545 4 -1 -1 
1124 82 17 14 0.2363979071378708 7 -1 -1 
103 6 7 11 0.2361878901720047 1 -1 -1 
1091 106 54 26 0.23579980432987213 6 -1 -1 
851 110 6 13 0.23335000872612 1 -1 -1 
1133 73 13 11 0.23028379678726196 3 -1 -1 
1058 119 66 25 0.2298741191625595 4 -1 -1 
1090 110 47 25 0.22986246645450592 4 -1 -1 
678 137 43 20 0.228445366024971 8 -1 -1 
1070 119 134 80 0.2283865064382553 6 -1 -1 
1224 44 18 15 0.22778546810150146 7 -1 -1 
1133 73 13 11 0.22736045718193054 10 -1 -1 
645 104 60 30 0.2265375405550003 6 -1 -1 
537 136 31 22 0.22621844708919525 8 -1 -1 
669 130 52 26 0.22557705640792847 7 -1 -1 
167 3 48 18 0.225523442029953 4 -1 -1 
470 69 6 10 0.22536799311637878 2 -1 -1 
1171 141 43 24 0.22448597848415375 4 -1 -1 
1136 159 53 42 0.2240377515554428 5 -1 -1 
1170 119 25 23 0.22393974661827087 4 -1 -1 
65 2 19 12 0.22354604303836823 5 -1 -1 
834 141 116 51 0.2225698083639145 6 -1 -1 
684 141 14 21 0.22192224860191345 1 -1 -1 
1128 78 14 15 0.22164806723594666 10 -1 -1 
798 108 11 19 0.22012032568454742 2 -1 -1 
1154 62 20 18 0.21986573934555054 5 -1 -1 
839 135 16 21 0.21753466129302979 10 -1 -1 
1345 181 12 25 0.2173508256673813 10 -1 -1 
858 135 66 36 0.2170947939157486 6 -1 -1 
1109 184 31 38 0.21685390174388885 7 -1 -1 
801 133 108 47 0.21622976660728455 6 -1 -1 
1101 159 87 42 0.21592329442501068 6 -1 -1 
963 90 27 27 0.21545566618442535 5 -1 -1 
1249 70 46 20 0.21382461488246918 4 -1 -1 
1204 94 51 24 0.21342234313488007 4 -1 -1 
470 73 6 13 0.2113899439573288 1 -1 -1 
1086 107 54 26 0.20982123911380768 5 -1 -1 
949 193 18 33 0.20959752798080444 3 -1 -1 
1146 217 76 62 0.20952445268630981 3 -1 -1 
1222 49 22 14 0.20884522795677185 8 -1 -1 
839 135 16 21 0.20762495696544647 7 -1 -1 
1238 69 74 28 0.20700787007808685 6 -1 -1 
629 113 63 31 0.20667725801467896 4 -1 -1 
1154 244 28 24 0.20648404955863953 7 -1 -1 
1216 84 51 24 0.20634260773658752 4 -1 -1 
833 122 70 39 0.20340940356254578 6 -1 -1 
537 122 11 28 0.20185217261314392 2 -1 -1 
697 82 41 24 0.20138491690158844 4 -1 -1 
850 110 7 11 0.20034843683242798 2 -1 -1 
1058 119 66 25 0.1999947726726532 5 -1 -1 
1142 155 68 42 0.19402016699314117 6 -1 -1 
167 2 50 19 0.19038164615631104 6 -1 -1 
1086 112 59 29 0.18810012936592102 5 -1 -1 
1228 77 65 30 0.18629617989063263 4 -1 -1 
1109 167 58 55 0.1859738826751709 6 -1 -1 
404 33 17 24 0.1820090264081955 1 -1 -1 
635 111 61 29 0.17694413661956787 6 -1 -1 
686 81 53 26 0.17516399919986725 6 -1 -1 
643 109 57 29 0.17422163486480713 5 -1 -1 
1272 153 89 71 0.17412568628787994 7 -1 -1 
800 147 51 52 0.17386466264724731 8 -1 -1 
611 110 53 26 0.17122946679592133 5 -1 -1 
798 151 109 60 0.17044347524642944 6 -1 -1 
1058 119 66 25 0.16980037093162537 6 -1 -1 
166 2 47 19 0.16876552999019623 5 -1 -1 
1076 137 111 47 0.16840218007564545 6 -1 -1 
603 111 54 26 0.16587334871292114 4 -1 -1 
1004 173 49 61 0.16302907466888428 6 -1 -1 
1202 97 62 36 0.16235655546188354 4 -1 -1 
1308 21 33 13 0.16206565499305725 6 -1 -1 
109 443 148 88 0.16167724132537842 9 -1 -1 
963 88 53 32 0.16150818765163422 4 -1 -1 
0 90 20 25 0.16122375428676605 5 -1 -1 
66 3 24 19 0.1610165238380432 4 -1 -1 
677 82 60 28 0.1600814014673233 5 -1 -1 
1273 182 63 41 0.15685491263866425 4 -1 -1 
68 8 23 18 0.15657898783683777 4 -1 -1 
542 91 55 27 0.1559239774942398 4 -1 -1 
800 147 48 51 0.15457260608673096 9 -1 -1 
643 118 60 29 0.15449680387973785 4 -1 -1 
667 128 54 26 0.15332156419754028 5 -1 -1 
217 15 31 15 0.15286865830421448 4 -1 -1 
1148 223 45 47 0.1528092324733734 7 -1 -1 
632 120 60 31 0.15198859572410583 4 -1 -1 
608 117 56 33 0.15002961456775665 5 -1 -1 
1112 146 77 48 0.14731799066066742 6 -1 -1 
667 129 54 25 0.14613579213619232 8 -1 -1 
888 199 96 47 0.14563250541687012 6 -1 -1 
654 94 71 37 0.14464160799980164 5 -1 -1 
0 28 19 18 0.14408144354820251 5 -1 -1 
1000 174 41 47 0.14291521906852722 6 -1 -1 
210 13 30 17 0.14267461001873016 4 -1 -1 
1159 89 108 50 0.1421118676662445 4 -1 -1 
1101 104 57 25 0.1415717601776123 6 -1 -1 
1185 77 73 32 0.14126232266426086 4 -1 -1 
563 98 53 29 0.14114683866500854 4 -1 -1 
800 146 83 52 0.14093409478664398 6 -1 -1 
1053 124 59 23 0.14017455279827118 5 -1 -1 
840 120 61 29 0.1401391476392746 6 -1 -1 
1040 152 92 50 0.13910922408103943 6 -1 -1 
643 109 57 29 0.13904426991939545 4 -1 -1 
1095 71 42 22 0.1380358636379242 5 -1 -1 
605 131 54 26 0.13648411631584167 5 -1 -1 
109 443 148 88 0.13620434701442719 1 -1 -1 
1062 226 49 24 0.13554346561431885 6 -1 -1 
1086 112 59 29 0.13465964794158936 6 -1 -1 
1053 124 59 23 0.13307158648967743 6 -1 -1 
104 0 34 12 0.1326448768377304 5 -1 -1 
647 125 61 27 0.13225559890270233 4 -1 -1 
1148 219 50 51 0.13107341527938843 8 -1 -1 
652 95 64 33 0.13089466094970703 4 -1 -1 
669 134 53 27 0.13072969019412994 6 -1 -1 
1079 107 56 29 0.1302669495344162 6 -1 -1 
1237 67 100 32 0.1300923377275467 4 -1 -1 
1054 153 130 65 0.12983793020248413 6 -1 -1 
1245 66 102 36 0.12916147708892822 9 -1 -1 
576 97 52 29 0.1282728761434555 4 -1 -1 
1109 153 88 66 0.12805533409118652 6 -1 -1 
891 180 166 66 0.12758654356002808 6 -1 -1 
809 143 154 71 0.12530618906021118 7 -1 -1 
796 132 108 70 0.11933094263076782 9 -1 -1 
806 143 154 70 0.11041076481342316 5 -1 -1 
1035 157 109 66 0.09836235642433167 5 -1 -1 
1151 75 116 54 0.09232604503631592 4 -1 -1 
810 145 152 68 0.09052916616201401 4 -1 -1 
1038 159 106 65 0.08981218189001083 4 -1 -1 
815 143 148 71 0.08684524893760681 9 -1 -1 
815 143 148 71 0.08573581278324127 8 -1 -1 
885 195 109 54 0.08313124626874924 7 -1 -1 
1272 153 89 71 0.08248355984687805 8 -1 -1 
1154 89 110 49 0.08187301456928253 5 -1 -1 
881 182 105 57 0.08105453103780746 6 -1 -1 
165 1 60 21 0.08026638627052307 9 -1 -1 
1143 74 120 60 0.08021106570959091 9 -1 -1 
796 132 126 70 0.07979662716388702 5 -1 -1 
935 173 127 65 0.0777687132358551 6 -1 -1 
1143 74 120 60 0.074441097676754 6 -1 -1 
1236 63 114 50 0.07038678228855133 6 -1 -1 
904 176 156 65 0.07015866041183472 7 -1 -1 
793 149 115 69 0.06905131042003632 9 -1 -1 
1120 138 104 64 0.06824660301208496 6 -1 -1 
843 138 123 59 0.06797952950000763 9 -1 -1 
881 182 105 57 0.06761563569307327 7 -1 -1 
1271 151 92 72 0.06741121411323547 4 -1 -1 
969 163 173 63 0.06739018112421036 6 -1 -1 
885 197 111 54 0.06601633876562119 8 -1 -1 
809 143 154 71 0.06598703563213348 3 -1 -1 
1038 165 104 62 0.06598524749279022 9 -1 -1 
1074 142 127 64 0.06455841660499573 9 -1 -1 
1039 156 102 68 0.06434269994497299 7 -1 -1 
809 143 154 71 0.0641208365559578 10 -1 -1 
1159 89 108 50 0.05871526896953583 9 -1 -1 
896 160 151 64 0.05816158279776573 6 -1 -1 
1080 164 112 66 0.05724938213825226 6 -1 -1 
874 157 122 68 0.055721577256917953 6 -1 -1 
1038 165 104 62 0.05520540475845337 8 -1 -1 
816 144 147 71 0.0551728829741478 1 -1 -1 
1139 94 122 60 0.05473024398088455 4 -1 -1 
1074 142 127 64 0.054625704884529114 4 -1 -1 
796 134 128 69 0.054375797510147095 4 -1 -1 
1155 92 108 51 0.054197631776332855 6 -1 -1 
805 126 139 60 0.053586289286613464 9 -1 -1 
881 182 105 57 0.05202900245785713 8 -1 -1 
1272 152 91 71 0.0516626313328743 9 -1 -1 
1074 142 127 64 0.051424067467451096 5 -1 -1 
