617 268 39 79 0.998735249042511 9 -1 -1 
18 433 85 33 0.9469729065895081 4 -1 -1 
64 700 104 46 0.9446386098861694 4 -1 -1 
148 563 85 39 0.9388489723205566 4 -1 -1 
94 658 110 45 0.9289303421974182 4 -1 -1 
622 15 13 18 0.9215053915977478 5 -1 -1 
534 542 35 64 0.9165068864822388 4 -1 -1 
124 598 87 51 0.9099535346031189 4 -1 -1 
570 188 20 29 0.9081777334213257 4 -1 -1 
505 418 21 38 0.9051072001457214 8 -1 -1 
617 445 30 47 0.8913260102272034 4 -1 -1 
436 152 24 28 0.8847542405128479 4 -1 -1 
553 308 27 40 0.8837969303131104 4 -1 -1 
514 697 43 67 0.8543014526367188 4 -1 -1 
219 708 58 55 0.8489192128181458 4 -1 -1 
386 281 29 32 0.8438411355018616 4 -1 -1 
456 109 22 24 0.8414987325668335 4 -1 -1 
759 438 8 20 0.8379507064819336 1 -1 -1 
345 433 12 24 0.8075557947158813 1 -1 -1 
355 433 10 25 0.7827981114387512 1 -1 -1 
483 33 15 16 0.7651281952857971 4 -1 -1 
492 5 16 16 0.7642073631286621 4 -1 -1 
351 374 11 22 0.7638153433799744 1 -1 -1 
616 115 18 20 0.7557530403137207 4 -1 -1 
1298 253 43 38 0.7451342344284058 4 -1 -1 
469 134 7 18 0.738089919090271 1 -1 -1 
390 145 7 18 0.7332253456115723 1 -1 -1 
841 480 52 52 0.7181804776191711 4 -1 -1 
488 311 10 17 0.7154908776283264 2 -1 -1 
574 117 18 23 0.7131874561309814 4 -1 -1 
749 437 10 22 0.7006267309188843 1 -1 -1 
500 309 11 15 0.6960363984107971 2 -1 -1 
671 266 9 16 0.6857801675796509 10 -1 -1 
400 129 6 16 0.6777350902557373 1 -1 -1 
672 261 8 14 0.6595478057861328 2 -1 -1 
523 175 6 17 0.6468815207481384 1 -1 -1 
1127 204 51 20 0.6461359262466431 4 -1 -1 
415 317 8 16 0.6279820799827576 2 -1 -1 
443 75 37 17 0.626056432723999 4 -1 -1 
401 249 24 26 0.6229971647262573 4 -1 -1 
1137 218 48 20 0.6222620010375977 4 -1 -1 
501 314 9 18 0.6128632426261902 10 -1 -1 
486 15 16 19 0.6117491722106934 5 -1 -1 
297 353 39 23 0.5957327485084534 7 -1 -1 
355 360 9 12 0.5889695286750793 2 -1 -1 
28 745 108 18 0.5841062664985657 4 -1 -1 
489 317 9 18 0.584102988243103 10 -1 -1 
418 674 14 22 0.5837756395339966 2 -1 -1 
381 529 18 29 0.5830419659614563 10 -1 -1 
587 735 47 29 0.579737663269043 4 -1 -1 
418 675 14 35 0.5783095359802246 10 -1 -1 
431 316 8 15 0.5662389993667603 10 -1 -1 
394 138 6 16 0.561031699180603 1 -1 -1 
401 147 6 16 0.55869060754776 1 -1 -1 
761 371 11 16 0.5586304068565369 10 -1 -1 
426 182 25 29 0.5529589056968689 5 -1 -1 
346 354 9 14 0.5523581504821777 2 -1 -1 
517 176 7 16 0.5441635251045227 1 -1 -1 
431 313 8 13 0.542894721031189 2 -1 -1 
290 329 8 20 0.5358694791793823 1 -1 -1 
334 360 8 17 0.5176926255226135 1 -1 -1 
438 43 27 17 0.4854165017604828 4 -1 -1 
285 342 8 14 0.48312997817993164 2 -1 -1 
509 195 8 17 0.4770524799823761 1 -1 -1 
762 368 10 16 0.4753398895263672 2 -1 -1 
509 177 7 17 0.46996352076530457 1 -1 -1 
415 322 8 18 0.46912816166877747 10 -1 -1 
686 263 8 16 0.4685874879360199 10 -1 -1 
686 260 8 15 0.4610384702682495 2 -1 -1 
260 322 25 32 0.4588289260864258 8 -1 -1 
426 182 25 29 0.44754308462142944 4 -1 -1 
800 201 7 13 0.4414367377758026 2 -1 -1 
617 268 39 79 0.43144938349723816 4 -1 -1 
505 418 21 38 0.41684675216674805 7 -1 -1 
447 29 16 19 0.41257789731025696 4 -1 -1 
798 207 11 10 0.39880526065826416 3 -1 -1 
894 391 9 23 0.3945283889770508 1 -1 -1 
751 178 7 18 0.39021390676498413 1 -1 -1 
297 353 38 23 0.3776629865169525 10 -1 -1 
402 250 23 25 0.37727612257003784 5 -1 -1 
617 268 39 79 0.3720148205757141 10 -1 -1 
424 35 15 17 0.35563918948173523 4 -1 -1 
827 206 7 14 0.355236291885376 1 -1 -1 
519 176 8 15 0.3516763746738434 1 -1 -1 
1128 208 54 21 0.33981555700302124 4 -1 -1 
486 15 16 19 0.3357110917568207 4 -1 -1 
414 322 9 18 0.3316522240638733 3 -1 -1 
617 268 39 79 0.33005490899086 5 -1 -1 
513 177 9 17 0.32995352149009705 1 -1 -1 
824 214 14 10 0.3248843550682068 3 -1 -1 
489 317 9 18 0.32051825523376465 3 -1 -1 
617 268 39 79 0.32020512223243713 3 -1 -1 
617 268 39 79 0.31679707765579224 2 -1 -1 
617 268 39 79 0.3162654638290405 6 -1 -1 
509 195 8 17 0.31308743357658386 2 -1 -1 
334 360 9 16 0.3121117055416107 2 -1 -1 
447 29 16 19 0.3084232211112976 5 -1 -1 
617 268 40 79 0.308214008808136 1 -1 -1 
798 206 11 11 0.30691832304000854 10 -1 -1 
617 268 39 79 0.30611148476600647 7 -1 -1 
220 503 21 15 0.29995912313461304 10 -1 -1 
521 175 7 15 0.29855453968048096 1 -1 -1 
419 678 13 32 0.2979893684387207 3 -1 -1 
523 176 6 15 0.29749003052711487 2 -1 -1 
799 203 9 13 0.29674121737480164 2 -1 -1 
415 317 8 18 0.29449403285980225 1 -1 -1 
360 150 7 14 0.29335924983024597 10 -1 -1 
519 176 8 15 0.29267027974128723 2 -1 -1 
762 368 10 18 0.29095762968063354 1 -1 -1 
687 259 6 11 0.2884666621685028 2 -1 -1 
517 176 7 16 0.2867816388607025 2 -1 -1 
505 418 21 38 0.28421929478645325 3 -1 -1 
488 312 10 19 0.281383216381073 10 -1 -1 
360 149 6 14 0.28114140033721924 1 -1 -1 
392 143 7 18 0.27986037731170654 1 -1 -1 
418 672 14 34 0.27903151512145996 2 -1 -1 
508 175 9 18 0.27790194749832153 2 -1 -1 
299 350 53 26 0.27666211128234863 7 -1 -1 
686 263 8 16 0.2745707333087921 8 -1 -1 
763 374 10 16 0.26835912466049194 10 -1 -1 
285 342 8 14 0.2655055522918701 1 -1 -1 
510 175 9 18 0.26526710391044617 1 -1 -1 
714 5 7 9 0.2634927034378052 10 -1 -1 
354 362 13 12 0.2610679566860199 2 -1 -1 
505 418 21 38 0.26058948040008545 2 -1 -1 
512 174 8 17 0.26017358899116516 1 -1 -1 
686 260 8 15 0.2569843828678131 1 -1 -1 
381 316 9 19 0.2530860900878906 1 -1 -1 
414 327 8 14 0.25207072496414185 10 -1 -1 
826 211 10 12 0.2508031129837036 1 -1 -1 
347 354 8 14 0.25015968084335327 1 -1 -1 
800 203 8 13 0.24823760986328125 10 -1 -1 
442 74 38 18 0.24560821056365967 5 -1 -1 
379 115 7 13 0.24514354765415192 1 -1 -1 
31 746 108 17 0.24497121572494507 6 -1 -1 
426 71 54 21 0.2427479475736618 4 -1 -1 
383 530 14 20 0.2421131283044815 10 -1 -1 
800 201 7 13 0.23983772099018097 1 -1 -1 
514 178 8 15 0.23956280946731567 2 -1 -1 
446 27 21 22 0.23817890882492065 6 -1 -1 
510 173 9 18 0.23771387338638306 2 -1 -1 
1298 253 42 38 0.2356819212436676 5 -1 -1 
617 268 39 79 0.23481637239456177 8 -1 -1 
285 342 8 14 0.23433007299900055 10 -1 -1 
431 317 8 14 0.23387542366981506 3 -1 -1 
506 195 9 16 0.23277242481708527 1 -1 -1 
440 36 27 22 0.2295261025428772 4 -1 -1 
297 352 39 24 0.22947125136852264 8 -1 -1 
672 261 8 15 0.22881898283958435 1 -1 -1 
671 262 9 16 0.22798274457454681 10 -1 -1 
515 175 8 14 0.2259041965007782 1 -1 -1 
825 213 13 10 0.22362995147705078 10 -1 -1 
1126 203 52 22 0.22175808250904083 5 -1 -1 
438 43 29 18 0.2205839902162552 5 -1 -1 
418 31 23 22 0.19638988375663757 4 -1 -1 
426 182 25 29 0.1907643973827362 6 -1 -1 
1136 218 50 20 0.18046721816062927 5 -1 -1 
212 498 28 21 0.1804261952638626 10 -1 -1 
417 27 22 26 0.1714199185371399 5 -1 -1 
840 473 36 57 0.1681612879037857 4 -1 -1 
441 68 38 21 0.16687922179698944 4 -1 -1 
417 672 15 31 0.1668727993965149 1 -1 -1 
336 359 39 17 0.16244946420192719 7 -1 -1 
426 66 52 22 0.15990538895130157 4 -1 -1 
380 529 19 29 0.1510842740535736 7 -1 -1 
260 322 25 31 0.14927461743354797 5 -1 -1 
218 500 25 20 0.1488507241010666 3 -1 -1 
843 463 63 68 0.14720940589904785 4 -1 -1 
445 30 24 22 0.14714664220809937 4 -1 -1 
312 353 48 21 0.14707422256469727 7 -1 -1 
446 23 25 22 0.14136937260627747 4 -1 -1 
441 43 32 20 0.13880357146263123 4 -1 -1 
841 480 52 52 0.13067708909511566 5 -1 -1 
573 116 19 24 0.12934085726737976 5 -1 -1 
16 434 87 32 0.12875314056873322 1 -1 -1 
756 1 63 27 0.12776997685432434 6 -1 -1 
260 322 25 31 0.12763211131095886 4 -1 -1 
447 22 26 23 0.12704668939113617 6 -1 -1 
297 353 38 23 0.12213490158319473 3 -1 -1 
420 23 25 29 0.12126735597848892 4 -1 -1 
415 24 22 28 0.1208459809422493 4 -1 -1 
443 33 24 22 0.12060463428497314 5 -1 -1 
504 418 22 38 0.12059356272220612 1 -1 -1 
27 744 110 20 0.11993589252233505 5 -1 -1 
505 418 21 38 0.11873071640729904 10 -1 -1 
436 153 24 27 0.11777655780315399 5 -1 -1 
535 542 34 64 0.11731897294521332 5 -1 -1 
347 373 17 27 0.11709906905889511 1 -1 -1 
64 700 104 46 0.1166229397058487 1 -1 -1 
442 74 38 18 0.11631613224744797 6 -1 -1 
425 67 53 24 0.11443151533603668 5 -1 -1 
219 708 58 55 0.10918698459863663 5 -1 -1 
439 43 32 19 0.10671833902597427 6 -1 -1 
148 563 85 39 0.10622847080230713 1 -1 -1 
94 659 110 44 0.10315548628568649 1 -1 -1 
381 529 18 29 0.10308313369750977 3 -1 -1 
263 327 26 32 0.10306739807128906 8 -1 -1 
377 536 21 25 0.10256508737802505 10 -1 -1 
426 64 39 18 0.10256239026784897 4 -1 -1 
447 25 23 22 0.10195387899875641 5 -1 -1 
417 672 15 27 0.10094312578439713 10 -1 -1 
220 708 57 55 0.1008661612868309 10 -1 -1 
299 350 53 26 0.10027400404214859 6 -1 -1 
315 347 61 29 0.09844817966222763 6 -1 -1 
92 655 114 50 0.08539807796478271 9 -1 -1 
1114 203 66 31 0.07431724667549133 4 -1 -1 
63 697 106 55 0.07120618224143982 9 -1 -1 
1128 216 59 24 0.07073287665843964 9 -1 -1 
307 349 68 27 0.07019004970788956 7 -1 -1 
1125 210 60 27 0.06576432287693024 5 -1 -1 
299 341 71 34 0.058423567563295364 6 -1 -1 
297 347 60 30 0.05266162380576134 9 -1 -1 
1121 194 57 29 0.05216009169816971 4 -1 -1 
1123 196 57 27 0.051486559212207794 9 -1 -1 
93 656 112 50 0.05132637172937393 6 -1 -1 
