823 352 34 46 0.965723991394043 5 -1 -1 
775 592 54 70 0.925864577293396 4 -1 -1 
428 470 35 44 0.9232902526855469 6 -1 -1 
831 460 71 45 0.8987462520599365 5 -1 -1 
940 577 16 39 0.8946842551231384 1 -1 -1 
741 340 30 33 0.8940919637680054 5 -1 -1 
762 521 48 53 0.8839419484138489 4 -1 -1 
756 451 39 38 0.8828331232070923 4 -1 -1 
859 364 9 24 0.8704472184181213 1 -1 -1 
631 381 29 37 0.8392643332481384 5 -1 -1 
425 550 12 39 0.8363847732543945 1 -1 -1 
680 276 19 19 0.8313885927200317 4 -1 -1 
799 400 76 31 0.8084390759468079 4 -1 -1 
696 188 13 12 0.7929359078407288 4 -1 -1 
762 599 16 43 0.7893353700637817 1 -1 -1 
668 333 9 21 0.7876797914505005 1 -1 -1 
800 261 8 17 0.7660203576087952 1 -1 -1 
406 512 41 63 0.7366471290588379 8 -1 -1 
366 534 20 36 0.7203530669212341 10 -1 -1 
739 335 8 19 0.7136954665184021 1 -1 -1 
838 301 7 14 0.7102239727973938 2 -1 -1 
890 404 31 20 0.7041947245597839 10 -1 -1 
707 160 10 8 0.6822278499603271 4 -1 -1 
428 474 35 39 0.670907735824585 8 -1 -1 
349 643 39 27 0.6641561985015869 10 -1 -1 
723 201 14 12 0.6545830965042114 5 -1 -1 
377 521 29 20 0.6512112617492676 10 -1 -1 
915 559 12 29 0.6423498392105103 1 -1 -1 
345 630 34 30 0.6017509698867798 10 -1 -1 
720 212 25 11 0.5872348546981812 4 -1 -1 
507 391 27 19 0.5809743404388428 10 -1 -1 
710 149 10 9 0.5737591981887817 4 -1 -1 
371 688 100 67 0.5727466940879822 4 -1 -1 
854 591 92 55 0.5657092332839966 4 -1 -1 
703 129 8 8 0.5624078512191772 4 -1 -1 
656 268 18 18 0.551153302192688 4 -1 -1 
660 261 15 15 0.5447535514831543 4 -1 -1 
490 370 41 39 0.5406096577644348 8 -1 -1 
788 207 4 11 0.5327395796775818 1 -1 -1 
713 209 4 8 0.5255519151687622 2 -1 -1 
770 294 42 19 0.5211223363876343 4 -1 -1 
695 144 7 8 0.510551929473877 5 -1 -1 
838 306 7 14 0.5103297233581543 10 -1 -1 
405 508 12 25 0.5049586892127991 1 -1 -1 
695 144 7 7 0.47173017263412476 4 -1 -1 
497 369 27 35 0.467942476272583 8 -1 -1 
443 555 17 30 0.4602228105068207 2 -1 -1 
838 306 7 14 0.45973801612854004 3 -1 -1 
713 210 4 9 0.4449998140335083 10 -1 -1 
718 195 10 11 0.44189995527267456 4 -1 -1 
803 449 10 27 0.4381963312625885 1 -1 -1 
406 512 72 63 0.42926064133644104 8 -1 -1 
713 209 4 10 0.4248051047325134 1 -1 -1 
711 152 10 8 0.41748109459877014 4 -1 -1 
854 325 12 16 0.4123609662055969 10 -1 -1 
406 520 26 57 0.4118735194206238 8 -1 -1 
289 695 28 45 0.4098401665687561 3 -1 -1 
708 139 7 7 0.4006108343601227 4 -1 -1 
701 159 4 8 0.39990484714508057 2 -1 -1 
449 556 14 29 0.3977397680282593 2 -1 -1 
709 138 6 7 0.39605513215065 7 -1 -1 
702 159 4 6 0.39277181029319763 2 -1 -1 
693 162 3 7 0.38863465189933777 2 -1 -1 
470 468 34 42 0.38768455386161804 6 -1 -1 
827 267 6 11 0.38370054960250854 7 -1 -1 
693 162 4 7 0.3810398578643799 10 -1 -1 
712 154 10 8 0.3723723590373993 4 -1 -1 
713 209 4 11 0.3722725510597229 3 -1 -1 
383 517 29 22 0.3687645196914673 10 -1 -1 
441 563 20 22 0.36235809326171875 10 -1 -1 
346 635 43 29 0.35889795422554016 10 -1 -1 
368 531 19 30 0.3586103618144989 2 -1 -1 
849 577 96 47 0.3577544689178467 4 -1 -1 
701 159 4 8 0.35575592517852783 10 -1 -1 
711 158 10 8 0.3551727533340454 4 -1 -1 
563 265 33 26 0.35478153824806213 8 -1 -1 
709 138 6 7 0.3546857237815857 8 -1 -1 
719 188 11 11 0.35373297333717346 5 -1 -1 
708 148 10 7 0.3523463308811188 4 -1 -1 
580 306 38 18 0.3521266281604767 4 -1 -1 
657 263 18 19 0.3475804626941681 4 -1 -1 
718 192 11 11 0.3357236087322235 4 -1 -1 
406 538 19 39 0.3322165906429291 8 -1 -1 
701 139 4 7 0.3316762447357178 1 -1 -1 
442 435 13 13 0.32733243703842163 10 -1 -1 
569 265 30 26 0.32583558559417725 6 -1 -1 
503 387 31 23 0.32563725113868713 8 -1 -1 
445 555 17 30 0.32515689730644226 1 -1 -1 
562 268 23 23 0.3222655653953552 8 -1 -1 
701 160 4 7 0.32140547037124634 1 -1 -1 
827 266 6 12 0.320516973733902 10 -1 -1 
480 369 43 32 0.3198462128639221 8 -1 -1 
443 428 11 18 0.31778836250305176 10 -1 -1 
702 159 4 7 0.31722038984298706 1 -1 -1 
856 318 16 16 0.3170824348926544 10 -1 -1 
827 265 6 10 0.3132726848125458 2 -1 -1 
682 167 8 10 0.31185799837112427 8 -1 -1 
442 434 13 14 0.307691752910614 2 -1 -1 
693 162 3 7 0.30658459663391113 1 -1 -1 
439 505 9 16 0.303615003824234 1 -1 -1 
711 146 8 8 0.3006629943847656 4 -1 -1 
443 428 11 18 0.29895636439323425 2 -1 -1 
642 349 8 17 0.2981835603713989 1 -1 -1 
399 509 18 28 0.29721981287002563 10 -1 -1 
443 423 9 19 0.2968232333660126 2 -1 -1 
443 564 19 22 0.29591962695121765 2 -1 -1 
872 607 75 40 0.2953912317752838 4 -1 -1 
439 503 11 16 0.29473936557769775 2 -1 -1 
439 501 13 20 0.2936030328273773 8 -1 -1 
718 188 11 11 0.2924543619155884 6 -1 -1 
563 270 20 24 0.29235056042671204 7 -1 -1 
855 318 12 21 0.28809067606925964 7 -1 -1 
593 284 29 15 0.2869177758693695 4 -1 -1 
718 194 11 11 0.28450706601142883 6 -1 -1 
433 499 18 22 0.28175485134124756 8 -1 -1 
712 156 9 8 0.2781829833984375 4 -1 -1 
629 381 31 37 0.2759568691253662 4 -1 -1 
816 246 9 10 0.27532145380973816 2 -1 -1 
719 188 11 11 0.27460235357284546 4 -1 -1 
783 188 17 11 0.2721802592277527 7 -1 -1 
407 543 17 34 0.2690415382385254 7 -1 -1 
682 167 8 10 0.2683597207069397 4 -1 -1 
428 474 36 39 0.26736220717430115 5 -1 -1 
442 554 14 29 0.2659301161766052 1 -1 -1 
678 185 7 7 0.26366758346557617 7 -1 -1 
856 318 16 16 0.2625368535518646 7 -1 -1 
739 339 8 19 0.26166531443595886 3 -1 -1 
451 555 12 28 0.25956207513809204 1 -1 -1 
712 169 8 9 0.2595108449459076 7 -1 -1 
803 293 8 14 0.2566903531551361 2 -1 -1 
419 524 85 50 0.2562684416770935 8 -1 -1 
406 509 11 23 0.25611600279808044 2 -1 -1 
439 433 14 15 0.25576311349868774 10 -1 -1 
564 267 26 24 0.25565800070762634 6 -1 -1 
616 207 29 16 0.2551974952220917 8 -1 -1 
563 266 31 26 0.25343334674835205 7 -1 -1 
741 341 30 33 0.25289568305015564 6 -1 -1 
712 169 5 9 0.25007036328315735 10 -1 -1 
701 139 4 7 0.24979887902736664 2 -1 -1 
712 168 11 10 0.24675583839416504 8 -1 -1 
909 560 18 30 0.24598895013332367 1 -1 -1 
333 614 29 31 0.24427475035190582 10 -1 -1 
406 538 20 39 0.24218931794166565 10 -1 -1 
678 185 7 7 0.24060077965259552 8 -1 -1 
615 195 31 23 0.23834967613220215 5 -1 -1 
838 301 7 16 0.23811820149421692 10 -1 -1 
702 162 4 6 0.23712682723999023 10 -1 -1 
718 192 11 11 0.23535707592964172 5 -1 -1 
444 423 8 18 0.2339036911725998 10 -1 -1 
372 688 102 66 0.23299618065357208 5 -1 -1 
427 525 86 46 0.23131579160690308 6 -1 -1 
652 260 23 27 0.23018969595432281 4 -1 -1 
740 341 31 33 0.22923506796360016 4 -1 -1 
418 636 74 50 0.22403936088085175 4 -1 -1 
468 459 46 55 0.21931840479373932 6 -1 -1 
615 195 32 24 0.21713240444660187 8 -1 -1 
825 460 78 44 0.2158639132976532 4 -1 -1 
405 512 38 64 0.2148660570383072 7 -1 -1 
447 523 90 43 0.20983020961284637 6 -1 -1 
849 575 79 36 0.2057894766330719 4 -1 -1 
615 194 31 28 0.19837859272956848 9 -1 -1 
615 200 35 24 0.1888478696346283 6 -1 -1 
411 513 77 66 0.18666523694992065 7 -1 -1 
823 352 34 46 0.18147026002407074 4 -1 -1 
429 526 82 47 0.17986440658569336 5 -1 -1 
850 582 97 65 0.1794227957725525 5 -1 -1 
408 511 88 65 0.17474190890789032 6 -1 -1 
615 195 32 24 0.1741788536310196 4 -1 -1 
0 590 60 65 0.16543889045715332 10 -1 -1 
615 195 31 24 0.1628989726305008 6 -1 -1 
616 198 41 24 0.1619211882352829 5 -1 -1 
849 577 96 47 0.1611093282699585 5 -1 -1 
845 568 104 89 0.1602756530046463 4 -1 -1 
409 518 85 57 0.15867812931537628 5 -1 -1 
593 205 44 19 0.15666629374027252 6 -1 -1 
429 523 68 57 0.1557513177394867 7 -1 -1 
406 511 54 64 0.14992739260196686 6 -1 -1 
518 458 57 63 0.1487705111503601 4 -1 -1 
823 352 34 46 0.14767323434352875 8 -1 -1 
616 204 38 20 0.145266592502594 9 -1 -1 
755 292 58 25 0.14393214881420135 4 -1 -1 
268 691 51 51 0.14358912408351898 3 -1 -1 
851 315 21 28 0.14062710106372833 10 -1 -1 
384 672 164 85 0.14031577110290527 4 -1 -1 
422 514 96 45 0.13948996365070343 6 -1 -1 
420 648 90 57 0.13711684942245483 4 -1 -1 
851 613 94 46 0.13681165874004364 4 -1 -1 
0 587 59 63 0.1331527680158615 4 -1 -1 
405 512 42 62 0.13283632695674896 5 -1 -1 
850 582 97 65 0.13223648071289062 6 -1 -1 
768 292 45 21 0.13005727529525757 5 -1 -1 
800 400 75 31 0.1298532485961914 5 -1 -1 
429 526 82 47 0.12928006052970886 4 -1 -1 
580 307 44 25 0.12612858414649963 4 -1 -1 
823 352 34 46 0.12349145859479904 6 -1 -1 
603 201 40 23 0.12175621837377548 6 -1 -1 
387 684 102 59 0.12069125473499298 4 -1 -1 
469 463 66 55 0.12007312476634979 6 -1 -1 
887 582 59 63 0.11874440312385559 4 -1 -1 
460 514 83 45 0.11703875660896301 6 -1 -1 
890 404 31 20 0.1154637262225151 4 -1 -1 
412 524 81 53 0.11465009301900864 4 -1 -1 
580 300 51 22 0.11427206546068192 4 -1 -1 
617 208 38 17 0.11344826221466064 6 -1 -1 
468 459 46 55 0.11325579136610031 5 -1 -1 
768 292 45 21 0.11042691767215729 6 -1 -1 
343 628 59 44 0.11041001230478287 10 -1 -1 
407 640 134 84 0.10993973910808563 4 -1 -1 
405 646 71 54 0.10929202288389206 4 -1 -1 
471 455 84 54 0.10908877104520798 6 -1 -1 
468 459 46 55 0.10882415622472763 9 -1 -1 
511 459 51 78 0.1085091307759285 4 -1 -1 
589 285 37 19 0.10721243172883987 4 -1 -1 
603 201 40 23 0.10674868524074554 8 -1 -1 
461 498 58 52 0.10640908777713776 6 -1 -1 
615 195 31 24 0.1059599295258522 7 -1 -1 
807 460 95 47 0.10474474728107452 9 -1 -1 
426 511 91 57 0.10468846559524536 8 -1 -1 
616 201 33 22 0.10429034382104874 7 -1 -1 
475 368 59 43 0.10428967326879501 7 -1 -1 
889 405 31 19 0.1032947227358818 3 -1 -1 
616 206 35 18 0.10288236290216446 5 -1 -1 
775 592 54 70 0.10005180537700653 1 -1 -1 
432 495 78 55 0.09982111304998398 6 -1 -1 
799 400 76 31 0.09978275001049042 6 -1 -1 
848 557 76 50 0.09971237927675247 4 -1 -1 
741 341 30 33 0.09930966794490814 8 -1 -1 
527 458 68 67 0.09819601476192474 4 -1 -1 
823 352 34 46 0.09805120527744293 10 -1 -1 
585 293 46 22 0.09729664772748947 4 -1 -1 
5 606 58 58 0.09483537822961807 10 -1 -1 
456 588 95 49 0.0941806510090828 4 -1 -1 
414 619 147 87 0.0935593694448471 4 -1 -1 
762 521 48 53 0.09353252500295639 1 -1 -1 
465 468 43 69 0.09344851225614548 6 -1 -1 
405 682 82 47 0.09337646514177322 4 -1 -1 
580 306 38 18 0.09313903003931046 5 -1 -1 
889 405 31 19 0.09251604974269867 7 -1 -1 
1 599 63 61 0.09213587641716003 2 -1 -1 
500 460 61 88 0.0918627604842186 6 -1 -1 
374 691 146 75 0.0914757028222084 4 -1 -1 
405 516 61 64 0.09137395024299622 5 -1 -1 
522 456 64 47 0.09120620787143707 4 -1 -1 
405 512 42 62 0.09108593314886093 4 -1 -1 
849 575 79 36 0.09068402647972107 5 -1 -1 
616 191 36 22 0.09045050293207169 5 -1 -1 
445 526 94 46 0.09006094932556152 5 -1 -1 
371 687 100 68 0.09001238644123077 1 -1 -1 
823 352 34 46 0.08895033597946167 9 -1 -1 
427 525 86 46 0.08829527348279953 9 -1 -1 
415 673 77 46 0.08817416429519653 4 -1 -1 
762 521 48 53 0.0874769389629364 5 -1 -1 
384 672 164 85 0.08626322448253632 5 -1 -1 
741 341 29 33 0.08550963550806046 9 -1 -1 
769 292 44 21 0.08531184494495392 7 -1 -1 
755 291 58 24 0.08529093861579895 9 -1 -1 
489 459 64 64 0.0849260538816452 6 -1 -1 
498 459 69 57 0.08480551093816757 4 -1 -1 
854 565 90 48 0.08479942381381989 4 -1 -1 
371 687 103 67 0.08459154516458511 6 -1 -1 
831 461 71 44 0.0838831290602684 6 -1 -1 
603 201 40 23 0.08380497992038727 7 -1 -1 
779 220 29 23 0.08374644815921783 6 -1 -1 
412 524 81 53 0.08329085260629654 9 -1 -1 
468 459 46 55 0.08268678188323975 4 -1 -1 
616 191 36 22 0.08176431804895401 4 -1 -1 
456 526 96 54 0.08151357620954514 6 -1 -1 
445 526 94 46 0.0810486227273941 4 -1 -1 
849 575 95 44 0.08022483438253403 6 -1 -1 
374 651 133 91 0.07975351810455322 4 -1 -1 
853 313 21 29 0.07934286445379257 3 -1 -1 
774 593 54 69 0.07873024046421051 5 -1 -1 
470 485 76 67 0.0773865357041359 6 -1 -1 
397 665 80 53 0.07729320228099823 4 -1 -1 
501 460 68 96 0.0769767239689827 5 -1 -1 
418 643 158 103 0.06835602968931198 4 -1 -1 
417 514 141 70 0.06792549043893814 6 -1 -1 
415 599 141 85 0.06493402272462845 4 -1 -1 
412 683 170 77 0.05755907669663429 4 -1 -1 
83 442 271 291 0.05627390742301941 6 -1 -1 
403 498 123 80 0.053830526769161224 6 -1 -1 
414 619 147 87 0.05341344326734543 5 -1 -1 
5 545 112 126 0.05172941833734512 6 -1 -1 
405 609 111 100 0.05158468335866928 4 -1 -1 
374 691 146 75 0.05077243223786354 5 -1 -1 
413 641 148 91 0.0502135343849659 5 -1 -1 
