1124 168 102 47 0.995882511138916 6 -1 -1 
701 116 35 34 0.9280736446380615 4 -1 -1 
669 426 60 88 0.9268597364425659 4 -1 -1 
493 195 82 43 0.9255832433700562 4 -1 -1 
990 178 92 38 0.9252009391784668 4 -1 -1 
851 159 91 32 0.9217565059661865 4 -1 -1 
599 61 29 32 0.902262806892395 4 -1 -1 
531 105 36 37 0.9019463658332825 4 -1 -1 
126 117 50 35 0.899468719959259 4 -1 -1 
137 207 94 41 0.8915735483169556 4 -1 -1 
141 178 105 41 0.8781118988990784 4 -1 -1 
525 149 39 43 0.876867949962616 4 -1 -1 
55 110 39 35 0.8682132959365845 4 -1 -1 
667 234 43 49 0.858439564704895 4 -1 -1 
320 443 89 120 0.8505631685256958 4 -1 -1 
553 48 8 17 0.8400669693946838 3 -1 -1 
511 9 37 21 0.8389937877655029 5 -1 -1 
433 100 72 29 0.8302847743034363 4 -1 -1 
539 47 10 16 0.7896206378936768 3 -1 -1 
671 12 23 21 0.766057014465332 4 -1 -1 
885 180 27 21 0.7442058324813843 10 -1 -1 
578 154 39 48 0.7418241500854492 4 -1 -1 
512 467 26 48 0.737400233745575 2 -1 -1 
586 120 32 35 0.7343916893005371 4 -1 -1 
122 279 120 53 0.7268558740615845 4 -1 -1 
758 187 13 28 0.7261499762535095 3 -1 -1 
518 356 22 38 0.7187029719352722 2 -1 -1 
1234 138 18 29 0.7070648670196533 10 -1 -1 
569 21 27 27 0.6968796253204346 4 -1 -1 
553 42 7 18 0.6896542906761169 2 -1 -1 
540 39 9 19 0.6882367730140686 2 -1 -1 
533 82 11 19 0.683670163154602 2 -1 -1 
1296 187 61 30 0.6789278984069824 7 -1 -1 
779 87 65 35 0.6740576028823853 4 -1 -1 
759 179 13 28 0.6731461882591248 2 -1 -1 
869 109 12 27 0.6675906181335449 1 -1 -1 
428 78 31 30 0.6629592180252075 4 -1 -1 
424 288 20 39 0.655623733997345 2 -1 -1 
498 20 47 21 0.6481788754463196 4 -1 -1 
607 18 25 29 0.6304675936698914 4 -1 -1 
1343 130 12 26 0.6286017298698425 1 -1 -1 
1104 176 40 22 0.6236875653266907 10 -1 -1 
533 88 11 18 0.6176795959472656 10 -1 -1 
1327 131 12 23 0.6105374097824097 1 -1 -1 
559 0 21 19 0.6095107197761536 4 -1 -1 
764 77 60 26 0.6064398288726807 4 -1 -1 
309 156 99 42 0.6041143536567688 4 -1 -1 
462 386 45 67 0.6025779843330383 7 -1 -1 
744 74 9 22 0.5947325825691223 1 -1 -1 
391 45 10 25 0.5824670791625977 1 -1 -1 
518 369 22 37 0.5783033967018127 10 -1 -1 
757 64 56 23 0.5684585571289062 4 -1 -1 
513 485 25 48 0.5665132999420166 10 -1 -1 
1240 222 88 34 0.5639506578445435 4 -1 -1 
605 0 9 14 0.5624756217002869 10 -1 -1 
378 236 34 21 0.5621924996376038 10 -1 -1 
1049 127 11 26 0.5554744601249695 1 -1 -1 
343 114 66 29 0.5544660091400146 4 -1 -1 
73 309 82 67 0.546166181564331 5 -1 -1 
424 299 21 34 0.5425180792808533 10 -1 -1 
1117 169 17 25 0.5387608408927917 2 -1 -1 
513 486 25 48 0.5266124606132507 3 -1 -1 
472 59 57 29 0.5256249904632568 4 -1 -1 
1084 279 36 15 0.49185484647750854 3 -1 -1 
898 125 19 21 0.49147629737854004 3 -1 -1 
462 386 45 67 0.4883400797843933 8 -1 -1 
1280 159 14 17 0.4880785644054413 10 -1 -1 
463 393 24 40 0.48397523164749146 2 -1 -1 
894 168 18 26 0.48245126008987427 2 -1 -1 
386 216 39 28 0.4721430540084839 7 -1 -1 
761 68 58 28 0.43644702434539795 4 -1 -1 
1296 188 62 29 0.43296676874160767 8 -1 -1 
873 164 58 29 0.43092262744903564 2 -1 -1 
1016 126 12 21 0.4216597080230713 1 -1 -1 
886 177 26 22 0.4170198440551758 2 -1 -1 
1076 115 31 21 0.41562938690185547 4 -1 -1 
42 414 48 28 0.41418418288230896 3 -1 -1 
509 140 12 28 0.4139513373374939 10 -1 -1 
1122 174 50 35 0.40488749742507935 8 -1 -1 
758 187 14 28 0.40302547812461853 10 -1 -1 
518 369 22 37 0.39916449785232544 3 -1 -1 
393 214 23 27 0.3942723572254181 2 -1 -1 
392 220 34 24 0.3933161795139313 3 -1 -1 
540 39 9 19 0.38353288173675537 1 -1 -1 
1310 137 9 19 0.3811286389827728 2 -1 -1 
392 219 34 25 0.37984499335289 10 -1 -1 
1283 153 11 20 0.3794528543949127 2 -1 -1 
744 75 9 21 0.3739696145057678 2 -1 -1 
462 386 45 67 0.3724549114704132 3 -1 -1 
1049 127 11 26 0.3701702654361725 2 -1 -1 
1104 176 40 22 0.36906731128692627 7 -1 -1 
559 0 20 19 0.36673274636268616 5 -1 -1 
509 137 12 24 0.3650834262371063 2 -1 -1 
502 15 44 26 0.36431169509887695 5 -1 -1 
607 18 25 29 0.3624058961868286 5 -1 -1 
744 80 9 17 0.36143845319747925 3 -1 -1 
396 213 13 23 0.36028963327407837 2 -1 -1 
1310 138 9 19 0.358480840921402 1 -1 -1 
1142 103 52 32 0.35692861676216125 4 -1 -1 
1124 169 102 45 0.35522183775901794 7 -1 -1 
425 288 18 39 0.35375288128852844 1 -1 -1 
468 391 34 50 0.35372671484947205 2 -1 -1 
1014 117 57 36 0.34617215394973755 8 -1 -1 
1124 169 103 46 0.34551677107810974 8 -1 -1 
1310 143 8 15 0.34051597118377686 10 -1 -1 
767 81 61 32 0.33931320905685425 4 -1 -1 
62 310 94 67 0.33915939927101135 4 -1 -1 
334 104 71 34 0.33794134855270386 4 -1 -1 
1237 148 15 19 0.33397990465164185 10 -1 -1 
424 299 21 34 0.3249548375606537 3 -1 -1 
378 237 34 20 0.32276299595832825 3 -1 -1 
1116 170 19 24 0.3194398581981659 10 -1 -1 
579 154 38 48 0.31201228499412537 5 -1 -1 
900 128 25 22 0.31150221824645996 3 -1 -1 
505 10 42 23 0.3108728229999542 4 -1 -1 
1308 146 10 11 0.3097617030143738 10 -1 -1 
867 163 64 30 0.3064165711402893 4 -1 -1 
1036 176 45 40 0.306244820356369 4 -1 -1 
772 86 11 29 0.30618730187416077 1 -1 -1 
905 144 23 16 0.3059815764427185 3 -1 -1 
1151 96 52 37 0.3043326139450073 4 -1 -1 
1324 126 11 26 0.30070117115974426 1 -1 -1 
1124 169 103 46 0.297687828540802 5 -1 -1 
378 226 39 24 0.2966340482234955 10 -1 -1 
462 371 44 81 0.29536178708076477 10 -1 -1 
1271 161 21 16 0.29442358016967773 10 -1 -1 
388 215 37 29 0.2932199537754059 2 -1 -1 
587 120 31 36 0.2925929129123688 5 -1 -1 
932 136 8 17 0.29230672121047974 1 -1 -1 
1100 97 42 28 0.29141107201576233 4 -1 -1 
764 76 59 27 0.29069676995277405 5 -1 -1 
335 97 55 28 0.28801751136779785 4 -1 -1 
1327 129 12 25 0.28776630759239197 2 -1 -1 
1157 99 67 31 0.2866400182247162 4 -1 -1 
477 60 51 27 0.2863348126411438 5 -1 -1 
758 179 14 28 0.2839103937149048 1 -1 -1 
1315 120 18 26 0.2837759256362915 8 -1 -1 
780 86 62 36 0.2820146381855011 5 -1 -1 
1031 139 21 18 0.2816421687602997 3 -1 -1 
533 88 10 19 0.2808721959590912 3 -1 -1 
509 143 12 26 0.27975451946258545 3 -1 -1 
1109 174 34 23 0.27936452627182007 2 -1 -1 
938 133 11 15 0.27921727299690247 8 -1 -1 
936 134 14 14 0.27741682529449463 7 -1 -1 
510 156 12 31 0.27436554431915283 1 -1 -1 
1029 141 11 17 0.2733401358127594 3 -1 -1 
512 479 26 53 0.2730060815811157 2 -1 -1 
36 413 54 30 0.272125244140625 10 -1 -1 
916 138 25 20 0.26981133222579956 10 -1 -1 
1045 127 10 26 0.2693221867084503 1 -1 -1 
335 102 74 40 0.2663167119026184 5 -1 -1 
765 83 27 29 0.2629889249801636 1 -1 -1 
33 307 122 70 0.2624746263027191 6 -1 -1 
1298 184 48 26 0.26234301924705505 7 -1 -1 
1310 145 8 13 0.26214706897735596 1 -1 -1 
508 143 13 25 0.2619783580303192 2 -1 -1 
744 75 9 22 0.26192721724510193 10 -1 -1 
553 42 7 18 0.2610698342323303 1 -1 -1 
765 84 15 27 0.2608312964439392 1 -1 -1 
311 157 96 40 0.25150933861732483 6 -1 -1 
315 159 92 38 0.2505897581577301 7 -1 -1 
903 130 38 28 0.2487998902797699 7 -1 -1 
1124 168 102 47 0.24826723337173462 10 -1 -1 
1124 168 102 47 0.24421757459640503 4 -1 -1 
906 136 35 23 0.24389362335205078 3 -1 -1 
139 179 108 41 0.23817580938339233 5 -1 -1 
137 276 106 40 0.2358826994895935 4 -1 -1 
519 358 23 42 0.23577402532100677 10 -1 -1 
50 308 105 68 0.23275506496429443 9 -1 -1 
1315 124 34 23 0.23275263607501984 7 -1 -1 
901 122 43 30 0.23258136212825775 7 -1 -1 
518 356 22 39 0.23092082142829895 1 -1 -1 
899 127 39 30 0.22891788184642792 3 -1 -1 
28 304 129 75 0.21292980015277863 5 -1 -1 
1124 169 103 46 0.2109774798154831 2 -1 -1 
903 132 38 26 0.19844482839107513 10 -1 -1 
1014 117 57 36 0.19358228147029877 7 -1 -1 
341 209 72 44 0.1914261430501938 6 -1 -1 
906 116 41 32 0.1889897584915161 7 -1 -1 
1018 118 53 34 0.18858791887760162 6 -1 -1 
897 134 34 24 0.1882922202348709 3 -1 -1 
1124 169 103 46 0.17709457874298096 3 -1 -1 
1315 124 34 23 0.17708300054073334 8 -1 -1 
966 231 132 27 0.17642918229103088 6 -1 -1 
493 11 51 24 0.16779838502407074 5 -1 -1 
262 173 71 47 0.16541151702404022 4 -1 -1 
142 193 101 44 0.16356655955314636 4 -1 -1 
898 125 36 30 0.1622159779071808 10 -1 -1 
519 358 23 42 0.16204258799552917 3 -1 -1 
898 124 32 24 0.161881685256958 7 -1 -1 
607 18 25 29 0.15998756885528564 6 -1 -1 
898 123 33 24 0.15898896753787994 3 -1 -1 
569 21 27 27 0.15516068041324615 5 -1 -1 
305 155 102 43 0.15022893249988556 5 -1 -1 
1232 223 83 44 0.14984114468097687 4 -1 -1 
251 158 60 57 0.1493356078863144 4 -1 -1 
900 123 38 27 0.14932073652744293 8 -1 -1 
1147 97 76 35 0.14915107190608978 5 -1 -1 
1013 122 30 27 0.14539717137813568 10 -1 -1 
1245 222 97 47 0.14285023510456085 4 -1 -1 
906 116 41 32 0.14054793119430542 8 -1 -1 
3 177 48 64 0.13971194624900818 4 -1 -1 
334 91 66 39 0.1370915323495865 5 -1 -1 
315 159 92 38 0.1370476335287094 8 -1 -1 
424 288 20 39 0.13662448525428772 10 -1 -1 
0 189 132 104 0.13398759067058563 4 -1 -1 
851 159 91 32 0.13148511946201324 1 -1 -1 
81 309 74 67 0.13104784488677979 6 -1 -1 
96 310 60 66 0.13099244236946106 9 -1 -1 
909 137 32 22 0.1305467188358307 7 -1 -1 
461 357 46 93 0.1303863823413849 2 -1 -1 
122 279 120 53 0.12931731343269348 5 -1 -1 
904 130 35 27 0.12885990738868713 8 -1 -1 
335 102 74 40 0.12797047197818756 6 -1 -1 
489 10 54 26 0.12777011096477509 4 -1 -1 
44 215 92 70 0.12543036043643951 4 -1 -1 
1140 100 76 39 0.12431365996599197 4 -1 -1 
1242 222 88 39 0.12362367659807205 5 -1 -1 
111 293 105 44 0.12292779982089996 4 -1 -1 
81 309 74 67 0.12263229489326477 8 -1 -1 
1124 169 103 46 0.12203268706798553 9 -1 -1 
32 225 84 63 0.12160101532936096 4 -1 -1 
287 143 116 54 0.12140315026044846 4 -1 -1 
518 369 23 37 0.12078601121902466 7 -1 -1 
966 232 132 26 0.12064026296138763 4 -1 -1 
136 207 95 41 0.1205117255449295 1 -1 -1 
1014 128 35 26 0.12031430751085281 3 -1 -1 
897 134 34 24 0.11917153000831604 10 -1 -1 
1124 168 102 47 0.11772040277719498 1 -1 -1 
1013 120 26 30 0.11669521033763885 3 -1 -1 
1014 117 57 35 0.11610612273216248 5 -1 -1 
140 178 106 41 0.11595658212900162 1 -1 -1 
459 357 44 91 0.11526840925216675 3 -1 -1 
896 124 25 30 0.11485037207603455 3 -1 -1 
21 406 70 37 0.11466258019208908 7 -1 -1 
493 195 82 43 0.11399347335100174 5 -1 -1 
1316 123 39 24 0.11318116635084152 6 -1 -1 
990 178 92 38 0.11225781589746475 1 -1 -1 
344 209 75 42 0.10878260433673859 7 -1 -1 
1068 172 169 68 0.09624436497688293 6 -1 -1 
1089 163 140 61 0.09103898704051971 6 -1 -1 
1037 225 240 64 0.08571063727140427 6 -1 -1 
0 189 132 104 0.08424433320760727 5 -1 -1 
0 306 157 77 0.07768502831459045 9 -1 -1 
10 245 142 126 0.0753679946064949 4 -1 -1 
22 212 131 124 0.07473092526197433 4 -1 -1 
1 182 132 108 0.06272845715284348 9 -1 -1 
1071 221 272 75 0.0613972432911396 9 -1 -1 
0 210 119 114 0.05878414213657379 4 -1 -1 
1040 233 174 78 0.05773079767823219 6 -1 -1 
3 207 140 104 0.054796744138002396 6 -1 -1 
10 245 142 126 0.053503308445215225 6 -1 -1 
10 245 142 126 0.051775868982076645 9 -1 -1 
1071 221 272 75 0.050727955996990204 6 -1 -1 
55 279 117 94 0.05067238211631775 6 -1 -1 
